11852 19
48162 18
45935 17
55634 16
46546 16
50018 15
47808 14
25778 14
50099 13
43081 13
40531 13
57067 13
46474 13
12317 12
38197 12
47704 12
43871 12
45908 12
56866 12
23183 12
13398 12
24620 12
40500 12
16370 12
55788 11
47517 11
14444 11
44622 11
25667 11
23315 11
43168 11
23142 11
56045 11
56477 11
48112 11
40835 11
25061 10
51210 10
18522 10
47602 10
57189 10
25397 10
44719 10
41413 10
11812 10
43429 10
46584 10
25852 10
56123 10
56030 10
40973 10
26027 10
48285 10
56777 10
48240 10
47816 10
14029 10
24814 10
49953 10
48856 10
14059 10
40779 10
48014 10
41608 9
47647 9
57112 9
18415 9
51358 9
47721 9
50901 9
50089 9
57117 9
25864 9
56863 9
21670 9
49134 9
5 9
56356 9
57115 9
56712 9
55777 9
54386 9
56681 9
37569 9
56569 9
19165 9
25231 9
48931 9
50726 9
57421 8
50686 8
46727 8
44339 8
47494 8
15734 8
44583 8
18858 8
47837 8
23169 8
43574 8
50028 8
22537 8
57053 8
56781 8
43089 8
11814 8
57881 8
8412 8
15866 8
57070 8
54522 8
12502 8
10281 8
42532 8
50119 8
24812 8
25277 8
25528 8
25368 8
25603 8
49965 8
25285 8
19562 8
48180 8
40725 8
49945 8
45333 8
44460 7
15709 7
16393 7
45933 7
46160 7
18823 7
40601 7
8783 7
46204 7
18891 7
57492 7
44949 7
57818 7
39227 7
53985 7
7610 7
54514 7
42787 7
13581 7
12559 7
54062 7
25934 7
23448 7
25753 7
25064 7
48800 7
42333 7
46089 7
40857 7
11841 7
45112 7
21564 7
52691 7
40913 7
48712 7
48360 7
40832 7
18230 7
52230 7
57521 7
19466 7
23304 7
43747 7
18346 7
19662 7
40851 7
19579 7
48025 7
48382 7
19619 6
47620 6
49088 6
51305 6
11726 6
44732 6
47509 6
47835 6
13431 6
12578 6
45777 6
47525 6
38929 6
20011 6
48123 6
13578 6
56115 6
57380 6
43502 6
43506 6
40088 6
41374 6
49455 6
41430 6
50463 6
46364 6
43408 6
50628 6
26040 6
43785 6
50549 6
39183 6
23259 6
54348 6
23416 6
24440 6
56831 6
53966 6
13132 6
40535 6
54168 6
53963 6
43546 6
56720 6
23406 6
31938 6
55904 6
23464 6
15111 6
42991 6
23575 6
23693 6
43065 6
23900 6
32668 6
25938 6
54796 6
48683 6
13434 6
46418 6
42013 6
16541 6
39267 6
45921 6
7943 6
21464 6
54811 6
21570 6
54175 6
38319 6
45229 6
25255 6
12136 6
52249 6
18397 6
38801 6
29200 6
51854 6
25477 6
55820 6
41280 6
48099 6
30791 6
24980 6
45401 6
15900 6
16876 6
50195 6
24835 6
46199 6
13570 6
46747 6
48864 6
47309 6
46103 5
56127 5
29107 5
40979 5
19478 5
15839 5
16346 5
12324 5
15787 5
41508 5
46752 5
48314 5
44311 5
38615 5
16722 5
13414 5
13406 5
54043 5
44295 5
51460 5
45540 5
47852 5
28996 5
56150 5
43712 5
24178 5
19141 5
19535 5
25102 5
28844 5
57732 5
49092 5
19190 5
25741 5
22508 5
38213 5
57675 5
46533 5
42686 5
49303 5
49805 5
49850 5
21580 5
42915 5
50499 5
50654 5
22727 5
58165 5
50284 5
50471 5
50281 5
50250 5
60645 5
40057 5
20038 5
57364 5
50845 5
42636 5
23159 5
52311 5
54163 5
15036 5
49118 5
55655 5
56464 5
41134 5
15758 5
57352 5
21998 5
23552 5
24317 5
22047 5
21876 5
53934 5
25956 5
14048 5
16063 5
17621 5
35932 5
41912 5
25609 5
46078 5
41113 5
10498 5
37932 5
39200 5
46435 5
11844 5
13867 5
42633 5
47342 5
34996 5
48102 5
49613 5
58381 5
55620 5
42797 5
22414 5
60515 5
43737 5
52528 5
52684 5
47830 5
25825 5
55813 5
21122 5
48535 5
41265 5
55883 5
41258 5
24515 5
16420 5
15416 5
26115 5
52051 5
25531 5
40389 5
52532 5
42586 5
42618 5
25021 5
55988 5
12322 5
30804 5
42077 5
49920 5
38315 5
46219 5
40659 5
41275 5
42154 5
46673 5
18458 5
11778 5
25619 5
14140 5
54767 5
52278 5
37130 5
42683 5
28293 5
30342 4
41622 4
1779 4
55969 4
25310 4
18663 4
15486 4
12426 4
14662 4
51271 4
29115 4
12178 4
12216 4
19566 4
45838 4
16735 4
32097 4
45931 4
6594 4
13557 4
48008 4
51289 4
18981 4
25125 4
48386 4
19173 4
51131 4
51356 4
51242 4
51587 4
11830 4
15896 4
51353 4
37375 4
15030 4
30361 4
20161 4
38515 4
41489 4
44692 4
25407 4
12434 4
39744 4
41404 4
40061 4
49638 4
58471 4
15197 4
26136 4
22329 4
36930 4
17486 4
57964 4
46165 4
57307 4
20216 4
56798 4
56403 4
20226 4
44002 4
15985 4
25973 4
42670 4
13101 4
53930 4
55652 4
18099 4
43663 4
49582 4
16150 4
57729 4
54058 4
23310 4
52321 4
26089 4
54984 4
13061 4
12209 4
42621 4
12025 4
20588 4
24872 4
46058 4
12552 4
31741 4
48310 4
17141 4
46150 4
57454 4
24419 4
23500 4
24314 4
22974 4
25525 4
24933 4
18041 4
21606 4
54439 4
26072 4
31668 4
31587 4
54679 4
26059 4
43550 4
54452 4
47683 4
24664 4
8352 4
41812 4
11788 4
15032 4
40183 4
44290 4
45263 4
16884 4
41822 4
10856 4
12992 4
36843 4
10685 4
21586 4
22429 4
55811 4
25177 4
56472 4
57106 4
53160 4
38219 4
44689 4
8609 4
55594 4
56015 4
41087 4
51749 4
49009 4
26975 4
8780 4
40898 4
42783 4
52146 4
44831 4
23186 4
41220 4
37118 4
25580 4
40472 4
54764 4
18787 4
52281 4
18226 4
40750 4
17082 4
42643 4
43969 4
55474 4
28969 4
20554 4
26368 4
10185 4
45665 4
15302 4
37525 4
25217 4
18236 4
18203 4
55880 4
37799 4
50161 4
38119 4
40803 4
11090 4
11025 4
37043 4
24961 4
50974 4
24975 4
22552 4
42624 4
41955 4
42050 4
48632 4
23638 4
8359 3
24853 3
44471 3
51365 3
30504 3
15970 3
12533 3
44846 3
44542 3
12457 3
12145 3
14242 3
54079 3
59157 3
53998 3
15610 3
19533 3
44646 3
19018 3
18674 3
64478 3
31027 3
8303 3
40598 3
15697 3
16627 3
15389 3
13419 3
44530 3
19085 3
44626 3
20797 3
50692 3
25503 3
11952 3
15765 3
29510 3
40131 3
57580 3
30185 3
25084 3
13300 3
22914 3
56423 3
57616 3
58039 3
46483 3
46293 3
37069 3
56906 3
50589 3
20892 3
38193 3
53206 3
57598 3
57518 3
51266 3
38559 3
56550 3
20234 3
19362 3
43479 3
15012 3
24111 3
50339 3
22966 3
15633 3
31155 3
43491 3
54094 3
13216 3
21460 3
44717 3
49655 3
42250 3
55219 3
54952 3
55276 3
20544 3
11773 3
55058 3
16852 3
10940 3
42029 3
10267 3
20372 3
44081 3
3388 3
34517 3
11100 3
13002 3
43320 3
12675 3
43835 3
45596 3
45911 3
9116 3
12408 3
22138 3
61466 3
46022 3
47188 3
10303 3
26167 3
44335 3
22141 3
15009 3
40964 3
49770 3
18074 3
53973 3
57434 3
43265 3
49490 3
58619 3
41604 3
14836 3
53767 3
12287 3
42540 3
19756 3
51458 3
16740 3
7874 3
44467 3
38697 3
19687 3
13159 3
38049 3
49340 3
30142 3
24607 3
41695 3
15136 3
10484 3
21076 3
41436 3
42330 3
56074 3
49131 3
60513 3
42316 3
42258 3
22081 3
10058 3
25726 3
26467 3
21022 3
25756 3
47898 3
40952 3
56009 3
18768 3
55780 3
36934 3
43328 3
53109 3
58111 3
25878 3
12156 3
45313 3
10762 3
40934 3
20292 3
41198 3
42470 3
11019 3
22069 3
28217 3
42577 3
55570 3
45851 3
51293 3
49412 3
37522 3
52863 3
38972 3
29495 3
49128 3
42465 3
10785 3
40977 3
19799 3
19805 3
40854 3
19802 3
11236 3
52603 3
53086 3
51013 3
60589 3
21804 3
47441 3
48635 3
24135 3
21441 3
32037 3
12480 2
23124 2
21221 2
30414 2
13422 2
4 2
3407 2
31253 2
64523 2
15200 2
55389 2
3411 2
15213 2
48456 2
45864 2
11522 2
38700 2
28944 2
47777 2
24847 2
54367 2
61273 2
44502 2
23913 2
60943 2
10113 2
32220 2
47529 2
6780 2
29125 2
50720 2
42404 2
57711 2
50713 2
50701 2
10505 2
45007 2
50683 2
46736 2
26148 2
56694 2
59467 2
49039 2
18613 2
12607 2
57794 2
51027 2
57560 2
57653 2
21038 2
56897 2
19828 2
50877 2
28225 2
9429 2
53938 2
20680 2
56272 2
28635 2
56779 2
61478 2
16078 2
54097 2
42970 2
42246 2
12876 2
13000 2
50273 2
50728 2
11943 2
38250 2
22818 2
49507 2
51540 2
22258 2
23442 2
10597 2
23337 2
54001 2
15003 2
55229 2
15022 2
21176 2
12320 2
4531 2
22492 2
52010 2
53370 2
51031 2
12335 2
11094 2
51172 2
51127 2
6750 2
8136 2
11 2
8490 2
47229 2
47236 2
31882 2
36499 2
20329 2
15777 2
54429 2
34231 2
47169 2
46644 2
23803 2
17078 2
10477 2
49912 2
49347 2
37580 2
50022 2
49602 2
53556 2
26219 2
43554 2
18410 2
18611 2
10387 2
41094 2
49893 2
41073 2
21966 2
56262 2
43337 2
43578 2
53452 2
50113 2
7148 2
40981 2
56843 2
44323 2
44316 2
9853 2
7136 2
14246 2
7389 2
41930 2
35187 2
28888 2
39672 2
11007 2
36651 2
18871 2
14266 2
10734 2
9908 2
42305 2
15673 2
39263 2
7503 2
42890 2
34827 2
34662 2
50005 2
8425 2
10866 2
55500 2
18069 2
52319 2
53855 2
11776 2
52469 2
21843 2
13519 2
25423 2
43850 2
48160 2
10406 2
52288 2
21535 2
52918 2
21447 2
48035 2
51897 2
55493 2
44307 2
44342 2
24552 2
10473 2
40929 2
20189 2
55311 2
27997 2
21451 2
41244 2
42676 2
28173 2
10702 2
11350 2
53728 2
26471 2
21035 2
17743 2
55236 2
21493 2
19811 2
47995 2
15450 2
29141 2
49104 2
22777 2
30545 2
14134 2
37622 2
345 2
11607 2
18228 2
40633 2
20625 2
40866 2
59062 2
45773 2
20790 2
52766 2
56373 2
18692 2
54464 2
51065 2
44164 2
10574 2
13425 1
62825 1
3458 1
5832 1
64438 1
12164 1
53579 1
31994 1
8470 1
40342 1
18874 1
6531 1
6293 1
47845 1
14542 1
16141 1
32187 1
35213 1
44652 1
33987 1
6398 1
61205 1
56624 1
53468 1
54047 1
49574 1
50143 1
61382 1
49650 1
56521 1
9398 1
26715 1
61608 1
50266 1
26730 1
61301 1
28448 1
15980 1
16083 1
15869 1
19792 1
43880 1
11485 1
19461 1
50715 1
29811 1
49798 1
13093 1
15966 1
19111 1
49475 1
14742 1
43626 1
12671 1
26816 1
53995 1
44989 1
15512 1
41543 1
53838 1
45173 1
13752 1
38794 1
50695 1
15772 1
16750 1
53642 1
55454 1
23936 1
10680 1
13915 1
11791 1
2017 1
14419 1
2962 1
4538 1
11357 1
11658 1
22549 1
27863 1
18542 1
43622 1
4991 1
43865 1
43433 1
19007 1
21259 1
21528 1
26352 1
22761 1
72 1
19304 1
30274 1
36062 1
17735 1
17671 1
12998 1
60429 1
13843 1
39455 1
19299 1
21583 1
49589 1
37917 1
45890 1
43639 1
8108 1
37566 1
43558 1
30066 1
42592 1
12291 1
12645 1
30062 1
49431 1
12698 1
61221 1
50717 1
28511 1
28333 1
18589 1
56269 1
8823 1
18998 1
48599 1
19711 1
10295 1
37595 1
45078 1
52946 1
48723 1
8371 1
42665 1
39420 1
14910 1
44475 1
43399 1
43460 1
53248 1
58593 1
53091 1
60455 1
25138 1
25867 1
57716 1
43164 1
53597 1
22729 1
14627 1
51466 1
56381 1
46843 1
6961 1
6687 1
5707 1
14221 1
35261 1
49096 1
19614 1
13214 1
13193 1
24338 1
42510 1
22121 1
24712 1
35196 1
24688 1
36821 1
21236 1
24213 1
51307 1
32460 1
55667 1
36619 1
11803 1
42605 1
51122 1
51474 1
21246 1
54445 1
21130 1
42630 1
47612 1
42778 1
11193 1
54248 1
42550 1
10861 1
20420 1
15421 1
20505 1
44462 1
38611 1
13592 1
43723 1
16894 1
44734 1
40828 1
40825 1
8420 1
40232 1
44616 1
47819 1
48196 1
44272 1
48282 1
2730 1
8637 1
48148 1
47065 1
45074 1
48741 1
56175 1
48576 1
8349 1
56445 1
18781 1
37936 1
37785 1
12111 1
23090 1
50398 1
21864 1
22147 1
25533 1
47973 1
48296 1
14593 1
55266 1
51814 1
15034 1
36829 1
44505 1
52293 1
36760 1
53906 1
20865 1
52678 1
20788 1
25417 1
52338 1
49736 1
52342 1
28979 1
10781 1
20632 1
11307 1
6754 1
22193 1
26356 1
37907 1
29151 1
30114 1
37024 1
60544 1
52916 1
28886 1
53157 1
60612 1
34307 1
59268 1
59264 1
53191 1
54482 1
53969 1
2396 1
18947 1
51185 1
55815 1
55686 1
19808 1
45507 1
51302 1
