1
2
3
4
5
6
8
9
10
11
12
16
20
72
76
79
82
86
90
101
105
108
111
118
162
165
168
173
176
178
292
449
642
777
1060
1128
1258
1263
1398
1404
1478
1482
1494
1552
1559
1572
1618
1626
1636
1659
1678
1722
1725
1728
1731
1736
1740
1744
1747
1750
1753
1757
1760
1763
1766
1769
1772
1779
1782
1785
1788
1791
1794
1798
1801
1807
1810
1814
1939
1960
1973
1977
1980
1983
1986
1989
1999
2008
2017
2053
2065
2095
2125
2128
2135
2138
2141
2156
2167
2182
2218
2240
2257
2271
2279
2284
2289
2296
2315
2352
2367
2373
2377
2389
2401
2450
2462
2466
2478
2496
2526
2531
2540
2543
2547
2551
2624
2646
2651
2655
2666
2695
2734
2737
2762
2775
2832
2835
2838
2860
2924
2930
2933
2956
3013
3016
3019
3091
3093
3179
3376
3379
3382
3385
3388
3392
3395
3398
3401
3404
3408
3412
3416
3420
3424
3430
3432
3435
3440
3443
3446
3449
3452
3455
3458
3461
3464
3467
3469
3472
3475
3477
3479
3482
3548
3551
3555
3564
3568
3572
3587
3629
3655
3658
3661
3666
3670
3674
3678
3695
3703
3769
3773
3777
3781
3804
3808
3843
3868
3881
3912
3919
3923
3932
3947
3985
4003
4007
4018
4040
4044
4055
4059
4066
4073
4127
4133
4137
4150
4154
4172
4182
4186
4217
4247
4268
4272
4276
4289
4292
4300
4332
4341
4381
4385
4389
4397
4401
4406
4410
4448
4453
4471
4490
4500
4507
4510
4516
4552
4556
4564
4575
4597
4600
4608
4642
4650
4659
4680
4683
4715
4752
4755
4758
4766
4769
4805
4808
4818
4821
4832
4861
4864
4868
4875
4900
4909
4912
4942
4949
4952
4982
5012
5028
5032
5039
5043
5047
5050
5053
5060
5063
5066
5070
5073
5076
5086
5089
5092
5095
5098
5104
5108
5113
5117
5121
5125
5129
5189
5199
5222
5260
5264
5268
5272
5278
5281
5285
5288
5291
5301
5358
5370
5373
5377
5397
5413
5416
5430
5433
5436
5439
5442
5494
5505
5508
5516
5519
5522
5558
5572
5575
5578
5581
5591
5607
5630
5646
5660
5680
5684
5693
5700
5708
5711
5714
5717
5721
5739
5804
5808
5811
5825
5830
5833
5839
5843
5847
5861
5876
5903
5924
5928
5931
5946
5959
6001
6009
6017
6024
6028
6030
6040
6043
6057
6069
6084
6096
6105
6123
6141
6144
6160
6165
6178
6199
6232
6235
6250
6253
6256
6267
6274
6314
6318
6324
6330
6333
6336
6347
6388
6392
6418
6428
6431
6457
6464
6480
6492
6513
6519
6543
6549
6568
6588
6593
6597
6603
6670
6679
6682
6685
6688
6691
6694
6697
6701
6704
6707
6710
6714
6719
6724
6728
6736
6739
6742
6744
6747
6750
6753
6757
6760
6763
6766
6769
6771
6774
6777
6780
6782
6785
6861
6865
6869
6873
6883
6901
6904
6907
6930
6940
6948
6970
6974
6980
6987
7058
7061
7078
7093
7096
7137
7149
7172
7179
7182
7204
7207
7215
7237
7240
7269
7279
7289
7303
7310
7319
7343
7351
7367
7376
7402
7414
7433
7441
7448
7478
7493
7501
7505
7526
7537
7552
7561
7569
7611
7618
7622
7640
7652
7680
7684
7700
7704
7727
7752
7757
7780
7810
7820
7827
7839
7847
7854
7867
7875
7888
7902
7910
7941
7944
7954
7975
7987
8022
8024
8031
8041
8080
8083
8092
8108
8132
8145
8160
8180
8185
8205
8215
8226
8232
8242
8269
8276
8297
8330
8332
8335
8338
8343
8346
8349
8352
8355
8358
8361
8364
8367
8370
8374
8377
8381
8389
8395
8399
8404
8408
8412
8420
8424
8430
8434
8443
8446
8449
8456
8459
8462
8465
8468
8471
8475
8477
8479
8482
8485
8488
8491
8494
8508
8601
8611
8619
8622
8625
8631
8637
8640
8644
8661
8687
8701
8709
8768
8779
8785
8793
8797
8806
8822
8839
8852
8862
8864
8869
8879
8906
8921
8930
8938
8950
8961
8970
8979
8981
8988
9010
9020
9038
9044
9049
9086
9101
9110
9117
9120
9124
9138
9155
9182
9188
9199
9213
9225
9234
9246
9282
9288
9314
9354
9397
9400
9418
9429
9459
9473
9483
9489
9502
9511
9527
9532
9537
9545
9550
9561
9587
9608
9627
9632
9641
9666
9672
9679
9689
9702
9708
9742
9745
9755
9762
9774
9799
9817
9829
9832
9834
9860
9875
9895
9903
9905
9923
9940
9962
9977
9994
10023
10040
10045
10049
10053
10058
10063
10068
10072
10076
10080
10084
10088
10094
10096
10098
10100
10102
10104
10106
10110
10114
10117
10119
10121
10123
10126
10129
10131
10133
10136
10139
10143
10146
10151
10154
10157
10160
10163
10167
10170
10173
10176
10179
10182
10185
10190
10192
10194
10198
10202
10265
10269
10273
10278
10283
10288
10294
10298
10302
10306
10371
10376
10382
10385
10391
10396
10402
10409
10439
10486
10497
10509
10523
10621
10626
10631
10636
10651
10688
10726
10736
10741
10763
10775
10791
10823
10827
10850
10856
10873
10877
10888
10900
10906
10935
10952
10956
10960
10979
10986
11008
11012
11031
11055
11083
11095
11101
11112
11122
11133
11153
11159
11162
11174
11198
11202
11210
11213
11220
11237
11254
11257
11262
11277
11295
11300
11303
11318
11321
11342
11354
11362
11375
11378
11385
11428
11432
11435
11438
11448
11478
11487
11496
11503
11505
11507
11520
11543
11550
11552
11557
11597
11599
11601
11603
11621
11665
11669
11682
11686
11698
11703
11720
11728
11749
11752
11755
11758
11761
11763
11766
11770
11773
11776
11779
11781
11783
11786
11789
11792
11794
11796
11798
11804
11806
11809
11811
11813
11815
11818
11821
11823
11830
11832
11834
11837
11840
11843
11846
11849
11852
11910
11912
11943
11968
11972
11975
11977
11979
11981
11984
11987
11989
11991
12005
12008
12010
12023
12046
12054
12065
12103
12123
12129
12131
12133
12136
12140
12150
12158
12160
12175
12187
12191
12193
12195
12205
12212
12214
12217
12273
12276
12280
12294
12297
12304
12317
12324
12328
12330
12332
12346
12352
12354
12367
12379
12381
12383
12393
12401
12403
12409
12431
12459
12477
12482
12484
12497
12503
12505
12507
12515
12521
12531
12537
12551
12553
12595
12604
12667
12742
12771
12775
12779
12800
12818
12822
12826
12873
12876
12880
12886
12906
12913
12921
12939
12945
12949
12993
13005
13023
13026
13028
13035
13040
13056
13076
13083
13088
13090
13102
13109
13134
13151
13164
13168
13183
13195
13216
13218
13229
13240
13248
13255
13281
13283
13285
13288
13290
13314
13322
13339
13346
13357
13374
13384
13399
13402
13405
13407
13409
13411
13414
13418
13420
13422
13425
13428
13431
13435
13438
13440
13443
13446
13449
13510
13513
13541
13569
13572
13574
13577
13582
13584
13591
13596
13599
13606
13617
13632
13661
13674
13677
13695
13715
13720
13735
13737
13740
13749
13752
13758
13772
13775
13778
13781
13791
13809
13841
13844
13859
13872
13876
13881
13884
13895
13898
13901
13908
13914
13962
13965
13976
13979
13994
14012
14018
14034
14040
14065
14075
14092
14095
14099
14101
14105
14121
14144
14165
14178
14188
14194
14197
14219
14225
14239
14242
14246
14249
14259
14302
14310
14330
14334
14343
14349
14352
14355
14359
14372
14401
14410
14438
14446
14449
14452
14455
14460
14499
14525
14532
14537
14540
14543
14546
14551
14578
14592
14610
14623
14627
14658
14665
14670
14676
14686
14697
14703
14735
14737
14746
14751
14770
14825
14828
14875
14880
14898
14909
14917
14934
14960
14980
14995
14998
15001
15004
15007
15010
15013
15016
15018
15020
15023
15025
15027
15030
15033
15036
15039
15041
15043
15045
15105
15108
15113
15117
15123
15140
15144
15147
15156
15180
15183
15186
15189
15202
15204
15213
15216
15219
15227
15247
15251
15275
15281
15294
15304
15317
15327
15337
15340
15347
15357
15369
15372
15379
15382
15392
15399
15414
15423
15433
15436
15443
15450
15465
15474
15477
15493
15500
15514
15518
15534
15543
15556
15569
15572
15593
15607
15630
15633
15645
15648
15657
15668
15682
15694
15702
15705
15731
15738
15751
15754
15762
15781
15786
15816
15829
15836
15860
15863
15879
15886
15904
15925
15936
15947
15950
15963
15966
15969
15975
15988
16007
16013
16034
16038
16051
16076
16087
16101
16105
16141
16145
16162
16168
16177
16194
16226
16229
16239
16246
16250
16258
16261
16267
16294
16301
16304
16337
16389
16392
16401
16414
16425
16446
16459
16490
16507
16527
16592
16596
16600
16604
16608
16612
16616
16622
16626
16630
16633
16636
16639
16702
16706
16709
16712
16715
16718
16722
16746
16750
16779
16782
16785
16789
16825
16828
16858
16868
16899
16903
16932
16936
16940
16944
16956
16965
17016
17020
17024
17028
17034
17038
17041
17045
17101
17106
17111
17114
17117
17120
17123
17129
17171
17177
17180
17183
17186
17201
17204
17208
17211
17257
17263
17276
17285
17288
17291
17302
17309
17315
17321
17336
17339
17392
17397
17441
17453
17496
17501
17505
17509
17523
17528
17549
17566
17609
17612
17616
17627
17630
17653
17696
17701
17734
17737
17747
17758
17789
17798
17819
17839
17848
17855
17867
17912
17926
17966
17971
18008
18029
18035
18039
18058
18076
18083
18099
18114
18132
18146
18152
18187
18196
18198
18203
18205
18207
18210
18213
18216
18219
18221
18223
18226
18228
18231
18234
18238
18361
18369
18372
18376
18378
18380
18382
18388
18391
18394
18397
18400
18406
18411
18427
18438
18467
18469
18499
18524
18532
18534
18536
18542
18545
18553
18571
18577
18600
18610
18612
18627
18638
18651
18664
18676
18680
18688
18690
18708
18724
18739
18758
18763
18778
18795
18818
18821
18824
18826
18855
18859
18863
18872
18875
18883
18886
18935
18941
18950
18953
18971
18978
18985
18987
18989
18996
19052
19058
19061
19070
19072
19075
19084
19092
19103
19106
19117
19147
19158
19166
19169
19208
19211
19214
19229
19231
19250
19256
19260
19269
19272
19297
19306
19308
19310
19312
19353
19359
19362
19379
19396
19411
19413
19426
19443
19460
19477
19491
19495
19499
19510
19512
19539
19543
19552
19558
19563
19594
19600
19607
19615
19621
19623
19663
19680
19685
19687
19708
19723
19741
19748
19783
19787
19789
19791
19794
19797
19800
19803
19806
19809
19812
19815
19818
19821
19824
19827
19831
19851
19891
19958
19961
19968
19971
20005
20007
20035
20061
20066
20079
20082
20091
20114
20122
20125
20127
20145
20166
20183
20211
20219
20224
20226
20237
20249
20262
20270
20280
20292
20326
20335
20353
20359
20361
20384
20388
20401
20409
20415
20462
20488
20491
20494
20501
20541
20546
20549
20565
20574
20577
20608
20620
20624
20629
20632
20646
20656
20699
20704
20706
20739
20768
20781
20784
20807
20828
20830
20835
20850
20853
20877
20880
20901
20915
20939
20943
21001
21033
21035
21038
21045
21048
21056
21068
21091
21097
21113
21125
21142
21145
21163
21171
21210
21212
21245
21253
21266
21287
21299
21331
21359
21383
21402
21414
21435
21437
21439
21441
21443
21445
21447
21449
21451
21453
21455
21458
21460
21462
21465
21468
21471
21474
21476
21479
21481
21484
21491
21493
21496
21499
21502
21505
21508
21511
21515
21523
21527
21531
21534
21537
21540
21547
21553
21556
21559
21564
21567
21570
21576
21579
21582
21587
21590
21595
21665
21669
21671
21673
21676
21679
21682
21686
21737
21746
21748
21750
21752
21762
21772
21780
21783
21793
21795
21808
21810
21812
21826
21829
21842
21848
21856
21867
21878
21883
21890
21900
21904
21924
21934
21936
21951
21956
21958
21961
21963
21990
21992
21996
22021
22027
22034
22049
22065
22069
22076
22078
22082
22091
22099
22101
22130
22157
22160
22162
22176
22182
22191
22198
22227
22229
22244
22249
22252
22254
22273
22278
22282
22289
22316
22324
22332
22374
22383
22391
22393
22397
22401
22427
22433
22441
22452
22481
22492
22494
22498
22501
22503
22507
22512
22519
22556
22565
22577
22585
22592
22595
22601
22620
22638
22640
22654
22660
22662
22673
22687
22694
22696
22728
22730
22741
22746
22748
22760
22777
22779
22781
22783
22792
22814
22820
22851
22870
22876
22902
22904
22908
22917
22941
22962
22965
22967
23007
23009
23015
23017
23019
23055
23065
23069
23083
23088
23107
23109
23142
23144
23146
23148
23150
23152
23155
23158
23161
23163
23165
23167
23171
23173
23176
23179
23182
23185
23188
23190
23192
23194
23262
23277
23284
23287
23290
23295
23298
23301
23307
23311
23318
23321
23324
23327
23334
23366
23388
23391
23397
23400
23407
23413
23420
23432
23435
23445
23456
23466
23473
23475
23477
23487
23497
23500
23503
23538
23540
23543
23558
23566
23577
23579
23596
23600
23603
23628
23636
23639
23646
23676
23678
23687
23695
23705
23718
23729
23735
23744
23800
23804
23810
23812
23818
23821
23837
23873
23881
23886
23890
23897
23899
23903
23932
23935
23946
23953
23959
23963
23968
23988
24004
24009
24014
24016
24021
24048
24055
24060
24062
24074
24080
24082
24086
24100
24112
24114
24128
24138
24177
24188
24193
24197
24200
24204
24212
24214
24219
24228
24267
24282
24284
24286
24292
24308
24318
24323
24325
24332
24349
24355
24368
24372
24378
24396
24400
24402
24417
24431
24439
24444
24451
24453
24471
24486
24488
24492
24495
24498
24500
24512
24539
24555
24567
24570
24572
24580
24594
24609
24621
24644
24651
24661
24674
24680
24697
24702
24704
24722
24802
24805
24808
24811
24828
24833
24848
24850
24853
24867
24870
24873
24878
24884
24892
24895
24897
24909
24912
24915
24928
24932
24942
24986
25004
25007
25014
25031
25033
25045
25048
25059
25074
25085
25089
25105
25110
25113
25124
25126
25150
25169
25175
25178
25183
25186
25189
25191
25193
25202
25205
25212
25245
25260
25263
25268
25271
25279
25281
25283
25288
25309
25319
25329
25335
25346
25350
25354
25356
25359
25367
25369
25394
25406
25413
25423
25427
25431
25438
25441
25445
25474
25492
25504
25510
25517
25519
25523
25545
25552
25560
25570
25578
25594
25603
25617
25622
25625
25637
25642
25649
25655
25669
25701
25709
25711
25720
25740
25751
25760
25766
25774
25808
25826
25833
25848
25864
25873
25881
25885
25889
25894
25904
25918
25923
25935
25939
25946
25954
25958
25967
25973
25976
25988
25994
26006
26015
26020
26026
26051
26054
26058
26063
26092
26096
26101
26127
26131
26150
26153
26162
26206
26215
26234
26299
26338
26341
26344
26348
26357
26362
26404
26408
26419
26423
26426
26429
26432
26458
26465
26494
26520
26525
26564
26579
26582
26586
26622
26708
26713
26721
26726
26730
26763
26816
26907
27821
27824
27826
27828
27831
27834
27837
27840
27843
27846
27848
27850
27852
27856
27859
27862
27865
27868
27928
27945
27948
27951
27954
27962
27965
27986
27989
27993
27995
28021
28024
28026
28050
28052
28055
28063
28092
28095
28100
28109
28112
28121
28140
28153
28155
28165
28174
28182
28194
28197
28211
28220
28265
28275
28286
28288
28292
28296
28302
28308
28316
28319
28337
28341
28345
28351
28360
28369
28380
28393
28398
28412
28427
28429
28433
28440
28450
28454
28459
28461
28468
28479
28487
28490
28499
28513
28517
28557
28566
28571
28575
28581
28583
28587
28589
28595
28600
28603
28609
28618
28645
28651
28655
28660
28663
28681
28704
28707
28721
28724
28727
28730
28733
28736
28738
28779
28784
28786
28789
28793
28796
28801
28806
28810
28816
28838
28846
28856
28859
28862
28865
28874
28881
28901
28904
28909
28919
28922
28925
28943
28959
28968
28982
28985
28994
29000
29018
29031
29037
29040
29043
29051
29072
29075
29081
29091
29094
29104
29109
29121
29124
29150
29153
29158
29169
29186
29209
29213
29217
29221
29244
29253
29256
29264
29266
29302
29305
29324
29327
29342
29361
29374
29387
29475
29487
29509
29519
29542
29545
29548
29551
29554
29558
29566
29568
29579
29584
29629
29638
29642
29648
29659
29665
29667
29673
29682
29685
29694
29701
29704
29706
29725
29737
29740
29760
29768
29783
29806
29811
29818
29827
29833
29836
29839
29845
29848
29861
29868
29875
29889
29897
29901
29923
29926
29929
29932
29939
29954
29981
29986
29989
29992
29995
30000
30012
30015
30046
30069
30076
30082
30097
30115
30120
30126
30131
30135
30143
30146
30152
30190
30196
30202
30208
30219
30222
30225
30231
30237
30243
30264
30293
30295
30302
30306
30309
30312
30314
30319
30333
30339
30359
30363
30365
30370
30377
30380
30385
30405
30407
30415
30421
30427
30433
30441
30461
30467
30475
30480
30483
30486
30494
30507
30521
30526
30529
30552
30567
30570
30583
30586
30590
30599
30603
30643
30655
30660
30663
30689
30692
30695
30702
30707
30720
30730
30734
30746
30769
30776
30779
30792
30802
30807
30827
30836
30839
30869
30872
30900
30903
30926
30940
31010
31014
31018
31023
31028
31032
31036
31040
31044
31057
31075
31105
31123
31134
31142
31146
31150
31154
31162
31178
31183
31189
31224
31232
31243
31258
31262
31271
31276
31287
31296
31299
31302
31327
31330
31333
31339
31354
31370
31390
31405
31408
31430
31442
31445
31479
31485
31494
31527
31542
31578
31608
31616
31624
31638
31652
31660
31674
31696
31704
31719
31721
31747
31754
31756
31778
31799
31818
31821
31830
31832
31874
31882
31885
31901
31904
31906
31913
31925
31928
31944
31968
31971
31974
32011
32022
32025
32034
32050
32069
32073
32093
32106
32122
32131
32152
32155
32165
32172
32185
32199
32207
32212
32228
32246
32278
32287
32309
32333
32336
32343
32365
32376
32383
32393
32417
32425
32493
32494
32495
32496
32497
32498
32501
32502
32503
32504
32507
32511
32563
32566
32569
32572
32575
32580
32583
32586
32589
32598
32601
32610
32613
32653
32661
32664
32667
32670
32785
33180
33552
33620
33659
33784
33838
33871
33894
33915
33965
33990
34005
34047
34057
34080
34086
34114
34138
34143
34194
34216
34219
34222
34226
34229
34233
34236
34239
34241
34243
34246
34250
34253
34256
34259
34262
34265
34271
34274
34277
34281
34284
34288
34292
34300
34304
34307
34440
34457
34461
34464
34467
34470
34476
34479
34482
34490
34496
34503
34506
34587
34596
34602
34617
34621
34625
34628
34631
34697
34720
34731
34734
34750
34753
34756
34762
34773
34811
34816
34822
34834
34851
34871
34891
34902
34908
34929
34948
34983
35021
35034
35056
35067
35071
35082
35098
35115
35118
35141
35143
35150
35196
35219
35226
35264
35301
35329
35355
35364
35389
35398
35421
35454
35485
35505
35533
35560
35563
35629
35868
35871
35875
35879
35883
35887
35890
35894
35897
35900
35904
35908
35912
35916
35923
35926
35929
35932
35935
35938
35941
35944
35947
35951
35954
35957
35960
35963
35968
35970
35972
35974
36042
36046
36050
36057
36083
36089
36107
36113
36117
36123
36144
36148
36152
36155
36178
36214
36219
36223
36237
36251
36277
36295
36309
36330
36360
36364
36368
36372
36393
36398
36404
36423
36447
36472
36478
36495
36499
36503
36507
36511
36534
36559
36564
36580
36592
36626
36630
36637
36640
36662
36685
36714
36745
36749
36757
36761
36766
36779
36827
36838
36843
36854
36858
36867
36871
36882
36912
36926
36937
36942
36949
36985
36999
37005
37010
37024
37044
37058
37069
37077
37095
37128
37132
37136
37144
37148
37177
37205
37209
37213
37222
37249
37266
37275
37279
37291
37315
37338
37342
37348
37351
37371
37376
37400
37405
37430
37447
37453
37456
37483
37521
37525
37530
37533
37536
37539
37542
37546
37550
37554
37558
37562
37565
37568
37575
37579
37582
37586
37590
37594
37597
37601
37604
37607
37611
37615
37621
37624
37709
37722
37741
37750
37753
37756
37765
37768
37771
37779
37782
37785
37810
37826
37864
37881
37902
37905
37908
37919
37922
37925
37934
37937
37941
37966
37977
37995
38008
38028
38048
38051
38058
38064
38067
38079
38084
38108
38116
38145
38167
38192
38199
38202
38216
38227
38238
38248
38251
38272
38296
38299
38303
38316
38367
38370
38373
38382
38386
38397
38400
38402
38415
38418
38431
38443
38461
38484
38488
38495
38507
38510
38515
38527
38536
38548
38588
38594
38602
38611
38624
38630
38633
38646
38650
38669
38689
38692
38706
38710
38714
38725
38728
38745
38761
38766
38778
38787
38807
38810
38825
38848
38853
38864
38883
38891
38919
38921
38925
38931
38933
38935
38949
38965
38991
38994
39007
39036
39043
39046
39068
39071
39087
39101
39107
39120
39145
39179
39182
39186
39191
39196
39201
39205
39209
39213
39217
39227
39229
39232
39235
39238
39241
39244
39247
39253
39256
39259
39261
39263
39268
39271
39274
39277
39339
39342
39351
39356
39361
39365
39369
39373
39377
39385
39400
39448
39457
39465
39469
39473
39477
39481
39503
39513
39536
39541
39568
39576
39579
39602
39610
39632
39639
39648
39654
39663
39666
39670
39676
39684
39705
39721
39734
39746
39759
39763
39771
39788
39801
39823
39836
39849
39853
39857
39883
39887
39890
39905
39909
39937
39955
39966
39975
39982
39987
40012
40032
40048
40057
40060
40064
40090
40093
40106
40121
40138
40147
40170
40178
40197
40209
40222
40227
40238
40251
40275
40279
40282
40288
40329
40341
40349
40363
40367
40375
40382
40388
40420
40429
40435
40438
40468
40473
40481
40504
40513
40516
40549
40555
40559
40575
40602
40614
40620
40657
40670
40710
40718
40737
40757
40771
40787
40823
40826
40828
40830
40833
40835
40838
40841
40844
40847
40850
40853
40856
40859
40862
40865
40868
40871
40874
40885
40889
40893
40897
40901
40905
40909
40914
40919
40923
40934
40936
40938
40940
40942
40944
40947
40950
40953
40956
40959
40962
40965
40969
40971
40973
40976
40979
40982
40985
41094
41100
41104
41109
41113
41116
41121
41124
41128
41131
41134
41139
41142
41197
41217
41220
41223
41241
41251
41258
41261
41264
41277
41283
41287
41295
41320
41348
41366
41374
41379
41388
41391
41406
41409
41430
41433
41442
41459
41462
41471
41496
41513
41520
41529
41532
41546
41560
41568
41580
41587
41597
41615
41619
41638
41649
41670
41677
41694
41706
41714
41724
41727
41738
41741
41770
41795
41799
41812
41840
41843
41856
41859
41872
41883
41922
41926
41946
41983
41987
42022
42025
42028
42036
42070
42086
42111
42119
42125
42166
42174
42187
42195
42209
42216
42248
42255
42269
42282
42285
42310
42334
42341
42363
42366
42387
42411
42416
42434
42442
42469
42487
42510
42526
42532
42536
42541
42546
42551
42555
42560
42564
42568
42572
42577
42587
42590
42593
42596
42599
42601
42603
42605
42608
42611
42613
42616
42619
42626
42632
42635
42642
42644
42647
42650
42653
42656
42659
42662
42665
42668
42671
42674
42677
42680
42682
42689
42694
42761
42766
42772
42777
42782
42791
42796
42807
42811
42842
42879
42883
42915
42941
42972
42980
43024
43034
43046
43064
43068
43160
43165
43189
43215
43252
43267
43273
43277
43300
43328
43354
43365
43386
43391
43400
43410
43435
43444
43466
43471
43488
43518
43560
43627
43665
43678
43691
43714
43726
43729
43732
43766
43799
43815
43818
43849
43852
43861
43864
43903
43909
43931
43939
43949
43975
43988
44000
44015
44032
44038
44044
44071
44073
44113
44119
44126
44150
44166
44172
44179
44184
44206
44217
44225
44242
44245
44248
44251
44254
44256
44259
44261
44266
44268
44270
44273
44275
44277
44279
44281
44284
44286
44288
44290
44298
44300
44302
44305
44308
44312
44314
44316
44318
44320
44322
44324
44326
44329
44332
44335
44338
44341
44344
44459
44461
44463
44465
44467
44469
44474
44476
44483
44486
44491
44493
44495
44504
44507
44524
44553
44584
44602
44615
44617
44619
44621
44623
44629
44636
44638
44644
44656
44659
44674
44677
44690
44696
44762
44766
44768
44778
44788
44794
44799
44805
44811
44818
44826
44837
44843
44848
44865
44874
44911
44944
44956
44964
44967
45000
45002
45036
45053
45061
45072
45086
45115
45119
45122
45167
45187
45200
45207
45218
45225
45232
45234
45262
45264
45305
45307
45314
45317
45345
45354
45357
45367
45375
45395
45397
45412
45470
45475
45477
45479
45486
45495
45524
45536
45541
45543
45571
45578
45581
45584
45597
45610
45622
45638
45649
45652
45661
45695
45706
45708
45711
45723
45748
45761
45781
45803
45806
45813
45831
45848
45875
45890
45893
45895
45898
45901
45903
45905
45907
45911
45914
45917
45920
45923
45926
45929
45932
45935
45938
45997
46005
46009
46018
46022
46025
46030
46045
46065
46067
46069
46073
46086
46089
46094
46111
46115
46132
46144
46155
46199
46202
46213
46218
46221
46226
46235
46257
46273
46296
46303
46312
46317
46335
46347
46355
46367
46378
46408
46416
46421
46433
46439
46442
46457
46472
46475
46490
46512
46526
46542
46547
46552
46564
46567
46600
46603
46618
46621
46627
46637
46673
46686
46689
46692
46694
46700
46709
46721
46742
46753
46756
46773
46821
46838
46843
46861
46864
46867
46880
46883
46909
46945
46960
46964
46968
46972
46980
47005
47023
47026
47030
47038
47046
47062
47081
47085
47093
47098
47136
47142
47149
47170
47214
47220
47223
47227
47239
47252
47278
47283
47286
47317
47327
47337
47362
47373
47402
47426
47487
47490
47493
47497
47500
47503
47505
47507
47509
47511
47514
47517
47519
47521
47524
47526
47529
47532
47536
47594
47598
47601
47604
47609
47613
47640
47644
47660
47669
47672
47674
47677
47687
47689
47700
47706
47709
47718
47736
47748
47775
47779
47785
47802
47808
47811
47816
47818
47863
47874
47878
47882
47886
47889
47893
47899
47914
47917
47920
47944
47954
47958
47972
47977
47980
47983
47987
48007
48011
48016
48021
48040
48081
48093
48099
48102
48105
48108
48113
48116
48119
48122
48128
48154
48174
48180
48185
48188
48192
48203
48206
48210
48254
48263
48268
48276
48279
48282
48286
48290
48332
48346
48352
48361
48366
48380
48387
48393
48401
48428
48432
48442
48448
48455
48470
48492
48501
48521
48531
48533
48545
48549
48568
48575
48588
48594
48611
48621
48627
48629
48653
48667
48670
48677
48684
48708
48714
48724
48727
48737
48748
48757
48768
48771
48799
48802
48830
48838
48842
48845
48876
48881
48888
48903
48913
48924
48933
48955
48984
49005
49008
49022
49056
49084
49088
49092
49096
49100
49104
49107
49110
49115
49118
49121
49127
49130
49196
49207
49225
49230
49234
49239
49243
49252
49256
49264
49268
49272
49328
49336
49362
49368
49372
49384
49395
49406
49425
49429
49463
49469
49487
49497
49506
49520
49525
49530
49541
49560
49602
49610
49616
49621
49627
49630
49636
49653
49658
49664
49693
49722
49733
49744
49768
49789
49848
49863
49868
49882
49892
49911
49914
49924
49956
49965
49976
49995
50006
50021
50026
50034
50053
50064
50072
50075
50084
50092
50101
50112
50128
50137
50153
50163
50189
50197
50204
50210
50230
50245
50251
50254
50266
50285
50290
50303
50308
50357
50363
50384
50398
50440
50464
50469
50477
50500
50521
50547
50551
50582
50590
50605
50629
50644
50680
50683
50686
50689
50692
50695
50698
50701
50703
50705
50707
50709
50712
50717
50720
50723
50726
50728
50730
50863
50866
50871
50874
50892
50902
50905
50907
50909
50912
50921
50980
50983
50985
50991
50994
51002
51027
51038
51062
51065
51082
51102
51105
51119
51126
51128
51135
51137
51169
51201
51206
51218
51224
51259
51266
51274
51276
51287
51306
51316
51336
51340
51342
51352
51356
51375
51387
51404
51407
51433
51438
51465
51507
51516
51522
51526
51534
51537
51548
51567
51569
51581
51588
51591
51595
51620
51633
51637
51645
51649
51659
51688
51691
51696
51704
51732
51734
51749
51752
51759
51772
51774
51779
51793
51800
51813
51833
51857
51875
51888
51911
51918
51925
51932
51935
51953
51967
51981
51987
51994
52007
52023
52047
52073
52089
52113
52122
52127
52156
52161
52164
52186
52203
52208
52212
52239
52276
52279
52281
52284
52287
52290
52293
52296
52299
52302
52305
52311
52313
52316
52318
52320
52322
52341
52450
52459
52496
52508
52518
52522
52551
52555
52567
52584
52611
52621
52629
52632
52651
52653
52656
52659
52669
52711
52716
52723
52726
52738
52751
52754
52758
52769
52777
52783
52804
52810
52814
52827
52846
52866
52869
52879
52894
52896
52904
52943
52946
52954
52980
53026
53030
53034
53039
53046
53053
53090
53107
53110
53114
53118
53124
53138
53140
53167
53176
53187
53194
53198
53201
53227
53266
53270
53308
53331
53335
53338
53374
53399
53409
53433
53466
53502
53520
53526
53528
53536
53557
53560
53589
53602
53608
53637
53641
53652
53685
53699
53704
53716
53780
53823
53858
53872
53927
53930
53932
53934
53936
53938
53941
53943
53945
53947
53949
53952
53955
53957
53959
53962
53964
53966
53969
53972
53977
53982
53990
53993
53996
53999
54002
54005
54008
54012
54017
54021
54024
54028
54031
54039
54042
54046
54049
54052
54058
54061
54064
54067
54071
54074
54077
54080
54084
54098
54148
54158
54161
54166
54171
54175
54206
54217
54221
54229
54232
54235
54237
54239
54243
54249
54251
54256
54265
54278
54283
54322
54332
54339
54364
54375
54378
54380
54391
54393
54395
54401
54403
54420
54423
54437
54454
54475
54499
54515
54517
54521
54534
54536
54548
54550
54565
54578
54601
54615
54621
54637
54657
54662
54683
54685
54691
54703
54708
54710
54715
54748
54754
54760
54773
54792
54827
54837
54860
54863
54893
54906
54909
54948
54962
54964
54974
54981
54986
54988
54990
54994
54996
55005
55013
55018
55027
55042
55049
55054
55078
55084
55089
55092
55103
55106
55127
55131
55141
55144
55149
55164
55181
55183
55185
55199
55206
55217
55220
55230
55243
55250
55263
55266
55274
55286
55294
55298
55302
55330
55345
55349
55360
55375
55378
55392
55415
55426
55438
55440
55466
55511
55517
55548
55551
55569
55575
55582
55601
55603
55620
55634
55636
55639
55641
55643
55646
55648
55650
55652
55654
55656
55658
55660
55662
55664
55666
55670
55673
55676
55679
55681
55685
55690
55747
55750
55774
55782
55785
55788
55791
55794
55808
55810
55822
55825
55829
55832
55857
55859
55868
55894
55901
55905
55922
55925
55930
55934
55937
55939
55948
55963
55965
55977
55982
55992
56000
56006
56009
56018
56028
56035
56044
56060
56086
56088
56094
56111
56115
56119
56125
56128
56144
56150
56156
56168
56176
56178
56183
56185
56218
56226
56232
56234
56250
56252
56254
56256
56259
56264
56280
56291
56304
56315
56343
56348
56352
56354
56360
56362
56370
56377
56382
56397
56413
56419
56454
56460
56468
56481
56494
56496
56501
56503
56512
56523
56528
56542
56546
56580
56588
56602
56607
56621
56626
56629
56640
56648
56651
56653
56677
56683
56695
56702
56704
56712
56721
56723
56730
56749
56751
56756
56775
56778
56790
56797
56799
56801
56813
56838
56846
56859
56868
56870
56876
56879
56881
56883
56888
56899
56917
56919
56921
56927
56940
56954
56956
56959
56961
56971
56973
56988
57008
57013
57020
57023
57026
57036
57051
57066
57071
57085
57090
57096
57098
57115
57132
57134
57136
57139
57154
57156
57170
57185
57196
57198
57215
57227
57287
57294
57298
57300
57320
57324
57343
57345
57360
57363
57365
57369
57376
57386
57389
57406
57424
57427
57432
57451
57453
57455
57468
57471
57486
57489
57495
57497
57499
57524
57527
57541
57557
57583
57585
57587
57600
57614
57617
57623
57626
57639
57650
57652
57666
57675
57679
57688
57691
57702
57706
57710
57716
57723
57727
57729
57739
57741
57749
57758
57776
57797
57800
57804
57806
57811
57816
57826
57861
57864
57877
57883
57886
57890
57892
57899
57914
57929
57937
57943
57961
57964
57967
57975
57979
57985
57987
57996
58008
58011
58038
58041
58043
58045
58052
58055
58069
58072
58097
58099
58112
58123
58126
58129
58150
58160
58167
58170
58177
58192
58206
58230
58233
58254
58258
58267
58270
58280
58283
58291
58294
58306
58317
58326
58330
58339
58342
58346
58352
58382
58385
58394
58401
58404
58410
58425
58437
58441
58455
58471
58474
58484
58490
58504
58519
58522
58530
58533
58561
58564
58567
58570
58574
58595
58600
58604
58608
58630
58636
58640
58643
58661
58667
58670
58711
58847
58853
58879
58883
58888
58910
58914
58917
58923
58927
59011
59065
59069
59074
59077
59201
59217
59268
59517
59561
60315
60318
60320
60323
60326
60328
60330
60333
60336
60344
60347
60354
60356
60359
60429
60432
60435
60439
60441
60443
60445
60450
60455
60475
60480
60491
60506
60511
60514
60517
60537
60553
60555
60561
60571
60580
60586
60591
60593
60595
60602
60609
60618
60655
60665
60681
60683
60685
60697
60699
60720
60722
60736
60742
60751
60754
60763
60828
60832
60835
60839
60846
60854
60858
60862
60876
60887
60924
60927
60934
60940
60946
60973
60975
60987
60991
60996
61004
61007
61009
61020
61036
61040
61064
61067
61088
61099
61114
61120
61123
61136
61141
61145
61149
61156
61171
61189
61204
61213
61216
61220
61229
61246
61255
61260
61278
61288
61298
61301
61307
61327
61330
61338
61347
61350
61353
61357
61367
61393
61406
61413
61416
61419
61422
61434
61458
61461
61466
61473
61478
61481
61485
61504
61517
61521
61528
61539
61542
61550
61552
61557
61588
61599
61606
61609
61615
61621
61626
61635
61663
61669
61677
61681
61687
61712
61719
61722
61728
61743
61754
61765
61773
61775
61779
61806
61817
61823
61842
61857
61871
61881
61897
61916
61918
61957
61963
61998
62001
62006
62022
62032
62035
62040
62043
62049
62057
62062
62069
62076
62079
62081
62148
62162
62167
62176
62184
62186
62189
62192
62195
62222
62250
62263
62285
62295
62302
62308
62313
62320
62322
62327
62336
62339
62352
62377
62380
62389
62392
62403
62409
62413
62440
62460
62468
62471
62474
62477
62480
62487
62490
62501
62506
62526
62551
62563
62571
62577
62607
62615
62622
62631
62634
62640
62643
62650
62668
62685
62692
62696
62711
62726
62746
62752
62755
62769
62776
62794
62801
62803
62819
62822
62832
62859
62877
62898
62901
62904
62913
62919
62926
62939
62960
62963
62973
62985
62997
63006
63017
63020
63029
63037
63053
63060
63074
63096
63110
63116
63128
63138
63149
63157
63178
63183
63188
63224
63229
63236
63239
63261
63265
63276
63286
63289
63311
63317
63335
63343
63372
63402
63448
63507
63511
63524
63528
63532
63536
63540
63544
63556
63569
63572
63575
63602
63612
63617
63637
63641
63645
63649
63672
63711
63714
63717
63729
63738
63743
63770
63782
63797
63801
63822
63835
63840
63863
63873
63876
63879
63891
63896
63900
63906
63929
63933
63954
63964
63986
64013
64016
64019
64022
64027
64086
64112
64130
64149
64161
64193
64197
64207
64213
64240
64248
64268
64274
64284
64292
64309
64315
64324
64362
64367
64375
64377
64384
64394
64399
64421
64430
64465
64468
64471
64475
64491
64495
64516
64564
64571
64574
64580
64583
64595
64616
64625
64636
64646
64654
64667
64676
64682
64686
64698
64713
64716
64726
64746
64751
64758
64761
64764
64790
64798
64835
64838
64840
64844
64866
64869
64874
64886
64891
64896
64922
64924
64943
