1
2
3
4
5
6
8
9
10
11
12
15
20
71
74
77
80
83
87
90
92
95
97
99
102
106
109
112
162
169
172
174
177
292
448
943
1129
1195
1262
1318
1376
1430
1447
1450
1503
1511
1552
1565
1572
1578
1591
1603
1634
1638
1685
1722
1724
1726
1729
1731
1735
1738
1741
1744
1747
1750
1753
1756
1759
1762
1765
1768
1771
1774
1780
1783
1786
1789
1792
1795
1798
1801
1804
1807
1810
1813
1929
1932
1935
1938
1961
1964
1967
1970
1973
1976
1998
2001
2004
2006
2009
2041
2088
2116
2119
2122
2126
2131
2143
2146
2162
2178
2204
2206
2232
2260
2269
2282
2286
2289
2312
2318
2321
2343
2371
2375
2390
2393
2399
2423
2447
2456
2460
2482
2492
2494
2505
2510
2568
2578
2582
2585
2611
2627
2652
2695
2721
2728
2740
2759
2802
2838
2841
2864
2898
2900
2906
2933
2984
2987
2989
2992
3067
3069
3159
3375
3379
3382
3386
3390
3396
3401
3406
3410
3414
3418
3423
3431
3434
3438
3441
3444
3447
3450
3453
3456
3459
3462
3465
3467
3470
3473
3476
3479
3482
3547
3551
3554
3565
3570
3590
3615
3627
3632
3650
3654
3658
3662
3674
3688
3721
3729
3734
3744
3753
3757
3761
3766
3788
3819
3824
3846
3852
3857
3864
3882
3890
3948
3961
3979
4028
4037
4050
4055
4064
4086
4089
4112
4125
4134
4145
4179
4190
4194
4198
4210
4213
4256
4264
4267
4297
4312
4324
4327
4330
4373
4376
4380
4388
4404
4419
4433
4470
4474
4477
4481
4485
4489
4531
4550
4556
4565
4569
4572
4576
4611
4643
4651
4655
4659
4663
4692
4721
4727
4730
4733
4736
4763
4766
4796
4820
4824
4858
4867
4881
4894
4914
4936
4944
4951
4954
4984
5007
5027
5030
5033
5038
5041
5045
5049
5053
5056
5060
5065
5069
5073
5076
5083
5086
5090
5093
5097
5101
5104
5108
5112
5115
5118
5121
5124
5128
5131
5134
5207
5212
5228
5243
5248
5251
5268
5272
5275
5286
5290
5314
5330
5335
5345
5412
5417
5420
5423
5426
5429
5433
5438
5491
5512
5531
5546
5554
5563
5566
5569
5572
5575
5582
5631
5649
5668
5683
5697
5700
5703
5708
5715
5718
5722
5779
5790
5796
5805
5810
5813
5823
5834
5840
5843
5866
5888
5900
5912
5924
5933
5953
5959
5978
5982
6001
6022
6029
6040
6043
6066
6069
6086
6090
6106
6145
6154
6158
6163
6167
6201
6210
6222
6226
6234
6237
6245
6248
6257
6288
6293
6306
6310
6318
6329
6334
6339
6348
6367
6371
6375
6410
6416
6420
6428
6457
6461
6465
6471
6510
6514
6517
6520
6559
6562
6564
6567
6584
6593
6601
6608
6625
6627
6679
6682
6685
6688
6691
6694
6697
6700
6704
6707
6710
6712
6714
6717
6724
6727
6735
6738
6741
6744
6747
6750
6756
6759
6762
6765
6768
6770
6772
6775
6778
6781
6783
6785
6787
6854
6862
6865
6869
6905
6912
6928
6935
6943
6946
6954
6961
6968
6971
6974
6985
6991
7056
7060
7063
7066
7069
7073
7076
7091
7097
7172
7181
7193
7205
7208
7212
7216
7224
7238
7266
7274
7303
7317
7326
7333
7345
7351
7354
7359
7368
7385
7408
7421
7434
7443
7448
7460
7472
7479
7482
7497
7528
7533
7555
7557
7562
7565
7580
7598
7610
7615
7630
7644
7675
7678
7719
7724
7751
7770
7773
7778
7782
7790
7849
7852
7857
7871
7915
7939
7948
7956
7960
7969
7980
7991
7998
8037
8064
8071
8078
8081
8106
8112
8144
8166
8169
8172
8178
8213
8217
8220
8253
8257
8288
8310
8331
8333
8335
8337
8339
8341
8343
8346
8349
8352
8355
8358
8361
8364
8366
8369
8373
8376
8379
8382
8388
8392
8395
8399
8403
8407
8411
8414
8417
8421
8425
8431
8434
8442
8444
8446
8448
8450
8452
8455
8457
8459
8461
8463
8465
8468
8470
8472
8475
8477
8479
8481
8483
8485
8487
8489
8491
8494
8583
8589
8592
8595
8599
8602
8609
8611
8613
8616
8619
8628
8631
8634
8639
8698
8705
8726
8729
8741
8744
8751
8753
8759
8764
8766
8769
8783
8786
8789
8807
8821
8853
8858
8872
8874
8890
8893
8897
8911
8914
8928
8931
8948
8952
8963
8981
8990
9014
9031
9038
9041
9044
9052
9055
9062
9065
9069
9072
9144
9163
9167
9177
9192
9195
9198
9201
9211
9214
9220
9229
9247
9263
9284
9289
9293
9305
9312
9315
9318
9335
9362
9367
9382
9395
9401
9422
9426
9433
9444
9454
9484
9493
9496
9503
9519
9522
9531
9533
9538
9546
9556
9559
9592
9598
9605
9608
9613
9625
9632
9639
9683
9691
9696
9702
9706
9713
9751
9764
9772
9778
9792
9807
9831
9833
9837
9842
9844
9891
9894
9897
9903
9905
9938
9941
9962
9977
9997
10011
10040
10053
10057
10061
10065
10069
10072
10075
10078
10082
10086
10094
10096
10098
10100
10102
10104
10107
10110
10113
10116
10119
10122
10124
10126
10128
10130
10133
10138
10141
10143
10151
10153
10158
10160
10162
10164
10168
10171
10173
10175
10177
10180
10182
10186
10191
10193
10202
10265
10270
10280
10285
10290
10294
10298
10302
10306
10370
10375
10380
10385
10399
10404
10409
10474
10479
10484
10494
10497
10502
10507
10575
10579
10583
10589
10594
10598
10602
10654
10674
10724
10741
10761
10788
10793
10809
10813
10818
10837
10869
10874
10887
10893
10898
10917
10969
10977
11046
11050
11129
11153
11179
11189
11194
11197
11234
11244
11251
11254
11268
11277
11295
11315
11318
11327
11330
11334
11341
11353
11383
11385
11387
11399
11403
11415
11432
11435
11443
11451
11454
11461
11463
11480
11488
11490
11517
11520
11525
11527
11529
11543
11551
11576
11579
11590
11601
11615
11619
11627
11638
11646
11661
11669
11682
11687
11696
11723
11748
11751
11753
11756
11758
11761
11763
11766
11769
11772
11774
11777
11781
11784
11786
11788
11790
11792
11794
11796
11798
11803
11809
11811
11813
11815
11818
11822
11824
11826
11829
11831
11833
11836
11839
11842
11848
11852
11968
11970
11974
11978
11984
11986
11994
11997
12009
12029
12032
12034
12041
12043
12053
12057
12059
12065
12077
12123
12139
12147
12150
12179
12202
12211
12223
12225
12230
12232
12235
12243
12255
12257
12263
12266
12281
12288
12321
12323
12345
12354
12364
12393
12415
12440
12449
12455
12460
12469
12473
12477
12499
12523
12528
12531
12551
12579
12586
12595
12599
12644
12647
12653
12666
12668
12679
12743
12746
12754
12757
12764
12771
12774
12785
12807
12811
12825
12851
12866
12896
12906
12910
12917
12920
12934
12938
12943
12955
13007
13014
13021
13049
13051
13055
13057
13059
13063
13091
13123
13127
13134
13141
13154
13168
13180
13203
13216
13218
13229
13232
13256
13282
13284
13286
13304
13308
13323
13336
13367
13372
13385
13398
13401
13404
13407
13409
13411
13413
13415
13418
13422
13425
13428
13431
13434
13437
13440
13443
13446
13449
13512
13515
13525
13528
13531
13538
13553
13571
13587
13594
13596
13599
13609
13612
13619
13625
13687
13693
13705
13720
13723
13727
13729
13739
13746
13752
13774
13781
13791
13814
13850
13853
13857
13870
13873
13888
13891
13893
13922
13931
13941
13948
13951
13954
13971
13980
13988
13990
14006
14009
14013
14018
14026
14028
14041
14078
14081
14086
14100
14107
14115
14134
14137
14153
14158
14184
14200
14203
14206
14219
14226
14235
14254
14270
14280
14297
14304
14312
14319
14322
14330
14345
14377
14386
14391
14394
14447
14455
14461
14469
14489
14503
14516
14536
14539
14542
14552
14554
14574
14590
14607
14623
14626
14631
14636
14639
14645
14680
14684
14688
14699
14725
14733
14750
14753
14758
14760
14766
14789
14796
14817
14825
14885
14895
14923
14929
14974
14995
14998
15002
15005
15008
15011
15014
15017
15019
15024
15027
15029
15031
15034
15037
15040
15042
15046
15106
15113
15116
15120
15123
15127
15148
15154
15182
15186
15188
15190
15193
15196
15199
15204
15214
15217
15223
15227
15281
15285
15295
15304
15309
15316
15319
15327
15340
15343
15348
15351
15357
15374
15378
15381
15385
15410
15415
15419
15439
15442
15449
15451
15453
15456
15472
15475
15479
15482
15492
15510
15531
15536
15560
15563
15565
15572
15578
15583
15586
15602
15612
15619
15658
15681
15694
15696
15703
15740
15766
15774
15783
15786
15792
15798
15804
15816
15839
15857
15880
15888
15891
15897
15908
15930
15939
15948
15960
15978
15985
15987
15997
16015
16042
16051
16066
16077
16087
16100
16111
16133
16136
16144
16155
16168
16176
16187
16199
16217
16220
16230
16251
16260
16266
16279
16297
16323
16328
16332
16338
16364
16369
16392
16396
16401
16406
16428
16431
16439
16486
16489
16517
16531
16547
16550
16570
16592
16596
16600
16604
16608
16612
16616
16622
16625
16628
16631
16634
16637
16703
16712
16716
16720
16723
16726
16729
16732
16736
16746
16759
16803
16823
16826
16829
16832
16835
16838
16841
16849
16852
16865
16918
16932
16935
16938
16951
16955
16964
16974
16990
17025
17030
17044
17047
17052
17081
17107
17110
17119
17133
17136
17145
17158
17168
17171
17174
17184
17198
17205
17208
17221
17244
17254
17268
17271
17289
17292
17306
17316
17326
17340
17344
17390
17413
17418
17421
17438
17464
17488
17498
17505
17508
17528
17538
17548
17557
17560
17567
17597
17610
17613
17617
17636
17653
17661
17664
17701
17707
17710
17713
17727
17734
17747
17758
17788
17793
17796
17799
17838
17842
17873
17889
17894
17944
17949
17954
18004
18010
18042
18055
18076
18099
18114
18137
18143
18166
18190
18193
18196
18199
18201
18203
18205
18208
18210
18212
18214
18219
18221
18223
18226
18228
18230
18234
18237
18332
18338
18349
18378
18381
18383
18388
18394
18396
18398
18406
18409
18412
18415
18417
18420
18422
18437
18443
18482
18490
18497
18499
18535
18543
18545
18565
18579
18597
18601
18609
18616
18618
18621
18630
18636
18672
18680
18686
18723
18742
18759
18762
18770
18780
18783
18797
18801
18808
18816
18821
18830
18854
18867
18870
18880
18890
18899
18904
18927
18934
18937
18942
18953
18965
18969
18980
18984
18996
19016
19032
19049
19057
19060
19067
19073
19083
19100
19107
19126
19128
19139
19157
19177
19180
19182
19227
19233
19243
19247
19252
19256
19268
19273
19282
19295
19302
19323
19337
19339
19357
19364
19388
19390
19411
19422
19424
19432
19434
19446
19467
19486
19489
19498
19500
19502
19537
19539
19542
19555
19568
19597
19599
19603
19606
19613
19656
19658
19664
19682
19684
19712
19730
19773
19787
19793
19796
19799
19802
19805
19807
19810
19813
19816
19819
19822
19825
19829
19831
19851
19890
19909
19954
19958
19961
19974
20009
20023
20033
20038
20056
20058
20064
20093
20129
20136
20147
20157
20160
20163
20165
20169
20171
20178
20182
20191
20194
20237
20239
20249
20263
20269
20278
20291
20299
20306
20319
20337
20342
20355
20357
20370
20374
20377
20387
20407
20418
20444
20447
20449
20465
20474
20497
20505
20507
20511
20520
20531
20537
20565
20575
20581
20588
20619
20623
20632
20635
20646
20654
20657
20667
20703
20744
20747
20751
20759
20771
20775
20778
20839
20843
20846
20910
20913
20938
21001
21007
21009
21023
21033
21044
21058
21089
21091
21099
21103
21112
21121
21147
21154
21161
21174
21191
21219
21241
21331
21337
21358
21360
21385
21437
21440
21442
21445
21448
21450
21452
21454
21456
21458
21460
21462
21465
21467
21469
21471
21473
21476
21479
21481
21483
21485
21487
21490
21493
21496
21499
21502
21505
21508
21511
21514
21517
21520
21532
21536
21539
21548
21551
21556
21559
21562
21565
21568
21571
21574
21577
21580
21583
21586
21588
21591
21594
21597
21663
21667
21669
21686
21696
21699
21706
21727
21729
21733
21736
21738
21743
21747
21755
21769
21771
21784
21809
21812
21829
21843
21852
21854
21869
21874
21877
21882
21884
21886
21889
21897
21907
21958
21977
21981
22023
22026
22040
22043
22045
22047
22051
22064
22081
22112
22116
22119
22121
22123
22133
22141
22149
22173
22180
22212
22230
22264
22270
22284
22300
22308
22313
22317
22322
22328
22333
22335
22342
22344
22355
22370
22386
22402
22414
22416
22418
22429
22433
22436
22447
22449
22457
22459
22497
22500
22504
22507
22522
22524
22526
22544
22554
22562
22564
22567
22573
22602
22621
22624
22626
22637
22650
22659
22661
22671
22684
22695
22697
22711
22715
22717
22737
22747
22749
22756
22758
22761
22780
22813
22818
22825
22827
22833
22835
22861
22868
22876
22896
22902
22921
22926
22928
22962
22964
22978
23009
23014
23059
23073
23093
23143
23145
23147
23149
23152
23155
23158
23161
23163
23165
23167
23169
23171
23173
23175
23177
23179
23181
23184
23188
23190
23192
23194
23222
23273
23283
23286
23289
23293
23296
23299
23302
23309
23313
23317
23320
23322
23324
23333
23364
23381
23387
23389
23392
23395
23398
23401
23404
23407
23412
23434
23465
23481
23486
23491
23493
23495
23500
23503
23521
23527
23538
23546
23548
23555
23565
23572
23584
23606
23614
23622
23639
23645
23650
23662
23664
23678
23682
23694
23712
23719
23721
23725
23729
23735
23742
23749
23761
23775
23781
23783
23794
23796
23802
23810
23814
23821
23828
23843
23848
23850
23854
23859
23862
23872
23874
23882
23888
23906
23908
23910
23935
23937
23939
23952
23964
23981
23983
23987
23999
24001
24007
24012
24017
24023
24027
24043
24046
24048
24057
24077
24092
24096
24098
24110
24116
24121
24125
24154
24158
24164
24167
24181
24185
24202
24204
24207
24210
24215
24222
24229
24250
24256
24265
24268
24275
24282
24297
24314
24329
24332
24337
24345
24347
24351
24367
24383
24388
24398
24400
24404
24442
24445
24449
24455
24462
24467
24470
24481
24487
24496
24498
24515
24533
24537
24539
24541
24548
24550
24562
24570
24573
24578
24599
24602
24619
24622
24639
24642
24649
24664
24669
24672
24684
24688
24713
24801
24819
24822
24824
24827
24831
24835
24839
24841
24848
24863
24868
24898
24899
24903
24906
24912
24914
24918
24926
24929
24933
24935
24943
24948
24961
24982
24989
24996
25003
25008
25015
25019
25022
25025
25029
25041
25048
25055
25060
25063
25080
25084
25099
25110
25115
25124
25130
25137
25141
25150
25155
25173
25179
25186
25193
25199
25213
25222
25262
25270
25278
25285
25301
25309
25311
25320
25324
25327
25340
25347
25350
25357
25397
25403
25405
25409
25412
25426
25460
25469
25477
25483
25486
25489
25492
25505
25511
25513
25519
25553
25555
25560
25562
25570
25576
25583
25585
25588
25595
25605
25609
25638
25648
25651
25659
25662
25665
25671
25675
25678
25680
25689
25691
25729
25732
25737
25741
25744
25751
25754
25759
25778
25794
25799
25806
25839
25844
25852
25859
25862
25865
25876
25895
25909
25914
25918
25946
25949
25960
25963
25966
25994
26004
26007
26011
26014
26038
26049
26053
26062
26078
26090
26094
26100
26121
26126
26129
26132
26135
26163
26194
26216
26234
26238
26349
26352
26355
26358
26363
26366
26414
26423
26426
26432
26458
26462
26471
26482
26505
26571
26576
26580
26634
26637
26664
26715
26719
26723
26751
26774
26805
26813
26896
26979
26983
26995
27028
27071
27820
27822
27824
27826
27829
27833
27836
27838
27840
27843
27849
27852
27854
27857
27859
27862
27864
27867
27869
27929
27935
27938
27941
27944
27948
27951
27963
27985
28011
28019
28023
28039
28041
28044
28046
28049
28052
28056
28060
28080
28099
28114
28120
28122
28139
28142
28144
28153
28158
28161
28175
28178
28183
28205
28213
28218
28259
28269
28290
28299
28302
28312
28319
28351
28361
28373
28383
28385
28388
28391
28393
28410
28412
28424
28434
28441
28448
28451
28459
28470
28472
28474
28499
28527
28535
28538
28547
28560
28562
28581
28595
28597
28611
28616
28618
28625
28627
28642
28653
28678
28686
28695
28698
28700
28707
28712
28740
28757
28761
28764
28771
28779
28786
28788
28809
28829
28832
28837
28847
28857
28859
28868
28872
28876
28883
28886
28910
28920
28925
28933
28944
28953
28958
28970
28979
29002
29010
29013
29018
29020
29029
29050
29060
29063
29067
29070
29073
29084
29101
29104
29119
29135
29147
29154
29164
29172
29190
29206
29213
29217
29228
29239
29249
29252
29262
29271
29281
29284
29289
29301
29306
29310
29317
29338
29344
29353
29361
29383
29387
29438
29472
29477
29480
29487
29496
29504
29507
29510
29537
29545
29552
29566
29568
29570
29572
29581
29583
29594
29610
29614
29630
29640
29650
29653
29658
29668
29685
29694
29697
29706
29710
29720
29722
29724
29731
29737
29742
29765
29782
29794
29798
29805
29809
29823
29836
29848
29861
29864
29866
29868
29874
29877
29880
29901
29950
29961
29968
29972
29975
29984
29988
30021
30034
30036
30042
30053
30057
30061
30066
30069
30113
30116
30126
30130
30136
30139
30142
30146
30149
30159
30162
30218
30222
30225
30229
30238
30242
30245
30271
30273
30294
30298
30304
30320
30325
30337
30350
30362
30365
30376
30382
30387
30401
30404
30412
30427
30429
30439
30450
30465
30473
30477
30484
30498
30530
30534
30540
30553
30566
30571
30583
30604
30612
30615
30621
30644
30649
30659
30664
30685
30698
30702
30711
30714
30717
30730
30746
30760
30768
30775
30802
30805
30812
30845
30851
30878
30881
30910
30929
30944
30955
31013
31016
31019
31022
31025
31028
31031
31034
31037
31040
31043
31046
31050
31064
31111
31120
31124
31127
31135
31140
31143
31147
31182
31189
31202
31210
31228
31231
31237
31248
31272
31284
31292
31295
31303
31306
31310
31323
31331
31335
31339
31362
31367
31374
31396
31402
31406
31426
31436
31439
31446
31474
31478
31480
31488
31516
31538
31556
31558
31563
31568
31570
31573
31578
31592
31594
31597
31608
31618
31641
31656
31669
31689
31699
31702
31717
31721
31745
31747
31765
31768
31779
31797
31810
31819
31823
31866
31869
31872
31878
31882
31893
31919
31922
31937
31939
31942
31949
31984
31987
32005
32010
32030
32033
32043
32045
32047
32066
32089
32102
32132
32144
32147
32154
32164
32175
32182
32205
32224
32226
32231
32274
32279
32286
32307
32312
32316
32349
32351
32374
32382
32395
32412
32416
32420
32422
32443
32459
32493
32494
32495
32496
32497
32498
32500
32501
32502
32504
32508
32512
32564
32568
32571
32574
32577
32581
32584
32586
32588
32590
32593
32596
32599
32602
32612
32654
32657
32660
32662
32665
32668
32838
33354
33512
33688
33784
33864
33893
33939
33946
33972
33988
34005
34027
34051
34062
34083
34096
34123
34168
34215
34218
34221
34224
34227
34230
34234
34237
34240
34243
34246
34249
34252
34255
34258
34262
34271
34274
34277
34280
34284
34287
34290
34293
34296
34299
34302
34306
34429
34439
34442
34445
34455
34458
34461
34467
34472
34475
34478
34485
34502
34522
34556
34568
34584
34592
34595
34599
34610
34613
34631
34637
34651
34674
34715
34720
34725
34731
34750
34753
34765
34781
34789
34823
34851
34855
34859
34862
34865
34891
34915
34955
34970
34972
34983
34986
34990
34994
35016
35021
35041
35073
35078
35106
35137
35141
35149
35158
35184
35213
35225
35253
35285
35323
35335
35363
35389
35426
35451
35510
35533
35563
35607
35672
35868
35872
35876
35880
35885
35889
35893
35898
35902
35906
35911
35917
35923
35926
35928
35931
35934
35937
35940
35943
35947
35950
35953
35956
35959
35965
35968
35971
35974
36039
36050
36063
36072
36079
36088
36097
36120
36128
36136
36146
36157
36161
36165
36194
36201
36220
36224
36248
36257
36261
36265
36321
36326
36343
36352
36365
36378
36382
36405
36439
36442
36455
36461
36465
36469
36491
36539
36547
36553
36562
36568
36580
36586
36593
36599
36661
36666
36672
36679
36686
36730
36749
36757
36779
36783
36790
36803
36806
36830
36836
36855
36860
36882
36899
36904
36910
36913
36926
36963
36974
36983
36986
36999
37010
37024
37034
37067
37070
37074
37078
37087
37119
37122
37153
37156
37160
37168
37199
37202
37213
37230
37245
37257
37271
37283
37296
37320
37330
37334
37343
37373
37383
37386
37419
37428
37443
37474
37485
37487
37519
37522
37525
37529
37532
37536
37539
37543
37548
37552
37556
37560
37564
37567
37570
37578
37582
37586
37593
37597
37601
37605
37608
37612
37615
37621
37740
37752
37755
37761
37768
37771
37775
37778
37781
37790
37795
37800
37817
37835
37838
37906
37909
37923
37926
37929
37933
37941
37950
37962
37965
37969
37985
37988
38052
38067
38078
38095
38101
38108
38116
38149
38156
38164
38167
38175
38187
38203
38214
38239
38249
38269
38275
38293
38296
38313
38319
38326
38330
38340
38343
38395
38402
38411
38413
38416
38424
38443
38446
38457
38473
38497
38505
38525
38528
38536
38547
38550
38553
38556
38577
38602
38612
38626
38629
38637
38648
38651
38654
38664
38687
38697
38702
38723
38729
38738
38741
38744
38748
38755
38788
38801
38807
38812
38822
38830
38836
38850
38866
38882
38888
38903
38908
38941
38950
38953
38956
38984
38987
39008
39011
39014
39037
39055
39058
39075
39095
39118
39145
39172
39176
39180
39184
39188
39192
39196
39200
39205
39209
39213
39217
39220
39227
39230
39232
39235
39238
39241
39244
39257
39259
39262
39264
39267
39269
39272
39274
39277
39342
39346
39357
39361
39368
39393
39426
39430
39434
39438
39456
39460
39464
39470
39474
39501
39562
39575
39579
39582
39585
39588
39607
39622
39667
39676
39706
39710
39727
39731
39734
39746
39750
39760
39765
39768
39818
39833
39836
39839
39842
39845
39849
39854
39866
39869
39904
39934
39939
39950
39966
39969
39972
39987
39995
40019
40025
40031
40055
40090
40101
40106
40112
40134
40147
40167
40178
40209
40217
40240
40255
40262
40280
40283
40308
40319
40373
40376
40379
40384
40394
40398
40411
40462
40465
40478
40519
40525
40536
40554
40593
40597
40603
40652
40655
40680
40692
40703
40725
40735
40745
40762
40770
40795
40823
40825
40827
40830
40832
40834
40837
40839
40841
40844
40846
40849
40852
40855
40858
40861
40864
40868
40871
40873
40881
40884
40887
40890
40894
40901
40905
40909
40913
40920
40924
40927
40935
40937
40940
40942
40950
40953
40955
40957
40960
40963
40966
40969
40971
40973
40975
40977
40980
40983
41034
41068
41077
41080
41093
41101
41103
41105
41108
41110
41112
41137
41140
41143
41148
41152
41167
41172
41183
41198
41221
41232
41237
41240
41243
41259
41262
41266
41268
41280
41301
41307
41324
41327
41334
41346
41359
41362
41380
41385
41392
41398
41414
41418
41425
41435
41450
41456
41459
41476
41488
41499
41513
41525
41536
41553
41563
41577
41585
41590
41593
41604
41610
41616
41623
41630
41656
41680
41683
41686
41705
41714
41717
41729
41735
41765
41778
41781
41784
41798
41801
41812
41828
41831
41844
41847
41852
41860
41877
41891
41894
41906
41909
41919
41946
41951
41957
41994
41998
42006
42015
42020
42049
42054
42056
42060
42095
42111
42118
42127
42185
42192
42201
42216
42233
42247
42250
42261
42263
42267
42288
42302
42314
42325
42328
42340
42351
42379
42383
42386
42390
42414
42431
42433
42440
42467
42480
42485
42510
42532
42536
42540
42545
42549
42553
42558
42562
42567
42572
42577
42586
42590
42593
42596
42599
42602
42604
42607
42610
42613
42616
42618
42620
42622
42624
42627
42642
42644
42646
42651
42653
42655
42657
42660
42663
42666
42669
42671
42674
42677
42693
42756
42760
42764
42769
42774
42825
42850
42863
42867
42871
42881
42886
42969
42981
43065
43070
43227
43230
43314
43338
43445
43448
43461
43518
43525
43538
43546
43612
43618
43649
43671
43687
43712
43716
43722
43735
43738
43750
43776
43796
43808
43811
43814
43845
43853
43861
43867
43870
43884
43890
43899
43905
43922
43934
43942
43944
43952
43963
43978
43981
43991
44018
44030
44034
44045
44056
44059
44061
44092
44096
44098
44106
44124
44127
44129
44137
44147
44149
44153
44156
44163
44179
44186
44208
44211
44220
44224
44241
44243
44249
44251
44254
44257
44260
44264
44267
44269
44272
44275
44277
44279
44282
44284
44286
44288
44290
44295
44297
44299
44302
44304
44306
44308
44311
44313
44316
44318
44320
44322
44324
44326
44328
44330
44333
44336
44339
44342
44345
44395
44404
44407
44422
44463
44465
44468
44470
44478
44481
44486
44490
44493
44500
44512
44519
44527
44536
44548
44555
44557
44566
44577
44610
44619
44623
44625
44631
44634
44642
44647
44665
44686
44689
44707
44716
44719
44727
44742
44747
44768
44778
44797
44804
44812
44827
44830
44838
44847
44868
44879
44900
44911
44945
44959
44962
44976
45010
45015
45021
45040
45049
45070
45076
45085
45122
45138
45183
45191
45193
45205
45211
45217
45225
45231
45238
45269
45296
45298
45309
45325
45346
45349
45369
45384
45389
45395
45403
45427
45438
45464
45470
45489
45502
45504
45512
45514
45518
45576
45579
45591
45593
45606
45618
45665
45668
45676
45681
45691
45707
45713
45722
45750
45763
45794
45801
45804
45809
45840
45846
45851
45871
45890
45892
45894
45896
45898
45900
45902
45904
45906
45908
45911
45914
45917
45920
45923
45926
45930
45932
45935
45938
45941
46057
46059
46062
46065
46067
46078
46081
46084
46087
46090
46093
46096
46101
46105
46124
46126
46166
46173
46182
46212
46218
46221
46235
46238
46241
46254
46263
46274
46276
46316
46320
46326
46329
46343
46348
46379
46381
46384
46386
46399
46410
46415
46439
46451
46458
46462
46480
46514
46516
46518
46533
46546
46566
46570
46578
46586
46591
46606
46635
46639
46655
46669
46683
46689
46692
46698
46710
46713
46716
46719
46725
46739
46771
46787
46790
46793
46796
46802
46805
46816
46835
46878
46892
46897
46900
46908
46914
46917
46936
46952
46971
46976
46992
47012
47028
47060
47063
47067
47074
47083
47098
47113
47146
47149
47153
47204
47206
47214
47239
47269
47278
47291
47301
47304
47317
47345
47358
47368
47371
47409
47431
47455
47487
47490
47493
47495
47498
47501
47505
47508
47512
47515
47517
47519
47521
47523
47525
47529
47531
47533
47536
47538
47597
47599
47601
47603
47610
47613
47616
47619
47629
47644
47684
47687
47692
47699
47709
47715
47718
47721
47726
47729
47733
47741
47746
47753
47757
47759
47782
47786
47789
47807
47812
47818
47821
47826
47838
47860
47880
47883
47890
47894
47907
47911
47918
47921
47944
47946
47961
47972
47974
47976
47981
47986
47988
48001
48010
48013
48016
48025
48029
48036
48041
48083
48101
48104
48108
48120
48130
48132
48142
48165
48189
48192
48200
48203
48209
48215
48225
48247
48268
48271
48275
48278
48282
48291
48294
48298
48303
48324
48345
48348
48351
48359
48391
48394
48399
48402
48408
48410
48423
48442
48464
48468
48471
48492
48514
48537
48556
48562
48579
48590
48596
48599
48601
48618
48638
48651
48654
48659
48662
48669
48693
48726
48736
48740
48747
48769
48778
48785
48788
48799
48814
48830
48833
48857
48860
48863
48874
48896
48917
48930
48950
48958
48969
48979
48986
49005
49063
49084
49088
49091
49094
49098
49102
49106
49110
49115
49119
49123
49126
49129
49156
49196
49212
49215
49225
49235
49239
49243
49252
49258
49271
49275
49282
49318
49346
49354
49372
49392
49408
49411
49414
49426
49431
49435
49466
49469
49489
49494
49531
49554
49557
49572
49575
49587
49591
49606
49612
49615
49627
49676
49691
49699
49703
49706
49713
49758
49784
49788
49796
49805
49833
49867
49879
49910
49915
49930
49961
49980
49993
50001
50041
50044
50053
50066
50091
50103
50140
50144
50151
50164
50179
50186
50190
50199
50253
50256
50261
50273
50276
50319
50332
50354
50388
50392
50397
50439
50456
50463
50498
50504
50513
50519
50550
50561
50569
50591
50594
50609
50626
50638
50658
50681
50684
50687
50689
50691
50694
50697
50699
50701
50703
50705
50707
50710
50712
50714
50716
50720
50723
50726
50729
50818
50831
50833
50837
50839
50865
50867
50869
50874
50881
50903
50909
50911
50913
50915
50925
50931
50936
50940
50980
50989
51007
51009
51032
51035
51041
51050
51053
51065
51087
51095
51109
51111
51129
51132
51137
51168
51171
51182
51197
51225
51252
51255
51259
51262
51265
51267
51273
51281
51294
51320
51329
51349
51366
51374
51382
51395
51398
51407
51419
51426
51428
51475
51479
51482
51497
51501
51524
51526
51543
51547
51549
51559
51567
51575
51589
51601
51619
51628
51631
51635
51639
51651
51658
51660
51682
51697
51700
51707
51714
51724
51737
51742
51759
51783
51793
51798
51803
51811
51816
51819
51826
51831
51852
51858
51871
51876
51883
51901
51913
51917
51949
51952
51966
51992
51994
52004
52006
52009
52035
52044
52072
52075
52088
52105
52112
52126
52133
52160
52162
52170
52198
52219
52249
52265
52275
52277
52279
52283
52285
52288
52290
52292
52295
52298
52304
52306
52309
52311
52314
52317
52320
52323
52336
52352
52379
52441
52445
52448
52450
52455
52463
52506
52512
52522
52527
52531
52549
52552
52557
52571
52602
52606
52612
52617
52621
52628
52633
52659
52675
52687
52691
52705
52717
52720
52730
52755
52757
52759
52772
52775
52783
52799
52813
52855
52862
52865
52871
52879
52894
52898
52913
52919
52946
52949
52951
52982
52985
52998
53003
53015
53031
53033
53056
53069
53085
53091
53107
53128
53133
53141
53153
53155
53162
53175
53185
53188
53203
53208
53229
53233
53243
53249
53252
53260
53268
53300
53317
53326
53336
53340
53350
53367
53403
53409
53427
53432
53436
53455
53464
53487
53497
53501
53503
53510
53520
53523
53534
53553
53558
53564
53567
53587
53608
53627
53634
53638
53663
53674
53683
53759
53780
53823
53850
53876
53895
53926
53932
53936
53938
53940
53943
53945
53947
53950
53953
53956
53959
53962
53965
53968
53970
53973
53976
53978
53982
53984
53988
53990
53993
53997
54000
54003
54006
54010
54023
54027
54032
54042
54045
54048
54051
54056
54059
54062
54067
54070
54073
54076
54078
54081
54088
54152
54161
54164
54172
54175
54178
54182
54196
54199
54237
54239
54243
54246
54256
54266
54269
54272
54275
54280
54285
54293
54300
54303
54334
54339
54363
54367
54370
54373
54380
54393
54395
54397
54403
54406
54425
54432
54434
54437
54448
54459
54462
54465
54469
54519
54524
54527
54531
54533
54542
54547
54550
54561
54564
54590
54621
54640
54656
54669
54677
54722
54734
54743
54750
54753
54769
54774
54787
54796
54807
54825
54830
54833
54845
54857
54861
54877
54886
54888
54904
54909
54912
54920
54935
54938
54944
54951
54960
54968
54984
54989
54991
55010
55013
55017
55021
55028
55057
55066
55070
55083
55092
55094
55106
55113
55117
55119
55152
55154
55162
55189
55196
55208
55228
55230
55238
55250
55262
55270
55280
55293
55302
55310
55320
55360
55372
55374
55377
55413
55415
55428
55437
55440
55445
55476
55495
55537
55553
55559
55573
55585
55591
55601
55610
55613
55625
55634
55636
55638
55640
55642
55644
55647
55653
55655
55657
55659
55661
55663
55665
55668
55670
55673
55676
55678
55680
55682
55684
55686
55701
55746
55749
55752
55765
55768
55770
55773
55776
55779
55782
55786
55791
55794
55801
55812
55837
55842
55857
55869
55877
55880
55882
55885
55892
55898
55904
55907
55922
55938
55941
55946
55951
55964
55966
55968
55970
55974
55978
55984
55990
56007
56025
56035
56043
56047
56063
56070
56076
56078
56081
56085
56094
56097
56099
56102
56114
56116
56119
56130
56137
56151
56154
56167
56173
56179
56186
56188
56191
56203
56209
56216
56221
56227
56242
56246
56249
56251
56255
56268
56274
56277
56288
56306
56308
56313
56315
56319
56322
56338
56340
56345
56353
56375
56377
56383
56388
56396
56399
56401
56404
56406
56413
56430
56435
56448
56460
56462
56465
56467
56476
56478
56485
56493
56497
56507
56522
56533
56540
56552
56555
56562
56568
56578
56582
56601
56606
56608
56611
56616
56624
56627
56629
56639
56647
56665
56671
56677
56682
56685
56687
56694
56696
56716
56721
56724
56730
56740
56758
56765
56772
56777
56779
56781
56785
56803
56817
56829
56833
56838
56840
56848
56862
56864
56870
56872
56882
56893
56901
56905
56915
56920
56923
56936
56941
56946
56949
56955
56961
56962
56966
56974
56981
56986
56990
57001
57004
57009
57027
57048
57050
57052
57055
57060
57062
57081
57090
57101
57111
57115
57120
57128
57136
57145
57153
57156
57160
57177
57180
57202
57223
57266
57287
57290
57292
57297
57299
57301
57303
57305
57310
57313
57318
57323
57326
57328
57368
57387
57394
57397
57402
57415
57417
57422
57427
57429
57432
57441
57447
57451
57458
57482
57488
57505
57513
57517
57520
57522
57524
57527
57534
57536
57544
57557
57587
57589
57597
57600
57608
57619
57621
57626
57639
57650
57653
57659
57661
57675
57677
57680
57687
57689
57692
57709
57719
57729
57740
57749
57751
57760
57766
57769
57781
57789
57800
57802
57815
57817
57819
57836
57839
57841
57848
57855
57867
57870
57885
57895
57899
57902
57905
57919
57923
57928
57930
57932
57945
57953
57956
57965
57975
57977
57979
57987
57998
58001
58006
58008
58033
58042
58048
58054
58062
58074
58081
58083
58087
58096
58105
58108
58113
58121
58125
58127
58130
58136
58151
58153
58158
58167
58169
58172
58176
58179
58182
58184
58189
58191
58197
58237
58245
58252
58254
58261
58266
58271
58275
58280
58293
58298
58300
58313
58316
58325
58332
58339
58351
58356
58358
58370
58381
58387
58405
58410
58415
58422
58425
58428
58434
58437
58465
58467
58472
58475
58478
58481
58484
58509
58512
58520
58524
58527
58551
58554
58557
58562
58565
58568
58590
58595
58602
58605
58625
58635
58638
58644
58657
58696
58719
58726
58756
58910
58913
58916
58922
58926
58928
58972
59068
59072
59127
59130
59202
59220
59297
59301
59307
59380
59477
59559
59600
60314
60316
60318
60320
60322
60328
60331
60334
60336
60338
60340
60342
60345
60347
60349
60355
60357
60359
60361
60372
60388
60424
60430
60433
60439
60445
60454
60460
60480
60482
60489
60494
60496
60515
60519
60521
60530
60537
60543
60554
60558
60591
60593
60597
60603
60620
60634
60637
60656
60662
60672
60674
60681
60691
60697
60701
60715
60717
60735
60738
60747
60756
60759
60767
60779
60788
60790
60792
60796
60799
60809
60828
60830
60840
60851
60853
60858
60865
60871
60889
60894
60901
60906
60918
60925
60928
60931
60983
60987
60990
60992
61003
61006
61011
61014
61016
61027
61037
61040
61051
61088
61094
61103
61108
61110
61114
61116
61120
61130
61136
61138
61145
61161
61171
61185
61195
61211
61214
61218
61228
61230
61240
61253
61257
61259
61270
61283
61298
61301
61316
61320
61338
61346
61356
61360
61364
61367
61381
61391
61402
61405
61407
61411
61415
61417
61420
61425
61428
61430
61465
61472
61475
61478
61488
61496
61519
61534
61539
61542
61549
61559
61571
61577
61582
61589
61593
61599
61625
61630
61635
61639
61644
61655
61669
61681
61685
61688
61696
61712
61723
61726
61747
61756
61760
61782
61789
61795
61818
61821
61824
61842
61855
61866
61879
61892
61963
61971
61975
61979
61991
61994
61998
62040
62056
62060
62063
62078
62081
62084
62087
62100
62102
62117
62124
62141
62147
62176
62181
62185
62209
62214
62224
62236
62242
62245
62248
62254
62266
62270
62279
62299
62304
62308
62322
62324
62333
62336
62339
62342
62366
62395
62405
62415
62426
62429
62434
62437
62446
62453
62457
62492
62503
62511
62518
62523
62537
62549
62556
62574
62586
62608
62617
62622
62636
62639
62642
62646
62653
62660
62672
62689
62694
62718
62735
62747
62750
62753
62760
62766
62793
62798
62811
62819
62821
62824
62835
62864
62871
62873
62887
62890
62900
62910
62913
62925
62934
62940
62967
62989
63004
63007
63021
63028
63059
63071
63074
63090
63103
63106
63110
63118
63123
63137
63150
63154
63164
63171
63180
63183
63197
63216
63228
63240
63242
63245
63251
63253
63276
63284
63304
63312
63330
63346
63381
63406
63419
63440
63502
63507
63511
63515
63519
63525
63529
63533
63537
63545
63549
63577
63613
63621
63635
63638
63642
63646
63649
63652
63661
63668
63671
63680
63685
63715
63734
63740
63743
63746
63774
63799
63802
63811
63816
63819
63832
63836
63841
63844
63861
63869
63873
63876
63895
63934
63937
63945
63967
63971
63974
63977
64014
64041
64068
64104
64107
64115
64192
64195
64207
64212
64225
64249
64266
64272
64275
64315
64320
64338
64342
64380
64383
64385
64395
64400
64411
64447
64463
64486
64492
64499
64501
64507
64527
64540
64554
64574
64590
64592
64597
64611
64622
64643
64657
64661
64664
64671
64673
64677
64713
64744
64749
64758
64760
64768
64783
64799
64806
64810
64820
64822
64827
64842
64868
64873
64885
64890
64913
64922
64942
64959
64967
64976
