1
2
3
4
5
6
9
10
11
16
20
71
74
77
80
83
87
91
94
97
100
103
106
109
117
164
166
169
171
173
175
177
862
1058
1166
1196
1258
1320
1323
1345
1425
1428
1447
1456
1532
1538
1559
1571
1586
1597
1606
1623
1632
1724
1727
1730
1733
1737
1740
1745
1748
1750
1753
1756
1759
1762
1765
1768
1771
1774
1779
1783
1786
1789
1793
1797
1800
1803
1806
1809
1813
1905
1908
1972
1976
1979
1982
1984
1988
2001
2007
2016
2019
2022
2043
2078
2089
2106
2112
2131
2136
2142
2146
2172
2216
2223
2230
2236
2241
2254
2260
2274
2279
2295
2313
2315
2331
2335
2349
2374
2398
2407
2411
2422
2444
2447
2457
2467
2495
2502
2505
2533
2588
2591
2609
2617
2619
2624
2653
2687
2697
2703
2736
2763
2765
2795
2807
2835
2874
2894
2896
2900
2903
2957
2964
3014
3042
3064
3070
3114
3159
3200
3377
3381
3385
3389
3393
3397
3401
3405
3409
3413
3418
3422
3431
3434
3437
3440
3443
3446
3448
3451
3454
3457
3460
3462
3464
3467
3470
3473
3476
3478
3547
3552
3560
3564
3581
3590
3609
3622
3626
3630
3654
3709
3717
3721
3775
3780
3785
3803
3807
3865
3869
3885
3921
3926
3939
3994
4001
4005
4015
4019
4023
4027
4053
4075
4085
4100
4109
4131
4134
4146
4159
4179
4211
4223
4230
4234
4254
4265
4286
4296
4310
4314
4327
4337
4367
4377
4380
4390
4419
4433
4439
4443
4457
4461
4481
4484
4502
4519
4537
4540
4543
4554
4557
4562
4577
4595
4610
4627
4630
4634
4642
4677
4691
4706
4709
4720
4737
4765
4778
4805
4818
4822
4829
4859
4863
4874
4885
4909
4914
4936
4966
4972
4984
5006
5028
5032
5037
5040
5043
5046
5049
5053
5057
5060
5063
5067
5071
5074
5077
5083
5086
5089
5092
5095
5099
5102
5105
5108
5111
5115
5119
5122
5125
5130
5216
5230
5234
5248
5255
5258
5261
5264
5272
5277
5280
5290
5296
5319
5337
5345
5373
5377
5390
5410
5413
5416
5431
5434
5448
5468
5485
5503
5519
5522
5525
5540
5542
5544
5553
5556
5559
5577
5594
5608
5621
5625
5656
5659
5662
5673
5676
5679
5681
5684
5691
5694
5740
5755
5785
5790
5793
5800
5805
5808
5811
5814
5819
5829
5843
5862
5876
5904
5907
5912
5918
5924
5926
5928
5930
5933
5948
5959
5977
5990
5993
6016
6024
6034
6037
6040
6043
6045
6054
6063
6092
6095
6119
6134
6136
6138
6141
6143
6145
6147
6154
6156
6159
6162
6203
6222
6225
6228
6230
6236
6238
6246
6248
6261
6269
6292
6306
6310
6321
6323
6339
6343
6355
6359
6370
6385
6387
6396
6414
6427
6434
6443
6451
6459
6474
6496
6500
6503
6508
6528
6547
6550
6553
6591
6594
6597
6626
6652
6665
6685
6689
6693
6697
6701
6705
6709
6713
6716
6720
6724
6729
6737
6740
6743
6746
6749
6752
6755
6760
6763
6766
6769
6772
6775
6779
6783
6786
6794
6866
6870
6878
6883
6888
6907
6911
6915
6928
6976
6987
6991
6998
7016
7032
7036
7058
7062
7071
7075
7079
7099
7135
7140
7180
7207
7213
7217
7221
7224
7231
7235
7243
7285
7295
7302
7320
7343
7350
7353
7356
7360
7369
7372
7407
7432
7453
7461
7477
7480
7483
7487
7490
7573
7601
7604
7607
7616
7621
7672
7685
7688
7711
7714
7717
7729
7788
7814
7824
7827
7850
7884
7917
7939
7970
7980
7989
8018
8025
8037
8058
8064
8095
8106
8124
8160
8166
8169
8180
8199
8206
8218
8226
8242
8257
8260
8276
8288
8310
8331
8334
8337
8340
8346
8350
8353
8356
8359
8362
8365
8368
8371
8374
8378
8381
8389
8393
8397
8401
8408
8412
8416
8420
8424
8428
8432
8436
8442
8444
8446
8449
8451
8454
8456
8458
8461
8463
8465
8468
8471
8475
8478
8481
8484
8487
8490
8493
8591
8596
8601
8610
8616
8623
8627
8630
8633
8636
8639
8642
8698
8706
8713
8745
8752
8773
8779
8783
8787
8791
8798
8844
8850
8855
8875
8901
8906
8911
8927
8931
8935
8939
8943
8961
8964
8997
9013
9030
9049
9063
9066
9070
9078
9081
9085
9096
9099
9159
9192
9195
9198
9204
9207
9211
9214
9227
9281
9308
9313
9316
9323
9326
9366
9385
9392
9395
9424
9433
9436
9449
9495
9498
9512
9533
9536
9557
9577
9591
9623
9626
9633
9638
9645
9669
9690
9702
9707
9743
9748
9786
9792
9822
9831
9838
9860
9872
9892
9903
9911
9921
9938
9961
9975
9978
10003
10040
10044
10048
10053
10058
10062
10067
10071
10075
10086
10095
10098
10101
10103
10106
10109
10112
10115
10118
10121
10123
10126
10129
10132
10134
10137
10140
10143
10146
10151
10154
10157
10160
10163
10166
10169
10171
10174
10177
10180
10186
10191
10193
10196
10265
10273
10278
10283
10289
10303
10307
10371
10376
10382
10409
10477
10523
10548
10585
10601
10623
10629
10636
10667
10701
10718
10724
10729
10734
10780
10786
10792
10802
10806
10815
10861
10867
10871
10879
10893
10898
10928
10942
10950
10955
10998
11019
11027
11032
11074
11082
11089
11093
11097
11101
11105
11144
11155
11160
11164
11168
11171
11223
11227
11231
11245
11264
11290
11299
11315
11324
11331
11334
11348
11355
11398
11403
11410
11413
11440
11450
11454
11481
11484
11493
11497
11508
11521
11531
11537
11545
11547
11559
11568
11580
11607
11613
11636
11656
11671
11695
11698
11714
11719
11733
11747
11750
11753
11756
11760
11764
11768
11772
11775
11778
11781
11784
11787
11789
11793
11795
11798
11804
11807
11809
11812
11815
11821
11824
11829
11831
11833
11836
11842
11844
11848
11851
11854
11920
11971
11977
11982
11985
11994
12009
12032
12040
12042
12049
12052
12077
12123
12129
12131
12138
12175
12185
12197
12205
12231
12249
12256
12259
12290
12339
12345
12366
12372
12400
12409
12423
12432
12437
12441
12468
12470
12504
12515
12541
12578
12587
12605
12610
12629
12631
12633
12636
12653
12703
12732
12735
12746
12763
12777
12779
12788
12791
12819
12828
12843
12854
12882
12897
12903
12909
12911
12923
12966
12993
12996
13006
13013
13025
13027
13062
13082
13099
13124
13148
13156
13173
13179
13204
13215
13253
13264
13274
13297
13313
13355
13384
13399
13402
13405
13407
13409
13411
13413
13416
13419
13422
13425
13428
13431
13434
13437
13440
13443
13446
13449
13527
13530
13535
13564
13567
13573
13575
13577
13590
13593
13596
13599
13606
13663
13673
13675
13720
13728
13731
13734
13737
13740
13747
13791
13806
13819
13824
13827
13830
13834
13846
13849
13862
13884
13907
13917
13922
13925
13944
13948
13973
13977
13980
13983
13995
14009
14055
14058
14069
14073
14076
14084
14121
14164
14176
14179
14190
14196
14222
14226
14246
14269
14279
14293
14296
14309
14336
14354
14375
14378
14385
14391
14401
14416
14471
14475
14478
14484
14542
14547
14560
14564
14568
14606
14612
14622
14626
14630
14644
14689
14697
14700
14704
14707
14710
14757
14766
14771
14794
14808
14816
14837
14842
14882
14885
14918
14932
14935
14968
14994
14997
14999
15002
15005
15008
15011
15013
15016
15020
15022
15024
15027
15030
15032
15034
15036
15038
15040
15042
15044
15046
15107
15126
15135
15163
15167
15173
15181
15184
15186
15191
15193
15195
15197
15199
15202
15205
15207
15227
15269
15274
15291
15299
15304
15318
15327
15337
15339
15344
15347
15351
15360
15382
15402
15406
15415
15419
15427
15459
15482
15500
15511
15518
15523
15526
15566
15583
15601
15613
15634
15637
15640
15654
15661
15673
15688
15699
15706
15717
15721
15744
15750
15753
15755
15760
15778
15821
15826
15841
15846
15851
15854
15868
15871
15876
15894
15899
15915
15924
15938
15941
15962
15965
15968
15979
16005
16008
16010
16019
16050
16064
16090
16098
16101
16142
16145
16156
16177
16180
16187
16192
16197
16201
16235
16243
16248
16276
16279
16283
16296
16310
16317
16323
16348
16352
16360
16363
16366
16408
16411
16423
16432
16460
16463
16505
16508
16536
16549
16592
16596
16600
16604
16608
16612
16615
16618
16624
16628
16632
16635
16639
16717
16724
16735
16739
16757
16761
16765
16774
16781
16795
16799
16804
16821
16876
16880
16894
16934
16948
16952
16978
16991
17015
17034
17066
17071
17084
17093
17097
17124
17173
17177
17199
17204
17208
17227
17254
17262
17267
17276
17300
17384
17388
17391
17396
17410
17416
17438
17497
17503
17507
17526
17547
17551
17599
17605
17614
17642
17650
17685
17698
17708
17711
17744
17760
17763
17812
17821
17824
17842
17879
17897
17906
17923
17947
17958
17962
17985
17991
18007
18018
18054
18060
18072
18104
18110
18113
18143
18146
18168
18193
18195
18198
18201
18203
18205
18208
18211
18214
18218
18221
18224
18227
18230
18232
18234
18236
18238
18344
18347
18358
18369
18372
18376
18380
18383
18389
18406
18413
18415
18417
18444
18448
18452
18460
18471
18478
18482
18525
18535
18537
18542
18544
18547
18552
18563
18580
18616
18621
18657
18666
18689
18691
18721
18734
18740
18742
18752
18799
18801
18806
18820
18822
18827
18847
18854
18873
18899
18912
18925
18943
18946
18949
18956
18975
18978
19007
19009
19021
19031
19033
19035
19058
19064
19066
19093
19106
19124
19135
19147
19149
19154
19162
19167
19174
19176
19180
19191
19207
19232
19246
19270
19276
19282
19293
19298
19306
19312
19318
19321
19340
19355
19362
19381
19386
19388
19394
19396
19400
19432
19439
19444
19467
19474
19478
19484
19487
19496
19500
19554
19562
19577
19579
19585
19619
19630
19639
19667
19669
19679
19686
19709
19719
19727
19733
19750
19755
19782
19784
19790
19793
19795
19798
19801
19804
19806
19809
19812
19814
19816
19818
19820
19822
19824
19826
19828
19830
19847
19950
19953
19957
19975
20013
20016
20022
20033
20037
20057
20061
20063
20073
20079
20082
20121
20128
20140
20146
20158
20161
20167
20174
20187
20215
20221
20226
20230
20232
20239
20248
20262
20267
20291
20307
20317
20324
20326
20358
20360
20375
20380
20391
20400
20414
20423
20429
20432
20447
20449
20455
20461
20464
20478
20501
20513
20531
20536
20538
20540
20558
20561
20584
20587
20619
20630
20637
20645
20661
20663
20666
20679
20697
20707
20720
20725
20731
20741
20747
20750
20753
20770
20776
20780
20782
20795
20808
20820
20834
20848
20873
20875
20885
20919
20931
20943
20945
20947
20970
20995
21001
21011
21016
21020
21032
21037
21042
21050
21056
21062
21073
21105
21117
21119
21122
21126
21152
21168
21172
21183
21199
21237
21254
21264
21299
21330
21346
21361
21376
21435
21438
21441
21443
21445
21447
21449
21451
21453
21456
21458
21463
21466
21469
21471
21473
21475
21478
21481
21484
21486
21491
21497
21500
21503
21506
21509
21512
21515
21519
21527
21531
21534
21537
21540
21553
21556
21560
21565
21568
21570
21573
21575
21578
21581
21584
21587
21589
21592
21595
21598
21662
21664
21666
21703
21712
21721
21726
21737
21742
21744
21746
21748
21750
21752
21754
21809
21818
21821
21827
21838
21840
21858
21862
21879
21893
21897
21904
21917
21924
21932
21949
21951
21955
21959
21968
21974
21978
21985
21987
22005
22009
22018
22023
22030
22058
22073
22092
22096
22112
22116
22145
22165
22168
22182
22184
22193
22201
22206
22218
22229
22264
22268
22276
22281
22311
22327
22358
22370
22383
22388
22395
22402
22407
22417
22419
22428
22436
22448
22450
22452
22471
22495
22517
22526
22528
22536
22543
22554
22590
22611
22618
22629
22631
22640
22646
22656
22668
22674
22684
22688
22694
22702
22709
22719
22725
22728
22760
22764
22768
22772
22774
22777
22782
22784
22827
22830
22836
22839
22843
22846
22856
22858
22899
22905
22908
22912
22914
22936
22948
22965
22976
22990
22999
23017
23019
23038
23041
23056
23078
23091
23094
23107
23117
23127
23143
23145
23148
23152
23155
23158
23161
23164
23167
23169
23171
23173
23175
23177
23179
23181
23183
23185
23188
23190
23192
23194
23253
23279
23282
23286
23309
23311
23313
23315
23318
23323
23325
23328
23342
23345
23348
23350
23356
23373
23382
23387
23390
23413
23420
23430
23436
23447
23458
23468
23472
23477
23482
23490
23493
23499
23501
23506
23523
23528
23545
23567
23573
23578
23585
23589
23591
23605
23607
23616
23622
23627
23629
23634
23642
23644
23646
23659
23664
23670
23685
23695
23711
23717
23723
23732
23745
23757
23763
23769
23771
23778
23780
23782
23784
23787
23796
23803
23809
23816
23818
23835
23840
23847
23856
23862
23865
23885
23901
23919
23931
23935
23944
23946
23954
23962
23967
23972
24003
24017
24022
24026
24032
24036
24049
24061
24065
24074
24076
24079
24087
24089
24099
24103
24105
24136
24148
24154
24161
24172
24174
24179
24186
24189
24191
24198
24201
24213
24226
24235
24237
24248
24251
24260
24262
24274
24283
24285
24287
24299
24309
24326
24339
24344
24346
24348
24352
24357
24390
24403
24423
24430
24435
24442
24457
24463
24472
24475
24479
24487
24499
24511
24513
24528
24535
24537
24539
24543
24545
24560
24570
24574
24590
24597
24603
24610
24615
24620
24628
24636
24638
24653
24660
24668
24673
24675
24687
24702
24704
24724
24799
24802
24807
24812
24815
24820
24824
24828
24830
24832
24835
24840
24843
24848
24851
24863
24879
24910
24912
24918
24927
24933
24936
24938
24945
24949
24959
24966
24991
24993
25006
25025
25037
25053
25058
25062
25065
25076
25087
25090
25092
25094
25097
25127
25147
25151
25153
25155
25158
25164
25182
25188
25191
25214
25219
25229
25243
25246
25255
25266
25277
25284
25296
25304
25307
25315
25345
25352
25355
25360
25364
25367
25369
25383
25389
25392
25413
25427
25435
25438
25442
25447
25463
25470
25473
25484
25490
25493
25515
25540
25543
25546
25549
25558
25562
25566
25569
25589
25608
25613
25616
25621
25623
25627
25633
25635
25638
25654
25660
25677
25684
25692
25697
25700
25705
25708
25721
25728
25743
25746
25756
25763
25790
25801
25807
25829
25834
25845
25888
25892
25895
25902
25908
25939
25943
25954
25960
25988
25992
25997
26005
26034
26037
26041
26068
26072
26082
26095
26116
26121
26128
26191
26201
26207
26243
26345
26353
26357
26361
26395
26408
26418
26421
26424
26428
26573
26577
26580
26584
26681
26716
26721
26725
26820
27820
27823
27826
27829
27832
27835
27838
27841
27844
27847
27853
27856
27860
27864
27869
27932
27938
27942
27945
27947
27949
27953
27983
27993
28014
28022
28024
28026
28028
28042
28049
28057
28060
28063
28089
28098
28103
28105
28124
28138
28142
28146
28158
28160
28177
28194
28199
28205
28212
28220
28225
28250
28271
28291
28294
28309
28312
28314
28323
28325
28346
28350
28353
28363
28366
28379
28383
28394
28402
28432
28441
28449
28451
28460
28462
28470
28473
28478
28480
28483
28497
28500
28553
28556
28559
28561
28564
28569
28577
28588
28607
28620
28622
28625
28630
28643
28652
28663
28684
28687
28693
28696
28713
28735
28737
28744
28748
28760
28766
28775
28777
28798
28804
28807
28820
28823
28835
28864
28873
28876
28879
28881
28888
28891
28894
28918
28935
28938
28941
28946
28952
28955
28958
28974
28991
28999
29008
29013
29022
29030
29033
29038
29043
29046
29077
29079
29082
29085
29089
29092
29096
29100
29142
29146
29149
29152
29155
29158
29162
29188
29194
29211
29217
29220
29244
29247
29270
29273
29283
29295
29303
29315
29332
29351
29364
29388
29405
29433
29473
29476
29481
29484
29489
29499
29505
29508
29514
29520
29524
29539
29555
29570
29580
29582
29587
29597
29600
29602
29604
29612
29618
29629
29660
29666
29672
29683
29699
29707
29725
29730
29751
29753
29761
29770
29786
29789
29806
29812
29815
29821
29846
29851
29871
29882
29885
29888
29895
29901
29904
29907
29910
29936
29944
29958
29968
29971
29974
29986
29995
30009
30023
30033
30041
30047
30054
30071
30073
30078
30085
30122
30141
30144
30153
30156
30158
30165
30168
30176
30186
30210
30219
30222
30229
30238
30241
30262
30264
30270
30272
30281
30295
30310
30320
30333
30337
30351
30362
30365
30374
30377
30381
30401
30404
30416
30419
30426
30429
30431
30438
30443
30446
30471
30481
30484
30497
30503
30506
30528
30539
30542
30553
30558
30561
30563
30565
30573
30596
30605
30616
30618
30620
30633
30636
30650
30671
30679
30688
30691
30696
30704
30715
30720
30723
30727
30730
30757
30760
30766
30769
30772
30796
30802
30821
30828
30831
30839
30850
30856
30871
30878
30880
30896
30904
30911
30928
30932
30941
30956
31018
31025
31028
31032
31036
31040
31044
31048
31052
31058
31065
31068
31109
31124
31128
31142
31146
31150
31157
31169
31183
31189
31223
31226
31229
31243
31256
31262
31282
31297
31300
31333
31336
31339
31352
31377
31390
31407
31418
31426
31440
31443
31450
31460
31479
31529
31537
31543
31551
31560
31563
31570
31578
31608
31626
31641
31652
31657
31660
31665
31719
31721
31743
31747
31777
31796
31817
31821
31830
31872
31880
31895
31900
31942
31956
31968
32008
32018
32024
32032
32035
32052
32059
32071
32095
32104
32107
32118
32125
32154
32172
32175
32182
32187
32202
32209
32244
32251
32268
32275
32278
32291
32305
32336
32343
32362
32380
32383
32406
32421
32424
32441
32453
32459
32493
32494
32495
32496
32497
32498
32500
32501
32502
32507
32512
32563
32566
32569
32573
32576
32579
32582
32585
32587
32589
32592
32595
32599
32604
32614
32653
32655
32657
32659
32661
32664
32667
32670
32840
32991
33355
33587
33720
33724
33809
33816
33840
33889
33917
33944
33946
33962
33995
34019
34024
34031
34070
34080
34094
34098
34137
34140
34154
34177
34223
34227
34230
34234
34237
34240
34243
34247
34254
34257
34260
34263
34266
34271
34274
34277
34280
34283
34286
34289
34292
34295
34299
34302
34307
34437
34448
34457
34462
34468
34471
34474
34477
34480
34483
34504
34594
34599
34612
34617
34623
34626
34629
34632
34635
34652
34658
34712
34717
34734
34742
34767
34772
34775
34778
34797
34808
34838
34847
34861
34871
34900
34903
34908
34911
34933
34982
34998
35001
35019
35028
35032
35036
35055
35105
35118
35121
35140
35146
35149
35152
35230
35252
35289
35292
35301
35328
35331
35397
35423
35425
35446
35485
35504
35509
35532
35563
35607
35691
35868
35872
35876
35881
35886
35891
35897
35901
35905
35910
35915
35923
35926
35929
35933
35937
35940
35943
35946
35949
35952
35955
35958
35961
35964
35967
35970
36036
36050
36060
36093
36108
36118
36122
36127
36133
36193
36199
36203
36207
36216
36261
36271
36276
36281
36286
36348
36362
36404
36414
36419
36424
36428
36494
36499
36529
36548
36552
36556
36560
36607
36624
36628
36659
36662
36673
36678
36682
36688
36745
36749
36764
36770
36778
36794
36798
36842
36855
36859
36864
36874
36882
36906
36937
36947
36958
36962
36966
36983
37007
37033
37042
37055
37059
37067
37075
37108
37120
37123
37142
37154
37157
37160
37200
37204
37232
37235
37267
37270
37276
37301
37315
37348
37356
37368
37388
37406
37409
37441
37444
37447
37477
37498
37521
37524
37528
37531
37534
37537
37540
37544
37548
37551
37554
37557
37561
37564
37567
37570
37575
37581
37584
37587
37590
37594
37597
37600
37603
37606
37610
37613
37621
37625
37725
37742
37748
37751
37754
37757
37760
37763
37766
37769
37772
37775
37781
37784
37839
37880
37903
37907
37910
37913
37916
37919
37923
37926
37932
37936
37977
38037
38049
38053
38056
38059
38062
38065
38074
38081
38114
38122
38125
38162
38174
38185
38190
38196
38199
38208
38220
38236
38245
38254
38257
38272
38290
38301
38323
38334
38344
38357
38369
38377
38393
38399
38411
38418
38425
38440
38443
38452
38458
38460
38471
38518
38521
38524
38528
38534
38537
38545
38548
38566
38585
38621
38624
38627
38635
38661
38669
38671
38676
38679
38695
38712
38716
38719
38728
38750
38759
38780
38794
38798
38801
38809
38811
38816
38829
38839
38857
38873
38876
38884
38890
38902
38927
38930
38941
38944
38955
38957
38985
38988
38991
39011
39030
39035
39038
39070
39074
39094
39101
39118
39125
39130
39172
39178
39182
39187
39192
39196
39200
39204
39208
39213
39217
39221
39227
39230
39233
39236
39239
39242
39245
39248
39258
39261
39265
39268
39272
39276
39356
39366
39373
39381
39399
39404
39414
39424
39438
39471
39482
39507
39512
39516
39528
39538
39571
39583
39626
39654
39659
39679
39686
39711
39715
39719
39745
39770
39776
39794
39798
39802
39833
39850
39854
39863
39870
39902
39910
39924
39929
39933
39978
39982
40027
40033
40037
40044
40049
40053
40057
40061
40103
40108
40136
40167
40180
40193
40206
40211
40220
40277
40282
40285
40352
40372
40376
40409
40417
40421
40457
40468
40524
40527
40530
40533
40597
40614
40655
40680
40687
40692
40710
40720
40749
40757
40788
40825
40830
40833
40839
40842
40845
40848
40851
40854
40858
40861
40866
40882
40886
40890
40897
40901
40906
40911
40916
40921
40925
40935
40937
40940
40946
40949
40952
40955
40957
40960
40963
40966
40972
40975
40978
40981
40984
41040
41050
41075
41081
41085
41089
41101
41106
41109
41112
41115
41118
41124
41132
41146
41180
41188
41192
41262
41266
41269
41272
41275
41278
41281
41286
41292
41301
41338
41347
41363
41414
41417
41420
41424
41431
41436
41440
41444
41450
41455
41474
41526
41531
41534
41543
41548
41552
41555
41602
41606
41609
41617
41621
41678
41682
41700
41703
41726
41731
41734
41737
41749
41752
41785
41794
41798
41802
41806
41818
41821
41846
41849
41852
41891
41910
41914
41951
41953
41957
41970
41993
42013
42022
42028
42056
42115
42119
42125
42185
42191
42196
42200
42220
42232
42249
42264
42267
42270
42282
42321
42327
42330
42362
42371
42399
42403
42426
42445
42455
42475
42489
42503
42523
42545
42549
42554
42559
42563
42567
42571
42575
42579
42586
42592
42594
42597
42600
42603
42607
42609
42612
42615
42618
42621
42623
42626
42629
42632
42635
42643
42646
42649
42652
42656
42659
42662
42665
42668
42671
42673
42675
42677
42679
42681
42684
42687
42761
42767
42775
42780
42784
42789
42794
42809
42866
42888
42924
43101
43192
43221
43269
43296
43351
43355
43361
43369
43421
43437
43444
43448
43491
43501
43505
43516
43526
43565
43576
43581
43595
43632
43648
43661
43685
43696
43711
43723
43746
43756
43767
43779
43789
43799
43833
43842
43852
43863
43873
43881
43883
43892
43920
43927
43930
43956
43963
43972
43988
43991
43997
43999
44036
44042
44049
44052
44057
44077
44081
44103
44112
44135
44139
44175
44189
44204
44214
44228
44242
44245
44248
44250
44255
44258
44261
44264
44267
44270
44273
44275
44277
44279
44282
44285
44287
44289
44291
44295
44298
44300
44302
44305
44308
44312
44316
44318
44320
44322
44325
44327
44329
44335
44338
44341
44344
44412
44459
44462
44468
44471
44475
44477
44480
44483
44498
44507
44516
44538
44545
44553
44569
44571
44608
44615
44624
44626
44628
44633
44636
44650
44688
44695
44715
44718
44752
44768
44771
44804
44831
44834
44839
44856
44869
44882
44893
44905
44946
44978
44998
45000
45006
45010
45029
45033
45037
45044
45099
45115
45128
45135
45141
45149
45156
45158
45160
45163
45189
45228
45241
45243
45249
45270
45273
45287
45296
45299
45301
45315
45336
45371
45376
45384
45397
45404
45410
45413
45418
45431
45465
45487
45491
45499
45502
45504
45513
45542
45546
45554
45569
45590
45606
45632
45638
45640
45665
45693
45715
45738
45745
45779
45829
45864
45866
45891
45894
45896
45898
45901
45903
45905
45907
45909
45912
45915
45918
45921
45924
45927
45930
45933
45936
45940
46004
46006
46013
46074
46077
46080
46087
46090
46095
46098
46101
46104
46135
46165
46172
46175
46181
46191
46218
46227
46234
46238
46248
46252
46256
46270
46273
46295
46313
46326
46328
46337
46363
46367
46379
46392
46422
46428
46435
46445
46452
46456
46459
46464
46482
46492
46512
46529
46545
46548
46552
46557
46564
46602
46610
46613
46618
46620
46627
46632
46637
46674
46679
46697
46709
46721
46724
46729
46732
46753
46779
46786
46793
46809
46838
46842
46861
46870
46900
46910
46914
46922
46930
46968
46971
46985
47006
47010
47022
47025
47057
47073
47088
47091
47109
47138
47168
47171
47179
47213
47221
47224
47239
47278
47283
47292
47318
47349
47358
47392
47399
47402
47434
47486
47489
47492
47497
47500
47503
47506
47509
47511
47513
47515
47517
47519
47521
47523
47525
47527
47529
47532
47535
47538
47598
47602
47605
47608
47614
47617
47619
47625
47630
47638
47664
47674
47680
47685
47687
47689
47694
47697
47708
47719
47721
47729
47744
47757
47763
47766
47782
47784
47793
47798
47819
47822
47827
47838
47840
47851
47858
47861
47885
47891
47894
47898
47913
47921
47927
47930
47951
47971
47984
47988
47991
48004
48007
48010
48021
48023
48026
48032
48048
48059
48074
48081
48096
48107
48111
48113
48116
48128
48138
48145
48152
48174
48185
48196
48199
48203
48205
48222
48225
48231
48234
48248
48255
48278
48281
48292
48297
48303
48312
48315
48323
48329
48348
48357
48364
48371
48375
48381
48390
48398
48404
48416
48421
48424
48429
48432
48444
48449
48470
48473
48475
48481
48496
48499
48502
48511
48513
48526
48538
48542
48563
48566
48568
48576
48579
48588
48603
48631
48635
48637
48639
48656
48679
48709
48712
48715
48718
48748
48752
48758
48762
48771
48779
48792
48808
48818
48821
48834
48837
48847
48877
48880
48886
48916
48920
48947
48950
48953
48971
48978
49009
49023
49048
49084
49088
49092
49096
49100
49104
49108
49112
49116
49120
49124
49128
49132
49206
49236
49241
49251
49255
49275
49279
49285
49370
49392
49396
49407
49411
49427
49430
49434
49488
49498
49513
49520
49554
49573
49577
49581
49609
49636
49648
49662
49702
49714
49718
49738
49753
49770
49790
49824
49842
49846
49874
49906
49932
49958
49962
49985
49991
50002
50024
50041
50079
50088
50125
50161
50164
50167
50173
50207
50244
50260
50276
50282
50285
50319
50322
50366
50375
50393
50431
50434
50442
50478
50481
50490
50494
50521
50534
50544
50547
50568
50591
50606
50609
50634
50638
50679
50682
50684
50691
50693
50695
50698
50701
50705
50707
50709
50711
50713
50716
50718
50720
50722
50724
50726
50728
50730
50825
50829
50837
50861
50866
50870
50873
50875
50888
50903
50906
50911
50938
50968
50981
50984
50995
51026
51037
51041
51061
51064
51078
51093
51101
51104
51106
51137
51168
51172
51181
51202
51205
51207
51233
51258
51262
51275
51281
51285
51289
51304
51309
51312
51316
51337
51343
51365
51382
51384
51387
51392
51404
51436
51441
51443
51456
51459
51471
51488
51508
51540
51544
51551
51562
51586
51591
51597
51602
51630
51652
51655
51683
51702
51705
51707
51726
51733
51755
51795
51800
51802
51804
51815
51820
51823
51828
51840
51842
51876
51884
51888
51890
51928
51933
51940
51963
51969
51976
51981
52015
52026
52030
52035
52054
52070
52084
52087
52098
52112
52127
52132
52139
52175
52177
52196
52212
52214
52216
52239
52249
52274
52276
52278
52281
52283
52286
52288
52290
52292
52294
52296
52299
52304
52307
52310
52316
52319
52321
52442
52445
52448
52454
52459
52504
52510
52524
52527
52549
52559
52582
52617
52620
52627
52637
52658
52674
52710
52715
52719
52726
52733
52739
52751
52754
52784
52805
52808
52813
52820
52825
52828
52838
52846
52857
52862
52895
52915
52919
52942
52945
52970
52981
52991
52996
53005
53029
53041
53054
53058
53066
53072
53125
53148
53173
53188
53235
53250
53253
53263
53267
53270
53309
53326
53333
53335
53339
53376
53379
53402
53405
53414
53424
53466
53484
53493
53505
53507
53509
53526
53547
53555
53576
53579
53589
53594
53616
53642
53685
53708
53783
53874
53927
53933
53935
53938
53940
53943
53946
53949
53952
53955
53958
53961
53963
53965
53967
53970
53973
53979
53983
53990
53999
54002
54005
54008
54012
54016
54024
54028
54033
54042
54045
54049
54052
54057
54060
54063
54065
54068
54071
54074
54077
54080
54090
54156
54170
54189
54194
54203
54205
54212
54215
54217
54221
54226
54229
54231
54234
54236
54238
54244
54249
54305
54317
54322
54327
54332
54345
54349
54359
54375
54380
54385
54388
54391
54401
54413
54442
54445
54452
54455
54464
54467
54469
54474
54479
54482
54485
54495
54507
54519
54524
54544
54556
54592
54595
54612
54631
54634
54651
54654
54659
54662
54685
54689
54708
54723
54726
54738
54753
54775
54796
54798
54819
54846
54857
54864
54893
54899
54905
54914
54916
54920
54925
54959
54969
54981
54985
55001
55022
55024
55028
55047
55052
55066
55073
55119
55122
55124
55126
55140
55146
55161
55164
55173
55188
55196
55210
55213
55219
55250
55257
55260
55270
55279
55298
55326
55335
55361
55368
55371
55375
55395
55420
55426
55438
55449
55478
55499
55502
55536
55546
55552
55572
55584
55589
55603
55607
55615
55635
55638
55641
55644
55647
55649
55651
55653
55655
55657
55659
55661
55666
55668
55670
55673
55676
55679
55681
55683
55685
55687
55769
55771
55773
55775
55778
55782
55785
55788
55792
55803
55805
55808
55810
55813
55815
55848
55869
55872
55877
55879
55882
55884
55889
55891
55893
55911
55937
55950
55954
55968
55972
55977
55981
55984
55996
55998
56005
56007
56015
56023
56028
56035
56037
56042
56068
56073
56079
56081
56088
56092
56098
56107
56113
56130
56132
56134
56155
56163
56165
56169
56171
56184
56202
56204
56212
56224
56227
56240
56251
56262
56264
56273
56276
56286
56293
56296
56298
56301
56303
56310
56330
56342
56349
56354
56356
56358
56365
56373
56376
56388
56393
56419
56421
56426
56432
56436
56439
56457
56469
56477
56485
56506
56531
56540
56554
56557
56559
56569
56573
56587
56610
56617
56628
56630
56636
56646
56650
56654
56681
56689
56693
56708
56710
56718
56723
56728
56730
56743
56746
56748
56751
56768
56775
56783
56790
56795
56800
56802
56810
56821
56840
56848
56852
56854
56860
56869
56871
56882
56888
56890
56899
56901
56918
56922
56930
56955
56962
56971
56973
56980
56982
56987
56991
57005
57016
57021
57027
57034
57049
57051
57062
57074
57081
57084
57086
57088
57095
57099
57119
57127
57131
57143
57152
57159
57166
57185
57188
57190
57203
57291
57294
57297
57300
57302
57306
57308
57310
57312
57316
57322
57324
57333
57336
57339
57367
57371
57373
57394
57399
57402
57406
57409
57411
57428
57436
57448
57456
57469
57473
57475
57478
57484
57489
57491
57495
57503
57510
57531
57547
57550
57555
57570
57574
57577
57583
57587
57590
57606
57627
57642
57645
57648
57651
57656
57659
57661
57676
57679
57686
57712
57719
57727
57736
57739
57752
57759
57765
57768
57775
57789
57798
57801
57814
57821
57836
57839
57846
57849
57859
57867
57874
57884
57886
57897
57903
57921
57923
57929
57932
57946
57954
57957
57965
57978
57980
57999
58006
58010
58021
58025
58030
58033
58039
58046
58051
58056
58079
58081
58085
58095
58098
58101
58105
58109
58112
58119
58123
58162
58165
58178
58181
58184
58186
58188
58190
58192
58203
58210
58228
58233
58238
58250
58254
58257
58267
58275
58278
58294
58301
58319
58326
58335
58350
58357
58360
58367
58380
58398
58402
58409
58413
58448
58454
58458
58462
58466
58499
58503
58507
58512
58549
58553
58576
58587
58609
58613
58621
58641
58660
58695
58710
58728
58841
58849
58898
58906
58909
58913
58917
58936
59008
59027
59067
59071
59075
59210
59215
59220
59247
59390
59401
59557
60311
60313
60316
60319
60321
60323
60325
60327
60330
60333
60335
60337
60340
60342
60345
60348
60351
60354
60360
60431
60435
60443
60445
60452
60458
60482
60487
60502
60508
60529
60537
60548
60550
60565
60567
60570
60583
60591
60596
60606
60608
60636
60638
60648
60652
60690
60695
60699
60705
60722
60729
60732
60751
60756
60758
60760
60768
60782
60785
60793
60811
60830
60836
60838
60842
60847
60851
60871
60874
60879
60886
60890
60899
60938
60949
60961
60968
60970
60972
60975
60984
60989
60994
60997
61016
61055
61060
61066
61070
61075
61079
61082
61086
61091
61093
61105
61112
61137
61139
61141
61147
61153
61157
61170
61182
61198
61206
61209
61212
61214
61221
61224
61226
61230
61240
61270
61277
61279
61282
61288
61290
61294
61315
61319
61334
61338
61341
61346
61350
61355
61357
61373
61380
61385
61394
61396
61398
61402
61422
61435
61441
61448
61455
61467
61487
61492
61500
61505
61512
61522
61535
61544
61551
61555
61557
61559
61563
61567
61572
61594
61600
61607
61612
61626
61638
61645
61654
61659
61670
61683
61687
61693
61697
61699
61705
61709
61721
61744
61749
61754
61759
61773
61779
61792
61797
61818
61821
61836
61843
61856
61961
61968
61971
61974
61977
61992
61995
62008
62036
62042
62049
62053
62056
62058
62064
62070
62073
62076
62080
62084
62087
62091
62097
62102
62114
62134
62150
62157
62162
62175
62180
62188
62191
62194
62197
62202
62209
62217
62231
62248
62253
62263
62277
62284
62289
62292
62303
62307
62309
62319
62328
62342
62352
62360
62368
62372
62376
62380
62383
62393
62430
62432
62441
62446
62449
62458
62462
62465
62469
62472
62488
62496
62524
62527
62541
62556
62562
62564
62575
62578
62586
62590
62592
62635
62641
62646
62649
62655
62669
62682
62691
62696
62698
62710
62713
62716
62740
62744
62759
62768
62788
62791
62797
62801
62808
62811
62818
62828
62864
62867
62872
62875
62882
62886
62911
62925
62927
62930
62933
62939
62951
62966
62973
62989
62992
62998
63013
63015
63030
63034
63047
63050
63053
63056
63060
63091
63102
63105
63115
63134
63136
63152
63156
63162
63166
63195
63198
63203
63205
63209
63228
63232
63238
63261
63281
63288
63290
63301
63312
63315
63334
63337
63342
63359
63374
63381
63403
63420
63503
63506
63509
63513
63516
63520
63524
63528
63532
63542
63590
63600
63608
63619
63626
63629
63638
63646
63663
63666
63669
63674
63685
63693
63701
63755
63762
63766
63769
63772
63778
63781
63784
63789
63792
63796
63824
63849
63884
63908
63917
63921
63924
63927
63934
63938
63942
63946
64000
64021
64031
64057
64060
64068
64071
64106
64138
64151
64158
64195
64215
64220
64223
64230
64241
64276
64288
64293
64309
64327
64348
64353
64386
64394
64402
64429
64439
64445
64485
64491
64500
64524
64557
64564
64589
64637
64640
64648
64668
64671
64676
64714
64718
64722
64726
64760
64764
64768
64772
64799
64802
64806
64810
64833
64844
64857
64867
64890
64897
64914
64937
64954
