1
2
3
4
5
6
8
9
10
15
19
73
77
81
86
90
94
97
100
104
111
115
120
162
170
173
175
178
944
1289
1372
1426
1453
1470
1551
1557
1588
1621
1631
1672
1697
1726
1730
1733
1736
1740
1747
1750
1753
1757
1766
1769
1773
1779
1782
1785
1788
1791
1794
1797
1801
1804
1807
1811
1936
1940
1955
1961
1972
1976
1979
1982
1985
2000
2004
2010
2017
2020
2042
2087
2090
2096
2125
2131
2134
2158
2163
2166
2191
2218
2233
2236
2242
2248
2268
2272
2298
2303
2331
2366
2372
2378
2434
2439
2443
2446
2449
2456
2462
2501
2507
2536
2590
2611
2618
2623
2625
2652
2659
2728
2736
2738
2766
2769
2826
2842
2863
2867
2870
2956
2960
3018
3040
3068
3136
3160
3377
3381
3385
3389
3393
3397
3401
3405
3409
3413
3417
3422
3431
3434
3437
3440
3443
3446
3449
3452
3456
3459
3462
3465
3468
3471
3474
3477
3480
3483
3543
3576
3580
3601
3609
3613
3617
3626
3682
3704
3709
3715
3728
3737
3741
3769
3773
3806
3831
3852
3861
3874
3884
3892
3912
3916
3935
3950
3971
3975
3999
4011
4029
4047
4051
4071
4082
4101
4105
4109
4128
4155
4173
4177
4191
4201
4208
4223
4226
4251
4259
4276
4293
4312
4325
4337
4341
4369
4383
4389
4400
4442
4445
4451
4456
4472
4493
4500
4519
4539
4543
4547
4554
4566
4610
4628
4632
4650
4663
4668
4680
4712
4722
4727
4740
4756
4776
4782
4789
4807
4820
4843
4849
4865
4874
4877
4897
4901
4922
4925
4941
4961
4984
5006
5029
5032
5037
5040
5044
5048
5052
5056
5061
5065
5068
5071
5074
5077
5085
5089
5092
5095
5100
5104
5107
5110
5114
5118
5122
5126
5130
5224
5229
5249
5255
5260
5263
5266
5270
5274
5285
5288
5291
5331
5361
5379
5385
5398
5415
5418
5421
5425
5438
5441
5480
5507
5510
5524
5531
5546
5560
5563
5566
5586
5619
5622
5635
5659
5671
5683
5693
5697
5700
5706
5718
5756
5764
5767
5788
5801
5812
5821
5825
5832
5845
5855
5875
5878
5888
5891
5907
5921
5940
5949
5962
5967
5980
5989
5992
5995
6002
6007
6020
6045
6069
6072
6076
6084
6093
6098
6120
6122
6129
6134
6138
6141
6178
6188
6194
6198
6203
6231
6237
6245
6251
6268
6281
6284
6286
6316
6320
6328
6336
6348
6375
6382
6384
6391
6410
6418
6420
6444
6450
6473
6475
6479
6482
6504
6531
6534
6544
6553
6576
6578
6597
6606
6635
6646
6680
6685
6689
6693
6697
6700
6708
6711
6715
6719
6723
6728
6735
6738
6741
6744
6747
6750
6753
6759
6762
6765
6768
6771
6774
6776
6778
6780
6783
6785
6853
6857
6870
6874
6915
6932
6940
6944
6961
6971
6974
6979
7016
7047
7070
7123
7126
7129
7141
7161
7164
7215
7253
7265
7268
7271
7302
7305
7327
7331
7386
7389
7396
7399
7403
7406
7435
7455
7459
7473
7485
7503
7506
7520
7523
7529
7557
7576
7579
7604
7621
7637
7646
7677
7691
7716
7724
7730
7755
7780
7795
7803
7816
7851
7855
7919
7925
7940
7943
7961
8000
8008
8011
8023
8039
8074
8079
8082
8141
8145
8162
8184
8190
8211
8214
8219
8253
8258
8286
8289
8331
8334
8337
8340
8346
8350
8354
8358
8362
8365
8369
8373
8377
8380
8393
8397
8401
8412
8416
8421
8426
8433
8443
8446
8448
8451
8454
8456
8459
8462
8465
8467
8470
8477
8480
8483
8486
8489
8492
8565
8574
8590
8594
8598
8606
8622
8631
8634
8638
8662
8678
8694
8698
8702
8706
8716
8722
8733
8787
8791
8794
8799
8802
8806
8809
8831
8867
8873
8883
8895
8901
8905
8934
8938
8960
8971
8991
8994
8997
9010
9021
9024
9033
9057
9073
9096
9124
9127
9136
9148
9154
9162
9173
9184
9187
9193
9199
9243
9247
9250
9253
9260
9263
9276
9305
9355
9358
9362
9365
9368
9388
9453
9461
9464
9468
9471
9478
9558
9565
9582
9593
9604
9607
9617
9638
9643
9649
9655
9680
9695
9700
9713
9716
9744
9748
9801
9808
9811
9841
9855
9858
9897
9903
9906
9911
9939
9961
9979
9986
10002
10040
10044
10048
10052
10056
10061
10066
10070
10073
10077
10081
10085
10094
10096
10098
10101
10104
10106
10108
10113
10115
10117
10119
10122
10125
10127
10129
10132
10135
10138
10141
10144
10151
10154
10157
10160
10163
10167
10170
10173
10176
10179
10182
10185
10189
10194
10196
10203
10270
10275
10281
10286
10291
10296
10301
10305
10318
10376
10380
10394
10400
10406
10413
10437
10474
10498
10528
10533
10551
10587
10620
10625
10639
10644
10675
10726
10735
10740
10748
10758
10794
10806
10810
10815
10819
10824
10829
10887
10894
10899
10904
10908
10913
10917
10976
10981
10984
10988
11006
11047
11059
11063
11067
11087
11091
11111
11131
11135
11138
11153
11161
11175
11190
11199
11212
11227
11234
11237
11252
11271
11277
11286
11289
11297
11304
11324
11348
11357
11363
11370
11381
11387
11399
11403
11435
11455
11471
11474
11485
11489
11502
11520
11526
11537
11548
11552
11559
11563
11569
11583
11602
11606
11630
11636
11659
11661
11665
11687
11692
11714
11720
11747
11751
11754
11758
11761
11764
11767
11770
11773
11776
11779
11782
11784
11786
11788
11790
11794
11797
11799
11803
11806
11808
11810
11814
11817
11819
11822
11824
11826
11828
11830
11833
11836
11839
11843
11846
11849
11852
11919
11967
11969
11975
11985
11991
12024
12030
12032
12034
12040
12051
12058
12064
12093
12128
12147
12150
12173
12175
12180
12187
12189
12214
12231
12233
12240
12250
12273
12275
12290
12300
12317
12330
12332
12339
12342
12394
12404
12409
12412
12414
12416
12425
12445
12471
12477
12507
12517
12551
12563
12569
12573
12594
12646
12666
12689
12699
12719
12737
12747
12752
12761
12774
12810
12826
12848
12871
12873
12877
12883
12887
12897
12906
12940
12951
12954
12971
12993
12996
13003
13022
13033
13051
13062
13078
13090
13099
13130
13133
13146
13158
13162
13170
13201
13214
13217
13265
13273
13283
13335
13339
13356
13374
13399
13402
13405
13407
13409
13411
13413
13416
13419
13422
13425
13428
13431
13434
13437
13440
13443
13446
13449
13511
13560
13567
13571
13573
13575
13578
13588
13592
13595
13598
13603
13606
13633
13642
13661
13669
13673
13726
13729
13732
13736
13748
13756
13764
13771
13788
13801
13807
13831
13870
13873
13881
13885
13898
13906
13922
13936
13940
13946
13955
13970
13993
14006
14009
14020
14028
14055
14077
14100
14108
14116
14135
14144
14162
14178
14191
14205
14226
14235
14247
14257
14277
14280
14324
14335
14338
14356
14365
14381
14384
14387
14402
14406
14409
14427
14445
14456
14462
14469
14480
14483
14503
14517
14550
14554
14560
14568
14571
14574
14609
14621
14632
14639
14651
14654
14674
14705
14711
14715
14752
14758
14776
14830
14834
14870
14881
14911
14931
14953
14995
14998
15001
15004
15007
15010
15013
15016
15018
15021
15024
15027
15029
15031
15033
15041
15044
15047
15109
15112
15118
15121
15125
15128
15160
15183
15187
15200
15203
15217
15221
15226
15229
15231
15242
15244
15246
15249
15266
15288
15305
15320
15324
15326
15332
15334
15336
15341
15352
15365
15393
15395
15397
15406
15417
15421
15425
15435
15451
15480
15494
15504
15515
15520
15523
15533
15546
15581
15583
15588
15601
15609
15614
15617
15638
15673
15678
15688
15696
15699
15707
15711
15735
15759
15779
15782
15791
15795
15855
15862
15865
15882
15906
15932
15945
15948
15975
15986
15991
15999
16038
16045
16048
16052
16074
16088
16096
16131
16138
16141
16144
16147
16193
16228
16232
16273
16292
16300
16304
16308
16319
16344
16355
16369
16373
16383
16406
16428
16431
16467
16471
16474
16478
16519
16538
16592
16596
16601
16606
16611
16615
16619
16623
16627
16631
16634
16638
16641
16707
16713
16737
16741
16757
16772
16779
16782
16799
16820
16839
16844
16862
16878
16917
16924
16932
16936
16943
16946
16952
16956
17024
17037
17061
17066
17075
17078
17081
17088
17094
17099
17115
17164
17174
17183
17211
17222
17231
17235
17257
17305
17310
17327
17338
17354
17358
17401
17416
17428
17447
17451
17461
17472
17494
17513
17527
17541
17559
17567
17581
17587
17630
17637
17645
17666
17674
17685
17730
17763
17768
17776
17800
17814
17846
17849
17868
17912
17925
17940
17966
17992
18024
18044
18052
18070
18087
18091
18122
18126
18152
18187
18190
18193
18196
18199
18202
18204
18206
18208
18210
18212
18214
18217
18220
18223
18226
18229
18232
18235
18237
18332
18341
18344
18376
18383
18389
18392
18400
18406
18412
18416
18421
18423
18425
18431
18433
18448
18451
18460
18470
18544
18547
18550
18581
18586
18588
18602
18613
18621
18623
18647
18657
18663
18689
18691
18712
18720
18725
18730
18733
18740
18743
18768
18773
18825
18827
18839
18848
18863
18873
18875
18887
18900
18902
18910
18946
18954
18971
18980
18997
19005
19023
19031
19053
19060
19064
19083
19109
19112
19122
19132
19137
19166
19178
19194
19198
19205
19210
19216
19222
19247
19257
19269
19283
19293
19297
19308
19334
19341
19359
19366
19390
19407
19411
19413
19424
19426
19446
19448
19467
19486
19494
19512
19523
19525
19537
19564
19575
19587
19597
19619
19621
19646
19664
19672
19684
19694
19731
19784
19787
19789
19792
19795
19797
19799
19801
19804
19807
19810
19813
19816
19819
19822
19825
19827
19851
19950
19953
19957
19960
19968
20018
20025
20034
20057
20060
20062
20065
20081
20090
20121
20127
20135
20146
20163
20166
20175
20218
20229
20233
20238
20241
20259
20264
20271
20297
20321
20324
20327
20339
20355
20361
20376
20409
20411
20414
20445
20448
20465
20468
20495
20517
20540
20544
20547
20553
20563
20574
20578
20591
20593
20621
20637
20648
20656
20666
20682
20713
20722
20731
20740
20773
20779
20782
20785
20823
20834
20845
20848
20851
20876
20887
20913
20917
20933
20941
20961
20989
21004
21007
21038
21041
21045
21051
21058
21061
21071
21090
21118
21121
21150
21153
21171
21182
21191
21200
21237
21239
21290
21302
21319
21324
21330
21348
21376
21383
21438
21440
21443
21445
21447
21449
21451
21453
21456
21459
21462
21464
21466
21468
21471
21473
21476
21479
21483
21486
21490
21492
21494
21496
21499
21502
21505
21508
21511
21515
21519
21523
21527
21534
21538
21547
21550
21553
21557
21561
21564
21567
21570
21573
21576
21582
21585
21588
21591
21661
21682
21705
21710
21712
21723
21725
21728
21731
21741
21749
21753
21760
21786
21789
21796
21807
21818
21824
21842
21850
21854
21877
21881
21883
21886
21894
21896
21906
21911
21913
21920
21938
21940
21948
21951
21958
21972
21982
21990
22022
22024
22031
22048
22050
22054
22058
22079
22081
22085
22087
22102
22110
22120
22178
22182
22197
22203
22210
22227
22233
22242
22247
22249
22255
22265
22308
22312
22325
22339
22350
22354
22356
22362
22382
22385
22397
22411
22418
22425
22429
22451
22468
22476
22489
22493
22495
22507
22520
22526
22532
22549
22571
22574
22586
22589
22595
22601
22609
22614
22624
22660
22666
22668
22674
22679
22682
22687
22692
22700
22702
22714
22746
22751
22754
22760
22766
22783
22785
22801
22829
22835
22839
22843
22856
22870
22873
22898
22902
22904
22906
22908
22912
22935
22941
22962
22964
22966
22968
23007
23018
23052
23056
23061
23088
23094
23099
23101
23118
23122
23133
23143
23146
23148
23150
23152
23155
23159
23161
23163
23165
23167
23169
23172
23175
23178
23181
23184
23187
23190
23193
23195
23287
23293
23296
23299
23309
23314
23318
23320
23322
23324
23326
23328
23336
23343
23356
23390
23393
23398
23401
23404
23417
23436
23446
23459
23464
23470
23475
23477
23479
23484
23489
23492
23499
23502
23504
23507
23544
23583
23588
23594
23598
23601
23612
23616
23626
23628
23632
23638
23643
23647
23651
23660
23664
23680
23711
23721
23727
23731
23734
23763
23767
23796
23812
23816
23830
23832
23835
23860
23871
23878
23882
23905
23907
23909
23915
23920
23926
23928
23932
23934
23938
23940
23964
23981
23983
23988
24024
24048
24060
24076
24078
24080
24082
24086
24088
24090
24100
24102
24133
24139
24143
24161
24163
24178
24181
24183
24187
24190
24192
24202
24205
24217
24257
24261
24267
24270
24275
24283
24285
24306
24310
24316
24325
24327
24336
24347
24351
24360
24365
24371
24380
24383
24388
24403
24419
24421
24434
24441
24447
24451
24455
24463
24476
24489
24492
24496
24523
24529
24539
24542
24552
24554
24557
24564
24592
24594
24604
24606
24623
24627
24629
24639
24647
24649
24654
24663
24676
24683
24694
24698
24712
24723
24806
24817
24828
24845
24847
24849
24851
24853
24858
24862
24873
24877
24882
24884
24887
24890
24894
24919
24944
24948
24959
24961
24964
24984
24989
25004
25007
25020
25025
25030
25036
25041
25061
25065
25076
25087
25093
25107
25121
25132
25137
25152
25157
25160
25170
25173
25182
25189
25202
25209
25213
25226
25231
25263
25267
25279
25289
25298
25301
25304
25319
25336
25352
25355
25367
25390
25400
25403
25406
25411
25425
25428
25434
25449
25459
25470
25476
25481
25485
25492
25511
25527
25547
25551
25554
25559
25571
25575
25579
25582
25593
25600
25622
25626
25631
25639
25643
25650
25653
25656
25664
25668
25693
25700
25711
25714
25718
25729
25754
25757
25764
25773
25798
25807
25814
25822
25832
25847
25864
25868
25887
25902
25906
25917
25955
25959
25970
25974
25987
26005
26015
26032
26059
26062
26070
26073
26097
26103
26129
26133
26143
26164
26182
26217
26244
26280
26338
26347
26351
26358
26408
26415
26419
26422
26425
26428
26435
26437
26443
26455
26510
26514
26521
26535
26576
26580
26583
26616
26713
26717
26725
26753
26776
26812
26862
26932
26954
26981
27819
27821
27823
27826
27829
27832
27835
27838
27841
27844
27847
27850
27853
27856
27859
27862
27866
27869
27929
27932
27936
27939
27963
27966
27995
27998
28001
28004
28009
28012
28044
28067
28076
28078
28092
28101
28104
28107
28121
28145
28163
28166
28191
28198
28201
28203
28206
28218
28221
28224
28232
28244
28258
28276
28286
28288
28290
28297
28311
28340
28342
28349
28352
28354
28364
28366
28372
28384
28403
28424
28426
28433
28437
28441
28450
28453
28458
28471
28474
28487
28490
28503
28526
28536
28554
28556
28560
28565
28573
28588
28599
28608
28622
28624
28637
28642
28645
28655
28665
28688
28691
28697
28715
28720
28723
28737
28743
28745
28748
28750
28763
28766
28769
28776
28791
28806
28822
28828
28831
28842
28844
28848
28853
28883
28892
28898
28902
28904
28912
28919
28921
28927
28938
28941
28989
28992
28995
28999
29003
29014
29038
29044
29052
29067
29074
29082
29086
29116
29120
29128
29147
29154
29157
29172
29188
29196
29211
29213
29219
29225
29253
29255
29264
29283
29290
29295
29301
29303
29325
29332
29340
29365
29370
29388
29472
29475
29478
29481
29488
29491
29494
29500
29504
29551
29560
29563
29566
29569
29579
29582
29585
29588
29593
29597
29607
29642
29652
29655
29661
29664
29671
29674
29682
29691
29695
29698
29718
29750
29754
29757
29772
29781
29791
29795
29808
29811
29817
29823
29832
29845
29851
29860
29873
29887
29900
29925
29928
29935
29941
29948
29953
29965
29988
29995
29999
30003
30011
30021
30034
30048
30058
30066
30070
30073
30080
30096
30103
30126
30129
30139
30146
30148
30151
30154
30157
30160
30181
30202
30209
30214
30222
30225
30235
30244
30274
30294
30301
30304
30312
30315
30319
30332
30334
30371
30376
30379
30387
30390
30396
30414
30416
30432
30435
30437
30450
30471
30485
30497
30500
30504
30509
30513
30554
30557
30563
30568
30573
30597
30608
30611
30614
30618
30630
30646
30650
30665
30672
30679
30709
30719
30733
30767
30770
30776
30779
30791
30803
30826
30829
30835
30838
30857
30868
30878
30884
30913
30935
31013
31019
31023
31027
31034
31038
31042
31071
31084
31100
31104
31108
31117
31122
31129
31133
31141
31145
31179
31188
31201
31220
31223
31227
31235
31242
31247
31255
31259
31282
31288
31300
31333
31340
31344
31360
31383
31395
31400
31415
31433
31463
31482
31485
31537
31568
31593
31613
31616
31619
31664
31670
31681
31692
31708
31725
31728
31740
31756
31761
31769
31782
31796
31803
31812
31823
31836
31842
31869
31874
31882
31886
31893
31931
31936
31957
31992
31999
32013
32061
32068
32076
32080
32093
32099
32130
32145
32149
32162
32164
32179
32195
32206
32232
32236
32243
32268
32273
32278
32296
32306
32327
32336
32350
32361
32383
32390
32429
32444
32450
32474
32493
32494
32495
32496
32497
32498
32501
32502
32503
32504
32507
32511
32565
32569
32572
32575
32578
32582
32585
32588
32591
32595
32599
32603
32607
32612
32653
32655
32661
32664
32667
32670
32839
33040
33396
33585
33657
33750
33812
33864
33873
33939
33942
33990
34069
34096
34123
34127
34219
34222
34226
34230
34237
34241
34245
34248
34251
34254
34257
34261
34264
34271
34274
34277
34280
34284
34288
34291
34294
34297
34300
34303
34307
34378
34428
34465
34468
34473
34478
34484
34492
34502
34506
34510
34513
34523
34547
34578
34583
34617
34620
34636
34672
34679
34699
34707
34710
34723
34730
34740
34750
34764
34780
34806
34858
34861
34864
34880
34898
34915
34927
34931
34935
34954
34986
34989
34993
35002
35039
35061
35065
35082
35108
35113
35157
35186
35215
35225
35228
35232
35253
35325
35328
35331
35334
35355
35396
35423
35448
35482
35484
35506
35537
35559
35630
35709
35869
35873
35878
35884
35888
35893
35898
35902
35906
35911
35923
35926
35929
35932
35935
35938
35941
35944
35947
35951
35954
35957
35960
35963
35966
35969
35972
36026
36041
36046
36061
36087
36106
36118
36122
36127
36150
36162
36183
36195
36218
36261
36272
36276
36314
36357
36377
36384
36399
36413
36417
36449
36454
36467
36475
36486
36535
36547
36551
36560
36582
36586
36598
36609
36616
36661
36664
36679
36687
36732
36746
36761
36765
36779
36789
36793
36834
36843
36856
36860
36874
36883
36899
36903
36941
36947
36963
36984
36999
37003
37010
37024
37038
37058
37073
37091
37094
37114
37126
37132
37145
37175
37178
37183
37194
37197
37213
37248
37251
37254
37258
37267
37312
37319
37323
37329
37335
37368
37373
37399
37403
37408
37440
37443
37446
37474
37477
37512
37520
37524
37527
37531
37534
37538
37541
37544
37548
37552
37556
37560
37563
37566
37569
37576
37579
37582
37585
37589
37592
37596
37600
37603
37606
37609
37612
37615
37618
37622
37625
37740
37747
37751
37754
37760
37763
37766
37769
37773
37776
37779
37782
37785
37860
37874
37902
37914
37917
37920
37927
37930
37933
37954
37986
37990
37997
38005
38009
38020
38047
38061
38064
38070
38075
38082
38086
38105
38118
38141
38145
38169
38174
38192
38198
38209
38220
38230
38239
38258
38290
38296
38303
38316
38320
38325
38328
38334
38347
38352
38379
38382
38402
38409
38423
38431
38435
38443
38450
38463
38482
38494
38521
38525
38542
38549
38567
38572
38580
38588
38592
38596
38599
38603
38650
38666
38676
38684
38690
38694
38701
38709
38746
38751
38758
38769
38772
38781
38784
38804
38836
38839
38853
38857
38890
38898
38902
38910
38963
38967
38971
39003
39012
39024
39026
39035
39054
39061
39084
39099
39116
39127
39172
39177
39181
39185
39189
39193
39196
39199
39202
39205
39209
39214
39220
39227
39230
39233
39236
39239
39242
39245
39248
39258
39261
39264
39266
39269
39272
39275
39277
39279
39378
39384
39398
39404
39411
39415
39419
39477
39486
39513
39518
39523
39541
39552
39584
39610
39620
39625
39638
39665
39679
39719
39749
39753
39757
39769
39789
39807
39837
39856
39862
39884
39890
39909
39936
39940
39955
39986
40009
40012
40031
40055
40059
40063
40106
40113
40127
40167
40171
40174
40178
40184
40232
40252
40263
40275
40279
40289
40315
40331
40350
40359
40371
40384
40404
40436
40439
40445
40479
40484
40542
40547
40551
40557
40598
40616
40633
40672
40678
40691
40702
40720
40724
40727
40757
40760
40787
40808
40824
40827
40830
40833
40837
40840
40846
40850
40853
40856
40860
40864
40867
40870
40873
40882
40886
40891
40896
40901
40905
40909
40913
40917
40921
40925
40929
40935
40938
40941
40944
40947
40950
40953
40956
40959
40961
40965
40968
40970
40972
40978
40980
40983
40986
41084
41087
41090
41096
41103
41106
41110
41119
41122
41126
41132
41168
41182
41188
41194
41217
41243
41256
41260
41273
41276
41279
41287
41297
41300
41316
41332
41340
41357
41361
41392
41424
41443
41450
41454
41459
41474
41481
41485
41508
41511
41514
41544
41548
41562
41567
41575
41614
41628
41641
41644
41651
41660
41689
41714
41738
41741
41772
41789
41796
41802
41844
41852
41855
41858
41868
41873
41884
41942
41957
41960
41985
42052
42056
42059
42078
42098
42110
42130
42133
42142
42146
42165
42202
42207
42215
42235
42269
42272
42284
42301
42312
42329
42344
42351
42355
42366
42378
42413
42419
42431
42439
42466
42479
42495
42532
42536
42541
42547
42552
42556
42561
42566
42571
42575
42587
42589
42591
42594
42597
42600
42602
42605
42608
42611
42614
42617
42619
42621
42624
42626
42628
42631
42634
42638
42643
42645
42648
42650
42653
42655
42658
42661
42664
42667
42671
42674
42676
42679
42682
42684
42687
42694
42761
42765
42768
42778
42787
42793
42826
42865
42869
42882
42886
42925
42943
42950
42965
42986
43019
43039
43065
43072
43077
43095
43129
43162
43167
43235
43241
43256
43268
43273
43294
43320
43328
43349
43355
43359
43381
43386
43404
43410
43430
43434
43438
43483
43489
43498
43502
43513
43530
43543
43557
43561
43574
43583
43601
43625
43629
43632
43646
43649
43652
43669
43688
43691
43697
43705
43732
43744
43747
43750
43753
43769
43790
43795
43811
43814
43835
43845
43849
43853
43868
43891
43897
43900
43903
43909
43943
43951
43994
43998
44009
44032
44038
44054
44061
44111
44115
44135
44142
44175
44177
44194
44206
44248
44252
44255
44258
44261
44264
44267
44269
44271
44273
44275
44277
44280
44282
44285
44287
44289
44296
44299
44301
44304
44306
44309
44311
44314
44316
44320
44323
44326
44329
44335
44337
44340
44343
44402
44459
44461
44464
44466
44469
44471
44473
44479
44485
44528
44544
44585
44591
44599
44605
44615
44625
44632
44644
44669
44671
44673
44677
44708
44715
44728
44732
44745
44751
44801
44812
44815
44817
44824
44835
44837
44855
44859
44864
44866
44876
44912
44916
44935
44945
45000
45004
45011
45023
45031
45050
45060
45070
45084
45128
45155
45165
45170
45176
45198
45219
45224
45242
45283
45288
45296
45303
45308
45340
45344
45346
45365
45382
45390
45401
45418
45436
45446
45457
45464
45468
45488
45522
45547
45555
45559
45566
45569
45595
45599
45601
45649
45675
45681
45688
45697
45722
45727
45731
45741
45762
45788
45816
45839
45892
45895
45898
45901
45904
45906
45909
45912
45914
45917
45920
45923
45926
45929
45932
45935
45938
45941
46007
46012
46019
46021
46024
46058
46063
46079
46082
46087
46090
46093
46099
46119
46136
46154
46164
46168
46176
46178
46180
46183
46189
46212
46243
46245
46248
46251
46257
46265
46269
46280
46283
46286
46321
46323
46326
46350
46362
46366
46377
46383
46393
46406
46420
46426
46432
46444
46456
46459
46463
46468
46517
46541
46553
46556
46564
46568
46571
46586
46591
46615
46618
46639
46643
46662
46674
46676
46690
46693
46697
46719
46768
46775
46779
46785
46791
46799
46807
46823
46837
46864
46875
46894
46901
46916
46937
46944
46954
46961
46972
46998
47010
47013
47035
47059
47067
47084
47090
47099
47101
47146
47164
47166
47176
47193
47203
47220
47246
47251
47279
47285
47289
47301
47342
47354
47390
47446
47486
47488
47491
47494
47497
47500
47503
47506
47509
47512
47517
47520
47522
47525
47527
47530
47533
47537
47600
47603
47606
47610
47615
47619
47623
47633
47651
47665
47679
47681
47689
47692
47707
47710
47713
47719
47722
47725
47728
47735
47767
47788
47790
47813
47819
47822
47825
47828
47844
47847
47852
47859
47885
47891
47899
47910
47913
47937
47943
47971
47973
47978
47988
47993
48002
48006
48012
48015
48026
48028
48055
48066
48075
48077
48081
48093
48103
48106
48113
48128
48159
48167
48179
48185
48187
48190
48193
48196
48203
48207
48212
48240
48283
48286
48288
48307
48310
48337
48352
48355
48357
48362
48382
48396
48438
48456
48460
48463
48465
48469
48476
48480
48506
48525
48528
48534
48542
48563
48569
48577
48590
48602
48623
48627
48635
48648
48659
48682
48690
48706
48712
48741
48769
48786
48789
48807
48838
48847
48865
48873
48881
48914
48924
48936
48964
48971
48981
49009
49012
49048
49084
49088
49092
49096
49101
49105
49111
49115
49119
49122
49126
49130
49133
49196
49200
49227
49258
49270
49274
49284
49289
49294
49303
49315
49329
49370
49389
49413
49424
49433
49446
49465
49477
49486
49491
49505
49517
49568
49575
49584
49588
49592
49607
49625
49656
49693
49706
49711
49717
49725
49728
49739
49786
49834
49839
49846
49850
49853
49870
49916
49921
49943
49962
49965
49969
50018
50021
50024
50044
50104
50108
50128
50144
50154
50189
50209
50226
50233
50236
50259
50275
50308
50311
50341
50380
50383
50440
50443
50476
50491
50498
50501
50529
50548
50554
50566
50589
50604
50608
50637
50680
50682
50684
50686
50689
50692
50694
50696
50698
50701
50703
50706
50708
50710
50713
50715
50717
50720
50722
50724
50726
50729
50731
50828
50831
50837
50868
50872
50875
50878
50887
50899
50904
50907
50909
50911
50913
50915
50917
50933
50936
50945
50974
50990
50993
50995
51029
51032
51057
51076
51084
51100
51103
51108
51110
51112
51114
51116
51174
51176
51179
51183
51234
51245
51264
51274
51292
51304
51311
51314
51317
51331
51338
51340
51350
51406
51432
51436
51443
51446
51461
51497
51503
51525
51553
51575
51582
51586
51595
51603
51617
51636
51649
51656
51661
51699
51702
51705
51708
51714
51719
51727
51785
51805
51811
51821
51853
51871
51890
51901
51905
51935
51943
51959
51963
51966
51980
52029
52032
52044
52067
52093
52096
52139
52148
52173
52213
52274
52276
52279
52281
52284
52286
52289
52291
52293
52295
52297
52299
52302
52305
52308
52311
52314
52317
52320
52442
52452
52455
52503
52516
52519
52523
52527
52530
52558
52604
52607
52618
52621
52626
52629
52637
52639
52684
52692
52706
52716
52720
52723
52753
52761
52775
52780
52798
52811
52825
52832
52849
52854
52864
52892
52905
52908
52916
52963
52970
52972
52982
52987
52990
52992
52998
53000
53003
53051
53060
53069
53072
53124
53127
53135
53149
53153
53155
53207
53215
53226
53239
53254
53264
53269
53278
53283
53285
53302
53310
53340
53347
53367
53371
53377
53412
53432
53437
53440
53454
53456
53465
53509
53520
53522
53527
53529
53532
53535
53541
53587
53593
53596
53616
53661
53708
53756
53776
53796
53861
53873
53926
53928
53930
53933
53935
53938
53941
53944
53947
53950
53953
53956
53959
53962
53965
53968
53974
53977
53982
53988
53990
53993
53996
54000
54004
54008
54012
54017
54021
54026
54030
54034
54041
54045
54048
54051
54054
54057
54060
54063
54066
54070
54077
54080
54158
54163
54181
54204
54207
54214
54222
54225
54231
54237
54241
54243
54245
54250
54264
54270
54305
54337
54343
54360
54377
54379
54382
54385
54390
54396
54404
54422
54447
54456
54460
54465
54473
54481
54486
54491
54515
54523
54525
54531
54536
54540
54556
54604
54612
54625
54629
54637
54639
54671
54678
54691
54694
54739
54746
54759
54761
54790
54814
54818
54845
54847
54849
54851
54862
54871
54880
54895
54903
54915
54920
54931
54935
54943
54948
54959
54963
54982
54987
54997
55009
55025
55036
55046
55050
55055
55073
55086
55095
55097
55099
55101
55114
55124
55140
55143
55178
55181
55185
55191
55193
55224
55241
55257
55271
55305
55312
55318
55321
55324
55351
55367
55370
55377
55382
55397
55412
55415
55420
55426
55456
55460
55466
55476
55530
55545
55551
55553
55580
55582
55585
55607
55610
55635
55637
55640
55645
55648
55651
55653
55655
55657
55659
55661
55664
55666
55668
55670
55673
55676
55678
55681
55684
55686
55748
55755
55768
55772
55775
55778
55781
55783
55786
55789
55793
55798
55805
55807
55811
55813
55815
55856
55872
55878
55881
55889
55893
55897
55914
55921
55926
55934
55951
55955
55957
55966
55968
55981
55986
55993
55996
56019
56023
56039
56048
56070
56074
56080
56084
56090
56092
56099
56106
56114
56129
56142
56149
56163
56166
56170
56179
56182
56200
56210
56213
56221
56241
56243
56248
56251
56261
56296
56310
56312
56316
56323
56348
56361
56370
56372
56386
56391
56399
56414
56416
56423
56429
56433
56435
56437
56457
56459
56467
56479
56489
56504
56516
56529
56531
56544
56547
56558
56569
56571
56587
56591
56596
56610
56614
56618
56629
56635
56637
56642
56650
56662
56680
56699
56705
56709
56715
56717
56726
56729
56735
56745
56750
56752
56755
56772
56788
56798
56800
56814
56819
56835
56837
56853
56866
56872
56875
56882
56884
56887
56895
56911
56916
56939
56942
56957
56968
56971
56978
56981
56996
57004
57009
57012
57026
57037
57050
57052
57066
57081
57090
57102
57115
57120
57139
57141
57145
57147
57155
57175
57179
57181
57186
57273
57289
57292
57300
57313
57317
57319
57321
57336
57348
57363
57378
57385
57419
57425
57432
57439
57444
57450
57456
57464
57485
57492
57497
57512
57520
57526
57531
57537
57552
57555
57558
57566
57577
57582
57590
57597
57617
57619
57627
57635
57642
57647
57650
57659
57661
57671
57676
57686
57715
57726
57730
57750
57753
57755
57762
57768
57773
57777
57782
57785
57791
57801
57803
57837
57839
57848
57853
57858
57861
57863
57875
57883
57887
57926
57931
57938
57944
57946
57958
57969
57981
57988
58000
58002
58004
58006
58011
58024
58032
58035
58047
58056
58059
58075
58081
58086
58104
58107
58114
58120
58127
58133
58146
58151
58157
58188
58200
58205
58210
58213
58217
58224
58235
58253
58264
58269
58287
58306
58310
58328
58346
58354
58360
58385
58394
58398
58402
58406
58410
58415
58446
58450
58453
58456
58459
58463
58490
58496
58510
58522
58525
58551
58555
58562
58590
58594
58603
58618
58624
58628
58653
58657
58693
58697
58728
58750
58833
58837
58841
58845
58853
58857
58882
58902
58914
58917
58920
58924
58948
58961
59008
59016
59071
59078
59162
59197
59214
59219
59223
59248
59288
59309
59401
59425
59474
59510
59557
60310
60314
60317
60320
60323
60326
60328
60331
60334
60338
60341
60344
60347
60350
60353
60357
60361
60449
60458
60475
60480
60482
60485
60492
60497
60506
60509
60514
60540
60542
60547
60552
60555
60588
60611
60631
60644
60649
60652
60657
60667
60669
60685
60690
60709
60736
60743
60746
60750
60753
60760
60778
60787
60803
60806
60810
60813
60818
60827
60829
60836
60839
60843
60877
60902
60932
60939
60953
60990
61009
61015
61018
61024
61037
61045
61053
61062
61070
61072
61081
61088
61098
61105
61114
61130
61133
61148
61157
61162
61165
61176
61179
61189
61193
61197
61205
61208
61268
61276
61279
61287
61289
61294
61297
61320
61326
61335
61339
61341
61346
61363
61366
61384
61388
61390
61402
61424
61428
61431
61444
61448
61481
61486
61489
61493
61504
61512
61524
61534
61537
61547
61557
61567
61570
61576
61585
61612
61615
61618
61622
61624
61654
61679
61682
61690
61705
61708
61717
61731
61739
61742
61763
61771
61775
61794
61797
61816
61820
61835
61852
61865
61886
61964
61974
61977
61980
62020
62036
62040
62043
62047
62056
62059
62062
62075
62079
62083
62136
62139
62144
62148
62166
62179
62183
62192
62200
62211
62214
62218
62223
62231
62235
62252
62256
62275
62286
62291
62306
62313
62325
62328
62336
62341
62343
62362
62366
62377
62380
62391
62438
62442
62445
62450
62460
62477
62509
62512
62523
62527
62539
62557
62571
62574
62577
62587
62590
62596
62601
62643
62646
62649
62660
62670
62674
62676
62696
62701
62706
62722
62728
62746
62750
62752
62754
62762
62768
62773
62807
62820
62824
62827
62846
62870
62873
62886
62893
62900
62909
62921
62928
62937
62944
62955
62961
62964
62971
62988
63028
63032
63035
63043
63048
63053
63072
63077
63108
63111
63123
63126
63130
63175
63180
63183
63190
63194
63200
63229
63239
63244
63252
63260
63284
63297
63305
63307
63330
63333
63350
63356
63365
63386
63398
63402
63413
63446
63505
63509
63513
63517
63521
63525
63528
63532
63539
63543
63601
63610
63615
63619
63623
63627
63631
63635
63638
63642
63665
63700
63704
63721
63728
63733
63737
63741
63747
63762
63768
63774
63813
63826
63830
63835
63839
63843
63848
63852
63881
63919
63933
63941
63951
63953
63957
63968
63971
63982
63990
64019
64022
64030
64085
64087
64100
64111
64114
64121
64149
64159
64178
64208
64211
64214
64232
64235
64238
64258
64260
64264
64289
64292
64321
64331
64337
64340
64349
64359
64413
64425
64445
64449
64454
64460
64484
64498
64507
64511
64521
64531
64553
64574
64591
64596
64599
64612
64647
64655
64687
64690
64695
64699
64740
64743
64756
64787
64791
64797
64803
64827
64842
64851
64900
64936
64943
64961
