1
2
3
4
5
6
8
9
10
11
12
15
20
72
75
79
83
86
90
96
99
103
107
110
116
122
162
164
167
169
172
174
177
179
943
1094
1132
1227
1230
1294
1372
1426
1429
1470
1503
1520
1551
1578
1588
1617
1621
1697
1724
1728
1731
1735
1739
1743
1745
1750
1756
1759
1762
1765
1768
1771
1774
1779
1782
1785
1788
1791
1795
1798
1801
1804
1808
1811
1814
1956
1964
1979
1982
1985
1988
1999
2005
2011
2020
2026
2093
2115
2137
2140
2145
2178
2182
2202
2207
2218
2221
2239
2258
2279
2282
2288
2320
2352
2375
2388
2400
2403
2412
2416
2422
2434
2491
2494
2537
2540
2544
2547
2550
2569
2605
2621
2650
2665
2668
2690
2731
2757
2770
2774
2797
2827
2836
2843
2865
2871
2923
2930
2934
2985
3015
3018
3089
3094
3114
3138
3376
3380
3383
3386
3390
3394
3398
3402
3406
3410
3414
3418
3422
3431
3434
3437
3440
3444
3448
3451
3454
3457
3460
3463
3466
3470
3473
3476
3479
3482
3550
3554
3565
3590
3622
3626
3630
3657
3702
3719
3723
3735
3740
3744
3777
3781
3805
3817
3869
3881
3886
3890
3905
3909
3920
3924
3959
3976
4008
4024
4027
4042
4046
4075
4082
4092
4103
4107
4130
4138
4153
4182
4185
4189
4207
4215
4233
4237
4251
4267
4295
4300
4329
4340
4346
4350
4390
4403
4407
4420
4433
4445
4449
4458
4485
4503
4507
4521
4542
4556
4577
4580
4592
4596
4613
4628
4662
4666
4677
4684
4696
4706
4740
4743
4751
4757
4783
4798
4808
4822
4832
4845
4857
4878
4899
4907
4927
4950
4955
4975
4991
5012
5028
5034
5037
5041
5045
5048
5051
5054
5057
5061
5065
5068
5072
5076
5084
5088
5092
5096
5100
5104
5107
5110
5113
5116
5119
5122
5126
5129
5195
5229
5239
5243
5259
5263
5267
5271
5274
5278
5286
5289
5305
5308
5333
5365
5368
5379
5387
5395
5398
5422
5425
5440
5457
5461
5480
5492
5513
5516
5525
5531
5567
5580
5616
5652
5655
5673
5712
5721
5728
5746
5758
5781
5784
5794
5803
5838
5848
5852
5855
5861
5869
5881
5903
5915
5923
5929
5944
5950
5956
5964
5970
5996
6026
6035
6039
6045
6057
6064
6077
6101
6106
6121
6126
6129
6146
6164
6169
6174
6218
6221
6227
6238
6253
6264
6286
6303
6306
6311
6316
6322
6345
6360
6364
6379
6390
6396
6416
6432
6444
6449
6462
6491
6503
6518
6529
6554
6559
6577
6580
6596
6614
6616
6643
6652
6669
6679
6683
6686
6689
6692
6696
6700
6703
6707
6711
6714
6717
6724
6728
6735
6738
6741
6743
6746
6749
6752
6755
6760
6763
6767
6771
6775
6777
6780
6783
6864
6872
6907
6921
6929
6933
6937
6943
6947
6955
7013
7016
7021
7056
7060
7090
7094
7097
7100
7119
7130
7133
7161
7165
7204
7223
7231
7238
7242
7274
7300
7325
7332
7341
7353
7359
7366
7415
7422
7431
7434
7441
7449
7460
7479
7495
7526
7538
7557
7569
7583
7591
7599
7611
7619
7652
7683
7705
7710
7713
7727
7730
7755
7771
7784
7791
7829
7838
7841
7851
7866
7874
7914
7917
7938
7963
7980
8011
8018
8039
8082
8108
8135
8145
8167
8170
8178
8197
8200
8219
8240
8243
8258
8277
8298
8303
8337
8340
8344
8348
8351
8354
8360
8363
8366
8370
8374
8379
8381
8396
8399
8403
8406
8409
8412
8415
8418
8422
8426
8430
8434
8443
8445
8447
8450
8452
8455
8458
8461
8463
8465
8468
8471
8474
8477
8480
8482
8484
8486
8488
8490
8492
8495
8499
8543
8557
8568
8589
8604
8606
8614
8625
8628
8631
8638
8647
8651
8665
8687
8707
8714
8725
8734
8744
8747
8780
8802
8805
8817
8837
8841
8848
8857
8863
8880
8916
8930
8934
8941
8961
8997
9003
9011
9036
9059
9065
9073
9076
9084
9094
9097
9106
9122
9131
9143
9167
9182
9188
9193
9199
9202
9211
9214
9219
9245
9265
9276
9287
9318
9328
9331
9347
9359
9387
9399
9426
9438
9444
9451
9464
9467
9504
9527
9562
9565
9577
9580
9655
9661
9665
9698
9716
9719
9753
9769
9796
9820
9831
9835
9843
9853
9857
9886
9896
9908
9935
9964
9984
10005
10018
10040
10044
10049
10054
10059
10064
10069
10073
10077
10081
10094
10097
10099
10102
10105
10108
10111
10113
10115
10118
10120
10122
10125
10128
10131
10133
10136
10138
10141
10144
10151
10154
10157
10159
10161
10165
10168
10171
10173
10175
10178
10181
10183
10185
10189
10191
10193
10196
10203
10261
10266
10270
10275
10280
10286
10291
10295
10300
10305
10370
10375
10380
10384
10390
10395
10401
10408
10456
10487
10492
10497
10508
10515
10524
10528
10532
10549
10586
10601
10624
10629
10638
10643
10679
10696
10701
10714
10728
10763
10778
10781
10811
10817
10828
10832
10836
10845
10864
10867
10891
10896
10900
10911
10943
10947
10955
10968
10972
10990
11014
11018
11022
11025
11031
11070
11075
11082
11085
11093
11097
11123
11135
11138
11142
11146
11160
11164
11207
11220
11223
11231
11234
11244
11246
11268
11290
11313
11322
11326
11331
11334
11344
11374
11379
11382
11386
11415
11422
11424
11432
11435
11438
11450
11478
11481
11484
11487
11489
11494
11517
11523
11540
11552
11576
11597
11616
11620
11628
11641
11648
11657
11659
11664
11682
11684
11686
11688
11704
11726
11733
11752
11755
11757
11759
11762
11765
11768
11771
11774
11777
11780
11783
11786
11789
11791
11794
11796
11799
11804
11807
11810
11812
11814
11817
11820
11823
11826
11830
11833
11836
11842
11845
11848
11852
11909
11914
11970
11972
11976
11978
11981
11984
11989
11992
11995
11998
12003
12012
12058
12061
12078
12091
12124
12126
12132
12136
12138
12145
12148
12155
12207
12214
12228
12232
12238
12241
12249
12291
12300
12324
12328
12357
12371
12381
12385
12410
12440
12455
12457
12477
12505
12556
12569
12579
12588
12605
12612
12625
12639
12668
12671
12685
12697
12703
12716
12757
12773
12776
12779
12782
12784
12790
12822
12829
12842
12845
12880
12892
12917
12919
12937
12939
12975
12981
13023
13025
13056
13059
13069
13080
13086
13088
13107
13123
13138
13155
13173
13179
13195
13221
13223
13228
13265
13267
13269
13303
13313
13323
13348
13350
13355
13379
13399
13402
13405
13408
13411
13413
13416
13419
13422
13425
13428
13431
13434
13437
13440
13443
13447
13450
13510
13555
13566
13568
13571
13573
13575
13578
13581
13588
13591
13596
13599
13611
13636
13654
13720
13724
13728
13731
13734
13744
13750
13753
13765
13786
13789
13806
13821
13824
13840
13859
13863
13875
13878
13892
13895
13898
13927
13930
13947
13960
13963
13978
13981
14011
14014
14030
14033
14038
14043
14061
14092
14106
14110
14120
14125
14137
14140
14144
14170
14195
14198
14203
14223
14245
14254
14257
14265
14286
14306
14333
14347
14371
14386
14391
14395
14408
14411
14435
14447
14487
14490
14493
14501
14505
14539
14542
14562
14579
14582
14595
14613
14626
14655
14659
14662
14675
14690
14725
14728
14732
14735
14760
14808
14921
14940
14952
14973
14985
14995
14998
15000
15003
15007
15009
15011
15014
15017
15020
15023
15026
15028
15030
15032
15035
15038
15043
15046
15096
15125
15143
15146
15159
15162
15165
15172
15175
15185
15188
15194
15221
15232
15243
15250
15253
15257
15277
15280
15291
15296
15310
15316
15319
15333
15349
15353
15357
15386
15389
15392
15414
15417
15422
15425
15428
15445
15448
15457
15499
15513
15517
15528
15531
15540
15543
15579
15593
15601
15618
15628
15635
15647
15664
15668
15674
15702
15725
15730
15749
15779
15786
15792
15795
15815
15822
15856
15865
15896
15899
15905
15916
15946
15962
15965
15973
15990
16010
16051
16069
16079
16089
16097
16103
16116
16142
16149
16159
16173
16185
16197
16204
16218
16234
16247
16252
16255
16283
16295
16299
16326
16329
16332
16367
16385
16390
16393
16425
16429
16456
16476
16501
16516
16531
16546
16592
16596
16600
16604
16608
16612
16616
16619
16623
16627
16631
16638
16700
16707
16750
16764
16771
16780
16784
16788
16794
16798
16809
16812
16877
16884
16888
16903
16915
16918
16921
16930
16942
16956
16984
16999
17021
17025
17029
17036
17059
17087
17090
17099
17120
17124
17172
17176
17230
17233
17247
17253
17261
17268
17300
17349
17357
17376
17384
17409
17426
17434
17438
17451
17467
17499
17516
17527
17548
17568
17608
17619
17631
17648
17669
17675
17686
17727
17732
17738
17741
17792
17823
17837
17840
17877
17883
17892
17899
17927
17942
17957
17960
17968
17972
18002
18009
18016
18040
18046
18052
18059
18083
18099
18103
18135
18138
18142
18166
18168
18187
18190
18193
18196
18199
18202
18205
18208
18211
18214
18218
18221
18223
18226
18229
18232
18235
18239
18335
18340
18347
18370
18380
18396
18398
18406
18411
18413
18417
18419
18427
18430
18439
18443
18460
18498
18504
18523
18526
18531
18534
18543
18545
18551
18566
18578
18589
18612
18618
18635
18644
18647
18669
18676
18679
18686
18696
18703
18731
18736
18744
18756
18773
18775
18797
18803
18830
18838
18860
18866
18869
18875
18885
18895
18905
18907
18914
18942
18952
18969
18971
18979
18995
19024
19028
19031
19037
19055
19059
19072
19090
19102
19106
19120
19122
19131
19145
19148
19171
19176
19198
19203
19242
19246
19248
19255
19262
19272
19283
19298
19322
19326
19331
19335
19341
19382
19395
19397
19412
19427
19433
19444
19447
19462
19468
19475
19477
19490
19534
19543
19561
19568
19572
19578
19593
19606
19618
19621
19649
19657
19669
19677
19693
19699
19727
19742
19783
19786
19789
19793
19796
19799
19802
19805
19808
19811
19814
19817
19820
19823
19851
19951
19954
19957
19969
19977
20016
20019
20035
20038
20058
20074
20077
20080
20083
20093
20095
20112
20118
20123
20148
20159
20177
20180
20184
20214
20216
20218
20224
20237
20244
20250
20277
20280
20309
20313
20331
20342
20358
20367
20370
20373
20376
20400
20406
20436
20447
20453
20455
20459
20462
20465
20532
20541
20543
20545
20548
20550
20568
20594
20597
20604
20606
20615
20624
20676
20682
20695
20698
20701
20704
20717
20760
20762
20773
20776
20793
20805
20824
20826
20842
20865
20878
20908
20918
20971
20976
21028
21030
21033
21037
21041
21043
21089
21093
21099
21101
21121
21167
21171
21173
21178
21198
21260
21264
21303
21358
21441
21444
21446
21448
21450
21453
21456
21459
21462
21464
21467
21469
21474
21477
21480
21492
21496
21499
21502
21505
21508
21512
21516
21519
21523
21527
21531
21535
21539
21551
21554
21557
21560
21566
21570
21573
21576
21579
21582
21585
21588
21591
21595
21598
21661
21670
21674
21682
21685
21690
21695
21697
21702
21711
21720
21731
21733
21741
21745
21752
21758
21776
21789
21799
21817
21830
21843
21847
21852
21856
21858
21863
21873
21876
21884
21886
21888
21891
21904
21911
21931
21945
21948
21950
21955
21966
21971
21985
21990
22000
22006
22021
22034
22042
22051
22055
22057
22071
22085
22090
22092
22095
22128
22132
22156
22162
22189
22191
22202
22208
22239
22260
22287
22290
22294
22308
22315
22324
22357
22371
22383
22414
22424
22431
22435
22449
22465
22470
22481
22490
22509
22514
22530
22533
22537
22554
22557
22561
22574
22576
22585
22602
22611
22628
22637
22646
22652
22655
22670
22679
22693
22696
22702
22704
22717
22748
22755
22757
22764
22767
22770
22779
22800
22811
22828
22843
22855
22861
22869
22871
22886
22902
22925
22938
22947
22949
22953
22955
22981
23000
23002
23004
23009
23013
23052
23054
23058
23073
23080
23093
23106
23108
23143
23146
23149
23153
23156
23159
23161
23163
23165
23168
23171
23174
23177
23180
23183
23185
23187
23189
23191
23193
23195
23200
23239
23265
23274
23277
23286
23301
23316
23320
23325
23335
23343
23350
23352
23357
23360
23364
23366
23384
23390
23397
23400
23414
23421
23425
23430
23432
23444
23457
23487
23503
23505
23509
23517
23522
23526
23539
23541
23545
23548
23567
23577
23579
23604
23607
23620
23638
23644
23647
23650
23663
23682
23686
23714
23718
23722
23733
23744
23764
23773
23779
23782
23784
23786
23792
23795
23800
23804
23819
23844
23851
23853
23855
23857
23863
23881
23901
23907
23909
23911
23924
23927
23931
23937
23939
23945
23968
23972
23974
23999
24001
24016
24021
24025
24027
24029
24032
24040
24042
24051
24072
24083
24085
24090
24092
24111
24130
24134
24139
24152
24156
24158
24163
24166
24171
24194
24233
24237
24243
24249
24259
24261
24285
24294
24296
24308
24320
24333
24353
24355
24362
24378
24391
24396
24398
24400
24402
24419
24432
24434
24451
24454
24463
24465
24472
24476
24479
24491
24493
24496
24503
24511
24523
24548
24550
24556
24560
24564
24571
24573
24580
24594
24606
24608
24618
24627
24629
24634
24649
24651
24653
24656
24683
24688
24703
24713
24798
24808
24811
24815
24828
24841
24844
24847
24849
24854
24857
24884
24889
24915
24918
24932
24938
24955
24960
24986
24994
25003
25013
25018
25027
25038
25040
25047
25091
25104
25106
25108
25110
25126
25136
25142
25150
25163
25171
25185
25203
25221
25233
25236
25245
25263
25284
25294
25304
25314
25323
25332
25345
25351
25355
25368
25404
25412
25431
25434
25438
25469
25486
25512
25515
25518
25529
25532
25563
25577
25582
25585
25590
25593
25605
25636
25644
25652
25659
25665
25674
25690
25696
25703
25739
25744
25751
25754
25764
25789
25792
25804
25829
25837
25845
25878
25882
25887
25891
25928
25934
25939
25943
25991
25995
26032
26041
26049
26057
26092
26099
26175
26180
26203
26234
26238
26264
26339
26345
26349
26353
26357
26361
26365
26422
26425
26429
26432
26443
26466
26470
26575
26579
26583
26587
26670
26722
26726
26730
26816
26822
26985
27824
27827
27830
27833
27835
27837
27840
27843
27849
27852
27854
27856
27858
27860
27863
27865
27868
27928
27933
27937
27944
27946
27949
27953
27964
27967
27993
28005
28012
28023
28025
28039
28048
28051
28054
28071
28082
28093
28139
28149
28152
28155
28160
28178
28191
28195
28212
28223
28231
28245
28256
28273
28294
28306
28310
28317
28337
28346
28348
28371
28387
28395
28397
28401
28404
28407
28410
28426
28429
28435
28481
28498
28526
28529
28542
28547
28596
28601
28604
28607
28609
28624
28630
28652
28666
28677
28680
28683
28693
28696
28699
28712
28726
28739
28743
28759
28770
28789
28797
28801
28808
28813
28844
28856
28863
28892
28898
28901
28903
28906
28911
28940
28950
28953
28957
28966
28974
28993
29014
29024
29027
29030
29045
29048
29077
29082
29085
29094
29099
29115
29121
29126
29129
29141
29155
29169
29173
29184
29187
29197
29212
29220
29225
29229
29234
29255
29262
29267
29286
29296
29304
29313
29329
29336
29344
29350
29364
29381
29464
29472
29493
29497
29507
29532
29535
29538
29541
29552
29555
29557
29562
29565
29567
29570
29579
29597
29635
29638
29641
29651
29662
29664
29672
29674
29677
29680
29694
29697
29708
29710
29717
29720
29736
29740
29749
29793
29801
29804
29809
29811
29820
29834
29837
29843
29854
29865
29886
29892
29907
29915
29921
29924
29943
29948
29958
29973
29977
29980
29990
29994
29998
30000
30011
30026
30047
30061
30071
30074
30082
30094
30100
30110
30118
30121
30125
30143
30146
30171
30175
30188
30192
30195
30207
30219
30223
30240
30242
30263
30272
30281
30284
30292
30304
30325
30330
30335
30373
30377
30385
30388
30394
30399
30402
30441
30445
30459
30463
30468
30479
30482
30496
30504
30515
30530
30536
30556
30567
30570
30589
30604
30613
30618
30646
30649
30657
30685
30690
30702
30715
30718
30726
30731
30749
30773
30776
30784
30797
30803
30824
30826
30858
30866
30895
30900
30920
30940
30956
31014
31031
31037
31041
31049
31053
31062
31071
31074
31077
31080
31083
31110
31118
31141
31145
31158
31173
31201
31219
31227
31229
31232
31235
31238
31241
31246
31256
31260
31264
31271
31300
31322
31324
31333
31343
31352
31378
31384
31387
31395
31461
31483
31498
31514
31522
31525
31535
31583
31592
31603
31614
31617
31649
31663
31666
31676
31694
31719
31736
31739
31742
31753
31784
31794
31797
31836
31854
31865
31892
31908
31919
31935
31944
31993
32010
32031
32043
32053
32068
32093
32123
32128
32130
32136
32139
32159
32169
32172
32178
32199
32205
32212
32225
32231
32256
32265
32271
32300
32307
32329
32349
32377
32394
32410
32419
32439
32444
32472
32493
32494
32495
32496
32497
32498
32501
32502
32503
32504
32508
32512
32564
32567
32571
32575
32580
32584
32587
32590
32594
32598
32602
32612
32655
32660
32664
32666
32669
32788
32942
33088
33475
33588
33654
33692
33810
33814
33874
33890
33918
33922
33962
33996
34011
34027
34057
34078
34096
34127
34136
34188
34207
34217
34220
34222
34226
34229
34235
34238
34240
34243
34246
34249
34252
34255
34258
34261
34264
34271
34274
34277
34280
34283
34286
34289
34292
34295
34298
34301
34304
34440
34444
34460
34463
34468
34475
34478
34481
34484
34489
34507
34561
34568
34597
34601
34605
34621
34629
34632
34635
34663
34748
34752
34755
34764
34767
34772
34775
34778
34781
34836
34852
34893
34901
34904
34909
34912
34969
34992
35022
35025
35030
35037
35040
35112
35137
35144
35153
35156
35159
35213
35224
35262
35266
35285
35289
35327
35353
35362
35365
35387
35450
35454
35476
35537
35606
35609
35691
35868
35872
35881
35886
35891
35895
35899
35903
35908
35912
35916
35923
35927
35930
35933
35937
35941
35944
35947
35951
35954
35957
35960
35963
35966
35969
35972
36036
36048
36062
36079
36093
36097
36110
36120
36187
36201
36217
36228
36245
36272
36298
36307
36313
36365
36373
36377
36392
36396
36406
36430
36450
36461
36501
36510
36514
36524
36531
36538
36591
36595
36604
36621
36626
36652
36672
36685
36716
36721
36729
36742
36746
36749
36801
36832
36842
36854
36861
36872
36900
36938
36946
36950
36959
36963
36999
37007
37034
37042
37046
37056
37096
37118
37128
37132
37142
37176
37205
37213
37218
37222
37233
37249
37276
37310
37314
37320
37355
37366
37369
37376
37404
37415
37444
37447
37466
37483
37514
37520
37523
37529
37533
37537
37540
37544
37548
37551
37555
37559
37563
37566
37569
37575
37583
37586
37589
37592
37595
37599
37603
37607
37611
37615
37619
37622
37743
37753
37757
37761
37765
37771
37775
37779
37783
37786
37802
37909
37913
37920
37923
37930
37934
37938
37947
37966
37991
38001
38004
38024
38068
38076
38101
38105
38109
38125
38131
38157
38162
38187
38211
38218
38237
38247
38251
38257
38276
38312
38326
38333
38336
38342
38355
38362
38370
38379
38385
38435
38446
38450
38453
38459
38477
38480
38493
38500
38510
38522
38561
38566
38577
38606
38614
38617
38624
38631
38635
38637
38652
38659
38696
38706
38716
38722
38729
38740
38748
38754
38760
38771
38785
38794
38805
38808
38837
38840
38877
38882
38885
38895
38897
38911
38929
38956
38964
38966
38973
39019
39041
39045
39053
39083
39098
39127
39130
39150
39171
39174
39178
39181
39184
39187
39192
39196
39200
39204
39207
39211
39215
39219
39227
39230
39233
39236
39239
39242
39245
39248
39256
39259
39262
39266
39269
39274
39278
39360
39396
39400
39404
39417
39421
39424
39429
39433
39437
39440
39523
39531
39540
39552
39556
39568
39577
39586
39614
39659
39671
39678
39702
39714
39722
39729
39736
39740
39744
39756
39764
39779
39796
39817
39849
39852
39858
39865
39872
39889
39899
39912
39924
39947
39978
39986
39992
40021
40024
40044
40048
40051
40069
40075
40093
40096
40105
40137
40148
40157
40177
40201
40205
40217
40232
40243
40280
40283
40288
40306
40327
40341
40350
40363
40377
40430
40438
40446
40461
40508
40536
40549
40578
40603
40618
40660
40690
40703
40709
40726
40735
40757
40762
40780
40802
40823
40826
40829
40834
40837
40840
40846
40849
40852
40855
40858
40861
40866
40869
40874
40880
40884
40888
40892
40896
40899
40902
40910
40914
40918
40921
40925
40935
40938
40943
40946
40949
40951
40954
40957
40960
40963
40966
40968
40970
40973
40976
40979
40982
40985
41054
41059
41062
41072
41075
41081
41086
41091
41102
41111
41119
41122
41132
41148
41168
41182
41193
41196
41205
41230
41238
41252
41275
41285
41299
41315
41328
41338
41345
41400
41427
41432
41441
41459
41462
41465
41477
41482
41490
41531
41549
41557
41570
41578
41585
41596
41611
41617
41646
41663
41672
41678
41684
41691
41722
41735
41738
41741
41755
41767
41770
41784
41797
41811
41839
41842
41851
41854
41858
41882
41904
41909
41921
41947
41958
41961
41984
41987
42003
42009
42043
42054
42057
42077
42110
42142
42145
42225
42294
42300
42372
42378
42402
42413
42465
42488
42502
42544
42549
42553
42557
42561
42565
42570
42574
42578
42587
42589
42591
42594
42597
42599
42601
42603
42605
42607
42610
42612
42614
42617
42620
42626
42629
42632
42635
42638
42642
42644
42646
42653
42656
42660
42663
42666
42669
42673
42676
42679
42681
42683
42685
42688
42692
42763
42767
42771
42776
42781
42786
42791
42800
42809
42838
42865
42870
42874
42880
42885
42894
42902
42965
42969
42978
42987
42992
42997
43002
43023
43075
43080
43086
43090
43094
43112
43144
43181
43197
43216
43234
43239
43250
43314
43317
43330
43339
43363
43367
43410
43443
43452
43461
43518
43525
43574
43589
43593
43601
43613
43617
43621
43639
43659
43662
43666
43686
43711
43714
43721
43727
43732
43755
43760
43778
43811
43815
43820
43823
43826
43845
43862
43868
43877
43880
43892
43899
43921
43930
43933
43950
43970
43976
43979
44008
44012
44015
44017
44053
44082
44122
44142
44152
44161
44174
44177
44198
44204
44219
44241
44244
44247
44250
44258
44261
44264
44266
44269
44272
44275
44277
44280
44282
44285
44287
44289
44291
44295
44298
44301
44304
44306
44309
44312
44316
44319
44321
44324
44327
44331
44334
44337
44340
44343
44439
44458
44460
44462
44466
44469
44473
44478
44480
44483
44495
44540
44556
44568
44579
44594
44615
44621
44623
44626
44635
44638
44648
44652
44655
44667
44681
44690
44726
44741
44767
44779
44782
44801
44809
44817
44822
44833
44838
44856
44902
44909
44914
44925
44939
44947
44955
44959
44992
45053
45071
45073
45124
45135
45154
45159
45202
45204
45208
45235
45249
45261
45297
45303
45312
45315
45317
45321
45333
45339
45341
45343
45385
45402
45410
45428
45450
45459
45465
45468
45492
45495
45506
45525
45540
45568
45573
45579
45586
45599
45629
45660
45668
45684
45691
45723
45742
45750
45760
45779
45800
45804
45814
45831
45837
45877
45891
45894
45896
45898
45901
45904
45907
45910
45912
45915
45918
45921
45925
45928
45931
45934
45937
45940
46013
46023
46026
46029
46057
46060
46063
46069
46085
46088
46091
46097
46101
46104
46118
46146
46175
46182
46185
46212
46215
46217
46222
46249
46252
46269
46276
46289
46292
46304
46322
46329
46359
46391
46401
46408
46411
46417
46420
46429
46432
46441
46443
46459
46468
46480
46484
46500
46534
46541
46549
46552
46562
46565
46597
46615
46627
46651
46662
46671
46681
46686
46699
46715
46728
46746
46758
46786
46799
46806
46810
46813
46825
46863
46867
46879
46905
46915
46918
46927
46964
46967
46972
46982
46993
47005
47009
47030
47042
47055
47074
47089
47093
47098
47112
47128
47166
47169
47178
47205
47219
47224
47236
47244
47260
47287
47292
47298
47302
47326
47340
47352
47385
47425
47453
47486
47488
47491
47494
47496
47498
47501
47503
47505
47507
47509
47516
47518
47520
47522
47526
47528
47530
47532
47535
47537
47567
47603
47605
47608
47615
47617
47623
47625
47629
47631
47652
47664
47690
47692
47694
47696
47711
47719
47721
47727
47730
47733
47736
47752
47764
47767
47775
47790
47792
47808
47823
47830
47833
47835
47837
47847
47860
47865
47869
47876
47889
47893
47898
47903
47929
47932
47934
47939
47948
47962
47967
47984
48003
48024
48034
48036
48043
48053
48056
48062
48077
48084
48104
48131
48137
48139
48142
48154
48157
48166
48169
48192
48206
48214
48218
48229
48236
48239
48242
48252
48262
48272
48290
48295
48314
48317
48320
48323
48326
48337
48366
48369
48371
48383
48428
48430
48435
48437
48468
48474
48491
48494
48510
48530
48558
48560
48565
48568
48571
48573
48581
48587
48656
48659
48671
48678
48709
48713
48721
48732
48737
48750
48753
48770
48783
48797
48800
48809
48838
48840
48864
48873
48876
48878
48905
48920
48955
48997
49000
49028
49031
49084
49088
49092
49096
49100
49104
49107
49110
49116
49120
49124
49127
49131
49220
49237
49241
49248
49252
49261
49298
49316
49319
49328
49331
49335
49338
49374
49392
49396
49405
49411
49449
49464
49468
49479
49484
49489
49520
49544
49554
49576
49587
49605
49609
49626
49629
49663
49684
49701
49710
49740
49760
49766
49812
49819
49829
49834
49838
49881
49884
49927
49930
49940
49949
50008
50040
50050
50056
50070
50094
50133
50144
50157
50170
50173
50179
50183
50224
50227
50260
50263
50273
50321
50361
50374
50388
50392
50395
50430
50442
50458
50475
50481
50508
50514
50534
50545
50563
50567
50584
50601
50604
50618
50634
50652
50679
50682
50684
50687
50690
50693
50695
50697
50700
50703
50706
50708
50711
50713
50716
50718
50720
50726
50728
50831
50833
50850
50861
50865
50872
50880
50897
50900
50905
50908
50910
50921
50923
50931
50934
50941
50967
50981
50990
50994
51020
51029
51055
51062
51064
51072
51085
51087
51091
51094
51099
51106
51114
51123
51128
51130
51149
51179
51185
51188
51221
51229
51244
51249
51251
51264
51279
51313
51315
51317
51330
51346
51348
51378
51385
51393
51397
51405
51408
51416
51422
51441
51443
51470
51473
51488
51498
51515
51519
51525
51539
51545
51547
51560
51567
51580
51588
51593
51602
51615
51632
51636
51654
51657
51675
51681
51698
51704
51740
51749
51753
51766
51768
51802
51805
51820
51843
51874
51880
51889
51891
51893
51904
51910
51941
51952
51959
51969
51979
51989
52005
52010
52030
52058
52065
52074
52087
52096
52110
52139
52142
52149
52176
52197
52200
52216
52234
52238
52255
52275
52278
52281
52284
52287
52290
52292
52295
52298
52301
52304
52307
52310
52313
52316
52323
52339
52346
52382
52445
52447
52449
52452
52457
52466
52495
52517
52526
52528
52550
52554
52564
52572
52575
52583
52612
52618
52637
52639
52652
52665
52671
52681
52683
52692
52718
52723
52726
52735
52744
52757
52761
52811
52816
52819
52828
52833
52845
52852
52871
52882
52892
52894
52900
52907
52910
52968
52984
52986
52994
53003
53014
53023
53060
53071
53074
53077
53089
53108
53150
53156
53177
53180
53185
53229
53247
53288
53313
53379
53426
53436
53439
53462
53498
53501
53509
53511
53521
53525
53534
53555
53568
53584
53590
53612
53642
53727
53744
53756
53818
53927
53932
53934
53936
53938
53941
53943
53945
53948
53951
53955
53958
53961
53964
53967
53971
53976
53979
53983
53989
53992
53995
53998
54001
54004
54007
54011
54015
54018
54021
54024
54028
54032
54041
54044
54048
54051
54054
54057
54062
54065
54069
54072
54075
54078
54080
54082
54086
54089
54155
54166
54173
54180
54183
54185
54197
54200
54204
54213
54222
54224
54231
54240
54246
54248
54262
54268
54287
54290
54295
54322
54329
54336
54361
54368
54375
54390
54393
54395
54400
54406
54420
54427
54434
54437
54446
54451
54462
54465
54471
54488
54506
54526
54538
54540
54543
54545
54563
54567
54579
54582
54593
54601
54617
54620
54629
54640
54657
54669
54688
54703
54706
54709
54725
54727
54753
54788
54791
54836
54846
54857
54860
54869
54878
54883
54911
54925
54928
54932
54938
54946
54955
54993
54995
54999
55001
55014
55032
55040
55044
55060
55095
55097
55100
55102
55109
55112
55115
55138
55156
55161
55193
55195
55201
55204
55207
55217
55238
55241
55247
55276
55279
55283
55285
55288
55296
55323
55340
55349
55359
55378
55396
55428
55439
55441
55455
55467
55521
55530
55546
55562
55565
55581
55593
55607
55610
55638
55640
55642
55644
55646
55650
55652
55654
55656
55658
55661
55663
55665
55667
55669
55672
55674
55677
55680
55683
55685
55717
55769
55792
55801
55804
55806
55808
55812
55814
55816
55818
55820
55824
55828
55831
55833
55836
55838
55840
55842
55852
55898
55919
55925
55927
55933
55936
55938
55944
55956
55962
55964
55967
55974
55991
55997
56001
56015
56026
56056
56066
56068
56076
56079
56081
56085
56090
56093
56117
56119
56130
56145
56157
56167
56171
56179
56184
56187
56204
56206
56208
56214
56218
56226
56235
56245
56254
56265
56267
56281
56295
56299
56301
56303
56306
56312
56314
56317
56320
56328
56332
56339
56350
56352
56388
56399
56402
56406
56422
56432
56435
56444
56473
56480
56490
56496
56498
56505
56514
56529
56546
56550
56553
56569
56593
56607
56612
56621
56623
56638
56649
56651
56659
56661
56678
56686
56702
56706
56708
56713
56720
56728
56731
56747
56749
56757
56771
56776
56781
56789
56791
56802
56804
56812
56815
56826
56836
56838
56842
56857
56867
56873
56875
56882
56886
56896
56898
56913
56916
56927
56930
56934
56959
56968
56970
56973
56978
57004
57007
57009
57013
57035
57046
57048
57068
57070
57080
57091
57095
57098
57100
57117
57120
57140
57143
57154
57157
57185
57187
57198
57209
57294
57323
57329
57342
57355
57357
57364
57378
57380
57384
57396
57398
57404
57412
57426
57444
57453
57469
57471
57485
57489
57491
57508
57511
57523
57526
57530
57533
57537
57546
57548
57555
57563
57577
57585
57613
57618
57628
57631
57636
57646
57649
57667
57671
57689
57705
57708
57720
57724
57727
57737
57745
57755
57757
57760
57775
57784
57796
57811
57833
57841
57846
57849
57856
57859
57861
57864
57878
57885
57896
57928
57931
57941
57946
57958
57962
57978
57983
57993
58004
58008
58012
58036
58040
58056
58059
58084
58089
58098
58101
58106
58109
58112
58116
58129
58157
58162
58167
58170
58181
58188
58210
58218
58230
58246
58256
58264
58292
58311
58319
58324
58327
58331
58336
58343
58375
58379
58383
58393
58413
58424
58428
58432
58435
58441
58472
58480
58485
58490
58500
58528
58532
58556
58564
58567
58590
58593
58600
58621
58624
58644
58716
58744
58828
58837
58844
58852
58857
58914
58917
58921
58935
58961
58977
59066
59071
59075
59166
59218
59222
59307
59357
59392
60311
60314
60317
60320
60323
60326
60328
60333
60336
60339
60342
60345
60348
60352
60355
60358
60361
60422
60435
60438
60441
60444
60457
60478
60484
60548
60553
60556
60559
60582
60585
60588
60591
60594
60597
60606
60613
60615
60650
60681
60684
60686
60689
60692
60695
60698
60705
60707
60716
60749
60751
60760
60779
60783
60786
60788
60791
60815
60828
60846
60849
60852
60871
60877
60880
60887
60903
60934
60938
60943
60951
60962
60967
60973
60984
60997
61006
61008
61018
61056
61061
61067
61069
61077
61079
61095
61099
61103
61112
61122
61133
61145
61148
61153
61155
61175
61195
61203
61205
61211
61215
61217
61222
61225
61227
61229
61235
61237
61282
61287
61290
61295
61301
61320
61327
61332
61340
61348
61352
61369
61375
61383
61394
61410
61418
61420
61423
61431
61434
61443
61455
61458
61467
61475
61480
61492
61500
61511
61517
61523
61533
61535
61541
61557
61572
61574
61578
61588
61592
61607
61610
61619
61625
61636
61639
61645
61664
61676
61679
61683
61690
61707
61718
61721
61731
61742
61746
61771
61773
61782
61792
61795
61817
61821
61836
61852
61855
61879
61937
61968
61971
61973
61976
61979
61984
61998
62010
62014
62019
62039
62042
62048
62054
62057
62059
62075
62080
62088
62123
62146
62154
62168
62192
62194
62202
62207
62210
62213
62225
62228
62233
62239
62265
62271
62279
62301
62322
62329
62331
62333
62336
62338
62350
62352
62354
62357
62371
62386
62391
62407
62412
62414
62419
62422
62434
62472
62483
62486
62490
62493
62506
62509
62512
62519
62531
62559
62564
62566
62581
62586
62588
62590
62609
62612
62616
62634
62654
62669
62675
62678
62680
62684
62686
62699
62706
62727
62734
62749
62767
62776
62788
62790
62792
62794
62796
62799
62805
62809
62820
62837
62876
62880
62890
62893
62895
62900
62903
62906
62919
62930
62943
62947
62955
62968
62971
62988
63003
63006
63020
63029
63043
63073
63080
63086
63089
63101
63104
63134
63142
63152
63156
63171
63173
63184
63204
63210
63218
63223
63229
63265
63270
63316
63320
63343
63375
63381
63412
63421
63448
63509
63513
63517
63522
63526
63529
63534
63538
63556
63560
63596
63600
63616
63619
63623
63628
63632
63638
63643
63664
63687
63699
63706
63712
63718
63725
63729
63753
63771
63782
63785
63791
63795
63799
63810
63813
63815
63837
63865
63871
63874
63890
63894
63900
63914
63924
63928
63972
63977
63980
63985
63990
64013
64071
64076
64108
64137
64158
64221
64223
64228
64231
64236
64245
64252
64310
64322
64329
64350
64371
64376
64394
64435
64462
64473
64517
64526
64532
64540
64554
64564
64586
64622
64625
64637
64645
64657
64665
64668
64698
64710
64715
64726
64762
64765
64779
64788
64810
64816
64820
64823
64843
64862
64872
64882
64889
64910
64912
64926
64955
64959
64970
64977
