1
2
3
4
5
6
9
10
11
16
20
71
74
77
81
84
87
90
93
96
98
104
107
110
113
121
162
165
169
172
175
295
345
547
733
903
1057
1132
1258
1261
1294
1345
1375
1397
1424
1429
1469
1493
1496
1539
1590
1618
1624
1647
1656
1702
1723
1727
1730
1733
1736
1739
1742
1744
1749
1755
1758
1761
1764
1770
1773
1779
1782
1785
1787
1795
1798
1802
1805
1808
1811
1815
1928
1945
1948
1951
1961
1964
1969
1972
1975
1978
2019
2035
2042
2062
2083
2095
2127
2155
2169
2174
2184
2192
2207
2212
2230
2235
2242
2273
2284
2296
2303
2313
2322
2332
2344
2353
2370
2373
2379
2420
2443
2451
2480
2496
2499
2502
2507
2510
2529
2532
2564
2590
2614
2621
2655
2662
2664
2686
2740
2760
2766
2769
2772
2797
2842
2867
2870
2895
2933
2936
2956
2959
3016
3018
3039
3090
3093
3095
3179
3181
3377
3380
3383
3386
3390
3394
3398
3402
3406
3410
3414
3418
3421
3424
3431
3434
3437
3441
3444
3447
3451
3454
3457
3460
3462
3464
3467
3470
3473
3476
3479
3482
3543
3547
3554
3558
3563
3569
3603
3626
3630
3635
3640
3643
3649
3704
3709
3725
3770
3779
3783
3791
3795
3804
3813
3823
3854
3865
3875
3916
3928
3940
3951
3955
3966
3980
4015
4021
4039
4043
4051
4054
4090
4101
4105
4113
4150
4172
4180
4183
4186
4229
4235
4247
4250
4292
4295
4298
4301
4304
4310
4315
4319
4361
4364
4376
4386
4403
4407
4417
4424
4432
4445
4481
4486
4489
4500
4504
4507
4524
4547
4572
4581
4584
4587
4594
4598
4631
4635
4640
4643
4656
4676
4686
4691
4695
4707
4728
4735
4739
4743
4776
4780
4791
4805
4808
4817
4821
4832
4847
4857
4861
4869
4882
4893
4915
4925
4936
4941
4944
4962
4975
4991
5001
5011
5027
5030
5034
5038
5042
5046
5049
5053
5056
5060
5064
5067
5070
5074
5077
5087
5090
5093
5096
5099
5102
5105
5109
5113
5117
5120
5123
5126
5129
5133
5210
5213
5248
5251
5259
5272
5275
5279
5282
5285
5288
5293
5366
5369
5372
5393
5404
5411
5425
5430
5436
5439
5446
5449
5463
5482
5514
5517
5520
5524
5555
5581
5588
5591
5604
5619
5623
5639
5652
5655
5658
5661
5674
5677
5690
5714
5724
5751
5754
5770
5778
5781
5784
5787
5790
5802
5805
5840
5848
5851
5855
5874
5877
5903
5906
5921
5924
5947
5956
5965
5968
5971
5989
5998
6023
6032
6050
6053
6063
6071
6074
6077
6080
6123
6126
6133
6136
6140
6143
6161
6177
6201
6205
6214
6219
6224
6226
6246
6258
6262
6266
6279
6310
6316
6319
6338
6348
6365
6369
6382
6396
6408
6414
6421
6433
6439
6448
6462
6478
6492
6495
6517
6553
6559
6562
6565
6591
6606
6608
6625
6636
6639
6653
6680
6684
6688
6692
6695
6698
6701
6704
6707
6710
6713
6716
6720
6723
6735
6738
6741
6744
6747
6750
6753
6756
6762
6765
6768
6771
6774
6777
6780
6784
6787
6838
6866
6870
6884
6906
6909
6912
6927
6931
6941
6974
6987
6996
6999
7029
7033
7042
7061
7069
7087
7113
7124
7128
7132
7184
7189
7192
7211
7219
7226
7254
7261
7270
7276
7281
7310
7348
7358
7363
7369
7386
7389
7395
7416
7440
7448
7452
7484
7497
7517
7528
7541
7571
7574
7598
7604
7616
7622
7631
7638
7645
7685
7688
7693
7712
7715
7731
7736
7753
7761
7790
7814
7834
7839
7849
7852
7860
7885
7902
7911
7946
7960
7966
7969
7998
8003
8007
8036
8039
8073
8100
8104
8108
8112
8115
8163
8167
8172
8178
8213
8216
8247
8253
8256
8286
8310
8331
8334
8341
8344
8347
8350
8353
8356
8359
8363
8366
8370
8373
8376
8379
8382
8388
8392
8402
8406
8410
8414
8418
8422
8429
8433
8437
8443
8446
8454
8458
8461
8464
8467
8470
8473
8475
8484
8487
8490
8493
8559
8590
8601
8608
8619
8630
8633
8636
8639
8647
8650
8656
8663
8668
8674
8676
8679
8694
8768
8773
8788
8791
8794
8803
8832
8846
8863
8868
8874
8877
8883
8897
8905
8937
8940
8948
8965
8980
8997
9019
9047
9059
9066
9072
9075
9088
9125
9127
9137
9154
9165
9171
9184
9202
9233
9245
9249
9251
9254
9298
9305
9314
9325
9346
9365
9368
9375
9390
9396
9421
9429
9435
9448
9458
9473
9478
9501
9520
9537
9549
9574
9595
9606
9640
9673
9679
9682
9691
9702
9713
9730
9767
9774
9800
9834
9837
9849
9860
9908
9911
9936
9954
9977
9983
9995
10040
10044
10048
10053
10058
10062
10067
10072
10076
10080
10084
10088
10095
10098
10100
10102
10104
10106
10108
10110
10117
10120
10123
10126
10128
10132
10137
10140
10143
10146
10154
10158
10161
10164
10167
10170
10173
10175
10177
10179
10181
10183
10189
10191
10194
10197
10203
10268
10273
10278
10283
10288
10292
10297
10302
10308
10370
10379
10383
10387
10392
10397
10476
10480
10495
10502
10534
10548
10572
10576
10586
10599
10607
10628
10637
10669
10679
10701
10758
10764
10769
10785
10792
10816
10846
10853
10865
10869
10873
10898
10917
10930
10947
10950
10961
10973
10992
11032
11085
11106
11144
11168
11173
11187
11208
11212
11227
11234
11246
11261
11268
11272
11294
11304
11314
11317
11326
11335
11337
11348
11360
11378
11399
11407
11415
11428
11461
11465
11471
11477
11479
11481
11486
11511
11517
11519
11544
11547
11553
11560
11569
11576
11597
11599
11601
11611
11619
11650
11658
11674
11683
11697
11704
11719
11748
11751
11756
11759
11762
11765
11768
11771
11773
11775
11778
11780
11782
11784
11786
11788
11790
11792
11795
11797
11803
11805
11807
11809
11812
11815
11818
11822
11825
11827
11830
11833
11835
11837
11840
11843
11846
11849
11852
11858
11903
11969
11971
11976
11978
11980
11982
11990
11996
11999
12004
12007
12020
12027
12037
12045
12054
12065
12124
12126
12128
12132
12134
12144
12149
12152
12158
12180
12186
12190
12210
12212
12241
12264
12270
12272
12275
12279
12281
12284
12291
12296
12302
12339
12351
12369
12374
12378
12408
12438
12444
12468
12470
12474
12477
12484
12497
12506
12522
12533
12546
12550
12556
12566
12593
12600
12608
12612
12622
12642
12644
12665
12667
12707
12722
12727
12737
12746
12755
12785
12796
12804
12808
12844
12846
12848
12859
12872
12884
12894
12906
12949
12968
12970
12989
12993
13002
13005
13014
13022
13037
13075
13077
13086
13107
13115
13118
13158
13168
13176
13198
13203
13205
13213
13228
13250
13268
13274
13279
13285
13309
13315
13337
13345
13378
13399
13402
13405
13408
13411
13414
13417
13421
13424
13427
13430
13433
13436
13439
13442
13445
13447
13449
13510
13516
13519
13528
13543
13575
13605
13608
13611
13617
13620
13623
13630
13635
13677
13696
13704
13730
13733
13738
13741
13749
13770
13773
13793
13801
13809
13813
13824
13829
13833
13837
13867
13874
13887
13894
13897
13900
13928
13949
13954
13961
13964
13968
13976
13979
14016
14030
14034
14040
14079
14092
14095
14099
14108
14123
14155
14158
14178
14200
14206
14220
14232
14248
14273
14293
14303
14313
14318
14331
14336
14342
14386
14408
14415
14423
14437
14472
14475
14484
14490
14510
14530
14543
14562
14565
14579
14596
14603
14626
14644
14655
14661
14676
14707
14727
14746
14773
14776
14848
14868
14906
14909
14941
14954
14998
15001
15004
15007
15011
15014
15017
15021
15024
15027
15030
15033
15036
15039
15042
15045
15050
15107
15110
15113
15115
15121
15124
15128
15138
15141
15184
15186
15188
15200
15203
15205
15212
15221
15227
15230
15233
15243
15260
15266
15269
15287
15289
15297
15300
15302
15332
15342
15354
15357
15368
15371
15375
15379
15384
15394
15398
15409
15448
15450
15464
15468
15472
15476
15486
15491
15500
15502
15535
15550
15559
15562
15566
15569
15576
15584
15589
15616
15622
15631
15636
15638
15644
15653
15662
15667
15692
15712
15719
15730
15736
15740
15747
15763
15774
15784
15790
15806
15820
15835
15840
15850
15863
15866
15876
15895
15906
15909
15925
15929
15935
15939
15948
15951
15956
15977
15996
16001
16004
16007
16014
16022
16032
16043
16050
16069
16085
16103
16109
16119
16121
16156
16172
16177
16180
16188
16195
16218
16225
16242
16256
16259
16272
16275
16279
16290
16294
16329
16339
16348
16354
16392
16414
16422
16426
16447
16473
16481
16491
16520
16526
16540
16592
16596
16600
16604
16608
16612
16616
16620
16623
16626
16629
16632
16635
16710
16722
16726
16730
16745
16768
16772
16787
16802
16813
16830
16848
16869
16874
16878
16884
16888
16907
16912
16942
16947
16971
16976
16980
17003
17031
17035
17041
17045
17061
17069
17095
17101
17130
17134
17138
17170
17198
17205
17220
17232
17245
17279
17285
17302
17312
17333
17337
17340
17359
17369
17385
17427
17430
17471
17474
17490
17494
17498
17514
17537
17540
17563
17567
17578
17587
17592
17632
17642
17651
17661
17669
17677
17686
17711
17725
17744
17752
17764
17789
17795
17811
17827
17845
17882
17888
17902
17936
17950
17961
17964
17988
18011
18023
18036
18044
18070
18073
18103
18111
18135
18138
18161
18187
18189
18192
18195
18198
18201
18204
18207
18210
18213
18216
18219
18222
18225
18229
18232
18235
18238
18276
18318
18325
18347
18375
18381
18384
18388
18391
18394
18407
18412
18414
18417
18419
18422
18425
18429
18461
18483
18487
18494
18528
18541
18547
18567
18572
18579
18581
18585
18603
18618
18637
18641
18643
18657
18659
18679
18693
18715
18717
18719
18728
18733
18769
18781
18783
18799
18801
18803
18811
18838
18848
18850
18859
18866
18873
18895
18905
18910
18912
18941
18945
18968
18970
18989
18996
18998
19003
19024
19032
19058
19061
19073
19082
19093
19103
19113
19123
19127
19137
19167
19169
19182
19191
19209
19232
19239
19245
19259
19280
19298
19301
19324
19335
19338
19348
19356
19370
19380
19417
19419
19421
19423
19436
19441
19452
19458
19464
19497
19499
19516
19518
19524
19532
19536
19564
19576
19587
19603
19618
19630
19641
19654
19666
19686
19692
19697
19738
19741
19783
19786
19789
19792
19795
19797
19801
19803
19805
19808
19817
19820
19823
19826
19953
19963
19966
19977
20004
20034
20037
20060
20063
20066
20069
20072
20078
20081
20092
20127
20135
20140
20146
20148
20160
20170
20172
20175
20182
20212
20215
20228
20234
20243
20250
20274
20279
20285
20290
20294
20307
20310
20313
20329
20363
20387
20390
20400
20420
20430
20447
20450
20467
20470
20479
20497
20516
20535
20563
20579
20585
20588
20596
20609
20614
20622
20646
20648
20658
20667
20683
20698
20737
20743
20805
20808
20811
20814
20874
20877
20880
20882
20900
20940
20943
20993
21016
21028
21031
21033
21035
21038
21040
21070
21091
21099
21119
21139
21146
21165
21172
21190
21196
21213
21235
21256
21298
21300
21317
21319
21335
21357
21435
21438
21441
21445
21448
21452
21455
21458
21461
21464
21469
21472
21474
21477
21480
21483
21486
21493
21497
21500
21506
21510
21513
21516
21520
21523
21526
21529
21532
21535
21538
21541
21548
21552
21558
21565
21567
21570
21573
21579
21582
21585
21588
21591
21594
21597
21622
21660
21663
21666
21669
21675
21685
21687
21689
21696
21703
21706
21731
21736
21746
21753
21761
21764
21766
21786
21800
21811
21829
21833
21842
21844
21846
21853
21858
21867
21877
21882
21886
21890
21900
21905
21914
21922
21928
21943
21945
21951
21959
21967
21972
21974
21986
21989
22001
22004
22009
22023
22028
22038
22040
22042
22044
22064
22067
22071
22076
22081
22092
22119
22124
22128
22139
22141
22148
22153
22156
22161
22188
22201
22207
22210
22219
22234
22245
22251
22264
22266
22278
22288
22290
22299
22301
22310
22313
22343
22357
22367
22377
22387
22391
22398
22401
22411
22413
22417
22431
22433
22441
22456
22458
22461
22465
22480
22484
22486
22488
22499
22503
22512
22525
22531
22549
22555
22561
22567
22570
22590
22605
22611
22614
22618
22628
22634
22639
22652
22657
22667
22672
22678
22684
22699
22704
22718
22724
22740
22743
22748
22758
22765
22781
22788
22798
22800
22802
22805
22810
22812
22846
22850
22852
22856
22863
22881
22898
22907
22917
22925
22947
22949
22958
22960
22962
22982
23001
23004
23043
23047
23081
23083
23106
23108
23110
23128
23142
23144
23146
23149
23151
23154
23156
23159
23161
23163
23165
23167
23169
23172
23174
23177
23180
23183
23185
23188
23190
23192
23194
23270
23276
23289
23296
23299
23301
23312
23314
23320
23326
23336
23338
23345
23368
23383
23393
23401
23406
23426
23428
23436
23438
23447
23467
23472
23474
23481
23490
23492
23495
23499
23502
23505
23508
23519
23532
23534
23574
23576
23584
23586
23591
23593
23598
23602
23604
23606
23611
23612
23617
23626
23635
23643
23647
23660
23662
23665
23684
23686
23691
23695
23716
23720
23742
23744
23769
23772
23778
23780
23783
23795
23800
23805
23818
23844
23849
23863
23871
23878
23883
23887
23892
23900
23908
23937
23943
23954
23965
23968
23975
23985
23987
23991
23998
24001
24009
24022
24027
24040
24048
24052
24066
24074
24086
24097
24099
24115
24125
24127
24129
24136
24143
24157
24182
24187
24189
24200
24203
24224
24228
24248
24252
24257
24261
24264
24268
24280
24311
24326
24336
24341
24346
24349
24356
24361
24365
24375
24379
24389
24418
24421
24423
24425
24428
24430
24475
24479
24485
24487
24493
24495
24499
24510
24518
24525
24540
24554
24556
24562
24567
24576
24597
24608
24618
24625
24628
24636
24651
24657
24665
24667
24680
24686
24710
24712
24796
24800
24803
24805
24809
24812
24816
24831
24834
24839
24848
24861
24867
24872
24874
24876
24878
24889
24895
24903
24905
24917
24932
24937
24943
24958
24963
24966
24973
24979
24989
24997
25000
25003
25006
25011
25031
25034
25041
25043
25064
25087
25094
25103
25106
25108
25110
25115
25120
25128
25131
25133
25139
25146
25182
25188
25199
25214
25219
25221
25224
25230
25237
25243
25261
25271
25278
25301
25307
25324
25327
25337
25347
25352
25354
25356
25361
25383
25391
25399
25411
25428
25438
25450
25460
25464
25471
25474
25476
25481
25486
25488
25492
25495
25506
25540
25547
25550
25552
25554
25556
25562
25567
25575
25580
25601
25607
25609
25619
25622
25626
25628
25635
25639
25649
25651
25659
25679
25688
25698
25702
25711
25724
25728
25737
25739
25741
25752
25763
25766
25776
25778
25790
25803
25806
25813
25817
25826
25829
25838
25860
25862
25873
25880
25884
25890
25894
25904
25910
25942
25945
25954
25987
25990
25993
25996
26003
26037
26042
26048
26053
26077
26080
26083
26090
26104
26112
26116
26119
26151
26154
26195
26201
26216
26235
26334
26341
26349
26353
26357
26361
26418
26430
26435
26460
26464
26493
26519
26525
26587
26622
26628
26632
26721
26760
26772
26777
26797
26865
26980
27027
27107
27819
27822
27824
27826
27828
27830
27832
27834
27836
27838
27841
27844
27846
27849
27852
27855
27858
27861
27864
27867
27934
27939
27941
27943
27945
27953
27958
27961
27967
27970
27984
27986
28001
28003
28005
28025
28027
28042
28048
28050
28052
28059
28063
28074
28088
28092
28108
28119
28141
28146
28148
28150
28160
28164
28166
28178
28180
28194
28205
28207
28241
28248
28251
28257
28260
28265
28280
28292
28302
28310
28337
28345
28354
28381
28388
28396
28403
28411
28424
28442
28453
28457
28472
28483
28489
28512
28517
28520
28540
28564
28567
28571
28577
28579
28585
28596
28598
28601
28634
28643
28646
28649
28651
28654
28659
28661
28666
28678
28695
28702
28707
28712
28714
28721
28724
28727
28730
28754
28771
28777
28800
28809
28814
28819
28829
28832
28837
28839
28845
28850
28857
28875
28880
28892
28894
28899
28919
28928
28934
28937
28940
28942
28945
28951
28953
28955
28957
28962
28995
29009
29014
29016
29018
29021
29026
29030
29033
29038
29066
29069
29071
29076
29078
29109
29114
29118
29120
29122
29125
29127
29153
29162
29165
29170
29173
29178
29185
29189
29214
29217
29220
29226
29230
29253
29256
29261
29264
29267
29288
29295
29300
29319
29325
29329
29350
29355
29370
29381
29394
29415
29482
29486
29489
29496
29500
29503
29506
29511
29517
29526
29528
29531
29547
29561
29567
29586
29589
29593
29597
29603
29607
29610
29615
29624
29633
29651
29672
29686
29692
29694
29704
29706
29711
29715
29720
29733
29746
29749
29757
29773
29789
29800
29803
29808
29811
29815
29827
29833
29839
29842
29865
29870
29882
29893
29895
29899
29907
29920
29930
29935
29942
29947
29955
29958
29967
29970
29982
29994
30005
30016
30021
30028
30031
30039
30041
30044
30054
30066
30078
30089
30101
30104
30113
30125
30148
30156
30162
30168
30177
30180
30184
30190
30198
30204
30231
30234
30245
30248
30254
30257
30260
30276
30288
30299
30302
30306
30309
30317
30320
30328
30360
30368
30371
30374
30380
30382
30384
30399
30411
30429
30452
30472
30476
30478
30480
30486
30493
30496
30499
30531
30534
30541
30552
30556
30565
30571
30576
30594
30600
30608
30612
30614
30622
30650
30654
30657
30660
30667
30669
30686
30694
30702
30711
30718
30720
30735
30746
30758
30772
30786
30793
30797
30806
30828
30835
30840
30865
30870
30873
30891
30905
30929
30990
31010
31016
31019
31023
31028
31032
31036
31040
31049
31053
31098
31117
31123
31129
31133
31136
31139
31143
31147
31155
31172
31178
31202
31234
31238
31241
31244
31248
31260
31269
31271
31275
31277
31301
31305
31328
31331
31335
31339
31342
31346
31397
31401
31405
31425
31428
31432
31436
31439
31488
31492
31521
31525
31540
31543
31551
31572
31575
31596
31608
31634
31680
31691
31702
31753
31760
31782
31785
31793
31808
31849
31859
31867
31869
31889
31899
31918
31927
31936
31955
31958
31970
31973
31978
31982
32016
32020
32024
32032
32036
32070
32073
32082
32088
32091
32121
32127
32150
32171
32177
32179
32198
32230
32234
32248
32272
32279
32294
32301
32305
32309
32316
32343
32349
32368
32376
32386
32393
32395
32411
32430
32432
32445
32467
32480
32493
32494
32495
32496
32497
32498
32500
32502
32503
32504
32508
32512
32563
32566
32569
32572
32575
32578
32581
32584
32586
32588
32590
32594
32603
32611
32614
32655
32659
32661
32663
32666
32669
32785
32990
33436
33723
33781
33837
33841
33917
33922
33966
34013
34031
34037
34103
34110
34116
34127
34147
34160
34182
34194
34216
34218
34221
34224
34227
34231
34234
34242
34245
34248
34251
34255
34259
34262
34265
34271
34274
34277
34280
34283
34286
34289
34292
34298
34301
34304
34307
34440
34451
34454
34462
34465
34468
34471
34474
34481
34496
34509
34530
34542
34550
34563
34586
34607
34620
34623
34626
34629
34645
34648
34709
34712
34731
34734
34747
34751
34754
34763
34766
34769
34772
34775
34852
34872
34879
34885
34889
34892
34907
34910
34942
34945
34980
34990
35014
35035
35042
35058
35068
35104
35117
35138
35148
35151
35158
35218
35227
35256
35259
35265
35284
35352
35354
35357
35360
35362
35365
35449
35454
35532
35584
35632
35671
35876
35881
35885
35889
35893
35897
35901
35905
35909
35913
35917
35923
35926
35928
35931
35934
35937
35939
35942
35945
35948
35950
35953
35956
35959
35962
35965
35968
35973
36036
36044
36049
36056
36060
36068
36080
36117
36143
36147
36157
36173
36187
36202
36213
36217
36245
36249
36257
36271
36276
36284
36311
36315
36329
36371
36383
36391
36401
36412
36422
36451
36455
36462
36472
36511
36521
36539
36547
36559
36573
36586
36619
36622
36635
36639
36647
36668
36672
36685
36693
36702
36745
36750
36757
36761
36766
36770
36816
36823
36831
36835
36840
36846
36856
36863
36905
36910
36914
36924
36928
36935
36952
36965
36975
37004
37016
37023
37031
37041
37057
37068
37075
37093
37117
37128
37132
37135
37148
37152
37169
37188
37198
37208
37228
37243
37255
37259
37269
37294
37309
37318
37321
37331
37353
37361
37374
37383
37402
37408
37428
37434
37444
37464
37469
37485
37521
37524
37531
37535
37538
37541
37544
37547
37551
37554
37557
37560
37564
37568
37575
37578
37581
37584
37590
37594
37598
37601
37608
37611
37614
37617
37620
37623
37626
37731
37741
37744
37750
37755
37758
37761
37764
37767
37774
37777
37780
37822
37840
37856
37885
37888
37896
37910
37913
37916
37919
37925
37929
37932
37952
37971
38003
38024
38053
38056
38059
38062
38068
38079
38082
38085
38093
38111
38120
38141
38161
38188
38191
38194
38197
38202
38211
38214
38217
38242
38251
38263
38269
38290
38313
38316
38319
38322
38327
38337
38340
38343
38370
38387
38404
38412
38424
38431
38436
38445
38453
38458
38485
38507
38515
38517
38528
38535
38537
38545
38547
38555
38592
38599
38616
38619
38635
38653
38656
38662
38676
38690
38696
38709
38729
38744
38747
38754
38768
38778
38780
38798
38801
38812
38820
38848
38854
38857
38859
38865
38900
38902
38910
38914
38918
38926
38928
38930
38934
38942
38965
38973
38977
38994
39000
39006
39027
39031
39045
39054
39076
39083
39105
39117
39129
39143
39156
39171
39174
39179
39183
39186
39189
39194
39197
39200
39203
39207
39211
39214
39218
39227
39230
39233
39236
39239
39242
39245
39249
39252
39255
39258
39261
39264
39266
39269
39272
39275
39278
39333
39342
39348
39377
39381
39392
39406
39414
39418
39423
39426
39438
39486
39505
39515
39525
39560
39570
39579
39592
39636
39639
39651
39661
39671
39681
39702
39713
39752
39763
39787
39790
39802
39813
39838
39861
39868
39887
39894
39899
39933
39950
39957
39964
39968
39981
39986
39994
40013
40018
40030
40064
40077
40086
40099
40106
40113
40157
40163
40168
40175
40178
40183
40207
40221
40231
40236
40247
40262
40273
40278
40285
40321
40330
40333
40340
40346
40358
40374
40396
40409
40435
40450
40472
40488
40492
40500
40505
40533
40540
40551
40560
40577
40602
40607
40614
40638
40661
40664
40687
40690
40694
40723
40727
40747
40751
40778
40781
40808
40823
40828
40831
40834
40837
40840
40843
40846
40849
40852
40855
40857
40859
40862
40865
40868
40871
40874
40881
40885
40889
40897
40901
40905
40909
40917
40925
40929
40936
40945
40948
40954
40956
40959
40962
40965
40967
40969
40971
40973
40975
40977
40980
40983
40985
40987
41048
41088
41091
41106
41109
41112
41115
41122
41125
41128
41132
41134
41137
41148
41195
41208
41234
41240
41243
41263
41266
41269
41272
41275
41279
41282
41287
41339
41345
41350
41359
41375
41396
41410
41413
41416
41419
41425
41428
41432
41438
41449
41482
41489
41514
41519
41536
41542
41545
41552
41561
41570
41592
41599
41609
41617
41622
41649
41669
41672
41675
41679
41686
41697
41704
41722
41729
41743
41758
41764
41771
41774
41779
41790
41838
41843
41852
41857
41860
41882
41885
41903
41913
41926
41957
41964
41985
42003
42006
42012
42015
42025
42028
42072
42081
42083
42115
42118
42125
42128
42133
42136
42138
42169
42185
42207
42214
42217
42220
42224
42258
42260
42285
42288
42291
42300
42315
42325
42347
42350
42353
42379
42382
42401
42404
42428
42433
42444
42451
42477
42494
42540
42544
42549
42553
42558
42562
42566
42570
42586
42588
42590
42592
42594
42599
42601
42603
42605
42607
42609
42611
42613
42615
42620
42622
42624
42627
42630
42632
42643
42645
42648
42651
42654
42657
42660
42663
42665
42667
42671
42674
42677
42682
42684
42686
42693
42761
42769
42774
42779
42784
42789
42866
42870
42879
42883
42888
42894
42926
42986
43028
43038
43043
43099
43114
43125
43134
43140
43205
43216
43227
43235
43254
43306
43316
43323
43329
43353
43380
43395
43400
43424
43444
43448
43467
43475
43479
43499
43540
43543
43546
43551
43603
43610
43619
43622
43648
43673
43684
43687
43722
43728
43732
43736
43745
43748
43769
43781
43791
43794
43806
43817
43826
43850
43860
43871
43874
43880
43921
43927
43931
43941
43953
43970
43973
43980
44004
44011
44034
44049
44055
44061
44081
44087
44092
44113
44122
44125
44130
44134
44151
44165
44184
44190
44196
44206
44224
44241
44244
44246
44249
44251
44253
44256
44258
44260
44262
44265
44268
44273
44276
44279
44281
44284
44287
44289
44296
44299
44304
44307
44310
44312
44314
44317
44320
44322
44324
44326
44329
44332
44337
44340
44343
44346
44405
44425
44440
44461
44463
44465
44467
44469
44471
44474
44482
44485
44500
44503
44528
44540
44542
44544
44549
44558
44583
44617
44619
44621
44623
44625
44627
44638
44653
44656
44678
44680
44685
44690
44714
44756
44764
44766
44778
44784
44788
44828
44846
44848
44855
44860
44902
44916
44920
44940
44947
44952
44956
44966
44987
45004
45018
45052
45088
45094
45097
45110
45117
45123
45146
45150
45157
45167
45177
45196
45210
45220
45227
45234
45244
45249
45260
45264
45300
45310
45312
45317
45335
45348
45357
45385
45395
45401
45410
45422
45427
45433
45435
45438
45444
45458
45480
45488
45494
45499
45517
45532
45539
45545
45555
45560
45591
45596
45602
45611
45616
45629
45640
45664
45677
45690
45725
45729
45738
45740
45748
45776
45788
45806
45836
45838
45858
45891
45894
45896
45899
45902
45906
45908
45910
45913
45915
45918
45921
45925
45927
45929
45931
45934
45937
45940
46001
46007
46010
46013
46020
46052
46057
46070
46076
46081
46087
46090
46093
46101
46115
46118
46131
46148
46155
46163
46175
46220
46223
46228
46234
46239
46242
46245
46247
46251
46262
46264
46280
46305
46315
46323
46346
46355
46365
46377
46384
46387
46390
46406
46414
46418
46438
46444
46454
46472
46486
46501
46505
46511
46514
46519
46522
46568
46571
46576
46584
46588
46592
46598
46616
46636
46645
46648
46671
46681
46683
46693
46707
46713
46717
46729
46735
46738
46762
46785
46790
46795
46802
46806
46845
46858
46870
46875
46897
46912
46916
46940
46965
46969
46975
46979
47013
47017
47024
47033
47038
47085
47092
47098
47101
47116
47122
47130
47166
47176
47178
47188
47198
47204
47215
47218
47246
47251
47263
47278
47285
47289
47300
47324
47329
47337
47399
47417
47433
47446
47459
47487
47490
47492
47495
47497
47500
47502
47504
47506
47508
47510
47512
47515
47517
47519
47521
47523
47525
47527
47529
47531
47533
47536
47598
47605
47608
47611
47613
47623
47654
47656
47669
47671
47673
47679
47681
47689
47712
47715
47735
47738
47743
47750
47758
47770
47776
47811
47814
47817
47823
47832
47835
47840
47842
47846
47849
47853
47858
47870
47877
47887
47900
47911
47914
47941
47955
47964
47967
47971
47974
47990
47993
48005
48008
48023
48038
48043
48048
48056
48061
48071
48095
48108
48111
48120
48130
48143
48146
48157
48165
48167
48170
48176
48179
48181
48192
48195
48202
48214
48225
48229
48239
48246
48274
48282
48289
48293
48306
48310
48316
48351
48357
48364
48373
48380
48391
48407
48432
48435
48438
48453
48460
48465
48475
48478
48505
48523
48526
48530
48535
48540
48543
48546
48565
48588
48600
48607
48633
48641
48655
48678
48686
48689
48693
48709
48738
48748
48759
48789
48797
48832
48842
48845
48861
48876
48885
48907
48915
48919
48939
48951
48973
48984
49033
49057
49086
49091
49095
49100
49104
49108
49112
49117
49120
49123
49126
49129
49131
49134
49198
49205
49209
49216
49219
49223
49232
49237
49266
49294
49306
49322
49330
49334
49338
49341
49362
49365
49376
49404
49409
49418
49429
49433
49436
49445
49470
49473
49509
49512
49524
49551
49562
49574
49577
49580
49611
49614
49649
49661
49670
49674
49707
49710
49721
49726
49776
49794
49802
49807
49822
49838
49851
49872
49885
49908
49913
49920
49954
49964
49968
49997
50020
50023
50029
50043
50072
50085
50100
50109
50121
50124
50135
50145
50162
50170
50205
50217
50226
50250
50258
50261
50267
50308
50337
50340
50355
50382
50419
50456
50481
50484
50490
50532
50536
50544
50579
50595
50614
50627
50647
50679
50682
50686
50689
50692
50695
50698
50700
50703
50706
50709
50711
50714
50717
50719
50721
50723
50729
50808
50827
50829
50832
50837
50852
50855
50866
50869
50871
50873
50875
50893
50898
50901
50910
50912
50929
50935
50940
50943
50954
50966
50968
50971
50974
51008
51027
51029
51033
51038
51043
51046
51051
51060
51064
51069
51072
51074
51081
51089
51110
51114
51126
51133
51140
51166
51169
51171
51224
51226
51228
51230
51232
51235
51251
51259
51265
51290
51293
51306
51312
51324
51329
51351
51357
51359
51361
51365
51381
51385
51396
51416
51447
51450
51460
51475
51480
51484
51502
51508
51510
51512
51521
51525
51528
51554
51572
51594
51598
51602
51612
51616
51621
51624
51632
51636
51649
51664
51700
51707
51709
51721
51723
51726
51729
51738
51795
51799
51804
51813
51819
51857
51861
51891
51903
51905
51924
51927
51934
51938
51969
51981
51986
51990
52002
52007
52023
52034
52038
52078
52087
52093
52095
52108
52118
52139
52144
52150
52162
52185
52200
52234
52239
52275
52278
52281
52284
52286
52288
52290
52293
52295
52297
52300
52303
52306
52311
52314
52316
52318
52321
52442
52448
52453
52456
52459
52471
52504
52516
52522
52527
52530
52549
52552
52560
52566
52602
52607
52620
52626
52630
52639
52660
52663
52667
52683
52686
52702
52707
52719
52725
52728
52741
52761
52764
52779
52798
52803
52814
52829
52833
52856
52891
52894
52897
52904
52908
52944
52955
52967
52981
52985
53013
53043
53059
53066
53087
53095
53139
53148
53152
53176
53224
53226
53229
53250
53300
53302
53305
53325
53342
53370
53372
53433
53435
53467
53551
53554
53584
53592
53653
53664
53666
53730
53775
53782
53796
53807
53836
53842
53861
53877
53926
53928
53930
53932
53934
53936
53939
53941
53943
53945
53947
53949
53952
53955
53957
53960
53963
53966
53969
53972
53976
53978
53989
53992
53995
53998
54001
54005
54017
54020
54024
54028
54031
54040
54047
54050
54053
54061
54064
54067
54070
54073
54076
54078
54081
54084
54088
54152
54165
54169
54173
54175
54178
54183
54189
54203
54224
54234
54238
54240
54245
54249
54251
54253
54267
54269
54271
54274
54282
54285
54299
54309
54335
54363
54366
54369
54371
54393
54396
54399
54405
54436
54438
54460
54463
54466
54473
54489
54492
54497
54503
54517
54525
54527
54529
54542
54555
54578
54605
54609
54615
54618
54625
54627
54631
54635
54637
54644
54651
54655
54683
54711
54724
54733
54738
54740
54743
54755
54764
54777
54783
54803
54809
54811
54814
54830
54833
54845
54874
54881
54905
54907
54910
54923
54925
54927
54949
54951
54970
54976
54980
54983
54997
55025
55034
55036
55042
55047
55051
55057
55078
55107
55124
55128
55133
55135
55143
55147
55162
55183
55187
55199
55204
55208
55210
55224
55246
55257
55267
55277
55286
55291
55306
55324
55342
55344
55352
55358
55369
55373
55399
55414
55425
55436
55439
55460
55482
55490
55530
55533
55537
55552
55571
55584
55586
55598
55613
55616
55635
55638
55641
55645
55650
55652
55654
55656
55658
55660
55662
55664
55668
55671
55674
55676
55678
55680
55683
55685
55745
55755
55775
55780
55782
55784
55787
55790
55794
55810
55812
55814
55816
55822
55830
55846
55853
55870
55876
55884
55886
55891
55897
55929
55940
55944
55946
55958
55965
55967
55969
55971
55981
55983
55988
55999
56001
56005
56013
56024
56039
56043
56046
56059
56067
56074
56076
56082
56089
56096
56105
56112
56126
56133
56139
56150
56155
56163
56165
56174
56177
56192
56228
56231
56235
56243
56247
56249
56254
56257
56261
56265
56278
56284
56289
56299
56310
56313
56317
56324
56346
56357
56361
56370
56376
56379
56380
56386
56389
56396
56404
56406
56413
56415
56425
56431
56438
56440
56461
56485
56489
56496
56504
56506
56508
56510
56512
56514
56521
56529
56535
56554
56556
56573
56575
56584
56586
56589
56600
56638
56644
56648
56658
56679
56695
56706
56716
56719
56723
56730
56735
56744
56760
56767
56776
56786
56788
56799
56803
56808
56810
56820
56835
56841
56854
56875
56887
56891
56896
56898
56908
56910
56938
56944
56950
56954
56964
56966
56969
56978
56983
56994
57011
57017
57023
57027
57029
57041
57045
57052
57069
57080
57083
57089
57114
57117
57119
57121
57130
57140
57154
57158
57189
57195
57204
57215
57292
57294
57298
57300
57303
57306
57312
57314
57316
57318
57323
57326
57334
57340
57362
57373
57381
57384
57395
57398
57402
57407
57411
57416
57420
57422
57427
57429
57438
57448
57452
57456
57464
57469
57474
57476
57484
57487
57495
57501
57509
57521
57541
57547
57554
57561
57572
57575
57579
57581
57584
57588
57600
57605
57613
57617
57634
57639
57645
57666
57673
57675
57678
57695
57698
57704
57707
57717
57728
57730
57735
57738
57746
57759
57771
57794
57796
57806
57808
57810
57817
57821
57841
57862
57878
57885
57891
57894
57897
57902
57922
57929
57946
57958
57965
57973
57976
57979
57981
57984
57992
58007
58034
58037
58040
58047
58049
58054
58056
58061
58068
58076
58079
58081
58100
58109
58120
58124
58129
58131
58141
58147
58149
58169
58179
58185
58187
58189
58192
58200
58205
58210
58235
58248
58254
58260
58264
58269
58277
58282
58305
58322
58324
58327
58331
58341
58366
58379
58382
58385
58398
58401
58430
58433
58436
58439
58450
58478
58485
58489
58499
58524
58527
58531
58555
58563
58566
58572
58601
58604
58607
58610
58630
58637
58640
58659
58684
58736
58830
58836
58841
58845
58849
58874
58878
58882
58910
58914
58921
58924
59012
59067
59072
59076
59080
59113
59205
59216
59220
59289
59355
59359
59472
59518
60311
60313
60316
60319
60322
60325
60328
60331
60334
60337
60340
60343
60346
60349
60352
60354
60357
60360
60426
60435
60438
60442
60444
60447
60449
60451
60474
60478
60494
60509
60521
60534
60537
60540
60542
60545
60552
60559
60580
60612
60634
60636
60638
60641
60644
60647
60650
60653
60657
60660
60682
60705
60723
60737
60741
60743
60745
60747
60749
60751
60755
60757
60762
60764
60767
60781
60800
60806
60830
60832
60834
60854
60859
60886
60909
60916
60918
60922
60929
60933
60936
60938
60940
60942
60944
60955
60964
60968
60971
60975
60993
61020
61030
61033
61050
61056
61058
61064
61066
61080
61089
61101
61103
61115
61123
61126
61131
61138
61146
61167
61173
61180
61187
61190
61198
61213
61215
61237
61240
61242
61246
61248
61257
61259
61279
61286
61297
61299
61305
61316
61323
61325
61336
61341
61346
61352
61361
61380
61382
61390
61392
61399
61403
61415
61427
61449
61455
61460
61462
61471
61475
61506
61508
61510
61514
61528
61531
61544
61562
61564
61572
61576
61582
61613
61620
61624
61639
61645
61653
61655
61664
61671
61682
61697
61707
61710
61719
61722
61736
61743
61746
61749
61757
61771
61776
61794
61802
61805
61811
61821
61847
61853
61873
61885
61961
61964
61967
61973
61976
61979
61982
61985
61988
61995
61998
62001
62023
62025
62056
62064
62072
62081
62087
62089
62091
62096
62099
62102
62104
62110
62113
62126
62179
62181
62183
62186
62189
62197
62209
62216
62223
62252
62260
62262
62276
62280
62283
62286
62289
62292
62295
62303
62315
62319
62345
62353
62359
62370
62373
62376
62379
62384
62394
62401
62407
62426
62432
62435
62442
62448
62457
62460
62464
62467
62482
62494
62517
62521
62528
62545
62548
62551
62556
62566
62573
62576
62602
62619
62621
62626
62628
62639
62645
62649
62651
62654
62672
62676
62696
62706
62724
62730
62737
62746
62750
62754
62757
62765
62777
62796
62805
62808
62823
62827
62838
62852
62855
62864
62868
62891
62904
62907
62927
62931
62950
62965
62969
62983
62986
62991
63002
63005
63026
63040
63046
63057
63076
63087
63098
63108
63126
63136
63141
63152
63155
63167
63171
63186
63196
63199
63210
63239
63245
63249
63253
63270
63275
63281
63295
63307
63317
63320
63329
63337
63359
63374
63393
63397
63447
63506
63513
63517
63521
63525
63529
63533
63537
63541
63557
63619
63623
63627
63631
63634
63638
63642
63646
63661
63664
63667
63701
63706
63721
63729
63733
63736
63739
63743
63761
63764
63773
63797
63804
63816
63818
63826
63831
63834
63837
63840
63849
63872
63891
63924
63927
63941
63967
63976
63980
63983
63999
64016
64019
64036
64067
64070
64074
64083
64104
64120
64131
64148
64167
64184
64197
64200
64209
64211
64213
64215
64232
64273
64287
64290
64293
64295
64305
64313
64316
64339
64345
64360
64362
64372
64386
64399
64410
64412
64417
64430
64438
64448
64460
64465
64474
64486
64499
64501
64508
64521
64526
64542
64558
64597
64613
64620
64641
64655
64663
64668
64678
64695
64698
64714
64724
64728
64739
64759
64787
64797
64804
64809
64818
64842
64853
64861
64882
64887
64889
64934
64936
64953
64967
