1
2
3
4
5
6
8
9
10
11
15
19
72
76
80
84
88
92
96
99
102
106
110
121
169
171
174
178
345
348
734
903
1094
1200
1259
1372
1375
1404
1470
1479
1495
1519
1546
1553
1578
1590
1617
1670
1676
1725
1729
1733
1736
1739
1742
1745
1748
1753
1757
1760
1763
1766
1771
1774
1779
1781
1784
1787
1790
1793
1799
1802
1806
1810
1814
1968
1974
1977
1983
1988
1991
2000
2003
2007
2011
2015
2023
2032
2119
2123
2137
2141
2144
2175
2178
2205
2209
2230
2237
2260
2287
2316
2342
2354
2357
2364
2376
2391
2411
2423
2499
2502
2528
2531
2536
2546
2564
2590
2618
2651
2662
2665
2727
2765
2768
2772
2775
2826
2870
2873
2897
2954
2959
2962
3019
3042
3116
3181
3377
3382
3386
3390
3394
3398
3402
3407
3411
3415
3418
3422
3431
3434
3437
3442
3446
3450
3453
3456
3460
3463
3466
3469
3472
3475
3478
3481
3541
3546
3552
3571
3589
3609
3615
3619
3634
3638
3651
3706
3726
3744
3769
3788
3811
3823
3845
3852
3864
3888
3916
3921
3971
3984
3997
4001
4005
4010
4022
4058
4069
4082
4096
4128
4132
4149
4158
4182
4186
4193
4208
4252
4274
4294
4307
4316
4325
4335
4339
4366
4383
4409
4413
4422
4434
4438
4460
4474
4511
4532
4546
4555
4566
4569
4572
4609
4622
4627
4632
4642
4680
4684
4693
4702
4733
4739
4745
4775
4800
4805
4838
4860
4863
4891
4910
4913
4936
4952
4976
4982
5028
5031
5034
5039
5043
5046
5050
5054
5057
5061
5065
5069
5074
5077
5083
5087
5091
5094
5098
5102
5106
5110
5114
5118
5121
5124
5128
5131
5251
5261
5264
5267
5278
5281
5285
5289
5323
5326
5410
5416
5429
5432
5435
5438
5441
5455
5469
5472
5494
5497
5511
5523
5574
5578
5608
5628
5636
5657
5660
5663
5676
5684
5757
5765
5768
5781
5784
5830
5833
5876
5880
5890
5904
5922
5925
5932
5946
5992
6002
6023
6032
6044
6050
6053
6061
6091
6098
6135
6139
6142
6154
6159
6177
6193
6196
6218
6230
6234
6273
6278
6282
6288
6293
6337
6343
6348
6358
6394
6407
6411
6414
6459
6463
6472
6474
6496
6519
6539
6544
6546
6565
6582
6601
6604
6618
6636
6658
6680
6684
6687
6691
6695
6698
6702
6706
6709
6712
6715
6719
6723
6735
6738
6742
6745
6748
6752
6757
6760
6763
6766
6769
6772
6774
6777
6780
6783
6786
6838
6901
6905
6910
6914
6918
6924
6928
6932
6935
6942
6998
7013
7044
7072
7079
7091
7117
7161
7180
7217
7231
7241
7253
7259
7320
7341
7347
7352
7357
7368
7371
7388
7404
7441
7451
7486
7496
7504
7518
7530
7540
7561
7573
7604
7615
7645
7674
7685
7692
7713
7724
7738
7751
7788
7812
7815
7824
7827
7838
7872
7880
7884
7917
7956
7968
7971
7991
8012
8049
8057
8067
8160
8162
8167
8199
8221
8227
8232
8268
8275
8331
8334
8337
8340
8342
8345
8348
8352
8355
8359
8362
8365
8368
8371
8374
8377
8380
8389
8393
8398
8402
8406
8410
8414
8418
8422
8429
8433
8437
8443
8446
8449
8452
8455
8458
8461
8464
8468
8471
8475
8478
8481
8484
8487
8489
8492
8622
8626
8642
8647
8650
8653
8660
8662
8665
8682
8685
8689
8722
8757
8779
8795
8819
8825
8832
8838
8849
8853
8862
8865
8890
8918
8926
8947
8978
8987
8997
9007
9027
9036
9054
9065
9084
9088
9102
9118
9153
9164
9190
9198
9208
9213
9251
9281
9284
9297
9325
9342
9365
9368
9388
9418
9421
9428
9431
9443
9446
9468
9483
9493
9504
9518
9521
9530
9543
9559
9564
9577
9587
9641
9660
9665
9680
9683
9698
9740
9744
9752
9771
9802
9811
9818
9835
9842
9849
9876
9888
9897
9908
9934
9941
9951
9978
9985
9993
10018
10040
10044
10049
10053
10058
10063
10068
10072
10076
10080
10083
10086
10095
10098
10100
10102
10106
10108
10110
10113
10116
10119
10124
10127
10130
10133
10136
10139
10142
10151
10154
10157
10160
10163
10166
10170
10173
10176
10179
10182
10197
10199
10203
10266
10270
10275
10287
10292
10299
10303
10308
10333
10376
10396
10402
10408
10414
10432
10488
10508
10524
10529
10542
10551
10609
10631
10641
10650
10658
10669
10680
10730
10740
10763
10786
10811
10816
10821
10870
10875
10888
10896
10900
10905
10919
10950
10955
10979
10982
10997
11008
11013
11025
11056
11110
11118
11122
11159
11168
11180
11195
11204
11209
11220
11254
11260
11263
11268
11274
11277
11287
11301
11321
11324
11342
11345
11354
11358
11361
11375
11397
11404
11409
11416
11437
11450
11455
11476
11481
11483
11486
11494
11523
11528
11546
11561
11582
11590
11614
11638
11642
11659
11664
11686
11693
11704
11715
11726
11737
11747
11750
11753
11757
11760
11763
11767
11770
11772
11775
11778
11781
11784
11786
11788
11790
11792
11794
11796
11803
11806
11810
11813
11816
11818
11822
11824
11827
11830
11832
11834
11836
11838
11840
11844
11847
11851
11854
11858
11968
11970
11974
11976
11978
11981
11984
11986
11988
11993
11996
12051
12062
12068
12076
12124
12132
12134
12137
12145
12148
12151
12178
12180
12185
12189
12203
12210
12212
12215
12283
12292
12295
12304
12320
12325
12336
12344
12356
12372
12376
12423
12428
12430
12443
12448
12453
12468
12475
12484
12506
12549
12554
12574
12591
12596
12598
12621
12623
12632
12640
12658
12666
12685
12709
12712
12728
12741
12751
12778
12789
12792
12806
12816
12819
12832
12847
12862
12876
12883
12902
12905
12920
12922
12934
12940
12942
12984
12989
12995
13042
13061
13074
13092
13124
13135
13171
13174
13197
13200
13203
13224
13247
13250
13253
13256
13294
13300
13310
13316
13345
13348
13374
13399
13402
13405
13408
13411
13414
13417
13420
13423
13426
13429
13432
13435
13438
13441
13446
13503
13552
13564
13567
13570
13573
13576
13579
13582
13585
13595
13598
13612
13642
13659
13720
13723
13726
13729
13733
13736
13739
13745
13748
13762
13799
13813
13829
13843
13855
13867
13870
13873
13880
13883
13896
13899
13934
13938
13951
13968
13993
13998
14005
14008
14016
14029
14032
14054
14068
14087
14099
14106
14119
14125
14135
14144
14155
14178
14208
14220
14226
14230
14237
14240
14244
14254
14272
14294
14298
14337
14340
14348
14352
14355
14379
14385
14404
14426
14441
14449
14456
14501
14509
14514
14517
14522
14525
14534
14542
14597
14603
14606
14610
14619
14653
14661
14665
14681
14699
14708
14737
14755
14769
14772
14814
14868
14894
14922
14941
14995
14998
15002
15005
15008
15011
15014
15017
15021
15025
15028
15031
15033
15035
15037
15039
15043
15046
15110
15118
15121
15127
15136
15160
15166
15177
15183
15186
15192
15200
15227
15248
15267
15271
15275
15288
15291
15294
15305
15309
15329
15332
15352
15367
15372
15384
15389
15407
15425
15428
15478
15481
15494
15513
15517
15521
15556
15569
15574
15583
15589
15605
15624
15651
15655
15658
15661
15672
15675
15681
15691
15710
15730
15741
15762
15775
15778
15789
15793
15796
15799
15820
15850
15862
15868
15891
15902
15909
15913
15916
15919
15961
15971
15975
15979
16024
16034
16041
16046
16051
16054
16069
16076
16095
16103
16113
16140
16159
16176
16178
16193
16201
16231
16249
16294
16322
16349
16388
16404
16411
16415
16463
16517
16545
16564
16592
16597
16602
16607
16611
16614
16617
16620
16633
16636
16639
16713
16717
16721
16725
16734
16738
16744
16782
16794
16801
16805
16829
16841
16865
16873
16884
16888
16901
16919
16954
16957
16990
16995
17014
17018
17024
17028
17032
17046
17069
17083
17099
17109
17119
17123
17136
17142
17158
17171
17206
17222
17227
17233
17253
17273
17299
17319
17344
17350
17377
17394
17409
17413
17427
17436
17440
17458
17507
17527
17534
17548
17551
17593
17598
17606
17610
17634
17649
17652
17692
17700
17704
17707
17717
17726
17740
17743
17786
17790
17821
17826
17837
17855
17866
17870
17882
17898
17935
17938
17989
18011
18054
18073
18098
18125
18167
18194
18197
18200
18203
18206
18209
18212
18215
18217
18220
18223
18225
18227
18230
18233
18235
18239
18329
18345
18368
18371
18375
18395
18405
18411
18414
18416
18430
18433
18444
18450
18452
18459
18477
18491
18520
18524
18531
18538
18544
18548
18551
18579
18584
18612
18620
18631
18635
18644
18647
18651
18657
18662
18686
18728
18736
18756
18766
18785
18795
18821
18846
18871
18875
18883
18893
18898
18901
18949
18962
18967
18969
18977
18985
18992
18997
19011
19021
19027
19042
19052
19068
19092
19095
19099
19108
19111
19137
19139
19153
19157
19159
19177
19214
19216
19237
19256
19266
19273
19276
19278
19291
19326
19330
19333
19366
19369
19378
19382
19400
19414
19417
19420
19450
19459
19474
19478
19486
19514
19516
19518
19520
19546
19573
19586
19598
19600
19622
19648
19666
19683
19704
19719
19733
19782
19784
19787
19790
19792
19795
19798
19801
19805
19808
19811
19814
19817
19821
19824
19829
19852
19888
19952
19955
19958
19963
19975
20036
20058
20064
20067
20076
20081
20084
20091
20096
20113
20123
20161
20170
20178
20181
20185
20188
20215
20222
20226
20245
20261
20298
20313
20317
20320
20325
20328
20332
20362
20370
20394
20400
20403
20419
20422
20426
20428
20435
20450
20504
20507
20532
20535
20555
20568
20584
20593
20599
20604
20616
20621
20627
20669
20675
20677
20681
20686
20696
20699
20702
20710
20755
20772
20775
20781
20786
20819
20844
20847
20875
20883
20900
20938
20942
20945
21003
21047
21065
21068
21085
21088
21097
21124
21127
21130
21134
21167
21183
21195
21213
21221
21235
21247
21268
21288
21357
21380
21391
21438
21441
21444
21446
21449
21451
21455
21457
21459
21461
21463
21465
21467
21469
21472
21475
21478
21483
21491
21493
21496
21499
21502
21506
21509
21513
21516
21519
21523
21527
21533
21536
21539
21548
21552
21556
21559
21566
21569
21572
21575
21582
21585
21588
21591
21594
21597
21652
21664
21667
21672
21675
21684
21686
21697
21723
21731
21735
21741
21743
21752
21756
21765
21772
21779
21810
21812
21828
21832
21834
21840
21851
21853
21876
21886
21888
21892
21895
21897
21899
21918
21922
21929
21943
21954
21961
21980
21982
21987
21998
22005
22007
22019
22031
22033
22036
22043
22050
22063
22071
22084
22093
22100
22102
22112
22114
22133
22135
22142
22160
22192
22196
22219
22223
22225
22243
22271
22274
22281
22317
22334
22342
22346
22351
22354
22363
22368
22371
22413
22418
22421
22424
22429
22441
22445
22448
22453
22463
22468
22471
22486
22493
22496
22509
22518
22523
22526
22533
22535
22537
22550
22554
22589
22592
22594
22596
22608
22610
22615
22618
22632
22654
22668
22679
22681
22689
22691
22700
22702
22704
22724
22741
22754
22765
22774
22776
22785
22788
22796
22806
22819
22823
22829
22834
22849
22875
22878
22903
22905
22907
22915
22919
22937
22942
22964
22966
22968
22998
23065
23070
23072
23100
23103
23123
23142
23145
23148
23151
23156
23160
23162
23164
23166
23168
23170
23172
23174
23177
23179
23182
23184
23186
23188
23190
23192
23194
23258
23279
23282
23285
23288
23291
23294
23297
23302
23309
23316
23323
23328
23352
23371
23373
23387
23395
23398
23401
23441
23457
23460
23464
23471
23479
23483
23489
23493
23504
23523
23525
23558
23563
23566
23578
23588
23592
23616
23622
23628
23632
23637
23666
23687
23692
23697
23704
23706
23715
23718
23722
23727
23740
23745
23754
23768
23774
23776
23779
23796
23808
23825
23827
23842
23844
23847
23855
23858
23865
23890
23894
23902
23904
23922
23933
23938
23955
23963
23965
23967
23987
24007
24013
24029
24031
24046
24052
24054
24059
24063
24073
24077
24085
24093
24110
24132
24151
24160
24164
24171
24173
24182
24190
24192
24200
24210
24228
24248
24266
24269
24287
24310
24318
24320
24336
24343
24355
24368
24372
24375
24387
24404
24406
24415
24417
24422
24443
24448
24450
24455
24469
24476
24480
24508
24512
24515
24517
24522
24540
24551
24554
24574
24576
24579
24581
24586
24589
24595
24620
24623
24625
24630
24641
24647
24650
24676
24678
24684
24704
24706
24717
24774
24779
24802
24806
24811
24831
24842
24849
24852
24857
24876
24882
24913
24915
24930
24937
24944
24947
24955
24958
24962
24971
24976
24993
25010
25028
25039
25046
25053
25062
25065
25072
25079
25104
25106
25129
25132
25135
25138
25141
25144
25147
25156
25160
25165
25170
25196
25229
25235
25244
25246
25249
25263
25265
25270
25277
25282
25318
25343
25348
25352
25355
25365
25371
25388
25400
25409
25433
25438
25455
25471
25476
25481
25489
25506
25525
25550
25552
25555
25559
25568
25578
25581
25584
25599
25608
25627
25630
25641
25648
25652
25657
25659
25679
25689
25698
25707
25719
25728
25743
25746
25757
25763
25786
25798
25805
25808
25814
25859
25863
25866
25877
25915
25919
25922
25929
25934
25963
25967
25971
25983
26010
26014
26017
26020
26028
26053
26056
26060
26083
26096
26111
26118
26144
26148
26167
26206
26235
26349
26353
26357
26414
26418
26426
26430
26433
26462
26494
26566
26580
26584
26588
26623
26676
26728
26763
26767
26895
26953
27819
27822
27825
27828
27831
27834
27837
27840
27843
27846
27849
27852
27855
27858
27865
27868
27948
27951
27961
27983
27985
27991
27993
27996
27999
28020
28023
28026
28028
28054
28060
28063
28094
28098
28101
28108
28117
28120
28163
28181
28192
28197
28200
28205
28209
28215
28218
28251
28277
28287
28290
28301
28303
28309
28311
28322
28340
28344
28352
28365
28381
28415
28423
28428
28430
28433
28439
28441
28447
28452
28456
28501
28518
28524
28528
28531
28539
28554
28556
28575
28599
28609
28618
28622
28624
28631
28643
28651
28673
28684
28693
28698
28706
28714
28724
28726
28733
28738
28749
28787
28790
28794
28800
28808
28816
28819
28837
28840
28847
28861
28864
28877
28887
28924
28927
28931
28934
28937
28940
28943
28979
28989
29012
29015
29022
29027
29030
29071
29078
29094
29106
29109
29123
29126
29141
29144
29174
29177
29184
29187
29190
29226
29233
29236
29247
29273
29278
29284
29296
29302
29319
29323
29327
29343
29359
29363
29380
29424
29470
29475
29483
29487
29490
29493
29496
29514
29526
29532
29555
29561
29564
29569
29571
29581
29590
29594
29597
29600
29611
29629
29635
29638
29656
29660
29666
29669
29676
29691
29695
29699
29722
29734
29737
29757
29761
29767
29773
29791
29794
29797
29802
29812
29818
29823
29834
29847
29853
29883
29886
29889
29902
29913
29925
29937
29943
29950
29961
29966
29972
29976
30000
30022
30025
30030
30033
30036
30039
30058
30061
30084
30107
30110
30118
30129
30153
30161
30167
30182
30188
30195
30203
30236
30247
30257
30260
30266
30276
30281
30305
30329
30343
30350
30355
30366
30370
30373
30380
30387
30394
30409
30416
30439
30444
30451
30464
30502
30508
30520
30525
30529
30563
30578
30582
30593
30596
30615
30625
30631
30635
30643
30663
30670
30696
30710
30714
30724
30728
30758
30766
30780
30790
30819
30840
30846
30857
30878
30893
30914
30940
30954
31012
31016
31023
31027
31036
31044
31050
31054
31073
31085
31094
31101
31111
31116
31121
31124
31129
31142
31159
31171
31184
31187
31202
31214
31229
31242
31248
31256
31260
31282
31295
31301
31334
31337
31353
31361
31371
31388
31405
31413
31438
31445
31461
31480
31494
31531
31548
31572
31578
31595
31669
31680
31699
31702
31706
31715
31760
31763
31773
31783
31793
31795
31803
31806
31817
31824
31845
31849
31856
31867
31870
31887
31908
31911
31917
31937
31947
31953
31960
31973
31976
31999
32012
32036
32059
32084
32092
32095
32144
32148
32162
32177
32181
32208
32214
32219
32222
32234
32247
32250
32287
32297
32309
32319
32332
32344
32352
32363
32399
32404
32430
32444
32459
32475
32493
32494
32495
32496
32497
32498
32501
32502
32503
32504
32507
32511
32564
32568
32572
32576
32581
32585
32588
32591
32594
32601
32610
32613
32655
32659
32661
32665
32668
32838
32886
33040
33355
33549
33624
33687
33784
33810
33890
33918
33985
33989
34015
34062
34101
34112
34152
34170
34188
34219
34221
34224
34228
34231
34234
34238
34241
34246
34250
34256
34259
34262
34265
34271
34274
34278
34281
34284
34287
34291
34295
34298
34302
34306
34449
34462
34466
34475
34480
34483
34491
34495
34504
34507
34511
34576
34581
34600
34619
34635
34645
34660
34666
34686
34704
34712
34719
34729
34743
34748
34769
34809
34824
34827
34846
34849
34865
34901
34930
34939
34955
34958
34989
35027
35034
35057
35060
35077
35080
35104
35109
35150
35177
35190
35193
35196
35218
35293
35300
35323
35329
35395
35419
35456
35479
35534
35606
35608
35692
35869
35874
35878
35883
35887
35892
35896
35900
35904
35909
35913
35923
35926
35928
35931
35935
35939
35942
35945
35948
35952
35956
35959
35962
35965
35968
35971
35974
36028
36034
36041
36045
36059
36063
36068
36073
36102
36107
36135
36150
36163
36167
36172
36198
36210
36263
36268
36272
36306
36345
36359
36373
36378
36382
36399
36411
36415
36449
36485
36499
36509
36513
36522
36536
36547
36583
36593
36598
36603
36618
36629
36651
36663
36684
36690
36708
36712
36716
36728
36759
36773
36779
36783
36825
36829
36837
36869
36877
36890
36929
36933
36944
36950
36970
36991
37007
37013
37026
37030
37048
37064
37097
37101
37105
37116
37147
37178
37186
37193
37222
37237
37251
37256
37292
37302
37317
37349
37353
37358
37385
37389
37407
37429
37445
37464
37476
37522
37525
37529
37533
37537
37541
37545
37549
37552
37555
37559
37563
37567
37570
37575
37577
37584
37588
37591
37594
37599
37602
37605
37611
37614
37621
37625
37750
37753
37756
37763
37780
37795
37818
37821
37824
37827
37836
37839
37903
37906
37909
37913
37917
37970
37990
38022
38026
38033
38036
38053
38057
38060
38063
38076
38091
38096
38157
38165
38170
38175
38188
38205
38227
38234
38237
38240
38255
38260
38264
38313
38326
38330
38341
38345
38356
38375
38378
38398
38401
38446
38460
38463
38487
38491
38494
38506
38511
38514
38571
38588
38591
38595
38599
38602
38611
38682
38685
38689
38693
38697
38775
38779
38782
38788
38812
38852
38856
38865
38873
38883
38909
38922
38935
38947
38950
38974
38984
39009
39013
39022
39074
39081
39084
39121
39126
39144
39172
39176
39179
39183
39186
39190
39194
39198
39202
39206
39210
39214
39218
39228
39231
39235
39238
39241
39245
39254
39257
39260
39263
39266
39269
39273
39276
39342
39346
39350
39358
39362
39391
39420
39424
39429
39433
39439
39452
39456
39489
39518
39523
39527
39535
39556
39564
39589
39601
39609
39631
39668
39683
39708
39721
39726
39734
39749
39759
39821
39835
39843
39847
39853
39861
39869
39883
39908
39936
39965
39971
39975
39982
39986
39990
39995
40049
40058
40061
40065
40091
40094
40108
40111
40151
40170
40173
40176
40180
40199
40203
40254
40265
40274
40277
40280
40283
40358
40370
40373
40376
40382
40392
40438
40460
40515
40523
40533
40573
40602
40640
40653
40681
40705
40708
40726
40760
40787
40823
40826
40829
40832
40835
40838
40841
40844
40848
40852
40855
40858
40861
40867
40871
40874
40884
40888
40892
40897
40901
40905
40910
40914
40922
40926
40929
40935
40938
40941
40944
40947
40950
40952
40955
40958
40965
40968
40971
40974
40977
40980
40983
40986
41085
41102
41105
41110
41116
41119
41126
41132
41135
41144
41152
41175
41181
41213
41249
41260
41271
41280
41317
41334
41337
41340
41350
41357
41361
41418
41426
41429
41443
41458
41469
41480
41492
41496
41499
41506
41564
41568
41577
41590
41599
41615
41624
41645
41661
41671
41682
41690
41693
41718
41740
41754
41765
41800
41807
41810
41813
41820
41833
41853
41892
41913
41938
41951
41955
41958
41994
42008
42030
42050
42074
42083
42085
42088
42120
42128
42167
42173
42180
42187
42222
42234
42243
42273
42283
42300
42308
42311
42315
42343
42365
42371
42386
42394
42413
42431
42440
42447
42467
42486
42536
42540
42545
42549
42554
42559
42562
42565
42571
42575
42579
42592
42594
42596
42598
42601
42603
42606
42609
42611
42613
42615
42621
42624
42626
42630
42633
42643
42646
42649
42653
42656
42659
42663
42666
42670
42673
42676
42682
42685
42724
42757
42761
42766
42781
42797
42824
42839
42844
42862
42870
42903
42917
42930
42976
42984
42994
43001
43015
43036
43077
43116
43137
43143
43171
43187
43210
43221
43238
43271
43294
43299
43318
43322
43328
43345
43350
43380
43396
43401
43406
43464
43469
43473
43498
43546
43575
43614
43671
43737
43745
43765
43781
43817
43834
43840
43843
43849
43852
43856
43864
43899
43908
43918
43927
43930
43939
43968
43972
43980
43986
43997
44013
44021
44029
44035
44037
44058
44078
44102
44121
44125
44130
44142
44150
44154
44180
44204
44219
44238
44240
44242
44247
44251
44254
44257
44259
44262
44265
44267
44269
44271
44274
44276
44278
44280
44283
44286
44288
44290
44295
44298
44301
44304
44307
44309
44311
44313
44317
44319
44321
44323
44326
44330
44333
44339
44342
44345
44411
44459
44461
44467
44470
44472
44475
44477
44496
44500
44504
44534
44537
44545
44554
44560
44569
44592
44616
44621
44623
44627
44649
44652
44657
44660
44674
44682
44685
44688
44694
44716
44727
44740
44744
44752
44767
44771
44773
44794
44815
44826
44829
44831
44843
44857
44879
44884
44892
44906
44908
44926
44956
44961
44974
44977
44989
45006
45008
45013
45043
45051
45059
45097
45117
45125
45149
45154
45157
45167
45173
45203
45207
45236
45245
45250
45257
45289
45299
45308
45310
45331
45334
45358
45371
45377
45379
45429
45446
45456
45464
45466
45469
45489
45541
45551
45553
45556
45571
45609
45620
45622
45626
45652
45656
45662
45687
45690
45715
45731
45757
45760
45778
45781
45801
45816
45820
45848
45859
45870
45890
45893
45896
45898
45900
45903
45906
45909
45912
45915
45919
45922
45925
45928
45931
45934
45938
45941
46056
46062
46065
46068
46071
46075
46079
46083
46092
46095
46099
46102
46111
46138
46141
46184
46215
46217
46220
46223
46226
46229
46236
46247
46250
46253
46256
46288
46291
46311
46355
46361
46363
46366
46370
46373
46377
46380
46395
46398
46429
46432
46497
46500
46503
46513
46517
46525
46531
46535
46550
46600
46608
46626
46629
46653
46659
46672
46679
46684
46687
46702
46714
46736
46747
46759
46777
46787
46800
46809
46826
46840
46866
46869
46883
46887
46906
46911
46927
46964
46968
46973
46981
46984
47007
47031
47040
47048
47057
47071
47082
47094
47102
47116
47148
47150
47157
47169
47177
47203
47213
47229
47270
47311
47318
47354
47367
47375
47386
47413
47421
47442
47446
47487
47490
47494
47497
47500
47503
47506
47509
47512
47514
47516
47518
47521
47523
47525
47527
47530
47534
47537
47605
47620
47651
47661
47665
47668
47676
47679
47682
47687
47692
47697
47708
47723
47737
47747
47762
47767
47793
47808
47820
47829
47832
47834
47837
47850
47860
47863
47872
47875
47889
47901
47928
47940
47957
47962
47980
47982
47990
48014
48017
48023
48030
48042
48055
48078
48084
48093
48096
48114
48125
48133
48147
48150
48159
48184
48204
48207
48213
48222
48233
48239
48268
48291
48304
48312
48321
48324
48328
48354
48371
48402
48406
48412
48418
48429
48433
48471
48476
48495
48501
48531
48569
48587
48590
48593
48597
48612
48651
48655
48658
48696
48726
48738
48746
48767
48774
48794
48801
48808
48812
48843
48860
48884
48916
48963
48966
48969
49008
49011
49040
49087
49092
49097
49101
49105
49109
49113
49123
49126
49133
49196
49216
49254
49259
49282
49287
49291
49295
49316
49327
49360
49370
49383
49405
49413
49438
49442
49446
49466
49471
49475
49527
49550
49558
49563
49578
49585
49589
49593
49612
49661
49664
49672
49722
49727
49746
49755
49762
49777
49781
49791
49835
49841
49847
49851
49900
49911
49917
49922
49942
49964
49989
50004
50029
50034
50043
50050
50090
50106
50129
50135
50142
50146
50152
50195
50201
50235
50258
50267
50273
50277
50307
50317
50338
50379
50382
50413
50440
50464
50496
50500
50538
50549
50561
50591
50594
50629
50635
50665
50680
50683
50686
50689
50692
50695
50698
50701
50704
50707
50710
50713
50716
50719
50809
50834
50836
50858
50867
50873
50875
50879
50883
50898
50903
50905
50908
50922
50937
50964
50969
50982
50985
51017
51026
51028
51030
51040
51052
51058
51071
51087
51103
51110
51122
51130
51139
51160
51172
51199
51229
51231
51247
51270
51279
51294
51300
51311
51330
51350
51356
51362
51366
51401
51420
51436
51449
51471
51479
51496
51502
51513
51521
51545
51555
51580
51595
51599
51601
51603
51611
51623
51627
51665
51683
51695
51709
51719
51724
51735
51739
51764
51790
51801
51805
51816
51823
51828
51848
51863
51872
51883
51888
51906
51924
51928
51939
51960
51991
52004
52010
52024
52029
52057
52093
52115
52122
52144
52162
52225
52239
52274
52276
52279
52282
52284
52286
52290
52293
52296
52299
52302
52306
52309
52312
52315
52318
52320
52322
52395
52452
52455
52461
52496
52499
52501
52521
52561
52569
52579
52600
52609
52618
52624
52634
52639
52653
52656
52666
52708
52711
52721
52728
52763
52766
52780
52790
52792
52802
52806
52851
52863
52870
52900
52903
52906
52962
52986
53024
53036
53057
53076
53080
53088
53091
53109
53125
53154
53159
53167
53180
53189
53195
53201
53241
53262
53265
53268
53310
53314
53318
53331
53337
53368
53379
53404
53438
53444
53494
53510
53520
53536
53559
53587
53616
53618
53627
53631
53633
53638
53675
53680
53708
53739
53808
53811
53828
53837
53863
53865
53906
53929
53932
53935
53938
53940
53942
53944
53947
53949
53955
53958
53961
53964
53970
53973
53978
53989
53992
53995
53999
54003
54007
54011
54015
54019
54027
54030
54034
54044
54048
54051
54054
54059
54062
54065
54069
54072
54075
54078
54082
54084
54146
54151
54158
54161
54167
54170
54181
54192
54217
54226
54232
54236
54240
54242
54265
54272
54275
54309
54321
54331
54334
54337
54347
54350
54353
54356
54368
54373
54376
54393
54413
54432
54435
54448
54451
54464
54472
54476
54485
54489
54492
54502
54514
54541
54545
54563
54567
54581
54593
54600
54604
54634
54651
54659
54666
54672
54680
54684
54691
54717
54746
54749
54752
54755
54778
54780
54782
54807
54825
54829
54842
54855
54871
54899
54901
54904
54911
54921
54944
54950
54963
54982
54988
55010
55013
55019
55030
55055
55066
55083
55090
55095
55102
55112
55117
55124
55129
55150
55176
55182
55187
55213
55219
55236
55260
55270
55291
55293
55298
55310
55314
55326
55344
55370
55375
55377
55383
55387
55395
55411
55434
55439
55441
55446
55455
55495
55515
55539
55574
55595
55599
55614
55621
55635
55638
55641
55645
55650
55652
55654
55656
55658
55660
55663
55666
55669
55672
55674
55676
55679
55682
55684
55744
55786
55794
55807
55810
55814
55817
55820
55823
55826
55828
55830
55833
55836
55849
55853
55856
55919
55922
55935
55949
55960
55975
55978
55981
55990
55993
55997
56001
56006
56016
56020
56033
56066
56071
56086
56093
56099
56104
56120
56122
56124
56126
56131
56136
56138
56142
56162
56174
56176
56190
56225
56231
56241
56249
56257
56259
56261
56267
56273
56289
56306
56313
56370
56375
56393
56395
56397
56400
56426
56430
56443
56445
56452
56457
56460
56467
56473
56476
56493
56517
56537
56540
56550
56557
56559
56571
56580
56582
56588
56600
56610
56613
56619
56628
56670
56672
56676
56679
56682
56684
56690
56694
56718
56744
56760
56770
56772
56777
56781
56784
56819
56827
56840
56843
56859
56861
56865
56895
56899
56901
56918
56932
56934
56946
56954
56962
56990
56994
57001
57008
57010
57026
57034
57063
57066
57068
57070
57095
57106
57113
57117
57119
57144
57152
57166
57170
57178
57205
57225
57268
57295
57301
57316
57326
57334
57343
57350
57357
57359
57367
57372
57374
57377
57385
57394
57398
57405
57452
57460
57479
57491
57505
57508
57513
57520
57525
57533
57545
57548
57561
57600
57618
57621
57624
57636
57639
57650
57653
57656
57678
57690
57708
57715
57731
57738
57741
57755
57757
57768
57771
57779
57788
57804
57825
57828
57840
57845
57850
57854
57861
57884
57898
57906
57929
57932
57961
57977
57981
57985
58002
58005
58009
58012
58054
58057
58071
58074
58079
58082
58085
58088
58101
58105
58113
58131
58153
58156
58164
58179
58185
58206
58215
58221
58232
58244
58282
58287
58295
58299
58309
58336
58347
58354
58358
58394
58397
58402
58406
58411
58415
58449
58453
58457
58460
58465
58495
58500
58504
58508
58512
58541
58547
58551
58556
58565
58589
58592
58600
58622
58643
58651
58655
58687
58736
58847
58904
58908
58912
58968
58972
59118
59122
59126
59210
59261
59268
59291
59311
59559
60312
60315
60319
60322
60325
60328
60331
60334
60337
60340
60343
60349
60352
60355
60358
60361
60433
60436
60441
60444
60453
60456
60492
60513
60515
60518
60520
60530
60536
60538
60543
60547
60549
60604
60607
60610
60613
60635
60642
60646
60648
60666
60670
60687
60690
60708
60745
60750
60754
60766
60782
60785
60789
60810
60816
60834
60843
60846
60849
60865
60871
60874
60883
60886
60897
60903
60921
60923
60934
60944
60950
60953
60969
60972
60975
60980
60983
61028
61032
61040
61061
61099
61108
61112
61116
61135
61160
61165
61168
61171
61179
61186
61189
61215
61233
61242
61248
61267
61272
61280
61289
61299
61311
61317
61319
61328
61331
61347
61355
61368
61371
61382
61390
61419
61426
61433
61442
61460
61466
61478
61481
61514
61520
61533
61538
61550
61557
61562
61570
61591
61598
61609
61613
61625
61641
61654
61657
61666
61681
61690
61704
61713
61718
61726
61739
61747
61754
61760
61782
61794
61802
61805
61824
61841
61854
61857
61873
61906
61958
61964
61969
61972
61978
61985
61989
62005
62028
62045
62048
62051
62055
62062
62069
62072
62075
62083
62116
62129
62142
62145
62149
62156
62159
62162
62172
62182
62185
62189
62201
62218
62263
62272
62277
62282
62286
62290
62294
62300
62306
62345
62355
62360
62367
62370
62373
62376
62380
62396
62403
62428
62433
62439
62453
62456
62468
62480
62488
62514
62529
62537
62544
62549
62553
62559
62562
62567
62576
62598
62611
62622
62628
62632
62646
62675
62688
62698
62708
62711
62716
62722
62733
62775
62785
62793
62798
62801
62824
62839
62842
62865
62869
62879
62889
62893
62896
62919
62933
62936
62939
62942
62946
62955
62958
62961
63023
63026
63029
63036
63059
63061
63071
63102
63106
63116
63143
63147
63150
63176
63209
63222
63233
63258
63264
63279
63285
63288
63328
63332
63335
63369
63372
63396
63402
63502
63508
63526
63559
63566
63570
63573
63576
63584
63588
63592
63596
63600
63604
63633
63660
63667
63670
63674
63689
63695
63713
63728
63731
63734
63749
63753
63774
63788
63793
63845
63873
63876
63883
63888
63896
63906
63938
63974
63978
64015
64026
64031
64065
64104
64111
64115
64130
64161
64173
64191
64207
64233
64236
64239
64248
64288
64329
64332
64349
64362
64404
64413
64421
64430
64433
64441
64450
64458
64468
64476
64497
64502
64510
64517
64543
64566
64583
64586
64606
64617
64620
64625
64639
64649
64657
64668
64690
64701
64704
64721
64734
64741
64758
64767
64772
64781
64790
64805
64821
64836
64842
64845
64869
64871
64901
64907
64923
64945
64951
64967
