1
2
3
4
5
6
8
9
10
11
12
15
20
72
75
79
82
86
90
94
97
100
106
110
119
165
169
172
176
348
983
1195
1261
1346
1378
1424
1451
1492
1499
1570
1580
1605
1623
1645
1696
1724
1728
1731
1736
1740
1744
1748
1751
1754
1757
1760
1763
1766
1769
1772
1779
1784
1787
1791
1795
1799
1802
1806
1810
1814
1939
1957
1961
1979
1982
1985
1988
2002
2016
2019
2022
2028
2108
2134
2137
2140
2143
2161
2180
2212
2217
2221
2224
2242
2247
2297
2320
2327
2332
2346
2353
2379
2405
2437
2444
2454
2461
2468
2493
2499
2506
2570
2590
2616
2621
2624
2650
2665
2726
2730
2768
2771
2775
2826
2831
2866
2869
2872
2935
2954
2958
2989
3066
3069
3160
3376
3380
3384
3388
3392
3397
3401
3405
3410
3415
3420
3424
3431
3434
3438
3441
3444
3447
3450
3453
3456
3459
3462
3465
3468
3471
3474
3477
3482
3557
3564
3574
3598
3621
3631
3641
3655
3659
3667
3677
3762
3772
3776
3782
3787
3806
3816
3841
3845
3900
3910
3915
3923
3927
3939
3977
3980
4011
4029
4040
4044
4048
4059
4063
4095
4110
4141
4157
4167
4171
4186
4190
4219
4234
4262
4280
4286
4291
4309
4314
4332
4343
4372
4385
4390
4398
4411
4437
4450
4474
4487
4491
4510
4532
4546
4567
4580
4584
4600
4604
4622
4643
4653
4664
4683
4687
4694
4728
4739
4746
4755
4759
4787
4818
4826
4848
4874
4880
4900
4928
4962
4966
4992
5028
5032
5036
5039
5042
5046
5049
5052
5056
5059
5063
5068
5071
5074
5077
5087
5091
5094
5098
5102
5106
5110
5114
5118
5121
5125
5128
5132
5249
5254
5259
5262
5265
5268
5271
5275
5279
5283
5290
5293
5296
5339
5360
5413
5416
5419
5423
5426
5430
5434
5438
5498
5506
5556
5562
5566
5569
5572
5577
5580
5588
5605
5629
5638
5666
5690
5700
5703
5714
5723
5736
5740
5749
5760
5763
5794
5797
5828
5861
5871
5881
5888
5894
5903
5913
5916
5923
5944
5968
5994
6001
6020
6023
6026
6043
6049
6068
6075
6086
6098
6128
6137
6140
6155
6166
6175
6178
6189
6223
6229
6232
6247
6255
6264
6267
6287
6307
6311
6317
6346
6364
6374
6381
6406
6409
6437
6442
6444
6471
6474
6499
6501
6504
6528
6548
6554
6566
6576
6596
6604
6629
6658
6660
6683
6687
6692
6696
6700
6704
6710
6715
6719
6723
6727
6735
6738
6741
6744
6747
6750
6753
6758
6761
6764
6767
6769
6771
6774
6777
6780
6785
6842
6857
6862
6884
6888
6906
6920
6925
6933
6991
7014
7018
7023
7027
7033
7122
7126
7131
7137
7146
7226
7231
7240
7267
7282
7306
7317
7331
7341
7344
7354
7366
7371
7379
7392
7402
7438
7449
7461
7464
7474
7484
7497
7518
7528
7561
7571
7575
7581
7594
7603
7635
7644
7655
7684
7688
7706
7710
7714
7736
7752
7762
7789
7793
7813
7835
7848
7882
7886
7902
7969
8024
8042
8045
8079
8086
8095
8126
8161
8182
8186
8211
8217
8242
8258
8287
8330
8332
8335
8338
8341
8347
8353
8357
8360
8363
8366
8369
8373
8377
8388
8395
8400
8405
8410
8415
8419
8423
8430
8434
8443
8446
8453
8456
8459
8462
8464
8467
8471
8474
8477
8480
8483
8486
8489
8491
8494
8548
8567
8614
8631
8646
8652
8661
8677
8680
8687
8691
8694
8715
8753
8769
8775
8807
8822
8831
8835
8844
8847
8887
8902
8907
8915
8965
8969
8973
8977
8985
8997
9026
9037
9084
9107
9111
9117
9121
9144
9172
9198
9210
9233
9244
9287
9314
9319
9337
9365
9381
9396
9425
9434
9463
9478
9483
9488
9504
9532
9545
9566
9581
9633
9642
9665
9680
9745
9756
9763
9810
9835
9838
9879
9889
9902
9909
9928
9950
9966
9984
10018
10041
10046
10051
10056
10061
10066
10078
10082
10086
10095
10098
10100
10103
10108
10111
10115
10118
10121
10124
10128
10131
10134
10137
10139
10142
10145
10151
10154
10157
10161
10164
10167
10170
10173
10176
10179
10182
10185
10189
10194
10197
10201
10272
10287
10292
10305
10316
10321
10331
10352
10378
10424
10435
10440
10446
10508
10529
10535
10539
10594
10622
10633
10653
10684
10690
10720
10745
10774
10780
10794
10802
10812
10827
10874
10891
10898
10902
10906
10920
10951
10982
10987
11001
11007
11011
11016
11035
11059
11065
11105
11109
11118
11122
11126
11132
11136
11175
11180
11196
11200
11205
11223
11242
11246
11261
11265
11270
11287
11304
11323
11326
11335
11357
11370
11373
11377
11387
11407
11416
11435
11447
11450
11454
11461
11480
11486
11517
11525
11542
11548
11553
11558
11570
11581
11595
11601
11623
11628
11654
11661
11670
11676
11696
11703
11726
11747
11751
11754
11757
11760
11763
11766
11769
11771
11774
11777
11779
11782
11785
11788
11791
11793
11796
11804
11807
11810
11813
11816
11819
11822
11825
11828
11833
11835
11838
11840
11844
11847
11850
11853
11858
11969
11972
11974
11976
11978
11981
12005
12038
12040
12045
12049
12051
12054
12087
12127
12132
12134
12144
12161
12179
12196
12204
12234
12237
12239
12255
12271
12296
12298
12321
12323
12325
12335
12338
12351
12373
12375
12421
12423
12459
12482
12491
12512
12528
12539
12550
12572
12597
12623
12632
12646
12725
12751
12753
12756
12771
12774
12818
12846
12861
12873
12890
12902
12912
12916
12929
12939
12965
12973
12979
12995
13005
13011
13052
13081
13087
13099
13108
13149
13173
13176
13178
13183
13239
13250
13252
13301
13328
13346
13399
13402
13404
13407
13410
13413
13416
13419
13422
13425
13428
13431
13434
13437
13440
13443
13446
13504
13569
13572
13575
13578
13581
13584
13593
13596
13599
13606
13617
13619
13664
13690
13706
13711
13725
13728
13731
13734
13737
13751
13770
13789
13797
13806
13812
13821
13840
13850
13871
13874
13877
13880
13883
13890
13905
13945
13948
13961
13977
13986
14008
14011
14015
14018
14026
14042
14077
14081
14107
14134
14137
14140
14153
14170
14184
14197
14201
14206
14256
14267
14297
14311
14317
14356
14370
14376
14380
14386
14401
14451
14461
14469
14474
14477
14511
14517
14566
14573
14598
14604
14619
14639
14648
14654
14676
14687
14705
14725
14731
14736
14771
14787
14800
14813
14827
14850
14853
14898
14930
14935
14961
14995
14998
15001
15005
15010
15013
15017
15020
15023
15026
15029
15032
15034
15037
15041
15043
15046
15112
15117
15160
15175
15182
15188
15192
15202
15221
15257
15275
15278
15287
15297
15302
15311
15341
15367
15378
15383
15394
15399
15421
15452
15456
15465
15476
15482
15485
15493
15506
15514
15518
15525
15537
15575
15579
15587
15593
15603
15613
15616
15634
15651
15671
15698
15711
15716
15731
15763
15790
15801
15806
15818
15833
15836
15850
15869
15901
15915
15919
15927
15948
15977
15980
16022
16041
16051
16069
16077
16080
16134
16137
16150
16159
16170
16221
16224
16232
16306
16315
16332
16341
16344
16369
16381
16392
16395
16404
16426
16447
16495
16556
16592
16596
16600
16604
16608
16612
16616
16620
16624
16628
16632
16635
16639
16715
16750
16757
16772
16776
16788
16795
16799
16866
16870
16874
16878
16904
16940
16946
16950
16972
16976
16984
17017
17028
17035
17039
17078
17095
17099
17108
17130
17137
17157
17171
17191
17205
17223
17252
17255
17272
17289
17301
17305
17317
17350
17401
17422
17429
17434
17447
17452
17507
17511
17524
17533
17536
17552
17575
17593
17614
17631
17651
17668
17672
17686
17707
17755
17773
17787
17790
17798
17846
17863
17874
17882
17891
17948
17972
18006
18027
18037
18047
18071
18088
18104
18122
18135
18189
18192
18195
18198
18201
18204
18207
18209
18212
18215
18218
18221
18224
18227
18230
18233
18236
18330
18336
18349
18367
18370
18373
18377
18380
18391
18394
18413
18416
18439
18450
18458
18461
18479
18487
18496
18525
18533
18550
18569
18572
18577
18585
18592
18614
18629
18638
18649
18658
18690
18716
18759
18776
18779
18784
18787
18796
18861
18869
18886
18908
18915
18930
18940
18983
18987
18992
18994
19006
19050
19067
19075
19084
19101
19109
19131
19134
19175
19178
19188
19193
19215
19240
19256
19264
19268
19277
19312
19321
19336
19362
19383
19387
19396
19399
19432
19443
19446
19461
19474
19488
19514
19518
19543
19560
19567
19572
19577
19621
19647
19653
19699
19705
19720
19762
19783
19786
19789
19791
19794
19797
19799
19801
19803
19805
19808
19810
19814
19817
19820
19823
19826
19852
19891
19951
19958
19964
20015
20033
20036
20062
20074
20081
20091
20116
20146
20159
20162
20171
20177
20182
20187
20200
20214
20224
20240
20268
20277
20292
20312
20318
20328
20331
20334
20354
20361
20369
20389
20397
20418
20455
20466
20469
20477
20489
20492
20501
20504
20507
20524
20558
20577
20580
20583
20587
20593
20596
20606
20630
20662
20666
20678
20694
20697
20712
20719
20721
20741
20745
20752
20774
20784
20815
20822
20834
20846
20863
20876
20888
20910
20914
20963
20969
21029
21034
21042
21044
21092
21112
21115
21120
21147
21151
21165
21172
21213
21220
21237
21260
21276
21283
21286
21290
21374
21435
21438
21441
21444
21447
21449
21452
21454
21456
21458
21460
21465
21468
21471
21473
21476
21479
21485
21492
21497
21500
21503
21506
21509
21512
21516
21520
21525
21532
21536
21540
21548
21552
21555
21558
21562
21570
21573
21576
21580
21583
21586
21590
21593
21596
21665
21673
21676
21697
21732
21734
21736
21738
21741
21743
21746
21753
21756
21759
21765
21773
21780
21800
21828
21834
21860
21869
21873
21887
21889
21891
21893
21896
21899
21903
21907
21912
21929
21931
21982
21999
22002
22006
22015
22032
22034
22036
22038
22040
22042
22055
22057
22064
22067
22070
22072
22097
22120
22137
22139
22158
22188
22197
22209
22212
22235
22242
22310
22313
22323
22333
22342
22406
22412
22425
22439
22441
22446
22452
22454
22492
22494
22504
22519
22522
22548
22559
22569
22575
22578
22585
22598
22600
22620
22623
22626
22636
22648
22660
22670
22694
22703
22707
22711
22717
22725
22728
22743
22747
22749
22785
22792
22804
22813
22820
22827
22857
22870
22883
22886
22899
22912
22923
22935
22947
22968
22991
23010
23054
23069
23072
23098
23118
23122
23136
23143
23147
23151
23155
23160
23163
23167
23170
23173
23178
23180
23183
23186
23189
23192
23194
23289
23295
23299
23302
23308
23322
23325
23328
23331
23334
23338
23345
23363
23403
23421
23424
23439
23443
23446
23450
23478
23481
23484
23540
23548
23562
23564
23574
23585
23591
23594
23618
23625
23628
23630
23646
23652
23654
23680
23682
23708
23712
23731
23735
23739
23742
23759
23798
23805
23807
23810
23812
23851
23863
23866
23884
23900
23911
23928
23937
23942
23946
23961
23970
23978
23988
24004
24013
24029
24060
24076
24079
24081
24090
24092
24102
24144
24153
24163
24181
24183
24188
24200
24203
24227
24253
24260
24280
24293
24296
24335
24337
24340
24343
24345
24347
24349
24361
24382
24416
24426
24428
24430
24433
24439
24443
24446
24471
24480
24500
24518
24548
24552
24556
24620
24623
24640
24643
24647
24662
24675
24677
24679
24705
24710
24757
24800
24830
24833
24848
24851
24856
24859
24862
24866
24889
24895
24926
24928
24931
24937
24969
24992
24996
25012
25049
25068
25074
25076
25080
25083
25086
25093
25138
25150
25154
25160
25165
25180
25193
25209
25218
25229
25234
25245
25249
25257
25266
25269
25297
25306
25320
25325
25354
25389
25392
25407
25435
25438
25452
25461
25464
25467
25484
25510
25512
25515
25518
25526
25529
25571
25584
25589
25592
25596
25599
25623
25640
25648
25654
25662
25691
25694
25704
25707
25711
25719
25755
25768
25771
25777
25791
25828
25839
25845
25884
25916
25920
25928
25931
25935
25939
25971
25984
26003
26006
26015
26020
26033
26051
26058
26062
26076
26090
26113
26143
26151
26162
26192
26237
26335
26340
26347
26350
26355
26359
26406
26416
26420
26424
26428
26431
26444
26487
26514
26518
26522
26577
26581
26585
26667
26672
26725
26729
26758
26762
26813
26862
27067
27819
27822
27825
27828
27834
27837
27839
27841
27844
27846
27848
27854
27857
27860
27863
27867
27870
27939
27948
27952
27987
27996
28008
28014
28019
28022
28024
28046
28051
28054
28058
28091
28100
28113
28116
28121
28124
28153
28177
28190
28194
28197
28211
28214
28218
28248
28269
28286
28303
28308
28322
28336
28339
28348
28372
28387
28397
28408
28425
28437
28449
28455
28460
28472
28483
28511
28517
28520
28528
28537
28543
28548
28565
28576
28601
28608
28621
28637
28644
28651
28654
28668
28704
28712
28718
28721
28724
28731
28734
28737
28763
28780
28787
28811
28820
28824
28835
28839
28842
28865
28881
28900
28922
28935
28938
28941
28959
28985
28992
29003
29009
29011
29024
29027
29043
29067
29082
29090
29097
29103
29119
29149
29152
29155
29162
29186
29200
29213
29215
29225
29237
29246
29267
29270
29274
29278
29297
29314
29317
29333
29337
29353
29379
29381
29400
29503
29514
29517
29520
29525
29542
29548
29551
29554
29559
29562
29587
29590
29630
29644
29650
29653
29659
29664
29670
29673
29697
29707
29712
29717
29733
29751
29774
29784
29791
29797
29807
29811
29816
29819
29834
29840
29888
29899
29907
29911
29914
29924
29928
29939
29975
29986
29998
30031
30034
30037
30044
30055
30063
30068
30094
30112
30119
30123
30129
30131
30139
30142
30147
30155
30157
30166
30190
30200
30236
30241
30245
30248
30254
30257
30260
30264
30268
30307
30311
30334
30338
30344
30349
30364
30400
30413
30419
30440
30442
30448
30460
30466
30505
30511
30514
30537
30549
30559
30594
30597
30642
30658
30661
30669
30708
30712
30719
30736
30752
30778
30793
30802
30805
30850
30853
30914
30973
31008
31013
31032
31037
31046
31050
31071
31074
31077
31081
31095
31108
31118
31138
31142
31173
31198
31203
31207
31219
31229
31232
31235
31238
31244
31262
31272
31297
31302
31306
31323
31326
31336
31341
31359
31377
31380
31392
31396
31419
31433
31475
31537
31561
31570
31584
31593
31616
31619
31637
31664
31689
31693
31720
31740
31769
31782
31798
31815
31829
31837
31842
31845
31854
31867
31883
31893
31904
31941
31946
31949
31959
31968
31976
31985
31989
32031
32041
32044
32053
32080
32091
32101
32104
32126
32135
32171
32180
32183
32211
32253
32267
32278
32314
32326
32335
32361
32383
32393
32429
32444
32469
32493
32494
32495
32496
32497
32498
32501
32502
32503
32509
32563
32566
32569
32572
32575
32581
32584
32587
32590
32593
32598
32601
32612
32653
32656
32663
32666
32669
32840
33355
33656
33751
33814
33865
33920
34012
34019
34044
34065
34110
34127
34164
34200
34217
34221
34224
34227
34230
34234
34237
34240
34243
34246
34249
34253
34256
34259
34262
34265
34271
34274
34277
34280
34283
34286
34291
34294
34298
34302
34307
34470
34473
34476
34482
34504
34508
34512
34515
34531
34543
34547
34550
34569
34629
34672
34681
34684
34701
34705
34712
34723
34756
34763
34781
34812
34819
34823
34833
34837
34904
34914
34928
34938
34991
34994
35014
35024
35028
35038
35081
35097
35138
35154
35181
35184
35187
35194
35233
35249
35261
35298
35319
35324
35334
35359
35385
35423
35456
35534
35562
35629
35692
35868
35872
35877
35881
35885
35890
35894
35899
35903
35908
35913
35923
35926
35931
35935
35938
35941
35944
35947
35950
35953
35956
35959
35962
35965
35968
35970
35973
36057
36075
36089
36093
36097
36115
36120
36124
36158
36198
36213
36231
36245
36268
36273
36277
36288
36305
36310
36371
36379
36383
36395
36403
36409
36413
36422
36489
36497
36507
36511
36517
36521
36546
36581
36592
36627
36638
36646
36662
36672
36684
36715
36746
36758
36766
36780
36788
36800
36808
36829
36857
36869
36876
36908
36915
36930
36934
36978
36985
36992
37003
37007
37014
37031
37071
37088
37094
37104
37126
37148
37184
37188
37195
37202
37206
37223
37260
37274
37289
37299
37332
37336
37342
37366
37375
37402
37421
37442
37521
37524
37528
37531
37534
37538
37541
37545
37549
37552
37556
37560
37564
37567
37570
37575
37578
37581
37585
37589
37593
37597
37601
37605
37608
37611
37615
37619
37623
37741
37751
37754
37758
37762
37765
37768
37772
37776
37780
37799
37835
37891
37903
37910
37914
37923
37927
37930
37933
37956
37967
37970
37987
37997
38032
38038
38057
38094
38100
38106
38115
38120
38154
38157
38172
38175
38187
38206
38210
38235
38270
38280
38286
38289
38297
38303
38306
38324
38335
38341
38355
38398
38408
38411
38418
38425
38444
38452
38460
38469
38476
38522
38530
38535
38544
38551
38555
38595
38601
38606
38615
38625
38653
38663
38669
38681
38717
38721
38727
38738
38761
38771
38780
38783
38787
38796
38803
38852
38860
38864
38873
38879
38926
38931
38955
38965
38988
39021
39043
39054
39061
39083
39110
39143
39177
39181
39187
39191
39195
39199
39203
39207
39211
39215
39219
39227
39230
39236
39239
39242
39245
39259
39262
39265
39268
39271
39274
39278
39351
39400
39409
39413
39417
39421
39428
39432
39436
39511
39529
39553
39567
39585
39589
39708
39712
39716
39728
39767
39795
39816
39834
39847
39851
39855
39887
39902
39911
39923
39950
39968
39974
39978
39982
40026
40030
40051
40075
40094
40098
40102
40144
40149
40164
40204
40208
40214
40219
40279
40285
40306
40346
40360
40372
40381
40433
40437
40471
40504
40514
40571
40583
40617
40621
40652
40673
40676
40719
40722
40726
40769
40789
40823
40826
40829
40832
40835
40838
40842
40845
40848
40851
40854
40857
40860
40863
40866
40869
40872
40880
40885
40889
40893
40900
40904
40909
40913
40919
40923
40927
40934
40940
40943
40946
40949
40952
40955
40958
40961
40964
40971
40974
40977
40980
40983
40986
41056
41086
41089
41102
41105
41115
41120
41125
41132
41135
41145
41175
41181
41193
41205
41222
41242
41247
41260
41264
41289
41300
41325
41329
41344
41361
41381
41385
41396
41412
41415
41437
41465
41468
41473
41478
41500
41526
41533
41536
41542
41547
41551
41566
41574
41598
41601
41612
41636
41658
41665
41672
41675
41692
41703
41721
41735
41738
41770
41781
41793
41797
41806
41828
41848
41851
41854
41860
41870
41874
41917
41929
41947
41954
41957
41960
42022
42029
42057
42072
42105
42142
42147
42156
42199
42212
42219
42231
42246
42263
42273
42305
42310
42335
42362
42367
42404
42411
42415
42455
42458
42486
42489
42532
42542
42547
42551
42556
42561
42566
42570
42574
42579
42590
42592
42594
42597
42599
42602
42605
42608
42610
42613
42616
42618
42620
42623
42626
42629
42633
42636
42643
42646
42649
42652
42655
42658
42661
42664
42667
42670
42673
42676
42679
42682
42684
42687
42762
42768
42793
42799
42809
42827
42833
42838
42870
42874
42930
42954
42965
42985
43019
43024
43038
43112
43119
43135
43145
43209
43214
43220
43227
43238
43294
43310
43354
43358
43365
43381
43402
43430
43435
43452
43460
43478
43484
43502
43506
43511
43519
43526
43583
43587
43611
43615
43637
43661
43686
43689
43700
43712
43724
43737
43747
43758
43765
43781
43784
43791
43804
43816
43826
43835
43849
43865
43868
43873
43879
43897
43908
43926
43943
43953
43956
43963
43969
43971
43996
44003
44009
44020
44035
44050
44057
44078
44088
44106
44110
44138
44143
44163
44184
44188
44212
44225
44240
44243
44247
44251
44254
44257
44259
44261
44268
44270
44272
44274
44276
44278
44281
44284
44286
44289
44295
44299
44302
44306
44312
44315
44318
44321
44324
44327
44330
44333
44339
44342
44350
44377
44461
44469
44472
44527
44530
44532
44536
44539
44544
44547
44553
44618
44623
44625
44627
44636
44670
44680
44689
44694
44727
44731
44745
44768
44770
44772
44781
44800
44804
44810
44830
44841
44858
44866
44868
44907
44909
44914
44916
44933
44948
44962
45007
45022
45074
45084
45126
45131
45175
45217
45226
45234
45247
45268
45279
45332
45343
45354
45358
45382
45403
45447
45458
45460
45495
45502
45519
45567
45569
45579
45583
45600
45660
45673
45685
45728
45749
45757
45792
45820
45826
45848
45871
45892
45895
45898
45901
45904
45907
45910
45913
45916
45920
45923
45925
45928
45931
45934
45939
46003
46009
46026
46038
46041
46060
46065
46068
46071
46077
46081
46103
46148
46162
46166
46170
46173
46177
46196
46239
46254
46263
46268
46271
46280
46285
46290
46298
46305
46323
46349
46361
46373
46381
46410
46413
46429
46438
46447
46461
46470
46486
46489
46497
46501
46508
46511
46520
46547
46559
46585
46610
46613
46618
46632
46635
46646
46662
46668
46678
46682
46694
46728
46736
46748
46752
46758
46778
46791
46806
46845
46848
46858
46864
46875
46894
46934
46940
46949
46991
46994
47000
47005
47039
47062
47080
47120
47124
47167
47181
47218
47235
47238
47248
47287
47321
47327
47363
47373
47398
47435
47487
47490
47493
47496
47500
47503
47506
47509
47514
47516
47519
47521
47523
47525
47528
47531
47533
47597
47600
47603
47607
47611
47617
47621
47677
47680
47684
47687
47695
47706
47709
47713
47734
47745
47768
47778
47782
47789
47800
47814
47822
47837
47848
47858
47867
47875
47879
47902
47918
47937
47948
47956
47969
47972
47989
47992
48009
48026
48028
48050
48062
48069
48097
48104
48123
48126
48159
48164
48181
48192
48198
48204
48230
48237
48251
48254
48281
48304
48323
48326
48329
48355
48371
48395
48422
48434
48437
48441
48463
48480
48490
48495
48501
48538
48542
48559
48565
48578
48600
48634
48649
48654
48657
48667
48671
48689
48704
48725
48734
48746
48768
48783
48800
48832
48835
48839
48844
48863
48888
48899
48914
48981
49040
49084
49088
49092
49096
49100
49104
49108
49111
49119
49123
49126
49130
49133
49214
49251
49255
49259
49271
49276
49284
49288
49292
49315
49331
49352
49370
49411
49425
49430
49436
49440
49443
49448
49464
49516
49525
49567
49579
49583
49587
49592
49622
49655
49661
49714
49718
49726
49751
49780
49796
49843
49849
49853
49869
49880
49940
49961
49965
49969
49982
50029
50044
50071
50075
50088
50095
50125
50132
50144
50147
50150
50186
50221
50227
50230
50272
50290
50313
50320
50330
50334
50348
50352
50362
50421
50430
50461
50477
50502
50534
50539
50546
50582
50591
50626
50638
50679
50683
50686
50690
50693
50696
50698
50700
50702
50704
50706
50712
50715
50717
50719
50721
50724
50730
50874
50878
50882
50884
50886
50888
50890
50898
50901
50904
50907
50911
50914
50922
50981
51011
51022
51028
51034
51037
51040
51043
51045
51064
51069
51074
51102
51104
51116
51129
51158
51172
51180
51183
51187
51208
51214
51221
51246
51269
51278
51296
51301
51306
51316
51319
51329
51352
51355
51365
51378
51422
51442
51458
51476
51485
51509
51519
51576
51579
51588
51597
51600
51603
51609
51653
51663
51673
51690
51693
51738
51782
51785
51789
51798
51818
51823
51834
51840
51861
51880
51884
51887
51899
51928
51931
51933
51962
51965
51969
52003
52008
52015
52028
52033
52057
52087
52093
52114
52125
52160
52169
52177
52193
52198
52212
52225
52239
52274
52277
52283
52286
52289
52291
52294
52297
52300
52303
52306
52308
52310
52313
52316
52318
52321
52340
52451
52454
52495
52497
52502
52519
52527
52530
52564
52568
52604
52627
52637
52665
52673
52684
52703
52706
52720
52730
52739
52757
52759
52762
52774
52789
52813
52831
52848
52871
52880
52898
52905
52908
52912
52919
52940
52960
52981
52988
52994
53041
53045
53049
53067
53075
53098
53110
53113
53118
53129
53136
53160
53162
53166
53171
53194
53244
53261
53265
53271
53274
53283
53285
53288
53299
53304
53343
53351
53361
53365
53368
53374
53404
53456
53462
53495
53501
53504
53526
53535
53541
53551
53558
53565
53581
53587
53622
53639
53643
53687
53731
53733
53766
53825
53854
53868
53886
53892
53928
53931
53934
53937
53940
53943
53945
53948
53951
53954
53957
53960
53962
53964
53967
53970
53973
53976
53979
53989
53992
53995
53998
54002
54006
54010
54014
54019
54023
54027
54031
54041
54045
54049
54052
54060
54064
54067
54072
54075
54078
54086
54090
54152
54174
54185
54200
54212
54215
54218
54221
54224
54230
54233
54236
54241
54244
54247
54259
54323
54330
54341
54362
54366
54369
54376
54383
54386
54388
54395
54397
54399
54402
54421
54428
54439
54464
54467
54472
54479
54485
54501
54507
54522
54529
54537
54539
54550
54558
54563
54590
54592
54612
54639
54644
54646
54659
54661
54670
54672
54678
54749
54752
54774
54781
54786
54803
54835
54857
54862
54867
54870
54885
54890
54893
54902
54921
54944
54947
54950
54970
54977
55001
55009
55017
55026
55029
55039
55049
55053
55056
55067
55076
55079
55091
55103
55125
55127
55147
55151
55164
55170
55173
55212
55216
55234
55237
55247
55250
55258
55269
55292
55305
55324
55336
55345
55351
55394
55399
55405
55437
55459
55465
55468
55479
55525
55530
55533
55550
55571
55575
55600
55610
55635
55638
55641
55648
55651
55654
55657
55659
55661
55663
55666
55669
55671
55673
55675
55678
55681
55684
55686
55745
55749
55780
55783
55788
55791
55794
55801
55814
55816
55818
55824
55829
55839
55884
55889
55898
55909
55924
55926
55929
55938
55945
55951
55964
55968
55971
55981
55998
56007
56032
56035
56061
56064
56067
56071
56073
56086
56091
56098
56104
56106
56116
56123
56129
56157
56178
56183
56187
56200
56205
56210
56212
56214
56251
56261
56265
56271
56292
56297
56311
56333
56343
56371
56373
56394
56398
56403
56405
56418
56420
56423
56429
56437
56456
56461
56464
56481
56509
56512
56528
56530
56555
56570
56580
56588
56613
56618
56621
56646
56658
56663
56684
56704
56714
56719
56722
56726
56742
56777
56783
56786
56789
56797
56804
56808
56846
56857
56861
56867
56869
56871
56881
56889
56891
56905
56908
56911
56927
56943
56958
56969
56983
56994
57012
57021
57047
57054
57088
57097
57099
57117
57134
57144
57153
57155
57159
57189
57194
57196
57220
57304
57306
57316
57319
57328
57340
57343
57345
57348
57351
57367
57379
57386
57389
57410
57421
57424
57481
57485
57512
57518
57524
57539
57542
57555
57565
57571
57583
57594
57608
57627
57634
57637
57645
57647
57649
57661
57664
57669
57677
57700
57712
57732
57760
57769
57773
57783
57786
57794
57797
57800
57810
57846
57856
57862
57878
57882
57886
57893
57901
57932
57938
57946
57958
57961
57964
57967
57975
57983
58009
58012
58017
58020
58032
58040
58044
58053
58062
58074
58087
58116
58119
58149
58161
58164
58168
58180
58226
58229
58239
58244
58267
58279
58300
58326
58360
58366
58377
58381
58397
58401
58411
58431
58440
58447
58452
58481
58485
58489
58499
58518
58526
58531
58555
58564
58568
58572
58605
58609
58613
58637
58645
58656
58699
58744
58832
58836
58840
58845
58851
58908
58912
58916
58920
58923
58955
59010
59065
59069
59074
59079
59160
59212
59217
59222
59246
59357
59468
60314
60317
60319
60322
60325
60328
60331
60334
60337
60343
60346
60349
60358
60361
60422
60446
60482
60489
60492
60497
60507
60518
60528
60537
60567
60572
60583
60591
60595
60598
60635
60651
60693
60696
60705
60708
60711
60715
60721
60731
60735
60750
60785
60800
60809
60827
60834
60850
60853
60858
60875
60883
60887
60889
60906
60908
60915
60922
60955
60961
60974
60976
60983
60987
60990
61006
61021
61050
61056
61065
61068
61076
61078
61080
61112
61114
61126
61128
61132
61138
61141
61162
61185
61210
61225
61229
61232
61240
61249
61254
61257
61271
61278
61329
61332
61334
61345
61352
61355
61357
61370
61372
61407
61415
61418
61423
61428
61441
61451
61461
61474
61485
61493
61496
61505
61507
61516
61537
61558
61572
61575
61586
61588
61595
61608
61615
61634
61641
61646
61654
61671
61683
61687
61710
61720
61735
61741
61762
61765
61771
61791
61808
61816
61824
61842
61863
61886
61914
61957
61972
61983
61996
61999
62019
62022
62028
62031
62034
62041
62059
62062
62096
62107
62128
62131
62137
62143
62151
62167
62185
62196
62199
62206
62213
62221
62224
62228
62242
62252
62258
62284
62288
62295
62313
62319
62325
62339
62346
62349
62355
62379
62398
62404
62415
62428
62431
62434
62439
62453
62462
62466
62469
62495
62501
62524
62546
62555
62560
62563
62591
62623
62639
62649
62670
62681
62684
62699
62729
62732
62762
62783
62786
62791
62795
62811
62836
62839
62842
62858
62863
62887
62927
62936
62939
62973
62993
63006
63024
63027
63031
63046
63070
63089
63101
63104
63107
63123
63161
63173
63182
63187
63198
63228
63233
63242
63277
63282
63285
63297
63327
63332
63358
63384
63413
63503
63508
63513
63518
63522
63527
63585
63589
63593
63609
63613
63617
63624
63632
63673
63680
63688
63693
63700
63715
63748
63755
63762
63768
63771
63777
63780
63784
63787
63792
63845
63849
63870
63886
63919
63922
63925
63937
63946
64018
64021
64030
64045
64051
64055
64058
64068
64071
64077
64147
64150
64158
64185
64194
64207
64266
64275
64278
64284
64287
64308
64330
64347
64361
64372
64386
64398
64471
64492
64499
64509
64525
64551
64596
64599
64609
64644
64662
64672
64675
64691
64711
64717
64729
64745
64748
64757
64792
64808
64816
64822
64824
64846
64853
64872
64875
64897
64932
64967
