1
2
3
4
5
6
8
9
10
11
12
16
20
72
76
79
82
85
89
92
95
98
101
107
110
113
119
122
164
169
172
175
177
295
499
820
1163
1288
1320
1344
1378
1400
1422
1471
1474
1520
1525
1535
1586
1604
1614
1621
1631
1639
1679
1694
1719
1725
1728
1731
1735
1738
1741
1745
1748
1751
1754
1757
1760
1763
1766
1769
1772
1779
1782
1785
1788
1791
1794
1799
1802
1805
1807
1810
1815
1939
1946
1950
1953
1962
1965
1970
1973
1977
1980
1983
1986
2011
2040
2060
2071
2093
2116
2124
2129
2132
2135
2138
2154
2189
2193
2211
2253
2263
2266
2270
2272
2276
2279
2282
2307
2330
2333
2388
2401
2407
2410
2413
2416
2434
2461
2464
2467
2484
2489
2535
2538
2541
2549
2583
2585
2608
2612
2630
2655
2695
2699
2702
2741
2758
2760
2765
2768
2806
2830
2842
2866
2902
2925
2935
2985
2990
3019
3041
3093
3095
3136
3159
3376
3381
3385
3389
3393
3397
3401
3405
3409
3413
3417
3423
3431
3433
3436
3439
3442
3445
3448
3451
3454
3457
3460
3463
3466
3469
3472
3474
3476
3479
3482
3537
3544
3552
3562
3567
3571
3575
3602
3632
3643
3668
3672
3679
3702
3707
3713
3727
3768
3772
3782
3786
3790
3796
3803
3807
3811
3825
3862
3868
3877
3886
3905
3913
3919
3928
3936
3941
3947
3968
3998
4001
4016
4021
4025
4031
4055
4101
4106
4110
4128
4131
4138
4157
4182
4187
4208
4217
4232
4236
4240
4259
4263
4268
4288
4309
4312
4316
4330
4340
4371
4380
4387
4391
4400
4418
4438
4443
4447
4458
4461
4466
4488
4502
4510
4514
4549
4553
4556
4570
4574
4593
4596
4607
4611
4629
4632
4642
4678
4689
4692
4707
4710
4713
4744
4752
4759
4763
4789
4801
4805
4818
4829
4843
4858
4865
4885
4896
4908
4914
4925
4931
4949
4956
4973
4985
5027
5030
5033
5036
5039
5042
5045
5048
5052
5055
5058
5061
5064
5067
5070
5073
5076
5084
5087
5090
5093
5096
5100
5104
5108
5111
5114
5118
5121
5126
5129
5133
5211
5215
5243
5249
5255
5258
5261
5271
5274
5277
5280
5283
5286
5289
5292
5318
5366
5372
5386
5397
5410
5413
5425
5428
5431
5434
5439
5442
5468
5494
5503
5513
5520
5534
5545
5554
5557
5569
5572
5576
5579
5584
5611
5633
5636
5651
5665
5672
5684
5693
5703
5713
5719
5723
5741
5744
5749
5754
5768
5800
5806
5812
5819
5822
5830
5834
5865
5877
5883
5888
5890
5894
5907
5912
5919
5924
5938
5968
5978
5985
5990
5993
5996
6018
6037
6042
6059
6066
6080
6085
6090
6096
6103
6108
6144
6163
6171
6189
6191
6196
6199
6209
6217
6234
6237
6244
6253
6260
6284
6293
6303
6306
6317
6339
6359
6362
6366
6370
6373
6415
6422
6430
6433
6442
6461
6470
6477
6492
6502
6504
6517
6530
6563
6569
6588
6592
6613
6625
6658
6682
6686
6689
6692
6695
6698
6701
6704
6707
6710
6714
6718
6723
6727
6735
6738
6741
6744
6747
6750
6753
6756
6759
6762
6765
6767
6773
6776
6779
6782
6786
6847
6851
6868
6871
6877
6881
6885
6890
6908
6915
6919
6947
6975
6978
6981
6989
6993
6997
7009
7014
7073
7077
7080
7083
7097
7109
7161
7177
7180
7184
7191
7204
7212
7219
7222
7261
7273
7276
7281
7284
7354
7357
7360
7368
7375
7386
7390
7393
7407
7415
7422
7439
7453
7484
7487
7490
7502
7505
7515
7519
7534
7537
7540
7562
7590
7604
7607
7610
7621
7634
7651
7655
7674
7680
7701
7719
7725
7731
7747
7757
7772
7778
7783
7794
7818
7821
7839
7845
7855
7889
7907
7910
7913
7944
7974
7989
8006
8011
8050
8059
8063
8069
8100
8110
8123
8126
8134
8167
8170
8177
8180
8190
8199
8211
8217
8220
8241
8256
8259
8276
8288
8331
8334
8337
8340
8344
8347
8350
8353
8357
8360
8363
8369
8372
8374
8377
8381
8388
8392
8395
8399
8403
8410
8415
8419
8423
8429
8433
8437
8442
8444
8446
8449
8455
8458
8460
8463
8466
8469
8473
8475
8477
8479
8481
8483
8486
8489
8491
8494
8565
8577
8581
8597
8601
8604
8607
8610
8621
8628
8637
8640
8647
8653
8701
8708
8729
8735
8738
8743
8746
8749
8774
8782
8791
8813
8816
8827
8852
8859
8879
8883
8886
8891
8894
8897
8915
8921
8936
8953
8972
8993
8996
9004
9011
9020
9023
9026
9031
9035
9044
9058
9073
9095
9105
9126
9129
9135
9140
9150
9153
9156
9162
9165
9201
9209
9215
9220
9225
9229
9252
9271
9274
9277
9280
9284
9287
9301
9366
9385
9388
9391
9394
9397
9400
9472
9491
9494
9497
9503
9532
9549
9560
9569
9583
9586
9596
9606
9608
9622
9656
9667
9688
9702
9717
9731
9747
9775
9785
9791
9802
9830
9839
9871
9876
9919
9923
9925
9950
9973
9977
9996
10010
10040
10044
10048
10051
10055
10059
10063
10067
10071
10075
10079
10083
10086
10095
10098
10101
10103
10106
10109
10112
10115
10117
10119
10121
10124
10127
10130
10133
10136
10138
10141
10144
10150
10153
10156
10159
10162
10165
10168
10170
10172
10174
10176
10178
10181
10183
10185
10191
10193
10200
10203
10262
10267
10272
10277
10282
10287
10292
10296
10300
10304
10370
10374
10378
10383
10387
10391
10396
10401
10406
10411
10483
10487
10506
10511
10523
10540
10545
10552
10575
10579
10605
10633
10637
10668
10673
10686
10725
10746
10758
10783
10805
10809
10819
10828
10844
10856
10864
10872
10891
10901
10915
10928
10935
10945
10949
10958
10979
10994
11011
11024
11027
11035
11051
11067
11090
11094
11097
11100
11106
11110
11137
11155
11161
11165
11174
11177
11180
11191
11201
11205
11227
11230
11244
11251
11266
11277
11284
11299
11316
11319
11324
11331
11334
11336
11355
11369
11385
11387
11397
11399
11406
11415
11435
11442
11457
11462
11471
11473
11476
11487
11501
11506
11511
11529
11536
11538
11541
11551
11578
11593
11599
11604
11607
11632
11634
11650
11652
11656
11659
11673
11681
11686
11688
11693
11704
11725
11732
11751
11754
11757
11759
11761
11763
11765
11768
11771
11774
11777
11779
11781
11783
11785
11787
11789
11791
11793
11798
11805
11808
11810
11812
11814
11816
11820
11823
11825
11827
11829
11831
11833
11835
11837
11840
11845
11848
11852
11861
11967
11971
11973
11975
11989
11992
11995
12001
12003
12005
12030
12032
12034
12036
12038
12062
12064
12091
12101
12123
12125
12127
12129
12131
12145
12148
12206
12208
12231
12233
12235
12238
12241
12248
12261
12264
12270
12273
12276
12291
12340
12346
12349
12364
12378
12380
12396
12405
12415
12420
12427
12480
12490
12495
12509
12511
12515
12530
12549
12566
12581
12595
12599
12623
12627
12643
12649
12663
12690
12696
12716
12734
12745
12757
12790
12796
12805
12808
12833
12847
12861
12872
12875
12878
12884
12889
12908
12953
12957
12959
12964
12971
12996
12998
13002
13009
13040
13060
13083
13090
13099
13101
13104
13152
13157
13169
13175
13180
13183
13235
13249
13267
13271
13275
13279
13299
13323
13327
13329
13355
13359
13399
13401
13403
13405
13407
13409
13411
13414
13416
13418
13421
13424
13427
13430
13433
13436
13439
13442
13446
13521
13535
13557
13564
13567
13569
13571
13577
13579
13581
13591
13597
13600
13603
13606
13670
13676
13678
13687
13695
13698
13708
13713
13723
13731
13733
13735
13750
13752
13755
13793
13813
13819
13822
13824
13827
13835
13838
13844
13854
13877
13879
13893
13895
13897
13904
13919
13930
13945
13952
13955
13960
13962
13967
13981
14014
14028
14031
14039
14051
14061
14077
14085
14097
14106
14111
14122
14129
14136
14141
14155
14158
14166
14184
14201
14208
14216
14219
14228
14250
14273
14276
14281
14296
14300
14321
14352
14360
14374
14378
14381
14384
14390
14401
14404
14428
14440
14454
14477
14480
14483
14495
14501
14519
14547
14562
14567
14573
14606
14631
14644
14661
14674
14676
14689
14705
14708
14719
14756
14770
14773
14800
14835
14862
14880
14909
14917
14943
14954
14973
14984
14994
14998
15001
15003
15006
15009
15011
15014
15016
15019
15022
15024
15026
15028
15030
15032
15034
15036
15038
15040
15042
15044
15046
15052
15110
15113
15116
15119
15122
15124
15128
15132
15136
15139
15147
15149
15155
15183
15187
15195
15204
15206
15215
15218
15221
15224
15227
15244
15249
15260
15280
15283
15285
15288
15290
15298
15319
15324
15343
15350
15353
15371
15376
15379
15384
15387
15390
15394
15422
15446
15472
15475
15478
15481
15484
15487
15511
15539
15542
15545
15562
15566
15569
15572
15576
15579
15583
15601
15630
15633
15636
15651
15654
15657
15660
15664
15666
15681
15683
15688
15712
15714
15717
15720
15734
15741
15770
15776
15800
15817
15826
15833
15836
15851
15859
15901
15919
15931
15934
15943
15946
15972
15975
15991
16002
16011
16014
16038
16041
16057
16077
16085
16097
16100
16106
16133
16144
16151
16175
16185
16188
16193
16207
16218
16232
16255
16261
16290
16293
16306
16309
16320
16325
16353
16392
16407
16415
16443
16447
16466
16475
16493
16500
16536
16539
16551
16591
16594
16597
16600
16604
16607
16610
16613
16616
16619
16622
16629
16632
16636
16639
16642
16706
16714
16722
16726
16734
16744
16748
16783
16792
16832
16847
16851
16855
16861
16864
16867
16870
16877
16888
16892
16930
16934
16966
16972
16987
16996
16999
17003
17017
17023
17030
17073
17081
17100
17113
17131
17135
17161
17167
17192
17208
17214
17217
17230
17263
17310
17319
17326
17335
17345
17356
17370
17378
17427
17430
17434
17438
17446
17452
17457
17497
17511
17522
17526
17536
17539
17543
17564
17568
17615
17628
17634
17637
17640
17643
17646
17728
17731
17734
17737
17746
17796
17799
17813
17816
17819
17830
17848
17866
17876
17879
17888
17893
17906
17990
17992
18006
18058
18062
18085
18101
18116
18121
18134
18154
18187
18189
18191
18193
18196
18199
18202
18205
18208
18210
18212
18214
18217
18220
18222
18225
18228
18231
18233
18235
18238
18317
18332
18343
18362
18365
18374
18376
18378
18383
18389
18401
18406
18409
18412
18420
18433
18448
18473
18495
18518
18532
18541
18548
18553
18569
18593
18619
18622
18626
18632
18634
18636
18644
18672
18687
18694
18706
18732
18760
18767
18769
18772
18776
18784
18793
18798
18801
18803
18824
18831
18851
18853
18866
18870
18899
18901
18905
18907
18916
18923
18927
18952
18970
18972
18979
18985
18991
19027
19029
19037
19044
19072
19087
19093
19112
19126
19140
19142
19144
19170
19172
19182
19188
19192
19198
19202
19256
19270
19272
19276
19295
19310
19321
19328
19361
19364
19367
19383
19398
19405
19408
19419
19439
19448
19476
19486
19514
19519
19521
19530
19534
19546
19560
19562
19597
19608
19618
19631
19666
19673
19683
19685
19705
19719
19732
19756
19783
19786
19789
19792
19795
19797
19800
19803
19805
19811
19814
19817
19819
19822
19824
19826
19828
19850
19855
19950
19955
19961
19964
20022
20037
20058
20062
20068
20079
20082
20092
20124
20160
20164
20166
20168
20178
20184
20187
20193
20198
20211
20223
20230
20239
20262
20264
20268
20274
20281
20284
20294
20318
20337
20358
20363
20367
20370
20373
20394
20405
20425
20427
20456
20459
20461
20467
20480
20488
20490
20496
20506
20516
20537
20544
20550
20552
20576
20581
20588
20598
20602
20604
20620
20625
20631
20648
20654
20657
20666
20673
20676
20679
20701
20706
20708
20723
20731
20741
20748
20753
20762
20770
20775
20781
20807
20819
20823
20831
20846
20848
20874
20876
20886
20888
20892
20894
20911
20946
20954
20971
20974
20998
21008
21029
21033
21039
21041
21062
21064
21070
21072
21078
21102
21119
21131
21135
21145
21147
21149
21174
21198
21203
21214
21244
21284
21305
21317
21357
21375
21434
21439
21441
21444
21447
21450
21453
21456
21459
21462
21466
21472
21474
21477
21479
21481
21491
21493
21496
21499
21508
21511
21514
21517
21520
21523
21526
21532
21535
21538
21541
21548
21551
21555
21557
21560
21567
21570
21573
21575
21578
21581
21584
21586
21588
21595
21597
21605
21624
21667
21671
21684
21686
21689
21692
21695
21697
21699
21702
21704
21706
21708
21714
21729
21731
21764
21771
21786
21788
21791
21794
21797
21799
21805
21808
21810
21812
21831
21852
21868
21873
21876
21879
21886
21890
21892
21895
21897
21899
21904
21911
21924
21932
21937
21950
21955
21967
21975
21978
21982
21988
21990
21992
21994
21996
22000
22009
22011
22018
22020
22028
22049
22051
22061
22072
22080
22088
22090
22092
22099
22103
22105
22109
22119
22139
22146
22158
22168
22171
22187
22203
22213
22222
22232
22235
22239
22250
22257
22272
22285
22293
22300
22306
22316
22337
22342
22344
22350
22358
22370
22373
22385
22387
22395
22416
22420
22430
22436
22446
22459
22464
22470
22485
22488
22491
22528
22536
22538
22540
22553
22556
22559
22594
22598
22604
22606
22620
22623
22628
22656
22663
22666
22671
22675
22688
22691
22698
22713
22731
22733
22747
22750
22752
22754
22772
22788
22800
22806
22848
22854
22858
22873
22886
22897
22899
22901
22904
22912
22927
22944
22949
22954
22961
22965
23002
23038
23043
23048
23066
23072
23101
23115
23123
23144
23146
23148
23150
23152
23154
23156
23158
23161
23163
23167
23170
23173
23175
23178
23180
23182
23184
23186
23188
23190
23192
23194
23254
23259
23264
23266
23268
23270
23273
23277
23298
23300
23304
23310
23315
23325
23328
23346
23355
23361
23365
23379
23382
23384
23393
23402
23418
23432
23437
23441
23447
23450
23456
23464
23466
23478
23480
23489
23493
23503
23509
23519
23534
23540
23544
23546
23549
23554
23556
23563
23569
23572
23579
23585
23590
23599
23622
23629
23634
23639
23641
23643
23651
23664
23666
23670
23672
23677
23682
23691
23693
23695
23703
23719
23724
23729
23733
23742
23750
23765
23775
23784
23795
23797
23799
23804
23812
23815
23820
23848
23856
23859
23883
23885
23893
23902
23904
23908
23921
23936
23939
23955
23958
23966
23968
23970
23980
23983
23987
23989
23991
23998
24001
24003
24010
24012
24031
24043
24053
24058
24061
24064
24074
24078
24082
24087
24103
24108
24111
24112
24119
24121
24126
24134
24149
24158
24171
24181
24188
24193
24195
24198
24200
24207
24218
24237
24248
24253
24260
24274
24285
24286
24288
24292
24294
24305
24325
24342
24347
24349
24351
24355
24380
24398
24399
24404
24408
24414
24421
24426
24441
24453
24455
24466
24468
24470
24486
24495
24498
24500
24502
24506
24513
24515
24530
24532
24537
24543
24559
24573
24576
24585
24587
24589
24596
24609
24611
24622
24633
24642
24648
24652
24654
24679
24685
24692
24704
24706
24710
24725
24810
24813
24824
24826
24833
24835
24838
24841
24844
24848
24852
24854
24857
24859
24861
24926
24930
24934
24938
24947
24954
24960
24962
24964
24975
24987
24992
24994
25000
25003
25018
25028
25030
25032
25039
25056
25058
25061
25064
25094
25103
25115
25124
25127
25132
25134
25139
25144
25153
25155
25176
25183
25196
25204
25207
25216
25224
25231
25237
25244
25256
25271
25279
25304
25306
25318
25325
25351
25354
25359
25363
25365
25370
25382
25386
25430
25433
25435
25438
25454
25464
25467
25481
25484
25489
25491
25499
25508
25515
25522
25526
25541
25544
25549
25551
25556
25567
25569
25572
25595
25600
25613
25619
25625
25627
25639
25642
25657
25665
25702
25706
25712
25717
25722
25724
25727
25766
25770
25776
25784
25788
25799
25813
25821
25826
25839
25846
25853
25885
25891
25901
25937
25944
25966
25973
25979
25993
26027
26039
26071
26076
26082
26098
26103
26111
26132
26178
26243
26334
26354
26415
26419
26422
26425
26428
26431
26434
26440
26521
26576
26580
26584
26587
26617
26671
26713
26723
26727
26731
26753
26811
26816
26864
26953
26985
27064
27069
27820
27823
27826
27829
27832
27835
27837
27840
27844
27847
27850
27853
27856
27859
27861
27863
27865
27867
27870
27898
27933
27935
27938
27941
27945
27948
27958
27961
27963
27997
28004
28022
28024
28026
28038
28040
28043
28046
28052
28054
28059
28063
28066
28072
28102
28144
28146
28149
28156
28158
28160
28163
28166
28175
28177
28179
28190
28192
28202
28204
28221
28243
28246
28249
28257
28266
28286
28318
28320
28322
28324
28335
28338
28341
28347
28349
28353
28356
28359
28362
28373
28389
28424
28432
28436
28438
28440
28444
28447
28450
28453
28456
28460
28501
28524
28526
28535
28545
28553
28559
28563
28569
28580
28582
28588
28606
28618
28637
28640
28643
28655
28666
28673
28686
28689
28691
28698
28700
28706
28717
28720
28732
28740
28749
28759
28766
28787
28791
28793
28807
28809
28813
28819
28831
28834
28837
28855
28873
28878
28890
28895
28898
28907
28918
28935
28943
28945
28951
28957
28962
28967
28970
28983
29008
29017
29023
29026
29029
29031
29038
29042
29072
29075
29081
29093
29102
29104
29110
29120
29139
29153
29164
29167
29171
29179
29195
29198
29207
29210
29222
29232
29236
29246
29257
29266
29270
29279
29288
29300
29306
29325
29329
29344
29350
29363
29379
29389
29399
29483
29486
29489
29492
29495
29505
29524
29532
29555
29566
29568
29581
29590
29593
29596
29599
29609
29612
29615
29622
29628
29630
29634
29639
29652
29675
29692
29695
29699
29706
29718
29732
29736
29739
29752
29757
29760
29763
29765
29772
29778
29790
29793
29798
29817
29823
29829
29833
29843
29851
29862
29874
29882
29885
29892
29900
29903
29906
29912
29915
29933
29970
29973
29980
29984
29989
29994
29997
30003
30009
30019
30030
30035
30043
30054
30066
30075
30080
30093
30098
30101
30109
30111
30114
30124
30128
30130
30135
30159
30179
30182
30189
30195
30202
30205
30223
30225
30248
30255
30272
30275
30290
30294
30301
30304
30314
30316
30332
30342
30345
30354
30362
30371
30374
30398
30411
30414
30417
30428
30438
30452
30462
30472
30476
30479
30497
30512
30529
30533
30536
30539
30550
30553
30583
30587
30593
30606
30616
30626
30634
30661
30663
30667
30669
30695
30697
30702
30704
30730
30737
30748
30754
30765
30778
30780
30788
30791
30819
30830
30838
30841
30865
30881
30884
30889
30910
30913
30935
30955
31013
31019
31024
31027
31031
31034
31038
31042
31046
31050
31058
31064
31076
31107
31122
31125
31133
31137
31141
31144
31151
31169
31171
31180
31200
31206
31209
31224
31227
31234
31239
31243
31247
31263
31269
31280
31287
31300
31303
31306
31332
31341
31344
31372
31386
31395
31408
31429
31431
31450
31480
31483
31493
31499
31510
31548
31566
31570
31578
31584
31603
31617
31624
31634
31657
31661
31694
31704
31709
31725
31740
31746
31771
31774
31781
31795
31798
31815
31821
31829
31837
31847
31867
31870
31889
31895
31919
31926
31934
31936
31945
31950
31956
31962
31999
32016
32018
32023
32025
32040
32045
32088
32093
32097
32100
32130
32133
32144
32148
32184
32189
32197
32206
32223
32226
32256
32258
32269
32284
32287
32292
32314
32324
32328
32337
32348
32351
32360
32369
32378
32382
32406
32408
32422
32435
32440
32484
32493
32494
32495
32496
32497
32498
32500
32501
32502
32503
32504
32507
32510
32563
32566
32569
32572
32575
32579
32584
32587
32590
32593
32597
32600
32610
32613
32656
32659
32661
32663
32666
32669
32785
32937
33088
33355
33550
33619
33660
33689
33785
33810
33841
33864
33872
33893
33921
33939
33993
34025
34047
34078
34085
34169
34174
34194
34215
34218
34221
34225
34229
34232
34235
34238
34241
34244
34247
34249
34252
34255
34258
34261
34264
34271
34274
34277
34280
34283
34286
34289
34292
34295
34298
34301
34304
34307
34377
34427
34439
34444
34450
34454
34460
34464
34467
34470
34473
34476
34494
34510
34530
34535
34599
34602
34609
34615
34620
34624
34627
34633
34654
34667
34678
34685
34695
34709
34746
34766
34776
34779
34787
34795
34799
34805
34818
34828
34853
34860
34892
34900
34909
34911
34914
34923
34926
34960
34981
34988
34991
34993
35014
35025
35039
35042
35058
35077
35100
35107
35110
35120
35151
35156
35180
35197
35214
35220
35227
35258
35266
35295
35319
35324
35331
35335
35385
35390
35397
35425
35479
35485
35508
35538
35583
35608
35692
35874
35877
35881
35885
35889
35894
35898
35902
35906
35910
35914
35923
35926
35929
35932
35935
35938
35941
35944
35947
35950
35953
35956
35959
35962
35965
35967
35969
35971
35974
36029
36037
36044
36048
36057
36093
36114
36118
36123
36131
36148
36160
36188
36194
36215
36247
36251
36269
36273
36284
36310
36329
36346
36362
36374
36383
36400
36404
36413
36417
36426
36438
36469
36479
36494
36498
36502
36511
36592
36595
36604
36622
36625
36628
36631
36641
36686
36690
36715
36719
36743
36746
36749
36752
36763
36768
36798
36830
36840
36846
36856
36860
36863
36873
36905
36914
36924
36935
36945
36951
36962
36965
36971
36975
37013
37017
37031
37041
37055
37058
37065
37068
37076
37128
37131
37135
37142
37150
37197
37200
37204
37208
37212
37243
37251
37255
37269
37297
37310
37314
37354
37358
37367
37386
37394
37405
37414
37422
37430
37445
37464
37476
37508
37519
37522
37527
37530
37533
37536
37540
37544
37548
37553
37556
37559
37562
37565
37568
37575
37581
37584
37587
37591
37595
37599
37603
37606
37609
37612
37615
37623
37626
37705
37715
37720
37735
37741
37747
37750
37753
37755
37761
37764
37776
37779
37782
37785
37822
37860
37869
37876
37890
37902
37913
37916
37929
37932
37935
37954
37957
37970
37987
38015
38021
38038
38055
38059
38071
38074
38077
38093
38096
38110
38126
38129
38144
38152
38158
38193
38205
38208
38212
38216
38220
38229
38234
38241
38280
38286
38295
38299
38303
38316
38330
38333
38352
38363
38378
38382
38386
38398
38405
38414
38432
38446
38457
38461
38486
38491
38508
38514
38517
38532
38537
38560
38564
38570
38580
38582
38589
38591
38610
38619
38633
38659
38668
38671
38681
38687
38706
38709
38715
38722
38725
38748
38757
38760
38768
38771
38793
38805
38808
38826
38840
38848
38853
38880
38884
38886
38897
38921
38923
38935
38946
38948
38953
38982
38984
38989
38994
38996
39009
39022
39035
39044
39057
39062
39080
39087
39112
39116
39119
39138
39143
39174
39178
39181
39185
39189
39193
39197
39201
39205
39209
39212
39215
39220
39226
39229
39235
39237
39240
39243
39247
39251
39256
39259
39263
39267
39271
39275
39278
39354
39394
39398
39411
39415
39419
39429
39432
39459
39530
39550
39565
39570
39573
39608
39612
39626
39666
39678
39681
39698
39718
39732
39754
39758
39768
39782
39788
39795
39807
39817
39822
39855
39879
39890
39893
39902
39908
39913
39925
39928
39939
39984
39989
40013
40016
40019
40049
40062
40067
40075
40129
40135
40146
40149
40169
40175
40215
40220
40223
40237
40241
40247
40285
40306
40315
40329
40332
40341
40351
40379
40395
40403
40428
40439
40460
40476
40490
40505
40509
40548
40576
40581
40584
40614
40617
40645
40670
40675
40689
40710
40732
40751
40768
40771
40795
40823
40826
40829
40833
40835
40837
40840
40843
40846
40852
40855
40858
40861
40864
40867
40871
40874
40879
40882
40885
40888
40896
40900
40909
40913
40917
40921
40925
40929
40934
40936
40939
40942
40945
40947
40950
40953
40955
40957
40959
40962
40964
40966
40969
40971
40973
40975
40978
40981
40983
40986
41054
41077
41080
41084
41089
41092
41095
41100
41110
41116
41119
41121
41123
41127
41166
41187
41199
41234
41241
41257
41264
41271
41274
41277
41280
41294
41298
41318
41377
41383
41386
41389
41394
41398
41403
41406
41412
41417
41439
41469
41479
41482
41490
41501
41507
41517
41530
41541
41544
41548
41557
41564
41577
41603
41611
41613
41616
41623
41633
41637
41648
41661
41668
41671
41683
41686
41692
41718
41729
41736
41739
41742
41762
41771
41785
41804
41812
41816
41820
41844
41860
41883
41888
41894
41906
41914
41926
41935
41938
41951
41956
41977
41992
41996
42007
42013
42020
42035
42047
42054
42061
42070
42081
42087
42119
42141
42145
42171
42201
42211
42218
42222
42240
42273
42277
42290
42302
42307
42314
42330
42340
42345
42361
42371
42384
42403
42410
42413
42421
42431
42447
42453
42467
42470
42495
42536
42545
42549
42553
42558
42562
42566
42569
42572
42575
42578
42587
42589
42592
42595
42597
42599
42602
42605
42608
42611
42613
42616
42619
42622
42624
42626
42628
42630
42633
42636
42642
42644
42647
42649
42652
42654
42657
42660
42663
42666
42670
42673
42676
42679
42683
42685
42689
42693
42752
42761
42765
42770
42774
42778
42784
42789
42793
42797
42802
42810
42867
42871
42875
42882
42887
42899
42904
42944
42969
42979
43032
43048
43087
43123
43128
43149
43183
43188
43212
43216
43239
43251
43266
43276
43280
43305
43337
43350
43354
43358
43420
43438
43448
43464
43481
43489
43506
43523
43537
43552
43556
43576
43579
43595
43650
43664
43667
43670
43678
43688
43706
43713
43723
43727
43733
43747
43751
43761
43766
43784
43787
43798
43840
43847
43849
43852
43864
43872
43881
43884
43895
43925
43927
43929
43931
43934
43946
43966
43971
43980
43995
43999
44008
44012
44018
44023
44034
44055
44059
44064
44075
44105
44111
44113
44115
44124
44142
44148
44173
44178
44180
44196
44202
44206
44229
44244
44246
44249
44252
44255
44258
44261
44263
44265
44268
44270
44272
44274
44276
44278
44280
44282
44284
44286
44288
44290
44295
44297
44303
44305
44307
44311
44313
44315
44317
44319
44321
44323
44325
44327
44329
44331
44333
44338
44341
44344
44404
44447
44455
44461
44463
44465
44467
44469
44480
44484
44492
44495
44497
44503
44524
44526
44528
44530
44542
44564
44586
44603
44618
44620
44622
44647
44650
44659
44666
44674
44683
44688
44705
44724
44726
44728
44764
44766
44768
44781
44797
44817
44824
44841
44846
44867
44872
44875
44882
44902
44904
44924
44928
44957
44959
44974
44977
44987
45004
45006
45022
45033
45052
45066
45084
45090
45100
45114
45134
45166
45169
45191
45193
45197
45208
45213
45237
45276
45282
45302
45318
45323
45331
45337
45341
45347
45377
45391
45396
45398
45406
45413
45430
45433
45440
45446
45461
45467
45502
45514
45519
45527
45534
45548
45551
45567
45569
45599
45604
45608
45640
45647
45676
45693
45703
45710
45724
45727
45749
45759
45778
45786
45790
45807
45828
45850
45876
45887
45891
45894
45896
45898
45900
45902
45904
45906
45908
45910
45912
45915
45918
45921
45924
45927
45929
45931
45933
45935
45937
45939
45941
46007
46011
46021
46024
46026
46029
46052
46056
46058
46062
46067
46070
46085
46088
46092
46095
46098
46116
46127
46131
46133
46163
46172
46174
46190
46204
46216
46219
46231
46236
46238
46247
46282
46293
46301
46311
46315
46318
46320
46332
46339
46360
46369
46375
46381
46393
46400
46409
46435
46442
46456
46458
46482
46504
46506
46508
46517
46520
46529
46542
46566
46575
46587
46612
46632
46634
46637
46644
46656
46661
46670
46680
46687
46690
46707
46731
46737
46749
46753
46760
46772
46778
46800
46804
46823
46829
46843
46847
46860
46902
46905
46908
46911
46929
46948
46999
47008
47014
47022
47027
47047
47066
47070
47091
47130
47147
47150
47165
47179
47201
47228
47237
47244
47248
47281
47287
47303
47316
47328
47353
47396
47424
47451
47466
47480
47486
47490
47493
47495
47498
47501
47504
47506
47508
47510
47512
47516
47519
47521
47523
47525
47527
47529
47531
47533
47535
47537
47539
47599
47605
47608
47611
47614
47618
47620
47624
47626
47629
47631
47633
47635
47638
47644
47655
47669
47690
47693
47704
47710
47723
47726
47729
47731
47734
47736
47753
47758
47766
47776
47790
47792
47795
47800
47802
47811
47818
47829
47832
47835
47844
47847
47864
47869
47874
47880
47886
47888
47890
47898
47900
47902
47920
47925
47927
47930
47943
47955
47958
47965
47978
47992
47996
48008
48014
48017
48020
48028
48040
48048
48051
48056
48067
48099
48103
48106
48114
48137
48159
48162
48171
48185
48188
48210
48217
48222
48240
48243
48247
48249
48253
48255
48275
48278
48303
48312
48323
48325
48329
48331
48333
48336
48348
48353
48376
48388
48396
48402
48405
48407
48409
48427
48430
48435
48452
48458
48475
48479
48490
48495
48498
48501
48504
48507
48511
48525
48560
48563
48566
48569
48572
48575
48587
48623
48625
48627
48630
48633
48636
48676
48687
48690
48722
48731
48733
48740
48752
48761
48763
48767
48803
48807
48809
48812
48823
48836
48852
48875
48881
48885
48907
48913
48921
48941
48948
48969
48987
49021
49048
49084
49088
49092
49096
49099
49102
49105
49109
49117
49120
49123
49126
49129
49151
49162
49209
49230
49234
49250
49253
49257
49266
49274
49292
49296
49313
49333
49336
49358
49361
49372
49375
49391
49397
49432
49444
49463
49466
49472
49475
49478
49485
49488
49498
49543
49560
49563
49575
49578
49588
49598
49611
49614
49617
49628
49638
49702
49709
49712
49715
49724
49734
49737
49748
49761
49770
49785
49807
49833
49863
49875
49889
49892
49947
49950
49958
49966
49971
49977
49990
49998
50017
50055
50059
50066
50070
50073
50076
50085
50097
50123
50146
50158
50165
50169
50174
50184
50193
50228
50232
50238
50248
50264
50280
50283
50288
50330
50338
50359
50398
50418
50453
50463
50515
50518
50521
50561
50564
50567
50596
50602
50605
50630
50637
50643
50660
50679
50682
50684
50686
50688
50691
50694
50697
50699
50701
50705
50707
50710
50712
50714
50716
50718
50720
50722
50724
50726
50728
50730
50809
50818
50821
50824
50831
50834
50836
50838
50859
50865
50869
50880
50882
50897
50899
50903
50905
50907
50909
50926
50938
50964
50967
50971
50975
50980
50982
50992
50995
51003
51035
51037
51039
51057
51061
51069
51091
51099
51113
51115
51129
51131
51136
51155
51158
51186
51189
51215
51227
51252
51263
51266
51268
51274
51277
51293
51315
51338
51349
51364
51367
51376
51394
51396
51402
51405
51424
51430
51440
51450
51456
51460
51473
51486
51515
51518
51521
51524
51528
51536
51545
51548
51579
51588
51603
51627
51630
51632
51655
51658
51670
51673
51685
51695
51699
51721
51735
51737
51742
51746
51758
51763
51772
51792
51797
51812
51814
51831
51835
51857
51877
51891
51901
51912
51915
51924
51955
51957
51959
51964
51976
51991
52009
52024
52027
52029
52034
52043
52058
52060
52073
52087
52090
52095
52116
52128
52139
52147
52157
52174
52179
52190
52197
52212
52238
52248
52274
52276
52280
52282
52284
52286
52288
52290
52294
52297
52299
52302
52304
52306
52309
52312
52318
52347
52379
52442
52449
52452
52457
52462
52468
52500
52509
52524
52527
52530
52548
52555
52557
52571
52585
52615
52618
52628
52630
52633
52638
52655
52658
52676
52706
52711
52716
52718
52735
52740
52751
52801
52804
52806
52812
52816
52819
52822
52825
52833
52874
52892
52894
52896
52898
52902
52906
52910
52913
52916
52949
52988
52996
53002
53014
53024
53033
53047
53068
53085
53111
53121
53136
53147
53156
53188
53190
53201
53203
53209
53217
53230
53232
53237
53243
53250
53252
53261
53276
53298
53304
53307
53314
53318
53320
53325
53330
53344
53365
53368
53371
53373
53376
53407
53431
53464
53466
53468
53483
53492
53504
53525
53530
53539
53555
53575
53577
53604
53612
53614
53626
53634
53683
53689
53698
53708
53732
53756
53767
53786
53788
53791
53839
53841
53843
53849
53930
53935
53939
53941
53943
53945
53948
53951
53954
53956
53959
53961
53964
53967
53970
53976
53978
53982
53984
53986
53989
53992
53998
54001
54004
54007
54010
54014
54018
54022
54029
54033
54043
54047
54050
54053
54057
54060
54062
54064
54066
54069
54071
54076
54079
54081
54086
54088
54156
54159
54162
54165
54169
54172
54180
54203
54239
54241
54243
54249
54253
54258
54261
54266
54269
54276
54279
54298
54336
54353
54359
54362
54375
54379
54383
54389
54391
54393
54395
54397
54401
54405
54427
54430
54448
54452
54462
54466
54469
54474
54483
54485
54491
54508
54519
54527
54534
54536
54545
54548
54550
54559
54562
54575
54578
54586
54600
54609
54638
54647
54650
54662
54666
54676
54688
54711
54714
54744
54749
54770
54775
54787
54796
54814
54825
54829
54831
54842
54844
54848
54850
54861
54874
54877
54902
54905
54908
54910
54918
54920
54924
54935
54949
54953
54963
54965
54974
54977
54980
54983
54987
54992
55005
55020
55029
55031
55043
55046
55049
55061
55067
55084
55088
55090
55096
55108
55111
55114
55118
55124
55130
55132
55165
55173
55177
55180
55182
55186
55213
55225
55236
55238
55244
55257
55267
55273
55275
55278
55287
55290
55317
55323
55328
55344
55354
55375
55385
55387
55390
55393
55395
55400
55418
55433
55440
55454
55456
55478
55493
55538
55558
55573
55575
55581
55600
55603
55615
55634
55636
55638
55640
55642
55644
55647
55652
55654
55657
55659
55662
55664
55666
55668
55673
55676
55679
55682
55684
55686
55714
55741
55749
55752
55761
55763
55765
55771
55773
55776
55779
55783
55786
55791
55808
55810
55820
55822
55842
55847
55853
55857
55859
55876
55878
55880
55882
55885
55887
55897
55943
55945
55958
55960
55963
55974
55977
55979
55981
55983
55986
55989
55999
56006
56011
56014
56037
56041
56058
56067
56069
56071
56078
56080
56082
56094
56097
56111
56132
56135
56138
56151
56159
56161
56163
56165
56167
56174
56176
56189
56214
56216
56224
56228
56244
56246
56247
56254
56263
56276
56278
56299
56301
56303
56308
56310
56315
56317
56331
56336
56338
56340
56347
56355
56386
56390
56392
56394
56399
56402
56404
56406
56414
56416
56419
56421
56423
56448
56452
56464
56475
56477
56480
56482
56495
56498
56500
56507
56511
56529
56531
56539
56542
56554
56570
56573
56582
56585
56587
56607
56610
56612
56615
56624
56626
56639
56651
56653
56655
56657
56671
56683
56695
56698
56711
56718
56722
56724
56734
56744
56748
56751
56758
56760
56767
56783
56785
56798
56802
56805
56809
56817
56839
56842
56857
56860
56868
56879
56880
56885
56891
56896
56899
56907
56914
56918
56933
56937
56947
56958
56972
56977
56984
56986
56988
56993
57000
57004
57022
57027
57029
57031
57036
57045
57053
57066
57070
57074
57079
57097
57099
57102
57107
57120
57125
57131
57140
57142
57156
57158
57176
57182
57188
57203
57220
57247
57256
57266
57288
57293
57296
57298
57300
57312
57316
57325
57329
57335
57339
57361
57363
57367
57385
57387
57397
57400
57403
57405
57411
57422
57425
57427
57430
57433
57441
57445
57460
57467
57486
57489
57498
57506
57508
57520
57525
57528
57532
57541
57549
57552
57566
57571
57583
57607
57616
57623
57633
57639
57641
57643
57646
57650
57661
57666
57675
57678
57699
57710
57715
57718
57726
57728
57737
57740
57753
57766
57777
57800
57803
57812
57816
57823
57826
57834
57839
57852
57861
57883
57885
57889
57891
57896
57899
57906
57919
57928
57942
57945
57962
57965
57970
57973
57978
57984
57990
58006
58032
58041
58046
58049
58054
58057
58061
58072
58075
58080
58105
58113
58118
58121
58126
58133
58144
58150
58165
58181
58186
58188
58191
58201
58206
58209
58244
58249
58262
58269
58283
58286
58291
58297
58330
58336
58344
58347
58355
58370
58386
58401
58409
58415
58422
58431
58438
58451
58461
58466
58471
58478
58482
58499
58511
58525
58528
58538
58542
58566
58569
58572
58603
58606
58618
58627
58640
58659
58708
58726
58825
58834
58838
58842
58846
58850
58907
58911
58914
58917
58921
58924
58928
58935
58948
58954
59062
59067
59071
59074
59078
59156
59207
59211
59215
59223
59265
59293
59354
59600
60311
60314
60317
60320
60323
60326
60328
60330
60332
60334
60344
60347
60349
60351
60354
60357
60360
60363
60422
60424
60431
60434
60436
60442
60444
60451
60481
60483
60492
60516
60528
60531
60538
60540
60542
60547
60549
60578
60585
60603
60608
60618
60638
60641
60651
60656
60663
60670
60681
60686
60695
60709
60733
60737
60739
60746
60749
60760
60769
60789
60802
60805
60810
60826
60829
60832
60834
60839
60842
60844
60860
60864
60883
60895
60916
60918
60920
60923
60925
60930
60933
60937
60942
60945
60951
60983
60992
60996
61003
61009
61015
61017
61020
61023
61029
61032
61046
61048
61067
61077
61091
61096
61103
61110
61115
61121
61127
61133
61145
61153
61170
61177
61185
61194
61198
61211
61213
61217
61224
61230
61240
61270
61286
61289
61292
61300
61303
61313
61315
61339
61341
61345
61352
61355
61360
61363
61369
61390
61415
61419
61424
61427
61434
61437
61441
61448
61462
61483
61486
61488
61503
61506
61518
61521
61524
61528
61536
61540
61542
61570
61574
61583
61586
61589
61592
61602
61618
61621
61634
61636
61638
61646
61648
61654
61683
61686
61697
61699
61709
61712
61724
61738
61745
61748
61759
61773
61783
61792
61794
61804
61811
61815
61821
61831
61855
61862
61928
61931
61969
61972
61977
62001
62004
62007
62015
62027
62037
62045
62048
62051
62063
62075
62081
62105
62108
62111
62122
62129
62135
62139
62146
62164
62175
62199
62201
62204
62208
62216
62223
62231
62236
62244
62259
62277
62286
62295
62300
62304
62312
62315
62320
62330
62335
62340
62345
62356
62373
62378
62399
62407
62412
62421
62425
62431
62434
62438
62442
62446
62460
62463
62467
62472
62492
62518
62523
62527
62532
62539
62557
62563
62572
62579
62587
62589
62597
62601
62609
62632
62644
62647
62651
62655
62662
62673
62692
62699
62706
62709
62713
62725
62735
62752
62760
62765
62769
62782
62785
62799
62811
62823
62829
62838
62843
62848
62853
62860
62865
62875
62889
62901
62912
62919
62924
62929
62931
62937
62946
62953
62971
62974
62986
62989
62993
62995
63027
63044
63047
63051
63058
63061
63064
63096
63099
63107
63110
63138
63141
63153
63174
63179
63190
63209
63217
63220
63243
63246
63252
63258
63269
63279
63299
63301
63311
63319
63346
63363
63381
63385
63406
63427
63447
63505
63512
63515
63518
63521
63524
63528
63532
63536
63541
63545
63557
63562
63564
63602
63622
63625
63628
63634
63638
63641
63644
63648
63664
63667
63671
63683
63703
63712
63720
63740
63743
63746
63750
63774
63779
63782
63786
63846
63850
63854
63875
63882
63886
63889
63920
63925
63927
63939
63942
63968
63981
64020
64023
64044
64055
64058
64060
64084
64094
64105
64118
64128
64139
64150
64155
64194
64198
64219
64229
64247
64270
64275
64287
64310
64315
64331
64333
64357
64380
64386
64394
64398
64400
64405
64412
64417
64436
64453
64461
64464
64471
64498
64513
64522
64524
64526
64531
64538
64541
64558
64564
64575
64595
64598
64609
64628
64648
64657
64661
64688
64694
64706
64722
64725
64733
64750
64757
64765
64768
64780
64797
64804
64807
64818
64828
64838
64842
64868
64885
64888
64895
64904
64923
64926
64945
64947
