1
2
3
4
5
6
8
9
10
11
12
16
20
71
75
78
81
85
92
95
98
102
106
109
114
117
162
164
167
175
178
295
449
944
1129
1200
1258
1348
1371
1379
1399
1469
1473
1519
1533
1561
1564
1588
1602
1621
1625
1672
1697
1724
1728
1731
1734
1737
1741
1744
1747
1750
1754
1757
1760
1763
1766
1770
1774
1779
1782
1785
1788
1791
1794
1797
1801
1809
1812
1815
1936
1976
1980
1983
1986
1998
2001
2004
2010
2013
2016
2019
2043
2076
2091
2131
2135
2158
2172
2187
2192
2214
2217
2257
2270
2273
2277
2289
2326
2329
2342
2351
2377
2398
2401
2408
2410
2413
2424
2433
2447
2459
2479
2504
2538
2548
2573
2583
2605
2629
2646
2657
2663
2697
2722
2725
2739
2763
2770
2840
2860
2864
2928
2961
3019
3040
3092
3160
3235
3377
3382
3386
3390
3394
3399
3404
3409
3414
3423
3431
3434
3437
3440
3443
3446
3450
3453
3456
3459
3462
3465
3468
3470
3473
3476
3479
3482
3530
3546
3611
3615
3635
3640
3651
3677
3711
3720
3724
3745
3755
3765
3789
3809
3852
3866
3870
3874
3883
3892
3905
3947
3979
3983
4003
4007
4011
4016
4020
4087
4134
4138
4142
4146
4150
4167
4196
4211
4254
4258
4262
4266
4272
4314
4324
4346
4355
4365
4369
4373
4377
4421
4450
4459
4467
4472
4476
4520
4545
4563
4567
4571
4579
4585
4634
4640
4650
4654
4690
4719
4728
4733
4763
4789
4796
4801
4804
4828
4856
4860
4864
4900
4907
4910
4928
4949
4964
4982
5028
5031
5034
5037
5041
5044
5048
5052
5056
5059
5063
5066
5069
5072
5075
5078
5083
5087
5090
5093
5096
5099
5102
5108
5111
5114
5117
5120
5123
5126
5130
5215
5249
5255
5258
5261
5272
5275
5279
5282
5285
5288
5294
5370
5390
5394
5409
5412
5416
5424
5429
5434
5437
5496
5516
5519
5523
5529
5536
5539
5557
5606
5618
5634
5637
5657
5660
5666
5690
5693
5698
5728
5751
5755
5758
5768
5781
5788
5826
5832
5849
5876
5879
5883
5886
5900
5931
5945
5951
5986
5993
5996
5999
6004
6008
6014
6038
6052
6055
6062
6077
6100
6103
6114
6125
6153
6160
6171
6197
6205
6216
6248
6252
6259
6283
6317
6320
6330
6339
6349
6359
6385
6391
6394
6411
6420
6459
6462
6470
6473
6476
6518
6532
6538
6566
6575
6583
6591
6634
6637
6665
6684
6689
6696
6701
6705
6709
6713
6716
6719
6722
6728
6735
6738
6741
6744
6747
6750
6754
6757
6760
6763
6766
6772
6775
6778
6781
6784
6853
6913
6918
6922
6926
6929
6933
6939
6942
6989
6998
7009
7016
7021
7063
7075
7078
7084
7088
7094
7098
7107
7118
7160
7170
7189
7211
7223
7230
7233
7243
7261
7273
7301
7310
7313
7329
7343
7349
7367
7370
7396
7400
7406
7434
7452
7459
7463
7473
7483
7487
7497
7531
7574
7580
7583
7595
7607
7616
7636
7640
7648
7688
7715
7727
7743
7746
7753
7790
7794
7815
7837
7850
7884
7888
7900
7906
7925
7938
7970
7982
7985
8019
8047
8059
8062
8065
8079
8092
8125
8128
8141
8180
8187
8215
8226
8232
8235
8255
8269
8295
8331
8334
8337
8340
8343
8346
8350
8353
8360
8364
8367
8370
8374
8377
8380
8394
8397
8400
8406
8410
8414
8418
8422
8429
8433
8437
8443
8449
8452
8454
8459
8461
8464
8467
8470
8472
8474
8476
8479
8482
8484
8487
8490
8493
8594
8603
8612
8615
8621
8624
8627
8630
8633
8636
8640
8644
8662
8702
8750
8760
8763
8767
8770
8773
8780
8783
8786
8789
8792
8852
8864
8897
8905
8918
8927
8931
8934
8937
8940
8994
9009
9035
9042
9049
9065
9069
9072
9075
9126
9138
9164
9177
9190
9193
9198
9201
9213
9244
9248
9251
9260
9263
9267
9276
9355
9358
9361
9364
9367
9412
9414
9460
9463
9466
9469
9472
9487
9549
9554
9557
9561
9565
9612
9637
9644
9652
9660
9667
9683
9702
9715
9734
9775
9780
9788
9812
9816
9828
9844
9860
9873
9887
9894
9922
9940
9948
9976
9994
10040
10050
10054
10058
10063
10068
10072
10076
10080
10084
10095
10098
10101
10104
10106
10108
10110
10112
10115
10118
10121
10124
10127
10130
10133
10136
10139
10142
10145
10151
10154
10157
10160
10163
10166
10169
10172
10175
10179
10182
10185
10192
10195
10203
10273
10278
10283
10289
10294
10299
10304
10318
10322
10381
10387
10393
10399
10404
10411
10448
10473
10485
10490
10505
10542
10547
10561
10580
10595
10601
10621
10631
10681
10700
10714
10719
10735
10739
10768
10815
10836
10845
10853
10862
10900
10906
10909
10918
10935
10969
10978
10985
10989
11019
11050
11069
11093
11097
11137
11141
11155
11191
11194
11198
11206
11209
11244
11263
11282
11287
11290
11300
11303
11324
11335
11342
11372
11375
11378
11381
11384
11388
11392
11441
11448
11452
11455
11461
11496
11509
11520
11523
11526
11533
11549
11561
11582
11585
11594
11628
11650
11659
11673
11687
11692
11703
11705
11727
11740
11747
11750
11753
11756
11759
11762
11765
11768
11771
11774
11776
11778
11781
11783
11785
11787
11790
11793
11796
11799
11804
11807
11810
11813
11816
11819
11822
11825
11827
11829
11832
11834
11836
11841
11844
11848
11851
11970
11973
11975
11977
11979
11981
11985
11991
12041
12046
12050
12053
12056
12061
12065
12087
12123
12125
12150
12169
12177
12194
12213
12239
12245
12249
12252
12264
12317
12321
12335
12370
12375
12377
12385
12405
12423
12427
12432
12456
12461
12497
12501
12526
12529
12547
12552
12558
12581
12584
12596
12605
12613
12625
12656
12687
12713
12736
12744
12757
12764
12788
12790
12810
12812
12854
12861
12864
12871
12905
12911
12914
12920
12922
12937
12963
12969
12976
12985
13023
13027
13033
13055
13061
13101
13107
13112
13116
13171
13197
13213
13254
13264
13267
13302
13311
13326
13355
13373
13399
13402
13405
13408
13411
13414
13417
13421
13424
13427
13431
13434
13437
13440
13443
13446
13505
13510
13514
13522
13526
13529
13556
13570
13587
13591
13594
13600
13603
13606
13618
13625
13630
13633
13663
13692
13699
13722
13729
13736
13745
13756
13759
13774
13781
13787
13838
13844
13863
13867
13872
13875
13879
13888
13901
13928
13939
13942
13961
13976
13981
13990
14008
14011
14014
14060
14066
14071
14086
14116
14120
14134
14137
14140
14152
14183
14188
14207
14210
14232
14236
14255
14258
14263
14303
14318
14322
14334
14342
14345
14401
14406
14410
14418
14421
14425
14429
14473
14478
14481
14516
14519
14534
14553
14568
14571
14592
14602
14605
14617
14635
14648
14652
14665
14682
14709
14725
14735
14760
14771
14774
14824
14827
14831
14837
14876
14879
14884
14909
14913
14953
14980
14994
14998
15001
15004
15009
15012
15015
15018
15021
15024
15026
15028
15030
15032
15034
15036
15038
15040
15042
15044
15047
15052
15062
15110
15160
15167
15172
15175
15178
15181
15187
15191
15195
15197
15200
15206
15216
15222
15255
15257
15277
15280
15286
15292
15317
15322
15325
15333
15345
15348
15387
15415
15428
15432
15438
15441
15457
15465
15469
15491
15494
15518
15521
15528
15558
15570
15576
15579
15588
15593
15597
15605
15608
15617
15626
15629
15635
15654
15700
15705
15708
15717
15724
15732
15744
15752
15756
15761
15814
15822
15827
15833
15837
15840
15856
15868
15900
15910
15914
15924
15929
15939
15943
15968
16006
16011
16015
16018
16033
16069
16095
16104
16144
16160
16192
16204
16207
16223
16241
16256
16270
16273
16279
16310
16330
16338
16341
16344
16368
16376
16410
16448
16459
16486
16503
16518
16565
16592
16596
16600
16605
16609
16614
16618
16622
16626
16630
16633
16637
16640
16703
16713
16720
16724
16730
16738
16763
16770
16786
16798
16804
16812
16825
16828
16832
16846
16887
16916
16932
16940
16944
16952
16972
16977
16986
17005
17012
17031
17038
17047
17068
17072
17108
17122
17127
17131
17143
17157
17205
17209
17214
17218
17228
17264
17275
17310
17334
17338
17359
17393
17408
17411
17415
17472
17477
17492
17498
17525
17531
17538
17577
17583
17597
17638
17642
17678
17685
17699
17713
17734
17767
17785
17789
17798
17820
17864
17879
17891
17951
17964
17969
18010
18022
18058
18068
18076
18085
18113
18127
18142
18153
18191
18195
18198
18201
18204
18207
18210
18213
18216
18219
18221
18223
18226
18229
18231
18234
18346
18349
18370
18375
18378
18380
18383
18394
18411
18414
18417
18420
18425
18444
18450
18486
18490
18492
18509
18525
18529
18532
18534
18547
18588
18594
18599
18612
18615
18617
18619
18625
18640
18676
18679
18681
18683
18692
18715
18717
18724
18732
18741
18743
18749
18766
18781
18829
18839
18846
18860
18867
18885
18901
18912
18949
18956
18992
19009
19015
19024
19034
19044
19058
19065
19067
19093
19108
19112
19134
19136
19161
19167
19175
19178
19182
19190
19193
19231
19237
19240
19244
19247
19266
19282
19292
19306
19330
19333
19339
19342
19354
19385
19393
19408
19415
19426
19437
19444
19458
19465
19496
19498
19501
19515
19533
19540
19557
19567
19585
19599
19612
19639
19642
19648
19683
19694
19730
19783
19787
19789
19793
19799
19802
19805
19807
19812
19815
19818
19821
19824
19828
19830
19852
19950
19959
19964
19967
19973
20023
20030
20035
20039
20057
20060
20063
20070
20095
20136
20142
20162
20167
20172
20175
20178
20183
20199
20214
20219
20235
20245
20252
20260
20272
20278
20291
20317
20322
20346
20353
20371
20382
20419
20425
20432
20435
20451
20454
20459
20490
20506
20535
20554
20557
20581
20587
20590
20601
20603
20610
20616
20624
20648
20659
20676
20700
20717
20731
20750
20759
20770
20776
20780
20798
20807
20818
20843
20848
20879
20884
20888
20890
20907
20946
20962
20964
20971
20974
20999
21043
21047
21059
21063
21066
21068
21099
21102
21104
21146
21166
21182
21194
21196
21198
21200
21226
21231
21248
21276
21282
21330
21332
21335
21350
21370
21375
21438
21441
21444
21446
21448
21451
21454
21457
21459
21461
21464
21466
21469
21471
21473
21475
21478
21481
21484
21487
21490
21493
21495
21502
21505
21508
21511
21514
21518
21522
21526
21530
21534
21538
21549
21553
21557
21560
21566
21570
21573
21576
21579
21582
21585
21589
21592
21595
21660
21693
21709
21711
21726
21730
21733
21735
21737
21739
21741
21755
21757
21771
21773
21776
21780
21811
21817
21883
21886
21889
21891
21893
21895
21910
21921
21924
21928
21961
21982
21985
22002
22021
22027
22035
22037
22039
22041
22047
22051
22064
22071
22077
22111
22139
22144
22152
22170
22200
22202
22205
22223
22229
22233
22267
22277
22287
22291
22293
22298
22305
22314
22324
22330
22349
22352
22356
22404
22406
22412
22415
22426
22455
22457
22467
22469
22472
22484
22497
22512
22523
22530
22534
22539
22542
22551
22555
22559
22561
22596
22599
22608
22611
22614
22620
22633
22637
22654
22661
22666
22673
22678
22686
22688
22700
22719
22724
22727
22731
22742
22749
22766
22772
22784
22787
22800
22829
22842
22851
22855
22862
22868
22881
22898
22906
22921
22923
22929
22933
22946
22960
22967
22980
22982
23001
23007
23019
23039
23067
23069
23099
23101
23103
23124
23145
23148
23151
23155
23158
23160
23162
23164
23167
23169
23171
23174
23176
23178
23181
23183
23186
23188
23190
23192
23194
23254
23282
23292
23297
23321
23323
23325
23337
23340
23342
23354
23362
23366
23371
23380
23396
23399
23401
23420
23438
23445
23455
23459
23466
23476
23478
23480
23484
23490
23492
23518
23532
23543
23548
23550
23553
23571
23604
23620
23622
23624
23630
23633
23636
23640
23642
23647
23654
23673
23684
23691
23706
23708
23720
23726
23733
23740
23749
23755
23759
23766
23775
23780
23800
23816
23822
23825
23827
23839
23849
23855
23863
23872
23878
23885
23898
23923
23929
23932
23934
23942
23948
23951
23975
23980
23989
23997
23999
24004
24039
24044
24046
24048
24052
24058
24061
24091
24100
24121
24123
24131
24148
24163
24168
24193
24205
24212
24228
24231
24235
24239
24253
24255
24273
24276
24280
24287
24292
24294
24299
24327
24342
24347
24354
24361
24363
24392
24399
24403
24406
24419
24421
24440
24447
24451
24472
24477
24480
24485
24489
24498
24512
24529
24538
24554
24556
24559
24563
24569
24588
24594
24607
24615
24618
24624
24628
24636
24648
24665
24675
24679
24693
24703
24705
24728
24737
24809
24812
24816
24819
24831
24834
24837
24842
24851
24853
24859
24875
24877
24897
24901
24914
24918
24920
24923
24931
24935
24938
24944
24959
24964
24977
24980
24984
24997
25005
25007
25012
25019
25036
25039
25045
25049
25053
25066
25076
25079
25090
25096
25109
25112
25129
25132
25135
25147
25152
25154
25188
25192
25212
25222
25226
25228
25231
25280
25289
25292
25294
25303
25308
25310
25314
25318
25326
25328
25344
25363
25390
25392
25397
25400
25407
25409
25423
25436
25444
25452
25466
25469
25472
25481
25486
25489
25498
25514
25522
25542
25545
25562
25568
25577
25585
25587
25589
25595
25607
25612
25634
25637
25645
25652
25655
25662
25675
25684
25692
25694
25699
25702
25711
25730
25753
25756
25776
25782
25791
25799
25804
25809
25818
25845
25860
25866
25878
25881
25889
25896
25901
25912
25918
25933
25941
25947
25955
25961
25989
25994
26004
26020
26032
26035
26038
26069
26077
26100
26113
26134
26144
26154
26163
26181
26203
26236
26264
26335
26345
26349
26353
26357
26361
26369
26418
26426
26429
26432
26441
26455
26458
26462
26466
26524
26528
26564
26570
26582
26586
26664
26674
26678
26715
26730
26765
26769
26936
27821
27824
27827
27829
27831
27834
27837
27840
27843
27846
27849
27852
27855
27858
27861
27864
27867
27870
27947
27954
27965
27987
27992
27995
27998
28004
28011
28042
28054
28079
28081
28100
28103
28108
28112
28121
28140
28142
28146
28156
28165
28168
28174
28194
28197
28202
28231
28248
28261
28267
28270
28277
28286
28303
28311
28339
28341
28352
28365
28392
28394
28400
28405
28417
28424
28427
28447
28452
28457
28474
28478
28485
28519
28525
28540
28555
28564
28578
28584
28587
28609
28613
28616
28629
28637
28642
28660
28674
28683
28686
28691
28702
28732
28748
28751
28758
28761
28800
28809
28820
28823
28831
28838
28847
28867
28874
28888
28893
28903
28909
28927
28943
28946
28950
28967
28984
28988
28999
29010
29021
29030
29042
29046
29051
29060
29066
29081
29089
29095
29101
29109
29122
29128
29140
29154
29166
29179
29190
29194
29205
29217
29227
29239
29248
29270
29278
29289
29296
29299
29330
29349
29363
29387
29475
29485
29488
29506
29523
29531
29547
29562
29566
29569
29589
29592
29595
29623
29631
29633
29653
29656
29663
29668
29676
29687
29695
29701
29715
29721
29729
29740
29747
29757
29760
29780
29821
29834
29837
29840
29844
29854
29857
29897
29932
29953
29968
29972
29979
29992
29994
30000
30009
30030
30045
30059
30062
30082
30090
30095
30111
30116
30120
30126
30143
30147
30189
30192
30196
30202
30215
30222
30237
30247
30262
30266
30280
30306
30312
30338
30344
30353
30356
30364
30394
30400
30404
30408
30412
30415
30450
30453
30460
30463
30466
30499
30508
30524
30531
30533
30540
30543
30555
30585
30590
30614
30619
30622
30625
30632
30654
30659
30662
30666
30695
30698
30703
30713
30732
30746
30758
30760
30773
30787
30810
30813
30819
30840
30851
30857
30879
30896
30909
30912
30934
30956
31019
31024
31028
31032
31036
31040
31050
31098
31108
31117
31120
31124
31129
31135
31142
31146
31156
31184
31190
31225
31230
31244
31248
31252
31256
31270
31278
31283
31288
31310
31340
31353
31369
31378
31382
31391
31394
31405
31413
31422
31432
31445
31461
31464
31481
31511
31531
31548
31550
31561
31568
31608
31614
31620
31628
31635
31639
31659
31665
31716
31731
31742
31748
31758
31778
31784
31792
31798
31837
31844
31855
31864
31876
31886
31894
31901
31904
31917
31941
31946
31954
31960
31969
31972
31981
32007
32010
32016
32033
32044
32050
32082
32089
32092
32144
32147
32158
32162
32195
32208
32234
32242
32259
32275
32285
32288
32292
32298
32328
32332
32343
32352
32364
32382
32385
32405
32410
32420
32439
32451
32462
32481
32493
32494
32495
32496
32497
32498
32501
32502
32504
32509
32563
32567
32571
32575
32579
32583
32586
32589
32592
32595
32599
32603
32608
32613
32653
32658
32662
32665
32838
33396
33586
33725
33750
33839
33864
33871
33914
33918
33948
33984
33989
33996
34027
34033
34058
34078
34111
34115
34136
34172
34219
34222
34226
34230
34233
34236
34239
34241
34245
34248
34251
34254
34257
34260
34263
34266
34273
34276
34279
34283
34286
34289
34293
34296
34300
34303
34306
34451
34465
34475
34479
34482
34495
34507
34511
34520
34523
34544
34619
34627
34630
34633
34636
34649
34701
34712
34719
34722
34742
34755
34781
34798
34804
34817
34820
34823
34896
34902
34904
34914
34924
34927
34954
34977
34984
34991
35001
35014
35035
35039
35062
35068
35121
35142
35148
35154
35175
35188
35194
35249
35253
35267
35290
35296
35326
35332
35385
35392
35418
35427
35454
35506
35511
35583
35608
35691
35867
35871
35875
35885
35890
35900
35905
35910
35924
35927
35931
35935
35938
35941
35944
35947
35951
35954
35957
35960
35963
35966
35969
35971
36042
36047
36053
36058
36063
36077
36120
36125
36156
36185
36194
36231
36248
36274
36304
36315
36320
36334
36392
36404
36420
36432
36455
36459
36488
36494
36508
36515
36520
36543
36578
36591
36600
36638
36666
36670
36700
36715
36727
36758
36782
36786
36790
36801
36807
36816
36868
36878
36893
36897
36909
36917
36969
36979
36992
37006
37015
37027
37062
37071
37096
37106
37115
37148
37155
37178
37197
37210
37225
37231
37280
37289
37294
37298
37341
37349
37355
37386
37405
37428
37445
37509
37519
37522
37525
37528
37532
37535
37539
37543
37547
37551
37555
37559
37562
37565
37569
37576
37580
37584
37587
37593
37598
37602
37606
37609
37612
37615
37621
37748
37754
37759
37766
37771
37775
37779
37782
37785
37793
37803
37840
37871
37900
37909
37913
37926
37930
37955
37983
37986
37989
38000
38013
38020
38056
38063
38072
38098
38130
38140
38160
38168
38172
38190
38194
38240
38249
38262
38271
38285
38295
38299
38315
38319
38373
38383
38386
38400
38403
38417
38431
38434
38444
38484
38489
38494
38498
38510
38537
38551
38554
38558
38562
38577
38599
38614
38627
38635
38655
38680
38692
38695
38700
38736
38748
38757
38761
38769
38774
38778
38782
38794
38833
38838
38840
38850
38872
38877
38885
38928
38933
38941
38945
38972
38987
38995
39011
39019
39024
39043
39046
39053
39087
39094
39121
39136
39172
39176
39182
39187
39192
39196
39201
39206
39210
39214
39219
39227
39230
39233
39236
39239
39242
39245
39249
39252
39255
39258
39261
39264
39267
39271
39274
39278
39346
39394
39405
39409
39414
39418
39422
39432
39436
39452
39508
39529
39563
39568
39572
39576
39588
39592
39655
39660
39678
39711
39716
39720
39729
39733
39793
39796
39800
39811
39835
39848
39852
39862
39865
39869
39925
39928
39932
39942
39945
39980
39990
40017
40034
40049
40052
40063
40066
40069
40098
40148
40165
40175
40178
40181
40204
40233
40242
40254
40279
40282
40285
40304
40328
40331
40352
40370
40374
40378
40394
40420
40439
40445
40457
40461
40491
40503
40507
40539
40548
40575
40579
40614
40656
40679
40687
40708
40733
40749
40769
40790
40824
40827
40830
40833
40836
40839
40842
40844
40850
40853
40856
40859
40865
40869
40872
40884
40889
40893
40897
40902
40908
40913
40918
40922
40935
40938
40943
40946
40949
40952
40954
40956
40958
40961
40964
40966
40970
40979
40982
40985
41041
41063
41090
41100
41103
41106
41109
41112
41122
41127
41130
41133
41167
41171
41197
41200
41262
41267
41272
41282
41286
41341
41348
41374
41378
41387
41393
41404
41415
41428
41431
41453
41470
41484
41488
41505
41518
41526
41547
41553
41565
41576
41580
41585
41601
41604
41611
41617
41631
41636
41683
41691
41717
41728
41735
41751
41760
41777
41784
41793
41804
41809
41834
41839
41850
41880
41910
41919
41925
41929
41985
41990
41998
42014
42026
42052
42086
42090
42133
42142
42146
42198
42209
42231
42243
42262
42271
42301
42309
42325
42333
42367
42377
42388
42397
42416
42453
42456
42520
42537
42542
42548
42552
42557
42561
42566
42570
42574
42586
42589
42592
42595
42599
42602
42605
42608
42611
42614
42617
42620
42622
42624
42633
42643
42646
42652
42655
42658
42661
42664
42667
42670
42673
42676
42679
42681
42683
42685
42690
42694
42757
42762
42766
42769
42775
42781
42788
42794
42867
42874
42881
42900
42936
42965
42985
42991
43021
43026
43088
43114
43120
43125
43140
43206
43211
43219
43224
43234
43285
43298
43303
43308
43312
43319
43325
43337
43384
43390
43394
43400
43405
43411
43460
43464
43469
43478
43482
43487
43491
43511
43541
43555
43559
43574
43625
43629
43633
43637
43646
43682
43688
43697
43706
43717
43732
43735
43753
43775
43780
43798
43814
43823
43834
43839
43846
43876
43880
43890
43896
43904
43918
43924
43951
43955
43963
43968
43993
43998
44017
44042
44055
44058
44104
44106
44124
44126
44128
44147
44165
44167
44173
44197
44218
44239
44244
44246
44249
44252
44255
44258
44261
44264
44267
44269
44271
44273
44275
44277
44280
44282
44284
44286
44288
44290
44296
44299
44302
44305
44311
44313
44316
44318
44321
44323
44325
44328
44330
44332
44335
44338
44341
44345
44460
44463
44466
44468
44471
44473
44483
44492
44500
44528
44530
44533
44542
44547
44550
44559
44589
44606
44619
44622
44625
44627
44665
44679
44686
44695
44702
44708
44716
44719
44722
44730
44732
44739
44746
44789
44800
44812
44819
44821
44830
44856
44873
44883
44888
44894
44913
44915
44968
45016
45032
45044
45054
45064
45077
45081
45086
45100
45113
45122
45128
45156
45169
45175
45210
45217
45228
45232
45273
45276
45286
45292
45296
45300
45313
45364
45387
45399
45412
45415
45431
45433
45469
45492
45501
45504
45509
45513
45526
45541
45544
45581
45595
45599
45603
45616
45634
45661
45691
45707
45730
45732
45737
45740
45744
45774
45794
45800
45817
45849
45891
45893
45896
45899
45901
45904
45906
45909
45912
45915
45918
45921
45923
45926
45929
45932
45935
45939
46007
46058
46063
46065
46068
46087
46092
46095
46100
46105
46123
46132
46134
46136
46163
46178
46216
46222
46231
46239
46242
46251
46256
46268
46275
46282
46284
46296
46311
46342
46350
46361
46366
46373
46381
46385
46394
46402
46416
46424
46445
46454
46474
46479
46482
46502
46508
46556
46559
46564
46572
46578
46585
46590
46610
46635
46668
46678
46682
46686
46695
46702
46710
46729
46787
46790
46794
46798
46807
46838
46849
46896
46899
46903
46910
46940
46948
46993
46997
47001
47006
47039
47063
47071
47121
47128
47144
47150
47157
47195
47213
47221
47250
47258
47281
47289
47328
47335
47358
47377
47433
47436
47460
47487
47490
47493
47496
47499
47502
47504
47507
47509
47511
47514
47517
47520
47523
47525
47528
47530
47532
47535
47537
47597
47605
47615
47617
47631
47636
47643
47653
47656
47662
47665
47680
47692
47694
47699
47713
47725
47727
47757
47762
47771
47799
47801
47810
47817
47824
47830
47834
47839
47864
47876
47886
47896
47909
47914
47919
47930
47938
47947
47950
47964
47969
47973
47980
48004
48007
48013
48022
48029
48035
48055
48064
48070
48077
48086
48117
48137
48140
48147
48150
48154
48163
48175
48199
48202
48211
48222
48225
48228
48230
48233
48236
48286
48299
48310
48313
48318
48320
48323
48328
48354
48370
48373
48383
48386
48400
48427
48430
48439
48442
48454
48457
48461
48503
48506
48513
48531
48542
48555
48559
48566
48569
48577
48603
48626
48631
48643
48658
48682
48712
48717
48726
48765
48779
48793
48797
48800
48831
48835
48842
48880
48883
48887
48935
48970
48980
49010
49017
49041
49068
49084
49088
49092
49096
49101
49106
49111
49117
49125
49128
49200
49258
49264
49268
49273
49278
49286
49301
49356
49365
49374
49386
49410
49418
49429
49471
49482
49490
49509
49513
49523
49564
49580
49589
49614
49620
49630
49653
49682
49700
49714
49721
49746
49749
49752
49808
49812
49820
49823
49826
49842
49886
49914
49932
49939
49942
49948
49966
49991
49995
50017
50035
50043
50060
50090
50102
50107
50119
50130
50147
50157
50196
50201
50220
50237
50253
50288
50306
50319
50339
50380
50383
50386
50456
50480
50546
50553
50590
50606
50625
50638
50679
50683
50689
50692
50695
50698
50701
50704
50707
50711
50713
50715
50718
50720
50723
50727
50730
50826
50829
50832
50835
50864
50867
50872
50875
50891
50898
50901
50904
50906
50908
50911
50914
50922
50981
50983
50986
50989
51029
51061
51072
51075
51084
51087
51105
51112
51130
51138
51149
51155
51173
51181
51188
51213
51252
51262
51268
51274
51278
51288
51294
51305
51308
51345
51354
51364
51372
51383
51385
51400
51409
51418
51431
51434
51444
51461
51469
51478
51495
51520
51523
51526
51545
51549
51552
51573
51594
51598
51603
51612
51621
51628
51651
51659
51668
51674
51684
51700
51722
51729
51768
51773
51784
51795
51802
51827
51840
51848
51853
51858
51871
51889
51892
51911
51930
51934
51965
51967
51969
51975
51983
52009
52025
52034
52039
52049
52065
52116
52123
52125
52144
52176
52186
52212
52239
52274
52277
52280
52284
52288
52291
52294
52297
52299
52304
52307
52310
52313
52322
52338
52448
52451
52461
52467
52498
52507
52527
52554
52562
52569
52575
52582
52609
52618
52636
52652
52657
52673
52679
52689
52704
52714
52720
52725
52744
52758
52766
52779
52783
52801
52808
52823
52836
52879
52907
52917
52937
52944
52949
52955
52959
53010
53029
53038
53042
53047
53057
53077
53096
53106
53114
53123
53133
53148
53151
53156
53180
53230
53250
53252
53263
53301
53304
53325
53331
53399
53403
53485
53494
53502
53521
53525
53527
53563
53603
53638
53641
53758
53780
53852
53856
53875
53901
53905
53927
53930
53933
53936
53939
53941
53945
53948
53951
53954
53957
53960
53963
53966
53969
53973
53977
53982
53987
53990
53993
53996
53999
54002
54009
54013
54021
54025
54029
54044
54048
54051
54061
54064
54067
54074
54077
54080
54084
54088
54151
54154
54162
54168
54171
54174
54201
54213
54218
54230
54232
54237
54242
54251
54259
54278
54292
54305
54322
54325
54332
54350
54360
54368
54378
54387
54395
54423
54430
54434
54441
54447
54464
54468
54473
54498
54500
54506
54523
54528
54533
54538
54540
54549
54559
54564
54572
54577
54581
54589
54611
54641
54650
54652
54689
54756
54762
54765
54770
54809
54816
54820
54822
54824
54828
54836
54881
54884
54886
54890
54904
54926
54932
54939
54945
54947
54949
54987
54991
54993
54996
55007
55013
55015
55033
55069
55085
55087
55108
55113
55115
55121
55131
55133
55169
55184
55190
55195
55202
55207
55209
55222
55239
55243
55268
55273
55286
55302
55321
55334
55348
55352
55360
55366
55390
55399
55416
55425
55441
55456
55458
55465
55479
55516
55537
55558
55576
55582
55584
55603
55625
55635
55638
55641
55644
55647
55650
55653
55655
55657
55659
55662
55665
55668
55670
55672
55675
55677
55679
55681
55683
55686
55752
55769
55776
55782
55786
55788
55791
55795
55803
55810
55816
55824
55826
55832
55860
55866
55871
55880
55889
55895
55899
55906
55909
55925
55933
55938
55943
55965
55978
55990
55996
55999
56008
56011
56017
56020
56022
56029
56034
56036
56054
56074
56079
56086
56089
56091
56093
56106
56112
56150
56161
56166
56169
56171
56174
56176
56178
56181
56184
56189
56203
56228
56232
56250
56262
56269
56290
56296
56298
56303
56307
56309
56322
56329
56376
56384
56389
56395
56414
56418
56421
56423
56440
56452
56471
56474
56494
56503
56505
56515
56518
56535
56537
56545
56548
56558
56567
56570
56583
56587
56593
56597
56614
56626
56631
56635
56639
56650
56654
56658
56675
56685
56693
56696
56698
56703
56710
56712
56748
56751
56753
56762
56771
56776
56790
56803
56826
56833
56841
56855
56856
56863
56871
56875
56884
56893
56913
56924
56931
56939
56941
56956
56966
56970
56973
56980
57006
57008
57013
57016
57024
57031
57040
57045
57061
57066
57071
57086
57097
57104
57117
57139
57154
57156
57159
57185
57189
57215
57286
57297
57302
57308
57315
57318
57323
57328
57331
57334
57345
57347
57353
57358
57364
57377
57426
57432
57445
57448
57456
57459
57461
57467
57473
57480
57486
57492
57502
57519
57527
57533
57538
57555
57558
57570
57579
57589
57595
57613
57615
57620
57630
57633
57645
57647
57650
57664
57669
57671
57682
57685
57705
57707
57712
57724
57735
57742
57754
57759
57771
57783
57793
57806
57812
57819
57839
57842
57846
57860
57874
57892
57895
57918
57926
57929
57940
57944
57947
57950
57960
57974
57977
57996
58001
58003
58005
58007
58019
58048
58051
58060
58063
58067
58070
58073
58083
58094
58112
58116
58122
58125
58144
58154
58163
58168
58171
58176
58184
58191
58214
58232
58236
58255
58275
58281
58290
58299
58309
58314
58323
58326
58335
58360
58367
58380
58385
58398
58402
58409
58420
58431
58439
58452
58459
58473
58481
58486
58489
58521
58525
58529
58533
58566
58570
58573
58576
58603
58607
58611
58635
58643
58654
58675
58685
58727
58827
58832
58836
58841
58845
58850
58854
58879
58911
58914
58918
58922
58925
58958
59063
59067
59071
59075
59079
59210
59219
59306
59314
59400
60313
60316
60319
60323
60326
60329
60332
60335
60338
60341
60344
60347
60350
60353
60356
60360
60378
60428
60439
60447
60455
60484
60488
60491
60495
60498
60503
60506
60517
60520
60530
60533
60587
60596
60600
60608
60612
60633
60654
60671
60689
60692
60695
60698
60706
60709
60723
60779
60783
60787
60790
60793
60797
60808
60814
60849
60864
60877
60880
60883
60886
60889
60897
60901
60904
60907
60918
60937
60964
60966
60977
60984
60987
60990
60996
61011
61016
61063
61065
61070
61087
61089
61091
61108
61113
61118
61121
61137
61143
61155
61178
61188
61220
61223
61228
61233
61236
61240
61242
61247
61250
61288
61296
61298
61302
61319
61346
61350
61355
61368
61393
61414
61417
61421
61427
61438
61441
61460
61475
61479
61482
61485
61516
61520
61537
61559
61561
61571
61576
61578
61581
61583
61589
61594
61599
61634
61639
61643
61649
61654
61659
61685
61691
61699
61703
61708
61743
61747
61754
61775
61779
61782
61802
61806
61810
61833
61846
61862
61879
61900
61906
61965
61968
61971
61974
61978
61983
61991
62005
62047
62051
62060
62063
62068
62073
62076
62084
62092
62101
62109
62130
62140
62148
62156
62178
62183
62195
62212
62214
62217
62247
62258
62278
62282
62286
62289
62298
62304
62320
62340
62343
62349
62360
62373
62376
62379
62409
62414
62437
62446
62469
62473
62476
62485
62505
62522
62531
62555
62567
62577
62581
62591
62601
62627
62634
62644
62647
62696
62699
62708
62719
62723
62727
62751
62767
62776
62783
62794
62799
62806
62809
62837
62865
62881
62885
62901
62906
62910
62921
62930
62955
62966
62976
62988
62999
63002
63020
63042
63051
63062
63073
63085
63092
63128
63132
63139
63148
63166
63174
63178
63182
63207
63216
63231
63288
63295
63316
63329
63349
63356
63359
63385
63403
63426
63502
63505
63509
63513
63519
63523
63527
63531
63535
63539
63544
63571
63615
63619
63629
63641
63661
63664
63674
63685
63689
63702
63728
63731
63767
63769
63772
63784
63793
63797
63805
63810
63812
63824
63836
63839
63850
63870
63875
63877
63892
63927
63951
63976
63980
64005
64015
64041
64076
64105
64108
64111
64114
64167
64171
64180
64199
64224
64227
64230
64234
64247
64276
64289
64308
64328
64332
64336
64347
64357
64427
64433
64443
64451
64462
64468
64481
64490
64523
64526
64529
64532
64535
64539
64571
64583
64602
64613
64619
64625
64654
64662
64692
64696
64700
64703
64712
64740
64759
64768
64771
64796
64801
64804
64817
64825
64828
64853
64856
64877
64889
64897
64913
64927
64945
64951
64967
