1
2
3
4
5
6
8
9
10
11
15
19
71
75
79
82
86
91
97
100
105
108
112
118
122
162
165
168
171
174
177
345
944
1129
1259
1373
1403
1447
1473
1501
1538
1547
1588
1610
1621
1631
1724
1727
1730
1733
1737
1741
1744
1748
1752
1756
1759
1762
1765
1768
1771
1774
1779
1783
1786
1789
1792
1795
1798
1802
1805
1808
1811
1814
1949
1964
1969
1973
1987
1992
1998
2005
2013
2019
2028
2031
2035
2060
2092
2125
2154
2183
2187
2193
2206
2211
2215
2219
2225
2228
2284
2323
2371
2377
2380
2387
2392
2397
2401
2407
2418
2495
2498
2505
2508
2531
2542
2605
2613
2617
2624
2627
2684
2695
2726
2740
2758
2769
2772
2798
2834
2871
2875
2893
2929
2956
2961
2964
3039
3041
3161
3375
3379
3387
3392
3397
3401
3406
3411
3416
3421
3425
3431
3434
3437
3440
3443
3446
3449
3452
3455
3458
3461
3463
3466
3469
3472
3475
3478
3481
3550
3555
3589
3615
3619
3628
3633
3655
3659
3664
3753
3758
3769
3773
3777
3781
3785
3789
3842
3852
3902
3913
3917
3922
3926
3931
3981
3992
4002
4016
4020
4051
4056
4069
4116
4129
4133
4145
4149
4153
4181
4208
4238
4251
4257
4264
4268
4272
4324
4330
4336
4351
4355
4376
4380
4404
4419
4433
4457
4475
4479
4483
4502
4519
4555
4562
4572
4576
4596
4609
4642
4649
4656
4660
4664
4705
4720
4735
4739
4797
4806
4857
4862
4899
4908
4926
4950
4975
4991
5028
5031
5036
5039
5042
5046
5050
5053
5057
5063
5066
5069
5072
5075
5078
5083
5086
5089
5092
5095
5099
5102
5106
5109
5112
5115
5121
5124
5131
5171
5220
5250
5259
5262
5265
5269
5281
5284
5287
5290
5295
5328
5357
5360
5375
5382
5396
5414
5417
5420
5436
5440
5472
5477
5492
5498
5528
5531
5536
5543
5552
5557
5560
5563
5570
5612
5627
5632
5639
5660
5664
5680
5694
5697
5714
5719
5743
5770
5777
5788
5791
5802
5822
5836
5839
5847
5850
5865
5882
5907
5910
5924
5951
5955
5958
5971
6001
6004
6016
6033
6055
6058
6062
6065
6078
6104
6107
6120
6134
6144
6160
6186
6194
6199
6202
6205
6239
6256
6266
6276
6279
6287
6290
6335
6345
6364
6367
6373
6416
6427
6430
6435
6462
6474
6479
6509
6514
6518
6537
6564
6581
6619
6627
6679
6682
6686
6690
6694
6698
6701
6705
6709
6712
6716
6720
6728
6736
6739
6742
6745
6748
6752
6755
6760
6763
6769
6771
6774
6777
6780
6782
6785
6892
6902
6906
6912
6916
6924
6927
6934
6939
6973
6995
6999
7014
7034
7042
7058
7073
7077
7096
7100
7111
7119
7139
7179
7183
7192
7196
7204
7219
7258
7270
7288
7291
7321
7325
7345
7353
7357
7404
7428
7433
7451
7479
7482
7497
7501
7505
7526
7530
7551
7584
7598
7601
7611
7618
7643
7652
7666
7671
7695
7713
7718
7756
7761
7773
7777
7815
7835
7844
7851
7855
7860
7869
7902
7909
7934
7942
7946
7953
7983
8012
8016
8019
8022
8025
8079
8083
8086
8089
8093
8144
8147
8160
8169
8197
8200
8206
8219
8256
8259
8289
8303
8332
8335
8338
8341
8346
8349
8352
8355
8359
8362
8365
8368
8371
8374
8377
8380
8388
8392
8398
8402
8408
8413
8417
8421
8426
8431
8443
8448
8450
8459
8462
8465
8468
8471
8476
8479
8482
8485
8487
8492
8495
8550
8553
8566
8588
8600
8613
8623
8627
8630
8637
8645
8649
8656
8668
8686
8725
8744
8747
8750
8754
8764
8767
8778
8781
8784
8791
8851
8858
8885
8892
8921
8928
8945
8951
8959
8964
8982
9016
9022
9031
9040
9044
9053
9057
9064
9082
9113
9117
9130
9136
9162
9165
9183
9193
9210
9221
9226
9240
9276
9282
9285
9288
9297
9344
9349
9391
9394
9397
9400
9409
9424
9447
9484
9496
9499
9502
9523
9543
9558
9581
9584
9595
9621
9627
9662
9669
9673
9679
9692
9708
9728
9748
9763
9769
9778
9781
9819
9831
9836
9843
9872
9877
9898
9903
9909
9936
9942
9965
9973
9997
10010
10050
10055
10061
10065
10069
10073
10077
10081
10085
10095
10098
10101
10103
10106
10109
10111
10113
10115
10118
10120
10122
10125
10128
10131
10134
10137
10140
10143
10146
10150
10152
10155
10158
10161
10164
10168
10171
10174
10177
10180
10183
10186
10195
10267
10272
10277
10284
10290
10296
10301
10306
10317
10335
10375
10381
10395
10399
10411
10442
10500
10506
10523
10532
10537
10544
10597
10631
10636
10642
10668
10702
10720
10730
10771
10793
10802
10820
10857
10902
10927
10933
10949
10956
10976
10980
10991
11000
11007
11032
11048
11061
11065
11072
11087
11117
11125
11133
11137
11140
11143
11147
11154
11190
11194
11198
11201
11211
11235
11238
11245
11259
11272
11283
11286
11292
11304
11323
11326
11329
11345
11348
11363
11370
11379
11386
11400
11407
11423
11428
11434
11438
11441
11460
11473
11477
11486
11502
11506
11531
11533
11538
11541
11549
11587
11595
11600
11619
11622
11642
11646
11662
11664
11670
11683
11698
11710
11712
11731
11748
11753
11756
11758
11761
11764
11767
11769
11772
11775
11778
11780
11783
11785
11788
11791
11793
11795
11797
11799
11804
11807
11811
11814
11816
11820
11823
11825
11828
11830
11833
11836
11842
11845
11848
11851
11854
11967
11971
11973
11976
11978
11983
11988
11991
11994
11998
12009
12055
12059
12073
12085
12089
12127
12129
12131
12134
12149
12154
12187
12191
12193
12195
12201
12208
12211
12217
12223
12278
12281
12284
12319
12321
12323
12338
12341
12380
12389
12396
12416
12419
12423
12426
12438
12453
12455
12486
12503
12513
12516
12531
12563
12567
12579
12586
12589
12592
12617
12630
12641
12665
12674
12687
12696
12709
12720
12763
12779
12810
12874
12878
12881
12891
12898
12941
12977
12980
12984
12995
12997
13042
13085
13089
13091
13151
13153
13163
13179
13189
13216
13229
13265
13270
13282
13304
13325
13350
13399
13402
13404
13407
13410
13413
13416
13419
13422
13425
13428
13432
13435
13438
13441
13447
13450
13499
13510
13530
13536
13545
13566
13569
13573
13576
13586
13591
13594
13600
13608
13611
13675
13682
13691
13699
13720
13728
13738
13744
13752
13772
13780
13796
13804
13814
13823
13831
13837
13855
13873
13886
13889
13893
13922
13945
13950
13953
13960
14000
14007
14009
14014
14022
14029
14036
14055
14060
14075
14082
14105
14111
14160
14177
14181
14203
14206
14224
14231
14272
14277
14294
14317
14322
14334
14341
14346
14384
14387
14395
14404
14408
14424
14445
14460
14471
14481
14486
14506
14520
14525
14545
14563
14568
14582
14600
14605
14621
14639
14656
14661
14674
14677
14708
14713
14727
14765
14793
14798
14808
14833
14859
14883
14891
14920
14923
14951
14954
14973
14994
14997
15000
15003
15006
15009
15012
15015
15018
15021
15023
15026
15029
15031
15033
15035
15037
15039
15041
15043
15045
15047
15107
15110
15113
15117
15120
15123
15126
15131
15134
15190
15192
15195
15197
15200
15202
15204
15206
15208
15213
15217
15220
15226
15229
15232
15285
15289
15302
15317
15320
15323
15342
15350
15361
15375
15379
15385
15394
15404
15416
15419
15431
15471
15475
15483
15487
15491
15493
15498
15501
15503
15510
15514
15563
15566
15569
15572
15577
15581
15602
15605
15629
15633
15638
15653
15656
15659
15667
15670
15690
15740
15748
15758
15772
15777
15819
15844
15866
15870
15873
15894
15897
15913
15926
15937
15975
15980
15990
16000
16017
16037
16040
16044
16095
16098
16106
16132
16140
16144
16147
16185
16193
16196
16215
16226
16229
16233
16244
16272
16276
16291
16307
16310
16318
16343
16369
16372
16375
16381
16387
16404
16427
16430
16438
16458
16466
16476
16486
16506
16514
16545
16549
16577
16592
16596
16600
16604
16608
16612
16616
16620
16625
16629
16633
16636
16639
16711
16717
16724
16732
16736
16747
16757
16794
16804
16813
16817
16826
16830
16834
16839
16861
16871
16894
16925
16929
16932
16937
16948
16954
16966
16989
17028
17031
17041
17053
17062
17070
17083
17092
17096
17123
17126
17157
17176
17179
17191
17206
17217
17230
17243
17246
17253
17256
17306
17310
17319
17334
17354
17381
17385
17398
17408
17416
17427
17441
17449
17493
17500
17505
17508
17511
17557
17569
17586
17598
17608
17615
17628
17634
17638
17645
17687
17699
17703
17706
17714
17741
17756
17787
17790
17793
17824
17837
17865
17868
17881
17901
17944
17948
17972
18005
18008
18029
18060
18067
18070
18087
18104
18122
18135
18162
18189
18192
18195
18198
18204
18206
18208
18210
18213
18216
18218
18220
18222
18224
18226
18228
18233
18236
18239
18340
18343
18347
18367
18370
18377
18379
18381
18383
18388
18398
18406
18411
18415
18417
18425
18427
18447
18460
18494
18496
18503
18523
18532
18534
18536
18540
18542
18564
18570
18597
18599
18603
18607
18636
18664
18690
18697
18714
18723
18735
18738
18751
18765
18767
18786
18790
18802
18819
18841
18843
18865
18870
18872
18890
18894
18897
18899
18901
18910
18922
18945
18969
18988
18995
19005
19010
19014
19017
19022
19032
19037
19058
19063
19083
19103
19106
19110
19128
19130
19134
19153
19158
19161
19172
19202
19209
19214
19216
19245
19263
19265
19270
19273
19291
19307
19311
19313
19329
19361
19364
19369
19377
19382
19384
19395
19400
19440
19444
19447
19476
19483
19486
19492
19512
19518
19521
19546
19552
19558
19575
19581
19584
19605
19615
19625
19635
19638
19672
19677
19680
19683
19711
19717
19719
19754
19785
19788
19791
19793
19796
19800
19803
19806
19809
19813
19816
19818
19821
19824
19826
19828
19830
19851
19856
19956
19959
19962
19968
19971
19975
19978
20006
20034
20037
20056
20061
20064
20071
20092
20119
20133
20136
20160
20163
20166
20175
20190
20200
20221
20227
20242
20260
20263
20272
20285
20316
20322
20324
20341
20353
20357
20361
20381
20417
20420
20438
20445
20448
20453
20457
20467
20494
20503
20506
20524
20543
20552
20558
20561
20573
20579
20581
20588
20591
20605
20616
20624
20658
20666
20673
20677
20682
20695
20701
20707
20735
20741
20756
20759
20774
20780
20783
20786
20798
20800
20804
20812
20824
20826
20840
20849
20851
20862
20864
20877
20890
20900
20908
20912
20914
20919
20948
20972
20995
21004
21015
21020
21022
21035
21037
21039
21046
21058
21069
21087
21098
21101
21109
21115
21117
21119
21128
21130
21136
21173
21189
21218
21220
21278
21281
21293
21300
21346
21360
21364
21392
21402
21436
21438
21440
21443
21445
21447
21450
21453
21455
21457
21459
21461
21465
21468
21471
21474
21477
21480
21483
21486
21497
21500
21503
21506
21510
21513
21517
21521
21527
21530
21535
21539
21548
21552
21556
21559
21564
21567
21570
21573
21576
21579
21582
21585
21588
21591
21594
21597
21661
21670
21673
21676
21687
21691
21696
21711
21721
21732
21737
21751
21753
21756
21759
21766
21771
21778
21781
21791
21794
21799
21825
21837
21848
21863
21867
21878
21884
21889
21893
21902
21905
21907
21925
21940
21944
21949
21963
21979
21983
21994
22006
22008
22017
22021
22037
22043
22046
22048
22050
22070
22073
22075
22078
22080
22085
22103
22108
22111
22143
22145
22158
22161
22166
22169
22179
22182
22184
22207
22229
22234
22257
22274
22287
22318
22323
22334
22352
22354
22365
22378
22382
22395
22409
22413
22418
22440
22461
22479
22485
22489
22493
22495
22500
22508
22518
22537
22539
22551
22557
22561
22566
22575
22578
22588
22596
22601
22614
22630
22641
22648
22651
22654
22674
22688
22690
22693
22726
22729
22731
22736
22743
22761
22773
22776
22794
22807
22810
22829
22837
22839
22843
22849
22856
22869
22897
22902
22904
22927
22929
22933
22936
22940
22961
22963
22983
22985
22990
23009
23041
23069
23082
23084
23088
23107
23116
23118
23143
23145
23148
23152
23154
23157
23159
23161
23163
23165
23167
23169
23173
23176
23178
23180
23182
23185
23188
23191
23194
23271
23274
23287
23290
23300
23304
23308
23310
23312
23314
23316
23321
23329
23334
23336
23346
23375
23377
23391
23394
23403
23407
23417
23431
23436
23448
23452
23465
23479
23484
23489
23493
23496
23507
23520
23522
23540
23548
23550
23559
23578
23583
23585
23590
23593
23610
23619
23634
23643
23650
23652
23663
23674
23682
23685
23688
23712
23721
23736
23748
23751
23767
23769
23773
23776
23786
23797
23804
23814
23823
23841
23860
23868
23870
23877
23884
23894
23899
23904
23907
23913
23919
23926
23928
23931
23936
23943
23955
23960
23969
23986
23989
23992
24012
24015
24019
24047
24051
24061
24063
24082
24116
24126
24130
24134
24144
24146
24148
24192
24195
24199
24206
24213
24216
24229
24243
24250
24254
24263
24277
24312
24316
24318
24321
24325
24329
24337
24339
24370
24379
24383
24390
24398
24400
24402
24418
24420
24433
24462
24470
24472
24474
24478
24481
24487
24513
24520
24528
24532
24536
24538
24543
24578
24587
24589
24598
24607
24611
24647
24649
24653
24656
24664
24801
24816
24823
24826
24828
24831
24834
24839
24850
24860
24872
24896
24905
24916
24926
24928
24931
24936
24940
24960
24969
24972
24984
24994
24998
25004
25014
25039
25050
25056
25059
25071
25083
25095
25123
25127
25136
25139
25145
25154
25158
25179
25188
25198
25211
25214
25219
25222
25230
25236
25239
25252
25261
25277
25299
25302
25307
25310
25323
25356
25369
25371
25387
25390
25393
25396
25407
25424
25440
25445
25450
25470
25473
25476
25492
25494
25505
25518
25527
25538
25545
25549
25552
25562
25572
25579
25591
25594
25607
25621
25624
25635
25638
25641
25649
25653
25663
25666
25692
25695
25703
25720
25723
25738
25744
25750
25763
25772
25778
25790
25805
25815
25818
25826
25829
25838
25861
25864
25882
25896
25902
25912
25916
25920
25933
25949
25962
25966
25970
25980
25984
25997
26011
26015
26029
26061
26071
26075
26084
26109
26117
26131
26152
26202
26217
26235
26350
26353
26357
26361
26382
26393
26398
26418
26427
26431
26442
26456
26465
26502
26520
26529
26575
26584
26680
26718
26769
26796
26864
26974
26978
26987
27065
27069
27819
27824
27827
27830
27833
27836
27839
27842
27845
27848
27851
27854
27857
27860
27863
27866
27869
27927
27929
27932
27934
27936
27943
27945
27948
27951
27953
27957
27961
27965
27992
27994
28013
28025
28030
28040
28042
28049
28052
28055
28058
28068
28096
28117
28122
28125
28149
28152
28159
28170
28178
28204
28211
28214
28223
28238
28240
28255
28265
28268
28290
28295
28300
28305
28309
28339
28349
28353
28358
28365
28379
28381
28387
28390
28408
28415
28428
28457
28474
28476
28479
28487
28492
28497
28504
28511
28525
28532
28544
28555
28557
28582
28600
28606
28611
28614
28618
28628
28634
28660
28664
28670
28676
28680
28683
28686
28689
28701
28733
28748
28752
28755
28758
28761
28772
28803
28811
28821
28824
28830
28840
28853
28861
28866
28877
28880
28889
28901
28926
28929
28935
28938
28945
28949
28971
28973
28982
28985
29016
29024
29036
29041
29049
29054
29057
29060
29091
29096
29102
29118
29129
29134
29148
29162
29176
29186
29194
29200
29209
29225
29231
29237
29252
29262
29265
29288
29298
29316
29324
29340
29344
29364
29370
29388
29473
29476
29479
29483
29486
29489
29492
29517
29551
29554
29557
29560
29563
29566
29573
29581
29584
29587
29590
29593
29600
29672
29684
29687
29690
29696
29704
29712
29718
29725
29742
29751
29764
29778
29780
29786
29793
29796
29807
29820
29836
29848
29857
29864
29870
29885
29888
29891
29919
29922
29941
29945
29972
29978
29981
29998
30011
30018
30026
30031
30034
30044
30047
30057
30065
30079
30094
30103
30123
30126
30138
30149
30156
30159
30169
30180
30193
30229
30238
30241
30244
30257
30263
30271
30284
30291
30304
30328
30334
30345
30348
30351
30377
30388
30396
30403
30406
30408
30433
30445
30448
30451
30467
30474
30485
30500
30502
30523
30538
30540
30554
30564
30571
30584
30613
30620
30622
30641
30650
30655
30660
30686
30695
30702
30705
30720
30732
30746
30749
30755
30758
30789
30798
30802
30809
30812
30836
30853
30856
30877
30884
30891
30904
30919
30957
31016
31019
31022
31027
31030
31034
31043
31048
31065
31092
31109
31121
31133
31140
31153
31177
31180
31189
31200
31209
31220
31226
31246
31273
31287
31293
31304
31330
31333
31339
31348
31356
31430
31439
31446
31454
31479
31482
31488
31505
31539
31542
31551
31573
31620
31623
31637
31668
31676
31680
31698
31714
31735
31742
31745
31763
31792
31795
31804
31815
31834
31843
31847
31855
31858
31865
31873
31876
31886
31902
31905
31914
31942
31950
31957
31961
32003
32019
32024
32036
32060
32068
32074
32077
32082
32099
32108
32117
32120
32122
32151
32155
32164
32171
32183
32186
32199
32227
32229
32236
32242
32254
32266
32269
32278
32292
32304
32314
32328
32335
32348
32367
32377
32385
32394
32411
32418
32432
32445
32460
32476
32493
32494
32495
32496
32497
32501
32502
32504
32508
32512
32563
32566
32569
32573
32576
32581
32584
32587
32589
32592
32596
32599
32602
32606
32611
32614
32658
32663
32667
32670
32839
33622
33720
33810
33813
33871
33890
33893
33967
33992
34064
34078
34083
34124
34139
34143
34215
34218
34221
34224
34228
34232
34236
34240
34244
34247
34250
34254
34258
34261
34264
34271
34274
34277
34280
34286
34291
34297
34300
34303
34306
34378
34422
34453
34458
34461
34470
34481
34489
34492
34495
34525
34536
34550
34571
34579
34609
34613
34632
34653
34665
34673
34727
34734
34742
34746
34763
34766
34777
34797
34802
34816
34826
34908
34913
34924
34927
34938
34942
34945
34959
34975
34990
35014
35034
35040
35077
35099
35103
35108
35149
35157
35189
35213
35217
35228
35267
35285
35289
35292
35328
35332
35397
35417
35422
35454
35504
35511
35533
35585
35672
35871
35875
35879
35883
35888
35893
35897
35901
35906
35911
35916
35924
35928
35932
35936
35939
35942
35945
35948
35951
35955
35957
35960
35963
35966
35969
35971
35973
36041
36050
36083
36089
36097
36113
36118
36122
36127
36152
36156
36197
36212
36251
36266
36271
36275
36279
36295
36332
36336
36350
36360
36370
36394
36413
36421
36425
36429
36497
36501
36507
36511
36530
36581
36604
36608
36628
36632
36636
36640
36724
36748
36752
36766
36770
36778
36795
36799
36856
36867
36876
36880
36895
36899
36907
36924
36947
36952
36970
36994
37009
37014
37029
37067
37078
37092
37100
37103
37115
37146
37152
37182
37188
37194
37202
37223
37235
37254
37266
37291
37295
37302
37338
37349
37353
37361
37399
37402
37409
37420
37441
37444
37474
37498
37520
37523
37527
37530
37534
37538
37542
37545
37548
37552
37557
37561
37565
37568
37575
37579
37583
37587
37591
37595
37598
37602
37605
37608
37612
37615
37618
37622
37626
37720
37735
37742
37748
37751
37754
37757
37760
37765
37769
37829
37833
37875
37899
37903
37912
37915
37918
37921
37929
37955
37958
37982
37987
38021
38061
38064
38071
38075
38085
38092
38102
38142
38189
38195
38198
38201
38204
38209
38212
38216
38219
38227
38277
38313
38326
38330
38333
38336
38339
38344
38361
38396
38403
38421
38446
38449
38454
38463
38494
38506
38513
38516
38525
38534
38544
38588
38591
38596
38605
38614
38618
38659
38684
38694
38710
38717
38736
38749
38756
38770
38780
38820
38825
38828
38831
38837
38840
38860
38896
38902
38905
38911
38920
38931
38956
38963
38967
38970
38993
39003
39018
39024
39030
39059
39069
39088
39096
39105
39119
39138
39174
39178
39182
39185
39188
39192
39196
39200
39205
39212
39216
39227
39230
39233
39236
39239
39242
39246
39253
39256
39259
39262
39265
39268
39271
39274
39277
39331
39338
39355
39360
39377
39396
39401
39405
39462
39467
39473
39479
39484
39491
39549
39555
39559
39563
39567
39572
39580
39585
39673
39682
39687
39703
39707
39711
39724
39774
39792
39806
39810
39814
39834
39840
39844
39848
39905
39908
39923
39937
39941
39957
39968
39971
39975
39987
40032
40058
40061
40092
40103
40120
40144
40149
40162
40168
40172
40211
40230
40240
40249
40253
40268
40277
40313
40327
40335
40348
40361
40372
40411
40417
40422
40432
40436
40501
40514
40518
40523
40529
40536
40578
40585
40594
40597
40603
40639
40652
40661
40664
40673
40703
40708
40711
40734
40750
40778
40781
40802
40825
40828
40831
40834
40837
40840
40843
40847
40855
40858
40861
40865
40868
40871
40874
40880
40884
40890
40900
40909
40913
40918
40923
40935
40940
40943
40946
40951
40953
40956
40962
40965
40968
40971
40976
40978
40981
40984
41046
41059
41067
41070
41079
41082
41086
41090
41093
41103
41106
41109
41127
41167
41183
41187
41190
41194
41200
41256
41261
41264
41271
41282
41288
41291
41295
41298
41324
41327
41334
41350
41358
41394
41411
41418
41426
41434
41444
41450
41455
41461
41468
41483
41486
41520
41524
41534
41544
41549
41554
41561
41601
41611
41615
41619
41650
41664
41671
41675
41681
41687
41698
41702
41725
41731
41735
41745
41749
41793
41797
41806
41812
41815
41818
41821
41847
41874
41879
41912
41918
41922
41925
41928
41989
41995
42003
42011
42019
42024
42045
42048
42058
42068
42084
42116
42125
42131
42147
42169
42188
42191
42199
42208
42211
42245
42262
42272
42278
42282
42311
42323
42334
42341
42347
42369
42396
42399
42406
42418
42442
42458
42476
42489
42510
42533
42538
42542
42546
42550
42555
42559
42563
42587
42589
42591
42593
42595
42597
42599
42601
42605
42608
42612
42614
42616
42619
42622
42624
42626
42629
42632
42638
42643
42645
42647
42649
42651
42654
42657
42660
42663
42666
42670
42673
42680
42682
42684
42758
42763
42767
42773
42778
42782
42789
42795
42800
42867
42876
42882
42893
42914
42924
43018
43022
43029
43064
43079
43084
43117
43122
43206
43212
43221
43229
43235
43294
43303
43311
43315
43320
43341
43367
43389
43394
43399
43411
43421
43443
43465
43470
43474
43478
43486
43490
43500
43520
43543
43547
43551
43576
43590
43621
43649
43657
43661
43679
43722
43725
43731
43734
43768
43775
43784
43787
43791
43794
43810
43826
43862
43867
43875
43878
43891
43896
43899
43906
43909
43943
43949
43952
43957
43963
43969
43996
44009
44014
44022
44052
44056
44080
44086
44090
44111
44124
44128
44149
44153
44156
44178
44185
44210
44242
44245
44248
44253
44256
44259
44261
44264
44267
44274
44277
44280
44283
44285
44288
44290
44297
44299
44301
44303
44305
44308
44310
44313
44316
44319
44322
44325
44328
44331
44335
44338
44342
44345
44423
44426
44459
44461
44463
44465
44468
44470
44486
44525
44534
44541
44543
44546
44549
44553
44556
44588
44615
44619
44621
44624
44629
44631
44634
44690
44702
44709
44721
44724
44734
44741
44744
44754
44762
44766
44777
44811
44817
44820
44826
44830
44860
44922
44925
44946
44955
44958
44987
45004
45064
45084
45088
45090
45099
45150
45164
45171
45183
45196
45216
45229
45234
45236
45262
45282
45301
45340
45342
45347
45358
45364
45384
45386
45419
45428
45430
45438
45443
45462
45493
45498
45529
45531
45540
45542
45548
45560
45575
45617
45624
45626
45631
45641
45665
45673
45703
45710
45715
45744
45756
45764
45773
45781
45804
45826
45842
45848
45865
45891
45893
45896
45898
45901
45904
45908
45910
45912
45915
45918
45921
45924
45926
45928
45931
45935
45938
45941
46012
46016
46026
46056
46058
46061
46072
46075
46089
46092
46096
46099
46102
46104
46116
46163
46177
46180
46183
46186
46189
46216
46220
46253
46296
46304
46312
46316
46319
46327
46330
46333
46338
46341
46347
46382
46401
46415
46436
46442
46445
46453
46456
46464
46469
46477
46484
46503
46516
46549
46553
46562
46567
46573
46578
46585
46598
46612
46630
46634
46642
46647
46676
46690
46698
46718
46723
46732
46740
46747
46763
46787
46790
46803
46810
46813
46830
46833
46842
46852
46870
46882
46893
46907
46919
46930
46946
46973
46982
46995
47007
47046
47056
47060
47063
47070
47095
47101
47109
47138
47143
47146
47150
47156
47166
47178
47217
47220
47227
47236
47247
47280
47283
47291
47307
47323
47346
47354
47375
47423
47445
47472
47489
47492
47495
47498
47501
47504
47507
47510
47512
47516
47518
47520
47522
47524
47526
47528
47531
47533
47535
47537
47542
47603
47606
47609
47612
47618
47653
47674
47685
47688
47690
47692
47695
47713
47716
47719
47731
47749
47751
47757
47761
47774
47784
47787
47790
47815
47819
47827
47836
47843
47846
47859
47871
47881
47888
47898
47901
47911
47915
47922
47926
47932
47938
47942
47966
47987
47991
48002
48007
48010
48017
48021
48024
48028
48040
48042
48044
48094
48100
48104
48126
48140
48151
48155
48158
48161
48163
48165
48167
48186
48222
48233
48236
48239
48243
48259
48287
48290
48307
48311
48315
48318
48321
48325
48337
48370
48373
48382
48384
48388
48392
48399
48405
48431
48448
48457
48461
48469
48473
48480
48499
48510
48522
48527
48550
48562
48567
48570
48574
48579
48596
48608
48618
48623
48630
48633
48643
48657
48665
48670
48678
48716
48723
48727
48732
48745
48764
48773
48776
48784
48791
48816
48819
48832
48844
48856
48874
48879
48884
48913
48918
48938
48950
48968
48971
48979
49020
49023
49028
49050
49062
49084
49088
49092
49096
49100
49104
49108
49112
49116
49120
49124
49127
49130
49133
49199
49207
49211
49223
49229
49238
49243
49256
49269
49286
49302
49325
49332
49344
49356
49366
49370
49413
49431
49436
49441
49493
49505
49513
49525
49531
49564
49581
49601
49621
49637
49659
49662
49670
49700
49728
49736
49751
49754
49760
49765
49790
49823
49841
49850
49859
49868
49875
49879
49884
49894
49925
49940
49943
49948
49959
49968
49991
50019
50024
50036
50040
50051
50095
50099
50113
50121
50136
50140
50143
50158
50196
50201
50217
50238
50253
50257
50262
50293
50314
50328
50331
50334
50337
50342
50375
50407
50439
50463
50485
50493
50498
50536
50547
50555
50559
50565
50589
50595
50615
50637
50679
50682
50685
50688
50691
50694
50697
50700
50702
50704
50706
50708
50710
50712
50714
50716
50718
50720
50722
50727
50860
50863
50866
50868
50872
50875
50882
50885
50887
50892
50898
50901
50904
50908
50910
50923
50932
50969
50978
50994
51016
51022
51036
51039
51057
51076
51082
51103
51108
51112
51122
51136
51148
51174
51186
51225
51244
51250
51258
51263
51276
51286
51291
51310
51323
51348
51358
51382
51384
51388
51398
51406
51416
51420
51435
51444
51478
51498
51502
51507
51511
51521
51526
51552
51562
51580
51585
51592
51595
51609
51612
51624
51639
51655
51669
51671
51685
51698
51700
51721
51725
51760
51768
51771
51787
51814
51824
51827
51835
51849
51861
51874
51880
51887
51892
51897
51910
51912
51955
51957
51959
51967
51975
51977
51987
51994
52013
52031
52039
52046
52048
52050
52075
52079
52111
52115
52123
52126
52147
52160
52169
52198
52203
52212
52274
52276
52278
52283
52285
52287
52290
52292
52295
52298
52303
52306
52309
52312
52315
52319
52321
52323
52444
52453
52459
52463
52503
52522
52525
52527
52550
52558
52564
52568
52571
52582
52607
52652
52655
52661
52666
52668
52672
52675
52692
52707
52713
52730
52734
52754
52759
52764
52768
52805
52814
52823
52832
52848
52854
52856
52859
52881
52892
52896
52922
52943
52946
52952
52980
52984
52993
53017
53029
53032
53042
53054
53057
53076
53079
53087
53106
53109
53113
53122
53124
53151
53158
53166
53171
53199
53213
53228
53233
53253
53260
53267
53272
53278
53280
53285
53292
53310
53335
53339
53352
53358
53366
53380
53403
53410
53431
53452
53474
53491
53493
53495
53501
53508
53513
53515
53538
53553
53556
53559
53588
53590
53593
53598
53621
53662
53687
53692
53736
53757
53777
53782
53796
53822
53840
53873
53927
53929
53932
53935
53937
53946
53949
53952
53955
53957
53960
53967
53970
53973
53977
53979
53990
53993
53999
54003
54007
54012
54017
54021
54024
54028
54040
54044
54048
54052
54056
54059
54062
54067
54069
54075
54078
54081
54084
54087
54152
54167
54170
54174
54182
54193
54203
54238
54241
54244
54251
54254
54265
54268
54271
54281
54300
54309
54325
54340
54353
54356
54362
54365
54370
54381
54384
54387
54393
54395
54398
54417
54449
54471
54476
54480
54483
54486
54494
54499
54501
54507
54520
54536
54539
54561
54568
54571
54574
54578
54589
54591
54595
54603
54608
54632
54638
54645
54666
54692
54701
54716
54775
54824
54832
54839
54842
54850
54867
54884
54899
54928
54939
54945
54951
54954
54957
54979
54984
54995
55004
55006
55009
55032
55035
55051
55056
55059
55062
55079
55081
55087
55097
55100
55134
55138
55140
55147
55159
55180
55182
55191
55193
55196
55205
55241
55257
55263
55266
55275
55277
55279
55281
55319
55336
55340
55346
55352
55354
55387
55390
55393
55400
55405
55416
55418
55452
55458
55460
55473
55508
55510
55532
55559
55582
55584
55595
55634
55636
55639
55642
55645
55648
55651
55653
55655
55657
55660
55663
55666
55668
55671
55674
55677
55680
55683
55685
55690
55754
55769
55780
55783
55786
55789
55792
55795
55800
55810
55812
55817
55819
55826
55828
55855
55857
55859
55866
55883
55890
55893
55896
55899
55913
55919
55925
55972
55978
55980
55982
55985
55993
55996
56000
56002
56036
56039
56056
56060
56068
56072
56080
56089
56093
56096
56099
56122
56124
56129
56133
56139
56152
56154
56160
56164
56172
56177
56181
56189
56202
56219
56241
56248
56255
56259
56265
56267
56269
56275
56281
56287
56300
56304
56332
56348
56356
56359
56370
56377
56379
56385
56391
56393
56403
56413
56416
56427
56435
56437
56440
56447
56454
56462
56468
56482
56497
56510
56514
56517
56533
56539
56541
56545
56557
56567
56573
56579
56585
56590
56601
56607
56616
56618
56628
56631
56639
56645
56671
56674
56680
56682
56688
56691
56694
56717
56719
56729
56731
56736
56742
56754
56774
56778
56787
56789
56795
56801
56805
56811
56814
56848
56856
56864
56869
56879
56893
56900
56906
56913
56923
56932
56934
56940
56945
56959
56965
56979
56983
56985
56989
56992
57008
57022
57033
57046
57050
57063
57066
57085
57088
57096
57119
57128
57130
57146
57152
57167
57176
57179
57204
57209
57308
57310
57312
57315
57318
57321
57324
57326
57330
57333
57343
57349
57352
57359
57369
57388
57399
57408
57423
57426
57455
57465
57480
57483
57486
57492
57496
57499
57513
57526
57538
57553
57557
57569
57577
57580
57584
57599
57612
57630
57634
57643
57657
57661
57663
57666
57671
57673
57684
57721
57724
57726
57745
57750
57757
57760
57773
57776
57796
57798
57811
57829
57836
57843
57847
57858
57874
57882
57891
57895
57903
57918
57925
57928
57939
57946
57960
57972
57981
57995
58002
58004
58006
58014
58022
58030
58049
58056
58062
58064
58072
58082
58095
58106
58111
58113
58115
58121
58126
58133
58152
58154
58164
58179
58191
58200
58205
58209
58215
58217
58220
58222
58229
58244
58256
58266
58268
58282
58301
58308
58315
58325
58340
58356
58377
58380
58386
58394
58409
58415
58424
58428
58437
58455
58466
58473
58483
58510
58518
58534
58543
58567
58581
58590
58594
58603
58624
58629
58636
58659
58669
58697
58717
58738
58843
58848
58878
58910
58914
58918
58921
58924
58950
59017
59061
59072
59125
59155
59160
59167
59253
59261
59311
59334
59426
59431
59476
59487
59520
60311
60314
60317
60320
60323
60326
60329
60333
60336
60339
60342
60345
60348
60351
60354
60357
60360
60427
60434
60439
60442
60445
60450
60456
60459
60474
60479
60483
60490
60501
60517
60520
60529
60538
60546
60549
60558
60585
60592
60595
60612
60617
60633
60639
60648
60650
60672
60692
60695
60707
60710
60713
60718
60732
60738
60752
60764
60768
60778
60782
60784
60788
60797
60802
60808
60817
60840
60851
60856
60872
60879
60888
60891
60894
60899
60919
60921
60928
60952
60970
60974
60997
61004
61010
61028
61048
61054
61060
61063
61072
61091
61097
61106
61122
61127
61139
61142
61148
61153
61168
61170
61173
61189
61213
61216
61241
61246
61258
61261
61265
61271
61284
61287
61290
61303
61332
61345
61348
61354
61359
61362
61368
61373
61383
61389
61397
61403
61411
61431
61445
61448
61453
61456
61467
61488
61494
61501
61506
61509
61513
61519
61531
61562
61569
61573
61576
61585
61590
61592
61621
61632
61635
61637
61647
61663
61687
61692
61697
61700
61703
61725
61728
61740
61766
61770
61773
61776
61780
61807
61823
61830
61845
61853
61873
61892
61906
61964
61966
61969
61972
61975
61979
61983
61986
61989
61995
62004
62015
62045
62053
62060
62062
62074
62077
62080
62085
62089
62092
62095
62108
62117
62149
62153
62176
62179
62182
62185
62189
62193
62197
62206
62215
62221
62249
62258
62272
62275
62279
62282
62285
62288
62292
62295
62300
62309
62314
62350
62359
62367
62377
62383
62391
62426
62431
62434
62439
62447
62461
62466
62486
62513
62516
62524
62532
62546
62549
62552
62561
62564
62569
62580
62599
62613
62627
62630
62633
62645
62648
62656
62663
62680
62691
62698
62706
62709
62716
62738
62757
62760
62763
62769
62782
62789
62802
62808
62827
62846
62854
62865
62868
62873
62876
62891
62895
62919
62935
62945
62954
62957
62961
62964
62969
62972
63005
63015
63018
63026
63049
63057
63064
63069
63079
63087
63108
63126
63141
63156
63160
63163
63171
63175
63211
63217
63221
63224
63249
63259
63281
63288
63311
63329
63332
63337
63369
63374
63402
63406
63508
63512
63515
63525
63528
63531
63535
63540
63543
63557
63560
63572
63575
63601
63618
63644
63667
63674
63683
63686
63689
63704
63712
63715
63728
63731
63744
63769
63771
63773
63797
63826
63833
63836
63839
63849
63853
63877
63890
63919
63940
63951
63968
63973
63976
63979
63990
64027
64041
64045
64059
64064
64074
64104
64110
64120
64127
64132
64155
64189
64199
64209
64215
64232
64250
64262
64274
64315
64322
64329
64334
64360
64381
64384
64397
64425
64433
64438
64462
64468
64482
64485
64496
64510
64521
64529
64532
64565
64572
64575
64581
64585
64588
64644
64646
64648
64650
64656
64661
64663
64690
64702
64710
64716
64719
64722
64728
64768
64778
64781
64784
64791
64806
64827
64839
64851
64858
64885
64896
64905
64914
64923
64938
64941
64959
64968
