1
2
3
4
5
6
8
9
10
11
12
16
20
72
76
80
85
89
94
97
101
108
122
164
168
171
176
178
346
1022
1128
1258
1320
1323
1451
1477
1524
1546
1575
1587
1611
1621
1725
1729
1732
1735
1738
1742
1747
1750
1753
1756
1760
1763
1766
1769
1772
1779
1782
1785
1788
1791
1794
1798
1802
1806
1810
1814
1909
1939
1947
1959
1967
1973
1980
1983
1986
1988
2003
2007
2067
2078
2094
2120
2131
2135
2138
2141
2205
2240
2266
2277
2295
2306
2325
2328
2331
2335
2347
2360
2422
2442
2450
2454
2500
2529
2546
2549
2572
2576
2580
2622
2630
2663
2692
2724
2731
2738
2741
2769
2805
2829
2864
2867
2873
2901
2963
2984
2987
3017
3071
3089
3091
3138
3200
3376
3380
3383
3387
3392
3396
3400
3404
3408
3412
3416
3420
3424
3431
3434
3437
3440
3443
3446
3449
3452
3455
3458
3461
3464
3466
3469
3471
3475
3478
3481
3483
3544
3549
3552
3556
3563
3567
3572
3586
3590
3629
3651
3656
3659
3670
3674
3684
3717
3730
3746
3755
3774
3818
3827
3831
3835
3839
3852
3869
3891
3907
3928
3957
3961
3965
3969
3978
3999
4027
4040
4056
4088
4091
4095
4116
4128
4144
4148
4167
4181
4193
4213
4216
4237
4263
4266
4269
4287
4296
4311
4328
4340
4352
4381
4407
4420
4426
4433
4437
4445
4483
4490
4501
4506
4519
4525
4541
4545
4566
4579
4583
4615
4628
4650
4659
4663
4667
4680
4709
4717
4752
4762
4778
4788
4791
4803
4818
4826
4830
4854
4858
4862
4867
4898
4901
4907
4937
4942
4964
4968
5001
5030
5033
5039
5043
5047
5051
5055
5058
5061
5065
5068
5071
5074
5077
5083
5087
5091
5094
5097
5100
5104
5107
5110
5113
5116
5119
5122
5125
5130
5216
5250
5260
5264
5272
5276
5279
5282
5285
5288
5291
5295
5319
5361
5373
5405
5414
5417
5426
5430
5433
5436
5439
5442
5498
5518
5521
5557
5560
5572
5575
5578
5581
5584
5600
5609
5635
5638
5661
5692
5695
5701
5709
5712
5714
5741
5759
5765
5769
5772
5829
5837
5844
5850
5860
5863
5867
5880
5887
5893
5895
5952
5959
5962
5977
5980
5992
6002
6005
6023
6065
6068
6071
6079
6108
6118
6124
6144
6154
6159
6166
6169
6203
6214
6219
6225
6236
6239
6246
6252
6258
6284
6289
6305
6320
6329
6349
6364
6367
6381
6383
6386
6394
6420
6433
6435
6449
6459
6461
6472
6485
6502
6511
6513
6532
6536
6539
6559
6569
6577
6604
6620
6624
6638
6644
6681
6685
6689
6693
6698
6701
6704
6707
6710
6714
6718
6722
6727
6735
6738
6741
6744
6747
6750
6753
6762
6765
6771
6774
6777
6780
6783
6786
6845
6851
6855
6863
6886
6902
6920
6924
6927
6930
6933
6936
6943
6960
7009
7018
7033
7042
7050
7065
7071
7075
7078
7081
7087
7112
7148
7165
7168
7172
7182
7190
7193
7222
7226
7233
7255
7258
7289
7298
7307
7310
7317
7321
7324
7329
7384
7389
7392
7401
7438
7441
7447
7503
7514
7517
7527
7537
7560
7579
7602
7611
7620
7634
7643
7652
7665
7674
7692
7696
7713
7720
7751
7758
7795
7814
7820
7841
7855
7858
7878
7911
7928
7943
7946
7952
7963
7987
8009
8040
8052
8056
8060
8072
8100
8110
8125
8134
8160
8167
8170
8197
8200
8233
8240
8243
8276
8289
8303
8331
8334
8337
8340
8344
8347
8350
8353
8362
8366
8370
8373
8376
8379
8382
8389
8394
8398
8406
8411
8416
8420
8426
8430
8434
8443
8447
8450
8453
8456
8459
8462
8465
8468
8471
8474
8477
8480
8483
8486
8489
8492
8597
8603
8608
8615
8621
8624
8627
8644
8647
8653
8692
8754
8764
8767
8773
8783
8796
8800
8807
8819
8826
8829
8840
8883
8901
8904
8911
8919
8927
8934
8939
8943
8946
8960
8971
8997
9014
9029
9052
9063
9067
9079
9082
9085
9098
9114
9147
9178
9184
9191
9194
9201
9204
9208
9212
9221
9227
9238
9301
9310
9322
9325
9328
9336
9341
9350
9356
9425
9434
9437
9465
9528
9534
9537
9563
9625
9656
9664
9667
9676
9687
9723
9731
9740
9751
9767
9793
9800
9818
9829
9852
9874
9913
9919
9937
9940
9973
9977
10004
10032
10041
10045
10050
10055
10060
10065
10070
10073
10076
10080
10083
10087
10095
10098
10101
10103
10106
10108
10111
10113
10115
10117
10120
10123
10126
10130
10133
10136
10139
10142
10145
10151
10154
10157
10160
10163
10166
10169
10173
10176
10179
10182
10185
10187
10189
10191
10193
10196
10199
10202
10236
10261
10275
10283
10298
10303
10319
10339
10344
10348
10377
10383
10397
10403
10410
10423
10486
10489
10499
10527
10580
10599
10605
10632
10638
10641
10669
10697
10720
10724
10758
10806
10824
10828
10834
10855
10887
10892
10919
10940
10947
10950
10956
10975
11007
11019
11023
11028
11085
11089
11093
11098
11102
11106
11164
11168
11172
11189
11193
11234
11238
11242
11245
11282
11296
11304
11315
11320
11335
11351
11357
11365
11373
11381
11386
11402
11415
11430
11434
11442
11448
11461
11479
11496
11504
11508
11510
11520
11570
11580
11602
11607
11611
11615
11636
11647
11657
11674
11677
11694
11697
11713
11722
11731
11740
11746
11750
11753
11755
11759
11761
11763
11765
11768
11771
11774
11777
11779
11781
11783
11785
11788
11790
11792
11794
11796
11798
11804
11809
11811
11814
11816
11818
11821
11824
11827
11832
11835
11837
11839
11841
11843
11846
11849
11852
11967
11976
11978
11995
11998
12006
12010
12022
12024
12026
12032
12034
12036
12038
12040
12042
12053
12055
12112
12146
12151
12167
12173
12175
12177
12179
12181
12198
12203
12208
12232
12234
12254
12259
12262
12285
12287
12290
12317
12319
12321
12351
12368
12370
12400
12416
12431
12447
12486
12496
12499
12504
12515
12525
12552
12554
12560
12584
12589
12604
12615
12664
12684
12691
12706
12709
12715
12739
12754
12756
12769
12785
12806
12811
12817
12827
12842
12847
12889
12891
12897
12908
12916
12934
12966
12973
13005
13009
13012
13031
13050
13053
13061
13092
13101
13105
13131
13148
13163
13179
13196
13203
13217
13249
13254
13275
13282
13288
13298
13327
13365
13385
13399
13401
13403
13406
13408
13410
13413
13415
13418
13421
13424
13427
13430
13433
13436
13439
13442
13444
13447
13450
13514
13529
13547
13550
13565
13569
13572
13580
13591
13593
13596
13598
13610
13627
13636
13638
13657
13665
13670
13682
13685
13691
13711
13744
13771
13780
13783
13787
13796
13807
13814
13821
13825
13838
13849
13852
13858
13877
13881
13889
13893
13916
13930
13947
13954
13966
13982
13988
13995
14007
14012
14016
14022
14029
14061
14063
14077
14080
14084
14111
14135
14138
14156
14165
14183
14186
14189
14202
14208
14255
14260
14274
14277
14282
14300
14304
14308
14323
14330
14353
14368
14373
14382
14413
14419
14426
14437
14455
14472
14476
14480
14493
14514
14531
14535
14539
14547
14571
14579
14602
14610
14632
14647
14650
14654
14665
14706
14709
14712
14720
14723
14748
14759
14772
14775
14808
14819
14850
14861
14868
14879
14885
14895
14903
14910
14950
14962
14974
14995
14997
15000
15002
15005
15008
15010
15013
15015
15017
15019
15022
15027
15030
15033
15035
15037
15040
15042
15044
15101
15108
15113
15121
15133
15138
15172
15177
15179
15181
15183
15189
15193
15201
15203
15205
15207
15214
15217
15220
15237
15277
15283
15291
15294
15298
15302
15316
15319
15322
15375
15378
15380
15383
15386
15395
15400
15415
15418
15439
15446
15451
15453
15469
15477
15483
15488
15521
15538
15542
15556
15559
15569
15572
15575
15578
15591
15595
15625
15629
15646
15651
15653
15656
15675
15706
15712
15720
15729
15738
15741
15756
15773
15789
15793
15799
15830
15841
15856
15874
15890
15896
15899
15906
15914
15918
15929
15938
15940
15969
15979
15981
15987
15998
16006
16018
16034
16042
16045
16069
16081
16095
16103
16116
16129
16141
16149
16161
16187
16197
16200
16208
16212
16247
16250
16253
16267
16270
16285
16301
16304
16318
16321
16338
16349
16367
16373
16376
16384
16409
16414
16425
16446
16456
16465
16476
16488
16508
16516
16566
16592
16596
16601
16606
16610
16613
16617
16625
16629
16632
16636
16639
16642
16706
16716
16722
16726
16750
16764
16786
16794
16798
16824
16842
16863
16869
16879
16883
16904
16923
16937
16941
16946
16963
16982
17014
17017
17024
17027
17080
17083
17086
17090
17099
17179
17183
17192
17197
17246
17249
17266
17273
17285
17298
17343
17346
17353
17358
17369
17373
17377
17427
17449
17457
17460
17468
17512
17516
17524
17535
17578
17595
17599
17602
17606
17615
17618
17642
17655
17670
17677
17693
17697
17711
17773
17783
17789
17794
17797
17831
17844
17866
17871
17874
17887
17916
17928
17967
18009
18017
18022
18052
18057
18060
18084
18101
18116
18122
18152
18162
18188
18191
18194
18197
18200
18202
18205
18208
18211
18214
18217
18220
18223
18226
18229
18232
18234
18369
18375
18378
18380
18384
18387
18390
18392
18396
18399
18401
18411
18414
18417
18419
18425
18458
18474
18486
18530
18533
18540
18543
18546
18550
18560
18564
18615
18617
18619
18623
18626
18633
18646
18676
18685
18688
18696
18704
18725
18737
18775
18785
18796
18803
18823
18825
18832
18843
18851
18871
18900
18907
18916
18952
18965
18970
18984
18995
19016
19030
19037
19046
19064
19066
19071
19095
19098
19111
19118
19124
19176
19178
19180
19197
19203
19206
19217
19220
19234
19242
19280
19292
19309
19326
19331
19334
19366
19371
19373
19386
19409
19424
19438
19445
19447
19452
19454
19468
19490
19522
19531
19534
19541
19548
19560
19597
19605
19612
19618
19621
19664
19695
19698
19700
19716
19740
19754
19782
19784
19787
19789
19791
19794
19797
19800
19802
19804
19808
19811
19814
19817
19822
19825
19827
19831
19953
19956
19959
19966
19970
19982
20027
20039
20058
20061
20069
20072
20076
20083
20095
20130
20138
20156
20165
20168
20171
20174
20199
20228
20231
20235
20237
20241
20266
20270
20274
20282
20295
20308
20312
20324
20333
20339
20347
20353
20373
20376
20401
20403
20406
20424
20427
20436
20453
20455
20464
20477
20491
20504
20510
20531
20549
20555
20565
20577
20580
20588
20593
20598
20610
20623
20658
20688
20693
20702
20707
20715
20722
20733
20747
20754
20757
20761
20772
20776
20779
20786
20799
20805
20817
20831
20844
20848
20854
20858
20875
20884
20893
20910
20913
20922
20965
20973
20986
21029
21069
21072
21075
21119
21125
21139
21147
21152
21159
21165
21184
21194
21212
21217
21220
21228
21245
21253
21267
21277
21286
21315
21319
21344
21349
21369
21374
21376
21400
21402
21434
21436
21440
21443
21445
21447
21449
21452
21455
21459
21461
21464
21467
21469
21471
21473
21475
21478
21481
21486
21490
21495
21498
21501
21504
21507
21510
21513
21516
21520
21530
21533
21539
21551
21554
21557
21560
21563
21566
21569
21572
21575
21578
21581
21583
21586
21589
21592
21595
21598
21650
21659
21662
21673
21675
21685
21688
21693
21695
21720
21723
21731
21733
21735
21752
21754
21766
21793
21801
21808
21813
21821
21826
21828
21830
21832
21842
21849
21874
21884
21890
21897
21901
21903
21908
21917
21935
21937
21943
21959
21962
21969
21973
21975
21977
21979
22002
22029
22040
22045
22047
22055
22058
22065
22078
22088
22113
22116
22118
22135
22140
22147
22149
22175
22181
22186
22201
22226
22239
22246
22252
22259
22276
22284
22295
22308
22311
22313
22355
22362
22365
22373
22376
22378
22407
22418
22429
22433
22435
22442
22450
22457
22476
22483
22489
22508
22514
22526
22530
22532
22534
22536
22540
22555
22557
22562
22581
22585
22605
22624
22629
22631
22634
22651
22653
22657
22670
22678
22689
22697
22721
22733
22741
22744
22756
22774
22785
22806
22813
22821
22829
22833
22849
22859
22890
22892
22897
22900
22936
22942
22965
22967
22972
22981
22992
23010
23031
23033
23052
23072
23098
23103
23108
23117
23145
23147
23149
23151
23153
23155
23158
23161
23163
23165
23168
23172
23174
23177
23181
23183
23186
23188
23190
23192
23194
23268
23273
23282
23286
23288
23291
23296
23299
23303
23307
23314
23317
23319
23324
23330
23332
23337
23346
23361
23363
23387
23393
23403
23406
23416
23424
23427
23430
23440
23442
23446
23472
23485
23494
23498
23501
23506
23509
23513
23525
23540
23545
23553
23576
23580
23585
23590
23597
23605
23607
23611
23625
23640
23642
23647
23649
23683
23697
23719
23721
23725
23730
23737
23740
23779
23786
23792
23796
23805
23815
23820
23831
23852
23859
23869
23891
23902
23907
23909
23919
23921
23936
23939
23953
23965
23972
23983
23986
23988
23991
23994
24001
24012
24019
24036
24043
24045
24052
24054
24060
24077
24099
24101
24104
24110
24148
24150
24159
24162
24165
24186
24202
24207
24211
24227
24236
24245
24257
24263
24282
24284
24286
24291
24298
24304
24324
24326
24346
24367
24371
24375
24377
24391
24396
24405
24409
24425
24440
24443
24445
24448
24451
24456
24477
24481
24509
24517
24523
24541
24559
24572
24591
24597
24625
24637
24643
24648
24666
24674
24687
24711
24728
24811
24817
24821
24826
24829
24834
24836
24852
24854
24861
24863
24877
24894
24896
24921
24924
24927
24935
24938
24941
24944
24954
24961
24969
25000
25014
25017
25026
25029
25031
25037
25039
25044
25047
25091
25104
25106
25108
25116
25124
25128
25132
25142
25159
25161
25167
25173
25177
25183
25225
25232
25234
25236
25246
25250
25262
25265
25267
25293
25303
25314
25319
25326
25332
25342
25355
25365
25378
25392
25405
25410
25412
25429
25436
25459
25472
25478
25488
25492
25506
25515
25525
25533
25550
25560
25599
25622
25633
25637
25679
25690
25701
25706
25709
25745
25752
25763
25772
25787
25792
25805
25809
25844
25862
25881
25885
25896
25917
25938
25942
25970
25986
25990
25997
26002
26005
26016
26035
26042
26060
26070
26083
26093
26115
26119
26146
26150
26175
26179
26225
26252
26342
26346
26350
26354
26405
26411
26415
26418
26422
26425
26428
26431
26440
26445
26453
26517
26537
26571
26575
26579
26582
26586
26666
26718
26723
26727
26730
26818
26846
26909
27818
27820
27822
27825
27828
27831
27834
27836
27838
27841
27843
27845
27851
27854
27857
27860
27863
27866
27869
27938
27941
27945
27958
27984
27987
28002
28007
28042
28045
28048
28050
28062
28078
28082
28104
28108
28116
28140
28142
28146
28157
28161
28172
28175
28215
28242
28246
28251
28256
28258
28265
28268
28279
28296
28308
28356
28369
28382
28386
28390
28393
28398
28407
28409
28433
28456
28468
28470
28473
28479
28484
28491
28501
28518
28529
28536
28538
28548
28557
28564
28567
28581
28613
28616
28644
28650
28658
28670
28676
28685
28693
28699
28711
28718
28725
28739
28744
28752
28765
28791
28794
28796
28808
28812
28819
28833
28836
28839
28849
28855
28858
28894
28897
28900
28903
28918
28922
28937
28945
28961
28970
28981
28985
28993
29001
29017
29024
29032
29040
29054
29073
29076
29095
29107
29110
29127
29138
29141
29153
29166
29169
29178
29193
29195
29225
29228
29237
29240
29253
29262
29285
29289
29298
29310
29317
29328
29337
29354
29360
29380
29400
29471
29475
29480
29486
29489
29492
29499
29515
29527
29537
29555
29562
29565
29571
29573
29576
29582
29586
29592
29596
29599
29604
29631
29640
29661
29667
29670
29684
29687
29693
29696
29699
29702
29704
29709
29723
29762
29768
29775
29782
29787
29792
29795
29808
29813
29819
29827
29832
29837
29845
29847
29849
29877
29887
29903
29910
29915
29925
29935
29944
29951
29967
29972
29975
29982
29991
29998
30008
30021
30027
30030
30037
30047
30053
30075
30085
30100
30103
30106
30111
30119
30123
30134
30148
30155
30168
30171
30181
30197
30204
30214
30217
30222
30225
30229
30238
30247
30269
30278
30297
30308
30317
30326
30329
30335
30339
30346
30355
30377
30383
30398
30405
30419
30433
30445
30454
30460
30468
30479
30503
30512
30521
30524
30527
30537
30544
30558
30583
30588
30590
30597
30603
30618
30637
30650
30659
30664
30671
30690
30702
30705
30718
30729
30736
30778
30787
30807
30810
30820
30830
30850
30853
30856
30872
30893
30921
30956
31017
31020
31024
31031
31035
31039
31043
31047
31052
31064
31068
31081
31110
31130
31138
31142
31152
31157
31167
31171
31176
31179
31185
31198
31239
31252
31262
31270
31274
31283
31292
31295
31306
31328
31335
31347
31373
31386
31398
31415
31436
31439
31449
31454
31464
31511
31513
31519
31523
31532
31549
31559
31570
31573
31580
31584
31594
31638
31641
31648
31651
31660
31663
31675
31695
31698
31707
31717
31720
31766
31769
31779
31782
31798
31813
31823
31829
31867
31869
31875
31891
31912
31917
31928
31942
31968
32009
32018
32032
32035
32051
32067
32083
32098
32101
32117
32134
32148
32151
32163
32169
32183
32198
32210
32219
32224
32229
32249
32254
32279
32288
32293
32315
32325
32336
32346
32349
32368
32375
32392
32396
32412
32419
32433
32459
32474
32493
32494
32495
32496
32497
32498
32501
32502
32508
32512
32563
32567
32571
32574
32578
32581
32591
32595
32601
32612
32656
32660
32663
32665
32668
32838
33269
33512
33553
33687
33723
33809
33867
33915
33922
33972
34025
34048
34056
34070
34095
34116
34126
34163
34215
34218
34222
34227
34230
34234
34237
34240
34243
34247
34250
34253
34256
34259
34262
34265
34271
34274
34277
34282
34285
34289
34292
34295
34299
34302
34306
34397
34432
34464
34467
34470
34473
34476
34479
34482
34492
34496
34507
34550
34553
34562
34587
34619
34622
34625
34628
34631
34634
34656
34707
34732
34748
34758
34763
34771
34774
34787
34812
34827
34843
34860
34867
34879
34882
34891
34896
34908
34913
34944
34970
34989
34995
35000
35021
35025
35033
35039
35069
35111
35114
35120
35140
35155
35160
35180
35223
35225
35230
35288
35297
35301
35360
35387
35395
35398
35420
35452
35483
35533
35563
35585
35606
35653
35868
35872
35877
35881
35885
35890
35895
35899
35903
35907
35911
35915
35923
35926
35930
35933
35936
35939
35942
35945
35948
35951
35953
35957
35959
35961
35964
35967
35970
36028
36044
36048
36057
36094
36114
36118
36129
36133
36199
36204
36214
36238
36268
36272
36283
36301
36309
36328
36363
36368
36373
36383
36396
36425
36457
36462
36519
36523
36529
36533
36540
36555
36559
36587
36591
36595
36619
36623
36668
36681
36693
36712
36716
36725
36739
36743
36759
36768
36785
36792
36801
36826
36833
36845
36855
36873
36877
36895
36949
36958
36961
36974
36978
36997
37003
37044
37048
37055
37061
37068
37101
37116
37122
37134
37153
37173
37183
37195
37202
37212
37248
37253
37257
37266
37295
37301
37330
37336
37358
37369
37393
37399
37417
37433
37453
37459
37485
37504
37520
37524
37527
37535
37538
37541
37545
37549
37553
37557
37561
37564
37567
37575
37579
37583
37586
37589
37593
37597
37600
37604
37608
37611
37615
37619
37622
37625
37707
37731
37741
37745
37755
37764
37767
37770
37773
37776
37779
37787
37810
37834
37865
37888
37897
37918
37921
37924
37927
37930
37933
37941
37957
37962
37985
38008
38013
38036
38043
38063
38066
38070
38076
38094
38098
38118
38127
38149
38165
38175
38190
38196
38199
38214
38230
38247
38250
38255
38303
38319
38324
38328
38335
38340
38362
38371
38382
38386
38393
38396
38413
38417
38443
38446
38461
38474
38486
38491
38501
38506
38525
38531
38550
38553
38578
38596
38632
38634
38645
38669
38681
38684
38691
38709
38745
38748
38752
38755
38757
38759
38770
38789
38805
38821
38828
38834
38837
38872
38880
38889
38891
38897
38906
38908
38910
38921
38948
38964
38975
38977
38986
39007
39027
39036
39039
39047
39057
39083
39087
39101
39105
39108
39129
39157
39173
39178
39182
39185
39189
39193
39197
39200
39203
39209
39213
39217
39221
39227
39230
39233
39235
39238
39241
39244
39248
39252
39257
39260
39263
39267
39270
39273
39276
39279
39338
39342
39348
39354
39405
39413
39422
39425
39430
39433
39436
39439
39447
39452
39514
39524
39552
39557
39568
39578
39582
39586
39589
39592
39621
39653
39658
39663
39682
39696
39733
39750
39755
39765
39768
39783
39789
39792
39822
39843
39860
39870
39877
39884
39897
39900
39906
39923
39975
39987
40009
40012
40020
40024
40032
40085
40093
40097
40105
40108
40113
40138
40185
40200
40204
40207
40213
40217
40271
40278
40288
40299
40308
40316
40359
40373
40381
40396
40406
40465
40472
40484
40504
40532
40537
40548
40575
40600
40613
40637
40670
40676
40689
40707
40711
40732
40751
40759
40787
40808
40823
40826
40829
40832
40839
40845
40848
40851
40854
40858
40861
40864
40867
40870
40873
40884
40888
40892
40896
40900
40904
40916
40920
40925
40929
40935
40938
40940
40942
40945
40948
40951
40953
40955
40958
40961
40964
40967
40970
40973
40976
40979
40982
40984
41059
41078
41093
41102
41105
41118
41121
41134
41142
41168
41189
41192
41200
41205
41216
41235
41259
41262
41273
41277
41281
41297
41315
41338
41341
41344
41354
41367
41382
41397
41404
41407
41421
41425
41457
41460
41482
41485
41520
41536
41543
41558
41561
41584
41590
41595
41608
41611
41614
41617
41621
41642
41672
41677
41687
41690
41722
41736
41739
41746
41765
41773
41808
41816
41834
41848
41879
41888
41902
41917
41927
41946
41954
41965
41974
41991
42026
42029
42046
42052
42065
42068
42071
42085
42109
42117
42120
42132
42157
42167
42170
42201
42233
42240
42247
42261
42291
42316
42321
42324
42329
42352
42365
42380
42386
42416
42426
42447
42455
42480
42486
42537
42542
42547
42552
42557
42562
42566
42571
42575
42580
42587
42590
42593
42596
42599
42602
42605
42608
42611
42613
42615
42618
42621
42623
42625
42627
42629
42632
42635
42638
42642
42645
42650
42653
42656
42661
42664
42666
42668
42671
42673
42676
42682
42684
42691
42695
42758
42765
42770
42774
42779
42787
42793
42862
42868
42877
42882
42887
42944
42968
42975
42984
43040
43064
43070
43094
43120
43125
43139
43181
43194
43211
43221
43226
43233
43251
43284
43303
43316
43350
43354
43360
43363
43380
43384
43388
43397
43441
43461
43465
43521
43538
43578
43587
43592
43617
43658
43670
43679
43682
43687
43706
43726
43748
43753
43760
43767
43810
43814
43821
43828
43847
43852
43862
43867
43871
43891
43902
43908
43923
43930
43943
43945
43949
43964
43975
43980
43992
43999
44009
44042
44045
44051
44077
44089
44092
44114
44119
44122
44126
44156
44176
44178
44183
44190
44203
44239
44241
44244
44247
44256
44258
44261
44268
44270
44272
44274
44276
44278
44280
44282
44284
44286
44289
44291
44297
44300
44303
44305
44307
44310
44312
44316
44321
44323
44326
44329
44332
44335
44338
44341
44344
44459
44461
44463
44466
44468
44470
44472
44478
44484
44487
44504
44527
44534
44545
44547
44569
44580
44593
44601
44605
44615
44622
44625
44633
44639
44668
44708
44715
44719
44725
44727
44734
44744
44747
44770
44776
44799
44802
44811
44860
44872
44875
44889
44903
44907
44909
44911
44914
44922
44925
44937
44945
44961
45014
45040
45043
45063
45090
45092
45094
45128
45154
45159
45179
45193
45226
45235
45237
45239
45244
45255
45276
45278
45282
45285
45301
45331
45339
45366
45375
45405
45408
45414
45416
45419
45426
45440
45463
45486
45488
45494
45525
45529
45544
45549
45557
45560
45592
45603
45623
45628
45640
45642
45652
45665
45690
45706
45715
45726
45730
45739
45780
45782
45787
45802
45805
45831
45837
45849
45891
45893
45896
45898
45900
45903
45906
45909
45912
45915
45917
45920
45922
45925
45928
45931
45934
45937
45940
46003
46009
46012
46018
46036
46039
46051
46059
46068
46074
46078
46081
46084
46097
46100
46114
46161
46169
46172
46199
46205
46215
46225
46233
46245
46262
46269
46284
46289
46300
46306
46314
46320
46340
46359
46363
46370
46373
46414
46422
46428
46431
46439
46442
46452
46456
46490
46505
46513
46519
46523
46544
46552
46559
46574
46579
46588
46591
46606
46618
46637
46644
46650
46655
46667
46670
46673
46680
46701
46717
46726
46732
46736
46759
46785
46787
46789
46794
46799
46803
46814
46837
46842
46852
46862
46883
46893
46940
46945
46948
46953
46960
46963
46967
47005
47012
47031
47047
47052
47057
47091
47098
47139
47149
47154
47162
47190
47192
47201
47241
47244
47259
47268
47302
47317
47323
47343
47353
47362
47386
47389
47425
47433
47447
47487
47490
47493
47496
47499
47501
47503
47506
47510
47513
47517
47520
47523
47525
47527
47529
47532
47534
47536
47538
47598
47602
47605
47609
47612
47614
47616
47621
47626
47629
47671
47685
47691
47694
47696
47698
47711
47714
47718
47721
47726
47733
47757
47779
47782
47787
47791
47811
47817
47820
47823
47843
47852
47875
47877
47889
47895
47909
47919
47929
47931
47934
47959
47962
47969
47973
47983
47986
47989
48012
48024
48038
48049
48059
48062
48071
48098
48101
48117
48130
48138
48157
48183
48191
48201
48207
48227
48230
48258
48262
48278
48281
48290
48310
48313
48325
48332
48336
48346
48354
48357
48402
48409
48419
48422
48441
48462
48465
48468
48471
48508
48512
48522
48528
48534
48537
48557
48563
48571
48574
48597
48608
48620
48625
48630
48633
48657
48665
48678
48688
48708
48718
48737
48758
48785
48799
48825
48842
48852
48866
48877
48901
48913
48924
48934
48938
48972
48981
48992
49017
49020
49083
49087
49092
49097
49102
49106
49110
49115
49119
49122
49125
49128
49132
49211
49249
49259
49267
49275
49279
49285
49290
49294
49305
49399
49405
49411
49414
49419
49423
49427
49431
49435
49445
49457
49487
49514
49539
49546
49565
49568
49572
49589
49622
49626
49646
49673
49676
49681
49740
49745
49765
49777
49793
49803
49810
49822
49826
49840
49887
49893
49899
49903
49910
49914
49929
49958
49990
50002
50013
50021
50041
50053
50059
50063
50066
50070
50113
50123
50128
50143
50166
50188
50193
50201
50249
50254
50262
50265
50286
50322
50329
50334
50342
50362
50370
50412
50430
50437
50511
50520
50531
50543
50550
50561
50569
50591
50617
50634
50646
50680
50683
50686
50690
50693
50696
50699
50702
50705
50708
50711
50714
50717
50720
50723
50726
50728
50826
50832
50835
50838
50861
50864
50871
50874
50876
50882
50899
50905
50919
50921
50936
50939
50942
50959
50961
51003
51026
51028
51042
51045
51066
51084
51088
51104
51106
51111
51120
51122
51140
51156
51182
51195
51207
51226
51231
51266
51289
51291
51294
51313
51318
51330
51350
51359
51382
51406
51420
51429
51476
51480
51484
51490
51496
51502
51512
51526
51545
51556
51591
51599
51604
51615
51632
51638
51653
51657
51660
51665
51683
51730
51737
51739
51751
51756
51759
51767
51823
51862
51864
51869
51871
51876
51878
51883
51886
51888
51935
51969
51977
51980
51983
51989
51998
52015
52031
52049
52055
52067
52079
52103
52109
52114
52145
52155
52173
52177
52209
52213
52240
52259
52275
52278
52280
52287
52290
52293
52295
52297
52300
52303
52306
52308
52312
52316
52318
52320
52322
52442
52447
52450
52454
52477
52511
52516
52519
52525
52528
52556
52561
52575
52586
52620
52623
52632
52635
52640
52653
52655
52658
52661
52665
52676
52722
52750
52752
52755
52761
52773
52777
52783
52786
52811
52813
52816
52848
52865
52873
52882
52891
52900
52907
52916
52924
52941
52947
52956
52965
52987
52993
53002
53023
53032
53038
53055
53068
53076
53082
53084
53113
53119
53131
53133
53139
53141
53150
53155
53161
53185
53214
53225
53236
53247
53266
53268
53278
53280
53297
53306
53343
53345
53352
53360
53367
53370
53381
53387
53405
53407
53416
53423
53427
53463
53495
53497
53509
53512
53535
53548
53576
53587
53592
53614
53640
53651
53653
53669
53718
53722
53730
53758
53794
53798
53811
53857
53877
53927
53929
53931
53933
53935
53938
53941
53943
53945
53947
53949
53952
53955
53958
53961
53967
53970
53973
53976
53979
53982
53984
53987
53992
53996
53999
54002
54005
54008
54012
54016
54019
54025
54028
54032
54041
54044
54048
54051
54056
54059
54062
54065
54068
54072
54077
54081
54086
54089
54152
54158
54162
54165
54168
54176
54231
54233
54236
54238
54244
54246
54250
54272
54275
54293
54304
54308
54311
54314
54320
54329
54333
54339
54348
54350
54352
54375
54387
54391
54396
54404
54416
54419
54422
54427
54434
54461
54478
54486
54495
54497
54499
54503
54511
54514
54536
54538
54541
54575
54592
54594
54605
54608
54618
54634
54655
54674
54680
54682
54695
54704
54707
54713
54719
54727
54763
54776
54784
54792
54798
54806
54808
54811
54815
54836
54842
54883
54895
54901
54907
54926
54949
54952
54955
54957
54968
54978
54982
55006
55009
55015
55019
55021
55025
55033
55057
55062
55064
55070
55077
55079
55084
55100
55106
55113
55118
55120
55124
55126
55140
55153
55159
55161
55163
55165
55176
55187
55208
55219
55229
55238
55241
55245
55249
55251
55253
55262
55293
55310
55312
55316
55321
55324
55365
55368
55372
55375
55378
55413
55415
55418
55425
55441
55455
55458
55482
55492
55495
55544
55559
55576
55584
55591
55603
55635
55637
55641
55643
55646
55649
55654
55656
55658
55660
55662
55664
55667
55669
55673
55676
55679
55681
55683
55685
55687
55762
55765
55768
55772
55777
55780
55783
55788
55791
55803
55805
55811
55824
55839
55861
55866
55869
55878
55883
55887
55896
55901
55904
55926
55931
55936
55940
55942
55958
55961
55964
55966
55973
55996
55999
56002
56018
56024
56026
56028
56032
56034
56036
56044
56054
56069
56078
56086
56089
56096
56099
56107
56109
56112
56123
56139
56173
56175
56177
56187
56190
56202
56205
56209
56216
56225
56227
56231
56237
56240
56242
56248
56251
56265
56268
56278
56287
56305
56314
56320
56324
56331
56339
56343
56352
56359
56369
56374
56382
56387
56389
56398
56402
56407
56416
56419
56431
56433
56436
56441
56444
56460
56464
56478
56485
56492
56496
56500
56505
56512
56514
56531
56553
56556
56571
56575
56577
56581
56594
56604
56608
56624
56631
56636
56640
56649
56652
56662
56691
56697
56702
56704
56713
56716
56719
56731
56746
56753
56756
56772
56779
56791
56800
56803
56811
56824
56833
56835
56841
56847
56857
56864
56866
56881
56886
56897
56899
56905
56913
56915
56917
56919
56927
56933
56945
56948
56959
56963
56977
56993
57001
57004
57006
57008
57010
57012
57034
57043
57045
57070
57073
57078
57085
57089
57092
57115
57119
57140
57142
57145
57160
57168
57176
57196
57264
57277
57294
57300
57309
57320
57322
57325
57328
57333
57345
57350
57360
57365
57367
57388
57393
57396
57407
57409
57421
57428
57431
57434
57451
57456
57476
57487
57489
57512
57521
57523
57529
57532
57542
57546
57549
57555
57558
57564
57567
57569
57586
57588
57601
57609
57621
57624
57628
57632
57638
57652
57666
57674
57688
57691
57695
57715
57728
57743
57766
57771
57775
57780
57783
57797
57802
57805
57830
57842
57855
57859
57881
57886
57888
57891
57899
57903
57905
57937
57942
57959
57964
57967
57979
57994
58010
58020
58023
58036
58043
58046
58053
58056
58068
58076
58078
58087
58101
58108
58120
58128
58141
58147
58153
58166
58197
58205
58212
58219
58224
58232
58242
58248
58261
58267
58286
58295
58302
58308
58328
58341
58352
58359
58366
58373
58383
58405
58412
58415
58422
58426
58430
58435
58463
58467
58473
58476
58479
58483
58510
58525
58529
58535
58541
58544
58553
58592
58613
58625
58645
58651
58654
58672
58698
58727
58750
58837
58843
58847
58904
58908
58912
58915
58919
58923
58925
58934
58945
58950
59014
59068
59072
59125
59159
59164
59216
59220
59244
59256
59306
59354
60312
60314
60317
60320
60322
60325
60328
60331
60334
60337
60340
60343
60346
60349
60351
60353
60358
60427
60434
60436
60438
60440
60442
60444
60447
60450
60484
60510
60515
60535
60539
60542
60545
60557
60560
60569
60571
60573
60580
60604
60613
60617
60634
60657
60682
60694
60697
60701
60709
60715
60719
60737
60752
60754
60765
60769
60771
60780
60783
60788
60791
60794
60796
60845
60852
60855
60872
60877
60880
60883
60902
60904
60908
60918
60920
60931
60940
60943
60955
60966
60969
60977
60981
61007
61014
61027
61033
61047
61058
61062
61065
61079
61110
61113
61116
61126
61140
61142
61160
61175
61183
61189
61195
61204
61206
61210
61217
61223
61229
61237
61251
61262
61267
61281
61284
61292
61294
61305
61307
61311
61322
61333
61350
61353
61359
61369
61371
61393
61397
61410
61414
61419
61431
61436
61447
61453
61457
61464
61473
61491
61500
61504
61507
61516
61521
61524
61540
61556
61560
61563
61571
61576
61593
61614
61631
61635
61639
61643
61646
61649
61663
61677
61688
61700
61711
61725
61736
61739
61746
61760
61766
61773
61779
61802
61808
61811
61830
61833
61847
61862
61865
61882
61906
61968
61974
61977
61980
61984
61993
62004
62015
62043
62051
62054
62060
62064
62070
62073
62078
62081
62084
62087
62091
62098
62114
62126
62161
62173
62178
62184
62187
62190
62194
62197
62201
62204
62206
62218
62230
62262
62265
62281
62284
62289
62296
62307
62322
62325
62334
62339
62359
62374
62377
62388
62396
62408
62412
62415
62425
62428
62439
62444
62446
62449
62462
62466
62512
62515
62519
62528
62534
62537
62543
62549
62551
62565
62572
62597
62600
62615
62619
62622
62635
62643
62649
62657
62667
62670
62685
62692
62700
62714
62718
62736
62740
62745
62758
62764
62769
62771
62785
62789
62796
62803
62827
62834
62844
62847
62857
62864
62871
62875
62893
62900
62921
62935
62943
62947
62971
62985
62989
63003
63025
63028
63036
63045
63049
63070
63086
63089
63101
63105
63108
63124
63136
63139
63153
63166
63174
63179
63194
63204
63207
63240
63251
63253
63257
63266
63279
63287
63311
63322
63348
63356
63375
63402
63426
63503
63507
63511
63515
63521
63525
63529
63534
63539
63544
63548
63609
63613
63617
63621
63625
63631
63639
63643
63647
63687
63702
63706
63715
63727
63731
63744
63748
63761
63768
63774
63784
63791
63812
63836
63845
63849
63853
63863
63873
63876
63917
63926
63933
63936
63975
63989
63998
64013
64060
64063
64066
64074
64086
64120
64130
64154
64157
64183
64186
64189
64207
64232
64241
64250
64274
64277
64291
64304
64321
64337
64343
64346
64359
64362
64385
64429
64434
64441
64451
64464
64469
64479
64486
64513
64523
64528
64534
64537
64561
64571
64576
64583
64613
64619
64621
64642
64653
64656
64663
64670
64676
64690
64697
64716
64723
64729
64741
64748
64756
64765
64780
64788
64804
64810
64816
64825
64856
64861
64866
64874
64883
64885
64904
64913
64922
64937
64944
