1
2
3
4
5
6
8
9
10
11
12
15
18
71
74
78
82
86
92
95
98
101
104
107
110
117
122
163
165
169
172
175
178
292
448
642
944
1093
1227
1231
1317
1320
1371
1378
1400
1432
1446
1493
1495
1498
1503
1532
1571
1617
1620
1637
1671
1687
1724
1727
1730
1733
1736
1739
1742
1745
1747
1750
1753
1757
1760
1763
1766
1769
1772
1779
1782
1785
1788
1791
1794
1797
1800
1804
1808
1811
1814
1920
1950
1956
1962
1969
1977
1980
1983
1986
1989
1992
1998
2017
2023
2056
2062
2077
2109
2121
2131
2133
2136
2139
2142
2145
2201
2209
2211
2221
2224
2234
2241
2261
2274
2277
2284
2311
2333
2343
2359
2362
2370
2373
2380
2392
2409
2412
2419
2464
2480
2499
2509
2524
2530
2533
2536
2544
2587
2617
2620
2628
2652
2663
2668
2684
2723
2728
2730
2738
2801
2809
2827
2831
2837
2840
2897
2905
2954
2959
2989
2993
3066
3069
3137
3199
3375
3379
3382
3389
3393
3397
3401
3405
3409
3413
3417
3421
3424
3431
3434
3436
3439
3442
3445
3448
3451
3454
3457
3460
3463
3466
3469
3472
3475
3477
3479
3481
3568
3572
3597
3602
3607
3614
3636
3640
3643
3656
3671
3676
3680
3714
3753
3758
3768
3775
3793
3809
3831
3836
3860
3863
3869
3900
3922
3938
3959
3972
3976
3997
4000
4008
4025
4056
4064
4073
4083
4087
4091
4103
4137
4153
4167
4170
4182
4186
4190
4201
4214
4233
4257
4266
4299
4308
4313
4340
4354
4368
4380
4384
4399
4407
4410
4423
4452
4468
4472
4479
4483
4488
4493
4531
4539
4542
4545
4549
4554
4565
4605
4611
4615
4621
4625
4629
4660
4664
4668
4677
4681
4697
4709
4714
4742
4751
4756
4759
4785
4798
4802
4809
4825
4847
4856
4859
4862
4898
4902
4907
4927
4963
4966
4991
4994
5007
5022
5028
5032
5035
5038
5041
5045
5049
5053
5056
5059
5062
5065
5068
5072
5075
5078
5083
5086
5091
5094
5097
5101
5105
5108
5111
5114
5117
5120
5125
5131
5134
5208
5215
5229
5232
5249
5256
5264
5271
5274
5277
5288
5291
5294
5332
5363
5370
5386
5389
5393
5416
5423
5426
5429
5446
5449
5458
5461
5489
5512
5516
5540
5569
5572
5602
5612
5623
5651
5654
5674
5677
5684
5704
5736
5744
5750
5753
5756
5759
5766
5782
5804
5811
5830
5841
5866
5873
5877
5887
5894
5901
5923
5930
5946
5957
5979
5989
6000
6003
6007
6028
6033
6052
6058
6066
6076
6080
6089
6104
6107
6128
6131
6157
6166
6174
6184
6200
6210
6223
6233
6238
6255
6265
6286
6288
6305
6308
6318
6322
6324
6329
6337
6364
6366
6371
6384
6393
6398
6410
6435
6437
6440
6463
6465
6471
6474
6497
6520
6522
6526
6535
6562
6568
6570
6580
6596
6601
6617
6624
6639
6643
6645
6679
6683
6686
6689
6692
6695
6698
6701
6704
6708
6711
6715
6719
6723
6726
6735
6738
6741
6744
6747
6750
6753
6764
6767
6770
6772
6774
6777
6780
6783
6786
6848
6873
6884
6888
6891
6906
6910
6914
6921
6934
6977
6982
6990
6993
6996
6999
7007
7012
7016
7024
7081
7088
7109
7126
7134
7141
7144
7147
7161
7165
7225
7253
7257
7268
7275
7278
7289
7327
7342
7346
7354
7361
7401
7409
7430
7436
7455
7461
7481
7488
7500
7525
7532
7558
7575
7599
7606
7609
7617
7621
7639
7665
7686
7707
7714
7717
7725
7728
7745
7787
7790
7806
7809
7814
7826
7834
7861
7879
7882
7885
7902
7918
7960
7963
7971
7994
8000
8006
8040
8046
8061
8067
8104
8107
8164
8177
8212
8215
8233
8253
8256
8270
8287
8332
8335
8337
8340
8343
8346
8349
8351
8354
8357
8360
8363
8366
8369
8372
8376
8379
8382
8390
8393
8396
8399
8405
8409
8413
8417
8421
8425
8429
8433
8437
8443
8449
8453
8455
8457
8459
8462
8465
8468
8473
8476
8479
8482
8485
8488
8491
8494
8553
8599
8602
8611
8615
8624
8627
8631
8634
8642
8671
8690
8706
8712
8718
8734
8747
8771
8780
8788
8800
8809
8815
8824
8833
8842
8845
8884
8899
8914
8934
8944
8951
8963
8972
8975
8983
9003
9005
9034
9040
9052
9056
9075
9082
9102
9105
9112
9141
9157
9163
9166
9171
9177
9179
9201
9222
9226
9250
9264
9269
9272
9283
9286
9292
9356
9364
9387
9395
9398
9403
9417
9420
9477
9500
9504
9544
9554
9560
9566
9570
9578
9594
9611
9628
9645
9654
9660
9670
9689
9692
9720
9749
9752
9770
9787
9811
9819
9837
9843
9853
9868
9908
9911
9921
9948
9965
9994
10040
10049
10053
10059
10063
10067
10071
10075
10079
10083
10086
10094
10097
10100
10102
10104
10107
10109
10113
10118
10121
10123
10126
10128
10130
10132
10135
10137
10140
10143
10146
10150
10152
10155
10158
10161
10164
10167
10170
10172
10175
10178
10181
10184
10186
10188
10191
10193
10202
10269
10273
10278
10283
10288
10293
10297
10301
10306
10318
10375
10380
10388
10394
10399
10405
10412
10437
10473
10477
10482
10492
10497
10503
10536
10573
10580
10589
10594
10598
10631
10669
10682
10687
10719
10736
10748
10768
10773
10784
10794
10802
10823
10829
10849
10854
10874
10878
10899
10903
10907
10930
10934
10950
10954
10961
10978
10982
11009
11023
11026
11030
11034
11049
11054
11073
11082
11093
11097
11100
11104
11112
11122
11142
11160
11164
11170
11173
11186
11199
11213
11215
11221
11227
11237
11240
11255
11261
11264
11273
11305
11317
11326
11336
11342
11348
11351
11357
11386
11398
11407
11415
11426
11429
11443
11458
11461
11465
11473
11479
11508
11526
11531
11537
11561
11563
11567
11569
11583
11594
11614
11631
11637
11662
11670
11677
11684
11707
11727
11736
11747
11750
11753
11756
11759
11763
11765
11767
11770
11773
11775
11778
11780
11783
11785
11787
11789
11791
11793
11796
11798
11804
11808
11811
11814
11817
11819
11822
11825
11827
11829
11831
11833
11835
11838
11843
11845
11848
11851
11912
11950
11968
11975
11977
11979
11981
11983
11988
12010
12013
12016
12038
12047
12049
12051
12053
12058
12074
12076
12133
12135
12162
12166
12178
12181
12187
12191
12200
12203
12207
12224
12237
12244
12276
12282
12310
12318
12321
12333
12347
12376
12381
12385
12395
12433
12454
12466
12470
12490
12555
12567
12577
12579
12581
12589
12593
12600
12602
12604
12637
12652
12698
12703
12706
12710
12712
12721
12733
12741
12751
12760
12773
12814
12826
12842
12849
12851
12872
12885
12890
12896
12910
12918
12925
12965
12980
12996
12999
13011
13034
13040
13054
13074
13081
13083
13088
13138
13149
13155
13192
13194
13204
13228
13233
13258
13270
13280
13288
13326
13399
13402
13404
13407
13410
13413
13416
13419
13422
13425
13428
13431
13434
13437
13440
13442
13446
13449
13506
13518
13564
13574
13577
13583
13586
13592
13595
13601
13609
13619
13655
13675
13688
13702
13728
13731
13736
13743
13746
13761
13770
13783
13798
13802
13805
13821
13856
13861
13871
13874
13877
13881
13890
13939
13942
13945
13951
13961
13971
13979
13993
14000
14008
14012
14018
14064
14069
14072
14076
14082
14095
14099
14121
14129
14150
14175
14182
14187
14193
14196
14204
14217
14238
14248
14261
14293
14307
14310
14316
14319
14336
14358
14366
14377
14385
14414
14422
14425
14437
14441
14476
14482
14485
14519
14531
14552
14574
14596
14599
14605
14635
14671
14674
14677
14681
14684
14688
14733
14744
14748
14751
14758
14794
14797
14809
14819
14860
14866
14878
14908
14941
14967
14970
14995
14998
15001
15004
15007
15010
15013
15016
15019
15022
15024
15026
15028
15030
15032
15034
15036
15038
15040
15042
15106
15108
15112
15121
15124
15168
15172
15181
15185
15190
15193
15196
15200
15227
15230
15255
15265
15271
15311
15319
15324
15329
15332
15335
15338
15343
15346
15349
15354
15415
15423
15427
15434
15439
15453
15458
15466
15468
15477
15490
15493
15502
15531
15563
15567
15571
15579
15604
15626
15629
15635
15640
15657
15688
15696
15709
15718
15735
15745
15753
15756
15763
15766
15789
15811
15832
15859
15863
15867
15873
15876
15918
15927
15934
15938
15944
15965
15977
15983
15987
16004
16040
16043
16048
16083
16086
16089
16157
16162
16176
16200
16208
16216
16250
16256
16278
16284
16291
16298
16327
16342
16345
16352
16383
16387
16391
16395
16427
16475
16505
16514
16531
16538
16570
16591
16595
16598
16602
16606
16610
16613
16616
16620
16623
16626
16630
16633
16637
16661
16718
16722
16726
16730
16744
16761
16792
16800
16816
16819
16825
16828
16832
16837
16862
16891
16897
16900
16936
16954
16972
16988
16993
17011
17044
17047
17053
17066
17073
17085
17097
17116
17122
17135
17138
17164
17174
17186
17199
17203
17213
17235
17249
17263
17267
17270
17286
17294
17318
17321
17331
17338
17343
17374
17387
17391
17416
17439
17457
17504
17508
17515
17532
17558
17562
17570
17586
17609
17639
17647
17654
17660
17664
17667
17683
17704
17731
17742
17746
17753
17757
17767
17791
17815
17824
17829
17837
17846
17889
17892
17926
17929
17973
17987
18009
18022
18046
18058
18068
18085
18090
18113
18117
18142
18145
18166
18188
18191
18194
18196
18198
18200
18203
18205
18207
18209
18211
18213
18216
18218
18221
18224
18226
18228
18231
18233
18235
18238
18329
18332
18345
18372
18374
18377
18380
18389
18392
18396
18401
18407
18413
18415
18417
18419
18421
18461
18480
18486
18488
18493
18495
18502
18525
18533
18548
18600
18612
18614
18618
18620
18629
18633
18636
18644
18655
18670
18689
18694
18697
18704
18710
18720
18726
18729
18769
18777
18780
18797
18804
18854
18859
18861
18864
18867
18870
18888
18915
18917
18923
18942
18950
18953
18985
18996
19011
19018
19032
19038
19047
19061
19073
19107
19118
19125
19128
19132
19134
19137
19141
19181
19183
19190
19201
19209
19213
19226
19228
19237
19277
19281
19297
19303
19324
19330
19340
19349
19362
19372
19385
19393
19407
19423
19425
19427
19437
19441
19444
19472
19489
19501
19509
19517
19523
19542
19555
19579
19581
19588
19613
19615
19624
19651
19654
19664
19696
19706
19711
19740
19785
19788
19791
19794
19796
19798
19801
19803
19807
19811
19814
19817
19820
19856
19891
19951
19954
19957
19962
19967
19971
19974
19977
19981
20018
20032
20038
20068
20073
20076
20087
20094
20141
20157
20160
20163
20166
20169
20172
20180
20184
20195
20242
20248
20252
20259
20262
20265
20274
20277
20281
20284
20315
20317
20330
20339
20355
20358
20367
20370
20388
20410
20418
20421
20424
20444
20457
20460
20481
20495
20507
20511
20519
20532
20540
20542
20545
20558
20579
20588
20597
20614
20631
20635
20642
20645
20647
20657
20661
20663
20665
20676
20732
20759
20774
20777
20781
20788
20805
20819
20821
20835
20845
20849
20885
20913
20919
20921
20934
20942
20946
20979
20994
21000
21002
21033
21044
21049
21064
21093
21095
21104
21113
21124
21140
21146
21155
21166
21190
21194
21220
21233
21237
21244
21265
21345
21365
21370
21382
21396
21434
21436
21438
21440
21443
21445
21448
21450
21452
21454
21456
21459
21462
21465
21467
21470
21472
21474
21476
21478
21480
21487
21490
21492
21496
21499
21502
21505
21511
21514
21518
21522
21526
21529
21532
21535
21538
21541
21548
21552
21555
21559
21562
21567
21571
21574
21577
21580
21585
21590
21593
21659
21682
21695
21722
21725
21730
21740
21742
21746
21752
21754
21757
21759
21765
21790
21822
21828
21832
21851
21854
21859
21865
21874
21876
21887
21890
21893
21906
21911
21917
21933
21951
21970
21975
21978
21983
21985
21989
22001
22004
22006
22010
22019
22027
22055
22070
22075
22080
22109
22117
22122
22127
22130
22132
22141
22144
22148
22156
22168
22190
22197
22201
22221
22248
22260
22268
22277
22291
22303
22316
22325
22334
22340
22345
22386
22396
22401
22406
22408
22410
22414
22416
22429
22431
22462
22464
22470
22496
22504
22512
22515
22517
22537
22560
22568
22575
22596
22610
22615
22622
22630
22632
22635
22656
22689
22698
22703
22707
22722
22729
22742
22748
22761
22766
22771
22781
22785
22803
22809
22817
22820
22830
22837
22839
22847
22856
22882
22889
22891
22894
22923
22927
22929
22937
22939
22945
22952
22954
22961
22984
22986
22992
22995
23038
23041
23046
23069
23073
23077
23082
23099
23103
23109
23121
23129
23143
23146
23150
23153
23156
23160
23163
23166
23168
23170
23172
23174
23176
23178
23180
23182
23185
23187
23189
23191
23193
23255
23288
23312
23333
23338
23343
23347
23352
23354
23357
23363
23367
23379
23397
23402
23425
23432
23438
23442
23486
23495
23497
23502
23505
23517
23522
23533
23540
23549
23562
23577
23579
23585
23601
23615
23622
23630
23634
23637
23639
23642
23646
23654
23658
23664
23673
23714
23723
23727
23735
23750
23753
23756
23760
23765
23769
23774
23776
23785
23792
23805
23821
23850
23856
23858
23869
23879
23882
23885
23894
23901
23905
23913
23918
23943
23950
23964
23969
23986
24005
24022
24027
24038
24061
24073
24081
24091
24100
24112
24114
24118
24121
24129
24145
24150
24165
24169
24191
24194
24200
24206
24218
24221
24228
24234
24256
24261
24282
24285
24297
24319
24333
24337
24345
24367
24369
24371
24376
24378
24390
24400
24407
24414
24429
24448
24451
24465
24468
24481
24492
24495
24498
24502
24508
24518
24521
24531
24535
24544
24552
24556
24560
24576
24582
24586
24590
24595
24620
24624
24626
24636
24647
24665
24667
24684
24696
24717
24724
24804
24810
24814
24822
24830
24837
24841
24849
24855
24860
24862
24879
24897
24918
24926
24933
24936
24939
24955
24958
24960
24963
24979
24996
24999
25003
25016
25027
25034
25037
25039
25042
25057
25070
25103
25108
25113
25132
25135
25138
25141
25143
25199
25205
25214
25216
25218
25220
25226
25231
25242
25248
25254
25279
25282
25284
25302
25309
25312
25320
25347
25350
25371
25383
25387
25396
25399
25406
25432
25435
25454
25465
25468
25478
25480
25488
25491
25502
25510
25513
25525
25544
25555
25558
25566
25570
25576
25579
25587
25590
25600
25619
25633
25639
25650
25657
25660
25663
25671
25678
25687
25700
25717
25723
25729
25736
25758
25764
25777
25784
25804
25818
25823
25831
25838
25844
25849
25863
25901
25913
25917
25947
25955
25960
25965
25969
26005
26009
26021
26055
26060
26069
26073
26097
26119
26127
26130
26134
26164
26228
26234
26246
26264
26334
26346
26349
26353
26357
26360
26363
26406
26419
26423
26427
26430
26444
26463
26493
26518
26521
26525
26579
26583
26586
26619
26624
26679
26719
26724
26731
26864
26942
27108
27820
27822
27824
27827
27829
27831
27833
27835
27838
27840
27842
27844
27846
27849
27852
27855
27858
27862
27864
27866
27869
27874
27944
27947
27950
27955
27958
27973
27988
28019
28021
28023
28043
28052
28057
28063
28069
28077
28080
28088
28091
28102
28112
28144
28147
28155
28159
28164
28167
28170
28173
28175
28177
28180
28190
28202
28211
28241
28244
28247
28256
28264
28267
28275
28296
28299
28305
28320
28324
28334
28336
28338
28340
28348
28360
28363
28373
28387
28395
28398
28403
28412
28414
28426
28429
28435
28445
28451
28454
28468
28475
28483
28514
28522
28531
28534
28537
28542
28547
28554
28558
28565
28568
28580
28586
28590
28597
28603
28617
28623
28646
28648
28658
28666
28673
28675
28683
28689
28692
28699
28707
28718
28738
28748
28756
28758
28763
28766
28769
28771
28778
28789
28796
28809
28816
28819
28829
28833
28838
28840
28855
28858
28864
28880
28899
28902
28905
28908
28915
28942
28951
28956
28961
28964
28968
28974
28982
29005
29013
29015
29017
29019
29024
29037
29053
29056
29065
29068
29072
29076
29084
29106
29117
29119
29121
29123
29128
29138
29155
29157
29168
29173
29185
29192
29197
29208
29220
29233
29235
29243
29248
29255
29264
29274
29284
29297
29303
29319
29326
29328
29343
29349
29362
29374
29379
29395
29472
29479
29483
29488
29494
29496
29500
29504
29512
29515
29528
29551
29559
29561
29563
29585
29592
29594
29601
29605
29607
29617
29619
29621
29624
29631
29634
29639
29650
29661
29687
29692
29695
29704
29713
29719
29724
29726
29739
29747
29750
29752
29755
29757
29759
29770
29809
29820
29827
29845
29853
29858
29863
29869
29895
29901
29906
29912
29926
29929
29936
29942
29988
29991
29997
30000
30003
30011
30018
30023
30026
30037
30056
30063
30070
30072
30089
30100
30107
30123
30125
30127
30137
30143
30149
30155
30159
30162
30180
30185
30190
30192
30208
30216
30237
30242
30244
30256
30260
30263
30266
30276
30315
30320
30324
30327
30333
30336
30343
30346
30364
30375
30383
30388
30400
30405
30412
30419
30429
30440
30447
30455
30474
30489
30492
30494
30496
30502
30507
30510
30513
30528
30553
30559
30562
30565
30569
30572
30609
30612
30617
30620
30648
30660
30663
30668
30681
30689
30694
30706
30720
30730
30734
30736
30745
30759
30789
30795
30798
30804
30837
30843
30867
30872
30877
30900
30904
30923
31010
31017
31025
31029
31033
31039
31043
31047
31077
31105
31109
31115
31119
31123
31135
31139
31143
31147
31151
31181
31185
31206
31220
31223
31225
31228
31241
31245
31249
31253
31261
31280
31285
31306
31332
31337
31342
31350
31393
31429
31434
31477
31483
31497
31512
31535
31539
31551
31568
31598
31614
31617
31623
31628
31661
31719
31738
31743
31746
31755
31761
31779
31794
31812
31837
31855
31858
31866
31877
31903
31909
31919
31923
31959
31970
31973
31977
31979
32019
32021
32034
32038
32061
32070
32078
32093
32104
32110
32118
32123
32152
32161
32172
32190
32199
32210
32218
32225
32228
32264
32270
32279
32293
32333
32346
32348
32353
32381
32390
32398
32423
32430
32446
32461
32480
32493
32494
32495
32496
32497
32498
32501
32502
32503
32507
32510
32564
32568
32571
32575
32579
32583
32586
32588
32591
32595
32598
32602
32614
32653
32656
32659
32662
32665
32668
32786
32940
33476
33655
33693
33781
33814
33864
33893
33897
33940
33968
34025
34047
34052
34084
34095
34112
34178
34217
34221
34225
34229
34232
34235
34238
34241
34245
34248
34251
34255
34258
34261
34263
34266
34271
34274
34277
34280
34283
34286
34289
34292
34295
34298
34301
34305
34429
34450
34455
34458
34461
34464
34468
34473
34476
34479
34484
34547
34556
34574
34584
34588
34617
34620
34629
34650
34653
34658
34661
34681
34720
34723
34731
34734
34751
34761
34764
34786
34789
34818
34821
34846
34849
34859
34869
34872
34883
34898
34944
34949
34952
34981
34997
34999
35001
35056
35065
35069
35074
35083
35111
35116
35157
35178
35181
35189
35222
35228
35233
35266
35289
35294
35320
35330
35365
35391
35416
35424
35428
35448
35479
35483
35512
35557
35562
35606
35632
35671
35692
35868
35873
35877
35881
35887
35891
35895
35899
35903
35907
35911
35914
35917
35923
35926
35929
35933
35936
35939
35942
35945
35947
35950
35953
35956
35959
35962
35965
35968
35970
35973
36044
36050
36055
36059
36088
36093
36121
36125
36133
36195
36218
36222
36227
36238
36305
36311
36315
36329
36333
36345
36349
36367
36371
36403
36431
36441
36445
36453
36457
36463
36468
36473
36531
36538
36549
36556
36568
36585
36596
36603
36620
36631
36666
36677
36682
36686
36730
36749
36753
36764
36778
36782
36794
36797
36837
36843
36858
36861
36865
36876
36904
36907
36918
36948
36959
36962
36965
36968
36974
36978
37017
37035
37040
37044
37056
37060
37092
37097
37102
37123
37134
37141
37146
37155
37176
37186
37195
37214
37223
37228
37231
37258
37266
37271
37296
37310
37320
37333
37348
37354
37385
37390
37395
37398
37408
37428
37431
37446
37464
37477
37498
37520
37523
37526
37530
37534
37537
37540
37543
37545
37548
37551
37554
37557
37560
37563
37567
37576
37583
37586
37589
37592
37595
37598
37601
37603
37605
37608
37611
37614
37617
37625
37730
37742
37751
37754
37757
37760
37764
37767
37770
37773
37776
37779
37786
37800
37885
37891
37906
37909
37913
37916
37919
37922
37925
37928
37931
37938
37951
38044
38051
38057
38060
38064
38067
38070
38078
38081
38084
38100
38165
38182
38195
38198
38200
38215
38219
38228
38231
38235
38255
38294
38329
38341
38346
38357
38361
38378
38393
38406
38411
38414
38460
38463
38474
38491
38494
38506
38516
38519
38523
38548
38567
38570
38572
38590
38595
38598
38612
38619
38626
38647
38665
38667
38670
38687
38692
38711
38720
38730
38736
38771
38774
38785
38789
38794
38804
38807
38836
38848
38851
38855
38867
38882
38887
38908
38912
38919
38926
38944
38950
38957
38972
38974
38995
39002
39025
39029
39043
39051
39068
39075
39098
39107
39112
39128
39171
39174
39177
39180
39183
39187
39196
39200
39204
39207
39210
39214
39217
39221
39227
39230
39233
39236
39239
39242
39246
39258
39262
39265
39268
39271
39275
39350
39358
39364
39368
39378
39393
39396
39399
39436
39440
39460
39477
39506
39554
39562
39566
39570
39581
39592
39655
39659
39663
39672
39676
39682
39685
39700
39714
39736
39751
39755
39764
39774
39791
39804
39816
39823
39833
39839
39857
39871
39886
39938
39942
39946
39953
39964
40008
40011
40023
40027
40032
40060
40091
40124
40132
40139
40142
40145
40150
40157
40165
40171
40204
40210
40220
40234
40247
40250
40262
40271
40307
40319
40329
40344
40347
40354
40371
40393
40397
40418
40432
40435
40438
40475
40478
40488
40498
40517
40536
40551
40592
40601
40604
40617
40628
40658
40690
40696
40718
40723
40725
40747
40772
40778
40802
40823
40826
40829
40832
40835
40838
40841
40844
40847
40852
40855
40858
40867
40871
40884
40888
40891
40894
40898
40902
40906
40914
40918
40923
40935
40938
40941
40943
40945
40947
40949
40954
40956
40959
40962
40975
40978
40981
40984
41029
41054
41057
41063
41066
41073
41076
41094
41098
41113
41123
41137
41140
41160
41197
41210
41214
41216
41220
41223
41229
41241
41246
41255
41277
41282
41294
41319
41348
41350
41364
41371
41383
41403
41422
41425
41440
41442
41453
41461
41464
41474
41491
41523
41526
41528
41542
41557
41560
41579
41589
41595
41606
41609
41635
41640
41655
41658
41672
41684
41687
41705
41716
41732
41735
41738
41762
41780
41790
41798
41803
41806
41814
41831
41847
41871
41875
41886
41889
41892
41902
41914
41917
41960
41969
41987
41990
42007
42047
42056
42059
42072
42082
42105
42114
42145
42167
42175
42183
42241
42249
42252
42255
42268
42284
42302
42309
42315
42332
42345
42357
42366
42377
42386
42391
42412
42421
42429
42432
42452
42469
42477
42503
42524
42532
42540
42545
42550
42555
42559
42563
42567
42571
42575
42587
42589
42592
42594
42596
42598
42600
42602
42605
42608
42611
42614
42618
42621
42623
42625
42627
42629
42631
42633
42636
42642
42644
42646
42649
42651
42656
42659
42662
42665
42667
42670
42673
42675
42677
42683
42685
42764
42770
42775
42780
42785
42791
42808
42812
42873
42877
42883
42887
42919
42965
42973
42980
42986
43037
43066
43070
43075
43080
43161
43165
43172
43176
43181
43185
43190
43195
43250
43254
43259
43265
43284
43338
43342
43346
43351
43420
43424
43432
43436
43444
43449
43499
43504
43510
43514
43518
43522
43574
43579
43585
43589
43604
43617
43646
43656
43662
43682
43692
43717
43729
43733
43752
43757
43769
43775
43785
43791
43795
43807
43810
43841
43844
43849
43853
43856
43874
43878
43888
43891
43896
43924
43931
43933
43939
43942
43951
43959
43967
43970
43995
43998
44001
44030
44041
44055
44058
44070
44112
44121
44123
44143
44173
44177
44179
44207
44218
44239
44242
44244
44247
44249
44251
44254
44257
44260
44263
44266
44269
44272
44274
44276
44279
44281
44284
44286
44288
44290
44297
44300
44303
44306
44309
44312
44314
44316
44318
44320
44322
44324
44327
44329
44331
44335
44337
44340
44343
44345
44347
44409
44418
44460
44465
44467
44469
44476
44481
44486
44493
44498
44501
44531
44536
44541
44557
44622
44624
44633
44635
44645
44650
44653
44656
44667
44670
44679
44688
44690
44697
44724
44729
44762
44765
44768
44773
44778
44788
44816
44821
44837
44843
44846
44859
44894
44902
44907
44909
44912
44914
44916
44919
44965
44967
44996
45003
45022
45047
45076
45083
45090
45136
45156
45162
45201
45203
45219
45227
45229
45234
45242
45261
45284
45298
45305
45308
45322
45324
45336
45346
45372
45381
45385
45427
45429
45431
45435
45449
45462
45471
45474
45481
45504
45513
45542
45545
45547
45555
45559
45561
45593
45599
45606
45619
45624
45648
45655
45661
45672
45685
45695
45743
45764
45787
45791
45802
45808
45818
45827
45841
45856
45891
45893
45896
45898
45900
45903
45906
45909
45911
45914
45917
45919
45922
45925
45928
45931
45934
45937
45940
45998
46011
46014
46030
46056
46059
46072
46074
46077
46086
46101
46114
46145
46161
46168
46171
46185
46192
46199
46214
46228
46233
46238
46252
46256
46269
46273
46290
46294
46313
46351
46363
46367
46384
46393
46416
46419
46434
46442
46446
46452
46457
46470
46473
46521
46529
46541
46546
46550
46568
46575
46579
46598
46602
46626
46631
46636
46647
46697
46700
46709
46724
46730
46750
46753
46796
46802
46810
46859
46869
46876
46879
46885
46899
46906
46966
46969
46974
46977
46981
47016
47056
47061
47065
47069
47122
47138
47141
47144
47151
47154
47157
47195
47198
47215
47225
47228
47262
47266
47290
47292
47298
47307
47359
47370
47387
47410
47415
47434
47446
47486
47488
47491
47493
47496
47499
47501
47503
47506
47509
47512
47514
47516
47518
47520
47523
47526
47529
47532
47534
47537
47603
47606
47615
47618
47631
47634
47637
47640
47663
47666
47676
47679
47695
47697
47700
47710
47725
47734
47738
47744
47757
47764
47767
47778
47792
47820
47823
47831
47844
47847
47850
47859
47878
47884
47887
47902
47914
47920
47922
47938
47943
47954
47957
47971
47988
47993
48020
48028
48042
48054
48057
48060
48076
48078
48082
48107
48114
48129
48136
48142
48160
48167
48174
48187
48205
48212
48222
48233
48236
48239
48242
48249
48265
48268
48285
48292
48295
48298
48317
48345
48364
48367
48374
48398
48407
48418
48426
48429
48439
48458
48471
48477
48489
48495
48498
48501
48517
48525
48537
48540
48543
48560
48581
48596
48620
48624
48629
48637
48644
48669
48680
48692
48705
48722
48746
48774
48789
48818
48820
48831
48836
48860
48877
48883
48917
48931
48937
48950
48978
48983
49011
49029
49041
49084
49088
49092
49096
49100
49104
49108
49112
49115
49119
49125
49128
49131
49134
49199
49222
49226
49238
49243
49256
49260
49270
49283
49288
49303
49315
49325
49329
49345
49358
49370
49383
49414
49423
49429
49439
49448
49460
49475
49491
49514
49518
49528
49534
49542
49558
49568
49617
49639
49652
49655
49666
49673
49678
49702
49748
49751
49758
49763
49771
49777
49808
49881
49885
49893
49916
49927
49948
49968
49989
49995
50044
50069
50074
50099
50111
50119
50123
50159
50168
50172
50178
50224
50246
50249
50256
50260
50263
50269
50333
50336
50380
50390
50394
50442
50455
50479
50501
50511
50526
50531
50539
50550
50568
50574
50590
50605
50619
50644
50681
50684
50687
50690
50693
50697
50700
50703
50705
50707
50710
50712
50714
50716
50718
50721
50723
50725
50727
50729
50837
50861
50868
50870
50875
50881
50883
50885
50887
50892
50898
50903
50906
50909
50911
50916
50925
50942
50952
50982
51020
51029
51035
51037
51040
51042
51045
51056
51059
51064
51066
51110
51123
51136
51143
51176
51179
51181
51186
51213
51215
51219
51234
51251
51257
51274
51311
51315
51321
51325
51337
51348
51351
51360
51366
51374
51382
51385
51399
51405
51438
51449
51460
51469
51473
51476
51483
51502
51525
51527
51529
51535
51545
51556
51580
51585
51588
51591
51596
51598
51604
51611
51613
51636
51638
51665
51680
51685
51691
51693
51696
51702
51709
51738
51740
51748
51755
51764
51766
51784
51789
51792
51799
51832
51842
51846
51854
51869
51872
51877
51879
51885
51888
51892
51944
51958
51960
51963
52001
52016
52018
52029
52032
52035
52065
52069
52079
52081
52092
52095
52106
52133
52144
52170
52186
52189
52219
52223
52260
52275
52277
52279
52284
52288
52290
52295
52298
52304
52307
52310
52313
52316
52446
52450
52460
52496
52510
52524
52527
52550
52553
52565
52606
52613
52627
52652
52661
52666
52683
52686
52692
52704
52707
52709
52713
52724
52726
52765
52768
52778
52783
52807
52810
52818
52836
52845
52869
52879
52904
52907
52917
52937
52940
52971
52986
52997
53017
53031
53055
53080
53084
53106
53108
53112
53116
53127
53154
53162
53165
53169
53177
53179
53187
53227
53229
53232
53240
53244
53251
53297
53303
53314
53335
53340
53359
53399
53401
53403
53405
53457
53462
53484
53490
53507
53522
53537
53540
53555
53557
53560
53614
53640
53645
53689
53726
53791
53809
53894
53927
53930
53932
53935
53937
53940
53943
53945
53947
53950
53953
53955
53957
53960
53963
53965
53967
53969
53972
53975
53977
53982
53987
53994
53997
54000
54004
54008
54013
54017
54021
54025
54029
54042
54045
54049
54052
54055
54062
54068
54072
54075
54078
54083
54086
54155
54168
54173
54178
54181
54184
54188
54191
54203
54206
54211
54214
54216
54219
54224
54229
54247
54250
54252
54284
54287
54291
54295
54297
54321
54324
54326
54333
54341
54344
54351
54360
54387
54403
54405
54414
54422
54427
54431
54439
54442
54460
54465
54473
54482
54484
54526
54534
54546
54549
54557
54565
54569
54583
54604
54607
54620
54623
54625
54645
54653
54656
54662
54684
54693
54704
54709
54714
54716
54719
54738
54744
54754
54764
54773
54781
54783
54789
54802
54808
54811
54818
54855
54879
54924
54926
54943
54957
54968
54982
55031
55034
55054
55077
55081
55084
55091
55103
55127
55131
55140
55143
55150
55164
55177
55185
55218
55224
55229
55232
55240
55248
55262
55265
55270
55299
55310
55327
55337
55346
55354
55363
55372
55381
55397
55401
55408
55425
55440
55467
55482
55492
55517
55522
55547
55557
55562
55581
55586
55593
55614
55621
55635
55639
55642
55645
55652
55654
55656
55658
55660
55662
55664
55666
55669
55672
55675
55678
55680
55682
55684
55686
55752
55760
55772
55777
55783
55803
55808
55811
55822
55827
55833
55839
55842
55845
55848
55862
55865
55869
55887
55909
55911
55923
55927
55948
55952
55957
55963
55969
55975
55980
55982
55984
55986
55988
56015
56020
56026
56042
56049
56065
56070
56077
56082
56084
56088
56103
56106
56114
56119
56127
56138
56144
56156
56169
56181
56187
56207
56217
56220
56223
56229
56235
56242
56249
56253
56258
56269
56271
56281
56284
56288
56298
56304
56306
56309
56319
56321
56337
56342
56354
56359
56365
56371
56386
56391
56397
56408
56414
56421
56434
56440
56443
56458
56462
56464
56489
56491
56509
56531
56550
56553
56573
56600
56605
56607
56613
56621
56624
56628
56637
56651
56661
56665
56678
56692
56697
56705
56712
56714
56719
56726
56740
56759
56765
56769
56778
56787
56804
56820
56826
56838
56844
56857
56862
56868
56879
56896
56911
56916
56918
56920
56924
56933
56937
56950
56962
56969
56971
56977
56981
56986
56988
56990
56995
57000
57004
57026
57033
57042
57048
57050
57077
57080
57082
57089
57101
57120
57126
57128
57133
57170
57176
57204
57267
57297
57300
57303
57319
57326
57334
57343
57347
57363
57365
57368
57374
57377
57383
57407
57411
57431
57438
57444
57446
57449
57455
57477
57484
57487
57491
57502
57508
57517
57521
57530
57554
57561
57568
57573
57576
57585
57593
57595
57598
57613
57631
57637
57639
57648
57651
57657
57662
57665
57668
57671
57675
57681
57700
57725
57737
57751
57754
57759
57763
57766
57775
57784
57792
57800
57815
57817
57824
57839
57846
57849
57863
57874
57878
57897
57900
57922
57925
57927
57930
57933
57943
57955
57958
57980
57985
57987
58000
58006
58009
58015
58030
58033
58042
58051
58056
58059
58074
58082
58085
58098
58106
58113
58123
58126
58128
58144
58151
58155
58167
58170
58181
58187
58198
58209
58211
58217
58246
58261
58265
58268
58284
58306
58311
58323
58326
58358
58365
58377
58381
58388
58396
58400
58411
58430
58433
58440
58447
58452
58461
58480
58488
58497
58508
58513
58522
58525
58528
58553
58570
58576
58620
58627
58640
58672
58700
58750
58828
58833
58838
58843
58847
58851
58855
58880
58912
58916
58920
58923
58928
58952
58956
58960
59018
59048
59061
59065
59073
59077
59158
59166
59178
59222
59308
59517
60314
60316
60318
60320
60322
60325
60327
60329
60331
60333
60336
60338
60341
60344
60346
60348
60351
60354
60357
60362
60384
60392
60421
60426
60429
60441
60444
60456
60460
60477
60485
60487
60489
60491
60506
60515
60520
60534
60549
60553
60561
60564
60580
60582
60589
60607
60617
60635
60637
60642
60647
60650
60652
60655
60660
60662
60665
60673
60707
60734
60736
60738
60741
60744
60747
60749
60761
60802
60804
60806
60818
60842
60854
60885
60891
60897
60905
60928
60938
60943
60953
60964
60968
60974
60978
60980
60984
61003
61005
61013
61025
61033
61035
61057
61060
61064
61069
61072
61078
61080
61089
61093
61107
61122
61126
61135
61138
61141
61148
61155
61169
61172
61184
61195
61212
61214
61216
61227
61234
61237
61241
61243
61246
61257
61261
61266
61285
61289
61312
61315
61318
61326
61334
61339
61362
61365
61374
61378
61380
61384
61391
61401
61403
61418
61420
61430
61441
61453
61457
61466
61477
61480
61491
61493
61504
61511
61516
61525
61534
61550
61555
61557
61563
61571
61574
61587
61595
61603
61608
61610
61625
61636
61641
61644
61653
61669
61672
61677
61680
61686
61696
61703
61709
61712
61718
61739
61743
61748
61755
61763
61782
61786
61806
61810
61812
61817
61832
61847
61852
61863
61873
61892
61961
61967
61969
61972
61976
61979
61981
61983
61989
61993
61999
62009
62045
62049
62055
62057
62059
62065
62074
62077
62080
62085
62088
62092
62103
62122
62135
62142
62150
62163
62166
62178
62181
62188
62191
62203
62206
62208
62211
62222
62233
62235
62244
62247
62268
62273
62279
62288
62298
62306
62309
62328
62330
62333
62338
62348
62366
62390
62400
62414
62420
62422
62427
62429
62432
62438
62441
62451
62453
62469
62487
62491
62493
62503
62521
62523
62539
62544
62553
62556
62558
62561
62567
62575
62614
62630
62635
62639
62642
62645
62658
62661
62663
62667
62672
62676
62687
62708
62717
62720
62723
62731
62734
62744
62774
62776
62793
62796
62800
62806
62820
62822
62838
62864
62867
62880
62882
62891
62893
62904
62908
62920
62922
62929
62934
62950
62969
62973
62977
62983
62986
62989
62992
62997
63024
63034
63042
63056
63072
63078
63081
63085
63114
63122
63126
63128
63134
63155
63160
63186
63188
63190
63194
63196
63199
63202
63225
63227
63237
63239
63251
63262
63268
63283
63295
63306
63313
63318
63331
63336
63360
63370
63375
63394
63419
63422
63448
63452
63513
63521
63525
63529
63533
63538
63542
63556
63560
63565
63571
63631
63635
63639
63643
63647
63661
63664
63668
63673
63679
63702
63728
63733
63736
63739
63743
63747
63764
63767
63772
63800
63810
63818
63824
63829
63834
63840
63844
63853
63870
63875
63885
63895
63926
63937
63960
63975
63980
63986
63992
64013
64016
64047
64052
64062
64066
64112
64128
64141
64148
64162
64171
64191
64234
64236
64239
64251
64260
64283
64291
64307
64314
64317
64347
64357
64370
64378
64385
64398
64400
64427
64429
64448
64464
64469
64472
64477
64486
64493
64498
64531
64541
64552
64555
64563
64585
64587
64597
64601
64604
64621
64644
64650
64664
64678
64682
64686
64691
64698
64717
64719
64724
64728
64733
64735
64759
64764
64766
64770
64789
64816
64820
64822
64824
64844
64852
64855
64873
64899
64903
64925
64937
64952
64962
