123
27
122
34
129
127
111
28
11
109
1339
130
125
35
26
12
36
10
113
115
1279
128
106
478
1504
29
38
1499
1501
112
524
629
1505
1718
1506
131
1764
41
1280
470
1795
1671
114
1498
1826
676
1627
1625
1117
757
201
747
76
124
681
1717
492
1719
1121
678
13
496
1670
1212
1211
121
758
1662
1666
1048
1049
527
638
2135
2134
1978
1977
1465
1360
105
1766
1799
1151
1254
1255
1359
671
1701
1700
33
431
117
1141
1167
202
1086
1144
1825
483
963
44
126
795
790
1824
1495
498
308
1426
1846
1656
1667
1295
1876
1153
1875
1034
375
1033
1165
103
961
429
887
1877
889
845
1365
774
771
1839
446
445
2137
1967
775
212
2023
1030
1966
772
217
1032
1346
743
1417
400
725
1935
1449
2245
1197
1200
724
1114
1433
1936
1149
2009
1127
2146
1933
100
717
1418
334
1456
1591
883
879
280
2271
723
610
968
1782
50
2286
1080
764
1924
1085
1553
1950
2288
1773
616
1586
697
2211
1457
341
2291
2147
1820
1236
1492
1868
1192
363
1561
2097
862
1958
1957
1902
2080
1587
1189
701
2252
1146
1929
2174
2172
2173
166
2357
988
2140
634
1336
1158
340
77
2161
500
960
1268
2003
2217
506
2163
962
211
1122
1248
2162
1094
1273
551
1420
2226
501
118
1428
1578
336
45
2317
209
189
2340
2225
1088
1832
2315
1680
1278
1944
455
1792
1222
1237
180
403
916
1946
416
1604
674
852
728
612
1913
2292
620
414
2223
614
221
1679
224
1605
95
1225
107
304
1733
695
1118
1331
807
706
2098
1223
231
184
1870
693
766
426
2103
1740
227
1648
427
307
1226
1602
1230
79
220
353
1654
510
1474
1953
1036
456
1822
1776
1777
457
219
688
1694
2303
656
468
1229
2049
195
1592
2042
1473
1781
692
2001
1999
298
788
899
1444
1941
1447
458
223
2157
263
687
1796
1621
464
1037
900
1622
1650
2060
908
1466
1388
1177
2054
1772
1290
1106
1852
1039
2045
1298
1111
2284
2156
1562
1829
1524
2046
1448
69
70
946
2071
2329
1947
1945
600
2278
911
287
1413
2269
22
2079
1028
1315
597
2260
2052
1563
177
1112
272
2323
163
161
2275
1072
2002
169
672
1708
1711
110
1091
1566
2251
1705
1016
2219
1100
1070
2261
2076
2265
579
823
819
1588
2020
99
1619
447
86
550
1414
613
545
1082
615
2256
549
176
1571
1898
2201
2282
1895
1894
565
9
89
1096
604
602
2063
214
213
1393
713
558
179
2168
2277
2029
2064
958
957
2254
1911
1135
1054
1871
2197
814
811
2194
1874
531
666
78
1357
66
670
749
745
663
4
1812
1808
736
1827
2182
781
1042
2187
532
851
843
789
783
938
662
30
898
1491
730
935
773
2069
1940
1804
1807
294
1675
1382
1380
526
636
630
624
1864
1862
2133
425
422
1555
1274
2089
295
1281
1676
1665
1549
1558
1636
552
733
1551
1548
2093
1166
1156
951
954
413
1375
359
1374
1321
360
373
1685
1479
578
577
540
1547
1329
950
955
834
835
1663
1674
560
451
993
1970
1969
596
2094
605
619
985
595
2095
2090
2048
1641
2033
1677
1727
661
260
894
977
912
1722
1684
2044
1833
1840
1920
1921
808
809
1891
1669
571
2039
1568
918
1744
1743
1803
1565
761
742
40
1758
1757
860
858
2359
1195
1060
1057
1056
1052
1050
910
1770
2047
2050
721
1355
1696
2294
2298
1985
1984
63
1377
1376
155
284
2356
1814
1848
1017
1850
1853
1009
909
712
575
265
266
588
585
301
297
296
0
302
1560
1567
1576
1584
1597
1534
1537
1517
1476
1313
1314
529
837
824
820
817
815
2198
806
805
2196
803
798
246
2218
247
787
2178
750
1872
2165
2164
1878
1333
1250
133
2099
148
2100
151
2250
389
157
158
159
162
2105
165
384
2106
2263
947
2266
1988
84
87
1014
2116
1811
2120
2118
1469
1813
1959
590
592
466
2112
1206
2121
1207
1210
459
599
1922
601
1930
2058
2310
603
966
1064
877
876
1061
68
3
965
892
893
2040
2051
108
58
104
1737
1485
1486
1908
1896
1262
1261
1916
1738
55
1113
1124
1125
1745
1115
1005
1004
1480
1831
1520
1471
991
980
992
989
1258
1259
259
258
735
727
271
685
519
675
8
683
32
277
329
326
323
385
388
322
731
404
515
686
52
682
1515
1514
1881
270
699
1545
1542
1546
690
1296
1302
660
665
274
1645
1646
2022
2145
718
1472
1956
1628
2319
1391
1029
355
1308
1309
1865
1018
2026
572
829
830
874
875
884
313
886
317
902
978
2127
2101
2036
2055
2035
979
901
2129
2113
2109
2117
2115
2114
2119
2253
2169
2170
2171
1386
2126
1362
1746
1164
428
2297
1093
1102
1000
183
868
998
449
1364
1363
1361
1381
450
999
1001
1383
804
1617
2073
905
1637
1642
228
853
756
844
794
769
836
653
521
1475
1482
522
536
1493
255
116
1035
1031
1024
1019
1521
1525
2255
1076
2142
1081
1951
1421
1134
1434
1287
1910
990
995
997
497
2276
490
1008
2280
1952
1962
1464
1458
1901
1965
1446
452
1109
1416
1123
1406
1128
2139
1998
608
1235
1300
2004
786
2005
637
1240
461
1201
782
2188
49
1577
1244
1245
424
1326
1987
433
959
2193
1742
1890
2322
1181
1330
1221
343
376
1823
1590
555
1335
1186
1695
2021
2096
335
164
1704
779
631
1603
2244
1358
1387
333
941
2034
358
925
364
399
1554
439
710
1736
1893
621
1892
1801
1845
1834
24
1342
2041
2149
1173
1267
1152
570
1312
2232
2338
2358
2148
300
1246
2355
7
2354
324
1178
2012
1171
1265
1266
1162
1526
2320
2326
2314
2309
1110
1847
542
273
1556
2243
722
411
533
1316
1092
737
1557
276
1502
1552
2279
291
85
1041
168
1905
1900
1629
475
1340
481
1640
143
491
1880
1071
1649
1651
1089
711
520
2259
92
2270
90
1688
2330
2327
1157
914
1723
1145
920
1510
644
1511
1715
1810
929
1761
261
1819
1821
1120
253
669
949
680
974
1691
1707
23
1490
2159
1749
1750
1020
2075
882
2065
