29
35
1064
32
109
31
102
99
105
389
395
103
399
355
23
388
379
335
101
30
1428
787
94
788
1589
1073
98
1424
2023
96
1069
795
1141
111
1763
1146
1949
1947
520
431
1588
1585
2015
206
1407
372
380
1592
108
669
654
1446
1440
1452
1304
2016
107
1419
24
1299
2017
2024
34
213
38
1662
1665
894
1132
1
1648
1450
1249
62
1650
1168
2096
823
1518
1509
1537
1505
828
2098
893
822
1504
1265
1250
265
1762
821
922
260
97
82
607
508
514
631
980
404
441
410
1297
627
606
978
829
1436
1526
1457
1502
1547
467
2079
1418
918
628
136
609
2064
1408
1703
1609
1179
461
614
1181
2065
139
891
1610
816
715
228
770
1598
1298
512
1333
1896
769
1621
1695
608
1023
230
516
762
737
768
1593
1625
1702
1599
13
1674
1865
783
604
1523
164
1211
1550
1487
941
295
1484
366
2
25
1049
1469
100
1453
6
592
156
880
548
1694
193
679
261
214
222
1501
760
221
376
215
1358
2010
1093
542
1213
1094
227
18
384
1133
738
540
140
1005
322
1388
947
517
226
2005
541
1004
1019
885
701
1846
1325
1554
881
1415
437
400
84
1212
1134
1528
15
416
492
705
415
407
383
1841
1840
1535
1017
2008
1605
225
207
88
896
675
2083
2030
190
716
1595
584
202
676
683
1007
1844
846
859
1933
359
926
1115
1100
472
2037
852
1387
1885
1696
87
1067
90
91
197
41
674
110
1970
685
1135
1096
1927
1293
1462
954
43
45
412
1006
888
1351
485
469
825
1229
198
1929
757
1183
899
1503
385
1260
1230
311
70
1386
706
1384
2063
2053
913
1389
1433
917
1221
919
2033
848
920
1184
703
2069
2029
1295
1714
1709
218
408
1704
217
157
1095
229
1038
160
1600
1318
1601
1580
2067
1039
940
698
80
1305
981
465
750
488
1876
473
421
938
1568
1569
792
699
1300
159
1276
1848
481
479
1482
1485
1826
974
168
1124
1139
1802
1803
158
1576
1461
454
1833
1266
1258
781
1540
1123
471
1255
1892
22
1241
1891
1811
712
1664
1667
1812
1994
113
1627
1623
1243
1224
1431
805
1254
1066
814
495
1240
60
1870
1875
77
79
1950
61
1951
8
1745
1748
1359
660
1077
818
1578
1976
501
1046
1065
1776
419
503
502
420
925
1653
1652
2068
702
1649
1710
1975
659
836
835
2039
1953
680
681
1952
2038
1054
1339
1341
259
258
1099
944
1548
2032
1777
1301
1390
1237
1782
1774
1560
1563
93
589
1647
1398
1602
1596
646
645
910
908
1443
793
1871
1873
245
800
1423
1455
1430
387
1464
1611
1603
1466
1441
950
948
545
597
1847
490
967
638
65
66
535
1753
1538
118
1463
273
1752
637
491
968
285
1915
1914
2014
2022
1031
1831
1830
152
125
900
1257
381
1468
979
1088
1175
364
1159
1163
764
1993
352
414
740
741
862
865
860
1114
1112
1584
1220
1624
1996
826
1628
1527
986
1992
1991
901
902
1083
267
269
2082
2084
878
577
1768
572
591
993
990
1075
1520
1493
1492
1717
1719
1795
1796
1800
1801
1854
1858
2094
1169
1235
1735
1244
1733
1732
147
1729
1641
1202
1203
1737
1736
1734
1631
1626
1642
1608
1818
1617
1618
749
748
1498
1533
942
493
494
487
1670
1552
185
186
866
867
189
1497
195
196
1553
1490
1460
1456
914
1394
1393
1373
1372
1369
1364
711
1307
1033
1308
1032
1311
1012
1010
1582
734
1685
1686
719
1152
1306
709
1765
1767
662
1773
658
1904
55
1907
1908
1909
1912
1913
1903
242
527
1920
1921
1922
1923
1118
294
1925
1108
247
574
458
292
647
643
641
1971
1972
1978
2012
2019
291
290
2041
2044
648
2051
1087
2054
2071
1097
2073
1138
1786
1779
277
276
1684
890
603
598
873
872
348
351
588
587
727
354
1956
1957
310
1895
1849
1682
723
1789
1794
1473
1778
801
594
375
1883
1879
1997
239
753
112
377
450
446
519
522
1348
1793
1808
1809
728
726
1874
1877
714
663
1349
120
121
439
1681
1683
1590
483
329
1659
1660
1352
438
137
141
1346
1347
1273
1272
1263
1669
462
440
444
445
1757
2101
122
123
443
820
824
1201
1200
2055
1217
1218
1238
1236
166
1317
1935
1072
786
1472
299
573
300
693
1324
1673
692
1524
161
1196
884
882
1727
1442
1924
1926
887
1454
499
844
1930
832
831
1481
857
817
904
1414
436
447
417
86
1253
286
1025
1027
424
1336
1410
1117
1219
1705
1107
513
1515
418
67
1030
1125
1516
1009
124
1693
1365
58
911
923
927
945
346
949
1316
323
321
523
457
1850
1302
955
561
1697
1381
782
1597
794
807
1606
682
1157
134
194
689
1261
1226
1227
987
374
1391
1228
1080
544
1171
1246
1232
212
599
1206
475
539
590
1901
1285
1140
244
1180
657
1543
254
255
256
1866
600
1210
1529
1495
815
1671
1121
155
2086
1760
201
12
1231
7
791
708
2025
240
1166
1167
756
1769
2020
678
1979
1981
1983
1467
1478
1444
1458
1754
1964
1959
1740
1995
507
962
1459
879
92
851
365
220
2021
1476
1465
1470
484
350
1290
349
78
611
1003
1471
1385
1195
1678
1620
1679
1256
1016
455
1020
1251
2066
2027
1888
2099
886
42
1539
1103
1264
1742
1178
1177
1245
1116
369
1738
1604
1746
1571
889
845
1216
1499
1074
1500
464
460
422
763
686
104
847
19
474
17
1233
731
