125
1381
28
23
30
22
1380
34
29
120
124
12
1068
1066
127
116
435
1854
535
1164
68
439
1350
1853
1184
1625
1069
113
1603
1162
453
458
3
119
1638
376
114
855
130
1159
1753
935
520
69
1731
1826
104
1742
1196
1538
394
756
1618
1863
37
1874
524
505
705
1763
457
1876
464
971
966
416
833
1945
931
939
707
417
447
1865
1615
1860
1817
1948
1797
1383
62
64
1726
1725
997
92
1376
13
2023
1644
122
1677
237
11
375
1921
1928
1808
1985
241
1622
941
755
1729
762
396
1740
1253
377
598
1426
1067
1248
850
770
545
239
897
759
527
1990
534
1875
236
898
1246
768
1251
543
587
528
395
95
1747
860
685
517
109
115
107
137
2224
110
1546
1738
538
1759
489
17
500
858
168
775
2202
1252
36
1393
1617
427
2209
1108
2384
1510
1120
224
789
1809
683
1118
1770
689
536
444
2201
1512
1117
1613
93
1768
2320
2239
1296
39
108
354
360
1850
934
731
1736
50
276
2235
740
99
964
1506
1758
2242
1495
1457
1456
834
960
294
292
780
522
145
1361
1353
1986
514
1873
372
690
521
953
2380
2024
887
1050
1106
1517
318
2116
1486
1352
2293
1360
1128
253
331
2432
546
32
1160
77
2450
1185
1107
409
1119
2373
106
1479
2123
1122
2407
2050
1811
1967
854
2191
1377
1746
2300
1364
1417
1021
176
2276
1690
714
1688
1092
715
175
1972
1964
2122
1485
131
2374
688
1890
2147
1170
2156
2248
2192
1859
1513
2019
802
1748
329
1446
2160
1099
711
450
2473
2383
310
1878
248
2198
2149
393
1575
1604
1829
1610
2461
1398
1717
2301
1654
1840
2454
1525
1576
1655
2297
2184
1828
2178
1745
1632
1609
1900
1908
1774
1315
332
1927
2064
1836
51
943
915
2062
1458
622
1465
306
1920
1542
1821
1760
618
1891
334
1734
1314
1348
313
1280
436
431
1769
1778
807
1520
2039
2042
1200
57
1984
75
808
1317
1877
1898
1204
1924
1279
2018
305
222
1382
810
1702
586
1561
803
1556
1839
826
1385
2216
550
2399
1568
638
1907
1550
2041
1993
1901
1719
597
2430
1727
1195
216
221
1646
257
2241
763
2085
269
982
985
1805
1594
1642
948
839
840
1830
1752
2449
1812
1114
1109
2435
1097
1100
2292
129
1593
918
1312
1302
563
569
1330
2071
1218
1756
1249
1592
1565
851
1790
980
1539
512
1474
2460
691
2043
979
422
526
1913
1316
1672
121
466
1682
1711
1540
2044
1630
1573
459
513
423
627
421
1616
1399
1137
641
2188
2472
617
2231
1514
1981
1975
2189
2185
2392
2391
1075
643
1211
1652
519
503
2186
1256
1258
1670
1567
637
1888
1151
470
970
958
1574
2476
2477
1052
1304
1305
1653
741
1156
1570
640
952
1566
1152
2372
2311
894
892
1392
1496
134
734
1648
200
2011
2045
831
1292
890
156
97
712
89
495
133
737
201
38
1141
1078
479
480
649
185
1645
1274
1275
1116
2278
1683
504
74
835
921
993
549
187
650
52
1192
1080
485
547
474
1077
551
1961
1762
751
2165
2261
1504
2236
2225
663
664
346
355
1347
2073
635
754
661
1501
2137
47
644
646
58
476
647
742
736
1346
2070
576
399
398
1694
1626
230
1619
1105
1098
946
76
45
709
910
907
1523
229
572
1693
484
1492
1498
660
478
2134
837
2138
853
21
491
1676
2108
2177
1541
10
72
410
1065
487
2107
2119
2094
2475
2370
2312
1894
2196
290
288
190
138
2032
2027
2030
186
1002
2228
998
1091
1094
223
287
291
590
2199
1397
1684
1661
875
878
904
901
378
43
1323
383
2466
2465
2471
324
1270
730
1038
799
2139
2143
2148
2145
148
937
933
1700
2247
1958
1957
1467
1468
155
2250
1461
162
1459
796
2275
2100
738
382
1123
1
166
1082
1037
381
380
403
404
314
1471
842
2079
2081
1689
2075
2362
1529
304
2358
1469
303
1039
1041
1033
1035
783
782
2393
1329
2111
777
2098
773
2097
556
758
557
1963
2288
1965
1333
793
820
2163
817
1008
1783
992
994
1870
2409
2036
2412
1526
2415
1172
366
2421
2234
990
1266
2238
1005
2047
1522
924
1220
1773
1772
1579
1712
1714
341
340
339
337
2259
1583
1582
1580
1709
2142
1032
2344
1031
1030
1029
1027
1025
1016
1014
132
2341
1214
1187
15
14
25
26
1165
1139
1209
1134
1193
1163
1930
1935
238
235
591
1916
1923
2203
605
2206
611
2055
227
242
2052
263
264
772
2008
2427
234
723
2175
1947
1949
1939
1938
973
1929
978
983
2205
2204
1936
1944
1946
1942
1325
882
886
213
1212
1224
2411
2417
2305
1598
1597
199
1053
2208
330
2193
525
824
1934
2408
308
665
1659
1320
48
44
2266
2264
1991
1507
1511
1024
2268
2272
1017
1994
733
849
848
2339
2337
508
507
1992
1983
1180
1079
1487
1146
1179
1988
1987
844
845
1483
1968
1969
1182
1076
815
463
1140
452
1191
2334
1308
16
944
592
938
2331
196
198
149
254
2245
1750
2162
1765
584
929
995
996
1995
311
1643
1933
704
1054
722
1045
1649
732
692
178
600
599
419
418
420
2324
1452
2319
460
1545
2309
1149
1269
207
208
209
433
2325
1154
2299
217
2298
2136
2296
679
2074
481
2072
2067
496
501
2049
2046
2031
2026
552
2006
2087
1989
631
654
662
1904
687
1892
1879
1871
1835
1715
1718
1516
2164
371
2167
1267
136
1722
1509
144
147
1254
2187
344
1499
2159
1519
2154
1716
82
2106
1295
1704
2194
1743
829
825
1181
320
2400
2280
81
1219
1370
2277
1445
2410
2274
1365
1527
1001
1589
65
232
233
327
1290
1781
790
281
1667
279
1673
275
2141
1183
2287
2230
2433
2260
2378
1336
1020
1413
801
53
54
2381
616
1205
1342
1018
917
1786
1705
1359
866
2448
927
1040
1493
1584
778
333
967
1739
1168
797
1379
981
158
1621
1245
1420
1822
1301
1466
255
2251
1210
1473
1222
2387
1429
1291
2294
18
2462
1462
2474
1402
1404
206
1234
1232
214
1441
1228
2470
1401
1796
1792
1789
1396
2263
2262
2258
2166
128
2121
518
2295
804
1167
1427
2291
813
798
1074
498
1447
215
1685
1842
2016
1681
1063
184
2303
165
2315
1721
157
1395
1384
1378
1375
537
2017
539
750
1363
1142
2359
1357
1349
2375
942
716
2173
1536
1283
1880
1818
2434
1771
1614
1533
1289
2246
2179
595
2181
2182
297
2060
962
2388
1524
1800
1521
2028
2020
1819
251
1313
258
1606
1827
2446
1213
2451
1572
1225
1868
1775
2464
619
1861
624
633
