121
120
125
31
25
101
107
111
34
1089
26
105
1090
127
119
38
1085
1773
33
1764
27
1715
508
1830
123
866
2541
10
1784
1423
1416
2357
2022
613
2204
40
2543
617
467
1491
590
1757
113
8
115
594
1782
640
1792
1320
1525
1876
428
430
1088
631
1886
753
300
505
1902
867
662
1878
1092
964
788
1500
544
445
509
1740
759
42
1905
962
1738
496
2395
497
266
265
515
1358
263
339
2399
1643
1638
20
1791
1735
1743
1354
731
2137
521
579
789
9
587
1884
126
2133
786
2398
1880
2212
1881
2455
783
663
74
87
2396
298
2016
1318
309
680
1838
2485
1923
1922
2340
2064
311
1885
307
91
1742
1241
1242
1446
1009
1012
387
933
1093
343
1300
1010
1132
304
1904
2339
513
1133
573
1497
598
2057
386
1908
1906
1882
1732
875
873
1082
1442
581
1762
1319
2256
94
861
882
849
2045
847
1716
722
725
2448
1889
2058
2185
973
1891
180
2538
2276
2521
944
526
1987
490
2312
2311
2549
1268
614
1041
2358
2211
286
2269
1415
338
500
2308
2036
178
2359
2550
1346
2059
1995
2283
2356
619
2296
1347
784
97
686
2390
1526
520
1752
2221
643
647
247
2033
632
2309
954
1989
2254
1724
1877
198
199
787
516
1751
112
1039
1853
2040
2416
768
114
1398
957
1714
1406
75
762
1840
765
2002
2056
1131
433
60
891
89
1568
410
899
695
852
45
145
1307
1653
2377
2508
1480
2049
1707
2483
2484
2052
2047
2001
1774
1310
2369
1001
1686
714
2161
667
2134
588
2189
2020
256
261
262
1688
457
2504
495
2367
525
1669
737
2127
673
1687
2437
1765
2385
649
1293
2063
2202
2191
448
54
488
1356
2460
1053
2207
46
834
1941
1126
1379
447
518
1945
1610
1873
583
2366
1670
841
57
1818
2128
2015
1077
146
571
547
2129
2111
946
584
1049
356
657
661
560
1816
2112
920
2446
660
1614
486
501
2006
2009
1050
815
1900
1144
717
63
61
1140
1138
1750
1944
1812
238
1861
1758
2130
2537
1753
64
231
143
1970
1558
1524
1601
1378
1998
1084
1210
626
124
1223
1226
824
1324
956
1031
2445
1362
1969
1548
620
634
628
1841
1120
1128
1907
820
819
2511
2203
1521
1532
688
401
1340
2418
272
1198
396
1770
1640
147
805
740
400
1780
1649
255
1583
394
1898
1964
2363
2430
1530
498
1335
1145
795
1890
462
848
154
878
907
906
876
461
3
1104
438
36
1961
1652
1582
6
1472
1887
1629
487
2519
715
1648
110
642
1510
1068
135
2536
1317
2274
719
1315
1627
240
1020
724
2268
1642
385
481
1435
1835
499
1564
1650
864
139
863
937
1803
1801
2501
2502
1313
2232
1981
222
1988
2228
242
138
1806
280
179
1798
1056
1566
1807
1000
718
284
942
936
2081
2079
506
713
969
958
415
1022
248
738
976
929
666
1569
1296
1799
832
1125
1129
258
371
2139
2135
831
2123
2132
1490
274
2473
368
1496
2471
971
1297
503
1322
1245
1244
568
1311
292
923
2266
681
1587
281
698
778
1076
1199
187
1368
1363
1205
1777
1408
1506
558
1788
1211
2265
557
921
736
1091
2361
2362
950
1006
529
1645
52
1284
813
1471
183
184
1694
1696
357
1185
1321
2351
1771
456
1075
1099
474
1667
1778
611
1201
1219
59
468
2477
2476
1178
1078
351
2043
1651
2044
1164
2175
2406
2500
2400
479
1166
616
363
2503
1289
1165
287
1702
1700
366
361
644
1216
1218
1314
1680
1681
1695
567
574
2201
1261
1257
1915
2205
1916
1328
2199
603
228
223
209
2382
700
699
1303
2230
1843
2223
1664
1854
1663
1059
13
1517
2462
1256
1255
2439
595
1330
2380
1917
2213
251
245
246
2389
1413
1963
1968
664
659
742
1243
1866
1455
1457
440
439
219
1600
388
437
1868
1631
1110
1329
1122
1123
1229
1231
2370
2403
2287
2281
2100
2348
2131
2350
294
289
217
216
2124
2285
2288
2099
652
1672
1106
2098
2105
658
648
1621
1613
1869
1173
1098
1182
1186
1174
1175
645
1111
1156
1127
1116
1150
2338
1073
2334
2333
1874
1883
655
987
761
760
756
741
2478
739
703
702
2475
694
693
2083
2084
687
684
2091
766
773
774
780
912
512
22
21
1870
1872
2039
1531
2038
1529
826
829
830
837
1973
843
862
1954
1953
822
1974
1940
565
1005
1004
997
1044
1040
0
1269
2158
203
204
2159
539
2162
2163
535
2187
224
226
1247
1246
1730
1736
1741
1747
1754
1755
1760
1163
1034
1037
1042
986
2237
2234
1533
2233
2229
2225
1387
1535
1381
1372
1371
1476
1477
1365
983
985
2210
1341
1342
988
1343
1066
1065
1062
1029
1024
412
1025
1067
413
420
417
1950
1951
1557
1550
2167
156
2245
2246
1264
1262
779
777
150
422
2412
2196
421
419
749
1215
1207
2168
586
591
1556
1552
1573
1571
2411
425
602
2413
2301
2315
1928
2435
1292
155
158
589
1937
1938
174
175
2304
79
81
84
475
2179
2164
2166
2165
2259
546
559
597
1958
1959
1709
1731
1628
418
1538
599
2215
2209
1767
1756
610
604
2298
2299
1298
1288
1299
1925
1931
1919
2493
1759
1766
2535
625
622
1018
1421
1775
1572
2073
2077
1197
1188
2148
1790
1721
1722
151
128
24
148
2149
2143
391
853
854
835
2431
2423
934
918
527
1224
1693
836
750
390
1209
1202
434
436
1176
1130
1783
1761
972
1047
979
978
1052
249
2345
1440
227
1800
1804
277
959
1808
73
1996
1160
1993
683
1991
398
99
397
1083
95
1323
160
92
2425
1971
711
1121
1943
1723
2495
1370
735
1543
980
1542
118
2453
1137
1894
1602
2003
116
1896
858
136
2241
362
650
2250
1141
2251
1447
639
2023
435
2184
2486
790
1837
1374
1438
1295
1655
2160
2113
2375
524
2092
86
1420
1419
1641
552
592
1325
2035
1327
927
68
2024
612
913
2507
910
1607
2392
897
624
1478
823
43
44
665
2518
1383
332
2432
409
408
668
56
2104
887
2195
1213
1081
716
1080
894
2270
903
1266
32
2527
1522
2041
1520
1349
1519
1518
2397
1871
1936
900
2343
806
1069
2294
2419
2548
1567
1811
283
302
860
1967
2414
267
608
1359
1348
1072
1618
259
1624
803
2053
2433
1196
1195
2428
1046
449
134
1048
2422
1051
233
2420
1903
817
965
825
1473
2371
833
1768
502
2354
491
846
1739
851
478
842
528
1776
2032
1962
733
606
1839
1388
1828
2520
2525
58
1237
62
2177
1717
1952
1003
1644
1948
463
2505
2182
2183
1639
2247
1235
41
2173
1016
1815
254
886
2302
1285
911
555
1013
2027
2190
2192
1726
260
2206
1204
1203
726
1267
17
315
721
633
654
