103
102
108
105
106
26
110
99
33
583
94
1059
22
18
1434
98
25
23
86
392
97
382
365
253
30
576
270
1920
366
1403
939
585
389
1400
21
1926
31
1267
24
274
87
5
1613
1612
1268
611
535
271
156
988
1469
101
984
313
158
1178
1598
6
1453
1458
1177
1777
1776
1047
1576
1611
107
1570
1619
1404
1394
1938
19
945
1909
534
159
1058
1476
388
1655
1440
1618
90
751
1321
109
1439
207
1789
1197
1815
1813
691
396
1435
1505
1720
973
1695
1506
63
206
692
552
203
64
1725
971
1216
308
307
546
968
14
62
305
306
1541
841
1546
1544
427
429
61
1256
1513
237
1792
179
375
709
548
1614
408
1783
276
1018
930
78
376
1779
409
1512
1724
337
194
84
1607
178
1306
357
848
587
157
1079
476
111
112
665
582
377
1686
1685
201
479
1593
1382
513
1165
1465
1634
1200
267
1251
714
1474
1730
783
1757
1471
518
1969
1467
712
1289
1726
1508
419
750
1932
1915
742
882
1250
612
731
1993
1649
469
1286
1916
884
616
741
1937
975
598
154
1292
252
1985
1182
1127
1583
1125
763
688
304
1323
1322
13
695
604
1198
1615
1373
1929
999
1324
215
216
1580
1841
706
1153
91
1940
579
1
1843
1491
974
1919
1183
940
1863
1860
1683
148
1130
1221
144
671
856
855
1090
1045
1463
1652
1131
668
978
1147
1150
1220
1053
1684
581
1218
191
147
606
667
484
478
1128
1539
982
662
1682
537
755
1146
981
1151
1270
1520
1521
1927
1933
1710
737
465
1643
1603
1232
1233
543
639
646
1609
485
468
89
1696
1621
280
115
208
522
523
1905
584
701
1282
1285
590
275
1569
589
278
578
1967
1842
1697
213
1312
461
1846
1902
610
1219
177
837
17
1786
1788
231
1290
235
1966
243
1129
495
1891
1893
1280
504
501
634
1637
600
218
224
113
316
514
59
1350
437
591
240
436
434
1931
354
92
631
756
1259
1319
1320
0
1254
1429
1706
1748
1426
1229
1930
1917
233
220
647
391
386
1844
1995
1994
1845
941
936
1038
871
458
1227
1225
281
255
644
453
466
467
762
754
933
251
661
1722
1728
1277
1278
776
1381
1391
1534
1527
1199
1179
1477
648
314
445
1736
778
494
1601
170
167
947
994
1806
1809
733
732
1715
564
333
332
1733
446
654
561
1712
653
247
248
1137
1049
1108
1138
1758
1516
878
873
1481
1579
1582
1475
915
351
916
302
575
897
900
394
395
505
502
1578
1473
1479
403
1407
1408
7
20
830
412
828
1494
1490
45
1681
1487
1492
1488
827
1025
1023
1557
528
586
1658
1692
1659
1660
1661
1272
44
414
1554
1456
1987
214
1708
212
1707
1089
1088
1081
1304
1075
1303
1074
1884
499
1365
417
815
819
38
54
55
410
1010
1754
193
192
834
1753
1752
1751
770
769
1755
943
1794
282
287
887
228
702
700
236
239
1298
684
1301
269
1572
272
1395
1577
1826
1824
1135
292
555
556
277
1671
1675
1679
474
471
448
428
418
369
368
1760
1763
440
1669
615
1639
1638
1222
1348
757
1486
998
1349
1780
117
118
1781
319
125
126
318
1801
730
759
1485
343
1484
1067
140
139
1342
1158
1241
1339
1338
1064
723
1239
724
725
1238
726
1337
1237
1231
1056
85
808
899
818
894
1019
890
820
889
1949
82
1873
1960
1961
1114
1862
1870
1814
1816
1817
1955
792
1378
1377
143
146
810
805
153
150
1379
785
1447
1354
1353
393
384
182
183
1956
1951
1928
877
1357
1327
1326
1954
772
771
1330
1329
539
538
1950
872
1990
32
765
766
736
1107
782
1104
497
496
1958
1941
774
812
777
811
572
596
1620
761
758
1428
1419
689
16
799
1422
1424
1430
651
1600
1599
1935
1923
1427
1431
1567
1561
452
60
1228
256
1375
493
1352
786
4
861
858
527
529
450
442
56
137
438
876
886
1850
1230
633
72
893
898
1362
1361
1851
69
883
130
73
71
407
398
431
430
1948
1953
867
880
658
1689
1302
1293
1711
1385
1911
1678
1677
1676
1901
1855
1176
1175
849
421
1040
439
1903
1334
1640
1167
338
1164
74
790
472
185
807
814
190
1575
854
1584
1283
205
1597
481
83
1261
80
1606
931
1625
1632
70
540
1345
752
747
1804
1364
1887
402
1110
1393
711
1885
1401
698
1963
1374
67
1120
1787
268
541
1193
1099
944
152
1535
265
1441
1126
710
114
1514
1180
1443
163
1729
976
1504
623
1078
948
533
1012
1014
1015
526
1731
588
1145
145
180
356
1201
1061
1205
1004
8
15
1785
246
1992
1223
1152
1155
301
574
1309
1308
1978
1980
1214
1211
1367
866
865
1366
1043
859
908
909
1093
1136
1083
1103
1082
1139
1590
1594
1388
422
1386
151
397
666
652
1633
672
1608
868
173
1017
703
88
1215
592
1918
705
81
334
1925
1224
713
470
234
473
1936
715
475
1307
1305
1984
1908
1988
1991
1892
1646
788
1294
1118
1502
621
1288
970
780
1761
346
557
1207
1206
603
294
41
816
293
914
918
1795
1029
1027
1798
1558
378
809
1721
1258
11
1565
12
817
1260
1132
