31
33
24
132
131
25
137
125
23
120
138
122
32
42
136
115
9
85
37
139
134
126
140
133
11
118
483
10
111
1698
1683
566
123
946
1882
969
978
933
954
1326
556
1330
1027
1023
475
573
940
557
45
2288
1511
607
2285
2355
2354
2171
1092
130
797
2115
2194
18
1224
1218
982
135
459
1205
2339
1798
1168
1107
2175
242
1163
2133
49
620
452
646
1697
1491
642
796
1019
2135
928
1138
116
84
896
848
849
128
106
113
243
1339
155
57
1811
1875
370
154
1108
1495
364
356
531
1896
1806
1531
2033
511
443
1951
894
536
357
1529
2032
544
1343
1670
680
626
1158
92
94
359
2343
974
1897
1144
608
1285
2126
990
1906
355
1284
962
259
86
1088
1904
1654
622
629
317
1653
2228
1953
513
258
1336
783
19
2286
1594
1788
12
1332
1215
1383
782
441
440
506
1821
2233
784
1342
1607
316
1693
2284
2184
1966
1573
1324
1331
1333
801
487
904
901
230
245
1086
1090
695
1094
1091
1478
1338
484
543
2187
1335
1827
500
1964
691
1711
246
244
715
1975
709
438
929
932
1177
2441
213
480
1718
1180
2443
229
1824
1183
274
1220
1214
837
2124
1588
1651
1527
1959
2210
1667
1688
2344
304
2325
1103
874
239
1831
2367
2114
1033
876
1242
1241
247
1523
1570
514
143
1853
409
1729
2353
1429
1716
1245
1363
512
1369
2064
1025
738
1367
249
1860
434
1723
101
1895
1471
2352
1340
255
1941
1316
1098
1690
826
2061
469
1553
1378
82
1768
1871
737
584
1662
1661
1655
1701
1727
248
1944
2107
343
1204
339
711
26
656
485
564
1470
2252
764
422
290
530
338
2253
1329
1947
713
462
587
2421
2257
1506
303
1350
301
895
1253
871
1448
639
943
907
1702
1678
522
335
1721
589
337
318
319
1512
1726
1650
1128
545
1422
2143
456
2190
1497
2075
1707
2158
2164
1835
2230
1892
226
2191
546
1649
2152
261
260
196
2089
2093
1805
1191
1970
1248
1883
931
1469
2366
404
1973
2167
2058
648
652
1669
2149
1252
400
1710
1846
1799
197
686
526
888
1736
1026
700
714
209
923
414
1593
977
604
935
799
212
885
525
794
884
381
1005
417
1862
791
1850
1083
548
1930
1935
1157
477
671
1124
577
850
851
1198
1199
150
2423
418
795
151
571
534
58
99
539
427
1989
2056
1540
621
649
2269
2291
1443
1441
1374
553
54
917
1732
2268
528
1377
2265
1394
1994
59
1988
2260
47
2160
1452
641
527
535
179
68
67
2163
2232
1939
1133
1544
1957
1320
1938
2188
180
63
1539
1530
2373
654
14
1742
2374
679
1543
1765
2011
2271
786
1877
1416
1346
117
112
1876
562
529
29
380
28
2368
1841
2023
2024
1854
358
1983
1909
2231
1884
2062
2077
1376
1380
1112
1137
1140
1908
366
619
1109
614
1312
1151
2067
2389
1855
625
1724
1715
753
1991
1992
631
2052
2040
30
1225
2227
1420
1034
830
2156
1901
1221
1664
1113
2137
1996
1823
640
2450
1856
1150
1748
762
2120
1447
1015
1012
1890
1763
838
1263
199
1987
1450
1449
1825
645
1902
1745
1869
883
1351
1131
1819
1409
846
845
1516
1522
1640
1641
2116
2050
647
650
2125
2261
2026
552
1744
1832
1413
1415
1483
1481
979
190
188
2027
2262
561
1785
1773
1764
1921
672
669
638
624
1865
2111
996
2431
1407
995
2434
2112
603
684
523
685
1370
520
1366
1577
1575
1445
323
1406
1405
1102
934
1949
1952
1099
208
1834
618
2
1185
2377
1940
1934
2449
2448
65
411
1932
1936
204
415
1251
1542
1515
407
2417
2412
2422
2420
453
424
1600
1924
873
1194
1196
742
1216
448
1182
741
739
759
869
1008
1000
2439
2234
2235
2236
2237
2240
2192
2182
1266
878
1357
1356
1193
749
124
866
1440
2010
667
2363
2362
668
852
1905
270
269
670
2007
2006
1211
693
1437
665
870
772
755
2224
114
2225
1188
1635
1235
1634
1238
1361
1629
1628
1625
295
382
109
2206
294
75
1782
1776
470
2419
1463
2106
2101
2097
2085
2084
2083
2082
2080
651
653
657
660
661
663
2400
147
1979
1977
1974
1972
62
1958
1299
2383
2385
189
2294
2321
192
2295
1298
2296
841
1493
1492
2307
465
1489
401
726
403
723
2314
466
839
2323
1465
1462
1461
1460
2365
1720
811
1080
1024
2130
1404
1403
1271
1590
1596
2335
2338
1120
1126
1965
1968
1730
1728
1700
1709
1268
1022
2259
687
1479
1713
2134
832
1839
1837
833
821
831
1925
1931
1928
828
1749
1747
1472
2356
2357
2138
1872
501
1847
1274
499
1699
1275
1273
1878
2140
1030
1032
1055
1059
2139
1039
1038
889
914
890
913
1578
1579
467
1879
1868
1864
162
164
185
78
2371
2375
2438
2436
712
717
732
729
2146
1842
2381
1121
1982
152
1766
2068
905
299
293
727
731
728
127
2369
756
1259
736
815
387
1060
1061
284
281
2198
289
1186
743
746
1181
1184
2376
300
2197
296
1063
291
1042
1028
1036
1035
302
297
1424
814
384
1400
2177
2170
2289
1717
2208
2218
305
307
306
2090
2088
2104
2102
2100
825
142
146
2336
2059
2065
2328
1255
2076
2341
1249
174
460
183
1056
2302
516
2347
971
744
1813
275
121
1552
277
1547
282
1820
110
1829
292
1122
1127
1731
780
1525
1518
1142
1514
703
315
1152
2386
1907
580
579
1751
397
891
1581
961
2118
385
892
1282
55
683
809
435
51
567
2121
266
1899
800
1900
74
348
1648
1789
2186
1426
1427
1735
1734
1430
1793
1665
2189
1595
1694
1598
41
1344
1803
2392
1348
1997
718
1210
519
2256
1381
211
2251
540
836
2238
234
235
1085
1082
1475
843
1487
1682
1981
330
336
342
899
1556
2037
983
1623
1379
1
437
20
1212
936
410
2444
413
1388
1065
1386
1077
1078
1228
1234
1066
412
1240
1239
1599
677
1592
674
476
498
2205
2204
2203
2222
2217
490
495
1926
1738
551
1508
1922
1001
1733
559
283
1145
433
285
1510
428
1914
1779
83
228
449
1453
225
702
2079
581
1887
699
1606
1521
1093
1310
1309
1187
383
2161
778
690
2290
2157
585
2364
2351
2319
2267
1114
34
36
1802
810
232
1279
43
1349
1283
362
2145
50
1468
2034
1119
1118
881
2241
872
682
716
802
803
1269
710
1272
785
2155
853
605
1446
1619
2150
1620
915
538
