134
140
144
33
133
39
32
123
138
2380
8
44
137
26
127
27
131
129
36
1368
116
124
1150
128
121
21
9
47
986
2377
2379
504
40
87
1147
119
25
268
998
1149
516
1687
1683
1101
499
2221
1231
637
1028
283
1963
1964
1965
483
821
145
266
1935
829
49
1792
1025
115
135
1235
142
2533
130
1145
1896
1941
1339
1961
1196
1860
342
279
1016
345
1412
770
1152
2479
1027
147
4
1894
392
1467
41
1002
1354
687
2450
773
1302
2213
1270
1939
88
397
689
1304
2205
341
2022
1951
1330
390
1776
2237
206
619
1097
1774
560
623
2360
2212
2219
1468
1297
1955
692
1389
1945
1778
2242
1300
2204
1332
1950
2460
2026
1269
146
1356
1391
1910
1648
2477
1708
2203
1443
530
1388
1627
2071
1295
1768
2456
2376
2453
2269
1771
1766
1682
2010
1622
2266
132
154
1090
122
2003
1572
1364
1380
739
1626
771
750
151
34
2435
1573
1379
745
501
185
329
1904
822
1199
1900
1020
2355
778
1852
1989
82
1469
578
1526
396
971
825
2272
2207
1111
326
1307
751
591
586
1470
1615
1341
81
1012
331
1225
356
1329
629
278
471
1525
636
1775
2405
251
1413
210
476
357
470
1913
1011
588
630
118
2335
1463
938
2119
2532
343
945
1541
573
748
682
713
2127
148
1819
885
1891
1320
1886
2530
746
855
714
577
2211
1272
1077
2209
1158
2504
442
1940
369
281
664
2506
453
205
1952
877
1029
905
2444
1234
228
1835
2208
1947
377
1244
207
1831
2502
195
914
901
447
1454
482
1762
240
2077
2152
2271
1803
1911
1949
109
248
1455
264
57
1841
241
1787
112
2149
2267
648
1369
2529
1264
1748
1479
2507
1013
1809
1105
2069
379
489
940
1663
2259
2260
1777
1815
1661
2249
1453
1281
2145
256
2029
2000
1808
2215
246
2378
1548
2258
1015
816
2344
2098
2517
1236
445
1018
2382
2518
1796
2030
1920
1914
2422
712
1237
1442
1549
2097
1262
535
1643
1338
478
479
702
1801
1970
774
902
76
1912
1258
1798
1253
2513
1536
704
230
864
697
173
1589
1795
1569
2099
716
1100
1619
727
1266
1325
1475
1807
1722
2199
253
372
540
2239
861
534
1793
1781
1630
962
963
1433
1882
1489
2246
2425
125
2437
830
249
561
565
1601
22
71
1875
65
68
826
749
966
262
1501
243
1546
1299
2200
354
61
2468
418
318
1571
1538
550
2546
2206
1926
1500
106
242
1503
311
2474
157
258
2255
726
2509
419
669
263
2224
1136
14
610
319
1871
2055
1223
870
562
184
1606
1205
616
2054
2464
1039
2252
666
595
1539
1587
1146
1730
1836
1351
291
1576
276
2548
684
2512
1347
1927
186
1897
1022
994
277
1038
590
1566
1464
656
2053
2292
280
1144
679
2105
2296
646
254
1217
212
999
1677
1678
11
28
970
1518
2368
642
982
594
2103
1218
672
958
493
650
969
1197
1192
1519
1772
661
2101
1459
1143
86
686
863
719
527
2393
718
1460
1498
989
920
1375
729
2496
654
517
804
1009
1415
802
1346
1348
2093
2560
2391
1056
16
1611
2280
1173
1614
1511
797
1067
1681
926
521
1684
1060
2389
1057
405
1353
1981
738
2087
582
1006
200
1128
1127
1636
460
1634
196
459
1564
1984
386
2084
786
1625
975
976
708
355
736
1976
1974
2034
1052
909
2446
2448
936
404
1263
1259
2451
740
860
1132
1993
7
1621
1095
523
2400
2399
519
1035
2096
143
2315
2025
2052
2051
731
939
1811
1220
2519
1597
1818
2091
1563
2107
2317
2014
769
569
1034
598
1040
1047
657
929
935
492
247
1523
1520
601
602
581
589
1436
1440
806
812
512
681
645
764
255
1155
1153
1134
1887
1620
450
1494
446
233
1496
1672
709
2180
1085
706
1092
1674
2179
238
2318
2009
2343
1738
2202
2313
2020
2012
859
1045
1054
2007
2346
2499
1390
1654
1696
2231
2116
742
1428
1451
1450
1417
1410
2021
2361
2362
2494
2308
2324
2299
2300
2312
1706
1707
1837
1845
1854
1864
2559
2558
400
395
1296
1291
399
1284
1286
2314
1279
1278
1274
1834
1123
2217
2218
2225
2227
477
2241
2263
2475
2264
430
2270
427
2273
2274
2278
2281
2282
409
2466
2465
2201
1122
1318
1833
1977
2174
2177
1888
1185
1184
1183
1181
2115
1178
2427
1171
1170
1169
2428
1797
1188
1189
1193
644
1724
2408
853
2409
2059
285
288
954
955
2363
1133
295
336
2060
346
348
2067
2068
2073
70
69
2074
2076
694
64
690
2082
1632
1733
1855
1844
1693
267
1720
838
270
1579
842
851
2154
1717
2434
1850
1849
1944
1840
1578
2420
2419
261
1692
606
2394
1575
2492
2490
416
791
1756
1584
1405
412
2186
655
705
2197
2015
2066
2072
2283
2545
1465
1943
2503
1426
2124
715
1800
15
2430
2442
2445
1508
1175
166
2439
872
2347
2423
2429
2364
873
890
880
23
891
2046
2370
879
1517
2193
174
2050
2142
1033
869
1251
934
1233
1210
117
928
1201
1267
2
181
1104
2223
1102
865
2433
180
1036
1731
1664
192
1099
724
2023
1031
1037
1008
997
1005
1633
2441
161
1222
1221
165
1215
1922
850
1676
1919
858
1690
443
1905
871
417
876
2248
2412
250
150
1350
2070
155
1936
1937
964
1814
2063
1812
1737
792
1806
2288
1337
978
1953
979
779
149
1933
810
2449
388
2165
1983
1616
730
734
735
1975
744
2293
1960
1141
1959
321
756
2298
1130
1990
141
1992
2369
83
383
1283
1277
1532
402
1898
768
2329
2320
108
2001
675
668
286
2016
290
1551
1540
631
1537
628
316
1252
611
1492
604
2056
597
1474
541
1462
1817
1820
922
1449
572
921
828
1842
1083
2384
2121
408
559
820
2531
2109
2078
888
1764
488
2130
1780
1763
2250
1685
31
2535
1773
2406
1007
881
1050
2268
1383
1363
549
1704
2251
1709
2075
2210
1723
2083
1853
532
1408
59
245
959
2144
1788
455
1361
6
204
1362
2136
2351
208
2137
2359
800
1398
805
78
1366
387
77
1813
1043
1437
1790
547
1280
332
325
1588
1586
315
1583
333
308
1062
1570
1066
1069
1071
284
1061
2294
338
1902
2182
398
2190
2194
389
2196
814
1821
585
1190
458
1719
2013
1721
575
1448
574
2018
1458
1461
563
169
875
1466
2390
1157
2426
2032
1194
454
615
1930
1497
2340
2334
1087
1081
2316
257
2310
1493
269
275
993
676
987
360
1631
961
371
1547
1113
2365
1119
1395
105
1471
2432
1219
1393
741
698
513
1342
1680
990
1987
1129
1839
373
1335
1334
1743
1131
1786
1742
1209
1994
525
524
710
1126
2486
24
502
1314
1856
1478
665
1857
1481
1424
136
906
1406
58
1322
2483
503
494
1934
