1248
3914
1745
3685
829
2705
2154
400
1746
123
2246
2062
3306
3579
3746
3911
2857
1078
3196
1529
2678
828
3733
3294
1649
1682
2991
500
3027
3276
2931
3008
1392
3603
2536
3356
3354
3668
1217
1644
3005
3585
1753
3028
2147
3665
3689
1359
1364
2947
2160
1297
80
1070
254
3894
1298
1482
2548
2207
2017
3249
654
1082
1369
3680
2928
487
72
1533
2531
3335
2713
608
610
1572
327
1357
1347
1315
2540
2586
1996
3913
3697
2960
2543
7
3262
178
2611
37
2373
2086
2091
2494
1578
260
422
2589
3389
1981
3280
113
251
2661
379
2574
1590
1964
3505
1203
2604
3897
3241
588
2106
3244
3242
3275
3513
3701
2588
2544
2377
2940
3696
2102
3474
2518
3240
477
1164
3566
1582
1592
2125
2130
468
3784
3791
300
301
2642
453
3144
3852
2156
2901
820
2664
1999
3514
1935
1646
634
2637
2079
2139
467
9
2929
2110
3562
2537
1075
2911
2626
3552
3269
3875
2746
3874
3890
1313
1684
395
611
496
3558
2555
191
1028
407
999
2076
3322
2100
3194
240
2802
2968
1569
811
520
3557
3316
614
2085
2059
396
2047
1100
1175
1029
2103
2127
2722
2115
3539
3546
2074
2972
501
1316
2804
2554
2560
364
3870
1312
2662
1467
1417
1740
819
1618
1708
1678
1110
3586
1190
1199
1332
3866
2659
1710
2970
1166
387
1430
1613
1690
1099
1709
375
3613
317
604
430
601
1088
1752
893
3917
3311
2592
3307
3308
3580
410
3857
3059
365
3110
1642
3670
1230
3038
1193
1791
2643
3908
3618
427
1051
1612
1586
2814
2080
421
419
3043
887
3879
221
3628
2265
389
377
74
2145
228
25
2063
8
480
1725
1528
3342
3345
978
3479
3478
1890
69
2869
1585
2547
3326
2422
397
33
38
172
174
40
44
165
32
3632
41
170
12
103
166
168
158
173
171
176
13
34
3629
2894
1699
1207
49
2893
753
43
1206
145
155
758
157
153
1150
167
2737
1146
227
3884
226
3790
2862
2691
551
128
188
75
2124
2153
3667
2673
3086
190
3798
2692
1739
3795
369
2114
102
1735
125
2291
3077
1726
656
264
508
2144
2674
3899
2213
2270
2993
1861
71
104
1734
2672
2675
3741
187
3747
2290
2572
2627
2561
3093
2612
131
1784
1788
3273
440
308
2558
655
151
2070
2268
2613
26
180
390
925
1228
2054
442
2283
2271
2038
1152
1577
3138
660
2569
2579
2568
437
1772
3744
439
2582
3139
2044
3726
436
68
1181
2998
219
217
3650
3108
3549
394
1102
1871
1098
1766
160
1855
2927
1914
2723
770
2285
490
1346
1092
0
1410
3016
2189
3075
3651
1094
2926
181
205
788
3017
3136
789
1884
1786
2578
3826
286
2938
321
486
2954
2738
1705
1787
1202
149
3723
2842
2571
3061
1696
164
2863
3858
141
2068
2549
263
259
2266
3743
3800
3080
3806
315
214
3759
2577
204
2066
2
3760
3026
2580
2709
2210
3703
3706
1103
2541
3764
1887
2173
402
616
2299
3855
1019
1915
1731
2903
310
303
3448
1063
2314
57
3045
3756
3239
1879
2859
2570
177
1923
1210
1018
84
3734
1737
55
1668
2755
2157
906
320
142
2036
1911
2776
3797
2313
2429
3808
3801
3050
1445
362
1167
1307
243
521
159
2759
775
3587
3589
2826
268
766
326
1384
903
2736
3802
905
3100
767
1209
2089
3528
2164
1163
253
1086
3883
1458
3810
902
2090
2095
3372
860
1114
341
1903
451
198
834
92
2988
948
2718
621
3439
1875
1356
374
832
899
1888
261
347
2128
2064
2772
859
2748
2138
1069
863
276
889
479
1667
1883
2765
725
2910
1060
3740
2868
373
895
3428
1158
1151
768
456
3529
5
85
2891
3119
3761
3643
2861
1543
150
3392
3381
27
14
3430
2390
955
1405
3067
1575
756
2205
1136
3441
959
967
1904
1434
2403
1485
954
2389
507
1475
1895
3128
536
916
1878
1701
2904
2206
52
1128
2369
1505
745
541
963
2725
1306
3064
1524
2867
924
923
1818
2879
3122
2464
1503
1522
1933
1695
3631
2465
3120
1479
1351
295
2957
3121
275
3766
1310
3783
1157
1702
2001
1344
2386
1484
2880
70
1499
1551
1119
3455
3473
749
3063
3377
1442
576
3424
2387
1698
1176
3477
3407
746
1443
976
503
1714
2711
3350
3445
3853
3429
1540
1538
1993
1834
3041
2367
1863
3039
936
3406
3535
3040
3415
2724
974
1226
3836
1109
1842
2370
65
2363
2364
1623
161
1703
694
1815
1309
763
1205
659
2393
1713
2753
583
2309
2950
735
2259
2920
1894
512
505
1132
1728
1515
2870
1428
1857
942
3135
741
3825
3066
3114
971
3644
941
2413
2756
2726
3036
531
1829
2752
48
340
747
2326
2204
946
2311
2876
1811
1004
2874
3116
535
297
3031
2809
525
329
2871
956
2333
3635
2757
213
2750
2279
1350
1530
1929
964
241
807
824
2250
156
3487
3481
2865
1311
1156
3849
2962
1839
2919
1939
1872
587
3648
1466
252
1856
2921
1440
3042
2391
3112
2695
3645
73
3738
107
1404
1125
2819
1394
3033
1584
3815
3390
2324
3123
2742
2254
586
3630
952
1161
2362
1444
1449
1140
1519
2361
460
1453
186
1858
1322
2761
2457
28
1813
2304
693
461
3823
1838
1185
1870
970
244
18
1876
2714
761
2332
1429
804
918
2456
1177
2331
2395
2394
929
296
1877
985
3469
1910
2985
1991
3132
962
996
3433
3096
1421
3854
1631
2317
2228
2234
1231
3504
208
2098
3393
62
2142
2323
1945
3125
1244
2310
1943
3370
1942
2687
3091
988
2982
2004
3044
1066
2984
1236
1225
1512
1669
729
1462
823
1192
1541
1539
3411
1822
1318
3624
3627
2105
3602
983
2490
3824
95
522
2630
740
736
3803
3569
94
2619
742
2930
3833
1936
1108
1053
2715
1508
3809
3084
1988
961
2329
3551
353
361
78
2618
152
2251
2247
2943
1525
3446
2308
3440
2764
2945
2040
1469
1488
3055
2468
132
1481
2952
1652
1891
1457
100
2469
2277
2909
3896
1799
360
2817
3838
1507
2818
2473
3268
3049
2907
2956
3319
1934
3189
3235
447
1264
1262
1825
2856
801
197
2404
2828
3669
1492
841
577
953
945
3353
3449
851
968
3437
2827
2864
944
1204
2419
1711
2899
1790
2423
934
911
2418
1135
1269
1952
2873
1009
3318
1885
3215
3207
777
781
1548
2345
2371
3133
3348
1275
506
907
1173
3366
547
1293
3512
2402
1409
1553
1949
1201
765
933
2005
2009
1798
2462
3190
2898
203
1487
3500
1170
1831
2810
2303
3145
3140
560
2021
533
409
1984
3736
857
1789
3184
3878
1496
888
3022
984
2794
2476
691
2327
413
880
3187
2507
979
2443
3109
943
1483
2667
1064
2795
510
36
1947
1494
524
513
3880
1979
2336
1133
1864
175
2112
2955
2763
1835
2412
840
848
3520
700
1937
3404
3419
570
917
1832
2712
843
1232
1460
2782
748
744
2352
1687
2616
2436
457
3015
184
3811
1830
3117
771
915
2312
2472
2783
623
2030
710
343
1980
2335
2334
2031
35
1809
2822
2617
3251
3374
1271
215
620
757
3001
1218
937
3062
1197
31
2029
714
676
853
1719
739
3835
3748
2808
633
2499
1526
3293
3750
2699
2747
2697
2698
1840
2530
146
2185
3462
2338
2108
1120
1633
1632
1022
3221
3225
575
1761
932
3595
2186
1727
3192
2498
1851
2523
1115
458
2477
60
3402
2284
622
618
1089
928
1653
3106
2977
201
589
2885
2107
135
77
97
98
3305
1071
1545
1552
3230
2801
2155
2027
3394
2884
713
751
3099
1418
200
1139
1074
1741
3405
289
3186
429
1422
637
1476
1650
206
1490
2784
1647
1651
912
189
3277
3247
631
2732
1634
960
1037
1722
3450
2729
2798
357
2322
3098
805
1043
216
913
1555
1489
703
678
1630
3596
2917
3188
3030
1691
1755
3371
1215
2877
1216
1941
3163
1304
1534
3164
702
2887
2886
2741
2744
947
2796
3687
1470
1474
3677
3691
1461
585
3418
940
3410
3358
1626
3378
692
718
1563
699
3193
1946
2481
1580
1574
2679
839
1641
1643
695
1617
248
872
1918
3421
1447
3502
3678
3688
3698
3143
3134
3113
3078
842
2407
352
110
850
3422
86
3359
3714
1620
831
597
939
359
3272
1441
3391
878
1406
1919
2632
3182
1927
3175
1415
3434
997
2638
2639
1922
1889
1898
3200
194
195
366
1
349
1760
2670
3070
3069
602
2680
2677
803
3435
3431
3443
879
3034
3282
1589
950
2118
3642
2454
1459
2504
2503
2126
1317
1295
821
1495
566
806
2924
3467
1738
3671
3789
392
399
3129
3454
432
3337
1880
1867
1777
1769
1049
3444
3679
1214
1771
1748
3171
3623
3617
3173
3610
1408
1570
1398
1395
885
20
21
2152
3522
3501
2023
1674
2807
2647
2645
2657
2658
530
532
3828
2793
2791
708
722
3466
3364
3037
1717
3541
1697
3013
3672
3751
3794
2042
2061
3118
3829
518
867
869
2140
706
378
672
391
3907
2651
2650
2652
2655
1637
3338
625
1624
1621
629
1638
120
262
966
2522
3483
3183
559
3472
265
3178
2606
3839
3799
3807
2734
2688
3831
581
3047
3012
553
108
115
1377
2448
2159
1249
3252
3503
1260
875
3511
2167
884
1143
2056
3524
3174
865
3256
3259
3258
2119
1353
3341
3339
3368
1343
1431
733
3837
2272
2399
2199
2226
555
552
3856
2384
2380
529
546
2446
3601
3548
3526
3545
342
1677
346
338
337
3534
331
1676
1954
287
1672
3663
3604
3662
3673
3271
3283
1673
3674
196
1950
433
2360
3841
3076
2305
2346
2355
3142
3155
3158
2444
3048
3058
2082
3735
3297
3302
2375
2368
2408
646
2421
3608
3612
2480
290
2974
3776
2025
881
1093
2104
2813
3787
2912
2168
3231
3903
1437
139
3730
3725
3728
3621
3619
2321
3732
2292
2838
2821
2806
2837
3519
3515
3379
3380
3386
485
459
2018
1628
449
1635
2897
1027
515
3408
738
1213
1212
727
2088
1227
2196
2221
2195
2881
1648
1255
584
743
726
2203
2376
2200
2201
759
750
2092
3640
3639
3638
1723
1616
752
755
2006
3299
3927
728
3753
3313
701
3330
2538
679
3340
2533
732
1627
814
2605
2696
958
114
3832
1486
118
1724
1730
1782
1759
3568
1896
3675
1893
1046
3006
3007
3649
3024
1862
328
3626
3620
2353
3605
3593
3592
1823
1821
3681
2745
1329
1058
2187
1266
2208
2211
2932
1274
1123
2944
1975
1290
2997
1096
1930
526
847
523
3865
1200
2041
1931
2043
67
664
3581
990
2131
3464
58
443
992
1685
1688
773
380
1770
3577
2521
1323
615
1319
1744
1243
3365
3197
2492
2440
2374
1065
3227
2478
1383
1535
2614
874
256
3211
2438
3046
488
3536
2989
1692
225
2099
3087
3089
93
1305
1308
2425
3695
2607
3889
454
1546
1808
1549
1780
2872
3916
1509
2072
1805
2475
1576
17
1390
1386
1302
1303
3561
3572
1973
1965
1961
901
668
561
3886
3885
3813
3882
3786
3905
3906
2754
3771
2581
2220
2831
2961
3765
677
478
1845
3159
1847
3447
1412
482
493
1571
484
1296
2700
680
2792
3749
3457
3553
3559
3544
3543
3538
1971
1978
1982
3722
3607
3767
3768
780
1706
2293
2294
2300
2301
2681
779
3176
3203
1686
3597
1715
1675
1321
351
354
1326
731
2340
2344
3229
2348
2351
2676
1278
1003
1994
3137
2415
2116
2562
1559
1869
1558
1556
612
2731
1550
1411
3243
2553
1886
2550
2848
2707
582
1523
267
2078
473
138
3461
1900
849
3019
466
2545
1240
3014
3499
1763
2409
2615
870
835
569
565
2878
2883
3373
557
3375
1514
1513
2890
3376
2986
2895
2033
2983
3382
51
1932
2900
47
852
1504
2524
685
861
1149
651
2129
2365
632
652
653
1837
627
1795
3111
3521
3516
3270
1020
209
2913
1463
683
2264
2934
1959
1272
1021
1265
1473
1972
426
