483
466
2065
2080
1775
465
489
498
2546
1997
2096
117
445
685
2407
34
673
121
508
678
824
1078
1120
680
122
2169
692
2678
821
1998
311
1039
446
2087
2013
500
1779
2676
2188
3
1067
703
124
501
1774
2181
1080
835
2174
464
826
1948
837
329
116
842
120
1135
2168
2298
1126
1265
1949
1139
1745
37
199
722
721
72
706
2016
2553
1652
755
2302
1740
1001
1765
126
520
1073
1060
30
2177
997
81
818
810
2124
2781
2773
965
2149
944
2170
61
700
207
481
1072
1702
344
844
1264
747
60
331
757
1662
1780
1958
40
1122
1956
85
802
691
811
2189
2432
1048
486
2544
2426
668
2583
476
1554
313
290
507
1986
1154
341
750
1766
1116
288
20
731
669
71
45
2095
387
9
1156
516
179
2090
2193
834
896
2247
1447
542
1972
2134
552
1692
2092
2487
2079
544
211
674
1957
2138
1985
732
1710
1713
795
794
1262
2082
770
2251
2150
2564
2558
768
2135
460
1052
1106
1533
2022
1179
1736
471
518
639
200
2249
1726
1725
461
472
1993
2674
1526
24
2128
2250
2176
1051
2264
2185
847
890
1010
2091
694
317
2555
2235
1207
2717
909
2086
681
1104
1954
1211
779
459
2599
73
2829
209
2284
1691
2722
945
39
2184
2639
726
21
991
1685
1268
2387
1433
2711
1929
1532
1261
1890
1049
2413
994
2598
1925
781
1693
715
2058
1931
839
1107
1050
1694
1585
1089
2260
1238
1684
633
629
1737
2823
1678
849
823
1821
723
1984
1097
1928
848
1996
1407
1496
388
2824
2366
2561
2856
198
717
712
960
2499
774
1579
1781
2136
845
2760
2018
1462
478
2398
1794
1650
413
654
2691
1811
2655
1274
2732
389
2547
511
125
187
28
1422
1628
108
1471
2314
2613
2617
759
1530
4
714
2232
462
660
2609
2230
1477
1651
2656
710
186
2539
763
1267
1270
1470
1664
2605
2321
1584
2313
2761
1111
2456
709
1288
908
1346
325
307
2012
2014
2375
1283
727
51
1095
1467
1581
1838
1589
1027
1900
1260
2355
2585
442
183
2347
1716
2636
1435
2072
2716
2852
2853
1136
2035
724
2812
395
2479
2071
658
2311
1938
1445
1697
1828
1981
504
1727
538
541
1851
299
19
444
1198
304
2295
1602
2296
2704
585
2078
1065
2154
2162
182
2069
1792
2589
684
218
1084
1971
623
1600
567
2522
1701
2083
2093
1809
1605
1698
1215
443
913
910
1217
497
2337
2338
491
1438
2523
627
1816
1681
2679
2478
230
463
181
2543
690
652
1800
240
793
44
87
1761
2142
624
494
2702
891
2563
2571
1016
1277
1365
1278
1943
699
1047
168
1604
1603
1501
1939
115
728
167
83
2672
320
1500
512
509
242
1222
2101
980
75
2745
1866
1298
113
1743
970
1299
2008
1970
939
308
2671
1014
983
1504
427
2638
2770
2777
2253
620
434
381
2281
622
761
2627
979
2540
2591
1158
1966
2744
1153
938
1895
2640
1006
527
2743
1446
2233
2683
1286
1119
7
2741
96
2464
347
1344
1518
1476
2010
424
1163
786
1228
1979
1807
1671
1475
1231
1225
2783
1169
456
2019
780
2870
1105
1148
2468
1894
1806
102
972
180
1551
2753
194
98
2621
2771
1764
705
2228
2229
2795
2289
2788
1173
806
2306
2140
2139
157
1481
2799
1961
2754
1796
1825
1367
1368
454
2606
136
229
1515
1839
2418
1079
1087
146
150
667
455
2435
1820
2425
1538
2131
2654
648
2815
2633
2103
2107
1739
537
536
43
1795
2
634
2510
54
2709
551
1544
1634
840
1927
1926
632
52
830
1240
2021
2132
836
2658
2433
2351
1541
1537
1351
1316
66
67
1101
1444
1724
2611
2602
365
1224
695
1845
701
1219
1708
1236
366
1305
1109
111
1241
2278
327
1102
1353
1234
490
2335
2697
1618
1611
949
1083
948
1076
1412
2085
2420
2428
1379
529
452
1947
326
1413
1409
1980
1108
1597
363
1646
1648
1317
237
68
100
1550
1549
2231
1963
1964
1328
1330
2121
1197
502
2528
2519
2588
1768
1773
2473
1372
510
1130
496
1322
2098
2063
53
2116
1040
1195
1196
1192
1434
1643
1644
2004
873
874
2299
1819
1440
2379
2110
2172
2452
2461
2179
1995
488
76
871
1437
2088
2381
2786
2793
2373
2370
1113
1114
867
438
437
2618
2616
2130
2125
31
2492
2530
2740
1483
1486
918
2537
2738
2491
517
2293
2151
2159
2596
920
2498
2506
2509
2362
1258
1259
397
950
951
1439
1432
2365
158
156
399
2393
2411
628
696
2531
2593
514
1304
2560
2173
901
892
2566
2562
2049
2048
1897
2287
1915
1916
563
1402
1401
212
208
2288
2565
1247
2525
2517
1248
1843
573
482
2511
289
1519
820
1301
1395
1380
2060
2059
477
309
866
1505
2483
2402
2580
2515
2518
2864
2865
2579
1559
1556
2576
2572
2570
860
469
670
675
1284
1285
2493
1908
2859
2861
877
878
14
523
578
2046
2044
1310
1290
1314
1855
743
800
2410
2400
2399
798
799
2484
440
1912
499
532
531
15
1907
576
2475
562
526
785
2860
2863
2424
2364
718
720
2427
2416
739
740
2368
809
2361
0
2444
305
857
505
580
864
577
255
782
556
613
583
592
282
145
134
135
2227
971
2695
961
1937
1436
2696
143
1932
1935
131
2226
279
608
249
617
603
588
248
602
599
851
852
2851
1054
1256
2642
351
1620
1617
1616
346
2646
342
2682
2681
1059
1789
2649
2673
250
247
278
275
280
91
94
95
2111
2112
1025
2712
1024
1019
1018
1141
1151
1171
1165
955
1175
1177
1220
1223
2817
2818
1230
1969
2586
1398
1852
1850
1848
1844
1842
226
223
1393
1542
1546
1547
1760
1758
127
1582
1720
1622
1545
1623
1308
1296
2310
2325
2341
2342
2348
888
889
885
41
2651
2650
35
419
2223
258
259
2213
2211
2037
2042
2414
2419
423
1324
1521
1331
1522
1516
26
414
2736
2731
1292
2221
251
417
2220
2067
2423
2431
264
416
412
2222
630
2210
2207
2206
1835
1840
426
429
256
257
2429
2502
925
2000
1704
1090
2380
751
261
260
557
559
2496
1212
1587
2377
431
1791
2405
1591
1466
77
1029
2244
1841
62
148
147
2469
123
70
118
119
2784
2779
425
1990
1942
386
764
760
990
989
1172
1752
409
407
1754
1164
2451
796
2466
853
1159
2119
1026
2064
1009
2073
1007
2075
228
263
1352
1349
986
1280
1378
1279
1746
2106
1757
1753
974
982
966
941
968
2720
2551
1341
1342
641
784
2730
1982
1478
1670
640
1675
2236
2477
644
643
306
159
2352
615
1653
1902
2363
2371
1166
2376
1453
589
1176
1886
2710
566
2406
2328
1441
649
1131
1506
2259
101
736
1221
2657
2195
1688
1689
2197
2025
2023
1703
1376
777
1707
2020
1714
300
773
2607
314
1721
1345
2587
239
219
2776
937
112
1606
2766
752
447
2476
2813
2480
816
969
521
1824
1829
1831
1837
2190
2763
1636
2011
2001
1242
49
1408
2809
453
204
2457
1239
2056
2441
1254
2836
1527
1127
2041
534
663
887
1061
467
1801
396
42
1621
1535
2438
905
2430
1870
1626
1575
676
2254
880
1430
686
1123
2845
29
2334
475
25
749
708
843
1416
1732
2238
1590
2113
1514
1495
1749
1588
1715
6
1944
2234
1744
653
82
539
1057
713
1905
2239
753
428
2737
2735
1586
334
332
2246
655
1595
328
515
1181
1601
1182
1325
2374
993
176
2017
2272
2739
2742
1347
1350
2778
1891
1555
2408
1823
618
981
291
495
859
2397
130
2750
2401
1563
2759
1243
1558
841
1354
468
1885
97
2549
2545
89
1536
679
1381
80
2089
1525
1846
1680
693
1776
1663
1112
1994
254
2108
2643
2304
1118
2641
441
2301
1687
1520
783
2002
2810
1930
2634
1864
1677
2629
1679
2120
758
2600
1
1975
725
