637
2449
2448
957
2208
2206
1247
3016
2485
15
1093
1473
641
3025
58
2656
771
2025
2165
428
512
507
1889
1095
1627
206
1272
670
2321
542
417
2664
566
2174
2804
2063
2559
746
2294
1531
1529
280
856
817
2803
1570
1651
2702
1650
502
1856
2065
2700
1566
251
1898
1876
2508
2000
1787
1785
1197
2069
1022
2102
650
2245
2353
2736
203
377
2587
152
1783
1782
1992
2526
1354
1251
1258
2112
533
1995
946
1983
2673
424
1000
2709
1248
1997
311
6
826
1958
2742
1993
2070
1959
1238
1750
2604
2323
711
2355
2551
900
883
1649
253
441
1646
2547
343
214
425
1204
2591
862
2580
1128
2832
738
820
37
92
32
31
39
7
123
2901
8
30
117
115
124
137
119
42
130
1446
1445
131
133
2246
45
122
2168
1339
2457
2579
38
2358
585
2681
2694
2054
2417
2158
2055
2458
91
915
1154
1668
1430
759
921
1399
2988
1174
1455
715
313
2200
850
2989
2420
2695
1133
765
3019
2190
2018
943
2871
151
2251
2262
1849
1962
2687
135
1421
150
1417
601
1471
832
2179
2868
1502
1495
176
2317
83
2022
2663
1459
2180
132
1426
1424
2318
1501
2442
1177
1126
1159
766
1147
2999
1924
595
1123
1084
1140
121
851
1859
1145
136
787
3028
60
1933
1928
1860
524
972
1862
896
1844
3022
865
1475
1923
2589
2675
2785
224
93
758
2015
2307
2474
726
2676
2410
2578
2688
3034
660
2373
970
1391
2403
2439
2668
2402
2405
2954
2837
2436
2667
1887
2475
543
1392
723
2834
1335
935
2782
2552
830
785
2172
147
138
874
2167
745
821
1477
2669
2951
2662
2655
252
1707
1863
584
863
2016
2629
2543
84
829
2465
822
154
56
2311
1433
1642
2374
845
847
520
2303
772
1733
1184
2628
802
1205
1267
1303
2012
742
146
23
2690
199
2596
2983
1269
1088
1487
651
1960
2059
155
718
3032
728
2574
719
2997
1302
557
1395
1915
1334
2671
717
1110
126
2503
2463
2523
373
372
1886
2416
1612
0
1350
1740
1109
274
2544
1420
781
1866
2017
1090
1355
157
386
593
844
442
1503
1812
964
1647
1857
712
591
41
628
617
1512
1511
649
1129
1351
2312
314
1964
1453
1504
1496
2395
1092
1094
139
158
1349
2435
1830
1683
3027
1428
666
2781
2060
3033
1706
2476
225
173
2601
341
892
2592
1418
997
9
2372
53
1415
1137
653
3066
1963
2510
2398
665
895
2898
1284
1237
2147
2870
66
940
312
2440
275
2469
1977
608
1114
852
1998
1624
1625
85
149
2691
2115
611
522
2751
355
2747
2873
2575
2889
725
2577
603
1308
989
2560
2783
2127
3018
164
2665
1480
1493
1379
2377
1875
1865
698
401
1083
1965
2674
1021
2896
1082
2126
2445
2776
2409
1086
1374
1383
2516
1890
414
2899
89
88
129
1813
2931
2831
885
276
659
1661
20
664
1583
1492
506
250
268
2096
1373
2932
2171
1936
1363
404
237
395
398
168
148
1170
956
516
1318
2412
2466
992
2711
142
412
2514
1908
2394
3058
380
1843
2270
2480
2298
1081
1937
418
2934
3101
1027
2261
1748
1530
558
1411
1436
2135
987
2256
2473
2043
810
2201
1365
1907
2617
144
350
708
2627
2622
1195
573
471
1980
2414
1188
2928
1888
2391
1431
807
1528
3100
598
433
1191
2483
795
872
870
2175
79
2819
2817
2319
2970
563
1666
159
62
1934
304
419
2183
621
2841
270
1164
2838
801
918
1331
1054
1053
2864
97
864
1500
1491
2684
2801
70
917
929
12
2558
756
2021
231
1509
2774
984
1564
2641
2689
2780
75
2698
2562
2756
1330
1338
1608
2677
69
1065
2704
2775
2730
464
1125
2301
2308
1343
2546
2916
1961
2911
513
1944
1012
1131
2378
1410
394
592
1858
2051
1028
2919
1725
510
1124
2734
2195
1882
580
239
894
2739
2743
2648
1077
2755
920
2295
452
2703
1730
2130
2131
1556
625
1304
432
571
113
2985
1443
450
1439
2302
1558
68
2344
2982
49
389
390
523
1562
1533
657
29
2263
2486
2672
269
1031
1864
2584
172
2666
2683
376
264
1467
1452
1273
1644
1276
28
1559
1463
2156
1352
2207
2212
454
470
1729
201
1032
3015
567
792
854
1580
903
1633
145
2608
259
1046
480
1736
2424
556
2337
2737
2741
485
1034
1329
607
1635
2123
527
1777
2351
1298
1807
1714
1313
1573
63
675
671
905
909
2397
1954
278
990
1955
713
116
120
960
98
1853
1613
2472
2515
1966
1848
861
1169
1967
279
913
1899
901
3099
2316
1780
465
1181
727
1101
1357
953
2493
1994
213
321
2953
263
288
1017
1018
1945
1672
4
2487
1183
3023
1724
838
2512
721
1850
724
1485
848
322
247
256
912
2940
2943
245
2310
777
349
2136
2137
769
346
1873
1362
1377
654
667
1494
1514
2920
875
3024
226
257
1772
3012
1348
779
248
1256
1442
2679
14
46
2773
2766
1179
1440
2100
2105
215
2236
2240
1639
2217
2155
1220
260
1450
1149
2023
1629
1737
2223
307
163
48
1239
1115
2019
1728
220
1138
747
1658
1659
1738
1444
1611
13
1266
1610
33
2393
2392
1802
2296
2293
2334
2097
1162
1148
899
3036
1469
2959
2339
1697
1462
2152
2162
2494
2498
1803
3076
3062
752
739
1347
2376
2257
2267
1281
1048
1056
1024
933
939
1057
318
1120
1941
1593
1517
324
1705
1704
1747
1676
2269
1692
2365
2362
626
618
3002
3007
2933
2259
2248
1884
1885
1340
1344
1345
1461
1449
2842
2309
434
2968
2967
2154
1508
2915
751
3001
2188
1520
1925
1919
1519
1590
2066
1186
2992
1669
1482
2936
2939
575
880
881
1527
1524
2987
688
317
1592
1067
1099
1098
565
1185
564
2215
1074
2888
1753
2153
2975
576
748
1141
1874
2437
1920
1653
1926
2202
1675
2484
2133
2134
926
286
285
2150
2369
2456
2451
2450
967
1655
2976
2020
1260
1654
1259
2885
2884
2909
2966
1264
3093
3091
3089
181
184
849
179
2845
180
2046
2534
2542
814
809
805
2561
2564
2581
216
218
1261
1026
1025
1073
1069
1062
2905
1061
1265
505
2913
2284
1578
2283
692
690
1309
988
687
682
2079
1861
475
1792
1793
1794
978
1378
3051
1310
1598
1262
1087
1255
2531
2549
1066
3029
2887
2978
1656
483
1657
19
488
486
1662
1759
489
1719
1761
18
1764
569
2971
2717
610
2682
2680
1718
2710
1762
2827
1105
2828
1232
1203
1189
1182
2326
1464
1454
2678
966
2786
197
174
3
2159
2149
1121
468
393
476
1708
2407
2390
2777
1033
2792
1663
283
1667
1213
1219
1111
2836
2314
293
295
1416
1407
1408
1096
1097
1208
2313
1518
1521
2479
1173
426
1910
249
2013
2014
1953
1951
1250
1257
767
1160
1161
1249
1294
754
760
797
1291
1287
1950
3084
3059
976
963
2145
73
72
1979
1978
1986
2981
2973
384
383
437
1604
2611
828
1045
1043
2243
1602
2146
2148
3055
1597
1596
1292
1289
613
1009
1008
1285
3052
2028
2033
3079
568
540
587
604
594
2005
2720
504
2963
858
167
866
2957
986
1620
481
819
1839
1476
2396
1122
1904
2401
876
1607
1606
354
2404
143
2830
1600
342
2603
2062
2972
2612
127
359
897
586
86
931
589
930
90
387
2639
1314
2371
2705
525
1579
1581
1286
223
1253
2067
620
2588
1756
2077
2573
1576
2567
2555
673
2103
697
2518
2513
2499
2490
2468
2157
1628
2166
1749
514
1786
511
2858
36
210
1913
1891
1078
43
44
994
1413
993
3057
3056
51
837
1368
399
57
1525
2840
378
1722
451
1513
2322
185
310
1715
812
337
1536
995
281
229
2253
916
261
1691
1854
1060
2219
289
846
959
2338
996
3068
17
484
2875
998
1451
2918
3088
212
999
2759
2753
2111
391
2356
1684
2116
2108
2117
3095
3094
1146
1155
1142
1709
2375
3011
2956
3020
2492
729
1474
1922
555
1316
973
974
1744
1921
2428
2198
2061
979
156
375
720
981
421
2488
2900
2895
219
648
2892
2496
228
1386
1023
232
238
240
1037
1369
2517
2863
619
262
2527
265
267
271
2843
1342
2903
1402
658
204
952
408
1270
1883
2044
2211
1457
1263
333
699
338
1108
503
914
710
347
716
352
1246
1486
96
891
889
82
482
78
2744
2386
71
2644
2260
1448
791
1198
2670
1202
1871
526
962
834
961
1209
2364
1985
178
2787
2924
2925
2927
2092
2810
2088
873
2646
65
855
2477
868
1305
1214
1425
1139
2791
1938
1946
770
410
