30
26
32
142
132
147
141
25
148
140
127
129
9
2832
1548
133
117
10
143
130
2742
1872
159
95
134
160
1867
1430
136
1917
36
1568
1277
125
121
1226
681
1392
1278
1908
27
1700
651
2321
682
662
1228
2352
1899
763
1281
1876
1294
2350
31
2575
762
2966
2584
83
2087
97
2734
41
149
39
771
535
2885
595
2737
534
2103
621
2405
1701
1273
2406
2650
1654
2967
2850
768
2125
35
2326
1424
145
92
76
1924
1225
113
517
931
1018
2880
2445
1809
1523
1022
1030
2079
77
1429
437
1864
821
80
1775
151
759
2239
874
776
641
445
1276
761
2100
636
634
399
2259
2117
827
1866
374
1577
1581
2881
1526
1954
1272
2390
1230
882
903
1268
2746
1858
40
2459
929
1398
577
1227
754
675
870
2593
1423
2333
655
2234
1580
152
866
2647
2699
2705
906
2447
1098
1938
1942
22
2833
699
2240
2251
1466
678
2607
2146
701
1584
2256
578
567
1469
2603
102
1232
2035
2740
829
1557
2036
546
1195
8
2877
81
1295
816
82
417
12
135
139
153
2652
638
1435
1441
420
2651
1817
2836
2569
2640
2225
893
2465
877
1642
778
269
1357
2147
1107
2527
2407
265
11
871
1244
2129
1418
667
2121
1818
2224
2741
1243
262
2057
1350
1085
818
1250
2059
1572
1695
2398
1949
2448
1066
1540
1970
2098
46
2668
892
2077
1784
1885
921
372
315
2064
1536
813
314
1068
915
1790
1384
928
704
2054
228
1013
2075
1287
2612
1113
286
932
1950
971
13
1023
1220
1213
657
119
84
389
388
1077
2063
2062
1155
229
1019
757
970
2735
1059
924
2250
2604
254
1627
2176
2895
1930
616
2156
919
1877
311
1236
1238
967
624
131
1245
2898
2236
1156
606
622
1604
163
1951
2576
359
126
2105
1486
2767
1371
2354
2248
2681
1631
2687
1621
2126
432
2963
2337
377
1086
633
686
688
632
1373
2175
2353
2674
2096
617
361
2345
2904
2872
2015
1833
598
2120
1447
1481
1890
452
1105
2471
317
334
767
162
1629
2464
690
2038
1094
1549
443
2466
1836
1309
650
2667
1343
1733
2026
1937
1962
1941
580
1061
1834
1605
321
1494
2384
2839
2252
106
1614
740
738
1878
341
344
2027
1339
2024
108
1835
1880
1496
2915
2843
376
2422
1666
2357
1465
2429
2016
1293
1480
948
2831
367
2082
2019
2933
164
665
1667
2845
1879
373
479
1514
2828
1507
2431
2335
2214
944
24
516
2322
2834
2508
2346
1517
267
1619
2161
545
2605
645
2270
1958
1246
2150
1221
1827
2149
2897
2606
1646
2319
2294
1211
695
478
398
1516
1668
7
2265
934
45
2018
536
591
1355
48
1977
1562
1252
1251
1911
2686
1351
2601
2130
1214
609
2298
1969
2320
1390
805
801
1812
1966
1573
600
72
486
338
880
232
128
556
85
1133
1101
2777
2112
1891
896
601
1391
527
1128
1583
86
1356
1739
885
833
832
1893
57
1538
2191
758
748
1716
1135
958
1087
856
2803
2738
2089
1782
1945
1774
166
2179
289
1269
742
1779
753
1738
50
2775
1401
1386
1012
1719
607
1772
1771
1826
1558
1785
1395
1765
1865
1854
2122
569
593
259
1632
2672
2111
1764
1720
2180
1766
1638
1892
1871
1005
1869
112
1578
1072
1137
73
1794
2910
608
2835
1808
643
1060
2622
2329
2391
1323
1310
1053
1
2626
1574
2911
2168
1057
1643
2113
1967
1569
2223
2220
2403
1433
1081
434
243
2964
442
347
862
2292
2291
301
296
481
2137
2138
975
2684
482
2309
2157
476
1173
1987
2427
625
323
1080
2854
1179
295
853
1483
237
2217
959
2520
2302
1256
2188
1571
1338
1335
2505
1254
962
1570
2868
1185
2306
2169
2900
2396
1947
2849
526
2506
1044
1045
1778
2413
2414
2237
566
1457
679
2937
2939
214
211
2152
2164
750
1531
2458
2633
1453
2457
559
576
2756
1792
561
544
716
717
1217
2799
1768
318
1084
1714
2768
2894
978
983
735
734
1527
729
982
702
2869
1095
1589
316
1799
1995
319
333
705
2461
1102
694
1124
1801
2961
2499
687
1590
2695
942
2876
2519
2523
2518
0
16
611
155
1153
179
176
1407
1798
337
1405
1132
1816
1661
1274
840
839
1820
1819
1136
1139
1685
2076
2474
2473
2909
2883
1804
1749
2840
2838
2511
2615
1848
925
412
1609
922
1690
386
1886
1841
381
2770
1662
2790
2791
246
385
2078
2069
950
1839
349
1847
1840
843
2594
2600
1888
926
1910
1330
1326
1000
1001
923
353
876
1686
949
1896
397
444
427
2233
2230
1377
1823
1824
952
1399
836
2631
2624
1881
1463
2797
2371
2374
1174
1168
435
1380
2577
485
2381
2379
2578
1170
1166
2317
2449
370
371
1592
1678
2187
2186
2809
1647
1624
539
1193
2194
2185
1199
1183
1831
2183
1175
811
2721
2719
822
964
951
953
957
706
2645
1207
1224
1146
1147
2656
1324
2143
2597
1650
2822
2139
2136
1361
193
1363
1365
1370
1367
1368
2144
1979
555
2646
707
1317
1328
946
708
2657
1038
996
1189
1188
1307
255
249
602
1036
2793
2792
1027
1026
1020
2323
1014
1011
1010
468
990
2780
543
997
1303
709
1311
2637
935
936
905
910
2229
2037
329
2636
2564
2503
1757
2493
1756
722
2718
2491
2717
725
726
1123
728
850
2490
1125
2563
322
3
727
2
75
2625
2632
2539
804
2055
739
1901
2477
2363
1608
806
2896
2476
2369
2056
466
1630
2479
2664
2401
2481
1965
847
585
810
807
327
326
549
1141
1142
239
240
2000
1936
2765
283
288
294
1991
2020
2295
2023
1688
2286
1693
1703
1706
2262
2247
1735
1745
568
639
548
532
2945
785
784
2514
2529
2941
1585
1575
1553
394
47
396
49
1537
2524
53
788
2950
2525
415
2713
2712
790
1427
637
1421
1437
551
640
1413
1420
719
718
680
2935
2932
212
2804
2808
1419
1396
2285
2289
1530
1513
1454
1471
1467
814
2273
2261
2058
2048
2380
1461
215
937
1438
2382
1964
1409
1417
664
671
2243
2244
1477
1474
1442
869
672
2574
649
2267
2246
661
1300
103
1470
1385
2281
2276
2275
1711
1383
863
512
513
1960
2060
2090
2072
2086
503
504
1416
1428
1445
1411
244
1710
1713
1708
1304
873
202
207
205
1289
508
511
2951
1493
51
2515
1795
647
1810
2683
1610
99
974
1963
1280
2025
1167
2802
789
2628
1216
487
1925
1931
2526
2542
2271
2263
2690
2691
2388
2878
2534
2706
2170
2182
2701
2207
2208
2546
2545
1299
1298
2952
2949
2709
2708
2621
2630
2958
2953
1106
1055
715
995
2702
2364
2362
2433
1651
2385
1639
2946
2771
2565
1378
2094
2049
2613
2954
1988
1253
263
1239
274
276
2749
2134
1234
355
2747
285
1117
1205
2736
1076
2762
605
2053
2720
1484
523
529
2541
542
2532
2522
560
564
574
2504
594
599
612
2570
627
2463
2462
2456
2455
663
2417
2410
730
2344
2341
2336
2331
2311
1842
2297
1972
378
403
2889
150
1451
917
1046
2893
857
2572
2884
1291
2222
1943
1832
2654
2163
2906
969
217
2299
2830
409
360
2221
439
138
1054
848
1852
122
209
1460
1464
1860
2242
1058
1067
2716
2848
1078
2774
628
1503
1508
1062
187
1746
1415
104
227
1369
1352
2115
2127
433
887
1543
2824
1539
1934
1933
186
2929
43
2135
1828
886
173
1644
364
1612
146
365
1837
1622
1926
1512
2172
375
467
2151
1913
1210
1126
1648
1649
1653
1655
1658
2776
213
956
1336
253
1776
2608
2583
1773
436
1552
1119
449
1952
2783
2787
2789
2805
2810
2128
1082
2781
137
988
1489
987
1261
1258
943
488
489
1927
1382
1676
927
1387
541
540
1381
1379
2451
2460
2338
1689
938
1825
2343
2643
2091
945
342
2349
1524
1723
230
231
234
1727
1734
2046
2402
247
1297
1740
596
981
257
264
584
583
1755
268
582
581
2751
1759
1712
626
2870
1431
2867
2162
1247
1767
463
1763
2886
844
841
2892
1846
837
646
1006
2902
830
714
366
828
2908
1853
369
61
824
2913
58
1446
1159
2873
1063
2666
2763
2581
2829
2677
1602
1138
900
898
2358
1090
723
1981
1980
1628
1626
1613
1017
1652
865
803
1603
299
300
1956
305
809
1955
1625
2435
2432
380
781
404
400
769
1472
764
15
14
1475
414
440
1691
1665
1698
1663
1664
1681
1680
1694
