147
35
50
135
141
143
83
84
2834
36
1625
1333
140
46
40
1704
2144
1705
954
2872
29
1122
148
1427
1097
149
1461
1289
48
2154
546
953
917
1596
1515
12
1511
1426
1654
26
908
547
30
1346
1288
537
1285
133
535
241
1503
548
523
37
1925
506
521
1495
1621
2139
918
1453
2671
1437
2422
2419
2277
1923
1419
659
2907
1411
2299
658
75
1807
821
2273
824
2983
1506
2297
387
1330
2159
1307
2986
2968
2664
2806
1128
417
175
43
1783
2158
158
903
1325
1776
130
1648
219
218
1717
2400
2509
1498
2669
96
2796
2967
1504
902
2132
531
379
1440
260
6
264
2314
907
393
2166
846
2234
1096
85
1920
2291
134
597
2408
2228
600
2873
1996
1460
1867
2950
1649
285
1345
2678
2627
1095
350
554
2315
145
2874
2946
1869
877
1764
1248
2628
652
287
1991
3029
1247
2221
1281
767
2902
410
1012
2951
1417
1633
1955
90
2404
944
518
1659
813
810
1013
1629
943
2147
1917
1806
1299
2220
2793
415
2915
2870
606
119
2109
349
662
2407
124
1337
762
2284
2233
1074
2152
419
703
1608
2236
1739
2924
667
2219
1500
1828
13
2483
1363
761
1866
2249
564
1413
831
355
738
1356
267
2164
370
541
1718
177
958
2445
1137
460
1872
200
536
2504
1864
2438
2232
1874
1930
1640
199
1829
743
2341
1639
2699
2697
157
1444
1454
2160
1038
98
2399
115
805
2654
2659
2140
970
4
2076
2074
1469
2335
198
2237
1641
1416
1108
801
710
763
1731
456
700
1342
1793
850
1130
1120
788
418
1143
1738
1147
1686
2465
1287
2214
1414
1634
626
843
2679
1792
1679
617
699
464
155
169
1060
1685
911
1743
1409
794
2000
266
2288
1837
1334
16
76
1586
906
49
1870
698
2044
787
463
793
870
1734
920
195
964
1407
1585
261
2925
2283
1749
27
2294
259
1520
2218
2381
2246
1204
54
1961
385
1971
2319
1205
1924
1438
797
1185
1963
2329
262
899
949
1736
2113
2112
409
2269
2320
484
815
2287
1162
709
1936
1235
2980
1602
849
2432
2733
2155
213
1187
2807
686
522
428
217
1165
946
818
718
683
789
1661
2380
2917
884
2001
481
641
1211
2240
615
579
1385
2748
210
2510
2914
1183
3039
996
2973
2402
935
1075
932
2745
2869
2397
408
912
348
214
2779
1508
2966
479
352
67
120
1830
619
2358
2855
2860
2642
2584
1551
2275
384
2204
2652
2981
2025
1209
2056
618
2643
211
383
2198
1225
2992
2641
2513
2670
2871
915
855
798
1472
1384
1141
2730
1066
772
1576
610
2151
916
2972
39
174
1191
1970
751
2498
1530
1213
208
2971
2340
1110
1730
1302
778
777
146
72
773
1951
2772
505
3
1903
454
89
93
1669
1479
1619
1550
1922
2122
1450
1449
1557
2774
1939
242
1415
1919
1825
722
224
1827
225
2265
2387
1231
1406
2783
223
811
733
967
922
2875
1354
1459
1206
716
351
152
453
808
153
735
1234
447
2384
1362
1445
2379
950
1313
1402
2575
1555
470
1912
1918
167
640
356
137
2649
2636
60
2225
1138
1380
392
786
2680
1314
2367
2183
1382
1221
2798
118
516
2851
246
1036
757
1818
1423
2307
921
1316
1017
1278
951
1509
2388
1684
580
62
2289
897
1393
44
766
252
1434
1592
1395
1859
1150
1631
2589
2800
1796
2141
837
1766
2062
2065
482
121
2280
2235
931
2760
2245
1548
992
373
1812
540
2055
1190
3017
2439
840
1439
2170
1160
1630
63
65
3014
2311
2326
1105
1653
1759
2781
2270
298
1761
1676
734
731
2718
1052
330
1854
1083
295
1626
1053
2202
1860
2714
1167
781
2622
2276
332
337
1280
2251
1044
2173
1422
2405
296
1627
1534
2920
2157
2031
2079
1589
1591
1103
1606
1821
399
2096
2305
1662
1535
1102
402
1820
2080
2740
1804
2458
2956
2932
1855
880
1840
1519
1174
1636
1457
985
1048
780
1623
1246
1803
2004
17
760
2086
2089
2937
2944
963
1309
1425
2005
2180
2930
47
1058
609
1471
1733
1735
1595
1901
1244
1243
864
435
746
2485
2480
504
2084
1026
7
929
926
2081
829
2635
2633
526
257
1892
2008
1071
962
1266
2936
357
1728
2894
64
2617
250
1467
364
783
1153
1691
1560
1352
2168
1836
2720
2725
2839
2623
2706
2271
542
2177
1349
627
567
2939
254
635
258
1022
2847
576
136
2052
2046
2057
125
132
247
253
2090
2088
1405
820
816
750
3036
3037
1023
2016
612
752
1357
524
637
1332
525
866
249
1318
2577
2770
2767
994
988
974
2120
1982
1976
2953
959
2542
2104
2105
2002
688
2352
51
53
2350
543
2403
684
689
1995
441
1284
2849
1336
2900
889
3018
2119
1501
2063
2064
2912
1117
1328
2824
2817
2398
685
2848
2837
2108
2541
1612
1613
822
544
1125
2123
469
472
1962
1502
1499
2011
1496
2818
2825
2161
2171
1293
1507
3013
1331
292
690
2526
2523
2472
552
2274
1522
2908
861
1443
1518
895
3011
2466
1121
1111
2469
530
503
1523
497
891
5
1567
282
277
367
2436
2058
1041
2179
273
272
882
874
1628
395
1533
1466
670
666
493
1456
2443
2811
1562
397
2200
237
687
1532
2427
291
403
400
529
501
1300
1433
1029
1028
1116
860
883
324
527
228
859
2435
2178
498
421
2425
711
1458
2194
429
1553
2191
1446
2017
2014
2153
2156
2916
1351
1341
161
2743
1194
1109
1590
1202
1587
380
1241
1242
2039
2801
1249
2803
582
1447
1763
1455
2188
2226
2189
437
2448
423
583
3033
176
1978
1258
362
361
1254
2667
1979
1252
1980
676
1251
675
1250
1260
1374
1377
1984
971
578
494
863
875
2421
2418
1719
3030
3032
624
2365
2133
320
1966
830
834
1968
129
131
2463
838
334
1658
2822
325
2364
1965
623
103
1713
671
1937
1781
569
556
2897
2500
2501
2815
680
557
1934
2879
2414
1016
2735
1677
2738
2726
279
2413
2881
2723
2412
2529
276
721
283
284
1938
1577
1536
668
566
1928
319
315
1832
633
2429
2574
872
467
871
852
1277
2582
468
1813
2473
1279
2471
2573
309
2338
1817
2613
308
2342
591
1927
592
545
745
2415
854
232
233
255
256
1809
1539
2416
1873
938
1810
1871
1921
948
1916
1790
1791
2609
2611
2686
2345
2339
1737
1729
2614
1650
2327
740
1308
2683
2688
1124
1115
1778
1782
972
1788
2328
1569
1326
1255
1846
2842
2843
2685
2681
1067
1030
1295
1292
2713
1227
1690
57
1769
495
2889
2318
1794
2215
2677
1651
1664
966
446
2887
2708
2707
1770
2323
2216
448
436
2356
2359
1795
1726
18
1188
1119
1714
2788
2701
1888
2099
2100
2630
3027
2984
2891
2761
2763
2769
2766
622
839
1245
372
2656
878
2285
2332
194
190
1720
1784
1945
1597
2116
2115
2638
2650
2248
2257
2263
2268
2281
2282
2286
2272
196
163
2475
990
2470
987
2467
984
983
978
977
2479
1660
1785
1787
164
2484
1774
2491
188
170
191
24
2955
1666
1575
1905
1656
575
2300
2700
2619
2901
1880
1881
1896
2810
2809
2666
1152
2131
449
1935
905
2799
2030
1931
431
1601
1435
1799
1800
189
2687
2620
2647
2658
2657
2655
2752
485
769
1842
2410
1622
758
1196
2401
1197
2935
2433
2933
2820
1967
755
117
785
730
2361
1740
2362
2366
452
1638
2336
2508
647
2477
2468
2456
2454
702
2450
725
841
862
868
2306
2278
2266
2260
2250
960
965
975
979
613
607
2533
587
2896
197
2867
251
2118
1584
1135
2648
2196
1132
1480
553
1323
1474
1233
2136
1465
412
1689
1338
2985
1811
71
1339
68
2989
1452
577
2195
1369
2569
2193
998
1954
1387
3019
1742
2176
2175
1549
1253
346
1212
2716
1643
1644
366
42
1375
507
2762
1673
1078
1410
1412
81
1062
517
1061
2586
1218
3020
1861
144
1947
21
1390
1386
2771
1942
2054
1398
455
1282
459
2794
1949
1529
2773
1020
2626
1777
2918
2024
3038
1262
3031
1635
1270
2357
1294
1186
2780
2785
1064
1200
1195
1054
1199
991
1765
1768
643
642
628
625
620
1344
1797
2455
616
614
1018
263
2461
269
1808
2782
1327
2778
1025
1319
286
1035
1027
1072
1070
1068
2890
2919
904
1236
910
139
1432
928
2715
2012
1420
2386
2893
2892
1692
2163
779
901
2926
2958
2957
1637
881
1642
732
886
1850
2578
2580
1624
1463
2344
720
2964
2585
539
2517
930
2970
354
466
2974
2975
2047
2512
1050
360
947
1603
2515
644
1632
873
299
1056
2396
2840
1118
424
806
2316
2317
1574
426
1579
1952
2125
59
2051
2145
1849
1396
1259
1835
893
892
1059
2476
1408
2007
294
1043
31
747
1045
584
1545
