1733
3124
3306
2462
2543
1637
781
334
1011
2765
929
935
3398
2921
1169
925
1016
3303
2538
1927
1732
169
677
1307
356
3561
2227
3043
232
444
2136
128
3128
494
1598
3557
2520
475
2469
678
354
1594
2493
2634
1399
1496
1301
948
1149
1272
2544
2605
1528
2661
3582
1020
2478
350
2385
2386
2375
70
2071
982
394
1199
3047
3133
2301
1096
1507
2595
328
3546
405
69
3525
2825
3141
1752
1432
3386
1073
1571
15
1190
1603
1604
320
2167
359
300
865
16
1262
2581
1368
2242
1252
1367
3480
3203
3237
1998
80
1239
1061
1267
83
1251
1472
2629
1505
3522
3387
598
1085
1870
2077
1196
775
2316
2714
1202
2942
1655
1932
1235
1989
2376
2787
2139
406
920
1299
1631
3235
2542
1962
3097
1504
165
3290
467
240
2426
1617
1574
2654
3287
2320
1314
3092
1072
2314
1521
2950
1936
3578
2880
1630
3580
2244
3552
665
347
489
2759
2970
2053
816
2935
2692
1306
975
2251
980
2934
1527
2160
2157
805
2114
3528
3409
2578
995
3240
3448
3458
1124
3339
84
321
798
1994
1154
1443
129
838
844
1618
1238
476
1944
2979
497
596
3130
1334
799
3531
2116
814
595
1339
1942
1439
1479
1570
2199
2911
952
26
3014
2997
1705
1954
2028
2618
448
643
3032
3031
1488
3422
2744
1282
960
393
1967
3322
2457
2219
2695
3115
447
2691
2879
2332
3201
2742
1945
3499
1476
949
1569
3142
924
2958
2622
387
45
438
1155
309
2100
2668
919
579
650
2908
1589
1921
1524
1545
1400
1408
1192
889
1667
39
3198
1582
1924
1899
625
2885
1514
2109
3103
582
2048
688
2713
1606
866
881
330
3479
3474
1224
1131
446
2827
246
1420
2741
2444
2232
3500
74
2701
2704
971
49
183
35
43
186
42
171
34
178
44
164
179
1002
11
690
185
807
52
2313
182
2307
994
2081
1638
168
10
181
2589
36
187
726
1395
2871
1470
2177
2577
1385
1863
793
1562
1854
1859
517
109
526
1857
3490
2027
670
2725
3489
1641
340
170
669
2872
806
1635
1108
3495
294
167
883
1384
732
1114
2346
1865
531
2078
2745
3120
917
1946
1947
3143
2333
161
3129
2726
1639
916
3119
154
1444
2738
666
992
441
770
2953
12
2347
3135
1081
1791
1799
341
157
1819
398
1383
2338
1643
152
295
1030
1814
737
689
3319
742
1821
577
3427
1652
51
3437
2399
2401
2896
110
2859
2905
3326
2202
2297
1795
2843
1000
3366
2776
1778
721
3420
47
1396
2845
2330
1379
3318
735
771
1137
346
1126
198
1632
75
519
2728
54
2777
743
1992
1538
1113
884
1115
1120
477
1039
2531
1133
2949
1642
1027
1695
2755
1951
254
1851
1855
2604
1790
1702
173
1636
439
928
1668
926
921
2342
2353
2559
3139
1455
2358
529
729
72
2204
2343
100
1464
711
2527
3425
1402
2532
1956
3513
400
99
1776
2608
834
2179
2361
762
1866
1984
533
2913
2902
2855
435
2248
1676
238
831
1103
3435
3327
1390
2176
3365
2175
2099
3381
2861
901
922
1807
968
1775
3380
260
1665
194
195
2586
2666
1766
1335
262
967
1095
401
3434
576
3125
1674
427
1949
3136
2657
92
2571
1858
2822
3062
2593
1499
3331
407
841
1459
172
3316
2579
5
1102
764
1043
966
882
2614
965
3436
3060
672
1498
1493
2619
3462
923
3072
3512
1810
839
820
1982
2994
180
3394
3346
2279
1547
2750
3401
815
1340
725
318
352
914
3069
3
1074
2575
2409
2168
1723
3399
3055
794
3403
2280
3182
3117
1719
125
772
1864
474
2494
2247
2415
748
33
3485
1646
2647
308
2287
3131
2260
1066
887
3446
2646
1957
702
2193
1164
715
1168
2689
116
568
2258
1848
2850
3407
492
1852
2253
1955
2264
2758
3410
1846
709
41
3432
95
1539
2719
1424
1405
2582
1125
2194
1226
2357
2319
1140
751
1744
2978
3204
1715
1717
1438
2356
2720
1739
1740
3447
251
3126
2818
174
3486
3481
27
1682
2298
2272
2566
1830
986
2752
2768
322
1101
3144
242
1784
578
2472
124
2621
338
2266
614
2613
1294
331
1834
2623
2093
3472
1735
2774
2349
2626
2811
2767
2856
1689
2853
1820
323
3466
2762
1523
2214
2030
3506
37
1781
1787
998
3464
378
3478
600
691
3297
913
2424
3005
1788
332
2849
379
1688
3457
2373
3508
773
184
2722
3232
1217
2754
1680
1060
2901
249
989
1458
3067
3317
2339
1741
3254
30
523
2673
148
2505
326
3185
1541
2395
2243
3223
1151
2345
1448
1152
933
1447
2351
1474
2098
416
1873
2903
1098
392
685
2340
624
3426
1050
1475
1656
1366
1406
1968
3070
1708
1409
215
3018
2993
728
1100
2197
3003
436
1387
1378
719
1401
1743
1875
627
602
2900
1365
1934
120
2092
122
555
2359
1442
1049
703
581
412
3134
1116
2951
2108
2084
3572
2094
1087
1491
2596
65
656
289
1769
434
1079
1456
1451
2115
2944
991
1130
755
2904
601
659
1392
432
1144
3560
3017
114
2180
1845
3356
634
3320
1008
1500
2471
2592
1179
1173
736
2398
2201
2292
603
1142
364
2200
2069
2309
2181
1853
1417
425
2326
1840
1191
3086
3087
3246
2649
2103
1112
2635
1893
1675
1374
1145
1370
3548
3554
3367
3113
2512
3248
67
2519
2515
3211
200
220
3368
2352
2756
1416
1347
2507
48
1351
2514
2037
514
1141
1849
1337
3206
1663
2598
3177
2746
1664
1615
1620
574
399
1035
1042
3075
79
61
782
777
1225
1242
214
1259
205
2868
3167
3369
162
64
3163
310
2702
2506
1099
2508
478
2564
738
1440
2502
2044
176
1806
1019
779
2824
197
2023
2814
797
2916
343
2042
2047
3468
1625
1435
2823
2813
1801
1104
6
2760
3566
1774
1018
1028
101
3179
2730
3186
957
1895
1811
1471
2548
2889
3589
1699
2898
3181
3184
896
1023
146
3013
3576
548
547
1418
1264
2674
2731
1234
899
3174
3170
138
664
397
1275
1117
900
58
1425
3148
3545
105
227
1403
2675
2683
78
361
1773
2198
1128
3450
2005
2007
68
3052
2249
270
381
2306
210
3051
362
871
1415
3154
428
265
3406
3054
1808
2525
1532
139
1526
1313
132
140
440
3375
2624
1518
1869
193
2468
2441
1877
2325
2321
66
1271
137
2630
1283
3438
2440
3374
569
317
366
687
1868
1360
2524
3057
870
692
2539
2110
1473
1515
1303
1024
2437
57
275
1029
3315
1734
2006
2003
1605
1607
3137
3116
2446
3533
3023
2697
2698
2680
273
2087
147
2123
1727
842
2119
454
938
2670
3300
3296
2255
370
1127
1129
2533
3022
3038
961
1495
1506
812
1428
1670
1683
1302
2848
1427
2645
2690
1508
1511
417
411
1677
2834
2254
2707
2844
274
2617
828
2747
2748
1324
1317
1292
1284
62
856
1211
1214
311
959
3241
2487
1902
958
1912
3112
2486
1566
1572
3162
3397
3196
3197
1660
1770
2833
826
2838
3208
3132
3392
211
2090
3233
3220
2262
2265
3164
2062
3151
1779
3484
2234
2222
3465
2888
3166
3161
1004
1610
712
3180
697
696
1772
1786
314
2445
1280
3210
2205
1803
196
1793
808
2052
897
888
1764
1653
2897
2259
2223
3459
3449
851
2215
862
857
3433
2329
2016
1825
2057
1520
1376
267
885
1382
1832
3591
2775
1205
1209
1240
419
2017
71
716
704
1107
1094
2311
2190
2835
2419
2383
3385
2499
287
1441
2549
2500
1492
2513
2547
2518
1481
2546
2521
2523
2545
1454
0
1608
2455
1874
1748
1745
1730
2192
2830
2208
2840
623
2427
2421
2018
2498
2425
2423
2066
2054
2826
2291
73
1930
2191
86
3584
3587
2403
2392
1170
1181
1185
1248
1258
1327
1331
1343
2393
1619
2400
1613
424
647
1644
651
1645
1907
1910
2936
2939
1236
641
934
565
566
1986
2344
2173
3358
2909
1996
3342
3079
2354
380
506
3293
3292
2887
3350
2918
3084
2170
644
642
638
909
907
937
2656
2655
1896
1906
1914
1928
1346
1344
2073
2067
620
619
1897
2034
615
2040
893
894
718
2864
2870
2384
3574
3138
2156
1952
3255
2312
1243
1558
963
584
668
452
1045
962
236
230
3265
3253
705
2681
2671
993
977
983
997
2556
2528
221
216
567
2050
1375
2011
2988
1871
175
2207
226
3260
3259
3274
3269
1761
1765
1760
3270
203
202
3252
3249
1036
1032
3273
3267
3268
3266
3263
3261
530
1890
2601
493
2213
2327
2890
2474
2570
2583
2914
2221
1925
2682
2041
2046
1040
1034
1119
91
118
117
2038
1963
1980
1976
2158
2153
277
278
224
316
313
2983
2981
2884
2060
1270
2476
2334
1135
918
2064
2463
2065
628
626
151
111
2370
104
449
886
2611
281
2226
1531
2186
3345
3338
189
188
2378
2766
2491
1075
491
1850
1261
2761
156
3461
2058
1844
3325
3328
740
3127
336
2770
859
376
94
1106
861
2915
867
2350
840
2685
348
1469
1929
2832
2503
3444
3440
825
813
785
2504
1361
3416
204
776
769
766
1373
2075
780
2941
2509
1817
1990
1182
1183
2733
1203
1215
1216
1816
3487
1221
930
1244
2807
1827
1754
2252
503
2129
2625
1123
1494
727
3150
1937
2274
2955
532
1933
50
2391
3550
3540
488
1090
758
408
3247
2209
431
1981
3199
3258
1256
443
1964
1961
1535
2229
3176
654
1691
605
1714
3021
2995
3004
2812
1953
2957
1065
1064
3024
2773
599
1398
556
2631
3058
1445
1003
2086
2658
1174
686
2659
1749
2662
14
2584
3337
2070
3311
1156
2962
3336
136
682
3012
455
854
266
2363
1086
2364
621
2574
3451
2562
264
1711
2560
1985
2159
1707
3175
1621
442
3171
1614
3160
3015
108
1430
1431
279
112
1059
3147
1146
473
745
1139
1609
2049
1147
1148
2056
717
2467
271
1577
1576
1575
1573
2458
2083
2085
701
288
698
693
3373
2443
3376
3382
126
1054
1055
1067
2810
2551
1681
792
1666
2694
2961
1414
1105
2753
1412
2104
2749
2203
1291
597
1512
1404
2739
3379
1397
3065
1525
2729
2727
1530
3536
2723
3383
2947
2599
1423
783
1477
2152
604
3250
3251
1486
3421
2946
1841
3551
2653
1436
1540
1542
1831
483
2937
495
3209
2965
1014
2638
1338
1021
177
2929
915
