107
110
121
26
122
602
1391
124
112
117
128
129
126
115
1398
1522
593
114
116
1269
1744
25
9
32
1740
668
836
703
672
546
1641
534
28
1278
1635
24
1294
186
538
184
38
1297
527
1229
1367
535
494
680
551
670
543
804
658
545
1338
1337
529
827
824
1487
2782
829
2784
2339
68
2341
854
688
77
636
850
137
2262
706
837
659
2770
130
1802
319
1321
681
318
835
1223
637
1797
1984
1272
2772
1798
493
1568
76
1560
2308
503
1181
54
589
2699
1484
2314
525
2766
2700
697
541
177
811
599
1260
2258
1270
669
2139
2137
1083
537
1215
240
553
2328
2170
498
46
2518
2817
2816
243
1078
818
244
1346
2259
2330
743
499
1628
1566
123
687
502
237
1693
1392
1921
324
1739
1271
2160
174
812
80
2776
826
373
485
2305
1397
1578
37
522
2132
1261
1038
2552
1222
10
665
1980
1692
1638
1384
67
180
2474
504
36
2472
692
510
1432
2685
1488
1627
55
1044
142
1301
790
1747
632
2404
284
2630
1433
157
1733
663
677
691
1745
2842
1805
334
1514
704
78
1860
1829
1830
2359
1317
744
1625
1541
236
2313
2696
1795
370
428
1228
1856
1848
1043
1200
1199
1341
2458
2445
2841
1322
1974
41
2161
2525
247
1213
679
2263
1857
1807
871
2037
1766
2290
2434
1653
1670
1629
1353
2033
250
1658
1175
1060
1644
1861
2247
1822
189
641
1957
2711
1489
2152
1177
515
2740
513
2811
376
2655
1648
1279
1738
666
252
2651
1557
640
722
1840
2733
1828
2237
16
253
1669
805
1607
1765
1994
1035
2342
622
138
2694
1145
72
1971
749
2475
2481
747
2422
757
1972
759
2286
188
1114
1017
254
120
1556
728
73
2720
1360
1579
1789
990
1519
145
1249
2274
34
1005
2311
33
1596
357
1873
1350
2044
1874
1791
732
255
1571
2631
770
51
1471
2821
1546
2142
2627
1477
320
873
869
1059
2809
448
234
289
2368
2312
1569
438
1783
775
1573
2714
2143
748
1474
275
2679
390
45
1295
1875
1869
1327
151
1303
1172
2425
64
1696
108
1463
711
2133
1909
1824
2172
2684
586
2141
132
842
1225
1428
181
1285
559
2212
1251
2295
2363
2698
1268
2396
1314
699
1418
700
2036
558
2168
1026
1080
1085
1555
1424
1422
2663
1134
1311
696
2188
1403
2140
2793
1217
882
864
1529
596
2670
2582
861
2169
1467
1470
724
1728
2446
2429
705
2590
2187
2430
2581
865
715
2795
2796
2596
1366
2522
2523
1115
1385
1395
1394
2748
1156
344
2737
2787
2839
391
2008
2151
951
1979
899
1495
425
907
1449
1722
726
2096
2035
2107
2797
2017
2571
2794
964
960
1141
1142
1512
771
2565
753
2391
1277
912
915
101
461
2298
2299
656
2028
750
2026
1070
463
1033
1123
2792
2340
2555
2352
1412
764
776
500
2100
193
192
2112
2106
2566
769
2758
2754
1176
211
667
5
2111
1135
784
1069
1440
436
2050
956
2338
1407
1836
778
501
566
1839
1703
71
1075
2108
2101
2109
144
81
2053
2052
486
536
1531
472
2058
70
1558
531
963
821
229
1212
1015
2239
512
437
867
1582
1602
2394
557
2193
576
572
2078
2197
2265
2617
1347
974
978
1516
1587
862
2616
1074
1964
858
1461
1058
325
1465
676
2494
2488
190
1827
2712
901
2431
868
1310
1707
1711
1254
1130
1296
2605
2603
2626
328
2189
27
1592
1218
1299
2615
518
1077
1464
853
2281
2448
2499
1302
288
965
2584
1481
2452
2527
1788
1778
1214
220
639
738
221
643
505
653
652
282
2280
2557
2167
360
740
2059
2587
1724
1730
2539
2543
1769
2236
1479
495
423
2417
2405
1908
2369
2567
89
331
649
150
153
642
233
1954
225
2180
424
1820
2065
458
462
281
2027
466
2117
2183
2122
2190
2354
2511
2510
2400
131
2149
1010
644
1632
286
2317
1503
741
2455
2652
782
2063
847
1008
777
47
330
2194
2198
2014
2327
2324
2147
2145
2718
1907
2249
920
924
2048
11
2360
2329
1889
1885
2254
2207
2000
1906
1916
2479
2127
1958
1956
552
1982
1981
544
2288
2753
650
1659
1880
1913
62
17
1131
1128
1877
1024
1624
1917
2716
1502
2206
2637
1377
1373
389
2278
2372
785
2045
645
1339
2095
2105
2085
2080
603
594
2386
343
379
2831
2833
295
1234
780
1887
1117
1244
1376
1883
609
1623
1660
887
884
1527
1525
2068
2024
2181
2316
2323
2645
2642
1460
1570
1946
1922
194
304
2069
2219
2741
1891
2010
300
305
2675
308
310
2031
1561
118
611
1882
883
886
1490
1348
2701
1562
1493
2749
2018
1550
207
2451
2515
1357
2697
1549
388
2657
392
311
301
2505
2503
313
216
196
1949
1951
1634
1645
30
35
1151
1116
2009
1993
739
718
1998
416
417
396
1164
1482
1236
2660
1567
1646
387
898
1581
1161
1340
937
607
1447
335
1499
336
939
474
1501
2210
1688
2208
892
934
1152
480
477
1028
1237
904
761
1473
187
363
394
431
332
597
1677
1680
356
347
945
946
1204
1206
1243
635
634
1415
2844
2845
489
1201
1421
794
69
820
432
1452
1457
1679
1676
433
413
444
414
795
1401
1193
290
2424
1194
2094
2104
2110
338
1190
2084
2124
1102
2121
2337
905
291
819
803
1630
1631
258
147
265
1232
1233
1081
2291
980
106
2283
109
2449
213
2282
1276
105
1965
82
2447
938
84
2336
1352
2231
2230
2248
2245
870
875
1361
1399
1221
1715
1220
686
1710
1210
1209
1741
1717
1521
1865
2580
1056
2579
2578
1705
2577
1699
1336
1374
1224
831
2516
2517
182
1816
1926
2524
1815
163
1809
412
1504
451
450
449
1782
2803
1273
430
2805
443
1275
1819
986
613
1930
2496
2501
2502
1831
1932
2235
2432
2624
2622
2042
2051
1139
1147
2464
2677
2608
2610
2840
1025
326
1978
2367
83
2215
292
1050
822
2040
1084
1153
1155
1154
497
1455
954
944
1076
1047
1082
1497
800
375
742
1087
919
918
2257
2253
2732
2724
2267
1453
1001
997
1002
2269
917
2264
1023
2034
2047
29
2808
31
2806
2727
2731
933
928
909
914
2743
2742
2273
2275
2789
2788
2719
176
2632
1119
1118
2478
2131
1754
1814
1813
2520
2521
1182
1180
1185
1168
139
141
287
1170
2738
1048
1159
1953
2734
2307
2303
2297
717
2279
276
1167
149
1195
2589
627
1184
1910
1918
647
648
127
1125
2653
682
1096
1975
2270
1086
239
2361
605
2371
266
1316
1313
85
1304
1804
1290
561
1068
2764
1784
813
2598
806
1767
2166
793
2173
786
317
323
1746
1737
767
2195
1342
2199
754
1695
1694
1691
2217
2225
1687
353
1396
2256
1590
56
2067
465
911
2006
866
2807
49
2444
2126
2435
43
383
1671
1431
970
359
1067
2463
1262
1029
1255
1253
395
372
1445
39
2082
2819
2023
2813
548
1600
195
2001
995
1227
1055
1536
1400
1864
226
1637
1650
2466
950
955
2666
1640
1011
218
418
1565
2688
63
1622
1616
1510
2691
2709
18
895
1466
2628
185
2824
2380
2423
1837
993
2843
1852
2030
125
1580
2721
2382
2384
75
169
170
1588
2403
1542
1545
941
942
2546
2541
961
962
2159
2293
592
2306
568
2320
2322
550
2345
526
2377
2287
2285
2242
2399
2157
2162
2164
714
2179
2538
2533
2554
2532
2545
2561
2562
2838
2798
2726
2693
2780
2689
2837
1611
902
1300
2680
183
774
1991
206
617
210
1973
1639
224
1267
1543
1544
2413
2414
1315
876
1312
877
1591
1997
175
2682
2674
2669
1264
1258
1955
1952
232
2625
178
146
755
249
1365
96
97
1356
2471
1528
1144
1523
1520
447
1851
2060
674
1842
2407
678
435
799
1032
1124
1122
1036
427
2433
1040
2186
2213
828
2553
1915
1914
256
2570
405
40
2090
1823
779
781
422
133
1179
843
1884
261
262
1881
2568
2221
1173
2038
113
1333
1878
1870
2032
1810
345
1324
1803
2356
2592
2591
2412
2411
