26
83
79
20
21
1199
22
1206
972
84
1213
1050
927
908
911
1190
336
1047
925
258
259
689
977
443
16
1192
933
486
483
444
28
693
339
78
56
85
88
971
15
17
712
717
89
990
1182
385
505
1053
397
55
327
159
976
616
1427
1474
331
1588
545
30
560
839
757
760
541
843
1005
76
1348
27
1553
280
74
281
1201
1586
1393
304
1000
1009
1350
1004
1555
310
315
347
77
1046
585
583
1152
1014
1532
494
493
618
621
322
1148
229
863
855
1354
642
644
579
578
540
1171
1261
1209
1155
530
1189
309
889
539
90
335
523
1061
1016
624
150
708
707
1562
1110
1109
132
826
805
679
439
144
351
1372
1250
916
998
996
1473
286
922
182
156
1435
6
1614
876
877
873
981
5
57
633
1198
500
1369
1534
634
153
157
168
104
321
422
1316
1317
1193
611
1099
40
120
1177
404
612
1197
277
1430
1469
297
1505
409
217
203
1268
1526
461
1329
1330
771
414
1333
457
278
456
342
570
1028
1065
1551
1172
3
1538
1504
1353
7
413
1544
373
495
1335
1336
1550
1216
47
46
1223
1221
442
915
1156
1094
1088
418
382
1060
1308
1086
799
870
427
214
1619
449
1235
1610
1055
769
864
831
807
811
1090
1093
1607
1609
932
934
733
730
426
285
403
408
1095
1096
14
601
538
239
951
366
363
1455
547
240
1239
476
822
492
943
37
35
955
920
956
818
820
313
1340
1476
1228
155
436
433
741
1470
1349
190
1022
1341
975
906
1338
1232
197
919
376
929
923
1003
1002
1352
384
1483
70
72
1438
325
318
314
783
1023
985
149
215
222
225
1404
1406
164
165
1450
93
488
1324
19
1129
368
1128
1447
92
520
1220
1321
1225
2
487
106
521
166
162
1503
1508
882
885
1304
1302
672
671
526
532
710
719
1391
355
1364
690
685
838
1597
713
681
688
715
801
1390
1596
358
1366
1363
849
802
803
1628
1626
300
402
398
1365
629
1300
1387
428
432
1593
1594
1616
1298
1297
1531
1237
1169
614
960
615
1170
1105
99
110
497
501
1424
1468
1224
716
718
880
1222
1549
1548
1547
311
881
0
174
192
201
496
504
490
471
467
466
465
1370
509
1373
447
1379
514
888
887
1114
1115
1118
244
1122
1123
256
257
868
262
890
263
275
1453
531
534
537
116
117
118
793
1296
122
124
1567
128
129
1293
1292
847
302
973
974
1078
1081
1031
979
980
1030
73
1415
1601
69
1602
1603
518
1576
1575
1574
1273
637
638
1577
639
641
1463
1518
1573
749
748
1274
1515
1467
591
1627
584
1522
1521
1006
1631
1247
1402
1520
1008
1138
593
1516
720
723
607
904
1634
1633
1084
1314
1215
249
586
299
369
1202
306
307
248
674
729
604
732
731
1475
1494
727
1445
912
1443
673
1491
1490
287
254
252
1488
1487
1264
770
1618
1368
806
1413
986
1082
213
1613
684
742
415
411
1477
1480
187
188
1647
1645
1194
1204
773
772
1643
1646
210
208
897
900
898
608
399
392
1502
1501
1506
1510
209
186
475
207
241
1146
777
776
867
1007
1100
862
130
131
121
391
1374
1376
365
143
1380
145
1517
1512
575
569
568
562
557
196
550
544
1233
535
533
529
527
522
454
632
1458
750
1356
630
1454
361
763
628
242
1019
54
1141
346
1295
111
301
1584
1432
1433
834
1394
1054
670
453
846
1284
319
703
1052
1290
1294
517
1342
1615
231
917
1248
1249
926
1466
714
823
1012
999
32
745
804
1565
963
1269
344
1178
506
1104
794
343
508
1535
510
512
958
160
326
1265
498
298
296
1388
875
1299
924
332
100
1563
1
1072
1414
1071
330
1174
114
1322
1323
112
1509
1051
1175
1457
576
181
284
81
1383
379
1347
872
152
38
1270
1157
154
345
1159
1196
686
1085
1162
692
1108
352
421
961
491
600
905
1218
909
158
406
1064
324
1029
226
323
276
1286
792
778
787
784
791
