47
41
42
34
45
50
161
159
33
15
1249
43
35
164
150
49
1737
145
53
157
156
1694
148
99
144
151
625
1701
1490
1736
2730
1201
2722
961
139
1659
98
2335
957
16
971
1358
1193
36
1357
1106
312
1250
194
149
92
163
2848
2334
1204
1354
1184
799
1760
1163
962
2161
423
937
2160
966
3033
450
1048
167
2136
844
617
1047
2181
3032
373
58
2981
1180
1479
883
707
693
426
445
1965
890
193
2137
40
2723
1962
931
218
170
165
134
168
214
671
2348
1395
935
2445
192
745
2726
1845
740
672
1491
28
655
1198
1735
550
835
760
1655
626
1761
1698
243
398
1174
933
2720
1190
1958
306
340
1215
1218
775
2349
1168
1199
2480
71
1616
1615
736
407
1258
2861
388
1576
1746
2940
2084
1478
1661
137
636
392
1928
3086
1383
1957
1744
1499
1679
1205
2054
1015
1023
93
917
1523
2444
1461
2174
2661
394
224
2579
942
1189
1602
2058
1621
1465
1528
1600
1353
252
1837
972
757
910
2345
934
2492
1252
1246
1662
843
2682
2918
2193
1094
1227
446
2704
1929
1964
2655
548
409
947
1090
1664
943
1356
1098
1561
2007
111
3077
3074
1181
2123
2914
73
2672
2664
2440
100
1743
611
1140
1139
1177
482
310
169
2339
390
1013
110
1563
2669
477
2338
185
2856
938
2124
316
2651
247
1145
1660
1805
1841
2261
2251
1450
2166
2170
1653
2431
2845
1010
2368
483
2679
2692
864
1447
2156
865
742
2436
327
2958
3011
2860
162
2678
2959
2844
1105
1428
322
369
364
1790
1558
2501
2382
851
3083
615
610
52
317
1242
2239
854
64
590
2952
607
2200
2236
603
1657
538
539
2376
1286
629
2685
2366
1429
2792
2847
77
32
61
1881
1476
1072
2158
2146
1720
2675
97
2884
613
2890
1745
1292
2795
63
2372
2839
2428
160
2380
1700
1747
1818
2564
2565
2487
3030
1589
341
2893
147
2432
3
1445
3017
772
1036
2948
1691
3031
2455
321
1639
1034
1009
885
846
1956
1559
154
1591
2378
1930
103
2289
2287
2895
948
924
27
2250
2344
86
2085
80
24
415
1424
1432
2260
263
416
1560
925
1953
2419
1288
1624
970
183
801
2065
124
17
692
2337
1654
903
1482
2025
142
2789
1277
593
2422
472
915
2778
1269
1652
1709
592
2399
602
1656
3046
2346
1436
920
790
329
1284
1285
2273
2642
3058
967
2489
2699
186
1963
1351
930
681
804
2915
1803
1096
805
719
670
1099
598
713
682
1631
1144
136
2941
2690
744
1812
752
919
104
1263
1584
2712
1889
3085
2223
1788
2307
1968
2317
2316
187
2475
583
335
2309
2849
549
173
2457
2694
1842
216
1564
1783
1752
620
2259
1675
249
2721
761
1647
2764
1444
2925
806
1608
2266
29
2910
2909
382
2697
172
2727
268
2943
2923
2763
1981
2262
1908
1597
120
336
2713
1860
673
1178
2312
75
2908
1321
2061
2961
1612
921
2392
2809
2975
2183
85
2967
1187
2391
2188
1909
2806
1051
2735
1611
175
847
1671
786
108
2056
2081
1607
1603
2107
2104
977
2836
1961
768
44
1531
1592
405
2711
2710
2082
1541
1638
802
48
174
848
2131
2737
2714
2163
1334
2245
1678
3034
1651
1556
981
257
874
378
379
1716
2452
2500
1318
521
517
758
1658
870
1627
2462
266
2453
422
559
2482
558
1637
354
406
1538
1511
2435
1416
643
3027
3025
113
1186
3059
2768
860
2168
2889
2034
901
621
2643
628
2187
1516
2434
1543
641
676
1650
649
2481
2458
2605
1442
393
2568
1567
2566
2796
750
1211
1867
87
2874
2878
1076
1079
245
171
1309
1714
304
213
2447
1212
2199
1520
421
2567
1348
1749
181
631
1878
211
1223
990
992
640
221
333
1725
1689
892
1315
1813
1634
1635
1149
2650
1838
1882
891
2207
1265
1748
639
206
2192
751
105
1165
2190
1793
2441
449
1176
2363
132
789
796
1427
1485
2997
2995
667
812
2269
2242
1202
2014
2359
2143
3002
2020
894
1494
582
2626
2625
642
646
69
1594
1307
1466
1874
1880
879
882
2119
1682
1681
490
1274
2121
1278
492
2450
2449
746
375
68
3008
2340
116
476
2159
1200
353
2963
811
442
474
2842
1331
1330
2751
537
1728
3036
3041
2686
2680
371
372
982
2283
878
1879
188
2955
533
1665
368
121
534
587
458
975
480
822
817
359
706
708
1446
936
1905
650
1342
1339
2677
1533
2288
2274
1986
776
783
1417
1891
1901
453
1921
929
26
1854
1886
484
2947
3087
2210
2220
1982
3016
3018
1850
2983
974
91
1844
1843
70
1727
866
2408
2406
2676
579
580
2471
2656
2237
1897
2657
424
2060
1504
451
2350
1495
3007
896
946
2029
2032
2446
899
1996
2015
2667
956
836
827
2389
911
886
1150
1573
126
128
2427
456
2002
897
893
1477
2578
784
769
907
357
2038
2033
2499
2451
1571
1500
916
909
908
2214
2203
2050
820
1341
2051
1944
1927
2937
1109
648
2647
2938
814
2593
2790
2786
561
2079
666
810
278
285
1016
2597
305
399
1433
2559
2561
2543
2545
2141
1757
1253
1255
1207
1210
669
2965
509
1772
2140
2271
2588
2646
2972
2080
2021
2477
1231
284
1762
307
299
2367
2364
2942
1245
2851
1142
1257
2272
2905
2900
2394
2587
2395
1121
2876
2869
2930
1241
1125
384
381
1120
1413
1407
1396
1402
2935
2784
2781
389
387
1404
1388
2152
2873
2805
1386
361
1382
2850
1379
2804
2853
1291
1344
1025
1031
1398
2834
2830
2609
2607
439
1613
1540
944
2024
297
2594
794
1032
294
300
950
288
787
2018
2013
2006
1545
1033
1028
1687
2078
686
1521
2548
958
2547
2546
1642
219
1640
522
2949
2951
2787
1932
2541
112
518
965
1434
96
2549
2560
230
2557
2980
2555
83
986
2719
2553
531
2775
869
496
2571
872
2240
1587
418
2774
2281
1182
2282
1801
2516
1191
2800
495
232
198
858
466
2519
1580
2525
1578
2527
1577
2640
1575
2756
1141
1156
998
1378
2090
2091
585
2483
2484
605
1264
807
19
1281
1283
2086
2150
2149
1228
3050
734
2497
2503
1225
1136
1915
1934
202
1839
1872
1234
1903
2511
567
569
3045
1135
3001
696
20
1724
1723
2186
2198
1233
81
2087
715
1706
1702
1696
2256
2479
2442
662
1683
1618
704
1220
1221
195
1849
691
2993
2990
3012
3005
722
1848
1213
1226
1230
1188
1974
1973
570
3028
3026
2039
1084
1082
1969
1975
1360
2577
1980
2761
2268
355
2125
726
718
240
239
1492
1502
684
694
84
101
2064
1238
2062
1279
1899
463
1636
1488
1472
2443
2936
2928
2926
2439
2933
1712
767
766
765
374
2502
1715
1730
1883
1734
1758
1759
2508
702
413
429
452
457
459
1781
1773
1972
1970
1945
1688
2932
2507
2982
1130
1718
1804
1259
1132
1676
1859
1131
2498
2474
771
2985
2473
1129
1134
1209
1133
1161
1155
1054
1170
1053
470
2466
2244
2461
2986
141
143
269
479
146
2083
1423
1422
2438
782
1069
780
1173
179
2276
953
184
2303
923
2944
898
876
2934
2371
852
205
850
207
2383
2927
978
1001
2255
2426
1952
1340
1995
1290
2031
2057
1003
2232
311
1912
1922
2709
2707
2448
1704
2696
1703
2691
1078
2855
1448
2857
1948
1609
2666
1525
2238
2654
65
2653
1519
2684
1374
425
2747
1409
586
601
1405
589
255
2602
2883
2882
264
248
556
1796
2668
57
420
3053
417
1486
1487
1799
2573
1863
618
1111
152
1056
155
2172
1049
1011
2144
3061
1648
2067
1663
2522
1673
1895
1680
385
1686
2766
2504
1877
3068
1517
2782
1510
2793
2807
331
677
1726
2823
1731
683
1756
2919
235
2777
220
1
1630
1217
3092
1884
3089
30
1862
2027
1785
1902
3078
2003
1088
1742
1092
3076
1898
1751
575
1851
1829
576
178
177
215
212
2185
2167
2182
2171
2196
2184
376
1717
2957
2954
1721
158
1262
954
1449
2037
2755
1443
1438
360
969
180
555
182
2042
2962
1467
2743
2718
2384
2998
403
3009
2852
2992
3035
1674
594
253
591
895
1335
1035
267
595
2841
279
2088
1313
289
564
1305
2815
2840
1811
1810
1808
117
1690
127
922
2460
781
1243
2017
1875
2022
1254
2026
2030
1864
308
504
1855
2808
1240
1276
2068
1347
994
653
905
1666
884
881
79
2381
2377
72
1282
62
2621
2698
2732
2736
1194
2662
1978
1979
18
2645
2290
2644
2637
478
2270
1598
2342
2275
2681
1923
2701
2695
1162
1183
1152
1167
1148
414
2683
798
1924
1938
1939
1942
1947
1940
