23
110
35
29
32
109
22
26
6
112
2008
2012
107
116
2024
115
565
566
1259
1024
905
102
1654
79
2037
2058
2047
117
101
1080
37
40
612
613
429
1132
2023
421
52
1284
1650
1767
104
2202
459
28
1127
1076
1023
257
1791
1137
890
17
16
1025
105
1789
1731
1340
774
776
1714
1716
462
897
1782
222
420
1421
44
1668
1665
2200
1463
927
1560
113
1339
106
4
446
50
1179
1174
1539
701
694
1466
80
464
176
898
934
906
51
1498
48
466
42
1336
931
724
57
1420
2222
359
1628
245
1619
2032
1835
889
175
1142
1830
1615
243
1144
1632
46
1845
1580
33
1150
221
1764
2266
1841
2261
1561
223
1282
179
669
1050
1115
587
1057
592
1840
244
581
1184
1438
1356
111
1594
1265
586
1106
1751
640
1337
1778
1781
709
453
1776
2219
2157
1774
2228
1271
1772
443
2220
114
1102
1187
641
1608
2018
1436
393
2249
765
1591
1917
2168
802
801
1866
2088
1864
664
1775
1027
1724
2148
364
1784
2022
655
1649
277
191
2237
1422
440
2001
3
1233
1639
1551
1141
194
266
1234
2117
1581
2227
611
1089
122
145
1268
1676
2074
396
1988
1773
1924
1696
291
992
1152
405
734
1459
520
1623
754
617
335
379
2011
422
1034
394
1678
1599
1758
2256
1180
284
580
798
843
226
385
376
387
621
423
622
390
1033
1084
1622
919
584
461
1172
963
643
877
1500
2309
817
65
1251
1252
283
53
1563
576
306
1631
878
721
968
54
1170
45
744
495
2287
944
939
201
2255
2235
1679
542
1547
1982
1922
307
932
720
2238
829
1911
1726
1919
1424
1987
138
996
1802
1470
1245
974
1104
1603
1610
1402
2100
2118
1338
267
1243
1469
1397
539
428
434
398
2104
1661
575
386
545
56
1850
2017
1517
2240
86
1173
1989
1059
605
1381
1761
61
1373
1659
1240
1054
2106
430
242
78
1428
1770
1492
1060
1806
356
96
1419
1618
1805
820
825
21
1809
1771
1100
1643
2172
2253
1051
63
1239
103
2275
1736
2170
1953
590
599
1912
220
224
1680
1905
1907
1681
1621
62
2174
1335
1967
1933
2175
2229
1586
2221
1334
752
759
149
1357
85
416
431
1660
1657
1361
1426
1855
1464
2158
2186
415
1966
1382
1374
1971
1607
1939
1956
1957
1330
1333
60
88
316
315
1613
1329
1055
2233
213
58
2181
505
753
2184
1700
509
1790
455
1395
1326
445
1399
1968
1331
648
647
1964
1738
210
2146
2143
1053
1739
215
1497
2197
2198
1794
1741
1740
1474
1210
1214
1655
1656
512
1851
1899
1516
1520
1821
441
504
72
1
1902
916
718
1491
450
1807
1854
1792
1786
184
183
985
989
141
993
2065
508
649
979
399
2288
1203
1205
1860
961
403
401
400
1895
1898
1160
1909
1910
1812
31
34
1813
1996
1270
1300
1264
1311
707
708
164
900
908
1178
964
1177
895
917
374
373
1313
1310
1874
1013
768
2051
1940
960
1227
962
1213
2046
1949
764
313
731
1574
1873
1176
1883
1746
1938
2305
791
792
1743
1742
654
2306
658
2307
299
300
2177
2185
256
1386
252
253
1384
1116
557
653
650
1065
1069
876
572
130
129
858
855
2281
2280
331
571
570
578
582
548
749
746
552
516
745
735
1169
1167
544
1359
1394
1396
1368
685
525
2084
2080
526
2308
869
1826
2128
323
322
519
1535
530
522
1534
550
553
1950
730
1281
1283
273
1275
1287
732
186
185
1671
1002
212
208
1289
1567
715
472
2019
480
2004
1978
1965
1963
1962
560
1961
562
1960
614
618
665
667
668
670
673
674
677
684
1342
1737
1834
1706
747
81
2141
1385
1703
150
74
73
280
1390
760
2140
68
1819
2271
770
775
777
1398
1008
827
832
1009
2063
1320
835
1521
1211
1216
358
1523
1297
1298
2132
2131
1524
1525
793
1343
1341
1225
2077
263
426
321
318
264
259
439
2145
2147
2152
2153
258
538
533
994
988
1387
2279
2283
1007
1006
488
485
1388
303
133
1903
1998
1645
2015
2010
2089
134
135
1224
309
880
873
254
642
645
1713
1828
1825
1125
1913
874
785
235
2315
2314
137
196
197
1366
1371
1536
2297
881
1206
1031
1032
236
238
397
918
2232
966
2002
2298
2094
2093
234
227
784
230
231
340
1920
867
1984
704
703
699
697
2091
2042
872
943
946
2000
2085
879
1533
1532
2300
2052
568
577
783
805
1201
1200
808
806
1253
2099
1250
2111
1836
2296
949
579
2076
804
950
2073
788
787
2066
925
913
915
2038
953
954
945
937
951
1458
1454
1370
1377
2034
2040
980
984
290
1972
1980
729
1041
1552
2160
363
289
1242
2107
2164
207
1559
355
352
121
639
1829
2167
1589
2159
1355
1721
1979
1952
2139
1951
1548
1546
1107
651
1542
2144
1099
190
1540
2173
1796
2105
821
276
275
1550
672
2016
1135
1030
511
1352
270
1417
1418
826
823
1646
468
1780
1779
463
97
460
675
298
449
1519
438
435
83
1760
719
2179
162
161
1140
152
1588
1147
543
140
551
1592
1582
2204
2212
2213
840
1171
1601
1605
1175
1182
796
1702
2003
959
2270
995
55
740
2277
738
49
47
1003
2057
43
1263
1262
1467
762
173
1288
1867
1865
1579
1842
59
1977
717
2294
216
901
2112
1379
1985
2286
1124
38
39
2072
1687
1693
1690
375
395
1405
1043
1673
392
702
15
886
406
1131
384
1290
5
1058
7
381
380
536
372
1113
371
233
229
531
1136
727
1168
2319
751
174
1598
757
1593
458
1587
454
477
192
2127
998
202
203
1578
2121
781
211
193
1372
165
2169
1457
1462
1461
1460
304
1729
2029
292
286
1444
1443
1440
1435
1434
911
1431
269
1425
1103
1246
1101
1094
1090
2278
2246
1105
2250
2079
1509
847
722
362
1930
1837
336
797
1695
377
535
2059
1849
1843
1847
351
541
1801
1188
852
1149
606
391
1638
1637
388
1112
610
603
1314
