15
18
13
14
20
23
83
71
81
458
462
359
12
240
234
367
340
72
1392
1160
80
817
332
351
366
77
73
1389
1462
370
358
1477
1480
75
514
85
84
1468
1157
1393
1656
1161
1390
1677
672
714
716
1391
673
1132
1376
1789
1791
898
1407
1452
1213
897
1515
1525
1214
1211
1457
88
3
2
121
82
349
1456
1151
76
449
450
17
1422
1431
1465
475
747
751
474
821
480
32
1459
973
326
28
890
810
1654
1152
1339
464
811
25
1739
1334
26
467
1416
856
1428
1399
1755
1343
490
809
1746
118
1884
1883
35
1409
1415
883
127
126
47
48
876
1493
836
1021
988
1578
1147
120
1233
241
504
1044
92
879
1425
217
592
591
222
1547
1570
842
1279
271
1201
1271
1442
816
1758
1702
1893
1536
1558
1581
864
55
605
703
1419
1260
1232
748
1592
965
612
1589
109
1284
1121
375
1120
1400
1405
1373
698
1374
377
364
331
310
745
1353
914
913
1042
1520
977
717
710
1529
1438
433
311
1437
1668
1573
1129
325
7
8
380
693
951
1697
1699
1711
1524
1766
430
702
1166
1412
1517
1356
1476
1637
1291
1701
1305
488
1016
1905
63
1519
204
493
327
86
1315
1272
1344
1467
60
1904
111
1553
198
487
401
202
382
968
221
1370
381
990
1078
376
1498
1427
102
1890
1473
336
150
983
885
826
1500
69
1814
1714
1767
1207
604
161
1312
1748
1768
1186
857
1064
1854
852
1816
815
1760
1499
764
769
1234
1060
835
96
203
159
516
1398
1101
1646
1591
694
601
1675
1131
1720
1283
976
969
37
515
1084
542
548
524
1397
333
603
597
688
1751
486
246
485
219
1463
1349
1543
1542
1267
1266
244
1448
1402
546
1659
1263
541
391
1361
709
692
1212
1218
1359
1692
1786
507
1527
1139
421
74
1310
1736
1261
1551
354
853
854
385
967
959
200
357
320
160
163
201
495
496
417
1012
893
302
304
214
1698
1331
502
1332
1704
655
654
67
889
1278
1895
1436
1504
418
267
261
266
576
1555
1561
594
1636
1635
766
590
649
447
6
1847
1276
1848
1604
265
174
520
419
960
1277
1602
767
588
497
650
762
648
1600
551
547
435
285
284
586
526
436
1601
416
783
781
1618
1309
721
719
1710
89
397
782
788
786
779
1718
1308
1715
529
1314
1303
1724
1728
525
1617
1616
1615
527
393
395
909
728
848
701
849
906
687
895
896
465
468
1684
1676
530
1639
1630
1632
1330
1300
961
1366
1365
975
1491
1489
1458
1451
182
643
918
916
1913
1911
1093
1092
1087
1104
1105
1086
1107
1083
1082
1081
680
176
298
919
917
653
656
1909
1505
1471
1469
1466
1461
1460
1455
322
321
994
1441
180
179
944
943
297
299
181
175
635
636
1073
1168
242
1169
1170
1173
1156
1153
256
570
563
184
185
186
188
189
622
194
196
624
1258
1256
1250
1243
1249
626
206
207
396
117
1623
785
795
796
797
798
799
116
1611
1606
1605
1603
801
802
301
300
803
823
1631
1634
996
157
158
822
556
699
1662
992
555
1674
1679
991
824
1688
1690
288
1738
1709
1712
1717
410
1722
667
1734
413
609
1747
1752
1753
45
44
1757
402
1742
292
1805
1807
1806
585
632
1804
1788
1784
1777
1776
1775
1195
1772
631
1015
1017
463
466
469
1840
1829
1832
1837
1846
1851
1849
1362
1831
1833
616
439
440
1054
1056
1368
1372
729
732
615
619
1281
1077
1329
1322
1024
617
405
412
411
1781
1780
270
1176
197
1693
27
1137
0
1095
1843
832
875
565
414
379
834
1058
1647
1307
122
62
218
521
1526
1424
1432
571
561
1420
1134
1125
1124
564
933
946
1857
1862
1850
1852
665
664
663
723
744
750
1719
1660
837
1509
1290
518
220
1248
884
1022
1285
506
819
820
213
972
807
211
106
1708
344
343
342
989
987
1638
865
867
335
1378
1645
978
154
155
318
1130
860
993
264
839
845
1449
245
851
855
543
1453
859
1047
1695
103
1198
691
1192
880
881
273
606
1552
734
429
1122
437
922
829
712
1298
1492
949
492
494
955
1321
964
966
1323
1707
800
1658
1440
287
784
54
305
1557
1759
1761
1337
1336
64
1619
1853
1057
1610
1560
1000
1887
1590
30
1579
1577
833
398
1159
804
1593
1184
1382
580
753
746
583
1371
1255
1706
718
1896
1069
236
611
998
1075
1713
79
205
24
1733
1906
1034
1406
1671
1062
1066
956
323
1584
1583
1582
1574
360
368
1559
306
1556
384
387
1535
1521
1516
1512
1497
489
498
1764
1765
1113
634
149
633
1769
1774
1103
1655
1317
613
608
607
1327
598
107
593
1264
984
1167
1740
303
575
1384
1128
1694
1165
522
1142
1813
1750
1629
1628
1171
294
1681
195
971
199
1902
