21
70
23
75
69
22
77
1243
76
1213
990
1232
1255
1226
1253
18
66
73
51
586
65
567
63
793
298
7
59
766
290
926
928
1247
794
1212
767
19
945
946
74
759
1137
1686
930
12
1453
1449
1241
885
892
1194
1230
563
1195
431
247
1314
1552
462
337
249
248
943
1547
322
1166
465
62
652
313
167
1234
415
416
144
659
394
17
764
760
1165
661
482
856
852
1406
143
1321
1235
1631
553
473
835
651
452
1370
1368
893
332
152
1654
844
922
150
633
887
920
454
336
672
673
1246
71
921
1402
61
453
1647
886
20
360
457
153
6
899
1127
139
91
1483
418
1198
120
607
1471
229
752
1598
900
1273
142
467
246
1433
1181
1623
522
1412
206
1002
324
585
636
1405
1581
1624
675
947
698
700
1303
866
218
1592
805
982
937
1397
104
901
1508
632
803
1509
1398
202
845
1301
106
679
964
985
1121
701
1046
1189
102
14
496
869
796
802
716
1120
1352
872
591
310
168
1591
1277
189
1304
426
64
1239
1242
1249
863
1523
1298
642
641
1217
1216
987
1517
287
806
198
196
1580
32
33
1245
277
643
3
203
1081
571
201
569
1231
851
958
957
732
346
545
547
1080
541
849
243
729
1082
1183
1158
253
1399
1393
252
1444
1443
530
1160
241
876
959
1141
1142
1156
1588
976
41
40
1704
1703
316
319
1437
1084
1083
1389
24
72
1275
1336
1333
1390
1391
1690
1691
423
800
799
96
98
1611
11
422
26
1167
1168
1600
209
512
511
818
1117
68
1096
1097
1114
726
521
520
813
504
525
208
52
10
1094
421
1312
1308
1632
1630
1172
1420
1102
1430
8
427
917
1625
173
9
105
1610
1263
992
1505
1622
1619
1674
1678
83
312
1274
1322
417
1499
1500
345
195
1539
1479
172
329
328
197
199
101
334
269
270
344
351
356
1446
1441
1005
1066
390
385
509
1025
1026
1335
570
605
587
1371
508
1061
1586
1584
1016
1017
997
583
1334
1366
578
603
743
742
1560
524
1476
505
1557
529
1472
678
306
318
1281
680
674
671
649
648
1510
1511
1487
1488
311
1202
1494
1480
507
1507
1498
1496
1491
1203
1262
589
581
1153
1151
0
47
1568
464
459
1270
1265
1266
1269
301
1697
1698
314
1705
1706
158
147
148
149
281
1504
260
282
295
289
1518
1520
320
315
194
185
1267
1268
1702
361
362
240
689
690
1175
702
1176
123
124
125
704
705
708
709
130
131
132
133
537
1074
532
526
1377
1382
1383
1410
540
1617
1428
1447
407
1614
406
404
403
1064
1351
97
1343
1341
561
566
568
89
88
87
86
1331
1329
582
584
593
1530
650
60
57
177
1126
181
183
184
49
48
940
1573
1563
1556
1554
653
746
1039
1227
1458
1451
1188
280
1210
29
1211
31
750
748
377
1214
741
739
1033
1031
1024
1021
1014
1009
1051
1000
998
984
983
1065
366
364
574
575
880
881
868
608
363
372
381
619
383
623
613
555
556
1186
1185
491
489
832
1385
1164
786
791
935
1594
1597
1418
1182
239
1655
1656
1661
1649
1653
1662
165
164
436
437
1648
79
78
1651
510
506
274
721
720
479
480
1044
696
1124
273
1040
644
478
1112
1048
699
647
1582
272
1415
1108
1381
1170
1118
1250
825
1113
1078
1089
1295
1299
1106
1079
1109
352
1484
244
50
1197
736
1555
1434
853
1354
1357
1095
1128
1092
919
855
1353
175
176
622
628
891
882
1680
848
1682
624
625
676
877
129
908
903
656
630
631
662
905
1606
118
121
1424
1602
475
347
348
715
712
1414
365
1409
1138
870
875
878
1531
395
398
99
1384
932
228
1215
1068
242
988
1283
93
92
1072
1629
225
250
754
448
749
445
915
191
1537
1038
1036
1035
159
414
1122
665
204
1229
795
1302
804
1233
210
840
140
485
604
430
1319
934
731
1450
1317
730
1313
474
744
1278
685
67
833
305
610
758
543
1470
1473
1173
658
1256
1201
592
688
1380
1206
1053
330
1699
219
916
13
1257
1431
1689
550
4
1
1676
82
1677
778
1432
777
321
1174
1416
292
1519
291
590
1516
378
1627
1125
1513
1328
1123
1633
1119
501
1639
1161
1228
1187
393
1184
809
960
955
811
1236
660
694
817
1306
1050
1107
898
1219
1605
1251
884
1459
1148
1147
1454
1427
1612
1103
761
762
996
768
1225
1436
413
857
858
948
408
1296
1133
1378
1132
1497
999
1030
1028
1022
1020
