34
133
27
134
125
9
28
139
126
135
138
128
36
35
129
8
127
29
124
130
1402
1828
1830
452
572
1713
581
432
569
1721
531
961
1375
274
279
591
598
1854
2180
565
533
696
993
530
547
553
623
577
997
1136
1215
1222
2324
2322
1812
901
1807
1855
151
38
140
1780
1769
584
1704
137
1930
2251
1692
1808
1663
543
1813
10
1662
461
2149
120
2066
2065
470
1848
1393
1170
649
309
1765
1979
2182
518
2186
1395
2155
317
542
682
469
3
1098
150
371
776
778
1936
479
900
1128
141
41
269
667
75
930
927
136
523
1097
357
830
831
1935
275
528
708
1337
43
2415
2414
576
1923
1307
1314
902
654
1357
1080
520
1984
2171
132
706
575
2319
76
40
1940
2248
1739
695
212
1160
2380
1214
4
1189
1096
1776
2388
1679
1666
1232
148
2185
1299
1298
1387
743
671
1744
1231
2377
742
2381
1783
1709
2192
1293
1
159
1664
538
655
985
5
2338
705
1419
1412
1598
617
153
917
142
424
438
1408
1618
1880
1407
1974
1560
1561
738
685
2262
602
2108
1047
2169
1591
2170
2161
2078
1178
1179
823
1176
2263
1209
966
724
2362
1481
2057
983
122
2153
1566
1099
1756
1509
975
93
1676
412
852
1205
1811
874
254
2365
413
1218
965
709
410
721
713
1211
2
828
1410
2250
1588
1237
590
255
1276
859
282
1711
1715
1738
333
287
1724
1682
416
1593
1584
364
1725
1752
1803
717
421
248
1700
1683
1322
1500
532
1757
13
1141
1030
909
1868
422
1862
888
1748
7
84
544
729
720
45
2150
101
679
1015
973
1565
1027
1627
806
797
1135
1551
636
2209
666
735
1016
1123
1021
99
635
1086
2060
55
524
557
1944
474
2032
1595
926
921
26
211
599
605
488
529
899
1087
1589
286
1084
2031
95
1947
714
1013
677
723
160
471
463
732
662
1948
435
1945
386
2361
1535
2125
1326
92
460
446
2030
719
1435
698
1835
385
1924
1547
56
453
1635
1173
1703
873
1450
1423
1058
1332
1824
12
1073
1836
2307
1915
456
1376
1366
90
801
788
1843
1842
1385
1438
1951
1933
1177
483
2038
2039
320
1487
956
1012
2264
319
796
481
1697
1837
2045
669
42
2308
323
978
2165
2049
2053
1796
982
972
2136
74
292
417
1879
977
988
373
295
2086
2321
39
1167
1684
180
969
1716
306
318
1224
1202
1210
1839
1838
980
970
230
2404
1340
1782
2325
289
637
374
1688
177
1658
612
615
804
802
2237
2213
161
651
403
653
399
2234
190
2218
1239
143
189
376
863
1374
525
644
1841
2113
2283
2279
2106
2238
2223
2224
582
2173
766
37
1313
865
861
1449
2329
885
882
2331
765
377
2151
181
2089
1678
356
1406
2154
2160
757
1295
1284
393
383
1754
1062
1576
1578
1060
1651
1652
1582
1690
1750
790
1758
1997
1085
751
1694
2207
756
1749
755
1078
1873
1497
1017
2259
69
2335
68
513
1381
1534
1528
298
2005
1261
1257
784
195
267
273
89
91
187
264
760
196
826
789
825
809
1266
1263
1444
1443
1041
1893
1260
296
1889
1046
1403
812
2268
770
1503
1505
813
1878
1871
2267
1152
1146
1401
775
753
2270
1275
866
1466
1470
1262
1269
2275
200
1278
290
291
216
214
201
1238
1242
1416
1434
1272
2116
2114
589
1959
2366
563
436
2278
85
597
593
1507
880
2289
2285
884
2413
2412
2288
592
2359
2353
103
102
1983
1522
1520
2282
1733
1737
541
1420
157
1982
1973
451
548
1797
0
1130
1119
1113
1106
1105
1102
1101
1100
1072
1071
1069
1139
1068
1067
1066
192
1065
1056
1537
1792
1986
1977
433
554
626
620
619
2024
2301
2028
2036
583
2298
2305
579
2044
2047
2052
2055
561
555
2070
1538
2389
2018
2016
266
1174
2333
1172
1169
1168
1904
1884
1162
1881
2336
1674
1681
2228
276
2313
2310
2226
1640
302
2006
1804
331
332
236
234
337
338
1557
1556
339
340
231
344
348
349
350
1347
351
352
1350
353
2184
1809
2225
2227
1351
1349
197
198
1570
207
1492
668
1304
1818
1817
307
1458
1457
1523
208
1521
1518
1414
1516
1515
1413
1001
631
1007
2249
2407
2408
2396
1482
2252
1004
2395
1014
1760
1759
1486
1019
1020
1746
1026
1745
1112
1117
418
2208
2211
1675
1121
943
643
642
2148
2145
2181
1743
2190
954
955
1188
1187
1447
922
699
774
994
897
896
832
833
2183
1132
1133
1673
60
63
1740
1140
1161
1159
2179
1726
1672
1671
1846
2139
1309
1315
1909
1908
870
2002
1529
1240
370
839
1008
1002
1865
1861
2122
2124
1455
1530
1870
1875
824
1329
1175
2286
1775
522
484
2205
87
2166
1311
1863
1465
1484
2143
2174
1766
2168
2406
1785
1219
1204
117
1077
228
2330
1898
1896
1958
18
19
2409
2410
1568
2422
2241
1955
1462
2001
2011
1953
2421
2419
2418
2012
2004
1941
1938
1956
1952
345
347
1336
20
1134
1127
659
680
464
684
1545
2405
2403
951
663
660
658
1543
1542
1825
1827
1913
2399
1567
2402
1992
1998
1686
1819
1960
1546
1125
1124
1116
1636
1637
1976
1975
1622
1876
163
1764
819
1789
1791
2272
749
1840
715
704
703
702
697
1866
694
692
690
674
431
288
2344
392
2346
2175
1882
2229
1050
229
1883
1501
420
158
300
301
652
2043
1281
2360
462
225
2073
1597
1621
1079
2309
123
2314
330
1932
2323
1665
1055
898
1747
1659
98
2104
365
546
545
372
375
1553
382
1954
2083
1292
439
444
1171
468
915
1624
1628
1632
1634
1980
1638
1198
1965
881
871
534
858
853
1677
1723
630
149
1166
30
2191
2189
1297
425
2387
1587
2034
2051
2393
2058
1475
47
2069
967
1539
277
1321
1485
1564
237
308
1731
1277
1092
199
2239
1088
672
1081
1405
633
2214
2420
156
1165
664
984
793
745
887
1399
1143
787
1142
750
1751
1590
919
986
1608
552
551
989
990
2157
1490
116
992
736
414
1478
1911
2293
727
2172
726
1606
2345
1596
1316
707
1993
795
1036
570
1864
284
1859
1499
2369
53
957
1181
878
1767
152
447
2271
209
51
2378
2354
1433
836
527
889
691
786
1649
478
710
791
1646
1324
1259
712
979
2230
799
1696
1267
716
971
182
827
725
596
918
779
86
1306
1305
178
1822
