2509
1390
494
2930
3374
3168
454
2506
3516
2288
1570
3511
1385
2332
3197
3194
535
238
496
2128
381
3214
940
2718
903
1347
1190
2294
2285
323
2761
3195
985
377
2167
2513
1404
3169
486
1393
1969
2717
926
2756
509
170
1189
847
7
1536
2018
432
1429
3404
457
2349
1434
2780
2242
1137
3339
1517
1796
20
19
1406
2688
2690
2312
480
501
505
3422
1395
2778
1437
602
3519
1401
938
989
58
43
2929
2783
537
3193
1138
1183
1578
1583
3230
2982
2976
921
2886
840
65
3142
3152
1575
299
2239
2240
467
47
982
683
295
1063
2777
68
941
434
1136
3508
301
1887
570
510
601
3473
3472
2707
1247
2821
3406
1074
2902
984
1048
1806
2287
3207
441
3505
2188
1978
179
127
302
440
2706
947
2249
1822
2250
2901
3001
3122
1874
1825
2987
2906
2691
3013
568
3206
1913
2692
1364
303
465
686
2907
3156
3380
3377
704
1148
555
1567
3006
54
1801
2276
3155
1823
2880
2264
698
1866
2279
1367
1896
3430
540
687
1576
357
358
710
1841
2183
897
1274
1762
2864
1230
2714
1217
348
569
242
923
1061
3144
3148
3325
3319
1216
1062
1769
2034
649
638
1373
167
2079
971
376
922
1711
566
2268
1916
1548
1595
1993
1986
2510
2310
2311
285
292
2726
56
3105
3103
2218
1535
2393
1816
3512
1365
42
32
154
1827
33
34
158
37
25
159
155
24
135
153
26
48
144
156
160
13
140
383
741
2554
164
130
1930
12
388
3240
165
626
94
642
150
1543
2894
411
699
1329
320
3171
3178
246
95
261
1558
1716
2767
1157
679
393
28
1525
162
3364
245
2394
1606
572
685
2715
254
703
2129
2973
1587
1588
702
1878
2766
161
3337
193
190
173
2917
1584
410
705
385
1320
3413
1391
1278
2472
257
473
2083
700
530
1164
1901
2622
2501
2088
1360
1963
1327
1362
600
2036
821
239
293
27
3098
2110
3094
2100
2480
2535
2439
3028
2846
1710
2611
1629
751
2758
637
1649
2451
3009
2841
147
1681
619
628
44
807
654
1615
128
2847
2542
276
2676
2668
1302
250
2102
2478
916
2856
684
2461
1867
400
475
3514
822
2978
2106
2072
386
81
1812
1811
324
697
3354
1962
2842
1332
1581
1761
693
977
2779
3455
2220
2115
1865
3456
3452
1944
2028
407
201
197
409
284
80
3351
2096
1947
2003
326
209
463
3185
3181
60
3347
482
3356
1270
2173
2860
854
2016
396
1342
1880
1911
1917
1601
1604
1534
438
215
290
2021
1946
1987
931
696
1965
2033
3348
1869
369
268
2061
1603
206
810
2119
1972
1766
2836
1835
1515
120
2032
2607
1721
1894
1824
3210
3353
1532
1281
3307
437
1771
804
1890
1892
1531
1723
1599
1840
1942
3218
3219
1839
3357
273
1028
368
1938
3209
2035
2843
1099
61
2281
2659
1400
1054
1670
1939
51
185
2839
1522
1236
3025
1943
3251
2504
1046
527
1805
1881
3355
1055
3273
677
1366
1368
1014
1792
2101
662
2320
269
862
967
972
229
1541
848
2039
2042
2135
272
270
934
3399
3398
944
2784
3446
3014
1235
1249
648
1663
3447
3369
3383
2555
1280
2390
1248
612
3010
1685
1272
720
2459
2752
873
2522
2134
2227
2470
878
1090
2628
3444
1713
596
3236
2442
2812
1833
2550
3507
1051
666
3368
3425
3421
3260
3405
3358
1941
3280
2411
1258
3256
1388
1875
1856
1290
1384
166
2319
2634
1420
2895
232
2698
1349
1900
761
1438
2530
2571
2412
134
1377
1417
1424
3268
3259
609
2638
1399
3295
1293
14
599
3427
3294
1334
1793
1130
3431
606
2746
2741
3402
3350
1412
2031
3243
1309
3387
2230
1001
2229
36
3030
690
1794
1707
3244
2723
605
3020
1154
3436
1333
1785
653
1308
682
3373
1134
2314
2724
1783
3443
1287
1277
2037
2313
3439
844
899
1999
3321
2490
1695
2369
2370
2104
137
312
2806
3327
2236
900
2001
3352
3284
3432
1997
2022
1700
186
689
1973
2025
181
670
2063
97
2026
3438
2862
1202
1918
1954
1027
2086
1970
590
1608
2805
1089
2073
2548
3291
1267
2426
1706
1677
2672
728
2699
1091
643
1639
1650
2834
1653
2450
1799
774
1565
767
1669
737
1560
827
2595
1672
2637
1688
1647
1800
316
313
1692
1616
2162
2203
3005
801
2425
2290
664
658
2422
1255
616
660
2153
2152
633
3147
2378
2564
2377
3078
2610
1933
2833
2537
2605
2402
2869
2432
2202
2521
2479
895
2515
2440
908
1262
2197
2419
2485
613
2853
858
1002
3012
3361
1263
764
2792
3083
1003
1015
582
869
726
275
3026
2214
717
2822
1919
1703
3060
1032
874
2441
2857
149
2696
1036
1031
3111
331
1602
3077
841
1502
2596
3128
3166
766
349
2553
305
2543
515
3112
2449
2657
2482
310
493
3440
2058
2798
330
2463
3490
3445
41
2589
758
2626
755
2664
2650
2599
2865
2593
2743
363
2877
2059
1687
2749
3372
785
3488
2139
1350
2536
3363
2371
734
425
2854
798
1641
1273
2491
300
2861
485
731
680
1610
3019
1686
2602
913
1018
1566
1503
1640
2563
620
883
759
1195
1024
2297
2627
3068
2831
382
2315
2292
2194
2630
853
645
610
2374
907
2614
1658
659
2600
1709
490
2487
1345
145
1197
2318
2317
327
3454
611
615
625
593
589
1200
1344
1353
2187
2380
3036
2615
1490
855
2436
3360
1481
813
2695
2673
3134
2438
1690
1545
1537
93
79
2193
836
592
1065
3160
1379
1374
2246
2372
2603
2099
2403
1232
1261
2030
2191
627
3123
1643
927
430
2815
2642
1802
2233
676
1479
2572
3403
3059
141
2840
646
443
3058
2205
746
2934
2084
2648
849
1609
2799
1920
3298
50
2428
735
1064
3135
2532
1271
2284
1086
2234
2867
2859
3227
565
1936
172
3007
871
2118
1269
3281
867
1950
2705
339
2093
2697
361
2870
837
2903
1743
2435
406
444
2420
1257
336
632
2663
338
3167
2851
2163
2424
2415
661
747
1305
426
3042
2909
2497
2654
2144
2948
402
1482
1668
3056
2933
2195
398
631
1107
2590
2373
2209
2278
2090
2201
3057
335
1480
2866
2405
3065
623
863
2434
943
2274
558
1940
959
1052
1699
3274
2389
3362
1701
2401
939
2410
617
674
3252
753
1611
1889
1884
1704
2057
1679
1
2523
1043
1683
583
2897
2204
3435
2299
2109
953
3384
961
3411
3449
3461
2793
514
2085
1549
1106
3153
2027
1561
3457
178
3143
1787
3133
2474
2483
1594
1021
1313
2892
549
3389
2947
2941
2007
1818
2238
1038
1645
3000
3484
2936
1556
2089
3388
936
17
577
575
2679
2674
1053
2844
3093
2151
739
707
2503
546
2991
708
3504
1814
966
171
3067
2582
3080
3041
3379
3483
431
2421
3158
2581
1810
2587
2468
875
2722
2498
1025
1035
2911
2900
488
2074
1139
175
1813
1513
1514
630
217
1483
1057
2328
1489
2418
116
110
1488
3072
2105
1838
3480
2484
832
2588
184
2577
491
2575
2585
641
255
1040
2408
2579
2082
3296
3137
3149
652
2625
2386
1868
2431
2210
3159
1526
1527
736
3272
942
951
2385
2409
2198
3285
2578
3299
3460
2454
742
1631
3070
3293
2017
2922
2923
2075
713
1630
1331
1326
1441
1442
1634
1621
151
3371
208
3116
2137
1671
877
2781
2159
2212
1622
3459
595
733
248
2008
669
2012
2423
3486
2681
716
2562
2519
1505
3292
3471
3474
1642
1832
3287
3278
1103
3076
3081
909
3437
678
2406
2160
429
455
2863
2868
729
3462
380
914
2775
1509
835
1324
2457
1516
3015
2534
721
2471
2769
1834
2776
672
2520
1696
727
534
538
1529
529
2545
2551
1693
1691
2492
1547
3282
3276
992
547
995
1225
718
870
392
1204
1528
906
423
422
892
1206
1207
384
3035
3017
866
1224
544
725
1492
791
2732
2729
362
1844
1843
1298
691
3095
3101
1340
825
2379
1322
1319
2020
896
2557
1617
1145
3066
3053
2734
2727
3415
3407
3008
888
719
3046
3038
1627
2962
2960
1146
1726
1724
1144
1143
2803
2802
524
3331
2353
477
479
2367
487
1512
256
3326
1626
647
1662
765
1495
2701
365
372
1172
374
1170
1167
1163
1161
1160
1151
1141
1131
1127
1126
1125
1123
2754
2744
1791
2728
2700
2702
2721
2704
67
3391
2253
2255
2004
745
1496
1491
1574
1569
2910
1414
2919
1418
1419
2920
2304
2303
2343
1423
2344
2912
460
476
3027
722
974
979
3021
3039
1118
367
347
1042
2103
2251
84
1961
1296
1110
3062
1039
980
970
1758
1297
777
1056
812
815
1119
1115
976
656
1755
880
882
532
1105
3279
2832
1011
1888
1059
1788
2347
2235
2666
2671
1203
1199
1339
1346
1266
1265
846
3048
1033
1026
3018
754
762
1253
2466
2456
1233
581
523
1009
1008
1229
776
1303
607
608
3393
749
3161
2896
3146
1851
3395
1304
542
2516
1661
1153
545
551
204
1315
1242
1243
1485
1237
1486
3247
3246
1300
1951
2508
3416
2092
2366
3216
952
3151
231
2807
133
286
1191
3189
2771
1924
78
1504
2669
2748
1041
2665
2951
1150
1698
2334
1363
1348
1341
1380
1317
1306
1240
1356
1372
2561
3271
3269
484
481
3262
2811
1140
1476
3090
1506
1895
53
3400
2489
1815
69
2448
2694
2005
1922
1392
567
563
3323
3004
872
3397
2505
2302
1096
2499
2496
2810
1310
748
3381
1625
2916
3118
2324
1436
694
3386
2108
1586
1539
1241
1577
1572
2081
3115
2800
3275
3365
969
214
1855
2935
180
2549
1873
584
3517
1885
3249
5
1859
3196
1370
2213
1443
3139
3145
1260
2924
2925
66
2395
1254
964
2216
62
2215
424
3199
3304
3309
3335
1831
3338
1829
1795
1803
954
902
1286
1354
1314
1328
1330
823
2740
800
2760
2772
2773
768
752
2818
730
2825
2830
2835
709
826
834
3520
838
1058
2512
1045
2524
2569
2573
988
987
2594
2601
2613
949
1520
1108
236
124
126
2080
2150
2890
2148
597
2357
3126
3127
1585
3303
138
2893
142
1684
1109
2443
115
258
1714
3031
1864
2002
2970
2286
2170
2138
1702
850
1484
2437
1775
394
2460
1949
319
3322
1077
2062
1857
2277
1854
635
2905
309
1845
2988
640
2051
2993
2995
2996
1493
1974
1499
3463
2985
3464
1598
3138
2095
2493
1921
2098
3370
2322
3481
3492
3502
3503
2293
3157
3506
3493
1659
2660
40
3479
2111
2113
52
1285
2245
1152
277
948
2476
1600
1295
1654
2266
1747
1765
2413
3
3071
2407
3061
