1536
44
143
1226
29
36
141
140
30
1225
10
137
38
1439
2720
136
1437
2323
1354
2723
126
41
2321
1625
145
1355
139
2255
588
1759
1749
129
1348
1626
37
1349
1643
589
1629
694
1627
1343
962
1702
1045
699
1726
757
1755
1334
1042
1032
761
1393
958
1669
930
2326
2075
2254
1125
931
1123
1122
1128
1034
50
9
1701
2757
2816
1831
1366
11
605
592
131
46
330
67
1330
1392
326
842
2143
191
263
1002
999
2027
595
63
1665
854
2259
1666
1331
146
1436
483
1661
2564
1977
1384
785
1041
12
430
2159
1440
2081
950
598
2158
2731
2023
2730
1365
2248
2102
2252
2763
529
1337
2331
1510
1624
1222
134
1329
1715
62
1551
2812
1373
1829
1244
2101
2079
1700
1714
2328
179
178
1508
1834
320
2603
884
1376
31
1284
833
2706
2708
298
2538
261
2002
59
2142
69
1815
534
2868
311
2811
2166
254
297
1827
2001
2013
2519
554
2509
540
2068
2070
310
1345
1228
1887
1890
2814
997
253
1288
1969
2815
730
1119
731
2536
1822
2808
252
550
1227
1386
1361
1970
1291
728
1670
2092
1017
2840
1748
2809
2061
2194
2260
490
865
2234
1018
2064
844
2256
195
868
1816
558
1538
860
1823
845
1817
2834
2067
2090
148
88
1073
1280
843
1243
2866
1713
2284
2404
896
2632
1750
1012
982
2098
650
491
894
251
2146
1550
1809
1537
864
881
2107
586
1644
693
2753
2744
217
100
1997
2162
2288
1064
469
431
21
780
793
627
2296
19
647
1043
2467
3
2772
1050
628
1832
1813
1090
1087
1824
285
2748
804
1428
857
1189
2498
705
1753
2627
15
497
2045
2011
2412
1240
174
2051
2007
1342
185
805
1060
2207
1763
2416
2410
1622
1270
1987
1054
812
2626
641
2502
121
264
83
361
484
1397
2474
2193
937
938
1364
122
1986
1341
1959
590
2503
1565
509
849
840
2091
193
799
1757
738
2468
1477
64
1099
858
1296
2140
2015
1321
2690
1294
2766
1120
1960
2767
65
1113
863
1126
1326
1471
1541
1124
366
1778
1776
1328
1357
1358
1317
1306
2047
1797
89
2851
1030
1235
2803
1861
1984
347
2040
2807
734
1118
365
110
2653
1388
2141
2848
66
2391
2188
2192
859
2069
2601
1983
2554
2559
52
1503
1501
568
1819
898
2043
683
1539
1616
797
796
2186
1828
1499
114
1738
2610
1957
1758
499
498
2721
1668
82
1360
190
2014
1693
2783
2785
2787
2198
135
1157
2301
2786
1498
109
1955
2584
1295
2755
515
2855
2771
1434
1153
1093
1092
2389
1205
2817
1904
1267
1553
97
882
1526
526
2062
222
1597
776
2857
2736
147
1989
98
949
883
486
351
325
348
1728
1534
1632
20
2629
1533
735
1956
1891
249
343
262
2308
2139
2518
1910
2592
967
2313
2634
234
235
1925
1287
1911
1985
1524
1549
2867
2314
879
2512
1723
1047
1916
1512
2117
1971
659
1747
2144
961
973
2600
55
1907
53
307
2602
57
2232
2776
1057
610
1856
1964
1079
576
2176
1843
432
404
405
1448
1458
1942
1722
2577
309
308
506
2594
1812
880
2476
500
1024
1068
2511
507
2758
981
978
768
788
1943
90
566
560
2082
2093
716
40
851
1247
1257
2852
25
26
349
2495
704
1009
2482
511
2856
1721
329
238
2034
2026
2016
1674
194
188
687
690
465
736
1937
27
1014
1015
2074
2072
413
414
1158
1612
74
237
1143
2793
691
1935
2178
301
1037
654
2179
1939
1940
1433
1147
522
1356
1560
2407
1249
873
1569
2427
556
525
2677
2327
2565
1704
1347
2574
2680
2324
1530
1136
2425
1044
535
277
1178
530
1182
2405
379
548
258
504
612
607
1169
2393
2392
1559
551
324
870
869
279
22
2521
1391
541
1335
645
1578
2429
2221
204
2569
2625
120
2428
1571
1572
2424
2286
1876
632
2802
1719
2501
2494
1873
745
2430
1399
2219
1568
201
639
293
759
86
1877
753
1696
638
2528
2211
2532
101
1871
2338
1332
2853
2549
2557
2568
1948
2669
2670
2222
2085
290
2347
220
1444
2738
1400
210
208
2337
2561
2544
1381
2483
2739
2339
2455
769
2217
1258
1256
2180
406
376
176
2445
2363
2365
766
177
1283
1372
119
922
1409
1921
1398
921
2702
1413
1417
85
287
2447
1406
2364
2361
392
2589
895
900
914
915
388
138
1473
1689
2583
2751
2700
2588
2666
942
267
1421
2714
2727
2728
2648
2703
543
549
187
2010
718
708
1996
924
923
436
1804
111
113
1181
1803
1988
416
2456
747
2717
1177
1618
748
754
2613
2540
2541
259
2489
1174
6
369
437
1101
545
539
1269
1262
1634
2829
2826
611
933
1633
563
2615
767
1587
2153
1416
1412
340
2472
992
746
1576
1575
553
537
2578
503
502
1802
1053
172
224
2336
1263
653
596
996
2471
345
2612
557
725
677
770
826
1033
2508
2507
712
2469
823
569
835
1528
1554
1527
71
2154
2465
2470
773
714
1593
1606
1993
1040
2033
1000
342
1156
1145
932
1107
711
2481
2492
1155
1059
1066
1204
1202
1675
1676
2036
317
319
2191
2190
926
927
1660
564
1980
1036
1035
1966
1853
1511
1490
2003
2005
1497
1990
1999
1465
1469
2020
2008
1216
1217
703
2078
2089
2692
2077
1200
2695
2491
1233
2681
2210
2209
189
192
2220
2864
2743
1344
2362
2359
180
183
2358
2356
2355
478
2735
2366
476
475
472
205
1274
2048
2053
467
2342
2340
801
1442
1446
2384
2382
450
494
2379
447
976
1456
493
2106
1463
1464
1466
972
682
1474
970
1476
2377
2376
963
2640
2212
1494
1495
2119
575
2598
940
939
1761
1913
1766
2617
936
43
1901
1900
1885
149
1882
1775
1552
1878
1875
2596
2319
2421
2597
907
2432
2433
1518
289
2477
2479
280
286
2116
2133
2136
2118
2487
876
429
1209
24
169
1336
1076
1481
1484
1505
1504
2780
1450
1867
684
1945
2497
2506
391
2781
2775
1489
1491
1493
2764
390
386
1245
1250
1246
2773
371
363
364
370
167
668
1525
323
338
221
1724
1272
2434
186
2527
1994
2279
2276
1929
1928
2244
2245
1930
1932
2028
2039
787
1318
1319
1135
1061
1132
1138
2138
2022
2517
1981
1159
1146
1140
2261
2385
2173
2021
2134
570
565
42
45
16
2266
2264
781
786
784
2131
1808
1798
774
2263
2262
1133
2274
1151
1162
2269
1022
2320
2265
2267
2277
2436
2418
362
1115
1102
1088
643
644
1071
649
1063
1058
1055
660
1016
1011
2752
990
150
623
1998
1141
2105
2406
1305
1276
1912
591
2515
2516
2448
2446
2636
1936
102
1130
2390
2387
604
1923
616
983
966
959
106
219
1201
1185
2114
87
765
1857
523
1839
79
1838
1324
1716
1176
1415
2187
1605
2504
198
1509
197
427
278
696
697
471
1516
2633
2630
2747
2746
2556
2205
1523
798
800
496
676
1479
2115
2608
2302
1742
2289
688
2611
312
2616
2233
2231
1564
2654
248
2218
1325
245
321
2348
426
2797
1821
367
2480
510
2325
2579
1583
837
181
23
2712
332
2160
32
381
1756
779
2174
2181
2183
1438
1480
934
2197
1424
2582
729
1751
1698
841
2688
2682
1694
322
828
2858
2860
2861
1167
1171
422
806
1172
1168
5
802
809
1947
1380
1281
2056
142
2510
561
1374
295
2309
1282
2734
151
1909
1697
897
808
803
814
820
1338
2458
1764
642
331
1179
1180
1917
1333
1184
888
1187
168
170
904
905
516
517
634
2698
501
2041
2769
1038
117
613
614
1733
872
1741
867
848
125
1154
652
115
1150
112
108
1315
1566
1028
2535
2533
1139
670
2076
2215
2213
2080
818
1544
1974
1121
1842
1220
1114
1223
2184
1837
51
49
524
47
2108
771
2109
1488
241
2113
794
2206
291
2587
2595
977
274
974
1703
1543
2850
2620
2623
2849
749
2083
1236
1237
552
1290
2830
1307
1807
2147
533
2145
715
717
1255
