31
1247
110
104
29
109
26
103
1251
1314
24
115
35
30
116
25
32
1118
1466
2203
1473
1120
100
96
98
1907
1922
9
1019
19
99
18
1318
20
1873
112
2381
111
1339
232
1129
1469
1030
108
1741
1280
684
1107
105
1291
10
1246
694
117
808
2070
234
798
1789
1876
114
811
1736
807
1243
1018
1694
1257
1874
1244
1062
1060
524
847
844
1294
695
2380
2284
1666
1230
299
1181
958
1382
1017
858
1775
1089
1091
1800
1796
1667
530
1383
1380
901
1185
2202
1239
1238
1259
118
230
1020
1463
1236
2263
1656
2310
2201
740
1119
238
280
1470
246
701
1319
866
2382
69
1743
1748
552
2262
349
1848
1288
734
287
569
1460
1704
2140
593
1624
1245
68
2138
326
1231
286
605
1287
2097
696
1348
2092
937
509
15
1016
2322
2057
697
563
568
124
1123
1880
517
2320
123
699
2099
1284
1884
227
2059
475
711
754
423
936
1213
1214
1614
1055
1814
2365
2277
211
1131
703
818
825
718
210
1059
2211
472
716
516
1584
1857
1527
2174
70
405
1919
382
381
75
878
2007
1076
1069
821
407
78
226
719
408
1581
1412
1451
1309
1249
1006
1910
784
1674
2349
327
463
1207
2090
2126
2127
8
1676
1673
628
746
620
2083
406
1585
1034
826
1343
373
880
5
625
763
1134
733
52
1068
606
863
1583
1317
1021
271
1541
970
1022
803
412
2265
1070
1067
2060
813
871
2384
591
1816
1421
1228
1044
1588
1947
1386
1033
235
1482
1417
1232
1424
1226
2383
1227
2385
624
298
1776
1347
1831
966
1657
1283
288
465
1475
265
1387
1256
268
1493
692
1779
490
857
141
144
1277
1223
1590
427
1369
1830
1671
1675
1652
1646
2115
2208
2240
950
2105
1260
2326
161
159
253
1418
1410
1802
1638
1609
2328
2239
2386
1196
1699
885
1058
2191
1868
1861
1211
1610
1798
1853
2246
1747
133
1709
735
162
1986
1199
1261
629
2272
1276
1335
101
397
737
1867
447
2030
1864
1649
642
1474
618
1718
497
1710
36
2049
167
2297
2189
132
233
402
643
2165
2161
1897
1895
779
421
1177
647
2047
1727
1627
586
634
262
1176
521
452
1711
1706
1264
929
2122
1471
1728
1729
1878
1379
1233
331
790
789
1180
328
466
1378
1464
507
2046
441
505
258
1248
1322
1183
2367
930
1529
1072
113
366
365
669
1146
513
1757
107
1250
260
1820
1815
848
942
1957
2291
1708
1734
1320
935
1870
1050
37
453
598
2118
1680
1679
1866
2190
1763
120
2247
529
1052
1817
461
459
778
1327
131
225
3
283
1822
1693
340
2148
147
919
145
898
534
1328
1567
1564
1359
527
1426
1899
1900
1782
4
946
1005
1783
1002
949
1428
679
667
2238
2237
1198
1540
670
1533
1455
394
414
462
1505
1484
2253
2252
2353
1914
1920
526
518
2375
1804
1262
855
953
55
1825
1486
1862
1562
1530
454
1538
2351
1616
1605
658
1854
467
597
551
1785
1792
914
1519
1518
917
1841
1525
1172
657
560
1769
444
721
713
239
237
849
1323
1520
61
60
1852
1850
275
585
2085
2063
2008
1971
1818
1692
2006
1969
850
1760
663
649
555
609
717
1601
1602
257
263
276
2065
2066
63
62
273
259
255
277
633
1258
1967
2364
1992
1077
1081
1351
1349
655
660
400
2173
1753
1393
1881
401
2160
1222
1746
756
1827
1894
1826
1966
1962
757
1974
1135
1125
770
2316
2315
2186
385
384
2283
2290
2275
2286
2215
2235
1282
580
574
1329
666
2187
1340
777
776
1361
514
1903
1905
1916
781
780
915
904
2303
308
305
1422
830
835
2076
2087
177
2369
175
1358
796
150
148
2025
2028
1425
1374
1330
1285
1365
1360
2372
2368
2377
2376
2366
2374
2378
404
2128
1534
2054
792
764
786
791
338
337
2169
332
2175
2176
324
2177
361
321
320
319
318
317
316
323
2157
2146
1552
395
1559
1003
1001
1000
991
986
1570
1571
1572
1573
723
2194
720
2267
575
2264
1912
2261
1558
579
1961
1440
2034
520
1756
2035
1707
2044
2031
1737
500
954
741
742
181
1043
1730
135
537
538
80
81
86
982
1429
819
1061
1063
787
783
775
774
2221
1430
94
48
1489
1522
2207
820
2206
2197
1979
1980
1981
293
1982
200
203
194
198
987
992
996
207
202
997
188
187
1142
1150
1189
681
689
730
726
1394
2339
2142
2134
1113
1186
2136
2135
2150
2159
2156
506
242
1028
1191
2331
2325
1122
1144
1561
602
2154
2243
448
1840
334
2184
2333
2314
1938
1941
1939
1184
1187
1700
973
918
924
1544
119
967
968
974
975
2149
1615
1336
1344
236
1159
1163
1160
1158
1152
1178
431
1012
425
1014
1013
426
1141
641
995
51
53
164
1651
1632
636
1275
165
1153
1175
1170
1126
1149
2121
2102
2116
2100
1332
1331
2005
640
705
1623
503
2153
1991
2285
2188
1633
1772
797
1844
152
149
156
158
176
155
1265
371
1536
2266
2096
771
1234
1805
744
664
396
1105
1532
2305
399
535
1915
102
2248
596
1528
325
1918
1927
566
755
254
761
1502
1108
546
1121
1481
540
1664
1749
1851
1950
2329
897
971
429
1808
2296
1715
1368
432
433
851
1452
2196
626
1872
932
1877
963
1252
722
1254
1040
1255
456
961
837
528
984
2350
1580
2348
1307
1206
2345
612
47
1405
1696
637
1209
615
413
403
57
884
1316
882
310
1568
375
2362
2051
464
1025
2056
1698
121
266
1274
1289
2129
1293
1833
294
296
864
872
468
736
269
1545
1263
1419
1433
1411
1435
1968
1560
389
894
422
21
2249
142
1204
1371
2084
1970
1524
2081
1367
1454
1201
1973
1669
1999
2000
1998
1659
2119
2130
957
493
1644
827
1132
1381
1315
728
1987
556
1860
1321
1856
1643
222
219
1663
1346
1342
1684
1683
1685
2183
1404
800
450
1658
799
1041
1641
481
1653
759
1409
802
2222
1896
1075
1956
1210
2166
418
76
274
419
2170
1465
2171
424
1147
1148
674
1597
2026
1598
56
576
578
1007
1721
582
1720
531
2352
1523
2050
2346
2048
1240
868
231
134
547
1985
1681
1885
2141
1437
2144
2152
515
2155
1761
1766
2003
439
1195
2088
2089
623
622
1490
