3305
496
3135
130
1814
1971
1980
3138
1882
1479
3601
825
3565
310
1074
3088
2001
2096
2730
3046
1270
2132
1619
3159
1597
1482
1531
540
1038
2428
952
953
373
583
3579
3582
2429
529
3212
2005
3131
3129
550
218
216
3056
228
125
2534
882
3014
654
1143
3307
1159
2816
1082
522
2665
1855
1539
1604
3471
1964
3068
3069
934
3300
1647
1640
2985
2147
3176
2658
581
123
2984
566
3251
3087
3222
1483
1476
1177
801
1101
75
3117
24
3485
221
1995
1120
1123
1169
1173
964
3427
595
1543
1628
287
302
304
2567
586
124
1574
1008
288
3605
1298
722
3208
1930
3618
2431
2422
555
3052
1573
2083
414
324
648
1598
3213
3227
3228
711
289
3560
3146
2135
720
2366
2562
2415
2666
3238
1540
1888
3532
533
292
2519
3214
559
657
1931
2365
389
1914
2077
1469
1904
3150
1374
334
606
604
2169
1767
3588
2498
1999
1970
3272
3261
750
348
3460
3464
3167
1436
2226
22
2434
2746
2458
2497
3267
3271
3281
299
1912
3320
791
1386
2181
2246
1906
3279
2302
2725
752
2002
2158
2034
1874
2164
2546
294
1467
726
723
3270
2316
658
1269
1447
2768
2769
1925
1067
2199
2165
1910
2177
3316
3280
3286
1922
3030
1268
3037
1907
803
2502
1935
1924
2007
1890
2545
86
3608
972
970
2783
2253
3268
1992
2407
3177
2785
444
1972
325
2612
1140
67
2573
44
47
37
38
160
167
46
144
11
161
148
51
169
12
133
2257
151
1955
2261
156
894
2011
36
155
1070
1633
166
39
2281
226
760
49
1063
866
2843
1309
1461
1157
3410
1637
3617
2408
297
2047
2039
1740
21
2433
1926
2154
1565
2244
558
2123
3325
1921
1889
3625
2271
1728
2309
2952
535
1977
2951
1023
2643
0
2093
1911
1075
3623
3624
17
541
1990
3324
1898
3234
3241
2353
2491
3221
631
193
2753
843
1027
1006
303
335
195
841
2208
2815
1846
2185
510
2014
1242
1226
601
2614
1772
369
2430
2333
679
371
378
3318
3323
842
1002
381
602
172
2626
197
687
2207
8
199
270
2272
1037
1939
2460
2042
1841
2182
2041
1639
1044
2580
364
3043
1876
2724
233
1844
1615
1593
1385
1998
1632
2280
305
1030
897
306
1320
1396
1397
1307
152
852
773
2694
1308
901
2733
2276
53
1380
1371
1363
1348
910
743
779
2553
1310
223
1387
2275
3142
54
1355
2265
2013
1389
2124
1602
42
189
194
624
2184
1438
1608
1751
1373
1290
1918
307
2046
1626
647
764
672
375
1884
1566
793
1656
362
3165
1851
255
2569
1211
1928
448
1208
3535
200
1662
271
626
2166
1781
1837
1263
1207
2157
235
2048
742
840
234
2441
730
1078
3614
2624
2523
2270
2094
1564
699
1018
2194
2635
2634
3574
2871
2561
2040
3171
3521
829
941
963
3526
625
1015
2510
729
716
2765
3428
3160
3522
1666
2125
3446
43
174
2759
2738
2764
2671
3610
2583
2837
3121
3615
2582
408
3180
3308
1189
1514
9
989
2779
2195
3186
980
3151
2045
2763
175
2301
2760
2761
709
3178
3181
2109
3489
3229
3572
2338
2240
2734
2438
240
317
2642
706
2515
560
2743
1982
824
1024
13
1154
2814
2940
2791
327
2436
2751
2106
2294
678
2101
3573
2110
2732
748
820
507
506
2748
2086
818
2651
2105
1917
2352
3499
141
2183
3108
2542
10
3106
2476
804
2296
2247
570
2089
1265
138
2035
1913
1567
2191
2328
2347
2303
227
1986
2103
2187
554
2576
1440
1847
2496
830
2831
2556
775
2942
2100
3578
2029
1477
311
2345
838
230
2038
1877
1448
1644
409
1246
2777
390
2098
239
1945
2581
238
1414
2180
1445
833
2550
1949
2495
2362
2529
2339
2317
557
76
1503
2528
2559
2202
633
634
92
236
2385
1058
3580
1944
2369
638
2900
777
563
64
2838
1066
3448
1399
2009
568
1794
3456
3443
3441
931
1096
2796
2797
163
1323
1332
1730
3440
398
2851
3141
259
1674
2778
1793
936
3469
399
1784
3397
3444
859
260
1797
3073
2692
1708
1296
2685
1757
759
567
2878
341
1756
1739
853
903
3345
1733
2284
1295
1379
3358
2686
1703
331
1742
639
2179
1297
2711
1013
2282
1745
1136
470
1712
1714
3490
1753
1870
2842
1321
1319
2212
2845
3211
1869
3074
851
1679
2548
2563
2848
404
697
3101
1682
2828
698
2231
932
1356
926
924
1125
858
929
2834
1209
2659
1073
2887
114
403
1317
1500
2131
1519
461
1685
1293
1410
3463
942
1402
1658
3507
3452
3538
677
1800
3405
2439
3346
1510
1287
3514
165
2926
3357
3432
930
1231
1244
3369
1506
605
2418
1128
453
2689
402
676
337
1421
640
2277
1053
939
814
763
1515
3504
2891
1243
328
771
562
2173
1099
1086
2701
1062
3500
823
1223
108
847
425
2697
917
2368
2679
3377
1367
3510
877
909
95
3506
834
914
1853
2443
2888
3408
1286
3091
2071
2781
400
2174
860
3533
72
113
3096
1418
1887
1686
1576
3430
519
2826
3472
689
1315
1789
3436
603
2712
1630
1638
1707
1754
1010
2921
1938
2742
1623
1258
2075
119
1868
670
2382
168
1590
1937
103
2700
2570
1641
3075
424
145
887
1752
1785
3513
3158
3098
3097
935
162
1131
700
2530
2907
3137
1130
3147
1631
1595
1636
1635
2416
666
153
3163
69
432
879
2557
3120
2025
2024
91
1570
2507
1725
2435
2465
3
2149
2420
1571
987
2471
79
816
2467
2192
1279
1465
1282
872
3353
3454
2419
1764
2472
1768
888
231
2731
1314
63
1507
539
1127
3347
3152
1119
3394
3423
641
3586
329
2526
1333
695
1902
31
32
1149
1126
832
2028
1652
1787
856
2825
684
1872
1124
1511
2378
1521
2380
915
2543
2463
1776
1151
2836
1780
2417
1112
880
3245
3484
1391
913
835
3248
1404
850
792
308
534
1190
475
3033
1264
707
1916
2654
1251
873
1306
2346
2459
1224
1499
2367
1081
3244
2266
4
2341
1354
1513
1304
1792
868
1109
885
3359
3266
1786
1393
1057
1322
2064
2898
2924
749
2755
1350
2097
1366
1369
2915
1383
2258
1340
1326
2358
2057
3589
3585
1368
2552
1504
2363
2929
3207
1861
1219
3470
1517
2095
2080
661
862
3224
415
854
1664
2121
2943
3113
1724
2145
2841
690
1873
1559
1384
1561
2313
1338
2832
3148
1498
686
1065
2944
2564
2912
1346
656
527
2427
1491
104
3547
3306
667
1171
1174
374
2846
2410
2082
1108
1791
1144
1936
1867
65
61
893
1825
2902
1959
1828
3548
1254
1294
2850
2855
2918
2820
1984
1975
1390
3309
1398
912
2833
40
3424
312
518
2388
188
196
2489
1495
2931
2371
2676
497
1004
1005
861
1716
2076
472
2681
607
2672
3541
183
922
3382
3390
426
3419
3274
2957
2996
2469
2470
269
1212
2894
2572
3330
3201
1275
3062
3403
1893
2293
755
2372
3083
2508
3348
3124
3118
1886
452
783
3407
2910
2648
245
2111
3044
739
428
985
1451
1441
2003
2377
1806
1669
2475
921
990
2072
2787
2153
2799
1488
1417
3380
3387
2803
1158
3331
659
703
1160
2456
3009
2804
2455
1486
2383
1422
2355
2375
2758
1804
2699
2354
3400
2412
1456
864
1214
438
2256
3426
3404
2127
3542
2144
2474
2327
2396
2401
2687
2178
3039
1778
397
1439
480
2938
1427
147
150
923
1289
2693
751
3342
3421
2122
1425
2698
1711
1699
1700
2703
2792
2947
437
3468
528
2744
427
97
98
3263
3236
3264
3225
1694
1697
3230
2535
314
313
3326
3285
1584
2773
3476
2956
2520
184
2756
3385
2736
1378
1589
765
1352
2484
2862
2858
2130
1896
1934
3516
1582
3243
3249
3288
1603
3175
3134
2690
1866
1312
249
263
1833
1845
3321
1681
1676
3289
3047
416
2019
1594
3317
1717
1129
454
3558
2749
2741
1610
1622
2677
2675
3105
3116
2571
465
3140
3143
3128
3133
2727
2728
3045
1607
2869
2010
2978
1329
2012
3132
2936
102
1983
612
2516
459
2575
2606
2771
3036
469
1039
1726
2043
2522
2682
3592
3597
2645
2646
1
2633
2632
1835
1830
3466
1460
1879
2644
1494
515
516
2141
2133
296
2908
1415
3465
2980
2640
2983
3451
1493
2906
419
2637
613
2142
2134
1490
3453
2920
2283
2285
2625
3329
2962
2959
3332
2977
2973
608
1040
1464
490
3488
492
2877
3523
2140
2649
1284
1280
2608
3567
2674
1407
2641
737
1283
3495
3480
3512
3474
1220
1217
3344
1192
1856
3612
2631
962
839
788
1747
495
1690
3048
2884
1736
479
396
1259
3361
3449
3217
3210
2204
2224
2479
2512
3568
1247
692
2650
754
878
644
645
646
655
3220
3114
3103
2223
3076
3218
1325
874
3090
3022
940
2239
2513
2217
2221
2263
2262
2706
2708
320
614
2481
2669
2663
3571
2218
2653
2209
2821
2220
982
974
1548
1553
988
998
995
58
60
2809
2609
2775
2680
2237
2521
2243
70
66
1413
1205
1150
525
526
1204
2026
1311
1305
2306
118
3524
2551
1606
2801
2813
2616
2615
2627
3028
705
1458
702
3034
137
1838
1135
682
3049
3051
3055
664
3063
637
1848
3040
1852
3095
2464
1370
827
1377
813
806
2939
2400
1871
2979
2997
3003
2881
1516
1634
549
2868
2505
3564
546
2030
1520
1272
2314
544
277
412
2886
423
1455
1334
3413
2610
1741
1642
1253
1141
582
276
293
2544
3122
905
272
2295
3333
2102
2718
3173
2717
1779
3223
26
187
1991
2588
1993
1532
1919
1102
1769
3591
1923
532
1854
3587
1077
347
45
691
3203
483
2081
871
1671
1163
2683
975
967
1033
3164
2254
1903
278
1908
2370
3418
956
1083
3461
471
2384
2387
394
3343
3339
2349
2340
514
3398
431
436
3483
543
3475
441
3409
2374
2379
2322
2517
786
1629
2078
2074
1624
254
3381
1614
2065
1849
2827
831
3459
2830
627
1277
2835
3450
2006
821
3015
3011
1271
2200
401
812
2198
2409
1116
805
395
2411
3429
2577
643
2823
1989
2613
3518
3515
1743
875
1060
2607
869
1423
561
3200
738
84
2639
81
3084
78
77
1760
556
1763
1542
2585
2337
1148
884
1770
1544
3396
3328
1121
2156
2331
1892
1537
2248
3319
3205
1718
1229
2139
3502
1449
2533
3157
2948
572
3262
2818
3064
3257
3254
2167
2811
2351
3107
524
523
418
3115
2754
1437
3283
2390
2148
3156
701
708
3354
2107
290
2897
2896
295
2536
2432
298
2118
1981
1502
477
