17
1224
103
108
110
19
21
8
1223
101
105
102
113
629
633
114
107
18
1067
1079
96
756
490
747
385
433
391
25
973
1651
876
874
497
425
523
28
468
1911
99
465
1202
115
441
85
2044
1652
82
53
13
1912
1401
513
106
98
2068
779
2070
775
1904
1988
100
2197
2198
982
116
1714
1703
519
1347
1649
94
983
16
1524
1537
653
664
662
974
442
2081
2084
1066
434
654
832
1950
286
648
1957
510
312
649
1137
111
668
484
820
48
282
971
1167
29
1710
1719
1285
1909
440
1139
1653
1071
970
1076
1921
1047
663
2059
1447
1919
14
1048
1596
1219
976
7
591
1842
1970
877
445
1675
656
1922
592
1937
907
252
1494
1132
673
750
1704
104
2055
1916
1920
975
1991
249
1560
150
1040
1416
1741
1939
1556
670
1161
1738
751
1492
1987
913
152
1395
109
435
1180
1578
745
835
672
1072
41
1740
2149
2152
1226
1104
1523
637
916
2065
1380
768
1526
1193
1205
525
1536
2115
2151
1930
263
1470
52
1900
1597
2150
1592
2114
2124
1106
1004
2120
264
1152
1543
1442
2157
854
1148
1509
1981
1411
474
2096
453
1098
902
1151
1985
1604
348
64
665
544
1553
1060
1186
35
636
608
1617
1807
1312
1544
330
1505
1506
97
634
1504
30
1650
208
394
2210
1821
2012
2011
864
794
2122
1758
1605
209
1737
650
95
44
1933
710
1888
1822
1887
679
1627
549
1101
799
1465
655
1263
1260
1766
1757
2067
612
785
641
831
1421
200
493
1594
1464
1595
1824
206
118
1077
1082
1099
1885
1336
996
2034
1010
1311
1646
1046
660
1389
260
765
2074
2078
1003
1723
1778
987
1107
615
203
498
1157
277
514
256
432
2017
509
1823
470
506
1064
892
740
307
424
897
452
308
90
89
9
255
429
1471
1961
1764
1772
1435
1669
1289
1303
140
1641
1973
1487
1486
1972
1648
86
972
521
528
489
1908
190
185
456
1591
488
620
1715
1716
66
2126
1015
699
2101
2102
621
694
1917
1923
448
1645
239
529
706
1023
27
23
1279
1382
1964
26
851
599
12
958
1989
1500
600
1499
1371
878
1932
1384
532
1383
1275
957
770
1236
326
953
2133
1184
1977
2
530
475
1324
1320
2128
809
602
778
253
1182
1181
920
900
1368
901
327
739
731
1527
1034
32
1074
1805
691
696
162
606
158
1539
363
388
72
1473
1474
742
777
1248
1214
1343
684
1656
687
1659
359
1277
1238
1274
416
1538
159
4
948
195
945
199
1915
1906
1037
56
60
1163
1837
1720
1244
626
230
2048
1797
1412
1297
1296
1402
1453
164
163
1856
1288
61
59
2187
2185
1938
1425
1794
309
546
1135
145
1085
1089
2170
1298
1295
1862
1196
187
186
134
169
1983
561
461
464
1026
984
1001
1007
1598
2009
601
2013
605
1431
1433
566
1724
565
1963
174
173
1630
202
188
192
1622
1624
1615
1616
233
1946
1944
370
1668
1488
2046
2083
1634
235
504
356
1631
570
231
374
2045
1490
1667
2080
229
1734
1731
522
1189
1478
1254
139
515
121
1636
237
559
1190
1251
1479
355
2020
2019
1890
1889
1788
1281
1283
1782
932
1292
1291
921
911
1907
1093
2192
880
881
1372
1733
1729
1870
1865
1378
1381
2194
361
360
243
1417
1413
1547
1565
952
951
2206
2205
65
62
1377
11
10
2061
2190
1878
1877
1178
1876
1183
320
1873
321
166
1172
1171
1511
316
165
1166
290
2103
840
1201
1200
1199
843
1475
1194
845
1476
2095
1477
153
2093
383
382
380
1165
376
1965
1154
683
228
1586
2037
2027
2026
989
986
965
2039
964
275
918
908
1993
310
311
889
888
269
1017
1021
411
1707
1706
351
350
1415
2147
1414
2062
1249
1250
1252
1253
193
708
1404
2162
610
198
1548
609
1559
826
749
748
483
738
1360
1361
1318
358
567
823
572
1126
1128
1728
357
1319
420
492
482
1345
755
1674
2161
1746
865
857
2174
1787
238
240
2164
1299
2060
2064
2165
2125
2117
346
344
341
340
1767
628
2145
1672
1783
1676
1677
1754
1756
978
1875
680
988
993
998
1796
1793
1879
1679
862
858
1982
1394
1278
979
1070
1666
1660
1062
2139
1775
1773
1036
1039
2134
2129
1365
711
1245
1999
1211
1552
449
20
1235
1750
487
472
583
584
919
367
868
856
787
791
781
378
727
728
569
574
1149
545
512
586
589
517
486
825
496
495
631
627
893
829
830
873
875
859
850
729
890
578
581
524
661
651
1282
644
817
1452
1012
1011
520
652
2132
287
642
1603
534
2069
279
1455
1457
1612
1430
1427
92
1061
491
1825
885
883
903
816
818
912
819
1903
837
1418
364
148
1712
349
1407
1405
613
161
1315
1316
1941
1717
1902
1994
2209
2208
1290
1390
1391
329
1726
969
1284
667
1587
1388
821
1525
1745
1276
1644
2030
678
741
1969
469
2077
1811
473
1100
1480
1804
1968
849
848
500
1109
1776
1510
1512
278
789
315
1150
1203
1153
224
36
39
40
1469
896
447
46
1242
2053
49
632
1335
54
2166
1881
251
732
2073
704
2072
1670
1633
1044
1042
1602
1187
1188
67
1028
262
462
1346
254
246
658
241
63
2042
760
2035
196
709
923
1175
904
1174
1869
1832
1241
914
1680
1472
1629
905
1692
205
705
2204
1063
5
1441
1849
2135
1671
898
861
410
754
795
471
2138
365
1443
1308
70
362
752
1068
1069
943
117
536
537
2156
1434
353
947
1313
1084
811
603
1243
1942
1613
1038
1979
863
43
2025
451
112
2024
2163
1419
1852
454
1422
1286
1043
2106
2118
2049
2092
1018
1227
1228
257
1894
1893
773
93
1910
1300
1094
138
767
1918
1102
2127
