2635
1344
1346
1622
2983
2434
2487
2431
1567
1653
1150
393
2902
1072
1327
1249
1114
1927
2168
1409
383
1933
1255
2145
827
2204
1077
2593
1419
116
2105
1073
1329
1324
2504
2101
83
67
442
1078
995
654
3102
473
713
1627
3003
1057
1899
1384
2829
396
2894
2934
2590
2370
1536
1540
778
2056
2311
3126
1902
441
2057
436
1023
1102
2307
1291
589
3070
1246
652
426
1273
1601
79
2701
2720
1501
2709
1602
544
798
799
1210
2364
2799
645
100
105
1664
757
1198
1277
1011
2935
555
0
422
2596
1429
1782
2984
2670
2997
358
1200
1777
1234
2507
761
3015
91
1544
2923
2249
780
469
1877
2446
2672
1404
48
129
2679
29
2674
40
133
43
34
144
150
37
30
152
132
136
137
135
1688
143
2005
148
121
13
146
12
2009
28
50
126
145
1691
337
47
81
80
1687
56
312
638
45
151
601
36
751
598
1410
753
127
142
2013
311
706
14
1400
305
38
2866
709
331
138
642
2359
1370
2440
2353
1569
572
2300
2374
11
3049
650
608
1367
42
149
1247
784
2036
736
745
1254
1907
569
933
139
576
3053
3052
1908
905
929
2020
1918
131
2571
2001
2326
811
1972
1679
2978
2035
2519
57
1971
1650
210
104
1158
160
2019
112
1175
200
898
170
2515
592
2244
1962
306
1574
1757
1366
31
82
2432
872
1126
2863
1173
1856
1432
2865
1463
2268
1369
147
1708
1453
2372
1874
529
1436
2201
651
641
1048
639
648
2375
2146
586
24
1119
3050
725
122
1709
584
313
2147
2373
2301
33
1855
2514
1082
737
2437
1125
2501
2153
304
1181
3068
742
748
879
1938
2379
2272
1917
1368
3019
2000
329
810
1937
765
2430
2236
206
1047
792
1945
3004
1547
530
1157
2591
1578
714
277
793
1816
1936
818
819
2570
568
1434
1925
945
1240
169
533
1105
2994
1457
2976
378
1190
1185
2736
1755
2261
866
2097
2169
1801
1635
2100
2901
911
2977
44
1446
1224
1235
2060
335
377
2325
931
3125
927
2743
1797
1628
720
1913
2222
1996
1202
1192
1306
600
2004
1363
1302
1021
1287
440
3078
1947
1944
2154
356
1420
2582
997
118
2658
1607
3009
2304
2239
1186
403
2315
2235
2310
2178
1786
1926
2932
1624
1509
2460
1566
2681
2485
107
1806
379
3028
2071
2069
2547
987
1473
382
1481
2248
1916
874
1873
2180
870
1510
2200
161
1482
2227
1759
2133
3002
1791
2203
2794
1790
2221
1151
446
2423
2192
640
2092
1141
2461
55
2255
1731
2141
2682
2678
2534
2954
877
2530
2134
2257
235
1484
2042
2041
2262
2719
2998
838
1651
488
258
1663
1897
1922
2972
890
1264
946
944
1623
2213
225
1575
646
2665
5
2875
3044
257
1898
259
2280
1303
585
847
2182
895
839
3055
2780
2647
103
464
2318
2183
615
534
2176
1071
2281
594
2908
805
1636
376
2615
2614
1407
595
2302
1629
1896
2912
834
952
1496
1146
1506
758
828
881
766
2586
2553
2560
2895
2850
2480
2754
1494
1787
1765
1766
2418
2552
2123
2511
267
1880
2416
844
1912
2517
2313
1493
1003
536
1012
1831
1579
1142
2548
2880
2914
842
2445
1032
2420
2409
2676
1377
991
2758
1180
1832
930
963
829
1490
1811
967
937
724
1008
2361
1833
2447
483
1837
472
2759
1189
2454
3121
1696
2305
2913
1449
2453
354
1371
2078
3124
1632
209
2274
2500
2577
532
3039
2602
2762
2232
212
3040
941
1836
1998
2037
193
2716
2099
2250
1818
1435
205
213
2499
2139
2354
439
2973
955
1450
245
2023
1645
626
2785
1542
2568
1041
1427
2563
279
266
2348
167
299
300
3023
876
2360
1726
880
2937
181
2464
1960
1201
564
114
397
443
435
948
2197
1634
1606
2929
1633
1644
3105
276
942
922
2217
256
467
1884
1963
1054
1272
2526
1545
841
1850
2911
2959
2906
2256
46
102
2008
1456
2558
940
1099
1170
1171
1364
1160
1571
171
1565
1098
172
2920
1993
2926
846
2943
53
1271
2956
3117
1281
2938
565
853
707
704
2331
2636
1906
117
1444
746
1570
1512
1502
2830
2289
25
2919
857
1233
1520
1564
2481
1959
1563
1845
269
2940
1732
634
700
1113
120
1124
474
1104
471
1040
76
77
1042
2809
523
1100
1848
1167
914
969
907
524
919
1262
2818
788
902
1504
1561
1092
520
694
124
570
531
579
1689
89
1700
1555
1738
78
140
1568
541
1087
2317
482
119
2339
2344
508
1550
507
1440
924
1090
1961
1551
647
558
1108
525
339
605
1500
2365
756
2613
1256
2874
2082
2130
2898
1678
2107
2094
1750
1744
168
286
3006
3008
2362
2089
2612
290
71
1531
2129
1095
752
587
925
770
3123
916
2219
782
345
341
2224
1508
2024
909
2727
1025
215
2396
1454
1783
1761
2328
2980
2397
1951
2128
1517
2238
1448
769
298
2891
2566
2564
2385
2077
1522
3005
3010
54
60
2394
2392
1459
1464
2957
2848
2075
463
932
2843
1969
2270
176
2084
2844
2476
2386
2096
2103
1159
2650
2651
1752
1751
2207
2208
1514
2740
2567
908
1675
1715
2962
2964
26
63
2581
1881
1882
2029
2025
2589
1036
1037
2737
2556
2757
2585
1950
1958
783
2358
2350
2355
2663
330
575
23
2269
2265
273
1298
749
2407
2402
2807
2854
2608
2778
2774
988
989
2810
2142
2852
2668
1486
1286
412
352
477
2378
871
2760
2697
2693
1513
478
2722
787
1199
1710
1711
1397
2747
1523
1532
198
1760
1212
350
2493
1205
2936
2876
1174
387
1819
750
1835
1823
739
2673
1225
1388
201
22
1495
1423
1802
1228
977
978
882
1580
2253
1285
1693
3110
3112
1825
2377
2382
1220
1203
2714
2715
1838
1820
3092
2744
2745
2773
2771
165
164
1206
1216
723
1209
1652
1046
1094
409
1089
407
528
460
888
1535
2228
1828
868
865
364
1387
1987
1669
2710
3099
1088
2202
2231
2237
1112
2260
2424
2263
2421
1232
1559
1237
1229
1556
154
1296
1541
2052
2999
1537
1511
1503
177
2050
2051
2842
2267
1060
1061
2806
2811
1299
845
218
840
2802
2544
1279
1278
1275
1274
309
2550
497
2772
2764
519
521
1188
1728
1734
1735
65
64
1161
1308
1672
1309
320
2159
2711
2735
2803
2798
2804
970
1320
2175
672
293
583
878
875
593
1322
671
1347
1626
816
1318
685
686
563
1348
557
1631
2172
2167
1350
1129
2166
2
252
241
240
1245
1241
710
712
1276
1282
2497
1956
2215
2220
789
801
1067
1066
2988
2870
420
2295
1812
2209
2279
327
695
2468
2477
1702
1403
2471
2475
2496
2098
2106
301
734
2240
445
795
1849
1762
1034
1712
2226
726
2245
693
296
2691
2696
1476
1478
2611
2610
2539
2532
547
548
2045
2044
2181
2756
2187
2184
2188
2603
2186
2185
2985
2873
2470
2469
2427
2422
2366
2368
2927
2939
2459
2369
2890
2896
2734
2750
2742
2858
2856
2686
2685
2414
2706
2111
2047
2981
2990
1988
2491
2490
2680
2707
1979
2363
1977
1984
560
690
561
697
1288
2085
2102
3016
2216
2595
2122
1261
1242
2138
2140
1267
1333
1354
2046
2478
2479
2484
2993
97
265
264
1668
321
820
2538
3056
328
2782
84
1876
633
2974
1534
2486
1968
1572
2924
804
1604
2777
2528
2648
1526
297
1452
1386
3031
1144
3033
2275
2657
113
2401
110
2173
590
3042
1019
249
101
1851
2907
796
444
437
599
281
2223
2897
1412
1647
863
303
1018
244
1980
1814
2986
893
1779
545
51
856
1894
764
1737
2827
2702
1932
1742
556
852
1888
1505
222
2016
408
204
1943
506
211
1599
1029
2021
1784
2942
2314
314
485
3106
1043
1665
1055
1058
2518
368
653
2575
1162
1982
1207
3077
1214
1994
2451
3113
1362
130
771
2309
2303
772
2428
1005
3
15
998
1475
1654
2851
1717
2660
1716
2644
514
511
2285
2286
2841
2839
3054
3119
3018
3058
3022
2952
1771
2948
1770
2953
188
574
1455
2958
1442
1445
2944
392
1610
1293
2797
1258
380
2761
384
1946
1252
390
404
405
414
2733
421
2332
1222
427
475
470
465
2006
1193
1999
1295
1989
2713
438
1215
434
433
2509
1462
1461
1458
2989
1081
1889
1887
1885
2975
949
2462
2463
166
1437
2110
2198
2483
2442
134
2436
1097
505
1117
96
1683
738
733
106
1492
2113
2903
2892
1581
1827
1127
1030
1516
2871
2294
850
2174
974
976
759
1530
254
1815
1619
270
2494
2277
2276
917
921
1707
2072
1692
2054
1479
490
1840
2930
2931
2921
2546
2915
2881
790
2271
588
278
649
2132
2131
836
2137
2545
1796
822
203
802
1554
