30
1529
31
1539
112
113
473
24
1585
1218
1519
121
1513
120
73
1550
1562
1213
1657
1546
962
1547
1531
690
1656
518
109
1508
1212
40
1378
452
460
519
1501
1124
1685
72
2189
1594
1603
43
1516
74
1485
436
426
117
2190
435
431
125
2124
1534
1304
1480
1579
861
1289
163
688
1678
1188
1540
1771
966
577
578
1681
413
141
1581
1525
1128
108
1647
159
1436
395
669
1520
1935
1044
1526
2221
2220
1600
1510
1486
1522
1950
1934
1679
2238
1782
1648
941
946
347
1938
1680
320
311
1462
1769
1947
1770
1119
1544
906
32
124
114
683
868
348
2234
1381
1939
1948
2166
2165
1641
314
288
1528
931
1375
1059
1671
798
1092
1061
1652
1794
529
819
1760
1117
634
2019
2020
1459
169
779
1383
1800
25
716
104
9
898
1521
892
1759
1533
1653
525
293
893
8
1797
10
65
2140
1622
1545
1168
2129
127
103
233
214
1209
1566
1408
530
236
1571
1500
1790
1409
213
1623
7
533
562
2120
1702
691
1198
2240
1714
1712
822
1773
2188
270
1194
1200
1997
1703
230
1756
1586
1300
221
225
1016
465
871
865
41
384
998
1080
1856
203
515
1105
1755
508
961
1238
1377
468
36
1065
457
232
1101
2148
704
1103
1129
1126
49
673
142
2187
450
1752
440
13
2236
1257
1177
2167
800
2171
434
399
2021
2009
740
1454
318
421
1425
1049
2046
1160
2235
1729
437
2175
35
1014
1006
442
1424
1404
2098
835
876
2108
1228
1973
1967
1252
769
1382
291
1778
1282
339
1229
749
1281
2116
2181
1354
1332
660
1779
1271
427
422
1535
744
825
1474
1077
1058
1096
1509
367
1843
1055
611
1263
1081
753
662
102
747
968
412
396
1297
665
2162
2160
15
1978
629
963
2184
1515
2109
486
969
1226
1664
636
1575
511
1783
910
499
2052
2053
2080
2079
2099
408
681
550
1658
61
712
2210
1574
554
711
1788
912
1659
1475
907
965
687
1091
424
316
79
455
1780
911
2173
224
1955
1946
1447
1789
718
409
709
220
1090
789
39
51
1577
1637
1488
652
1142
1143
855
637
1517
1866
1265
1266
919
1582
1507
1631
1489
1487
1634
1181
1070
689
757
978
1541
335
2203
298
286
585
1086
507
803
135
594
591
574
1191
797
584
1233
1192
0
547
552
463
1662
1661
588
1248
1241
1108
668
382
1880
1879
461
586
1479
788
2028
896
1007
1011
2154
1
606
1617
1618
1232
976
513
794
982
847
1827
791
521
973
66
993
1556
485
1099
1960
1217
101
217
845
846
1808
2061
2063
414
1839
1840
2092
2090
394
1810
358
1952
429
989
831
589
821
593
826
1746
1749
351
19
609
1747
894
899
645
1830
1695
649
1441
1700
1740
1793
512
12
11
1733
1062
62
96
1855
748
1849
755
909
905
925
918
1701
1698
148
144
504
743
741
1893
1903
1242
1294
446
745
419
1145
1237
345
1572
1576
1387
1384
811
815
502
506
1923
1924
1992
553
1683
1688
1931
1933
253
667
2199
23
1151
1328
1995
2256
2254
2253
771
663
1897
661
658
784
1996
1325
2002
549
493
501
1330
1253
1250
1966
1975
1285
1981
1990
2249
2248
551
1940
1553
1326
1329
546
1283
1982
2246
158
986
1804
2156
2155
1803
402
401
1588
391
390
171
1589
387
1806
176
2055
2057
368
1976
2255
1983
1735
1831
714
719
1056
721
1053
1052
1051
139
1826
1039
1639
1036
1033
1825
146
1669
1670
1986
1578
1175
1155
1154
1153
1152
1150
1149
1958
1957
1598
1599
1607
1987
1612
1110
1616
1921
1919
1910
1902
700
231
235
1725
1724
599
914
915
597
241
592
746
244
929
575
255
256
934
2217
572
2219
936
1413
951
955
959
1817
964
1818
328
967
972
57
56
1392
2224
2225
1388
2229
327
1305
781
1743
1739
2076
1844
1841
1838
1292
1293
2068
2069
2071
628
290
289
1847
1321
1313
1440
1148
732
731
676
677
2032
2039
1820
105
2209
2208
1767
1766
1098
340
1063
1102
988
682
1104
675
2196
2191
1558
2127
2089
2091
2200
2126
1821
2134
2132
1737
1350
140
1234
1244
1272
1367
1362
1170
1172
1369
1365
1690
1687
829
723
867
1206
1207
2111
2113
2128
1706
1707
1822
1684
1717
1718
2151
2143
2135
1386
1374
1385
1380
1823
1834
2145
2150
185
183
1197
1193
1654
386
983
2026
1094
787
357
1865
197
1088
1010
1828
472
2123
336
1956
145
433
1171
170
193
192
1883
1886
764
765
980
1060
167
166
173
164
618
615
377
378
1012
407
790
411
957
613
598
605
622
621
1075
1072
768
1874
1076
1074
1085
1082
2070
2073
992
1015
1000
2074
1357
1302
1308
310
346
1868
2142
717
1211
1829
1439
775
1111
1106
2014
1833
174
772
1630
177
2125
648
563
767
1202
370
670
2022
1629
400
2097
1423
1904
215
216
309
307
219
1979
1002
603
488
398
397
702
1881
2035
67
630
2065
903
1708
1379
1570
901
1848
802
2047
1045
1704
1249
1536
799
428
796
58
793
322
528
1538
904
1757
933
1361
1754
1064
937
2062
1323
1937
388
245
786
1730
248
1269
250
1268
1267
1715
632
300
739
1619
1118
152
1858
2176
1857
42
1324
656
47
48
2179
742
268
710
2112
820
1809
1167
379
1190
126
26
106
697
873
875
1989
715
505
1560
1284
1161
1785
1434
365
1438
752
545
1443
1296
266
2042
100
99
1875
1867
1301
1003
2239
18
2241
1448
14
1130
4
1349
1394
1030
2251
187
186
1395
736
2207
2204
2202
2243
607
480
720
1565
2094
856
1004
466
997
1290
996
979
198
199
204
205
999
1787
864
828
830
1449
832
838
1936
321
1949
862
1963
287
872
285
877
1985
2000
2007
1071
1069
93
1239
1279
1259
1093
1727
1087
1083
795
385
674
792
631
2192
350
633
352
1371
383
671
1772
1888
1764
1763
1514
443
664
2146
1523
653
1605
2244
1176
2222
1243
1699
