34
169
40
1465
168
167
171
162
199
150
1886
173
1460
14
163
154
3141
161
1576
35
339
164
156
650
159
1468
1883
33
198
43
645
726
743
2330
2405
47
196
1112
2557
736
732
638
42
141
642
52
1661
1894
633
1895
463
590
589
1659
195
2335
2339
1738
2531
197
1872
15
1815
1816
1657
1633
174
2437
1625
1535
1482
1574
1151
2424
175
1478
1530
103
470
335
281
1501
2121
1512
448
445
2490
1585
594
2491
1827
2494
2524
809
1584
183
2406
924
1715
655
715
210
729
837
147
1020
32
1017
2342
811
826
330
1736
3049
2500
188
189
3213
31
1675
1339
1347
816
727
1998
827
551
1142
2418
1981
1716
2849
3140
750
139
1556
629
102
1984
2894
2510
2107
1464
2928
2126
1113
2420
2434
2108
254
2492
462
2507
2122
1481
1781
1588
3053
505
3130
2489
56
745
2708
2713
865
644
2795
2386
2387
2796
155
1678
3211
1983
1595
149
593
2402
1461
256
1791
2295
205
2329
1819
1138
1786
2707
2600
95
860
194
2359
1964
1747
1443
301
45
186
1444
1146
2537
2958
1021
825
1455
2425
494
821
1133
2913
2889
2932
972
497
1777
2850
2414
2373
618
2506
2903
914
1010
1749
2792
2401
1908
2497
562
3195
1518
2493
2919
1060
1599
2696
104
3190
2180
2391
614
1578
622
1403
636
790
1994
2403
2675
2056
1227
2517
1766
2799
2672
804
2353
1015
503
2638
632
184
13
1977
1237
1128
2848
1540
2809
1867
2104
835
2548
454
3143
611
3136
1415
185
331
2596
2291
1332
2345
1539
649
833
840
902
623
635
2791
2022
905
1059
1018
2176
2946
3203
10
1720
1295
1292
2869
2379
259
3142
2960
2028
974
780
2040
782
1579
202
737
1668
112
831
824
1719
500
1670
829
2637
776
0
2532
1919
1915
2098
1428
12
1425
2786
1616
2419
965
329
1155
2859
749
2287
134
3128
677
3264
2367
1619
472
2365
180
2286
3176
1483
1335
3126
3125
1758
1639
240
1336
1410
716
903
572
2261
2606
1214
634
1102
2461
420
1340
2801
2264
2495
3084
1071
3003
1624
2407
887
599
2496
2607
2609
911
3069
3104
2408
1882
1066
1324
918
3238
3244
2984
1302
870
110
1293
3267
3169
950
2426
973
2965
3011
646
3014
2858
2783
1721
2023
3164
1688
3106
881
921
774
2404
588
3166
2433
1111
2673
2024
1046
1291
1620
651
369
2145
1801
1077
582
113
427
431
2988
2990
1341
2679
203
832
844
2144
583
661
3180
2547
1095
483
587
1114
916
1787
2153
1612
2610
2643
1582
3235
3242
610
219
2087
336
2390
1473
2422
1865
269
2296
137
2217
939
944
2410
2939
1427
741
1796
2355
906
1467
216
2158
1120
841
181
1972
2370
85
67
65
1509
1858
1792
101
1593
718
1414
2215
221
538
535
1735
910
1587
1508
2937
1514
1794
721
1119
1864
88
1470
1832
595
1606
936
1525
2680
683
1006
2845
1431
62
1623
2571
506
1965
1760
639
2127
1329
978
1458
1666
2846
1002
1474
940
1454
2572
1962
1770
2313
1968
613
357
507
1911
1610
2681
2641
1990
131
70
24
968
2027
2530
5
1328
292
1869
1967
2822
1615
2498
2518
717
1223
2817
2323
304
25
299
2034
2436
2536
2466
2321
928
990
947
2326
170
624
2385
3078
1969
2277
951
680
697
1047
379
1213
3076
603
2333
846
382
666
880
2366
2483
2280
954
1412
2649
996
73
1779
2195
343
917
2488
1900
337
3077
293
2843
2132
554
920
1285
1785
2604
3036
3006
552
1548
2383
300
2478
78
66
895
1416
201
2193
2105
822
2055
2615
342
1901
3086
1926
1546
1844
1627
1100
1386
2113
18
2527
2528
2269
2267
2639
2785
2301
2090
2473
2099
1393
2096
2114
663
2054
243
2840
2915
975
317
3157
1971
1603
200
2742
2613
1168
1164
1597
3031
1955
3096
17
2039
1224
2867
2879
283
2299
2882
323
282
2166
16
239
2117
1952
2120
997
2887
499
2011
2159
2400
2917
2012
2810
1118
1117
3185
1399
1426
2501
1296
2621
2624
2381
845
2224
2225
785
1874
3257
1954
2828
2290
433
1996
2486
2805
2813
2908
659
876
26
1910
218
1885
1321
117
122
1763
1784
74
570
3008
1378
631
871
872
536
1091
2740
2686
533
627
1380
213
2911
2073
719
852
541
713
757
2084
1812
1811
290
1840
708
705
465
1925
1896
1797
709
1208
1209
115
1790
720
105
1723
958
2482
2278
438
1828
537
1836
842
882
943
2668
2660
187
366
2374
1742
1741
838
1991
566
2758
1411
1417
1092
1093
510
3032
2151
61
2041
1928
945
2178
2188
2152
1934
2187
828
444
2309
1684
2760
2794
233
1679
1682
751
1288
1286
51
509
2508
672
2684
142
77
3196
2670
2593
2066
773
772
1893
1916
1196
1193
3201
2378
1065
236
348
2273
641
231
1441
2312
1935
3202
777
2320
581
580
2667
759
3212
3214
2546
2556
2914
1802
1676
3206
314
307
3205
1307
1480
1613
1617
1305
1479
1575
2428
781
2448
2793
2587
3197
3192
761
755
3193
3199
765
1318
364
363
1764
2926
368
2682
2661
3204
2310
1359
1362
1303
1235
1218
1219
1249
815
2315
2421
2584
1317
806
1245
2594
2347
2325
1591
2454
2449
2106
1762
3021
2112
1953
3274
3273
1951
2535
2555
1630
1124
2201
116
2149
121
2773
2747
2579
1123
1236
2334
108
3249
1241
1567
1654
1649
2987
2993
229
226
347
1887
1944
1938
1799
475
493
1690
1696
1722
346
966
3147
3066
1573
1694
237
235
3246
2344
817
1570
394
1641
1645
1
215
386
389
182
222
223
2831
2824
508
517
1372
3251
981
9
1686
1687
1706
1051
2703
1513
2602
2539
3075
3073
2222
1062
2916
495
797
1240
1489
2750
1520
553
496
2133
2569
730
1702
724
1699
711
725
2802
703
1707
2803
1711
2819
2833
3151
2839
2855
2856
704
734
1139
3271
418
534
2430
2429
2427
1750
2412
1313
1323
1333
539
2941
2944
1349
487
486
2963
458
1330
1761
278
457
1853
1852
1851
2525
2067
1149
1162
1829
1497
2663
2259
2724
2249
2248
2247
2017
2015
1892
2726
2244
2005
2243
2728
2002
456
2730
946
2032
2045
2043
1488
1451
2038
957
1187
1185
1450
2082
2035
447
3091
1085
1086
3070
3071
1098
1099
3097
3098
3100
3117
3118
2049
1171
3013
2852
68
1471
1070
1200
1198
1082
2769
2770
2560
1042
546
543
2316
1505
1140
3033
2853
1177
1076
2562
2050
1377
1172
1033
1026
2509
2863
1325
1369
2768
2862
2872
1176
1037
1043
1040
1080
1230
1191
1190
1250
144
2599
399
2242
2240
476
515
294
3
2955
400
1357
1806
341
2962
1384
401
1906
1907
1166
1125
2977
2971
2297
2961
2715
2973
3239
2000
2505
2125
1803
2823
2368
2689
1572
2377
2741
569
2714
1390
802
1178
384
390
289
848
1353
1382
699
69
1337
1350
402
288
2712
2719
700
858
853
1094
1807
267
1899
3027
1782
3087
1533
1532
1564
1562
1672
1677
450
411
426
460
2921
2765
1388
1391
2189
2147
1751
1107
885
884
820
1538
995
969
1673
280
279
746
753
1398
1397
1234
2191
2190
2910
2947
592
591
2952
408
1600
1517
1581
2918
1543
1254
1463
1755
2934
1279
660
667
1596
1247
441
409
2924
1283
1289
1486
1262
1269
637
794
1605
1232
1175
1161
1261
1154
1169
1632
1165
1265
1252
1273
2653
2657
3168
3162
249
830
1316
1466
2884
2904
429
428
2376
2372
320
322
1233
2360
784
2650
385
770
3127
2361
435
2371
2364
3159
2656
2647
432
707
405
327
2265
2266
2384
2358
1184
326
315
3145
3067
3146
3068
2216
856
850
406
2362
3018
851
1248
1301
268
1243
2834
2678
3161
1980
166
2170
2701
1876
1334
2162
177
2160
1881
678
674
2716
2717
3139
1343
1348
2677
648
2181
1712
1212
96
1837
1737
109
1228
1229
2245
1409
752
2018
2618
414
2929
1484
795
1490
1813
90
87
2953
1502
375
2289
2543
2542
365
75
2516
1129
1126
1987
1121
2975
64
63
3191
1985
114
2218
904
1594
2097
2797
2380
1420
3094
2779
563
2337
1407
481
960
1776
1081
1905
1909
352
964
1090
2173
956
2092
1667
2091
482
2219
1029
1381
2648
2459
3007
2413
37
529
1744
1745
2078
498
2394
1756
1759
1665
468
1767
2874
2463
3175
124
3171
1402
2485
1103
3010
3123
295
1096
1049
1522
1524
3245
930
1534
2753
19
2134
1287
3253
3265
11
3266
3268
3272
1277
3226
2566
2746
2745
2567
2234
2886
2873
2233
3269
3270
1272
1772
3232
39
97
98
2137
2140
2576
2136
2583
2435
165
748
2182
1528
1527
178
1841
2317
3109
586
2311
756
377
2192
1857
1035
3090
2197
2592
1039
206
600
2298
2597
733
2598
2907
1542
2363
2156
120
2755
758
1315
2757
2350
1798
1320
983
1312
148
2331
358
567
1004
2943
712
1982
1331
2949
1173
1778
82
2877
2512
933
514
792
93
2544
415
1765
2036
2432
2417
2292
2851
2808
843
2959
1127
1131
332
1975
1976
952
926
1299
912
76
72
2116
899
1718
1717
2110
1423
1959
2603
1956
244
621
246
2662
1435
2464
1646
2440
2441
284
1472
1244
1635
814
1050
2446
1097
2293
2294
879
1101
1663
1628
1367
1355
1363
1364
1371
1365
