28
35
32
9
27
34
40
47
147
134
44
38
141
29
2691
153
320
160
1627
2046
139
2219
868
856
178
53
140
2197
2217
158
1420
2207
2034
154
1415
1271
2191
2198
98
2210
1835
156
97
1841
1843
2049
2261
2218
1437
2202
1432
2020
161
1384
51
2033
2041
850
129
2035
2688
135
2390
2012
2047
685
1566
2383
2038
1465
2524
2256
136
848
2015
291
1249
4
2162
2221
564
2268
2055
2388
2330
2151
572
2376
1386
1391
133
1370
1264
10
2076
527
1401
2324
1302
2080
2069
1398
2060
534
2222
2225
775
1981
1873
2026
1076
2024
146
1358
143
783
1838
1834
1142
2702
1305
2153
50
1141
721
2014
1471
2253
2248
2099
570
2044
526
2387
1988
1987
2062
682
2003
276
2341
1576
277
2701
2719
2004
1253
1355
576
1775
2037
347
840
281
903
780
2071
1719
1774
545
1827
1872
567
774
1614
2226
2030
223
220
2102
2240
1579
688
2220
2063
319
2263
2896
714
2370
2437
126
286
1574
908
2813
1495
1631
504
1464
2422
535
941
525
2105
553
878
99
578
344
706
1372
2243
2068
304
162
2894
318
124
607
1822
315
1982
938
563
1307
2190
907
1727
705
1074
1408
1431
1402
2825
1067
820
2252
636
1922
231
1075
1274
303
645
1149
1153
821
85
2828
442
906
1475
45
522
521
1839
1270
748
2522
1726
348
1886
1722
1073
2339
1940
2430
1845
1301
857
1470
307
101
1098
1102
2333
839
1474
1677
1679
875
310
655
1876
1896
103
1388
1823
1080
2343
2152
343
102
1070
2031
2238
2234
1915
1703
869
1071
1826
104
1468
1069
2551
2556
2593
1939
1888
1970
2059
1306
326
1534
542
2435
443
1797
1836
1061
1789
2029
1511
559
970
1721
1173
1967
1062
1146
1181
1043
874
1514
968
2374
1528
829
2794
1298
1113
1995
215
1177
2611
2785
969
61
2348
2562
1553
2692
1114
2065
720
736
713
2690
78
1532
2606
1941
1086
727
1545
2618
31
1525
1151
1063
107
371
2350
1294
2155
190
2042
2139
185
2131
629
372
2709
2142
206
2023
1942
1054
2039
192
204
1665
144
2143
114
989
1564
1776
2018
2715
56
1118
2310
877
824
55
380
2677
1096
2607
2432
1831
1418
2640
1461
2316
2393
1498
2428
2670
316
2672
168
2331
627
1451
1568
2019
2123
2134
1777
2097
2905
756
741
1286
2326
1195
1527
2895
2904
1428
256
1248
2321
2906
1504
2315
1761
1377
260
2053
2855
1263
2279
340
1158
1150
898
2203
1292
285
11
1519
2016
528
811
2723
764
1365
207
1499
2195
1500
2851
1368
2654
2892
284
1288
700
2859
12
1928
2244
157
580
1825
503
490
492
280
1887
321
879
2808
751
603
2542
2292
2420
605
1371
544
1884
582
1327
283
1824
1079
1397
1317
2827
2539
501
2687
2529
2499
2027
2369
2705
203
1299
1279
1630
2379
2088
1663
2416
2418
2054
1332
1586
659
1228
1943
1701
2706
2818
2167
2115
2216
2352
2547
1376
92
588
1300
1520
1256
571
2192
2852
1830
2496
1226
21
314
399
2541
1251
2357
1375
2497
403
1588
400
1225
2114
1583
290
942
1001
766
2335
2169
2655
170
1458
1955
2599
2603
2699
2791
2494
773
911
928
437
2492
2176
2787
2545
1622
2338
1587
2266
912
1926
1229
674
431
2332
470
1224
2022
2517
628
2304
142
48
1246
1778
2021
1020
2684
892
2537
2303
432
2025
2307
951
948
233
2381
2312
1348
1723
2098
2092
2720
59
1100
177
681
1002
111
2882
1380
2399
2646
122
2404
2402
2441
1275
2389
2869
2327
105
2459
2635
2870
984
1535
672
831
430
113
2766
587
2647
1936
1935
2116
2140
77
1619
1052
328
480
488
596
1660
75
673
487
837
1137
1399
232
324
1616
182
566
323
2768
106
1612
2625
601
640
1047
2079
791
793
797
1742
800
1691
2876
2880
1959
557
1044
1633
1394
313
670
1186
611
1136
1135
1204
1182
1152
2901
341
2356
2209
1473
246
245
1600
1605
2893
964
960
342
661
261
2897
2208
1466
988
181
899
648
540
2463
1387
625
1558
1208
749
1325
1326
496
438
2165
1209
1203
2624
2619
390
392
1606
790
792
117
120
2206
436
1378
1379
1548
1323
2803
2810
634
2481
2907
1321
1618
1623
929
2201
1547
1611
1557
893
2395
1632
947
943
1199
595
1205
594
95
2205
2386
2168
1549
2204
1257
1330
94
541
530
485
1862
1861
322
743
267
266
1737
1747
2104
2359
2358
686
784
2231
2236
1638
2566
524
2107
1172
917
2570
1252
1590
2001
1637
1485
1484
2665
493
441
2409
2412
2569
1538
2170
1636
1653
2154
1902
1554
731
622
735
1980
2453
2451
2572
1329
1878
1898
2536
2576
2460
2458
1592
1681
2548
2540
52
22
2101
2886
2567
2574
2449
2444
2443
2580
2583
860
1814
1819
668
667
618
864
1905
1349
2890
2884
918
2748
2129
1166
1167
1613
1683
418
417
416
1168
415
1687
2380
2378
1160
1610
1145
1678
1242
1240
1235
1234
381
2757
1338
1572
1577
1913
1912
2172
2175
2182
2778
2700
1904
1910
866
770
1972
2503
2504
370
155
1969
367
2473
2476
1031
366
767
1035
765
1357
1353
2622
334
128
2578
333
1289
1084
331
1083
2058
2066
2535
630
240
1099
2528
2525
243
244
145
237
375
125
337
2287
1315
1314
1320
794
2171
2161
2159
2158
2157
2150
1197
1212
2118
579
293
295
298
299
1977
1975
1951
1122
613
1119
1117
979
1005
2442
2434
1014
1016
1308
1733
1453
1446
1868
1442
1369
1367
1364
1360
1602
1455
175
654
660
880
862
859
854
842
841
833
2661
174
2663
1847
475
427
1625
1383
959
1333
1290
1282
2733
1427
1335
1334
1717
2772
2755
2752
1739
1746
2774
1738
1745
1706
1690
1688
1309
1328
957
956
1295
1291
702
1065
558
562
730
732
2400
2403
591
1901
1550
834
2764
2767
830
2727
247
306
2365
2364
737
961
1231
1608
1957
1000
985
91
2119
2284
2286
2291
2758
2735
997
2765
2763
2282
1108
2725
2290
2734
2722
2718
2423
2716
1855
2281
2258
2283
994
993
2737
2711
2717
828
1423
2786
1426
1413
2795
1419
2800
1109
2314
1115
1123
1125
2309
1434
1444
1422
1441
249
250
1438
2708
2707
2122
2133
1440
858
1445
825
2141
2163
2651
2821
2659
2799
2145
1771
1710
1013
1017
2792
2816
2809
2401
2392
176
1143
1105
2250
1116
1112
2322
1192
184
402
1227
2132
1278
1281
2095
1324
2184
2255
1006
982
981
980
2793
2798
2814
2811
1531
1004
931
932
2477
2456
202
937
1593
2433
1979
936
2505
909
2508
2581
1945
2573
1946
2554
788
1412
2610
804
1815
1989
1990
2831
807
2602
361
2669
2006
84
1769
823
2673
2594
1095
2846
2678
2355
772
2850
1730
269
1087
657
1704
2613
2582
127
555
753
1919
1916
1911
1909
548
546
747
1894
573
1890
1880
2285
336
1846
744
2293
473
726
62
719
1702
1883
2278
2626
707
241
897
1469
1692
1607
1477
1053
2650
1493
2070
1584
1066
2861
2872
1573
1699
986
614
620
653
2631
1673
771
1647
1675
616
778
1024
2641
2704
1604
978
2325
239
2045
1626
218
2051
138
1081
1635
1537
1536
18
292
2275
213
2017
173
1695
1045
1012
1697
1524
2254
1200
1041
1657
424
2111
2028
2235
2040
449
1973
1944
1974
1965
1968
2276
683
652
699
2311
642
635
703
704
2320
2328
679
689
1456
710
832
826
2156
423
450
2110
2616
2011
1541
376
379
1496
397
1392
429
863
116
2789
489
2396
867
491
870
2085
615
2091
287
1230
853
1570
599
1903
382
332
2739
180
2036
2817
2579
2100
96
1648
1792
93
2103
1318
1157
1897
1728
1800
1891
1555
2653
2468
885
1662
592
2847
708
466
64
2347
1214
1092
581
583
894
1628
2751
995
2770
1339
1344
1350
1366
1533
1530
2136
1331
2215
1196
1019
1093
1089
2534
2516
1820
1110
1818
1190
2186
2178
2189
2196
2200
752
763
2495
2600
312
309
41
30
1486
1479
2181
2908
