1680
1343
424
2204
344
1319
3093
2644
87
866
867
815
1434
1827
1660
2991
307
308
1038
472
1321
2865
1088
2131
2985
1313
1911
1789
1061
2044
440
1037
1060
2863
2635
410
828
537
437
1920
1610
562
1059
2419
416
2454
1690
448
926
451
1807
524
294
2411
539
2554
2557
2926
2981
2906
337
1915
1613
538
2453
561
2927
1039
2599
845
2935
1669
2179
1253
2712
1272
1265
1809
1736
430
1349
89
2005
388
2934
1288
2775
2102
340
439
2979
400
1989
2907
329
330
2009
1735
86
1100
697
2804
1717
913
1983
1730
1848
1302
1306
2844
2838
1621
1469
1468
679
2026
2777
2294
1444
1850
2441
111
3021
2345
3023
2817
2185
1982
2190
79
2598
2266
2261
2889
522
1223
1239
1320
2186
1338
2098
1819
3017
1186
1729
511
1217
2063
2851
2486
3009
3003
252
67
1418
2189
1826
1964
1709
1710
1688
2487
653
1944
376
2025
1089
1945
311
2637
1942
1909
2260
284
1076
1416
2434
459
1692
2797
520
586
1941
2020
884
1981
1963
2187
1905
1115
2211
2362
2522
1843
90
1667
527
2326
745
3024
3018
2488
841
2408
189
3071
3075
1927
125
833
1812
1284
1794
2519
2212
242
2743
36
29
35
129
128
39
136
118
41
135
123
10
141
1215
662
122
37
42
130
677
11
676
661
30
1241
1221
660
138
1230
132
298
603
681
680
2221
2197
297
885
625
2173
693
664
126
2373
2464
2463
923
1226
1400
2232
1399
1663
115
610
1219
1001
822
1000
600
1205
615
755
1565
2225
997
968
961
3050
3052
2891
1220
859
124
860
1323
1214
34
4
2215
771
1133
2426
1682
2704
1395
2888
296
1322
634
1414
1536
2282
1581
1138
591
2226
475
2421
1398
2361
2229
476
1151
1149
1631
31
142
2484
994
1004
629
1109
2241
1228
28
658
675
875
871
1396
2214
626
265
1489
2200
929
2701
139
9
2277
1509
110
1758
1514
553
568
749
1584
2493
989
2890
758
3045
155
1505
2691
2291
918
2699
113
1562
702
170
2700
817
2360
2231
2162
2161
1225
2201
1567
1766
156
2502
2565
2562
912
1712
2301
2480
250
1591
2694
2398
43
1627
996
1090
1493
1564
482
137
2492
2417
1448
2431
1122
1518
2628
140
1586
40
1443
2693
621
1484
2224
669
672
1847
2892
2992
1098
249
1768
1218
2489
708
1570
2370
687
991
678
1523
1209
2507
390
1481
1522
1962
814
3040
617
1535
1534
659
998
2267
1774
1713
582
2497
1487
1016
1928
2316
1817
1634
555
2311
1870
2292
2386
1116
407
347
442
569
1541
251
2458
1977
1203
2456
2003
1335
1326
408
2894
750
774
169
2866
2730
2443
1757
2339
1354
2203
877
1976
191
1066
988
154
1731
471
1657
2724
2423
1211
891
1540
295
2393
894
2192
2680
2779
2101
2209
821
2750
32
2986
1229
829
2128
541
2283
2391
2196
2415
570
2218
389
2194
781
2281
2897
2729
2744
881
552
686
2721
826
1131
2678
976
762
763
2239
3090
1216
1846
2085
594
2174
1661
21
1014
1593
2366
584
2259
895
153
411
2810
981
602
1206
2378
2379
168
248
1111
674
1351
820
890
2820
1596
1065
889
2938
2120
1754
1132
1015
2213
1678
709
2019
2587
144
1136
1738
858
1445
2198
683
1002
990
2395
768
917
809
808
551
1137
165
1251
196
1723
1684
585
2006
999
1704
2964
618
1144
1828
1142
2043
1922
1547
497
143
1606
633
1247
253
197
3042
712
1212
266
813
1597
704
1612
701
1727
908
3053
2137
2107
1339
1878
449
22
2751
1359
116
2939
2254
2677
1919
3110
2485
3108
3034
1879
127
200
254
751
638
2948
690
2761
2983
2234
554
1397
2404
283
3036
3033
1572
694
1407
656
2115
1447
1383
2172
2544
1796
2004
2289
2950
2008
1575
2304
2349
716
247
744
345
1861
258
2500
2506
1708
192
1958
563
58
1624
2818
1806
2066
367
599
98
2887
838
973
2253
870
2601
1959
1860
1926
371
314
342
105
2258
2244
1662
713
71
1947
257
764
2427
446
2749
1951
2041
1442
83
84
964
1511
2168
1344
2127
2157
2105
876
217
1720
255
2302
761
256
2313
218
63
2014
743
1953
1813
1779
574
2978
394
1246
348
2459
1880
2827
684
769
1427
1578
2621
707
1428
1985
1998
1987
3109
1430
1248
1777
549
2620
1935
160
2352
657
13
1857
1435
2275
2760
2337
2996
959
951
607
802
1601
3094
816
1232
219
3022
1254
2191
2175
1245
2355
3091
811
1856
1393
892
2610
1602
806
3048
1027
2358
227
800
3076
239
319
1721
1854
869
163
588
2356
2641
747
753
1437
368
1091
668
1921
1029
2609
303
1298
3063
271
992
887
1023
2684
1141
332
2649
3088
3067
1821
2444
2449
2473
2034
2499
2498
2447
2933
2936
2384
2385
1815
2296
2309
2448
627
1910
921
152
2783
2790
1784
1394
1978
2342
2181
2182
1070
277
2623
1666
2540
1069
3037
2541
3041
270
1440
1507
1028
417
393
1898
1893
2178
2382
2347
2348
635
47
2794
2799
167
213
212
2248
2409
1875
3054
3049
2265
1745
1668
1384
1114
1119
1278
1190
1068
1620
2770
2774
148
643
2728
663
1592
2406
2399
2720
2727
2353
2396
119
2717
732
1294
1369
2622
2718
2392
2029
300
0
8
2045
2407
2217
103
109
2615
2633
1287
2410
2974
52
55
2050
2719
2973
1367
1293
1291
725
2580
557
558
2976
2708
1381
2754
2758
1139
1145
2686
2685
25
26
1331
1330
2944
2354
2583
1419
2567
2664
454
2662
2946
1286
2970
3051
2030
2560
450
2568
2581
2550
598
1200
773
1852
575
354
823
1916
696
1625
2440
2436
5
622
2081
2083
2904
2905
898
902
971
1506
2949
2549
2051
2525
2526
631
1480
2077
2219
606
2027
1266
1262
1259
1264
1478
2031
1257
1249
2536
937
936
3103
3102
2075
2079
2757
501
1993
785
1411
1011
2121
2082
595
3004
3005
1125
545
544
2538
2534
670
667
1426
1422
1495
1497
3066
2114
2113
3069
2138
2143
2144
2145
2146
2141
1972
402
2055
3111
1008
2998
2068
1492
987
983
2924
2925
1503
1479
161
2466
2468
1036
3029
3027
1033
1315
2674
2673
1317
164
322
2806
434
2668
1310
2819
421
1368
1474
1515
2054
1457
1461
2039
1271
2465
2876
2461
2285
2286
94
2287
187
97
185
2469
2877
2880
2879
2446
1891
1890
1650
2883
1652
1653
73
72
2884
2052
1519
486
1539
2033
533
2038
1533
2578
3011
2914
1455
3016
906
2600
44
543
466
1052
1191
3012
2577
2604
2603
2910
2909
1046
2607
321
1459
1154
1545
1546
485
1024
542
540
483
470
3081
3078
3079
1379
1378
1373
1372
3080
1814
1853
1901
1892
2832
2841
1751
1117
1108
1849
241
742
945
478
982
2831
2811
2845
2830
2833
2840
1724
238
237
1776
1799
2796
2807
1752
2837
1555
1550
1816
324
641
50
2579
925
831
731
243
2007
1513
2365
1566
1568
1573
1574
1557
1554
1548
1551
1971
2521
428
441
1181
1637
832
1179
1641
1604
886
240
897
928
1392
372
1683
2762
2825
1706
2640
360
2745
349
2812
2018
2015
1871
960
975
970
498
499
1118
652
830
1992
496
151
1800
1244
2972
2864
2967
435
1702
2207
2748
85
1283
614
1074
1276
1462
2059
2222
1672
705
2119
2945
691
1158
2941
172
2108
1192
1197
1202
1210
2071
2902
2535
710
2132
718
1057
2401
2403
99
1741
801
799
1744
789
2169
2158
754
1438
61
264
2228
1918
57
1785
531
261
2368
1845
2351
455
1417
46
1681
969
2238
2390
2755
1694
453
1956
460
1295
1711
2900
1450
1309
2140
1040
1677
2632
2624
2263
930
2249
2047
564
2065
962
280
1371
2769
1362
1866
317
365
364
2104
1446
1716
23
2040
2312
1231
1616
2307
2273
474
2670
412
2276
246
1778
406
3092
320
2739
888
1797
2742
318
2703
880
2707
1771
1471
323
2416
590
2418
1820
671
1465
1222
245
2422
420
244
1934
2388
149
1585
1917
1923
2747
375
1925
1224
1933
391
1939
1208
1950
2716
366
2713
1199
415
1961
2702
1967
429
1970
1979
443
445
1999
2000
2710
2002
2763
2776
2092
1289
2556
2274
2919
2490
2246
1635
703
559
2369
2280
60
1521
2160
173
2496
766
1526
1527
2284
1859
2247
2109
1869
3038
1102
2252
1406
1404
92
2809
1600
1748
2928
1802
565
1607
1608
1609
3068
526
1019
1020
1615
1658
1844
1048
1047
510
1837
1096
1097
2402
1823
1825
1308
1101
1107
523
2357
2929
807
1594
2122
604
2123
993
131
612
