72
83
270
265
262
51
63
254
71
80
66
244
52
225
251
261
16
240
267
17
2371
79
268
234
2367
245
223
90
3295
42
237
263
5142
233
2757
3301
248
226
3296
5141
2847
1599
2875
5136
41
255
847
1620
162
1611
40
50
3252
561
1612
74
1016
1598
2865
4625
161
2369
1427
703
1055
1280
526
258
3232
1554
4070
91
260
511
3163
1082
1167
2671
1613
3157
96
5146
3957
2196
544
2228
271
3266
1355
3170
512
564
848
216
269
2376
3243
497
4355
545
1328
2752
1364
3798
3976
4373
4071
3221
3813
4085
702
3166
214
4055
264
1110
1015
3633
62
5134
1293
3826
4066
498
3772
3949
1335
4944
4378
5593
534
1086
1625
1312
1036
5568
4816
3302
1660
1277
144
15
2672
1066
3640
4413
5140
510
1610
4838
2678
4101
3281
1555
252
2553
1341
4026
1018
3191
1019
2012
3391
4061
4023
1396
2602
3167
2546
3171
3438
2008
599
1071
4884
5392
5591
2684
4615
2857
1376
3749
4123
2551
1161
1275
2846
147
3161
1271
2001
468
1622
5449
3393
1418
4107
2550
1380
4377
2088
3042
983
1085
3387
5300
1654
3053
4049
3333
1370
3985
4364
1980
1635
479
1657
1805
2660
1034
3162
3160
4010
5296
3785
4114
4036
3413
4847
4088
2886
2007
160
2080
1295
3919
2935
1459
3816
2807
2188
4853
3936
4112
3186
4366
3399
3836
4937
3439
563
4397
1348
2889
4073
3238
4806
1982
1065
2018
3235
283
3043
2189
4415
768
796
3396
1011
1484
3803
4765
4024
2021
2593
2535
645
1164
1281
4756
4148
5315
501
656
499
1309
2554
2665
2897
1021
1909
5145
2539
2548
3292
843
1627
1602
3052
5156
2547
552
454
488
973
3192
2748
1025
486
1272
1183
567
2656
148
3307
2820
4983
455
43
4652
4379
4900
4052
1305
2595
1068
3262
3935
3555
3326
2822
4850
2126
4893
1689
3740
3937
2058
1160
691
2811
2013
1387
3917
2803
1347
4795
1904
994
4740
3154
4081
2765
1043
2227
2740
5566
4370
4111
3844
1075
5013
2004
1013
1420
1278
4063
4362
3188
798
4386
4346
3829
4979
169
2306
4375
3489
2813
4017
1445
1615
3041
1261
1241
3849
182
5321
974
2643
4217
5313
5318
2650
5386
2589
5325
485
2594
2388
3030
2399
5368
558
5159
3475
4207
661
2478
3169
4050
1268
1487
690
475
5208
3343
1563
636
4189
294
4402
4202
3119
1457
1101
2530
5575
2597
2438
4156
295
4092
689
1584
4895
1617
2610
1488
3870
65
3636
5358
1790
48
241
3032
3033
3113
3104
4505
3074
1644
3136
2879
5066
60
49
1682
82
77
1683
4513
4685
4512
1796
1680
1679
2413
946
833
2332
10
4541
4311
2705
3060
954
4534
3546
5075
4526
4522
1724
3124
4298
5502
955
3056
3627
5198
1797
3698
3591
5155
4501
1798
61
949
4546
4430
193
4347
4531
4530
4542
236
4548
5122
113
3538
1684
4823
11
5123
3164
3699
1754
1472
901
4499
259
554
1686
856
4535
4539
4201
2845
246
4471
3685
1685
832
4464
4305
1789
495
4507
4461
5206
998
4488
54
7
1766
4479
2349
1755
2861
1553
3810
4780
5003
3321
4874
5571
4743
2097
4903
2176
4638
2175
4875
4560
4388
4204
3294
5470
5004
3842
1117
1404
791
522
1331
4886
3789
4012
4626
1419
1464
3388
361
5467
2014
3547
3780
3790
4030
1058
2091
3404
1026
4083
3809
3857
1722
764
3224
5401
4993
5583
707
4791
5468
21
34
873
4447
855
57
35
2713
4543
22
4446
4763
2335
1744
354
4515
4034
1961
2333
2319
611
618
4406
1710
1767
3643
1872
1878
1735
4734
2957
2443
4091
801
5235
3608
3934
2912
3309
872
4495
2693
3196
2930
4581
3466
2338
5491
3435
78
3683
3677
3350
344
2339
116
1782
4164
4490
4051
5188
3099
1743
1747
4245
3553
45
2308
896
1681
2326
2851
1688
782
5576
2292
222
1863
3183
895
3531
4486
2941
1795
3570
4519
4514
3884
835
826
175
4462
4549
2156
3092
3497
3753
2329
930
36
2802
243
3335
3694
2355
5490
2892
2342
2353
1817
1818
897
5201
2383
2384
5270
1223
2908
3690
4320
4419
838
4453
871
606
5200
2901
4307
4240
370
1794
1793
3107
2942
2160
5434
4282
4918
3678
2346
8
641
2780
4166
2628
348
2361
2352
5008
2906
3084
5225
4536
3973
3885
5257
781
189
583
5498
620
3713
2852
1937
4209
2940
1094
4348
4195
3233
2690
961
4287
380
200
1814
1359
1603
1245
3322
3722
2698
844
2973
3127
4196
3444
5530
5190
2896
3540
1507
3819
3838
487
1492
2113
3158
500
2028
5336
5455
1274
3782
984
1634
4591
3050
1067
5158
2552
388
1405
1450
3386
3139
3534
1390
4356
4323
3607
3141
919
2334
4551
5089
2928
2321
3662
3132
3655
3149
4339
3697
3702
199
3695
626
581
1948
818
1269
3676
1947
5061
2345
541
273
3993
2924
3070
2177
1349
502
1062
5224
5207
4533
4537
1201
3630
2154
20
2874
129
505
2348
1886
4065
5481
3075
4597
1237
876
376
5080
3079
1570
5029
4996
2434
4274
5482
5186
3357
5496
4098
3666
5243
4336
493
3865
3701
1898
1926
3880
3700
5438
5068
1931
851
1368
3582
4573
825
3692
3031
2725
3748
3920
1902
4423
4133
2054
3707
3606
2327
2459
328
4584
915
4410
4588
918
5231
937
3784
4194
4429
929
5234
922
5067
5063
5209
5340
3705
5047
749
2323
1714
1706
662
3562
2251
559
185
2868
2866
1647
1561
2715
5218
5255
3537
2707
2533
1529
4472
4250
2358
3358
1838
5171
4711
4635
1865
2733
911
3688
1486
778
4463
634
1456
5177
3763
4046
4940
2075
1934
4232
891
1850
1829
944
4598
3021
4715
4667
2341
1922
1889
5148
390
3619
4292
2841
172
2970
4127
451
4655
5084
2250
928
2455
3658
892
5488
5272
1469
1860
1748
5090
2703
4642
2743
4809
492
1760
5092
4628
339
4422
3194
1122
409
4614
1810
2414
924
3111
5362
2756
2958
3064
5584
4579
813
805
5082
4506
158
4604
164
2782
625
3436
4529
4576
4437
3026
394
177
5499
215
2089
1824
1265
5277
5286
4702
830
1557
1895
2922
731
1383
1378
4516
2645
1820
2842
126
2985
5402
156
3711
617
3110
756
3681
3518
3968
3910
1009
315
4908
4909
1078
1176
2066
3022
5403
3522
4438
3116
4470
3510
1047
4509
1911
3618
1573
2996
5099
5570
1954
912
2354
5187
3008
128
2966
4624
1825
2322
2657
3103
5335
527
3250
5329
1956
4132
2526
3982
1959
4545
2380
2098
2377
5210
2310
790
228
742
3568
420
1974
395
1972
902
452
4520
209
5076
1819
5191
2470
2905
1880
3791
198
2758
1076
1711
4769
2076
3156
4338
4800
2059
4082
2365
2134
2103
4648
3349
2745
858
565
3775
2446
4945
4100
1287
2887
1002
4215
2545
5380
3223
1736
4794
3847
4917
1304
2023
2187
3967
4776
2083
2659
2079
2898
2094
2461
3185
774
2649
4797
4796
5265
5095
5246
1876
1759
1765
1952
2436
4078
3946
1773
1054
2635
186
1771
1875
5128
2714
4623
1826
1672
5204
1906
4476
1883
5250
4079
1763
2607
1008
1930
1822
2463
1146
2042
1389
2969
5094
3376
4778
2447
1339
1720
1943
5056
3508
382
2948
3942
5189
1730
4686
2839
2700
2699
899
927
5184
4762
2340
2614
120
1087
1723
4491
1114
2809
1990
2999
2299
2441
888
4033
3088
3362
5254
3947
3137
4511
1100
935
1852
5081
3509
3327
5216
3552
2484
5266
4418
1963
5261
1687
4583
3131
5149
2186
2663
3117
321
3528
1283
726
1141
2050
2458
5058
4119
5115
5120
5192
2442
951
3517
4473
4500
4524
2343
2931
26
882
958
5091
28
936
1851
4654
3055
5244
4087
4582
1365
4125
1716
1915
573
3068
3566
1442
2439
3007
5564
3895
2138
577
2350
1823
3336
2608
1693
4690
3449
1601
4630
2950
727
135
1970
4442
1946
1942
610
2298
330
2724
4508
1945
4469
883
2049
2277
4456
2030
4467
3617
4460
1944
1752
29
1106
5180
2197
1750
4455
1556
1727
4482
3165
5178
196
1704
3013
1811
4096
2998
1877
2977
2990
4689
3631
219
5085
2729
4577
2305
2302
1844
4998
2612
4199
4256
2946
2945
1745
4599
5042
5383
55
3151
4454
2921
5271
2337
3155
3142
3071
3143
4103
3616
1910
2903
1843
5214
4198
5072
1977
3622
878
3530
3839
4840
3845
4138
2440
3379
2619
1024
1812
5086
4817
5569
4149
5320
2445
5079
1715
4684
5500
2145
3583
4264
2899
3286
632
1917
3101
3018
3024
5048
122
4480
5542
5050
25
2629
1873
3743
5179
1276
3684
709
2766
1830
5049
5071
2968
5548
1958
2168
4276
2580
1813
2791
3347
5069
1453
5439
602
597
1749
1753
4852
2457
3710
3462
5114
4340
5308
1600
3083
3000
5425
3747
2065
2525
3764
3527
2836
3759
3850
2767
3014
3573
5269
4705
5212
717
3409
3615
3368
1870
3623
1718
3828
1729
1719
1709
5078
4578
5087
3693
3687
5262
1975
5236
3718
1738
4466
3328
2772
4868
2125
3830
3696
2513
1821
3752
3717
1768
2540
1770
132
131
3011
1857
2893
5101
3863
3882
3887
1234
917
4238
4242
2904
2519
2991
1354
2730
934
3876
2242
1188
3369
4612
1757
4441
2951
1734
5194
4571
968
3003
2953
4452
1761
2838
1869
4436
1708
4489
870
2480
4733
2947
1912
4574
89
1762
171
3001
2853
4475
4068
1225
2164
3783
4168
3868
5260
94
868
629
4988
1987
115
5107
2786
1367
3648
314
1928
2000
1127
2691
157
1534
2870
550
4343
5183
3614
2907
3646
1964
5202
4504
2794
4580
1671
3869
2840
2778
5501
959
2473
1350
5227
2795
47
2462
3412
4985
4916
2837
2711
3303
4445
850
336
2913
2933
2491
4736
1867
1214
2716
2159
970
3909
5037
1694
114
310
4496
4129
2241
1377
2622
2615
4144
3879
5104
1568
5113
4497
4439
3621
4722
2485
2735
3620
4698
1967
5083
906
4568
5055
972
1935
1940
3090
2207
1707
1949
1899
123
941
1699
3077
1887
2064
2726
1919
1231
3012
1835
663
4451
4444
2923
313
111
378
5559
1130
5435
399
5032
2620
2516
431
5038
180
363
357
5024
2609
3632
5590
4465
5248
3716
402
1669
2854
5239
403
1927
121
3652
3093
1732
3761
1831
2166
1726
1137
2624
1893
3316
3755
2655
2433
3851
2876
312
256
5199
1642
3647
5567
197
356
350
5469
1582
828
2647
4718
1357
1882
5096
3854
5010
5018
5304
4911
5053
2336
205
1531
3860
1356
3995
5226
2437
5550
555
5088
2695
1939
3754
1209
2403
3886
2625
3094
5223
2155
401
366
1565
2331
1152
340
5035
1143
2830
2984
3581
167
3726
5452
1366
2404
3304
3580
2980
5065
814
2234
2224
3975
3883
3091
247
1239
743
570
1994
3408
3644
588
1916
1807
1202
1119
5445
2760
556
708
3065
3015
549
1129
2229
333
2454
3727
2137
1588
2450
5105
2919
2994
1737
2144
3504
4272
5527
5211
2146
5426
1834
1933
5100
346
2798
4681
1589
24
2626
347
3931
2081
150
253
5429
3359
3837
3734
2165
4569
5110
4688
4697
5034
3969
1344
2191
134
2989
2981
5503
2162
2122
190
2148
2514
962
2119
4683
436
3005
238
2652
4303
4899
3078
1914
329
3801
3461
3866
3923
3891
23
2978
1976
4435
3590
4810
2330
2328
1421
4128
3928
3225
5044
3639
877
4077
337
953
1074
1668
5312
439
3971
3072
4846
5162
2052
881
3365
2722
1885
3284
938
110
2755
5045
5343
867
2631
1836
2475
438
2492
1703
5552
1941
2464
210
1733
2150
5043
27
102
3579
933
1700
3723
2949
1993
1151
2736
4321
325
2666
3476
960
4587
1816
4830
842
4498
4248
4882
372
419
4887
4273
4694
3878
3894
4704
2759
4337
827
2685
2107
3721
2805
119
118
32
1696
837
1938
2209
2476
1124
19
2294
2325
12
311
2152
1691
2314
2487
133
179
112
173
46
2746
2920
1960
2747
5213
303
2956
2520
463
1533
2279
2689
4738
3469
3724
4291
2850
4773
3034
5355
1222
557
3874
584
4139
1149
239
1913
5054
4929
2149
4726
2178
718
109
2505
1213
1145
2503
3062
5102
2549
242
2504
1537
2205
2199
137
3470
141
869
4329
235
218
1340
2827
2183
1005
5301
2230
3118
5070
207
5106
1995
3650
130
2467
4713
2214
2493
2987
124
5525
4731
2708
2718
1879
1361
1000
3843
1539
5039
2290
3028
1996
5062
1649
2983
1148
155
2312
151
326
217
1150
84
3610
3651
1839
2315
149
1999
127
153
68
202
221
4570
5041
1861
2206
2833
5282
320
4572
2719
5064
2016
1979
335
211
2318
1343
33
1004
2961
3665
3821
4564
560
4725
2489
3569
5350
2069
5397
1985
1932
3669
212
174
2468
232
165
227
1121
2020
3649
3609
2452
2121
2316
1971
106
168
101
2731
2293
385
2509
1566
2832
319
56
230
2531
5103
2141
195
5093
5291
377
5521
5442
159
1740
2641
562
5464
5108
2499
4279
728
1918
1673
821
3972
1607
5147
1989
940
2295
4235
5030
3283
4693
188
4421
4523
5290
1997
5098
5031
1135
2167
4706
2465
2170
542
2133
2192
2190
1695
1007
2430
1001
3732
2307
2045
152
1890
14
5228
2184
3019
1998
2244
4072
1540
3575
4735
1374
5432
2426
3096
1394
4772
2422
4328
1991
97
213
5036
1102
4006
2687
3193
2858
2153
5510
4319
2132
4879
2143
1136
1138
1144
1332
5418
1645
2449
1862
2142
3016
3991
4224
1968
2416
1853
2995
931
5109
1848
2828
2117
4841
2771
1385
957
2072
2501
751
3924
4869
2720
3802
2118
2637
2654
5237
1096
1781
536
864
2259
1894
4566
3841
3659
92
5051
2198
1742
4866
1841
1039
2128
866
2130
104
176
1317
3063
2051
2749
2120
2157
1799
1907
1808
2817
2409
1847
5351
1965
2179
4864
108
2481
2163
1670
3663
2801
2106
2417
700
1132
710
494
3454
4293
537
3424
5057
2606
4662
5040
3138
5176
2618
381
1929
3948
1133
4039
489
2219
2270
2129
4120
576
2136
1973
1978
2124
2147
863
2169
995
1833
2027
2727
1360
1717
1884
1692
2215
136
2099
1897
862
304
2938
1362
3657
2260
1330
2085
1986
4640
4076
4786
3664
3654
2834
3939
1802
1581
2955
1551
4358
3057
3720
2111
206
1
1920
3520
1837
2391
2026
465
3006
3756
5477
2093
2112
1318
3025
1329
1905
3877
2498
1388
1778
2862
2812
720
2979
2859
3588
1713
740
3871
317
1172
1155
1302
4787
3035
3889
1128
5283
2313
4707
5222
3471
275
2275
2712
3872
5446
4644
4788
4285
693
621
2911
397
5417
964
3777
999
2826
2750
2869
4692
2115
4674
387
836
3036
3087
2860
3873
3082
3881
996
997
2324
3010
3875
277
5419
5143
5074
3635
2954
187
5245
2317
5203
2123
2829
4832
2974
1800
4700
4824
4037
4855
2721
2825
2432
4589
737
4011
5097
4701
276
181
204
3442
5052
3862
3712
3228
4669
1803
2891
3450
301
3245
1633
2856
4873
138
5229
2971
2880
5294
4041
2864
3037
274
5479
86
1139
4858
5073
3855
3532
3463
3660
2939
3585
3023
4732
5311
4459
4649
2741
3779
322
1382
3114
5129
2909
4417
769
5219
1187
5573
316
3848
4035
4186
4774
2139
1095
2419
3962
5028
5484
5413
3371
750
1257
4108
3815
5298
3757
3758
5316
2932
1006
1142
3017
5023
5174
2965
1003
1260
5579
4737
5554
2044
5344
3020
3859
5046
3545
1073
4699
4984
4056
4670
4666
4567
1712
2425
4650
5514
3852
1900
3589
331
13
4802
3134
3282
4680
4881
4677
5338
3354
4862
4206
2515
4783
5375
5352
4518
1125
5253
5022
4645
4075
3668
3605
5221
4842
2410
4695
4040
4730
2494
4849
58
1134
4042
5487
4658
3793
3867
2039
142
99
4785
1113
1579
3940
5252
5404
3746
4951
5241
5249
4771
4118
2063
4603
4234
4808
349
1896
2528
4964
5033
4747
4863
697
3097
589
3135
4905
4341
4089
464
3612
909
5117
5121
4759
3601
5025
2047
4723
3703
3709
2062
4770
5276
4709
3670
4789
4651
4058
4729
3914
4902
4629
4609
4717
4724
3911
1105
5287
4861
914
163
3751
4799
2078
3824
1123
3602
3039
4643
117
4601
4854
3760
5310
5016
3846
1288
695
3704
4440
1988
3315
2777
860
2074
4593
3776
4710
4826
4803
3577
2087
4727
4721
3890
2090
2877
1118
2053
3455
4764
4859
4590
2061
203
2304
3708
2411
2025
4712
4617
2108
4324
2285
2237
4657
2423
4062
3771
2849
2848
4130
4080
3938
5303
3578
4351
4059
1984
1403
1593
2796
5019
3229
5529
1386
3464
1126
2171
4659
305
2194
4600
2541
4015
4084
2068
5284
3858
4889
4837
2073
3833
3893
4872
2006
4656
3915
1550
2010
5292
4090
2048
2303
4925
2522
1809
5495
3864
2019
1099
2252
761
1103
1177
4781
140
5577
2105
4246
3559
2086
375
3457
4596
2723
2986
76
5020
789
4332
1592
1303
4565
942
2591
2754
2077
4663
1983
2032
1903
5515
1845
2174
2135
2038
2200
1966
4804
2070
2043
2258
2508
1336
1981
4613
2096
4647
2040
1298
2763
2821
849
1333
1373
2102
948
3750
2173
5563
3038
1871
2095
30
2764
4971
950
1174
2634
100
1153
1698
2203
1375
1230
3634
3380
5489
4913
3902
2127
2031
2116
1338
725
1294
2082
2104
1301
2472
2185
2002
2057
1171
2110
2761
4093
2734
2101
2882
1035
2092
2768
2041
4679
2009
2220
4086
4633
1027
5547
2221
3804
4675
4032
2732
1393
2900
865
819
729
1725
816
822
2272
1244
2035
2855
1849
1285
396
1721
5390
1083
5341
1314
1815
1296
1297
1079
1313
1806
2015
2109
1316
1292
1322
1221
2005
2024
2201
2202
908
1326
1346
1925
1854
993
2232
1250
2003
2787
1038
2233
4
2216
1392
2774
5365
3762
1321
2249
1924
1063
3730
1864
1320
2792
990
1116
1028
2100
601
4914
1069
1574
2871
992
4890
5012
1319
1327
1299
1315
2029
2046
2034
1992
2084
1300
2060
2151
1198
1342
1352
1156
2204
1311
2210
2211
2225
1205
2208
2243
2775
2223
2182
2033
1040
2212
2789
2180
2217
2751
2281
2181
2193
2701
1334
2784
2213
1192
1072
739
2222
1091
1391
1353
2273
1098
31
2288
2131
2781
2785
2218
2226
2231
2236
2235
2240
1210
2257
795
2247
2287
2291
1012
1189
2263
2800
1908
2239
2278
2282
1358
1088
1108
1372
1191
1157
2246
2022
2264
2253
2797
2261
1070
1801
1306
2309
2274
2276
1323
4856
4728
3774
1447
765
1010
1051
1014
2245
991
1590
5125
721
103
2267
3765
2265
2269
2255
2268
2283
2238
2256
2248
2284
2271
2280
2262
2254
2266
1050
1881
980
1371
5021
1384
1381
1406
4716
1159
1194
87
4671
1399
2808
1193
1056
794
1041
989
711
3835
2728
1400
1190
5493
2804
1412
799
2762
1866
1020
2770
988
762
4739
699
1324
5000
5508
3840
1242
1398
1064
1892
1369
806
1042
1107
1408
1858
1140
338
4877
810
1131
5116
1092
772
773
824
4641
2814
771
2783
770
705
1158
1891
4986
5562
2815
2776
5523
715
2890
4976
4660
2816
4815
5026
4714
963
777
4880
4720
170
553
780
4317
4992
1410
982
4805
3197
2753
2363
802
4827
987
4894
738
3773
760
714
747
1395
9
784
741
1414
776
2895
2824
759
1424
730
767
753
5578
5585
2738
692
807
166
5017
2779
1325
2737
1413
4897
4904
604
1206
4758
939
332
722
5509
3744
4754
788
4995
3745
1111
2534
817
590
3584
4227
3576
1426
1417
1804
734
724
766
2769
1379
1446
1200
1109
808
736
757
701
797
698
787
2739
811
4851
1310
3927
812
1401
1842
1449
1407
775
696
723
4054
4064
803
1351
300
1032
754
4646
5534
829
3467
519
1258
3832
93
4095
2883
4870
5539
3115
800
5526
2885
884
1415
746
719
2017
1409
792
1411
793
748
2810
1308
2418
4661
1178
752
1402
1363
4761
735
783
5428
4777
4885
3812
2894
1480
1251
1397
809
1227
1422
5560
3950
785
3574
2456
2585
2884
706
5517
4792
1855
4673
3626
400
2574
5268
3300
1479
1033
654
3494
5505
3737
3179
1425
733
1197
2744
823
5511
1609
4029
975
1728
1219
2567
5543
1429
1218
1243
2537
398
5342
3834
3770
580
4906
916
910
637
4143
4031
4183
3792
1463
3242
3375
1057
642
574
4779
861
4171
5005
4184
4177
1481
3421
5466
2831
3342
3352
3515
3979
208
653
191
1572
351
969
3820
306
307
3236
623
4668
1093
1217
5015
1667
4814
5279
3769
3460
609
1089
4592
3929
3361
3415
1046
3767
4793
3351
4173
3108
3259
4048
4121
3955
3474
5333
4301
3970
3211
1235
4936
139
3374
278
496
852
4135
449
4970
4074
3996
1173
1029
4349
675
1307
4271
4888
3628
859
4760
4742
3076
4923
4018
5572
3514
4926
4825
4632
4811
971
1454
3256
4898
4784
3536
4639
4611
3719
1666
4878
3565
5504
613
3331
3501
5014
3831
2835
5553
571
5259
4752
4208
3456
3290
5533
4931
4621
3213
1496
1559
1216
1518
2495
4562
1474
53
4819
2686
2506
551
4746
2873
4839
4813
4820
4857
4745
4836
4892
4867
4958
4602
4748
2881
4775
4191
4833
2888
5494
4896
4821
4834
5561
4801
4586
4829
4790
943
4935
890
3629
4818
5535
4616
4843
5513
2529
4978
4910
4822
4228
4933
3916
4949
4994
2490
73
2469
4865
4585
4741
4812
4844
2844
2496
4807
4835
4828
4845
5130
4848
4744
4069
4883
4974
5506
4997
5536
2872
2918
5558
4891
4932
4956
4947
4749
4751
5518
3766
1080
4920
4950
4965
5507
4957
3823
4750
4952
5528
4474
3808
4871
4924
5009
3499
5544
4946
5551
2483
2497
4973
4928
5545
4757
5007
5170
4876
5555
4963
4962
4930
3642
4934
4943
4989
4982
4948
4972
4975
4955
2916
4966
4967
2843
4968
4941
2878
2914
4954
4938
4921
4939
4922
4753
5002
4942
2917
5001
2915
4927
5011
4977
4981
5581
5538
4969
4999
4961
4991
5540
4959
3853
4987
5537
4980
4622
4960
4653
4990
4919
4915
4561
4558
5519
5541
5574
4610
4557
5485
3468
5580
5557
4556
5274
4047
4555
4126
3637
3572
3567
3493
75
4563
5512
3507
2379
2536
2507
3921
2544
2477
2011
5497
3511
2962
5319
5232
4008
3502
4605
5586
5587
5230
3963
4299
2538
1567
5172
4458
4283
3787
3786
2408
3273
3945
3263
2500
2675
3999
192
5592
5516
2517
4109
4416
4443
5582
5546
3557
3822
1185
4043
2482
3526
4004
2523
2518
4450
5520
5532
3778
5594
3465
4185
3825
4768
3912
3513
2488
4115
5589
5332
4150
4559
3611
3941
4309
2524
3715
4665
2466
3267
5398
3066
4216
5247
341
5427
3958
3571
4141
3954
5458
98
4110
3990
4449
3794
4044
3983
3560
4117
3805
3956
3922
3896
3484
3807
4122
4094
4134
3543
3974
4045
4223
4203
4200
3529
3795
4188
5317
3480
3490
3742
2502
4102
5175
4767
5281
4210
5165
5306
4322
3897
5182
4124
5275
4140
4782
5251
3594
4350
5173
4187
3451
3541
3725
3788
3495
5288
4354
4766
3898
3561
4116
81
3951
2424
4182
5267
3595
4212
3806
4316
4022
3980
3899
3556
3930
3535
4315
5273
3491
5405
4595
3563
5220
4060
3592
3913
3796
4027
3503
5305
3714
5524
3521
4172
4009
3486
3353
5150
5596
5258
3488
5382
4318
5289
1690
2512
4357
3473
4106
3918
5371
4342
5297
3472
5549
4310
3437
3448
4300
3933
5597
2527
4230
5598
5327
3558
5263
3604
3544
3599
3483
3781
4225
3549
3731
3551
5394
966
5168
4334
3997
3739
3434
5309
4105
5595
3548
3280
5323
3523
3500
4013
2571
3539
4005
4157
4352
2510
4067
2381
3799
3797
4025
5133
3385
5450
4163
5160
4312
3431
4159
5588
5522
3728
3597
3519
4170
3487
3506
3800
4213
4190
3492
3516
3542
3459
4313
4294
967
3447
3596
4367
3524
3817
3598
4297
3729
4053
3533
3525
3811
3337
5238
3040
5388
4226
4145
3994
4385
3440
5359
4001
3319
5345
3706
3738
2823
3735
4363
5322
3383
3505
3478
3445
4147
3430
3554
3446
3550
4158
3443
3600
4154
5326
3477
3485
3441
5314
5169
4151
5334
3360
4631
5421
5299
5377
3150
4162
266
5293
3908
4016
5295
4302
4295
3603
5166
5324
5161
3184
5157
5369
2368
4197
4099
5353
5278
4239
3311
4231
2934
4146
3254
4314
5443
3593
4152
4155
4165
4353
5393
3900
4400
4326
5389
5376
4153
5395
5167
4345
5356
5471
5370
5400
5339
224
4382
4160
5364
5406
3906
4308
4383
5415
5385
4265
5256
5374
3153
4169
4284
2557
2936
5399
3346
3219
3827
4275
5372
4178
5416
1560
5328
4161
4269
5430
3401
3905
3058
3423
3231
5379
5373
3943
5384
4290
5437
4335
5349
4395
5387
3925
5347
5391
4359
5436
4333
4389
2561
194
5361
4167
5381
3285
3199
4369
5367
143
5423
3180
5337
5462
3305
5346
3944
3903
4325
4331
3200
3198
5396
3904
5366
3168
3061
5433
3054
4181
3356
5459
4384
4368
391
5422
5451
4374
5411
4286
4637
4289
5407
5420
4288
5431
5378
5414
5424
5408
5441
3287
3249
4360
5454
4361
3978
956
3814
3240
4408
4399
5444
3960
3291
4002
3298
3272
5460
3148
3241
4412
4398
4233
3306
4405
3901
3961
1594
3308
4278
3059
3201
4262
3323
543
4401
4266
5447
779
201
4267
3741
4407
4000
4003
3297
3239
3324
3339
3926
4180
4372
3251
4244
4396
4263
4394
3202
3907
4179
4393
4403
3384
4218
3645
5448
4249
3988
3159
3341
3340
4236
3275
279
4251
3989
4371
3638
4404
5453
1614
4376
3345
4365
4268
3260
4222
389
3310
4243
3428
4391
4241
3395
3363
3144
6
4229
3736
4214
4253
3318
4392
4247
4014
3325
4259
4255
3348
4019
3338
4007
3382
3394
3320
4219
4211
3222
4220
4270
3207
4021
5463
3317
4174
3355
3378
3932
4387
404
4252
5139
4380
4257
3289
3332
4414
3208
257
3344
4390
3176
4381
3217
3641
2819
3274
4277
5457
3203
4176
4411
4020
4409
3226
4258
4260
3392
3189
4175
3234
4261
4254
3373
5472
3253
5461
95
5473
3426
3216
3204
3175
2867
405
3044
3398
3181
3420
3209
3261
3045
3414
3411
3416
3227
3215
3069
5144
250
3187
3429
3246
3405
3244
3247
3400
981
3397
1571
1084
3214
3419
965
3818
3086
435
3334
3220
3422
3182
3206
3205
3418
3389
3407
3230
3403
3410
3417
3402
3237
3067
3406
3102
3265
3212
3367
3095
3248
3381
3047
3125
3377
3147
3190
3258
3046
3128
18
3081
386
323
3009
3288
3133
3146
3174
3366
2818
1097
392
2972
1542
178
857
308
3004
3105
407
3173
309
3048
374
3049
3255
384
3121
3051
379
393
3140
3098
3129
292
3145
529
383
3120
3172
3210
1053
540
509
3109
1061
538
291
2415
1569
845
2471
2653
293
2613
566
2444
1291
1104
978
280
2532
2670
2401
1162
840
2667
1624
1199
513
1548
373
327
1597
2623
334
2389
355
318
1090
853
145
2674
1585
1595
1552
412
1564
1630
365
1549
976
1664
1697
1616
296
977
608
1044
2378
472
521
358
2651
1623
2681
600
2630
2407
1240
1639
2400
1207
1502
1163
105
434
1246
2581
1606
704
1541
3
484
846
1211
1455
591
410
535
1608
1458
1587
1618
1626
1543
2673
839
2586
1659
1629
2543
2460
146
1547
517
572
2579
1256
2390
1665
1656
1661
2600
1544
1545
1233
985
2658
1031
1252
471
442
2639
2572
1184
288
1030
1037
483
2387
2661
1077
1652
2573
2664
1263
1546
1461
2627
289
2590
2558
1254
342
290
624
2662
1022
2646
1048
2604
282
503
1631
287
2683
2679
569
2596
462
539
2521
986
441
440
2611
2632
352
1428
2676
2601
2560
2668
1226
461
2599
2394
568
2583
2563
2559
2669
2577
353
2393
470
1052
343
473
2644
525
1045
1204
2397
2603
281
2578
2633
1249
446
1628
1059
2570
2562
2642
2598
2565
2542
2564
2385
2575
2605
2398
2556
2386
2555
2616
2576
2587
2395
2569
2582
2396
2568
2584
2648
2566
2592
299
1060
298
411
2588
447
297
2680
1662
367
1081
1180
1248
1259
1232
1166
359
531
481
1212
1196
1267
2677
1186
514
1253
1165
1637
2696
2697
515
1536
1179
1236
616
1619
2682
1653
1208
585
286
1478
1262
1473
712
874
507
1432
575
1583
1460
1282
1497
1520
1655
430
413
1423
469
482
418
1264
1476
1286
1255
1448
1270
524
1522
1466
528
1528
1181
1523
414
1430
1471
520
1511
658
1524
416
1499
615
595
596
619
1266
612
1591
2375
1438
1477
1525
607
1416
1578
474
432
518
2692
648
875
1279
2694
476
508
1182
1170
598
687
1247
2688
417
433
647
516
1498
491
1663
445
429
285
1575
448
1490
622
1504
1439
1017
1465
1168
1195
1468
639
490
979
685
1467
1482
1483
628
1475
1290
415
1510
666
1503
820
1451
1289
5
1604
1485
631
1273
423
478
1640
578
1526
633
1500
1621
652
603
1632
1440
1495
1530
1431
657
627
651
614
1521
424
444
684
421
2
1452
605
1489
1514
1169
659
667
630
638
1506
453
1494
1509
1508
1501
671
1441
467
1436
1505
587
1636
1519
1437
646
1651
643
1516
1646
1515
586
1284
1517
428
655
1434
1435
1650
1433
670
1641
456
1513
477
1512
677
660
672
1658
1532
673
480
635
460
676
466
674
593
422
458
644
427
682
681
443
459
592
664
668
665
669
678
426
688
686
650
457
425
