250
262
76
258
267
255
239
240
245
86
66
54
67
55
84
264
253
233
79
265
82
257
3146
71
53
261
249
226
252
1680
256
3164
259
163
17
1663
2481
2988
2478
234
2971
554
16
2483
552
1409
223
4994
4197
18
227
2989
534
162
42
297
263
514
5009
4196
96
1348
1017
3003
3008
3158
1242
3565
220
3576
1349
1417
1652
3564
260
3560
278
2801
2477
3464
4253
482
5363
5749
2832
3422
535
2476
4981
5660
1738
2494
1381
3554
1286
1717
542
3547
5038
1198
1723
2925
4608
541
2079
1668
56
4092
3540
4250
469
3557
1410
2809
1706
2792
4641
3431
5547
3630
3195
62
5546
4266
4965
5676
246
2080
4568
3066
5664
1494
5048
461
1375
3372
3467
5803
5043
4090
149
3017
2918
5636
187
179
3307
1430
3629
1393
1432
4585
5545
546
4112
1075
2507
5292
4938
1189
75
434
1090
161
2820
5407
1131
2678
4173
530
2803
3309
1199
4191
7
647
2204
4425
1377
3644
4423
3977
3016
2129
4937
4375
751
2618
2672
5637
4097
2680
2141
4578
3015
5675
2692
2683
4599
708
3369
5678
5634
3461
3316
2782
3570
391
1041
1227
2826
2205
1648
2273
3550
4539
2733
3455
1310
4551
4413
4241
1531
4978
4226
3036
3447
3188
2658
5802
1337
3678
5741
1534
1930
3744
1313
1311
987
470
3743
3914
1495
549
290
436
551
649
5296
1678
483
1277
2150
4273
460
1354
2798
1050
2135
1625
671
2786
1402
2121
1042
1493
1734
4262
1637
1449
481
1544
1448
298
4237
1360
4221
1130
1331
4506
2727
4532
656
642
3386
4964
2831
1116
4236
1306
2643
5175
4143
2657
5148
4977
2650
1624
4133
3668
5610
1047
4166
2217
5507
4531
4751
4227
4306
2107
3023
4152
4004
5374
5544
3198
4622
410
2987
4592
1951
4083
4523
4121
3562
3423
4128
191
2340
3358
5379
5666
3636
2488
1091
1043
4374
3543
5595
3203
739
4185
4249
93
3398
4428
3429
2612
2833
809
585
1421
2917
4948
3052
1996
2506
4272
2475
4075
1548
1542
471
394
3065
2817
3001
1733
4111
2594
1444
4949
3189
1732
3750
2764
5360
4290
5058
3194
2508
2976
1117
2123
5537
493
3987
3034
707
4220
3143
1739
300
5034
807
4315
456
2954
1378
1480
811
1385
2953
3303
2949
3377
3458
4685
2991
1847
2457
3686
3172
2840
2444
115
3051
2456
5785
2441
896
3694
1766
5486
4671
4707
4704
4708
5478
2118
3673
1842
2463
1342
3880
2435
1822
5782
2564
5686
2052
895
1365
4677
3828
3820
1873
5416
4696
2841
2489
3870
1677
1676
1490
5496
732
4688
1830
4380
2857
5448
5432
1973
1767
211
5807
2528
4422
5522
4333
2652
5682
4347
1635
5550
1650
1040
5627
5142
5455
2500
1645
1319
453
674
3054
5671
3578
2495
2804
4790
4230
2081
4970
148
3044
3984
1931
5679
3583
4572
5658
2628
4567
713
2946
1303
2595
2702
1533
4571
1127
4120
5681
2274
4222
3342
452
3366
2128
871
1871
906
1867
1770
2966
966
1825
1908
821
1852
5307
1820
894
972
2104
2549
694
5390
3236
1793
2601
4529
3846
3105
5069
1759
2866
1665
64
4741
2023
3813
5801
4710
699
5437
5406
1869
3542
1508
46
2434
3335
58
4591
2437
2428
3819
1265
2576
2028
1798
4733
4680
23
4813
4777
5332
4780
1799
1812
1809
1850
1818
1813
1802
1801
2218
1899
1898
5315
3437
3336
1451
1828
2323
1769
1835
3927
4633
4512
3802
4817
4903
595
4729
4732
4736
4742
5401
2381
5301
5391
731
4893
892
5704
5705
4698
3735
4877
4490
4411
3868
1834
5004
1803
1984
1773
1829
1837
4691
5398
2415
4802
4795
2534
2145
4810
5514
4415
3260
273
3196
4792
5125
4750
2501
189
3253
3012
4181
2399
5759
1088
3941
2907
1659
3217
3969
1314
3193
4829
741
1226
3568
638
1096
1216
3573
1545
299
1018
3982
5165
1318
709
1405
1583
3396
3967
1359
3288
1811
5359
3029
4989
5220
1137
2800
626
3020
4845
712
2168
4679
4637
4359
1796
1810
2424
1786
138
5020
5706
1364
1466
5695
4820
5394
4796
1832
5324
4647
2454
5431
976
4861
575
3788
5402
3430
5388
2450
5424
4066
537
3071
4770
4814
4801
2997
5718
51
1225
364
3520
2373
2859
4856
1025
1718
4803
2020
2021
4844
2443
2001
5393
1193
1909
5192
3821
1962
2915
4697
4699
3531
2425
1904
2591
2239
1913
1912
857
4684
2418
928
568
3864
3830
742
308
1155
1156
1785
4703
5774
3852
120
1427
3354
891
2071
943
5276
4766
1675
5271
637
5017
2664
5464
1296
378
599
4681
939
3092
4717
4721
2574
4915
3995
3850
4393
5754
627
3251
1768
951
3539
839
5302
2849
4670
3042
1461
2965
5728
4656
1849
5042
2893
858
924
3238
1428
5314
1875
3222
4858
1192
4779
3521
57
1911
964
4929
4652
967
4702
3574
969
5425
2427
3836
2486
2075
2616
4833
5727
3049
3867
4668
4570
3657
935
4808
4486
416
5688
5452
780
1789
2605
1845
1958
4659
3812
4649
4657
4695
4715
4724
3875
4765
4712
4676
4690
4694
1988
5707
3815
3814
1876
4709
1210
2440
878
919
1592
2438
5730
532
4718
2416
2419
2420
1518
737
1497
4786
5713
4148
3508
188
845
3853
5808
3652
4661
1589
1263
2269
4493
954
343
769
4714
3740
5264
1516
2529
1863
5669
2499
2608
2182
2745
2195
4763
99
3441
2700
3025
3126
1653
2394
272
5520
2805
5153
5456
4029
4280
433
2016
2192
1459
5561
5378
882
301
4382
3410
4184
1896
1740
5441
1657
2186
2607
2779
4373
1986
5583
2611
5601
1992
4613
5621
4014
5517
5649
98
2757
2748
4246
43
1780
3224
3234
4791
2485
5639
4674
1457
5602
5576
1708
2590
1978
5620
5528
5589
3434
2225
5574
4701
2708
4711
3393
5581
5593
4716
2751
2445
5568
160
5414
3770
5611
2707
5609
5558
5145
3835
1134
5446
78
5560
5588
5405
3443
113
2749
1498
3817
4640
3816
1615
4713
2099
3059
920
173
1772
2465
3416
1744
4234
5578
2290
5604
2417
1839
2524
5263
2072
1765
5397
5747
2557
819
1827
5461
991
1419
1447
725
1246
4723
4719
5000
1710
348
2223
1950
2063
4727
791
1206
2515
4931
1502
1688
1851
3463
25
843
5381
630
4868
2728
3073
3041
2919
2715
377
2660
1158
4693
4852
1661
4118
3043
4406
743
4479
3641
833
5582
2412
4399
5734
3871
1947
4902
5123
5665
5757
3764
609
1554
2575
5659
4491
2741
826
846
2008
3651
608
34
32
5756
3623
2060
5470
931
3829
2547
4387
334
574
975
2589
5715
4737
5046
109
1808
955
5279
5362
2449
2132
823
625
1966
5120
840
3934
168
1924
2041
3115
4632
613
4726
2530
834
3778
402
440
338
676
5795
4767
2998
4556
2167
5440
2299
2421
1945
1933
2235
4397
607
720
5073
5380
1287
4419
4398
1982
2901
194
441
2610
633
3500
2819
5052
1790
1777
829
2006
3872
723
962
1440
4756
4288
4386
318
4689
2322
3584
3648
2318
5037
1462
3262
960
5804
2604
3662
1757
569
2447
2298
4513
4758
3466
2343
1357
4377
5459
679
5505
2877
5723
2432
1666
3905
3160
3152
3856
1961
5164
4636
4743
726
3141
5389
2017
3873
370
1159
455
5370
3699
2325
183
5270
1902
2402
2569
409
981
3900
2544
2366
2151
2177
2059
2781
3938
958
838
3248
5188
893
5268
3250
3896
2762
2347
2746
2514
302
2163
3170
3677
2169
1274
1207
5157
2342
4918
4389
5732
508
139
3929
3368
4886
286
383
2459
1903
1218
3215
529
2482
2473
398
1601
3728
4142
1679
948
1329
1752
2076
4355
5235
3046
3154
5387
995
863
5084
3445
4631
5504
1020
3417
1932
125
2848
5411
3058
3267
4887
4878
3420
2558
1081
5119
2259
3752
813
166
3979
2367
3811
1588
617
3746
3002
2763
978
973
624
5487
5427
2026
4495
950
5777
1465
5385
5111
4911
4394
5242
4489
961
2009
3865
3549
1322
495
4944
4530
2948
49
1833
1598
4768
3166
1219
3893
1693
3401
3849
5753
3976
4579
3024
2005
3306
4577
4953
615
1301
1243
4099
3039
4426
4321
4229
4452
4586
41
669
4784
922
803
4187
1705
4089
4076
4000
3998
4208
1525
3733
3725
2108
2131
3559
2480
3989
5031
2621
1307
4460
1144
899
5294
3055
1070
3645
2101
3617
2970
4305
1484
4334
5170
4219
2902
2130
3759
3546
3761
5251
4545
3842
3838
2974
4962
1656
3772
605
818
5306
3756
1549
3162
4214
875
3655
5763
5283
3490
4945
395
4600
4910
3769
5347
1284
1535
3656
3659
5762
5769
2392
4646
3869
3866
2491
1578
1275
5257
3089
4326
3971
1536
4435
5331
947
94
2896
1633
3100
835
3334
5809
3911
1488
2973
727
1489
557
275
3672
5081
5183
450
4385
572
347
4140
3765
2911
1597
3339
4035
4034
4789
5245
4788
927
4043
5791
539
4870
3462
5792
2369
719
2573
4396
652
4515
5489
3594
3409
3985
5356
5358
2442
959
5742
952
4536
3844
717
5767
4282
4932
3007
5047
3639
3640
4980
3597
5318
5313
4919
4528
816
3693
5784
2623
1220
3920
2388
4284
5403
957
3731
2351
4778
5319
4971
2900
2282
2112
5323
4908
2065
156
2944
4889
4900
1602
1886
1174
2053
3891
237
340
2556
3454
5739
853
1285
4171
3960
4933
850
4581
1826
3590
2380
5392
1048
1857
5778
5254
5210
5208
2166
464
4899
5404
3766
5320
5413
2278
4213
3878
3897
5326
1540
52
2158
2283
4392
1355
4271
1343
5693
50
327
317
941
1362
4275
4293
4109
1923
5156
3432
2229
3882
1689
1727
178
3915
2293
672
698
3767
5408
1205
3240
3774
808
5796
3602
4269
1251
874
805
5736
3444
1514
4210
689
1062
5716
3532
3874
2022
4890
4268
4019
1076
938
5740
3535
1925
4301
2516
3912
4518
2178
3936
3760
2047
1919
2545
1905
1404
3582
3258
4160
5735
281
3754
2365
4045
820
4443
5475
5768
2371
490
4875
5022
5712
4286
1605
127
2769
2868
3763
3030
3638
5629
114
393
1233
1747
3889
2760
3488
3497
2555
5725
5703
5040
5729
5694
3780
4395
2758
5737
1721
5460
5021
2854
5724
5619
1778
1241
4849
1230
1746
3785
3663
3777
5201
22
4110
60
4894
48
1194
3072
565
3208
4402
2154
4096
3704
47
3622
3338
1272
5041
2767
2327
4658
5260
5135
2387
1084
2372
4087
2360
2350
2378
984
1553
628
5039
1005
621
614
33
2361
3006
887
1323
4335
4863
566
2254
1325
5182
644
5207
1092
3773
2398
2912
827
3011
4538
1180
3523
5185
2827
3440
2847
3136
1609
1215
5099
1085
1071
598
942
3453
3529
5573
2358
4524
5222
3257
5249
2376
3771
3477
175
4300
3083
1887
3713
5555
888
567
956
3537
643
5691
3783
128
4607
618
2982
2842
3460
5689
5204
5205
3137
3220
5230
1168
3723
2077
1894
5592
269
4012
4881
4088
3944
5027
2287
3163
3485
2448
3122
1442
3674
5697
2032
4804
2905
3745
675
2126
1888
449
5211
3323
1240
3928
3305
3475
2933
5714
5178
2334
1751
202
1063
4256
4449
3593
5733
4095
3113
2098
5779
684
688
5161
5469
5710
5255
5708
2310
5195
5701
4062
5206
2336
3712
4039
2377
488
5266
5261
2882
2401
2003
5190
5246
3691
5783
5719
5212
1519
363
5238
5745
5536
5290
1989
3937
3261
3242
2446
1929
4930
172
3229
1161
1120
2266
4759
132
3375
4840
3923
3601
3501
3252
3243
2862
2391
144
3014
5299
4775
123
3654
2385
4055
3130
3241
4905
3751
1147
3063
5702
20
485
4161
4934
5062
5750
3661
2035
670
1521
3954
143
4162
2855
5163
3637
2214
2860
2916
4664
3104
2978
937
5272
3473
5726
3695
2304
4921
3607
1788
3898
5322
985
1687
2937
1523
4430
1897
2863
3235
4836
4807
934
4885
2265
2869
2368
886
3227
2885
5321
5790
4860
4427
487
5282
4390
1384
848
3095
4935
4498
3964
2289
4555
4822
5003
1038
2363
2027
666
5614
5490
5709
5720
4204
1985
5599
2927
4922
310
2858
680
5327
4163
4928
716
2309
3611
1972
3697
186
4108
4821
3225
1431
5687
3254
4897
5721
683
5717
4574
4762
3886
1222
1943
4496
2307
733
3205
4895
1372
3681
486
3650
4157
5275
5758
1983
4405
4400
4440
1012
366
3265
2339
3696
2955
2275
4193
4037
5160
749
3700
5557
736
3857
1515
3571
5372
4102
5662
5648
2054
678
1229
724
3082
1720
1970
5700
4030
3757
5102
4896
4124
117
4901
418
759
5339
3649
2957
3176
1416
3854
3858
2228
1279
4957
5787
5134
2977
5612
5184
3111
734
2247
5274
5273
5269
5234
3632
2724
2097
1179
346
1203
4824
2773
3495
2221
4054
4587
415
2451
5288
3499
3892
5267
5167
3237
5623
5259
992
380
2981
4806
3810
4331
550
4020
3887
4816
3097
4494
4072
1524
3921
5193
4809
5180
2096
2474
2774
5252
5127
3112
5131
2374
4874
3324
337
4819
5217
2324
326
2861
4195
4235
634
4363
2319
5171
5345
4211
1750
1423
3153
3729
3328
620
4654
4597
1007
4783
2002
4450
915
3990
1185
4106
5168
4477
3902
682
4520
4533
3175
4825
5746
2362
1066
5169
3159
1483
5124
5179
5172
2341
5196
2354
2784
4867
5223
5158
3581
2963
4842
3708
2056
2383
4968
3605
4596
3216
2364
3890
405
5731
4458
2308
2344
5228
5133
2025
2010
602
1178
2250
5556
5229
5743
5771
4302
3174
5001
5103
2513
2062
2844
3150
3300
1517
5089
4139
4031
2264
2843
2874
4446
2011
2984
5216
5231
5240
2044
5338
5140
5197
4774
2253
122
5243
3791
5055
2355
4884
3090
5722
4834
2359
5603
5093
3899
3588
2312
4540
5773
5253
3108
4909
4781
2070
4070
5221
2147
4573
3045
870
3666
4904
4914
1795
3577
5738
5482
2975
5214
576
5130
4761
691
4898
4071
5236
5239
3050
5225
5237
5247
3942
5162
4757
5248
2983
4871
5256
4107
5224
5215
2845
3057
5082
4812
5132
4954
5198
5174
4832
5289
4799
2878
5419
4999
2226
2851
2294
2029
2995
3919
4007
5114
2999
3665
3221
5258
108
3755
3156
2140
3721
5226
4782
5454
5498
4818
1253
5087
3438
4063
1176
5564
5191
5241
4828
5218
5141
5128
5126
4993
5186
3047
5330
5129
3943
5233
5143
5244
5284
4956
4749
4955
5265
4912
5202
4805
5116
4754
5094
5806
5788
5334
5325
3965
856
2875
4752
4855
4233
3945
4068
2993
4907
4117
2436
4257
5085
5672
3038
314
5014
3635
3680
912
5044
5395
5300
2938
2941
3301
5227
3037
5176
5281
4873
5136
5793
5232
5285
3951
5159
4008
4958
4823
5029
5173
5189
4797
5071
4997
4303
4847
4006
5144
5010
4924
4760
4850
5670
4223
4605
5766
3922
4001
4145
1944
3925
4277
3147
4270
5121
3132
1328
5644
4028
4362
2871
903
4274
4265
946
420
216
135
3304
4150
1936
2744
4976
4215
3212
2887
5154
2846
4263
3939
3926
4872
4285
3069
5016
5096
5485
5786
4156
1297
5106
3435
3616
3048
5501
5065
4984
5054
3932
3129
5095
270
4610
5203
2074
4988
3957
5608
3628
2390
5348
1067
4217
2353
2853
5650
4077
4330
1971
4225
4295
3634
92
3795
1940
2068
1975
2379
4916
4325
4294
4218
5527
3933
3103
4228
4247
3151
5453
5006
2389
4232
5059
5341
4243
5342
1273
5794
5213
5597
3295
5015
5050
4261
4826
3784
4841
4094
5466
3084
4755
3698
2870
4136
5008
2960
5764
2891
4314
3980
5797
3086
3070
2058
3035
1906
4264
1889
4146
4134
4987
4603
4258
4764
3245
3707
2883
2961
4798
5333
5351
5364
5800
4866
4216
5078
4963
5118
4973
3177
5748
4942
4322
4205
4281
5075
4206
5772
4969
4299
5033
5366
5105
4996
4851
4307
5585
4252
4059
3716
5110
5068
3206
5139
3946
5781
5036
4130
3180
5488
4122
4242
851
4309
4051
5060
5056
2881
5400
5415
4972
5155
3027
3625
3031
2996
4982
5194
4986
4848
4864
5789
5152
4308
5007
4292
5088
5109
4983
5199
5024
5760
5353
5137
5177
4854
3947
4991
4925
5100
4990
4927
5122
4069
5028
5147
5064
5077
5187
4943
4947
3056
5113
4998
36
3988
5066
5012
4209
3966
5149
5026
3963
4238
4952
4865
5013
4785
3924
37
5280
4318
5097
4966
5098
5025
5090
5049
4992
5107
4967
5080
5063
5086
5079
5032
5115
5067
5051
5002
5035
3981
5018
4950
5117
5045
5371
5030
4940
5074
5108
2985
4240
5019
5219
4207
5023
4951
3948
5250
4941
5166
3997
4939
4913
3949
5146
5200
2990
3826
5369
5367
5150
2013
5765
3010
5209
3972
4231
5138
3978
5770
5151
3983
4073
5744
4169
3916
3040
4159
4278
4298
4153
3950
5277
4137
4170
4114
3782
5286
2014
4838
3968
4017
3910
5328
4147
3749
4291
3999
4018
4313
3913
5755
2400
4003
4175
97
3961
4279
3918
4125
3908
4074
3144
2897
3181
3958
4793
3953
5458
4296
3940
2276
5761
3621
3718
3970
3032
3762
3917
4009
3955
3952
4312
3053
5293
4176
4746
5798
4132
4010
4975
4857
4338
1098
3211
27
2403
1139
3682
4141
3883
3018
3647
3706
3689
4353
4846
4036
4065
4084
4126
3863
4127
2890
4959
2884
3879
4174
3710
3860
3973
3139
3705
3555
3344
4200
4138
3128
4345
3684
4665
3959
3894
3884
4041
3956
4172
3885
5799
5287
4960
4180
2972
4123
3741
4352
3585
4401
4317
4186
4177
4311
3753
3895
4329
3470
3471
3676
4131
3615
4862
3626
4015
3620
4049
4409
3098
5511
3140
4025
4167
4667
3825
4044
4168
4178
4026
1398
4061
2936
2407
2967
3624
3157
3747
4337
4183
121
3207
3808
4027
1026
3117
4979
3096
4078
5420
4091
3692
4316
4105
4033
3528
4436
4047
3173
3730
3901
4304
4328
4129
3823
4323
3646
4119
4248
4259
3748
4349
5295
3525
5494
3719
4381
3739
3781
4501
4103
3907
5349
5616
3474
4239
336
3930
5479
4048
4601
5805
3472
3797
4588
4388
3608
271
3093
2422
3106
4340
830
3091
2956
5465
4053
3517
3518
4060
3714
3720
4348
3931
3669
3962
3737
3711
3675
4366
3722
3685
4058
4086
4336
5503
3726
4056
4042
5337
4199
4310
3060
3101
3167
5491
3690
3734
4497
3732
3061
4794
3679
3541
3005
5298
3702
3667
3178
3119
3993
5584
3727
3498
3315
3633
341
1140
3314
4190
3064
4224
5297
4093
3619
3631
3618
4364
4365
4260
3703
4367
4341
4104
3738
4082
4287
4289
4297
4115
4324
4085
3213
4276
3715
3233
3000
4032
4351
3161
3991
4244
4319
3742
5484
3526
2968
4344
4403
4525
4327
4100
3724
3494
3974
5519
4408
3843
4005
4188
345
4011
3496
4552
4135
3664
3182
3373
4831
3187
3226
3992
4339
4544
2964
4081
4346
3179
4040
2969
5656
3986
3218
4079
4080
3801
3841
4424
4843
4853
5667
4050
4519
3021
3595
4165
3522
5661
276
4038
4098
3502
3793
4482
4562
3803
4559
4455
3482
4404
4370
2962
4371
4475
3504
14
266
3087
4437
3505
303
319
3600
141
3244
5638
3513
3580
134
376
4182
3107
4537
4509
3790
3569
4651
3613
4420
3837
3019
3391
4441
3996
4414
3476
4492
3596
3839
4554
4549
4655
305
4521
3807
4550
3799
4410
5472
3424
328
354
3452
3804
5525
3789
5291
4565
5495
181
3906
5523
322
1177
3318
4583
200
3796
3327
1146
3527
2932
1324
5552
3792
2620
4194
3794
3512
3824
4433
3533
4502
4412
4417
3506
3009
4192
3446
4429
5632
4418
5529
4961
3331
5571
4442
1172
4546
4376
5565
5386
4535
4614
4151
3566
3491
5590
3603
4563
4024
359
3190
1165
4201
165
3127
4179
5317
174
352
137
4407
4974
3479
1105
4626
3028
4504
2734
251
4517
3614
5515
5421
3544
4416
3563
3552
3351
3503
3800
4448
4384
4575
3545
4439
4462
3553
3589
3561
4507
3507
4438
4421
3418
5435
3551
4547
4144
4113
3169
5580
4203
5617
3219
3033
201
3478
5677
3442
4444
3493
3326
5654
3299
4453
4672
4463
462
3433
5641
3333
4456
3185
5444
3356
3492
3349
5615
4158
3370
329
4434
4155
4473
3586
5674
3832
4202
4560
3579
4594
4476
4431
5673
4464
3489
5412
5607
4447
5655
4467
3347
3548
5628
372
3383
4470
4526
3515
4516
4480
5680
4561
3483
5683
355
5668
3332
4198
5410
4472
4457
540
4372
4648
4557
5606
3353
4459
5643
3609
4461
3604
5422
3102
5508
1086
4116
4566
4465
4454
3556
4468
4466
4469
4471
3484
4590
4582
3592
3486
3364
3487
3352
3587
3365
3319
3798
5651
4589
3381
3606
3598
3330
5434
4500
3558
3591
4621
3536
3481
3480
3599
5497
5409
5652
4558
5685
5396
4369
3382
3394
3833
3348
3575
4503
1758
4488
4368
5577
2596
3367
5635
3317
3311
3426
4580
3411
4611
4618
3371
3379
3376
4510
3361
3378
3388
5684
4620
4615
3392
3404
5613
3403
3186
3402
5624
3320
5618
3395
3360
3362
3384
4487
3389
3355
3346
4663
362
5462
3399
140
3329
3805
5510
5647
5474
2958
3026
5642
3909
4548
4687
3469
3400
3567
5645
3390
3359
4505
3806
3321
142
5625
3191
3350
3363
3572
3380
3439
3385
5361
3397
4499
4576
4650
4595
3133
3414
4678
4508
285
5622
4609
3223
3809
3450
3374
5631
5553
3413
4602
3171
5433
5640
69
5587
4625
5596
325
176
3465
5572
3202
353
3298
3449
401
5626
136
288
3076
3451
208
369
277
333
5551
307
5535
3456
3313
4624
3148
3975
3145
3341
3419
3345
4692
5530
5570
3459
3165
5600
313
184
5376
5512
396
5559
5562
21
3074
3239
4686
3457
5423
3247
3209
5355
5579
335
5533
3077
3308
1164
5492
5531
5373
373
3114
1011
3408
3407
3118
4023
5436
407
4541
3183
2629
332
556
3296
386
735
5549
408
5518
5526
304
5443
3468
5567
4662
5538
5542
3292
3116
3078
3291
897
3120
2411
3289
387
3123
3121
147
3436
3094
5481
2410
3125
3131
4623
295
2766
3246
242
3281
3310
1831
2691
312
5513
1522
5566
287
4021
1173
1781
2704
330
24
3282
5499
235
2886
977
2406
926
1
2865
381
157
323
911
3184
2850
5463
342
5500
3274
5521
3271
3293
3110
375
907
3255
5449
212
195
389
1171
923
371
214
207
3272
1170
3099
5476
199
1166
3088
5428
545
3275
3279
2619
205
159
5429
196
5534
3259
5493
1175
849
4013
1003
885
2894
908
1138
89
877
828
1037
379
2633
388
2568
1163
3138
19
3135
5468
3268
3280
3269
3284
367
324
3192
311
65
293
3278
3273
3294
3276
3199
185
283
5477
374
5377
3285
2661
3270
206
193
243
0
236
385
5483
2667
361
2649
74
2599
1154
215
3312
5480
5457
1150
2563
2548
5445
291
5417
228
1169
210
1032
2924
3075
2892
204
360
390
2602
3067
368
3283
15
3287
5506
2622
397
68
5442
284
2609
170
167
2581
3302
111
63
5540
5368
2873
3022
3286
2986
292
404
5591
155
2600
88
2598
2582
153
5539
316
12
3109
39
2876
5543
2592
1149
1153
496
224
1141
836
2889
1030
4022
463
83
3387
244
873
133
218
2587
400
289
2639
2588
203
2864
475
2670
1157
837
182
2567
986
641
2880
294
219
1106
238
2656
1651
2739
1655
177
1673
718
1647
158
971
1513
1014
1061
2384
1143
192
2904
2959
230
1133
26
5375
1691
309
1035
2666
1305
2814
4682
1015
868
1167
729
2723
306
2772
2632
1031
248
2856
2535
1145
2673
1122
2898
247
229
5569
232
315
2641
5548
5382
1119
1036
517
154
217
1152
279
2738
164
254
2755
2759
2554
2688
822
1083
2722
2659
2433
5509
898
2736
95
2409
2333
2640
970
2675
1672
198
2665
944
2502
171
2872
2765
29
2212
2408
5554
889
2662
2642
5450
119
2712
988
2579
2631
110
2750
2562
2375
126
2627
1100
131
2644
4673
2638
130
151
2651
929
2737
112
2711
105
2370
2635
241
403
2405
320
979
2677
280
832
2636
106
2716
2821
1162
1697
2625
2931
1019
1078
2699
1486
1072
1102
1550
2895
467
968
1148
5541
824
2423
2646
2496
2663
129
2626
2615
2747
2634
2505
1033
40
2497
2721
3
2572
13
940
2697
5365
1034
1968
28
1742
61
1136
2690
2571
87
1123
581
2682
1695
2888
2614
844
1160
2676
1406
2689
1703
1082
1530
1386
910
2243
2914
1743
2790
1320
3197
1586
1132
2511
1260
921
1594
1722
2705
2498
1686
2647
2771
2679
869
2685
999
872
2671
1503
841
2669
2648
2775
101
965
2617
2654
2653
831
150
2717
2606
2335
1363
2404
1058
864
1596
478
1501
3994
1023
917
1080
890
1709
2382
2719
1585
2090
1748
1942
2788
1920
1541
996
1527
548
448
2241
1016
1142
1087
982
1558
2684
1103
1698
104
2487
993
2578
1926
2668
2906
1587
1000
321
916
2815
1107
553
2756
465
2531
2256
862
2553
2780
559
451
663
1712
1823
296
1941
2808
1725
1719
2561
2164
1065
983
815
2566
2714
399
489
2950
1713
933
1247
2268
2346
775
1885
1269
2813
1561
1694
1997
980
4
1707
1619
2681
932
2694
2510
989
1002
1787
785
1021
606
438
2565
2811
1616
1699
2752
2537
2520
2761
760
1745
1618
883
865
997
1642
1685
695
2603
1029
473
1627
1239
2770
2922
1224
1715
867
44
406
1882
2471
1783
1039
2783
1327
1528
2796
2577
1662
1824
543
520
103
1612
1054
1816
2526
2539
2509
2538
1022
1614
2550
2519
2720
1638
2583
1815
2585
866
990
435
1776
2593
2709
884
1658
1621
2725
1610
1792
1753
1620
2787
2693
2584
3204
2004
1702
2701
2527
1613
1779
1010
2695
1683
1191
2703
1053
1569
2570
1782
2793
2822
1568
2552
1701
1630
1682
1128
1817
1775
547
2533
1800
2732
2718
1749
1806
2730
2512
1807
2521
1794
6
2743
2522
2726
1626
1641
880
1006
1001
2777
2816
2754
998
2785
1654
1704
1639
2802
2824
994
2731
2778
2794
1729
2818
2753
1684
1726
1611
1649
1607
2742
1714
1632
1606
2789
1700
2233
527
1664
1266
1640
100
1258
1204
1634
1737
1731
1692
881
1674
1623
1622
1696
2768
1735
484
1728
1690
1669
421
425
107
2835
1346
2030
1636
1995
102
2823
427
2810
2879
519
2797
1073
466
442
526
2468
1681
623
413
2093
502
1510
1097
555
1438
1977
1379
1056
2049
426
1511
1369
1060
1631
2799
1608
1643
1118
1125
2219
1512
1730
1949
2127
1987
1922
1660
1644
1433
1998
1881
1356
1111
501
498
521
1967
522
2836
9
2837
523
2834
1420
424
414
511
1124
525
544
2024
2051
1212
1496
524
651
715
2806
2
2795
681
1074
1414
1600
2198
1884
810
1424
444
1439
1270
2277
1024
2838
1667
2091
2018
2220
2248
500
472
477
538
432
1736
474
497
2007
1741
2830
509
518
516
528
533
499
1232
503
431
531
468
1895
2267
429
1289
1104
536
1500
728
1109
2092
2153
925
1099
2484
714
774
430
1209
1505
1390
494
1389
512
1394
513
1593
1434
1280
1112
825
1262
1188
2048
2045
2036
2050
1223
730
428
505
1057
1126
1264
1115
1321
1276
1113
1089
1208
1110
1079
1055
2000
2043
804
2261
1479
2791
1261
1129
2242
2825
1520
457
2260
2469
1892
1388
458
1411
492
454
577
2110
768
2109
2464
660
1595
507
2295
1380
1094
1443
1562
1891
706
2921
2252
2111
2230
783
2244
817
1345
1186
1095
722
1249
506
480
1590
1382
412
423
491
476
2222
439
900
2829
2100
1458
1235
1580
2064
1202
693
2352
1373
686
1991
1560
790
2194
1268
1344
578
1571
1271
616
1584
639
1937
580
1027
1281
1478
2812
1292
2039
2172
645
2945
597
411
2089
1555
1267
685
789
2472
1190
1211
801
1415
1187
1564
446
2185
657
419
1591
653
1256
1572
1563
2057
2211
1935
1437
1341
1948
1969
1250
1101
579
1581
1485
1028
1582
1916
1567
2828
2042
1278
1559
1422
1646
1114
673
852
1557
1108
796
740
2189
1921
1552
1927
781
777
901
1883
909
1121
2055
437
1570
654
1576
1538
1579
1575
664
1565
1556
1566
1574
1539
632
1537
1577
662
1551
786
2139
646
583
445
2190
1573
2046
797
582
611
1504
1068
1546
2930
668
648
640
770
2940
802
2213
667
794
592
755
658
2216
788
2284
806
1464
601
2122
1298
591
2237
2908
612
603
659
1481
792
584
1526
586
665
622
561
635
564
2240
593
563
459
560
447
2951
1547
1529
590
562
2200
1482
2209
2210
2061
661
2206
1436
1236
814
2255
587
1244
2234
1304
2094
2257
1361
2238
2249
692
629
2069
422
1463
2913
721
1418
705
1979
1963
1338
1093
1288
1399
1339
2952
1441
1391
1316
1309
2095
1532
619
1308
1254
1257
2867
2227
1446
2934
787
1312
798
2943
1317
2236
1293
5
1315
2115
1302
1450
1221
570
1429
1255
2920
779
600
1228
2199
773
1290
754
1928
1299
793
1408
1507
1412
1300
1291
1340
1201
1214
1413
710
1435
1392
1453
703
1400
1426
1492
571
1407
1234
589
1217
758
753
1455
1213
767
1452
738
1397
1477
776
1475
750
1491
747
764
1456
1200
1197
711
588
772
761
1396
1195
1454
1401
771
696
745
1467
1470
756
1358
746
782
766
1237
1460
1472
1476
697
1980
1052
1474
1064
1964
800
1184
1051
2903
799
77
2191
2926
2357
2330
2356
1044
1368
2102
2320
2314
2338
1387
2119
2137
2144
1350
902
2202
2114
2117
2175
2291
2306
2263
2231
2161
2280
2174
2149
2296
2125
2245
2207
2326
1952
2201
2133
2181
2939
2173
2183
2297
1957
1069
1330
2337
85
1333
2305
1367
2084
2103
2208
1049
1352
2316
2146
2134
2124
2292
2272
1366
2328
2270
2349
2083
1336
2105
2106
2179
2171
1353
1351
2203
1046
2300
2157
2078
2120
2160
2187
2345
2193
2152
2113
2332
2317
2301
1045
2302
2262
2281
2087
2303
2288
2085
2162
2188
2321
1335
2184
2331
2196
2285
2348
2138
2313
2136
2165
2143
2286
2279
2170
2086
1332
2315
2329
2155
2271
2082
2197
