72
300
79
291
81
281
295
288
88
60
274
273
17
276
73
275
298
5611
66
287
77
292
3368
3202
69
3361
92
285
18
269
252
259
304
305
2630
86
5615
102
261
306
301
59
5613
3230
4468
3181
3391
334
3668
3505
1279
5412
180
2631
2627
2635
4167
1203
4
3080
3076
5308
1274
1192
1452
1154
1151
5147
1150
5603
1200
1186
5164
1326
2206
308
5316
1447
2624
1671
4119
713
619
3236
3666
4330
1193
2910
5149
5457
4304
1280
5163
552
1462
556
2248
2412
3215
253
1442
5618
5608
4278
4264
1730
1333
4317
4811
3492
46
3770
5205
4279
2895
4411
1763
4505
1776
1459
718
2996
3769
3225
3252
3345
5847
4580
1746
6072
620
5297
1363
667
3652
181
5327
5795
5797
5672
470
120
1380
2836
45
3656
4381
3008
5471
4805
3680
4323
1716
2644
47
1209
3775
3224
3251
702
896
303
569
4741
5458
1439
1690
282
2348
4118
5963
336
1691
4263
4431
2973
5964
1298
4088
4282
6084
701
3821
4433
2278
6071
5148
3662
4378
5218
471
868
4169
5176
2480
582
4259
3208
2835
2786
626
4511
2198
3151
1379
3012
2185
1705
611
4652
4276
2787
517
3732
3657
1670
2829
3237
4340
1396
2972
4170
4155
4115
5180
4535
3210
1720
530
1386
3923
1489
2548
2229
884
1496
2188
4164
4133
1290
570
6082
5197
5291
3152
3393
421
422
6093
3487
5946
333
2386
1264
1484
1187
562
2953
5617
4116
119
5314
770
5827
5220
4455
3532
4658
111
1275
4462
4735
2441
1482
4367
862
4479
1207
2494
4160
5873
3599
1721
4130
16
727
116
1188
4122
5141
4132
1360
861
2170
860
3898
2825
5910
4153
850
5658
1876
5704
1232
1945
4888
1950
1031
26
3315
3358
5069
5732
2110
1947
5639
1956
4885
2052
5713
1879
875
307
2674
889
4029
1892
4894
871
3986
5657
2640
2639
3420
4889
4895
6021
951
4884
1048
1083
1049
4832
1953
2083
2072
4017
4859
4858
1904
5747
6077
5560
2559
1944
5581
3211
390
1874
1225
5609
1312
742
873
4578
1491
3226
5761
511
2822
4579
668
1319
5116
1637
5921
1734
1757
3681
1373
4669
5207
4464
1719
4225
971
2194
3502
4293
1620
5941
2270
1514
890
3281
2736
5418
2842
4986
179
1781
2956
3809
1782
490
2005
4739
5235
4452
3728
5227
4748
4353
3000
1599
1540
481
3216
1536
3397
2685
4866
3990
1901
3988
5978
5702
5650
5703
2696
4847
870
5737
578
1894
612
4054
5664
4892
4887
4904
5166
2371
4064
234
5738
5519
5518
1704
5649
1702
2009
6070
2686
3034
34
960
2791
6002
1983
4860
4902
2010
997
1025
888
1970
5648
2149
5324
5071
4757
195
5559
2106
3460
3136
3233
1981
2606
5987
2681
4874
2374
5653
5670
4915
4920
212
4949
5889
4878
4953
5483
1958
5087
118
2104
3130
5711
4027
2670
1858
2658
51
2750
588
3783
2031
2321
2692
5059
1875
6068
5616
5620
2582
4033
2398
1909
2612
5723
3047
627
3942
961
4861
5043
3735
2095
4069
2050
3363
3360
4935
3191
682
3913
6003
2116
1917
1913
4174
1908
4434
3386
424
4456
5607
903
1136
3607
776
5000
3682
1432
1176
2894
14
4565
3893
4179
489
100
2570
1845
527
2437
3590
1175
4087
5203
2512
2122
4543
4386
496
3761
2479
2859
1226
4459
4583
5773
3348
1205
5346
1352
3591
4477
4398
4581
1174
1711
2130
4070
2618
5304
3154
19
3900
3991
5512
1867
7
5342
999
20
4021
4024
3944
126
74
2810
1912
3059
4856
3128
5181
3024
1273
1914
3881
3364
5114
1014
2580
5572
5090
1052
2003
5061
1586
3144
3636
311
5373
2655
4834
3410
3143
2113
6092
402
5523
4829
6076
61
3049
2816
2228
1578
3959
4026
3186
5994
5980
3112
5911
3037
62
5524
2820
89
122
2105
5838
959
5085
1838
3998
4744
5750
4018
5596
1728
473
5032
3976
375
2053
387
3550
417
2082
5067
5155
2738
2638
5585
1923
2537
124
4997
4100
3043
380
250
1345
5541
5461
5077
3229
5545
12
3306
4937
242
310
2127
1994
1008
2025
1105
1974
594
2143
228
167
1092
5555
3073
2679
1918
1834
2678
1925
1896
991
4853
3031
2482
3448
5874
4924
3957
2597
4016
2134
2530
5028
381
3749
4824
1750
435
5068
989
3079
833
3850
3240
3245
5530
5995
5574
1036
5569
3905
1888
4186
2048
1887
1590
3025
1990
113
3883
2716
872
885
475
3831
5320
1855
5557
5588
2723
5673
3745
1137
4929
1596
4103
5798
3209
851
2354
2569
5627
4223
3914
2649
4110
4751
4395
5625
265
736
31
3395
2269
2319
1626
2938
2554
4258
2857
4474
4467
4763
4255
3214
4700
4241
4257
115
2643
5208
4615
388
4299
720
1754
5296
200
4404
2896
2208
1284
4830
5436
3909
1608
1490
1740
869
1213
1481
5115
2564
1088
2566
2563
149
3243
3322
2041
841
2293
2846
5533
4907
2314
5110
3902
2062
1866
2102
2585
1524
2305
3255
3273
1037
1598
709
1881
1898
3205
3070
5564
990
3277
5329
3184
1584
1029
2142
2051
5570
1891
2540
2016
231
173
2096
2868
1448
1141
130
2222
6075
504
1862
5026
690
698
3329
5517
1895
1878
1882
4244
3299
1859
2150
1897
1864
1024
1093
1837
2081
1889
2147
1853
2132
2590
1007
42
3178
993
1919
5128
1087
3295
3521
2604
2600
1939
2341
145
192
2013
1977
189
3734
5042
117
1903
5674
5034
3278
4961
1921
710
5109
2730
4327
1699
2550
2097
1860
1253
474
2665
1935
5075
2703
52
1856
1861
2690
1073
1047
5480
5731
2799
4022
5295
3279
3546
64
3174
3370
4233
3941
5728
979
772
5590
479
2056
3145
3067
2068
2061
5580
3314
1846
3637
1531
4084
93
49
5336
4388
2004
6039
4801
974
4006
3740
2593
2588
3307
3949
3950
5015
3320
3911
5575
0
1239
3758
3303
653
5645
5832
5455
4013
5284
2729
95
2573
3948
27
5491
1521
1526
4109
4419
2767
2912
3984
3983
3982
4865
4963
4964
448
2830
4833
98
5686
3270
3356
5656
801
1577
4726
5484
4002
4960
1064
3357
1134
1244
1271
3046
832
5817
5955
1065
941
1102
2073
1664
4319
232
906
3312
24
3275
607
3912
5714
2273
176
1602
1006
3192
1066
4595
3834
1079
1520
2253
2295
5508
1873
4028
6063
2394
3050
5182
5726
5066
697
3014
5666
1574
1565
4875
4873
5720
5727
3989
4864
3645
2235
157
5494
2505
4882
1675
3879
1827
2047
1766
1003
3977
3323
1133
4368
476
789
1872
2369
3042
2776
3051
2058
3997
644
2093
21
2380
3078
4050
244
3005
129
4365
2172
4562
712
1400
3582
2513
3097
1745
3583
1153
128
657
1317
4265
4577
2769
1367
5382
5240
4453
3006
2284
2733
6067
4566
1163
4461
4466
4648
1797
3609
5368
4443
2349
5435
2256
2238
4528
4405
1415
3400
2502
1453
2407
735
1206
2184
4590
5008
3851
5897
5449
733
2282
5448
1242
1144
2112
1146
3063
4320
520
3805
4339
3691
3422
4868
5029
2107
2000
107
3044
1429
2307
497
2377
3720
652
5156
5558
33
1323
3409
97
5579
2089
3613
3621
2099
766
4058
2026
5680
5058
4025
3958
2443
50
5468
2272
2252
3335
156
370
416
3849
3547
4616
2292
2141
478
3119
283
2088
1993
5473
2135
1999
3171
2615
4627
2335
2562
2317
4938
4324
2515
3023
6064
485
137
719
2556
241
151
391
1695
3812
3614
2181
1143
5113
581
5201
1033
696
5534
1863
2531
3655
4437
4037
3417
1848
6065
5243
4376
1960
82
5506
1431
2298
5529
3026
2619
5229
2869
2574
4689
1566
5462
4046
3062
2331
5576
4575
992
3719
2219
568
4438
366
185
447
3952
988
155
425
3513
4977
3189
4113
4008
1957
5063
2118
363
3146
4943
258
4985
3157
1772
2545
3922
762
2220
5492
955
2121
2771
2114
4413
658
1564
2758
1940
1307
897
2527
4909
4911
5481
2087
1436
133
2312
4302
1572
3476
2770
2212
5065
144
5501
271
3147
5048
1002
5020
5359
1437
2823
233
2021
255
1249
571
221
3440
5456
2289
1674
1256
5283
5647
1403
3248
6047
1831
3572
2123
5469
5740
3436
3699
1272
294
3649
1559
6087
4683
2225
2517
2711
3343
5685
942
5460
4655
4621
1419
3429
4936
3837
3617
3615
38
463
1709
1765
4826
3565
4067
4681
227
3741
342
5039
352
2211
5038
6074
5757
202
4831
3569
3424
603
196
1071
351
3139
5044
3777
3700
2749
4325
1692
2594
498
4602
3738
2399
219
4501
3560
5212
5248
2879
341
5365
209
3239
2837
3763
2260
2500
4036
4808
1135
5106
5846
5830
6015
2126
3480
4840
5755
1043
5898
396
43
1582
3408
5977
229
4040
5036
3736
5263
4862
2704
389
2728
5037
2717
5768
1044
4970
3573
3038
2237
3587
4298
5556
1710
4525
5507
2473
2542
2204
13
3090
4680
1573
3918
3835
1954
5064
1086
3416
5905
2673
6026
2575
4508
2332
2345
3925
6019
1723
4586
4876
5532
2592
2587
6051
2553
3354
3633
1576
3010
3561
1241
954
4969
5688
5415
1098
5006
5587
3725
5045
239
4701
1045
2322
4968
3276
5767
1170
4910
4844
3832
1934
2487
633
410
5493
4893
22
1296
2275
1000
956
5511
3506
3535
2180
4156
5766
3439
4650
3937
4042
5055
3041
2544
2049
3068
2189
2508
2247
264
5111
1361
1667
2203
452
5948
2558
3616
5525
4736
3234
65
32
3600
3778
2762
3610
3709
505
910
4519
2886
1806
3463
5306
438
3689
184
2885
2833
3710
2621
4205
1535
2975
4450
1792
2935
3367
3697
4798
3446
4397
1199
58
1789
3375
4204
5317
4542
1601
540
5920
2932
1167
5778
1788
136
4294
76
3339
335
5224
158
2163
2847
4217
2983
1479
4168
5239
2567
1270
249
3467
4015
3411
586
3746
5287
4206
2918
4366
4358
2780
222
4415
4416
3256
382
1762
4359
5330
5878
1676
5748
4355
3526
1759
2589
1034
3684
267
240
506
3127
5514
1736
1816
206
1080
220
5016
1847
3641
4247
1839
190
2023
2014
2006
2555
2578
4360
367
296
3183
5684
5679
35
3450
4362
2572
1756
3631
5536
362
3514
223
3628
127
3542
5743
1852
2754
3776
4399
2877
5062
2541
874
1234
1955
553
5074
792
1744
2035
2078
5084
272
3365
798
2740
1739
2565
3016
2683
3611
2328
1989
2924
2802
2755
1800
3346
5724
3396
5159
5437
2120
1069
1814
1840
4696
75
4207
3567
3066
2751
1062
302
1747
2834
2798
5753
5678
2327
483
266
2785
3499
2675
3415
2549
289
1988
3538
1499
5719
2154
617
2586
4585
4723
1666
432
3589
1708
2705
3169
3956
4799
83
3089
882
5716
4526
4363
3052
3623
818
3437
1072
2722
2539
614
2344
4644
3618
4192
5643
965
2864
4645
141
1240
6083
3353
2634
40
2523
1081
2498
2418
5690
2551
2904
3604
5682
39
3742
1265
1076
201
243
2763
966
1824
146
1089
4617
3642
1172
5984
3344
1059
2710
2709
4101
831
1366
3325
3336
4507
4971
315
5950
5949
1055
3760
2346
4708
528
1050
1832
2045
1420
4764
3249
2584
1571
3035
853
1090
4750
5103
2913
2236
734
5706
1091
2356
293
1421
2663
2461
3643
2265
4591
2347
2495
637
2792
2526
3319
5668
2669
2139
2355
2712
455
1095
3170
5265
4852
1817
2323
4486
3022
3296
3801
2092
210
2302
820
1294
2133
2202
9
2153
5123
819
3828
4227
2381
1110
606
1374
5539
4181
3069
3946
2516
467
2294
4048
4228
5700
4249
2209
2343
2129
2144
3800
2309
5540
1659
2506
1035
2117
2794
2370
2074
132
2361
2151
2155
2192
2326
5744
6069
2038
4043
2304
2688
1868
4290
5698
2753
3654
3660
2111
4238
2337
4163
2532
2007
5693
2318
4812
4843
2483
2782
5053
752
2156
5697
2809
5490
2660
4730
226
5544
2138
4728
3350
1046
564
687
5486
2744
2152
3646
1039
2395
2520
2286
2359
2136
5636
3055
3452
3283
2752
2775
4967
404
1067
2720
4954
2315
2362
1040
2622
2657
2196
5504
4439
2662
2925
327
2538
2376
2119
23
3784
2465
3359
4703
5902
29
2501
3280
1457
3056
3095
4209
2365
321
2291
5499
587
2793
5325
1335
5710
1530
3500
6023
1116
2379
2735
465
978
2676
1976
2353
2178
1449
5535
1109
2281
3311
3294
2080
3544
37
531
278
5516
1077
1418
3443
5548
2378
4005
2521
5531
170
2664
2571
1084
2568
3698
1961
1404
2889
5372
5629
171
277
4758
5051
5427
350
2528
2077
2367
1474
4793
1430
2342
3190
1715
1761
1523
1009
3464
5803
4989
28
238
2140
1251
2032
257
248
5371
4651
5515
1259
1393
5825
1973
5002
251
4102
169
4610
2510
1096
1445
5444
2205
103
1021
5294
4518
5139
2511
2285
5012
3651
1558
254
2518
5046
4307
4930
3291
172
4955
679
5790
3167
555
2478
4114
359
194
1804
1802
5722
3971
500
2316
2747
1986
218
2781
2721
237
593
5252
211
4939
99
431
1235
413
405
168
199
110
1731
3267
2485
4839
2684
5976
2695
2197
125
1444
1992
2428
5721
1245
1216
4972
2366
225
2037
2175
5831
5689
3150
2453
5699
1438
3134
3752
5781
5787
3347
5708
2413
1407
2546
3534
2906
2360
3254
5443
3756
5909
2583
3624
5160
5438
5736
1138
3266
3332
1139
5782
5777
430
188
245
3330
4851
5669
2595
5776
4408
1012
2481
2468
3757
2901
2250
1075
5079
2591
883
101
114
4393
3263
3340
2796
1074
4065
2547
4661
5007
2800
1662
3650
2308
3040
2497
3882
689
4980
1480
542
1277
629
3132
638
4200
1334
1011
5705
3632
5875
1713
2179
3204
2797
1190
1987
54
901
894
436
3584
205
204
821
1041
3730
4396
2457
982
10
1984
3640
134
3198
1017
3102
2191
2075
2230
3516
1010
5901
881
5942
191
1094
2616
1458
3716
1972
3302
630
2469
3673
3862
3678
4625
3287
739
5810
2839
2605
2254
3149
5273
5956
5107
3101
2024
4743
1311
1854
1019
3338
3091
900
1013
1967
2071
1016
1468
1422
3088
693
2001
2702
1460
1467
1111
641
1001
3308
3915
3910
5100
109
5786
2552
905
2276
3337
3297
4383
1461
2607
2713
3427
5824
677
4692
3342
2177
1791
4767
816
510
2271
4597
1082
4242
90
2905
322
1485
980
4183
4312
675
2223
2484
1585
397
1015
4243
3324
1779
2917
4232
726
4196
4236
1505
4387
2741
2946
2372
2659
354
2757
3036
4716
3286
2756
2832
2034
2732
5278
5805
688
3235
2845
5943
4041
2654
4314
4112
4172
2471
5844
3064
5780
1456
590
4336
2290
2002
1158
515
5985
685
4609
5632
2876
3969
1078
2470
5553
5849
1495
5811
3803
2880
3259
3351
2677
2694
2522
2375
2814
3724
4235
5626
3293
1042
3829
2489
1295
3830
1487
3201
2737
3470
2267
5694
2789
5695
3926
2239
3635
1796
2804
3430
4106
1685
3630
1022
2911
2475
3531
3285
5989
2529
2923
5398
4129
2656
625
3421
585
3714
3434
5707
3166
80
5253
3558
2499
2803
5124
3629
5542
754
2727
4190
2287
3304
2790
2813
2748
1101
5547
4599
3160
5903
5550
2844
3889
3945
2214
3638
2245
3289
1433
2766
138
2414
15
1454
2296
2760
2264
5551
2779
2216
3458
142
4105
986
5845
5734
5883
3399
3687
121
5772
2213
3444
5940
1276
2525
30
4089
1477
3227
1410
964
3326
2384
3579
2350
3454
2882
4245
5549
5552
1979
2199
2464
3362
2853
1004
2815
1446
1435
3403
2400
2215
4246
3318
3334
1469
1131
2299
2941
5715
5543
2742
3193
2382
2233
2459
3349
2819
1497
2417
1683
1991
2601
1114
2661
3371
940
3472
44
1417
4226
2174
1236
4007
4310
4995
3219
5823
3564
2524
2357
5634
2788
4003
5637
5198
2226
2476
3262
2186
5853
55
1465
1450
2231
165
2263
4107
112
5730
2249
1850
1680
105
4240
4346
2503
1428
3246
91
2397
2536
1486
2195
2818
3683
2064
2364
3300
2680
2598
2774
2217
2383
437
936
2463
4224
3453
3223
2509
1313
3317
2076
5792
3133
3129
1569
1358
2268
2543
6027
1337
4390
4606
4375
3955
2274
2454
4215
2255
4111
2440
2173
4229
2224
2221
1129
2402
1968
2596
2187
2778
2046
5554
4211
2456
2280
193
2420
2773
143
2266
2183
5785
4197
2067
4380
1408
2300
2257
2242
6050
5712
3333
1455
5788
2477
36
2243
1124
2334
3290
2668
3269
8
2801
5659
3264
3131
5973
5842
975
347
2812
2761
1964
2419
2171
2472
2795
2368
1005
2358
1434
2232
41
3495
1416
2352
2452
2458
2401
2176
2519
5796
2579
2490
2445
2351
3327
2828
1409
2193
3199
5735
2491
1971
3271
1464
215
2486
5749
2474
2807
4214
1268
131
1466
1473
3479
459
2240
2856
2259
56
5775
2426
2396
2462
1443
5983
1328
5799
4198
5621
4216
1411
1412
2448
123
2373
2442
1413
2433
166
2435
2429
2504
4104
2427
3083
5754
2451
2421
68
2340
3309
2059
2447
1463
2423
2434
1849
1494
2200
5577
2577
2438
450
1340
2496
2042
2311
1267
1297
2599
2251
2128
2652
3265
71
2806
4771
3115
108
2576
5751
2646
3808
5487
1215
5774
3045
1155
85
3141
4203
140
4222
87
2450
139
2033
2533
3222
356
2430
1229
1257
1423
3165
4234
3058
1254
4185
2166
4230
1262
355
1263
1148
2086
5513
4337
1488
2514
2388
3943
6046
1027
1399
4218
2883
2892
4127
5818
1963
3231
2765
526
1725
5475
4177
1149
5990
3138
3057
1238
1
4199
3947
2860
492
828
4210
1230
4316
376
383
3194
3075
3082
1247
2160
3094
2455
2190
4710
2493
1266
1218
361
4143
2207
2167
4171
2444
1159
472
4189
1157
2872
1222
1026
48
3380
4516
4220
1246
1688
1214
5762
2310
348
2436
1985
2411
1697
2244
1687
5974
5431
2449
2329
4825
1682
4607
891
3084
1173
442
2446
1822
3003
1959
842
2460
2466
2422
2385
2467
2218
372
2410
2405
1250
2277
2261
1237
2246
1185
1152
2432
1132
2161
2387
2416
2431
2168
1231
1639
3195
4392
4598
2157
3418
4145
1808
2162
2391
1405
317
4151
1227
1195
4231
3114
1528
3135
4219
1261
3161
2164
2990
2897
3457
3405
4085
3162
3018
1248
4188
1202
1160
4814
972
2424
2425
2415
2408
2159
2158
2409
2389
2393
1406
2165
2392
2403
2201
2390
2169
2404
3373
2262
2406
4213
2873
4237
3113
2279
106
1258
1260
1278
1414
4212
4191
3372
1341
2881
1211
1329
3163
1208
4184
3241
4187
4178
1169
4180
2258
373
1255
2090
3197
2854
3475
4175
346
3100
3494
5891
3539
5794
3378
3374
3401
1178
3404
911
887
2870
5881
2862
5791
1126
3137
1204
1125
5488
3218
3321
1168
5779
5764
1325
4147
5390
2926
3071
3647
5631
3376
3054
1369
3501
2884
563
3661
4081
4394
5624
3658
1825
3498
5505
3921
4303
5495
3388
6025
1807
1097
3675
5770
4159
938
937
1161
4158
4603
3940
5859
5498
160
1128
1127
1342
1197
456
3924
3543
4162
1371
1177
4572
1123
1162
1353
318
5752
537
5807
1314
4634
1377
3313
316
369
5502
623
3659
1196
4173
4287
1221
2746
1308
1376
3107
1189
2821
963
1117
1700
5429
6066
5944
5804
4657
5628
1070
5769
939
1724
5470
3919
159
2768
5489
4123
2098
1179
4261
5866
1347
1348
1122
1359
1372
1219
5358
4202
1362
357
2817
5882
1401
3891
1398
1085
4195
4131
4732
3496
5477
4146
5893
1121
4086
548
934
1191
3559
2743
2865
1330
1210
1338
374
4377
4685
3597
3588
813
5500
414
5894
392
394
5821
378
5783
5856
4676
864
3511
1962
3729
5857
1701
4762
5806
3644
565
1181
4802
1164
5756
5841
4784
4137
3390
1509
4649
3507
3456
4372
1233
5813
2852
5763
2020
1364
5922
5635
5819
2934
5630
2831
1183
5938
1502
3447
1684
5945
4596
2019
3328
457
1717
912
3284
4846
4138
5789
3676
5929
1165
5758
1180
639
1385
1378
2907
4587
1773
1703
3536
5953
4668
1104
491
4719
5400
1051
1681
1402
393
2922
3468
5822
1706
5641
969
1099
2875
984
5855
163
426
5861
973
1726
2628
640
1672
2899
1201
3753
2650
2784
3384
4667
4662
5826
2653
4674
3383
4837
1693
1498
183
67
741
4670
5896
3747
2783
1751
429
3392
3639
2843
451
1383
5003
3780
5862
1471
4057
523
4038
4817
4823
2777
2651
2764
1106
5858
434
2841
1108
5836
967
2874
449
1100
2850
968
1527
406
3596
985
1712
2861
3557
1107
5814
5886
5919
3394
2054
2648
494
4035
441
1770
3180
2840
987
3462
1381
161
3605
5622
2855
4776
5904
3979
3268
2848
3968
509
1370
5839
2849
6
5619
3634
2933
3627
1785
3598
4777
1732
1748
4308
2867
4749
2851
2970
3389
2887
2947
2937
3459
1727
2966
1679
2927
1217
2866
3663
3653
583
4289
2040
3
2957
420
2900
2824
332
1288
349
1777
3377
340
3601
2921
377
3445
5852
5843
3512
3379
484
5871
2898
5816
1220
3807
3481
3620
5880
4720
5870
676
4725
519
5030
1648
1475
4624
1722
1673
3455
1733
164
1718
4631
2916
1103
299
3482
1194
1741
2945
838
320
2645
1775
1801
339
4628
4618
3406
532
4626
1828
3485
5916
1451
3489
551
3341
2958
567
4788
2039
4053
2939
5913
3065
453
2838
983
1755
4976
4724
440
1812
4717
323
1645
3438
4800
3428
1794
1388
1758
1427
3435
3603
326
3586
4640
4600
403
319
4641
379
162
2182
458
5868
3478
493
1819
428
2992
3537
4760
3625
2636
2620
4755
446
3509
3385
2103
1316
4633
418
5888
1299
878
3019
4745
3466
3970
3510
4704
580
4778
1851
1830
1829
4594
5887
5892
5885
1809
325
3795
4761
554
1661
3773
5928
5914
328
5899
634
4623
439
5947
5908
3471
3608
5877
4619
3473
605
5934
3382
3196
3381
575
5884
4691
5793
598
4733
5925
3387
559
5926
3674
4629
324
5800
597
5912
329
1510
4688
4782
4620
3718
443
445
1425
602
4694
1224
793
4697
5924
3017
4740
2629
4632
5867
970
3648
5833
2888
5907
543
423
3672
2997
2915
535
624
599
1669
330
4756
427
5957
5935
1424
5828
1823
460
5854
550
4747
610
2914
5933
5812
2999
5930
1513
4503
2623
584
5960
1516
5863
628
636
573
4705
2936
468
558
1698
5931
4379
2991
5936
601
3548
3015
1212
4706
4693
1810
2858
4128
2641
3574
4981
4982
5917
5906
5801
4841
4737
848
486
533
4996
2920
464
4063
338
541
539
1818
4082
3011
5923
1501
395
3664
2971
785
592
1735
1182
331
4354
3527
501
3744
534
1506
482
488
5927
337
589
1493
566
466
4712
1532
3619
618
2978
4673
4769
3935
462
2985
1315
631
1282
2930
522
538
5915
1503
893
4738
495
1660
3981
4601
604
487
577
608
2931
513
2950
613
544
529
2981
2993
536
2986
591
2022
4083
1120
3518
2955
4418
2949
1805
4612
525
683
2951
632
2995
4819
655
771
1309
704
2029
3001
5808
4370
3791
1426
1441
3528
932
4780
3533
4809
2944
3562
3755
767
3934
469
4605
3570
836
477
4318
1184
3671
3737
2948
2959
2942
2976
2968
600
2960
769
2871
2954
297
2998
2961
2964
2969
557
2952
2965
2982
2962
516
3517
2987
3002
5966
2963
3554
2967
3578
3007
547
1793
3004
3545
1300
1356
3508
521
2943
5932
2030
1689
4687
1795
545
5937
4004
3759
3592
4794
507
4091
1784
1392
4338
777
3529
804
1382
1118
1349
3013
3009
758
3519
1318
480
781
3125
1285
3576
3563
1500
3061
1504
1355
651
2989
2984
3140
1166
3053
5961
852
1331
3580
3142
846
4371
1529
1344
1198
1515
1507
1286
3575
1549
4827
4752
2614
3497
4807
1283
3595
3105
1769
4804
3593
1281
4326
3549
1440
4690
1655
5829
3020
1171
1799
1119
1339
3577
3556
2979
3606
3555
1301
1351
3743
1541
3748
4772
3751
3750
3754
3690
3121
3602
5967
1389
5610
1508
3522
3523
1287
3679
1665
3798
3098
4391
1343
1324
3670
4361
4818
763
5815
3796
4781
3541
4134
3797
1303
4791
454
5614
4816
803
740
4806
3765
6095
4789
3762
1384
3553
5848
1289
4622
4759
3774
3551
3566
3771
3792
3794
4686
3594
3785
3779
3696
3585
3772
3766
5968
3790
4582
4332
4357
4364
1332
4677
3612
4385
3786
4341
3525
837
5633
3787
4671
4374
1545
3789
3705
4810
4753
1542
3686
3692
1543
1729
5965
4675
1826
4766
3524
3711
4613
1714
4630
4584
4770
794
1483
4702
5969
4754
4659
4768
4635
4614
4663
4672
3721
4664
3723
4656
4637
4803
3706
4665
4773
4666
4790
4820
4821
3540
4588
4268
4813
3688
4639
4266
4779
4301
4269
4356
4774
5837
4295
4345
4734
4285
4711
3717
5602
5959
5802
4709
4369
4592
4742
3827
4045
6009
4796
4313
4783
5954
914
1539
4284
3927
4797
1472
5638
4491
4787
4352
902
3823
5594
5599
4141
4071
4608
4068
4721
3963
3099
4074
4150
4165
907
916
5851
4283
6016
4260
5869
3962
4267
6018
1597
4274
4713
4001
3966
5598
1605
6094
1156
4166
4277
3106
3093
3096
800
4093
3980
1533
4343
915
4510
6013
924
4699
4350
1815
5876
4329
4322
4987
5958
3155
825
1595
847
4066
4292
921
930
6024
4144
933
4714
3875
4288
4321
4161
922
4344
3824
3182
895
3965
4140
4489
4126
3961
4154
799
4076
3901
927
4039
826
1594
4482
4094
4072
4256
3885
904
4564
1803
923
931
6010
4576
935
1742
1600
1560
4546
797
3087
4465
918
4441
1375
4558
843
4079
654
4275
4273
926
1657
4975
4328
913
1563
917
4315
898
1603
1592
4932
3072
929
1562
3858
1538
5151
4471
863
4125
3978
1589
4271
865
4931
6073
3960
1663
1820
1544
5860
1628
920
4254
1588
3852
4514
5729
6057
4253
1811
1575
4593
811
1548
4422
4554
3938
6041
899
844
3931
1546
3869
6078
858
3826
4571
4731
3916
892
4080
809
834
866
835
879
796
857
795
845
908
806
810
807
859
880
808
877
1492
849
4095
1568
3811
3867
4559
4440
4563
3856
3939
1567
3877
1579
6056
4527
5165
3930
1580
6045
4561
6017
4291
1627
1606
461
4552
1623
692
3864
4530
5027
3884
4534
4520
1617
3844
4568
1547
5972
4504
3936
4495
3845
6049
3866
6033
3899
3892
3904
3886
4536
3871
5999
4494
3888
6061
6054
3933
3887
4842
4544
1768
3932
3929
4420
4522
1581
3878
3810
5054
4473
1618
5939
6004
3994
4454
4569
3814
3822
1737
5050
4698
6014
4475
4499
4421
6035
3880
3817
4506
791
839
4870
1658
4490
4540
1753
1752
4472
4480
5211
3870
3855
3854
3964
3819
4557
3820
6032
6044
3815
3816
4545
4550
4537
4548
4432
3874
4940
3861
4469
3859
4460
4570
4551
4451
4541
4903
4538
3876
3825
5010
4567
4524
3818
4509
4497
4845
1613
4498
4941
5022
4556
5186
5017
3873
1612
4513
4297
4481
4549
4521
4493
4973
4531
4539
4492
4553
4148
4547
1557
5991
4483
4435
5152
3995
5089
4470
5170
4286
1633
4412
1619
4966
5228
3953
1634
4974
4096
4512
4484
5001
4176
4485
1610
1767
4500
4436
4457
4272
4311
4463
503
4149
5078
5083
4430
1302
5216
5244
4947
1607
5226
1327
1798
5260
5202
1651
790
1555
4296
4478
5072
1554
1611
1654
665
1738
1646
678
546
1632
1780
5011
5031
5049
5099
4252
663
4449
4476
1640
1553
1749
1304
4965
4458
1551
4251
1647
1615
666
1552
5600
4281
1629
1550
1649
1591
4250
1644
3954
783
728
732
1292
5298
647
674
1614
711
5311
671
714
805
4979
1394
1656
673
1652
684
722
1397
699
695
703
1368
729
761
774
723
724
780
669
670
1642
706
1624
737
1631
778
782
1643
1320
779
738
1305
680
1395
691
784
1336
662
759
1636
1387
1291
730
5
1391
731
646
664
1390
1650
1635
700
746
743
661
645
747
755
717
715
660
659
1638
681
725
716
2994
648
705
694
1346
5270
5158
4139
5190
6042
672
5238
6022
4945
5355
5347
4152
5232
6036
4427
4447
5276
4448
5312
4446
5168
5102
4401
5254
5249
5274
5144
3242
5173
5146
5300
4428
5423
5356
5479
5335
5174
4424
5143
5313
4280
4402
5440
4425
5266
4097
4121
5450
5416
4409
5467
5360
4270
4098
4124
5434
6058
5466
5447
5145
5406
3187
5242
4406
5428
5292
5183
5184
4445
4410
4407
5161
5070
5101
5142
4429
5204
5189
5096
5188
4444
5192
4248
5271
5261
4426
5088
4099
4978
4442
5255
5388
5162
5302
5080
5277
5351
5321
5485
5094
3177
5105
5230
5463
5422
5326
5496
5264
5081
5439
5414
5136
5135
5446
3217
5409
5413
5091
5361
5282
5256
5408
3175
5451
5231
5509
5172
5281
5465
5299
3221
5175
5452
5191
5464
5303
5386
5441
5482
5424
5402
4403
5350
5430
5285
5137
5476
5250
5213
5357
5421
5401
5241
5289
5272
4400
104
5258
5209
5383
5425
5262
5369
5134
5378
5138
3188
5384
5307
5177
5196
3176
5374
5333
5339
5251
5129
4142
5405
3172
4059
3985
5310
5399
5331
5478
4117
4051
5366
5133
5453
5246
3173
5288
5130
5376
5385
5353
5127
5259
5319
5375
5389
96
4120
5971
5979
5293
5410
5344
3156
5432
5125
5117
5267
5195
5363
5279
5179
5338
3206
3212
5420
5247
5362
5387
5210
4948
5349
5442
5370
5417
5364
5206
5268
5419
5126
5280
5379
5221
3250
5377
5426
5391
5392
5334
5394
5269
5233
5322
5286
5236
5257
5396
5290
5332
5404
5380
5309
5275
5403
5119
5315
5122
5395
5219
5234
5118
5323
5225
5367
5318
5178
5120
5328
5214
5337
5193
5215
5194
5411
5381
5397
5393
3153
5150
5200
