236
54
224
55
233
240
214
232
244
61
237
216
248
2298
251
70
2294
225
2296
60
1528
17
16
247
222
64
2299
18
66
2979
2650
449
1438
1513
230
5016
2654
448
73
2669
2668
3204
1549
513
2631
514
249
242
273
246
427
512
238
377
76
1437
67
80
556
2638
2813
3198
1541
2658
144
250
443
1543
5
1583
557
403
3029
560
1552
3021
428
2538
7
2627
2666
3325
3217
2293
508
2986
3022
460
1456
596
2994
2301
1491
41
3277
3313
1478
1472
1560
404
2537
2640
3877
435
2663
502
438
3262
3893
3203
3199
5321
5314
59
1035
2997
3189
3190
147
2484
92
530
2303
4657
5295
2827
145
243
2784
1554
961
2526
597
272
521
505
518
178
1045
2520
592
42
84
4353
474
1109
520
3279
5337
1475
2645
625
1577
488
274
2319
3359
3216
3222
5011
1567
3333
85
4656
1452
2826
3495
4034
5012
4221
3028
1102
5019
633
340
2290
2844
2636
599
1584
50
2483
211
1540
419
1098
632
504
1444
4356
3276
5049
1503
3017
636
459
2489
1492
1211
5250
2662
1493
3864
2648
2501
402
2534
4286
3213
3273
4163
2585
1489
5339
131
4213
3777
3352
3884
3973
3778
2350
4141
4746
2665
3314
5300
1040
4332
3797
4234
1043
1445
3863
2835
5048
5315
1946
2399
1375
4285
4044
77
5141
5307
2824
3200
960
5210
349
458
4235
100
467
610
4705
1382
4351
5258
3315
5467
344
1320
1490
4173
1099
4325
5027
5184
3106
278
468
417
2625
1977
2628
1330
2598
461
2318
1474
1459
5013
1453
639
617
1027
4056
122
3901
810
2607
679
3020
1022
3019
762
1477
2532
2893
1036
2573
938
189
5466
2480
2395
3075
1106
15
585
102
1209
2599
4731
371
2492
3767
1974
3719
1588
4352
522
1978
4738
3908
4017
4690
3725
3341
5073
4030
5233
4692
755
3971
5247
5200
5039
3363
4717
3724
2794
5236
1523
4135
3465
4629
3497
3264
2720
4274
3381
2721
5223
2943
5151
1534
3187
4151
1553
5183
3360
4097
5028
3376
615
3296
1562
1317
3513
4138
5235
3150
3432
3154
4326
4279
4413
4441
141
1603
2816
3608
4947
4978
5088
1765
5074
4975
2193
3640
3541
3542
3605
1808
5388
2288
68
4632
4970
4494
4588
4563
75
3961
1610
1609
2821
4406
4980
1862
4451
4458
2335
4495
4976
4986
4893
4899
2856
4431
4988
83
4557
2689
1898
2845
1828
4981
1076
5378
40
1965
481
696
1030
437
2012
1025
5055
2649
1961
2005
602
1214
1415
663
1020
666
406
1336
3109
447
3016
939
1097
3104
260
436
4892
1820
5338
129
3082
3164
200
5341
2591
1231
611
934
1104
2403
1031
4881
5336
2779
5030
1779
2563
1021
3018
5415
338
3780
4983
4396
4985
4381
5389
3606
2280
5064
4954
5379
1893
2820
2260
4499
2273
5361
2275
1863
1655
1065
1641
3634
3646
2252
4572
1680
1764
2682
3960
4579
2253
2244
4471
4470
4382
1352
4021
1766
3841
1794
5412
4416
2753
2287
2941
4948
5439
4473
1650
4197
4376
1683
37
5021
1684
4565
4419
4380
1693
1705
1695
2825
2830
1754
46
51
4199
4982
904
1601
4493
4987
4268
4267
4811
1728
4437
2349
4974
2264
4772
2141
1907
2626
4796
1872
839
2246
2243
3585
455
4765
4620
188
2179
801
1674
1665
4984
2868
2865
5227
3410
3641
313
3818
893
1906
20
2146
4485
1957
1598
23
4611
3586
4591
4534
4581
4712
4715
22
21
45
4971
4602
885
4977
1882
2054
3229
1220
1859
1883
2048
4584
1686
2940
5162
2196
4119
1723
2697
763
4618
3443
4582
2050
2953
2853
856
852
4953
36
2180
5155
5153
5148
3849
2398
3055
2284
3504
4722
3718
5160
3000
5140
4025
3423
3268
980
3517
4220
2918
3182
2285
2814
989
2942
372
3137
4032
4146
3751
3970
2519
3153
3883
5266
3881
3477
3862
3131
2502
3978
1005
4065
718
3785
3460
4296
5287
1154
1535
3897
1208
4104
1207
4295
2621
3214
5416
3149
3161
2456
1821
3590
3221
5217
5264
1897
3735
3647
4789
4512
4520
4177
1602
2353
2441
2149
2161
4933
3278
5405
5098
896
1874
1692
4968
4496
4969
4377
4378
3429
4570
1853
3644
1727
2434
2131
1709
1843
5038
24
2038
1741
2348
1058
4614
914
1697
974
4958
4542
4596
3638
2263
4617
3275
3636
894
1890
4508
4516
2776
1785
1752
3427
2218
1664
1659
1644
1903
2366
3080
3436
3435
2241
4444
470
1885
4423
1639
2524
2871
4647
1847
4509
1074
4445
1608
4447
2203
2200
1851
5106
1871
4859
2152
1855
4370
4600
4462
4463
4671
2189
2679
2914
5451
1628
4598
1731
1640
1868
3428
1861
1856
4595
1867
2216
4504
1624
5371
4700
2311
3469
1866
3266
4814
3066
4398
2867
5399
2155
3073
1574
854
1798
1812
1468
2815
3625
148
2126
2700
3210
5042
4099
4997
2170
4999
3626
3839
1850
4822
4737
5089
1486
5001
5103
4408
1876
1691
3555
44
2221
4750
3558
4979
4435
1466
2209
2172
4442
1572
2680
5175
2191
4900
4927
5407
5402
918
1576
4599
2535
4116
1880
26
4455
1926
2084
3850
4304
5360
4490
4489
4117
900
2144
4687
2860
3401
2102
5448
5447
4003
4483
195
5107
1799
3231
2927
3426
4574
4544
4590
2333
3493
1579
5007
4118
5450
4492
4391
3539
2670
2744
2847
4580
4613
4244
3498
2978
1807
2137
5408
5370
681
1854
1743
3658
1835
2186
4438
4161
4205
2148
874
1645
3838
3834
213
982
4172
4115
4241
4853
773
4150
1340
3502
4593
5426
5410
2114
3219
4589
4585
3201
1688
2516
3591
4545
1744
110
1845
4425
3630
3631
5384
3488
4410
4562
4558
1857
2694
4784
5149
3074
3065
3461
2167
2125
4553
2121
3946
4422
2761
2966
3070
4224
3990
1809
1001
1755
1149
1819
3835
4531
1860
910
975
1487
4929
4031
3059
4821
4834
4741
2442
804
2873
2869
2866
280
2323
3959
4564
4905
4709
1829
2266
4818
880
2142
1839
985
5381
2105
1600
3522
1888
864
3261
5380
4913
2112
3852
2060
5108
4597
1858
4050
4578
1563
3249
4889
1827
4009
1848
4829
5113
4764
4909
925
835
2560
4412
1981
2806
986
1747
3705
4685
2265
3242
2646
3659
3981
4652
326
1620
1048
908
2076
724
1735
392
1366
2633
298
1986
2522
2549
2727
4112
2980
766
2187
1103
1233
5111
653
2476
2477
2575
1458
747
1026
3
1118
2230
1511
172
2921
1994
1417
981
828
2540
2488
3582
1011
2780
2855
1520
5211
3304
534
202
1192
1565
524
500
604
756
1642
2521
739
1431
2261
2194
2227
2691
4754
4882
2642
1073
4819
2651
4387
2559
1678
1631
657
2612
1433
1434
2661
3665
2224
4586
2460
1056
1899
2508
254
2601
1575
277
930
1235
2109
2211
1066
35
1236
4395
2998
105
1762
688
2595
2135
2249
1551
1875
2247
5046
1656
1928
1571
1638
2223
1547
1625
984
2527
1864
631
235
1647
301
716
29
987
2919
48
1050
1586
5037
431
2151
2269
3244
228
2561
2831
2426
4392
2656
3745
1800
2045
1068
1716
2801
2859
917
4399
3662
1666
2212
2936
2517
5133
4734
4158
2584
1443
920
2800
1969
1633
1714
2569
4401
1550
2235
3639
1830
2257
2099
2222
906
1960
2190
4131
1440
2031
4851
4530
4319
1710
658
949
3247
3500
281
1711
2499
2750
1787
4227
1663
1658
2352
1085
4869
3851
430
445
2237
5130
4576
4013
2080
2551
1131
2380
2372
3632
892
5260
4635
2116
3446
886
891
1623
1613
2268
1612
2544
922
1687
1634
1632
3246
5102
2425
4773
4787
4450
1648
1007
1726
3649
1599
2570
1275
4625
3538
4941
4402
4076
1759
673
2351
2143
737
2365
2358
1145
1718
1611
2089
4246
2681
4644
4605
2910
2006
3492
4641
4060
176
2156
3588
2332
2251
1622
4771
1707
1703
1717
901
2960
1750
4417
2699
1660
1654
836
2359
4407
1708
5169
2765
4549
4433
5167
1869
34
2374
5263
3299
2775
4411
332
4944
456
1482
4608
2068
5421
1895
1597
2530
3843
4777
4812
2738
4012
115
2334
4364
3232
1836
4543
306
919
2763
1657
794
1706
1643
1701
2347
1774
4841
1629
897
253
4713
4577
830
2768
3604
4511
4510
902
2016
3771
851
4603
1976
3756
2157
1618
2032
2542
5404
4389
5442
936
3484
1865
887
2931
1789
911
2576
2138
1441
302
4259
4571
2767
4645
5430
3757
295
1130
4260
1273
2035
3132
1745
4592
1953
1816
2749
3439
4561
4567
2577
829
915
2764
1742
1900
4529
3479
933
942
98
1889
1783
1281
816
4621
909
4756
2158
1814
5375
2604
1884
4781
1911
2417
2567
1315
3089
3837
4622
2206
4627
3160
4232
2338
2728
878
3122
4555
4452
1531
1264
4540
4742
2236
4745
1817
1910
4749
4711
3832
1615
1892
2302
944
4552
1594
2547
2233
4932
47
786
33
4842
821
1155
4282
3651
2818
4388
2838
4669
1630
219
1803
2819
4328
3754
2548
2217
1784
2240
3758
3709
2500
1227
3728
3508
5040
3238
3025
3400
1891
4257
1090
39
4779
1294
2984
873
4823
1671
4810
2248
4830
867
3637
928
3706
1804
1538
2807
4330
2123
1532
4587
111
4840
4837
3290
3733
935
3243
1879
4915
150
1527
2711
4448
2723
3549
862
2195
3454
2330
2369
1079
772
3667
4914
5424
1801
3997
255
112
1767
2712
4061
2993
284
3668
4347
1585
1802
3660
1790
2093
3457
2074
2692
866
1537
3239
107
3411
1758
4917
4491
4372
113
4926
2154
848
708
1676
4923
853
4078
943
1049
2111
4072
2071
1788
3456
2081
3676
776
168
3126
719
1966
4171
4517
4314
4461
4936
2168
2162
175
5445
3847
3212
1464
4795
5454
4800
1740
2182
2178
3661
2197
2185
2698
2159
1927
3708
2726
1797
1497
948
2877
1465
2876
108
2758
4522
2095
2946
881
3108
1930
1481
2147
2176
2686
1193
1929
1389
4653
4384
5409
5062
785
3918
3094
698
2122
1354
2752
4327
3095
1269
2652
5142
2717
4956
2096
5078
97
1621
4477
2078
1823
2100
2184
2094
1931
109
2132
2104
863
2110
2181
4537
2083
2153
2256
1932
8
1756
2160
2103
907
903
2082
983
929
2228
2059
10
1760
4931
1916
329
2729
5097
4910
931
2683
4920
4394
1653
4778
1637
2730
3470
4568
4610
5434
2890
5110
4428
4482
3548
1360
2188
1781
3831
1769
895
1682
932
1770
2173
921
831
1669
924
2772
912
4854
1763
4922
1694
2771
1746
2875
2788
2878
1737
2163
2759
1350
78
3567
4719
3481
927
49
2174
1768
876
1771
2874
4924
2254
4938
833
4895
4916
3545
2774
4928
2962
2619
823
3447
3434
2401
834
1751
2087
840
2092
3448
4937
1681
1933
898
4925
4646
3603
4921
4934
4879
2127
4902
3833
1455
3430
4940
4886
1896
4901
2872
1913
1914
1915
2769
1757
808
4930
4307
4911
5128
5051
3731
3414
3674
973
4198
2678
2553
2985
2916
2660
120
3234
3873
2402
1838
5394
966
4885
4872
4919
4873
4850
4888
4912
2802
4839
1064
4904
333
4626
4874
4861
4835
2098
2064
940
4702
2086
2804
832
4880
4862
4855
2036
4643
4935
2067
1773
953
3683
4918
1460
1432
952
1110
4852
4697
5432
4878
3927
5353
1257
4524
2724
4160
3707
1480
4884
1935
819
4894
2861
4867
4875
4906
4619
1047
4896
4624
4994
86
4507
4877
1651
4813
1582
4847
4887
4583
4863
5406
4782
4864
4898
4503
1894
3768
4748
4860
4791
1067
2232
1312
4907
2423
182
1495
1690
3819
4992
5285
4409
4665
4903
4338
2267
5444
4443
2770
466
3749
159
849
767
4283
2803
4801
4807
4642
4870
4891
4876
4890
4427
2328
4908
4616
4866
4744
2177
4797
4798
4434
4707
4871
4757
5365
1661
95
5374
1616
5456
4770
5081
5382
4883
1700
1791
879
325
2061
4776
2822
4865
4714
5050
1219
3455
1114
3038
976
4449
208
3805
3930
2024
2171
3397
3643
4809
4805
2851
4403
2164
2773
2238
1934
3734
103
4828
2304
2307
3077
1596
4615
4670
5063
3001
1217
1987
4559
951
2117
4804
5418
2817
1996
2145
2140
1877
1887
1886
3051
1806
2259
3556
184
5065
712
3744
4612
4365
3445
5159
2438
3650
3458
3842
1251
2568
562
3062
1873
2090
1878
1870
1782
2066
4990
2454
3903
4366
730
1239
2413
99
2339
2075
5138
2097
1646
2676
3979
5419
3580
1401
3319
2199
2169
3463
3830
2928
4058
2739
2390
2166
3869
286
2647
3255
3260
648
4175
2934
1841
2397
4209
4098
882
239
4454
2063
2747
58
1218
3750
4674
2015
93
3326
2255
5452
1748
2371
1595
2961
5368
2837
722
2077
2072
3002
1662
3947
1739
4806
1512
4634
5411
2858
1952
1094
2702
993
5390
2748
4174
5060
2421
2970
5041
2427
1510
527
3078
5024
2482
2842
2884
3826
5433
1355
2281
1941
174
1221
2437
5462
3405
3840
2760
4371
1619
1772
1902
2070
5358
4575
5054
1626
1940
2466
2920
3318
3289
1636
3501
1972
79
471
2836
4767
1536
53
1675
4846
4793
1566
1391
1225
3064
1970
4942
3741
2755
2040
4087
2022
1349
3281
2932
3175
5464
775
842
5297
3093
5292
2314
297
2596
4467
3774
3732
199
1652
2039
1905
2069
1614
2079
2051
2073
2120
988
1904
5249
1072
946
2150
2027
1696
779
2337
5117
1938
1749
4833
2740
2506
190
3610
4051
4035
3925
2239
3512
1901
3544
3170
4486
4528
979
2736
4180
1226
827
2062
4082
3989
4676
2594
795
674
3561
1908
729
210
2231
2091
2043
1461
106
941
2028
2346
6
1593
965
2384
4677
3627
947
1989
96
2704
4203
800
4045
2057
2659
1985
1997
1362
2418
4832
741
1846
813
4651
2887
780
1295
3233
2754
670
4090
2792
694
1129
2056
3157
3829
4178
3553
1958
3755
3982
4154
3810
3511
3250
63
812
905
1670
1921
1991
815
676
2306
2049
1822
2055
2052
954
1369
1840
1832
2383
2671
2705
2041
2001
3431
1003
4521
3998
2854
2453
3228
71
2010
822
1824
2000
1923
4006
4966
1254
3677
1581
1392
1396
1342
1274
950
672
149
700
850
709
765
1469
4802
2023
2313
2034
899
4897
2165
2058
3254
1837
2047
1842
807
2029
937
2139
2008
2019
2042
1954
2026
2018
2007
1353
2345
845
2119
1399
1143
4774
686
826
791
2009
1795
2655
2926
2128
1343
1242
736
1589
2515
5459
3622
2999
1942
4716
4048
5425
2688
1071
2900
4055
3552
5003
3087
1995
2046
2033
2014
2025
2065
2020
1971
1956
1955
2037
2044
1939
2013
1922
2106
814
2053
1980
2118
4858
1925
4857
843
1967
677
2129
1982
4939
88
5446
1234
2133
2286
5436
1924
2344
1968
2734
5441
82
2113
1262
4638
4815
771
825
1558
4727
1380
1142
4780
5109
1483
2107
1988
1990
1216
1998
1917
1984
1983
2021
1010
1959
94
991
1962
1920
2130
2134
1979
2030
1951
1918
1975
4868
844
2848
1224
972
824
5449
799
1919
87
1055
4039
4856
818
1241
1247
1002
1015
43
4816
5453
3413
806
4484
751
1993
1096
4817
2710
4539
2897
5443
992
4849
1999
1215
1246
990
4824
798
1092
2004
2707
1261
1237
1041
1113
1222
1270
2701
4831
1818
1260
4844
1272
1095
968
3742
1128
81
1093
72
4
796
4637
5455
4803
1249
90
4696
5376
4639
784
2675
531
1252
690
4848
2948
720
4541
788
734
3887
1070
2714
1271
1111
1112
1258
1016
1256
1223
994
1151
1250
1228
1127
1947
1240
4766
970
969
2958
4808
682
971
1253
4775
778
2850
3621
1144
5427
2693
2756
2690
675
4827
683
1177
740
732
4026
4751
1290
744
1263
142
817
752
782
1266
1500
1170
1091
4040
2846
3086
1341
2725
689
1283
1280
774
1485
1278
4962
1291
3736
2715
1044
1285
3812
3671
725
1229
2762
1476
1508
753
692
4799
760
4761
2672
2908
1488
693
2915
529
5417
4480
1555
4698
841
4686
3615
3871
91
4762
1937
3237
2558
3468
4763
945
4607
2355
227
5248
1573
3147
3472
731
792
1368
781
758
2695
2552
743
5458
2713
2781
2703
1358
4478
4550
4720
4630
2696
1439
768
4002
2937
4680
2742
1734
5354
4708
2791
789
1506
1379
3820
735
4710
4047
409
4836
2996
647
3046
2709
4481
4959
3543
2737
1267
3518
1559
1348
25
4640
5245
3067
745
2722
4825
2731
4820
769
2746
2674
4631
5396
797
1564
2751
1357
2777
715
654
4636
2778
3872
750
3005
5429
691
4785
2735
1238
727
759
3986
687
669
4963
4845
770
2903
4502
757
4701
5367
4695
2745
777
809
1300
5116
4961
1530
4843
2716
678
3983
3612
1450
3047
2732
2733
2741
2785
2719
1359
2706
746
4675
2718
4726
5414
701
733
5392
1738
5355
2766
655
5438
2684
4008
4628
761
3740
4487
4733
2852
1733
5457
3716
1284
790
1351
2798
710
3988
697
2841
3534
1557
1587
4753
1298
4740
4683
4666
4000
3888
4826
3509
1363
2977
5423
4729
4794
4755
4788
4689
4732
4758
4768
4688
4566
721
4759
749
4706
3613
728
660
4724
738
5357
4654
1471
3985
5401
4728
713
4747
684
5437
3977
3752
4725
5420
1268
2864
1319
1288
1815
3566
1305
680
1376
1286
754
4018
3980
3808
1792
4661
2757
3568
4682
1570
3772
4760
4739
1243
4752
4735
4693
4743
4736
4650
1276
3984
5431
4681
3565
4668
3753
5356
3987
3564
3614
661
3996
1287
4684
3798
4704
783
703
3789
1292
1289
4694
1732
717
1313
4679
659
1329
3991
1302
4020
4033
3563
3902
4659
1568
5366
1309
1299
1293
1519
1327
2870
4014
1282
4703
702
4024
4660
4007
3783
5463
4010
4649
4029
5461
4667
1316
4038
1279
4691
5435
656
1314
3440
1306
4053
665
704
3995
707
2840
3870
4019
5428
714
671
4673
1303
3999
4041
3444
4016
1390
5006
4011
1277
1398
3856
3524
1321
4560
2673
1501
4655
4488
1318
1323
4672
1296
3853
1310
3816
3855
4107
1325
4042
1137
1324
3809
3775
1384
1370
3060
4043
4062
685
4523
705
1825
4004
1378
4049
1386
2667
4028
664
4054
3795
3763
5460
662
1395
1232
3550
1322
1301
1383
787
1397
1521
4037
3442
2677
3036
1430
3441
811
3619
706
4091
2949
4070
2743
4663
3817
1345
3889
5422
1394
1388
1371
1387
1365
3827
2011
1364
1943
723
3784
4074
2002
1533
4095
3532
1852
1944
3480
4068
5398
3467
3909
3611
1429
1163
3764
3730
4084
764
668
1470
3931
484
2839
4136
857
1164
4083
2922
1479
3121
1428
4046
1051
2799
4318
3854
1339
1346
563
1849
3409
1034
1422
1017
3415
1498
3916
1115
3926
2935
1424
1230
3420
5400
4088
3803
1425
1169
3912
3466
1381
1992
1259
5377
1426
1311
3535
1436
1408
2003
3940
3932
4092
4964
3828
299
3449
1265
1175
1496
1410
292
5136
2343
2899
4066
1157
3823
4476
1419
1326
1402
3811
4100
4057
2291
1420
5413
890
1421
1509
1338
652
2657
3516
3807
4052
1793
542
2901
1504
2832
4957
805
1199
4479
1494
4134
1403
573
3554
3068
858
3737
5164
525
2907
1304
1973
1418
3793
3836
4165
1592
432
2971
140
2938
3799
3079
609
3773
5059
1627
2892
3786
1556
3527
1393
3530
3928
2904
3528
1427
2880
695
4535
3845
5123
2981
549
1037
641
1457
3790
3760
1414
1447
3453
3848
5147
2823
2664
1777
3738
3034
551
3505
4457
967
2879
1202
4063
1454
4548
2378
1183
4080
3890
4287
3657
1406
483
5104
1201
5023
872
4536
2883
558
3474
3800
3128
1407
650
2902
4064
5168
3846
2863
1545
1810
1467
4059
3898
4077
3471
1171
1244
2950
1123
3776
1307
996
3781
1168
1736
2857
3407
565
3125
3491
3475
2995
1124
3329
1423
13
3049
3822
2959
1945
1117
4242
14
1409
3473
1308
3769
3328
1089
964
1404
1116
2965
1009
3739
3723
2955
998
1023
3794
1138
2834
2881
4081
995
3521
1546
1337
1161
1516
252
1374
1462
535
2797
4022
3617
186
2606
2685
491
1356
3727
2947
2609
3934
1156
1139
548
2644
5145
1152
1347
667
3570
5086
2449
3729
1012
2546
5045
3952
1032
1178
2924
3791
1517
480
1176
568
1245
1297
3507
5181
3030
1578
2972
1184
2637
5144
5172
5122
5158
1108
5156
3974
1385
2630
552
2226
2424
405
3824
1078
4086
2385
2624
3874
2956
1029
454
4073
482
5043
2992
197
4369
3710
1077
651
1484
550
4231
2474
3312
1180
1331
5075
2991
1150
2969
2828
5096
1119
2796
2983
2933
977
1373
1159
2987
118
2406
1185
5114
1333
2905
2982
1191
2990
5068
1833
2944
1132
5101
2939
463
2989
595
220
169
1200
978
314
3004
1167
1160
0
2952
283
5077
1328
203
1172
2898
4414
3050
1206
114
635
2513
1166
2367
221
234
1004
5121
290
2400
2945
192
1189
5177
1153
1203
1087
1080
1186
1018
1088
116
135
2929
1081
2447
1188
578
143
5132
958
205
1084
1062
561
2912
2432
955
5044
5056
2976
1126
1158
2495
2310
5112
1121
124
1335
4400
2414
121
65
5176
1505
3910
5069
1083
279
1146
321
2909
2882
1140
1165
1013
1198
1122
5091
1105
1147
1120
241
1133
537
89
1210
1000
963
2370
1194
27
1135
1205
541
1057
1204
1028
497
1451
3919
1964
553
166
1134
2229
1179
1024
962
1014
544
3120
1542
3936
1054
2964
2917
3759
1197
309
999
1174
1148
1019
307
1195
1187
1100
1334
1190
1173
1136
564
543
198
1107
218
1196
1063
559
1162
2405
119
1181
146
160
3949
226
1101
285
1405
959
287
201
1473
623
352
2435
179
1182
3796
1377
1141
1006
2653
533
56
308
3014
1125
572
2531
546
4446
571
547
294
567
574
601
117
614
193
3092
126
577
2
2632
3891
440
540
645
634
217
3054
3904
1411
206
2458
2789
4404
2923
315
2473
539
582
422
4385
3540
420
637
3053
257
2292
3503
3031
151
4367
4309
1778
3090
3510
2475
5272
5171
3117
157
1561
177
888
4390
3701
1413
638
644
3056
1416
2470
439
381
164
569
1529
619
4316
4418
167
538
1412
2433
3596
2622
2614
2478
2429
386
3857
28
3032
4215
3690
395
2635
3645
231
1780
163
2593
4386
258
3577
364
318
245
3225
3123
3653
1526
3537
2472
421
570
383
2465
209
3601
183
2436
2412
2464
3600
2469
575
1212
2445
588
194
62
139
3253
3704
1033
2481
583
642
3598
2375
3595
2396
4335
584
393
536
957
566
138
612
3576
3691
2487
1038
387
5166
607
476
486
2479
2588
3696
2376
3684
2543
3700
5120
3682
5127
134
229
215
223
3678
2463
2420
2440
2386
2485
3599
3703
3698
2457
2443
2490
2455
2419
3679
2394
464
3673
2491
4393
629
3714
390
2428
2431
2322
2309
3675
5161
3648
1811
5090
2930
3597
1548
1061
5174
433
3699
3815
5152
444
2602
411
2988
388
2373
399
2536
2324
913
2404
2444
2408
2446
2511
2315
2450
5105
2493
2494
3642
5052
2316
2497
624
2336
185
2462
3687
579
2354
378
3713
2587
2896
5146
605
2545
621
2529
5085
2430
133
586
2312
2566
1332
1590
2582
643
3557
132
1449
626
3663
2581
446
5100
4405
3531
576
1400
581
2452
2368
5150
2451
2486
589
580
2377
593
618
603
1448
415
594
640
630
2533
616
389
2357
2507
2317
2468
2505
2391
2467
590
555
2610
587
554
613
2388
2471
2572
2605
646
2539
3602
2362
414
2620
2528
2641
2639
473
2382
2557
2422
2578
622
2541
1446
600
628
2554
608
620
627
416
2592
385
2589
425
2583
161
2415
413
606
424
2550
2623
2439
2523
2603
2600
2616
528
2608
2321
2562
2611
2574
2579
2504
2565
2389
2590
2503
2416
2289
2518
2618
407
2571
423
2615
2525
384
2634
2617
2556
487
1963
2555
130
2510
5185
2407
2597
2580
2326
2325
2564
2320
2411
2514
2509
2629
515
2327
400
396
2393
398
2461
397
401
3037
382
2342
2356
2392
1515
1591
426
391
1502
1213
450
2363
2364
598
394
412
532
1052
496
507
410
1569
5135
442
434
2643
2329
429
462
5179
1053
465
523
441
495
5170
490
3061
366
485
380
5082
475
499
3702
3057
472
154
1
469
4421
3523
493
5219
5209
4420
171
3048
3692
3044
4426
5022
453
4363
367
3652
3039
5066
5186
3006
956
379
3670
3814
2795
5165
4233
5115
162
3711
2891
510
3578
1059
509
492
3487
479
2894
5071
516
498
5173
4397
506
526
125
170
365
503
478
3533
519
4432
511
3680
517
207
408
376
3669
5126
4415
2925
3099
4429
3579
5067
2295
5095
3821
452
256
5180
128
5201
3526
5188
5057
336
3689
5274
5058
5094
2895
2886
5203
2811
489
3666
3008
3695
3551
370
276
2968
360
5134
5221
158
3464
155
3686
5070
312
3003
347
5053
3129
591
3844
264
3685
3806
5072
348
165
2888
1075
3623
331
3127
2957
5259
3664
3520
3033
358
342
3693
501
3081
5369
4302
5092
418
123
3688
3779
3694
5347
1069
3681
259
4225
369
374
4124
173
153
262
1008
191
494
345
3594
375
152
337
127
319
261
196
3112
1046
304
187
361
1042
2954
3085
477
359
451
5015
327
3858
310
3115
5099
3007
181
3311
373
3124
275
346
4341
2885
335
357
4321
5290
3110
3084
3485
355
3801
2911
368
322
316
328
362
363
204
339
311
293
356
2889
343
354
263
457
305
300
265
282
317
353
334
350
271
3118
324
351
3083
1039
267
266
341
323
3813
320
3076
2967
270
3071
3063
2963
330
3272
4320
3119
268
289
4299
3042
3015
4293
3256
5005
269
3096
3097
3101
3240
2973
3105
3052
3098
3100
3782
3045
3111
3202
5349
3340
2951
3257
2906
3248
3581
4474
3156
2913
3416
4297
4071
5187
3069
3040
5393
4337
3230
4336
4085
3209
3215
5154
3218
3114
3107
3712
4662
3227
5253
3583
5207
4069
3206
5386
3235
3173
2786
3788
19
3133
3035
3102
3072
3324
2849
3251
3103
3041
3323
3009
3459
3013
3011
3935
3130
4125
4236
3450
4305
5010
3489
4130
3766
4253
3592
3519
4248
3589
4247
3024
5079
4300
3525
4255
4133
3697
3208
5397
3802
3478
4102
3220
5143
5465
2787
3012
3584
3529
5004
4001
5033
3476
3010
3717
3536
3876
4343
3134
4345
3224
3490
3433
3322
5125
2793
3406
4355
4275
4344
4252
4249
4323
3486
4289
5302
3515
3349
3245
3506
3654
3462
4271
3575
4266
4229
4291
3571
3792
4079
4349
3514
5322
4258
4525
4114
4277
4243
4475
3804
3451
3191
2843
5119
3155
4238
3336
3452
3419
4306
4128
3418
4329
4272
4023
3499
4036
5034
4281
3593
4223
4005
5031
3572
4334
3494
4331
3573
3425
5157
4261
3422
4120
4264
3174
4075
4237
3421
5076
3274
5032
3618
4145
4664
4140
5244
4186
4015
5139
3569
3402
4358
4278
4270
4226
5289
4184
3236
5277
4362
5118
5080
5035
3417
5208
5286
5197
4137
3408
4113
3026
4148
3027
5018
4273
3424
4149
5206
5194
4280
4250
5256
4254
4312
4313
3193
4251
4303
4222
5163
5343
3270
4322
5198
5226
4350
5350
4089
4513
3574
3635
4546
4195
3258
3308
5202
4157
5213
4129
4210
4159
5279
5269
3226
5330
5237
5204
4290
4245
3412
4315
4164
4153
4168
5212
5275
3265
3271
4167
5310
5216
5196
4340
5083
4183
5344
5284
4348
5093
5192
4359
3223
5255
4144
3339
5305
5267
4228
4156
5348
4162
4360
5242
3252
5271
5281
3347
3396
5215
5218
3394
3162
5294
5252
4216
5230
3211
4269
3382
5193
5191
5240
5231
5084
5234
4211
5036
5026
5225
5229
5205
5182
5189
5220
5214
4212
5251
5190
5025
4121
5239
5238
3152
5304
5268
5232
4354
5243
5029
5293
4346
5288
5270
5312
5261
3280
5222
5280
5009
3269
5298
4311
5303
5319
5283
4218
5224
5241
3151
5291
5199
4105
4324
5301
5306
5262
5308
5282
5254
5327
5276
5273
5278
5265
5325
5296
5328
4214
5309
3715
5299
4383
4219
3023
5311
4310
4262
5334
4284
4263
4093
5332
5318
5317
5340
4514
5316
4094
5335
5326
4301
5313
4143
3765
3166
5323
4357
5345
4699
4526
4139
3298
3994
3267
5331
3892
4027
5320
5346
3993
3880
4106
4207
3860
4103
3866
3404
3292
4127
3896
4317
4339
4176
3992
3284
3905
3342
4196
4147
3332
3135
3184
4179
3196
3183
4181
3327
3770
3165
3559
3875
3859
3345
4132
3307
3385
3144
4170
4155
3297
3185
4101
3861
5333
4190
3178
3320
3293
3138
3867
3373
4194
3263
3865
5342
4182
4185
3195
3139
4192
4188
4108
3357
4189
4193
3167
3391
3371
2783
3920
3369
3721
3334
3207
3762
4206
3720
4191
3148
3344
4342
3787
3955
4166
3346
3331
3722
3365
3136
3186
3140
3301
3302
3350
3337
3317
3145
3310
3368
3141
3288
3205
4109
3192
3964
4111
3295
3343
3197
3398
3384
4187
3335
3387
3403
3957
3392
4142
3172
3179
4110
3379
3163
3878
3358
3921
3399
3330
3171
3372
3181
3303
3351
3972
3968
3395
3361
3375
3370
3367
3894
3975
3168
2812
3146
3378
3943
3868
3143
3362
3305
3383
3953
3915
3879
3338
3294
3377
3353
3386
3393
3180
3364
3142
3355
3169
3374
3176
3356
3390
3380
3177
3366
3188
3388
3194
3389
3354
3306
3348
3906
3969
3886
3967
3309
3321
3895
3958
3286
3907
3951
3726
3962
3285
3965
3922
3956
3287
3761
3885
3941
3929
3937
3966
3950
3899
3882
3963
3924
3948
3316
3939
3911
3917
3914
3923
3913
3945
3938
