65
51
64
260
72
240
236
262
52
251
80
257
255
247
250
50
16
81
17
253
241
86
225
264
248
68
266
228
2662
2650
232
389
291
258
243
5086
1522
2854
2837
41
3017
4289
1367
1800
2079
160
2360
1524
2641
1534
4718
3963
261
4277
2356
1799
3966
1466
2645
1608
2657
1535
4035
493
40
2355
1117
4072
539
18
2666
2039
3277
3213
1612
1556
629
473
3280
637
3773
290
1048
3518
1508
456
4060
3215
3689
3271
66
472
1111
4026
4358
391
5271
4376
5370
1545
1412
1049
4369
159
3042
2637
3778
3200
2870
2801
4011
3762
76
3747
4706
1112
4373
3784
3424
4874
4350
5365
15
3543
3019
2799
1496
3568
3521
2628
1351
1607
3204
2754
1053
1332
4007
3748
158
4705
4908
2847
556
3203
4858
4291
3803
3202
2835
3863
4335
3755
4304
4270
2836
4286
533
782
4716
4849
2351
4301
2879
1252
1551
494
2435
1472
1114
2021
4062
3955
2038
496
823
1299
1139
1366
4292
286
1541
3875
2555
3798
1268
1538
555
5363
475
1572
542
1563
4305
5362
1115
1125
2
3425
439
554
1276
4173
3515
5081
540
89
3989
3692
3394
3878
798
2640
1546
383
2442
3311
2760
1247
1162
1864
4723
3813
171
4012
4260
4726
4852
5488
4787
3727
2809
2235
4039
3746
3228
4533
2876
4534
2644
3269
2378
4341
2535
3242
5275
4158
5387
1079
1254
3999
4148
3951
4322
3296
2947
2631
3190
3990
2553
3205
3804
2534
4708
3787
4019
1489
3754
4010
535
1306
3793
1289
2557
3144
5357
1558
1080
1211
415
3030
701
1402
698
453
1403
1605
1030
2958
2481
1581
5373
3097
443
500
2648
482
1172
1067
4169
636
781
1130
5388
489
3880
524
1346
292
4156
3139
3148
4170
2769
4290
3861
1314
3136
5367
141
208
1150
2968
4278
1529
1015
1568
5268
220
1326
1609
204
2220
4904
4951
2413
2368
3759
3567
1109
1237
3770
2520
1523
2483
2453
2527
4
2562
2539
4401
1265
2026
4214
3514
1118
4809
1019
3805
4020
2423
3171
2532
4581
2495
4572
1110
2571
3902
1259
828
2635
4569
5091
4306
2517
4522
4735
5199
2016
2518
4846
5085
5024
4014
2581
3484
4212
3276
285
1571
801
1869
465
4096
1218
3366
176
503
3220
3225
2893
4163
2924
770
4374
1050
1990
1989
2883
1865
4083
461
1514
4380
1058
3143
5294
2850
1379
5450
5469
807
738
794
3245
643
1307
4103
743
5439
2669
2928
4259
4146
1410
4377
378
4796
1018
799
3657
4434
2995
4640
4510
1719
4515
1745
4454
4641
5054
1753
1649
1714
3606
5150
1700
4483
511
1909
1910
515
1947
5055
4489
4402
2043
4513
5035
4543
2031
573
1911
920
2397
5042
1709
889
881
1664
5504
4514
914
839
4403
4507
1641
1660
1033
1717
4406
2395
4398
4482
28
4605
4615
2234
2790
4978
1635
5283
3788
3766
4013
1220
3170
2623
516
2538
3993
2117
4683
1851
1448
1014
4764
3749
3528
3120
2543
2223
486
1772
3411
4167
1506
2275
2017
3685
4160
2618
4969
3083
3247
1288
584
2214
380
2244
3996
1116
4517
1414
1657
3943
2239
4052
3538
2070
1708
4484
888
1756
4511
2287
4490
1912
5026
2332
2273
4469
1695
3613
1707
267
5050
7
2290
2288
4421
3103
3758
1852
4968
5052
4440
2454
1742
1671
5056
115
2856
3516
5037
5047
19
4850
5506
5046
1560
2424
761
1919
1917
5424
4816
2416
909
1476
3553
5051
5422
4545
2830
3614
1692
4508
5027
5053
5048
1837
1927
1702
1822
2343
1685
1922
4458
1758
2337
2339
1936
1941
20
2848
1712
3620
3615
1829
45
5164
1694
2956
118
5512
5005
4488
3109
5038
1665
879
880
5039
1684
1640
1475
4667
2742
4566
2490
1629
2328
2418
4632
4110
3653
1668
4498
4504
1262
1266
1565
800
3048
5322
1209
1250
1297
1061
5443
2957
3608
2819
1520
2679
2826
1144
2737
3864
455
2482
2476
3489
38
5349
4795
3206
3263
779
2976
5103
1696
1149
9
3191
4366
5360
5258
392
1223
3860
2750
3965
732
534
5021
3774
5107
4309
3820
1295
2500
1614
3971
1826
4226
1706
1698
2324
1194
4230
4544
1590
1663
2399
4360
5244
337
2327
4591
5177
2386
3605
1863
2935
902
5173
499
1479
4952
1669
565
4429
2296
1689
1887
4570
1683
4590
4443
596
1331
531
3035
3095
5210
1699
2987
2317
1073
2147
4821
4635
5211
557
5156
3002
1929
2323
2387
1650
913
5229
1721
5157
1697
1834
5014
329
1655
2867
2866
22
5215
4419
2293
3702
3633
3404
5017
4505
4494
1169
2764
1703
951
2320
5063
4405
3630
2892
595
4225
919
1028
897
4825
3587
2020
3279
2318
1969
842
4466
54
1625
1746
846
4276
4261
4527
2849
4529
5145
273
488
5115
3523
4426
916
2967
2955
5133
3732
1137
4359
2590
4562
4477
3669
3130
4467
566
2263
3533
5347
3638
1711
3639
1812
3957
4325
2591
1213
4106
2410
2966
5361
5351
1733
4119
2203
135
3251
2594
202
53
3018
112
1651
2704
5138
4355
1686
4827
5118
4113
3438
21
4459
4451
2944
4824
907
57
3110
4831
4109
1677
5025
5018
4266
4571
4577
5346
2449
268
34
3169
4805
4070
3058
2002
574
5030
5044
4655
4540
1754
1757
2833
4413
1380
4598
300
3624
2855
2314
2163
2434
2432
4151
1951
5011
1828
5029
904
3619
3662
1893
3049
4567
117
2814
3478
3569
4778
3995
2730
2639
3687
4162
1488
327
4890
4318
3707
2082
664
464
3547
414
3745
3367
4174
973
5458
1461
480
93
4747
586
402
4698
1418
4520
2606
662
1038
3848
3045
1291
855
4018
4707
4941
1539
297
2076
3767
3679
4368
1226
3818
2865
505
4315
4973
624
4659
4553
4411
2731
4563
2256
3625
2565
5288
3443
898
3315
321
4554
4254
3355
910
3358
606
4961
4627
571
82
3628
3695
3668
3583
5016
1470
3603
876
558
4166
2313
2135
3631
5493
4449
676
2306
4342
4408
4218
3074
1175
613
665
5414
4231
5006
4671
1393
3480
3936
5411
5049
4437
4476
3602
4432
4438
4418
5031
3637
3644
3600
3652
4425
1642
2291
3604
4535
4495
3676
4774
2134
4105
727
4414
4472
4461
2843
1670
2838
359
1858
5000
3961
3867
4773
1886
4575
3663
3673
3100
1675
5041
5034
1743
1897
1903
2767
681
405
97
1784
3230
3850
3952
2311
4424
4428
3686
4417
3612
3618
3599
4450
3667
1667
3688
1783
4423
2782
4453
1789
2151
4463
1011
4409
936
4521
4389
4435
1747
1327
859
4665
4481
4455
4710
932
4228
3437
4526
182
5398
334
3680
1107
2579
1083
4436
4367
3440
3924
2365
1636
1904
319
3560
459
288
5485
4826
2319
4541
3666
5503
4638
1091
5176
4031
946
1624
2178
3564
4400
4657
979
548
5325
845
4649
2110
4879
3561
4412
2298
3076
5162
5179
29
5147
4502
4496
2139
504
1975
993
5413
3265
5366
3180
5130
5350
640
3643
2771
685
333
1868
3016
2322
4420
4444
2979
4339
713
375
4445
3585
3584
4648
4643
3678
1442
4845
950
2236
3736
1063
180
2315
2654
5330
1569
5311
4234
1769
3336
908
4281
501
3632
1830
620
5436
5505
4670
815
4869
3931
5468
3635
1767
3105
692
1006
5172
3112
687
5274
2712
3182
218
5119
2743
2065
2842
1186
2857
5319
723
937
686
933
1935
5183
3349
2736
3677
2632
918
3590
1383
1395
4866
364
4525
3250
3166
5099
2303
1192
4150
4022
706
2674
3106
1078
5140
2284
3260
2126
481
597
3555
3708
3396
2548
4118
744
107
4176
1768
1808
1661
2364
211
1849
1993
1646
2805
1788
2897
4396
4509
3672
4227
2321
4263
123
1659
5492
3627
1728
470
2099
941
1840
1167
2741
3027
2415
4596
2749
5425
4004
580
4800
325
1051
4549
3991
1765
3474
207
1676
4044
2118
4556
4555
4002
227
982
2964
3305
4307
4302
1726
4308
4310
3962
133
3244
5285
223
4524
2686
3262
1673
4974
3011
5137
1632
2396
5148
4650
3629
4393
2450
4811
843
3869
2829
607
4633
3586
5073
151
2128
3998
1794
4580
4452
156
4381
2338
3232
2460
3559
2462
4835
4733
2309
198
2260
944
3556
5489
5416
3648
1566
5476
2917
3641
4093
844
4088
315
893
2823
4247
4837
1813
943
4828
3535
1730
1046
1042
1855
553
3959
2971
1360
1619
1273
1687
164
756
812
1353
3124
748
2040
209
4862
2369
3001
1803
1672
4375
3949
199
3801
739
5368
5470
3237
3061
3841
2656
3352
2108
1387
4885
1304
5364
1152
1271
2680
3471
2486
2612
3133
4364
3310
2044
4691
1533
2278
3894
5022
1939
3368
1787
1184
187
762
4530
1228
1191
1862
5083
4299
886
4528
3397
1956
755
314
1258
1878
3945
3306
2136
2409
36
1183
5315
2552
818
4840
206
1795
2889
4688
751
2113
3343
2417
145
1606
4750
5254
988
3187
2567
170
3409
2447
959
774
1577
1832
1705
1182
4493
213
4576
2455
1190
2438
1035
495
4248
1946
1850
984
3199
356
1010
1729
3621
3846
5122
1507
1356
4859
4501
4395
1833
1104
2777
5075
3418
5144
3522
478
1586
1043
3950
2033
1315
2046
1324
155
2887
2595
757
2289
3068
949
2991
277
1272
1164
1891
193
4161
2751
5324
194
2326
121
1503
1638
1713
4140
1071
3636
4532
931
3835
3064
1477
3067
1584
1389
803
942
367
1682
3557
83
1701
3552
824
5338
2613
134
169
1674
2440
1591
3099
820
955
857
1587
3023
923
2329
1807
4104
2970
938
5326
233
3737
4754
2448
2231
925
730
4642
693
2753
930
1654
1658
1710
1688
1681
1637
2931
2334
1693
2229
344
4009
3825
1734
2391
1321
1056
2404
217
2884
816
102
1810
1648
5332
1330
3003
2990
3022
3401
2918
1474
210
3372
2465
1797
5327
564
3684
4622
4597
5510
829
274
2965
4152
3487
153
4312
1815
4193
4195
1411
5461
977
1720
953
3009
872
1645
1827
130
235
974
1322
989
4487
371
3640
3439
4836
4407
3057
2895
4637
2921
3079
3916
5136
4574
733
642
214
5163
2905
4740
4357
5462
5437
5392
1766
834
5061
5423
4953
4626
5200
990
2473
3126
5277
4344
154
3617
1171
3904
1544
490
1564
4390
3056
5421
4353
4415
4422
5185
4815
5399
837
3572
2962
5266
5190
2494
4391
5171
5265
3222
4475
5128
1449
1072
3942
152
1843
3208
1553
4727
1373
3055
2761
954
2759
1195
4354
1785
404
4262
3534
4612
3257
3243
4813
2978
2540
4812
2341
2000
2241
1240
1176
722
1384
1159
5280
4416
3791
2702
5308
3025
4460
1034
1066
3117
2523
5195
5191
309
434
3211
4760
3441
4865
1596
1198
3913
1277
2516
645
4189
4345
700
338
120
2272
1796
5316
2485
3429
1200
5243
343
2773
4833
1955
466
4392
3006
2951
5132
3934
4891
2464
3562
1325
2941
437
5155
2933
3642
2700
1778
1839
3901
406
2414
2074
5501
2980
4298
4171
4178
108
188
239
1151
600
4441
360
2940
1286
2745
4585
2174
2157
712
3833
5154
2207
4644
4017
5235
1895
477
939
385
3461
2206
717
3151
4994
3935
2012
5419
1762
3051
2949
4023
1361
201
2304
302
3731
5213
3071
2871
3847
2489
2953
3201
721
2792
249
299
776
177
5440
826
817
3075
1958
4264
2715
1457
2394
165
185
5429
5435
203
4558
5033
2546
1881
399
109
4338
838
2120
688
3223
2085
4065
5020
4186
44
5170
3153
4658
4669
2974
4829
4986
2217
5146
3741
2106
2107
2498
821
2888
3650
2923
5040
5135
5125
369
1872
5189
832
111
3084
3197
3735
4542
4326
4394
1408
3028
73
3947
317
2778
1901
2733
2724
1959
4611
705
1704
1210
3980
4431
3445
1574
2456
476
4111
4943
4661
4089
3062
2739
1157
4076
2844
4196
785
426
741
3077
3898
4937
4719
2936
2937
2732
2740
3072
5174
2081
351
5032
4729
3733
4621
704
2851
3066
711
3129
1761
2845
5009
323
312
3897
532
4606
4144
1279
4802
3252
3693
3588
2672
680
435
2277
2187
3427
4124
1926
124
1269
3209
2267
4593
444
326
663
2683
2899
3488
901
2685
4628
5113
3256
3091
2096
485
3134
3824
5015
2997
458
1298
316
2914
4582
5193
1953
5013
471
5175
4333
797
4600
887
3504
1505
354
4617
1818
462
1029
4819
3821
497
660
2972
0
2276
614
56
1170
3527
2720
5497
805
2653
2480
2145
3390
2916
1225
1879
4942
786
2588
634
2015
3871
847
189
3428
1131
2461
487
498
669
3128
3059
3473
1528
5123
4579
804
4120
339
2992
1204
789
168
205
5124
5186
446
4806
1292
632
1188
3485
5246
3293
2075
332
1085
1443
860
1896
5214
131
1156
416
2502
1319
1155
1202
2812
4187
3918
1465
2589
2094
947
4652
2982
2688
1873
1793
2602
1177
1135
5184
162
1502
2959
2059
428
143
2080
997
2795
3490
2405
612
2996
1950
122
1285
1227
5238
4095
3442
3226
4274
463
2922
85
1463
2375
1032
150
3299
5400
3052
276
883
2699
2617
5403
1623
382
368
2491
2381
3907
3219
3977
2188
3728
1501
2981
3238
5201
365
2920
2142
3114
75
675
138
3830
2408
5293
625
3483
1136
2390
3125
599
1329
2862
2938
1375
2696
1621
1045
5457
836
469
594
1460
2584
4257
2133
2271
2270
956
517
4868
2989
4117
289
1884
5251
4311
2806
3983
226
1280
4820
929
3224
1328
4245
2349
5112
619
3054
579
47
3822
3115
2915
2942
509
618
2119
1012
1193
5206
4043
3531
5121
2389
3845
679
3007
608
1392
4660
1147
43
3450
581
384
2713
5404
30
5202
2305
3162
2984
3155
2091
563
3135
4875
3946
3837
3181
2162
3207
2148
2903
1215
3258
234
468
2561
3979
3092
3085
3081
3119
3004
3087
2986
5434
5386
1861
2960
2097
2943
2690
2954
3123
3108
2411
3078
1160
3104
1173
3013
1161
1303
3392
561
3164
999
1333
4506
3434
1453
2032
2694
4758
5263
1438
1997
2774
1811
1791
2161
136
4114
603
3494
4361
694
2993
4222
328
2153
4578
873
298
3111
3127
1166
3261
1801
1199
2402
2969
2961
1318
1203
4219
5256
2103
3034
3107
3834
4867
3453
1143
5231
3828
3607
2132
1101
282
1165
3282
2125
1622
1458
1349
986
310
59
3739
322
3400
960
5390
5149
3926
366
1088
3816
562
2052
275
3705
1097
4224
5340
3289
3738
3829
3831
1081
1026
3118
2939
3839
5192
1206
1096
1185
5428
992
1296
3082
3410
2825
396
1181
598
1462
4492
3121
3116
1089
5418
1075
3037
1095
3093
3008
3212
1064
2692
5007
3550
2444
355
3836
2880
246
1820
4808
104
4134
4757
2734
3932
1825
3193
710
1153
5224
5160
5220
5240
2820
3842
2948
3838
5234
2913
3455
3740
5019
5241
2821
3734
3000
1283
3775
2934
2975
3096
3088
1132
1094
178
5023
2824
3145
3840
2872
3814
1027
1214
3102
336
3036
5208
2815
1205
2875
132
2983
3796
2900
2994
991
3623
1052
3154
345
3827
3776
2925
2952
2926
3611
5264
3236
3070
3177
5222
3073
3843
2853
830
3563
3131
3806
2451
3196
342
3973
3233
3817
4139
5406
2817
2859
3452
3189
5067
5064
348
374
1076
2932
1082
1041
3015
1126
5188
3454
2873
567
222
3911
3622
5236
173
2393
3797
5225
3765
3885
2852
2403
3050
2501
2818
3090
3089
610
3012
287
2863
3039
3038
335
137
3832
270
5142
363
244
284
331
5270
1179
3566
1196
3094
281
5409
330
387
2868
306
313
215
357
350
3033
2478
3393
3451
1059
2822
1025
1108
985
370
23
1140
5143
2487
5479
2507
3795
1234
212
24
3915
2439
1588
2698
1119
1174
340
283
362
1093
2446
307
3098
361
3174
25
2467
3138
2443
2425
311
341
2348
308
5139
3065
3342
2861
60
197
3782
2477
5187
5430
280
2472
2358
2361
2881
3060
987
2468
74
1201
116
720
2511
3716
3694
2531
1090
996
4147
2264
5397
433
2013
110
559
3192
5141
2428
254
1000
2816
2345
3780
140
2846
157
1154
1142
2285
11
2528
2521
3032
2522
278
2286
1005
1102
320
3815
1002
216
1087
2342
2422
237
1069
5446
2398
2504
119
144
224
2484
5509
305
2808
1189
5093
1197
5248
2497
3764
588
1984
2280
3536
3512
2513
1892
2469
103
2471
230
2496
2492
2525
71
2281
2488
1001
272
26
2479
407
2283
149
63
184
2282
2506
252
79
2529
99
1106
695
271
1003
221
219
1031
229
3137
377
1100
2533
27
174
1092
5260
2037
181
2279
301
1105
397
4388
623
1
2988
2510
394
3594
1883
602
5282
13
191
2458
2536
84
142
2514
928
948
1004
1040
190
91
863
2346
179
1857
1065
12
2441
114
5159
858
5247
2946
14
376
3014
242
1178
4329
5198
1870
2765
3040
2508
105
2067
2530
2437
796
3044
1099
1998
279
5197
742
2703
1103
1216
167
3249
811
3691
460
166
1390
5131
1335
924
373
1874
5097
788
1148
1207
926
2385
707
1334
5178
1888
2463
2768
2493
1391
5104
1376
969
5341
5182
5255
3005
3281
1316
1208
1400
245
2350
5151
1180
3165
42
1337
3711
1617
995
833
1804
1836
2775
2172
753
256
970
1339
1378
1343
1377
3922
810
1341
604
1875
1133
684
2445
892
609
5253
749
5212
5161
934
1062
1802
1521
1988
1841
2722
965
1468
1644
5090
2392
2721
952
551
601
1217
431
725
2891
1880
5287
5339
1516
737
3157
3344
568
543
2137
1127
1212
615
5217
5513
2158
1381
5329
5094
1937
767
3549
590
1233
1532
1394
1232
2789
1385
1567
5328
5245
964
2710
5232
1229
5257
2726
2858
2684
1158
1763
691
1336
2890
2695
1340
1365
5239
537
5108
633
5296
1282
4153
962
1894
2421
1293
1382
5152
2977
3140
2882
967
5196
5230
5352
1806
2131
1313
3551
484
635
1219
1598
1348
5249
5221
2693
5237
2714
5205
5153
825
2758
5250
400
1134
2717
5233
724
5252
5106
896
1618
430
2709
5228
1230
5301
631
2401
731
2073
696
1994
492
2728
1527
745
3682
1317
1842
2089
570
1450
578
1805
1263
2457
186
1407
1653
3161
2738
750
3698
699
1352
2664
3141
1284
2406
2064
1248
447
5279
1261
674
758
5291
1342
386
1301
5227
1249
1146
5259
822
5313
148
1305
690
626
1824
1264
2708
2115
617
736
3595
4253
2766
5292
1013
1070
506
795
1084
1774
697
1374
2735
5307
644
2755
3554
2647
576
1404
1616
630
3565
432
2436
2723
1345
716
5262
101
809
747
1344
1311
1876
5290
5314
5302
474
831
1362
759
672
1338
408
1817
1310
1871
1350
709
1077
412
1358
673
1859
2310
1246
1121
2930
1145
438
1347
1024
656
764
1251
2756
1354
875
787
1428
549
592
5102
507
903
835
1764
2748
2058
900
1355
689
760
1267
763
1359
728
806
729
718
719
740
827
1889
1122
5273
5
768
587
1363
1222
1357
1844
677
2729
791
3168
2718
1821
2744
1775
3172
771
802
1369
783
2797
752
2262
1399
661
2747
1760
1601
1918
1128
1260
819
1469
958
1559
520
1068
2003
1510
569
1074
2788
808
792
793
2794
784
2752
1123
2803
790
780
814
2963
890
413
560
813
585
1300
100
1055
5261
1543
1592
2800
2791
775
1409
410
1860
512
1245
726
683
899
1231
667
1413
668
1430
648
874
1420
3292
2802
682
1945
1798
1364
641
593
1044
891
429
670
409
1530
666
1437
479
442
671
457
1540
1555
2786
436
545
2793
1415
639
1396
1518
2725
2770
659
451
2783
1433
1459
653
1452
1057
445
655
1244
441
650
657
1531
417
1999
649
2787
658
1401
2796
525
1944
1275
1597
1398
449
1960
1436
440
403
652
647
646
638
651
654
1423
448
627
577
1445
452
467
1454
1447
1224
1455
1446
491
1424
1517
1432
1368
1439
1416
1426
1456
1451
1542
582
1427
1419
1405
483
1406
454
1429
90
1759
1417
1444
1435
1388
1549
1397
1371
583
401
450
2670
1422
1425
1372
513
1856
536
1589
421
1602
2663
419
420
1554
529
1497
526
541
2354
418
1494
1386
3053
1578
296
1938
2671
2776
2784
1047
2779
424
2649
1141
2780
1511
1585
1882
1086
1773
390
1575
2299
2667
1583
1792
972
1037
2124
998
2090
2781
2127
293
3142
1023
2885
5441
1962
2051
2129
393
1942
2295
1593
1948
1930
2060
2757
961
1550
856
3043
1976
2095
957
552
2121
2092
2122
1060
2010
1853
2762
2138
2063
1599
1270
259
1493
1257
2078
2116
1604
1039
2763
1547
1974
2347
2169
2901
2007
2727
3163
2785
2101
48
1932
3696
5460
2086
1611
3819
2087
1899
3706
2083
2146
1580
2098
2104
1113
1287
1495
1562
2056
2123
1480
547
2112
1906
2114
1885
1971
2053
2068
1525
1952
294
1770
2100
1243
1985
2630
546
2042
1594
971
2111
2927
1973
113
1256
1934
1281
2655
1054
1573
2084
1582
388
2183
1576
1987
2005
1954
2651
2673
1603
2141
1995
2678
2675
2057
2152
2109
1129
1991
2023
1241
1242
2658
1255
2676
2030
2004
2011
1022
2062
95
1986
98
2071
1239
2041
1473
2049
1610
422
2659
2024
92
2045
1537
1771
2160
2665
1835
2066
2660
871
395
96
966
1923
963
1613
4313
1512
2576
2668
1615
2426
2195
175
2216
2025
1238
2072
2035
1992
2027
2036
2069
2652
1482
1253
2054
1983
1481
2034
2018
2603
423
1236
2077
2008
1483
2219
1557
2661
1970
2001
1877
1620
2181
2006
1816
425
4378
1509
870
1526
2475
1972
1124
2550
1485
1966
3290
869
868
2604
1963
2088
2019
1515
1498
106
39
2028
2427
2050
1968
2140
1967
2009
2149
1964
975
1965
2168
2154
1536
94
2474
2173
2171
2362
1235
2466
67
853
3
1499
2452
867
1666
2503
976
2155
2359
2719
854
981
2519
2470
2218
852
2570
2633
1680
2367
851
398
172
196
2205
3046
125
2615
2705
980
2509
2499
2622
2430
3010
1491
848
866
850
2431
6
1679
2388
1552
2420
2377
2573
1647
2626
1656
1643
1652
2524
2526
2614
1500
2554
2383
849
978
2643
2380
2551
146
147
1484
2566
2515
2537
2578
2366
2559
2638
2610
550
2587
2379
2563
2600
2382
2619
161
2642
2599
2577
8
2541
1021
2197
2373
2376
2611
2596
1490
2575
2580
2547
1487
2542
2601
2605
1486
2592
2572
2372
2586
2597
2629
2620
2371
2582
2598
2593
2625
2634
2545
2564
2624
2636
2621
2556
2583
265
2569
2544
2608
2370
2646
427
2568
5109
5337
2558
5226
2230
2192
2228
5333
295
4331
5334
4238
5169
4385
4371
5353
3268
3275
5344
5305
4387
5117
5114
2253
2208
2202
3264
5158
5320
4244
3283
2255
5379
4271
3274
5323
5297
5284
2194
4328
2179
3703
4265
5377
5309
5378
3047
1961
3794
3031
5120
127
5306
32
3240
5312
3704
3582
3383
5396
5412
4283
5358
3868
3273
2929
3683
3713
5376
5168
3288
5167
4334
4323
5299
5298
5281
3221
5278
3254
4386
5375
4246
4249
5343
3234
3041
5369
4370
4272
3266
4320
5372
3697
3710
4356
3270
5359
4250
3577
4410
3248
3519
4275
3272
4268
3278
3227
5116
2164
4324
4279
3160
3231
33
4362
3365
5203
3545
2196
3709
3576
2150
4327
3253
5385
3291
5389
5286
3285
3235
3699
3286
5371
3700
4258
5383
5380
5374
5272
4252
5267
3578
3446
4280
4560
5303
4233
5304
4319
5348
3701
3751
3217
3029
4583
4316
3544
4296
5295
3467
4107
4239
5451
2209
5310
4130
5354
3517
5455
5342
1982
3321
1777
3391
2813
3412
3972
1036
3712
5317
4242
5356
3574
4384
5331
3592
2811
4287
5321
4337
3593
4269
4243
4321
4251
3575
4273
3537
3539
4267
4314
4256
3580
4112
4295
3532
3541
4379
3152
3509
4200
3430
3714
4240
3468
4285
2199
3507
3579
2190
2215
1016
3379
4165
2159
5511
3371
4172
5448
3540
3413
3329
2170
4157
4141
4346
3524
3466
4232
4164
3448
3546
3482
4155
3500
4382
1017
3426
3581
3498
3883
5456
3510
3810
4136
4182
2242
3529
4294
4223
4332
3354
4138
3481
3178
3195
4365
3210
2248
3499
2130
4303
2204
3447
3812
4383
3715
128
3477
4177
3472
4300
2144
3194
2200
3389
2249
2257
4159
3506
3433
3497
3785
3297
3432
2254
4149
4241
2237
3826
3520
2238
1977
3513
4293
3421
3760
3146
2193
3175
1978
2166
2198
2182
126
3476
2156
3492
2212
1979
1981
2143
3779
1980
2250
5407
2227
2222
49
2185
2189
2191
4137
3176
3362
2210
3324
4201
4221
3147
4122
2259
1020
2180
2176
129
2186
2175
31
2167
2177
2165
2211
3415
2213
2251
2247
2224
2243
2232
2258
2221
2252
2201
2184
2245
3416
5454
3414
2246
2233
3156
3198
3339
3456
4115
5420
4284
3460
3469
3420
3616
4127
3431
3294
5408
4121
5433
3958
2240
4078
5445
4343
2226
3465
3464
3295
3948
3881
4100
3458
3417
3463
3422
5482
3423
4123
3865
4061
3298
4053
4125
4523
4055
5464
5494
4092
3888
3373
3356
3333
3855
4217
4208
3722
4185
2810
3890
3859
3530
3892
3353
4175
4181
3348
5508
3895
4084
3862
3967
4079
3808
3721
4129
3357
4197
4135
4116
3939
3395
3218
3905
3937
4097
3879
4205
5432
3173
5438
5459
4069
3912
3457
3874
4518
3941
4094
5447
4048
3956
3332
5442
3781
3449
4102
4101
4128
4126
4098
4519
5465
4091
4090
3823
4080
4025
3930
4038
3858
3717
3388
4145
4108
3889
3525
3364
4086
3188
5463
3150
3149
4046
5076
3799
3893
4154
4215
3900
4087
3802
3857
3757
3929
3769
3886
3909
4347
3921
3906
4624
4045
3919
3856
3723
3920
4074
3908
3969
4592
4073
3876
3790
3953
4608
3928
3718
3910
4620
3800
5444
3756
5415
4179
5452
4559
4075
3375
3882
5473
3854
4728
3185
3877
5474
4071
4770
4601
3399
4573
3872
3768
3809
3724
4040
4085
3887
3873
4049
3763
4032
4037
3968
4006
5475
3896
5491
3852
3940
3988
3870
3807
5471
4008
3986
5467
3726
3725
5394
3302
3331
5402
3964
4184
3609
4005
4066
3318
4050
3987
87
3216
3960
3985
4029
4131
3319
4132
3944
4634
5453
3997
3338
4782
4877
3377
3351
3327
5431
3914
3317
3323
3933
3325
3925
3341
4042
4003
3917
4711
3316
3347
4057
4168
4709
3303
4058
3361
3158
4041
4051
4063
3970
4133
3346
4720
4749
5483
4047
4054
3386
4839
4194
4188
4838
4028
3350
3380
4684
4886
3340
4015
3183
3374
3382
5426
4799
4685
3314
3345
4021
3853
4210
2878
3312
3186
3387
3385
4191
3378
3376
3381
3313
4202
4199
4192
4207
4180
4204
4211
3360
4206
4209
3184
3159
3359
4198
3369
3384
4190
4213
4216
4616
4776
4777
5071
4769
5080
5405
3777
3753
4748
4810
3984
4686
3772
4531
3903
4607
3610
3789
3792
4599
3891
4034
3570
4550
4798
4894
2874
3729
4841
3730
4551
3783
4027
4614
3752
3982
5393
4610
2225
4594
4630
4873
4784
4561
3761
3866
4759
4679
4604
4818
5001
4629
4016
4033
4668
4656
4722
3811
4653
2864
4834
5004
4647
5074
4690
4751
4803
4793
2877
4785
2896
4855
4853
4765
4699
4738
4976
4000
4842
4918
3743
5078
4755
4817
4721
4741
4779
4701
3981
4636
4766
4663
4704
4001
4789
4731
4847
4715
4771
4854
4790
4788
4794
3849
4822
3742
2827
4772
4823
4843
5003
4761
3978
4664
4791
2832
4700
4923
4876
4915
3992
4997
4730
2828
4762
4872
4998
2831
4851
5002
4797
4975
4807
4970
2898
4783
2869
3976
4717
3744
4695
4844
4725
4775
4792
4732
4767
4781
4980
4703
4780
4848
4999
4883
4860
4713
4763
4768
3750
4666
4962
4804
4909
4878
2886
4992
5449
4756
4965
5395
4744
4702
4712
4996
3994
4924
4972
4752
4724
4746
4687
4931
4857
4801
4993
4936
4680
2912
4736
4925
4917
4745
4753
3975
4786
4743
4737
4681
4983
4946
2906
4856
4990
4927
4887
4938
3974
4678
2909
4696
4880
4984
4863
4949
4928
4910
4892
4897
4899
4987
4960
4991
4682
4957
5477
5466
4870
4932
4948
4901
4929
2908
4982
2910
4971
4693
4692
4906
4930
4988
4933
4995
4926
4920
4989
4694
4893
4881
4945
4944
4964
4934
4884
4958
3771
4939
4898
4955
4921
4905
4947
4956
2911
4966
4959
4985
4907
4916
4677
4981
4977
4914
4979
4889
4940
4922
4935
4913
4896
4963
4903
4900
4967
4902
4954
4911
4882
3573
4675
4888
4950
4676
4919
4895
