59
199
57
203
64
216
217
210
190
209
62
200
71
55
212
191
16
1937
222
15
202
70
221
1939
78
2359
4181
2485
1936
208
379
17
181
204
40
82
412
1933
1941
185
58
2207
1943
2490
219
133
2217
2353
75
2215
3
192
2374
69
4175
132
83
214
389
1347
4192
2179
4180
3503
1293
380
353
2091
446
2344
2088
4471
4345
1350
4185
438
4
4358
2186
2365
1740
2187
2372
2472
2368
249
1283
3545
1266
409
4183
4174
4170
1750
1078
3513
2174
4465
327
418
2698
3539
4369
463
2115
2069
3553
2437
4387
1020
2622
1349
2143
373
1085
1282
1298
2326
4474
1930
2496
240
365
2343
65
2317
2704
3080
2093
2411
3909
215
2660
3495
3128
2447
3918
1575
3120
2133
2439
2523
4279
241
1147
807
852
3174
402
2214
120
2218
442
1947
1753
1278
2178
3182
1928
946
4297
489
4337
2083
1305
2089
4376
361
2623
1932
2044
926
1070
2656
1352
1251
38
3514
41
3912
3549
3571
3193
4403
3535
1748
3546
1495
1243
580
3304
3521
2959
1182
2345
4440
2412
3593
3528
2701
3576
3524
1108
1737
1566
1187
2643
4390
1801
2124
3570
3557
1183
2356
1671
3592
581
4325
4318
4323
3473
1666
3548
3186
3291
2211
1018
248
4547
4523
3729
244
4530
4533
490
2107
3896
1146
2
2112
3123
1684
1184
1351
1341
1019
61
2213
2188
2206
3176
2220
3192
1023
2104
2045
1307
391
433
392
2376
1111
804
1494
3984
617
491
131
2924
89
1687
4396
2650
2424
94
1046
3383
252
4314
3194
1956
3181
1957
4326
2635
3517
4200
2588
2657
243
4447
716
1014
3149
3185
2436
2821
3540
1035
1065
2103
2039
3263
324
821
1579
2519
2644
3472
4446
3536
3347
2722
4379
2648
662
3626
1118
610
1297
1261
2927
1097
1287
1173
2049
1285
1309
2073
3640
1042
3493
561
3280
2371
319
1272
4281
234
1486
81
86
423
3989
1337
1562
805
2575
858
631
536
660
26
483
599
3718
2572
1114
3175
245
1713
3381
3507
4438
4479
1783
4333
3264
2175
3117
4433
538
4207
3056
2158
2102
4340
4304
3941
2960
3288
3905
2673
1963
2776
859
2125
499
4267
2430
4542
2518
2515
2921
4172
2859
2781
1979
703
2366
2203
2640
2327
1074
2210
3700
3706
3298
19
20
2341
4245
2995
4230
3022
4130
1677
3318
1435
1657
3489
4166
56
797
780
3015
3714
44
1467
1427
1474
3975
3757
3233
3725
712
1578
3978
1406
3796
1897
751
4191
3001
2968
684
4049
3605
1583
4272
1302
879
543
297
2848
7
2307
851
108
258
2529
2454
1648
407
326
3550
1105
464
518
80
145
931
930
934
834
3968
88
2535
3132
2190
2744
4291
3382
3974
3196
1722
377
341
1886
3396
2822
4448
101
443
4118
416
4512
2487
1889
2010
2239
1414
3707
2844
1893
1479
4487
1814
2014
2754
4156
1374
1589
3698
731
2857
4363
3562
1403
3491
1457
3803
1402
1527
3684
3793
3683
2691
3804
4210
1905
130
112
3604
2136
1568
1888
1603
1619
3753
3708
3606
3609
2934
46
1468
4225
1922
3824
1830
3783
2937
3305
32
1487
3875
1858
4238
1453
3737
53
4308
695
733
1264
1547
3633
1522
1529
3696
4059
3607
3478
3713
4171
2249
3846
1563
528
3850
2829
1509
2939
1537
2245
3816
3814
3690
4169
4163
3702
1089
1536
2713
3460
1953
1838
4070
103
1308
3581
2864
1586
2322
1525
2020
925
2981
1373
3676
1675
1372
756
1976
3620
292
4018
2759
2007
1447
4506
436
2031
3886
1914
744
779
787
785
3863
1901
1368
3114
3967
1440
1475
1375
595
1780
2969
2391
52
11
1798
3773
1875
471
3671
1498
2852
773
22
1816
2292
1465
2041
1538
4531
2861
1972
3798
3466
1258
1544
1973
289
745
2023
1497
732
2015
2693
3815
3710
3715
4364
2958
1180
4351
1191
4290
2636
1353
1672
2170
3577
1995
4538
4208
1512
3157
381
323
444
4231
2320
2385
1281
1571
4275
182
3642
3637
3335
3141
4206
1356
4313
3052
2505
1702
2784
1665
3086
1741
4194
1545
4401
3124
2354
1987
2221
1542
4507
1551
1581
1645
1580
3543
1371
1676
3687
2489
1511
3590
1370
2997
1482
1986
1366
3018
1472
1782
1686
495
1555
425
4368
566
1612
3805
2577
3021
1892
4178
1730
1365
1727
1502
2747
1904
1458
3988
1626
1462
1559
91
1500
1450
486
2881
3694
3951
1227
1496
2142
4095
2467
3759
792
3407
3395
718
3218
612
564
375
429
1891
3821
4019
2289
1038
3586
2134
1661
437
288
3508
3836
2833
1632
4167
2149
4493
2364
4430
1590
3901
4261
4190
1540
160
1596
3487
2138
3200
503
2494
4040
47
3754
1333
681
3874
1040
2231
1863
3789
3665
1768
2433
2270
910
3004
1689
1895
4496
3925
1617
4482
3813
3527
2685
3109
3795
736
1171
3027
3840
198
4585
3799
729
4578
4138
2985
2238
3776
768
3788
3772
4062
2746
737
3711
3748
2993
1611
1651
1791
1428
3438
1155
211
3712
644
2897
4241
1613
1920
3686
3679
1480
1597
3367
1842
1469
1250
1088
1433
3087
316
1423
311
3771
264
4460
1436
1445
1478
1417
1439
1442
1444
3681
1422
308
4249
1367
3691
1508
3703
3704
655
1720
4529
1230
537
2950
1455
1438
983
1543
1441
1582
4176
3152
784
2096
4237
591
3346
653
767
2740
3758
1463
2681
4502
1249
1787
3199
2246
21
1398
3701
1446
1364
1421
1452
1448
1459
1424
1270
3820
1434
1466
1460
995
3699
1407
3672
590
1443
2003
724
1477
1697
3678
1915
3878
777
3033
3858
4388
1846
3457
753
4083
2987
3917
2165
2236
755
1606
3954
1430
4362
3660
1471
1419
4092
1408
4367
2230
4214
3685
3810
3456
1157
3768
194
2989
4025
4558
333
2287
4084
2733
3341
3822
4492
314
207
3617
3003
1369
1629
4581
3145
1690
4415
8
3807
3404
4126
674
2750
574
723
3563
2000
1584
2520
3818
4276
670
1588
317
1481
2001
3791
3065
3730
3488
1971
799
4499
3833
4253
1461
3774
3784
3738
3361
1573
4247
3017
2925
668
790
3293
3501
3006
1944
3659
1400
3360
2860
417
1185
1594
4501
691
1599
1950
4311
775
3825
2986
3282
2956
1412
3854
827
793
4220
4133
1803
3650
606
1614
3555
1913
2689
1679
2952
3598
4030
431
1655
786
521
1721
632
4248
923
4505
4380
921
3806
2994
224
100
1662
3225
420
4408
4242
3490
1682
432
4567
3924
3972
2820
2194
3933
3721
3976
2497
4548
633
4168
3413
2258
905
960
2171
3262
1113
654
3113
3983
2655
1136
468
1238
1955
1140
467
4535
479
4441
2068
2813
1148
3635
242
3096
2511
3934
27
3928
2097
1252
1554
3636
2621
4549
4556
1153
1013
3939
3675
3689
4012
3147
2659
4500
4015
3645
1139
3220
1141
3235
4154
3860
3268
3275
1017
3949
4022
1598
3904
3838
4427
4483
2658
557
2157
3069
2949
4481
4576
1510
3693
3907
4526
3997
4586
3066
2229
3952
3897
4034
3746
3862
3906
4519
2991
3667
3697
3638
3970
3962
3940
4186
4182
4419
3276
3601
3990
4545
3995
3349
3808
3781
3749
757
4029
2043
4043
3070
855
279
1949
3025
1620
1694
3775
2951
868
535
825
2543
2947
3040
4571
1535
3889
4165
3603
3292
3986
3922
35
3817
4397
3209
1499
3892
383
2834
3985
2837
2106
4155
3019
4005
1087
589
2241
4026
1628
1674
3274
3108
2884
3668
165
1168
2697
2379
4564
1790
3651
3893
890
266
3735
4064
816
1601
3964
1771
4041
1907
3902
3652
3278
3969
51
3724
3283
2274
2948
3894
1647
3857
2248
3273
1786
3750
4518
4035
3910
3994
4009
2663
1528
2707
2405
942
237
1693
2836
3979
4508
2824
2816
1324
3987
4414
4057
924
2251
1615
4158
3747
2318
3297
4486
102
1784
3837
1621
2606
1910
3961
3792
3929
1788
1763
3861
3965
4552
1819
3366
3314
3991
3855
3887
2990
3958
1849
187
4001
4014
3644
677
3731
3755
4089
4164
3873
1650
504
1789
4494
1454
291
4112
523
3845
3895
3959
3926
2653
1796
2347
1418
1754
3996
3960
3923
4145
3320
1785
3953
4510
3942
4550
1848
1855
4134
1909
3900
3955
99
1384
3673
3680
4021
1795
4562
1864
1678
3643
4161
3830
4582
2162
2868
2552
4234
2867
613
2463
3000
4042
3852
3946
3760
3915
3271
3290
3930
1807
3277
3888
3310
4036
3956
2878
3911
3957
3272
33
3851
3844
3936
4497
3629
4488
4146
3966
2915
2350
1809
3662
2416
2935
2500
605
1382
34
3219
1393
2682
2851
1602
1151
2999
3920
3752
3945
3829
3794
4140
3023
3971
4570
3947
3812
3948
565
3786
2938
3613
4011
3848
4038
3325
4579
4020
3763
3742
3741
1815
4566
1506
3533
470
105
1659
403
2114
3832
3809
4058
2397
1829
1383
3469
3035
4328
1505
3943
3849
3734
4136
3931
4569
3801
3921
4066
796
3982
4047
3811
3296
3871
3309
3847
4071
4187
3315
2495
3740
1385
3011
1851
1733
4013
4135
3899
1991
3009
762
2161
2955
3012
680
4149
213
4240
1560
628
3197
761
2263
50
2018
3868
3944
3736
3913
2255
772
770
771
2828
3880
2340
2450
4017
4513
3826
3839
2940
3831
4028
2247
1806
3872
2835
3937
1507
1778
1609
4584
2872
2810
1404
3630
2936
4303
3575
1451
1156
2300
4553
722
1868
765
93
1126
435
760
3302
3916
763
794
1755
97
1416
2295
4007
1847
4031
4300
1652
1658
3578
374
2847
3865
1739
1836
4024
3632
2988
1776
3154
2890
4153
1862
1822
1396
1794
4239
2954
3883
4490
2306
1818
3963
2252
3330
66
3245
3745
1870
3733
4054
3980
4082
4061
1811
2305
1926
3371
4152
4561
3780
3841
3835
265
3914
4048
1397
3870
3869
1769
1908
2876
3992
4032
1644
1642
789
4557
3842
1704
1867
3520
3885
3866
2269
1388
3008
3467
2486
2223
4046
1793
596
2887
3882
2337
3881
3834
4033
3884
3790
2237
3879
2301
3770
2832
3762
3797
1805
1966
4073
1826
1592
4010
4050
4544
3827
4000
2382
1567
4489
4543
3726
3823
2996
4003
4006
1820
1485
4498
1623
1030
3614
4528
3877
1718
774
3442
2163
3819
3744
2321
3779
3778
4151
3998
4157
3615
3864
3756
4055
1705
3993
4150
1837
3981
3859
1646
4008
1857
1856
106
4004
1843
4002
3206
3766
4563
2945
4583
3094
1633
2839
4023
1504
4088
2916
4016
4044
1595
3743
1519
2243
1876
4573
4148
2342
36
49
1641
4555
3764
3119
2899
1779
2922
3800
4537
3787
3294
2840
3727
4086
1725
1831
1517
1896
4503
1860
1514
2030
1817
3016
1899
1663
3024
1643
1518
2886
2905
1411
4067
1698
2892
1980
3422
2244
1802
3421
3720
1767
4565
1638
3093
1812
4560
1363
3973
1572
4045
1873
1850
2843
4568
2982
1660
1389
1859
1866
1608
4559
4075
976
3295
1900
1931
1607
4580
4536
2929
1707
4060
3999
1772
1585
4079
2932
1852
4491
2312
3677
895
1716
2665
1760
3777
1639
3628
1041
3723
4575
1869
4215
1854
1902
1878
1853
1865
3646
1664
1653
4065
4037
2976
1861
3722
4572
4554
1894
2946
1759
2980
1701
43
2977
3092
2891
4081
4085
647
3213
3031
1691
72
1515
678
2438
3020
2452
3653
3624
1839
4080
1845
1834
3674
1821
3621
4106
3682
4039
1844
850
2373
3655
646
1503
1833
3091
4072
3618
1841
3079
2841
3649
2444
3281
1835
98
3600
1883
692
1911
3232
1079
1550
9
4093
3919
3597
2478
1569
1637
1824
3047
3028
2975
3666
3647
2983
3044
3867
3625
1649
849
96
3688
3358
4056
3639
4078
1879
3634
2336
104
2250
4053
4532
1797
3201
1825
129
3602
1813
1083
31
4110
3284
1031
4074
1680
1744
168
4094
1770
396
2898
3441
3717
3664
3828
1800
3654
3641
2984
2972
1766
2978
3658
3062
4051
2339
30
4098
848
844
1871
4097
1587
1758
4091
4509
4077
3301
3279
3097
4255
3595
2396
2378
3050
3058
1747
3041
2338
3785
4069
1731
128
746
2393
2346
2771
1605
4099
3090
2979
3127
4096
4160
3599
4063
4090
3089
1039
1723
1377
2256
2389
1774
4127
3522
1490
1840
2383
3728
4139
912
4266
739
693
1048
1709
4128
3045
1523
2441
2226
1134
1654
143
1775
525
2800
1832
2853
803
179
1828
3876
4087
1376
4052
4147
1872
2349
3739
4116
2381
1751
1881
4129
2455
1938
845
1756
3100
2355
2335
2375
4108
3189
2931
4076
1764
2233
2387
4101
4144
1513
4143
3227
1137
3190
2288
928
1131
2242
2395
3228
2896
3769
3188
618
2384
4103
4100
4102
4141
2901
2348
1735
1656
4522
2904
4131
3150
4142
3195
4113
4520
837
4105
4104
3078
1752
1715
2334
2492
1120
2225
3126
2928
4484
1100
3767
1531
3303
2974
4252
254
1917
347
4541
981
3400
651
4361
3363
3077
4109
2394
4137
2363
3313
3111
3306
2377
4485
4132
4551
1726
4107
84
2930
3332
1757
1640
1743
3074
3202
1489
1736
2299
1808
1712
4204
4203
640
4349
2369
1745
1706
1792
3338
2491
4283
115
2418
696
4527
2367
2683
3719
3932
3139
79
3326
1746
4115
3316
3285
3323
1027
2235
4546
4117
4312
1492
2918
3239
1948
3765
3324
2360
4251
1029
2846
4202
2296
652
1625
3229
4310
1044
3146
2358
4189
4273
3029
1401
2669
2695
4456
706
261
971
1724
1636
1719
2284
1732
1410
1673
4534
1432
1082
2676
2842
1028
1742
1708
1919
4514
836
1635
4516
2674
1703
1561
4540
1361
2417
2919
663
1762
1331
3373
1488
584
2895
1053
1047
1052
298
2276
2488
2855
3014
3010
1279
2871
3716
3155
1359
1526
1358
1738
3177
1685
2933
1688
2944
2675
236
1749
1668
1627
2875
3112
738
4525
4515
1037
1520
1413
1924
1336
1616
3322
2913
1033
3131
1516
1965
1096
3368
2282
238
3178
2266
853
3071
3427
3584
3101
1268
569
509
1630
1974
1728
1631
1051
1695
1622
1060
1362
2903
4511
1061
838
1600
1604
1049
2303
1714
1734
1069
1564
3118
1717
1553
1163
1634
3136
4521
3312
1036
690
2267
2818
3148
1683
2310
3151
2227
3075
3414
2923
1546
2827
1491
2863
1086
1692
1558
1050
1570
1067
1667
1068
1593
1034
3231
1549
2912
1059
1064
1093
2298
3076
2240
2283
1493
2291
1942
1062
1066
2260
2261
3102
3013
2885
1710
2311
3105
48
675
1670
829
1804
2908
689
186
3574
3551
1256
2445
1700
1077
1110
2278
2273
1099
2234
2277
2297
2281
2293
3116
567
2308
2313
1103
206
1565
956
2294
3261
658
2388
826
2920
683
3596
1073
1306
1076
1080
2756
176
1574
759
3051
1127
1314
2275
3098
802
1125
4209
2362
856
1577
2309
2272
1054
1075
1317
1903
1043
2286
2228
597
896
624
2268
648
1521
1123
3156
939
1117
1144
586
3106
791
927
3265
3142
1997
629
940
885
863
906
614
301
2264
2390
988
2066
2830
688
1159
3470
90
3256
1124
608
607
3250
3243
922
5
626
639
1084
1483
2942
1098
615
669
568
2304
2271
808
2259
1135
1081
576
656
2285
585
3411
630
1092
3161
4198
1877
3257
2254
1055
1323
141
4473
2280
2741
3398
714
2262
587
1003
1160
560
2257
661
1115
623
676
1056
619
2831
578
620
1129
1158
601
634
611
600
3251
573
672
846
982
2279
1101
1699
861
782
985
992
986
2911
977
1010
1143
832
667
806
1906
4377
2578
3436
2909
3476
3552
1556
577
1142
598
1072
609
572
625
642
636
1063
1071
1145
664
1009
1884
3486
1874
571
967
2910
671
666
1015
10
588
559
3479
2290
990
3063
1106
819
657
754
847
29
1104
730
3403
2966
493
3418
2926
798
643
1090
843
649
1091
579
867
1094
1167
583
735
1882
1107
857
4539
616
2917
635
650
781
870
3059
1005
645
3619
747
778
3405
813
1057
508
665
707
769
882
943
2971
913
2943
958
721
1399
972
970
872
869
1109
627
948
978
938
1387
835
637
604
725
1175
711
484
3122
3393
728
3406
1154
3329
1405
621
991
883
3569
1934
952
3392
830
2392
894
2140
189
1095
3529
2473
1194
941
2526
164
2729
1228
3240
800
1170
2941
3416
42
1102
962
1122
3399
1415
3412
3394
1379
809
2902
929
410
969
944
873
3423
87
3420
968
810
965
3417
3505
3519
2865
395
937
3431
916
831
833
3130
815
3222
998
3483
439
1177
1259
860
892
2862
959
2845
3046
1380
1885
4517
764
886
727
1008
3212
12
3506
1132
2866
68
3428
1360
884
2815
2856
2894
720
904
4587
1409
2967
3410
811
414
812
3419
1001
2032
2869
3115
2870
3221
2850
726
980
1226
1000
2422
3140
2819
1437
817
2880
1431
3144
554
3226
2726
2879
2628
1425
3331
2889
2755
2906
871
3252
421
2858
3236
477
719
984
841
2900
3241
3255
570
3327
3523
2814
1121
949
1254
659
1342
2443
3561
413
2051
2973
2970
1327
1012
3187
2907
3223
2761
3238
3234
3242
3356
3172
3048
3230
3042
1119
2727
3216
3064
3137
4524
2752
556
875
3430
3372
1116
4504
2751
3103
3043
2799
3515
3034
3342
3497
3375
2009
1996
404
2883
1381
111
2914
1004
3267
1204
3362
2728
3224
3211
3095
3049
3259
3246
3249
3217
3073
3588
3248
3344
3214
3179
3247
3502
1021
3036
3379
2645
2825
2826
3061
3104
4355
3477
932
2807
907
2005
1988
955
2962
2563
3160
950
2731
2035
3054
4343
4216
2410
3439
2426
2725
2745
3253
3215
3244
3890
3908
3072
3067
3032
3321
3266
3068
3494
989
3376
3541
3374
2957
3030
3333
3594
918
2963
964
975
2823
3037
4211
3437
2893
4398
3198
3435
188
2333
3391
3355
3055
459
887
3203
225
2772
1224
3210
3532
2953
3378
3377
3337
3482
3401
3328
3433
3307
3334
3616
3339
3133
3286
2888
3099
3426
4243
4250
974
3359
3060
4205
4254
3336
1007
3547
3369
2607
170
740
3568
3110
3454
4424
2421
376
510
3458
1253
3526
854
195
3370
3350
3343
3397
3300
3580
3289
3207
3351
4282
592
4264
3352
3348
3345
4232
2964
3354
4466
4263
4280
3387
3542
2330
2763
4224
2783
4236
3287
876
4227
3440
979
3903
2730
2670
2777
1299
142
2586
3402
2156
4269
840
4212
3340
3481
4244
3573
3308
3053
4197
3254
3299
3183
3534
3444
107
3380
2737
2792
4256
1176
4329
3184
3205
4222
3538
1975
4262
3492
2632
4270
3390
1181
3453
4307
641
685
4445
3558
993
180
748
741
4449
2332
4257
2118
3455
3258
3891
687
758
3415
795
1164
3409
897
3468
3445
3537
3564
2724
3443
2742
4316
3459
1186
3353
2812
3452
3057
622
2805
2801
1257
593
2738
4350
3510
2739
933
997
2631
3572
1189
3447
709
1165
3143
3446
3386
903
2961
3388
3451
3389
3432
3408
3512
3424
2749
3449
2723
679
2319
682
2736
3429
1276
743
2743
2849
1316
3448
2748
3450
1304
2734
1172
1188
3425
3204
1195
973
1166
2611
742
3475
749
2798
2718
1161
575
2803
1280
865
3260
2609
2787
1198
2760
2786
734
2767
1206
1292
1193
582
1200
3461
2758
2797
2613
3357
399
1196
2796
2766
1178
2808
1006
2642
824
281
1179
2804
449
2802
1152
2794
1203
1197
2720
987
2721
544
2735
2612
4173
2639
996
2774
3499
2757
2788
2782
1277
2790
2791
2629
710
2610
3191
2765
2789
2637
2811
3385
2614
2616
686
2764
3269
2793
2762
3180
2357
63
532
2778
3384
994
2785
2654
1271
474
2608
1214
2706
2769
1207
4235
2719
2647
3559
936
440
460
2633
2773
2768
3565
2615
2668
2651
465
3582
2662
2316
4293
1174
999
3591
520
332
3567
877
4292
3270
401
540
935
966
346
2517
3583
2664
527
458
1294
76
862
2677
250
4285
1169
4294
3171
28
919
497
4233
2688
501
2219
2630
77
500
154
505
963
434
2692
507
481
447
2619
4480
177
3504
400
2780
908
4274
2671
478
482
157
344
515
343
3465
476
158
4467
702
2703
485
4462
3163
708
4378
256
167
4219
454
0
3531
223
512
480
1011
430
488
494
492
1232
3496
4347
3530
3544
348
466
3525
2483
23
2702
4476
371
4381
4195
3485
498
1199
24
3463
3135
1225
272
355
356
902
4296
1213
2646
172
1284
4365
3589
1262
366
1269
2017
1925
4201
516
1255
529
1202
2710
2181
384
342
405
1208
893
558
334
363
4179
1210
4413
4458
4457
1887
4385
506
354
2684
533
2024
1322
1205
155
171
3462
426
1162
469
1321
2568
393
2198
394
4366
2516
2589
2581
1221
387
1217
1216
555
372
545
473
1211
325
1212
4426
553
472
1220
552
1209
1229
336
331
456
337
406
2224
1222
335
2404
3471
357
3554
116
1329
369
398
2482
340
4477
367
1231
461
4288
2696
3134
1026
3165
338
548
339
428
541
546
1192
1149
1218
549
382
1223
1215
305
530
542
397
1219
2582
475
1929
534
385
531
359
462
368
511
1338
2618
550
2204
390
514
953
2687
2602
1344
1112
2965
1301
2634
539
2686
1022
522
526
378
547
947
388
415
364
1234
1236
1237
1260
330
2617
321
1311
360
1303
452
1348
1319
1310
2177
370
2574
2694
2638
2216
2620
1343
1340
1025
2521
1326
362
2199
1233
1335
4461
1334
260
945
226
2705
174
1295
1346
1935
1273
1345
1320
1315
1263
424
1339
1318
1312
1296
1328
1239
2209
315
2708
1288
2191
1286
2351
2661
3464
451
4468
230
2403
2565
4478
274
2208
2189
2183
269
2711
3153
445
4360
4475
2070
2072
4395
920
246
2192
2197
2425
350
427
419
422
345
2126
329
1291
328
2408
4386
408
1024
4402
2680
2151
4422
148
2212
4472
255
4421
4354
2193
2509
2510
233
4410
2539
2176
2667
2540
4392
2315
839
3560
60
2561
2499
268
18
2508
2566
2548
441
2506
2571
864
352
2503
2507
2700
2182
4394
4432
2201
2195
1245
2533
2714
2546
4431
2549
39
2594
114
2678
4469
1240
701
1241
700
270
267
705
866
275
144
699
2690
4393
322
3480
2591
2627
4278
2167
2180
450
2164
351
448
457
4455
2542
2407
2148
4346
273
4405
4418
2532
1247
453
247
320
293
2592
2525
2709
2370
4463
4464
4299
2534
303
2434
2504
4196
2153
914
874
300
2554
2557
2028
229
271
2672
92
2502
888
2712
2501
2576
842
4399
2498
2599
3138
4375
4442
4470
235
881
239
4434
296
2130
2593
898
2596
4315
2555
2715
2597
257
2558
3159
231
2145
313
2084
4439
4391
2699
2585
3500
4437
232
4453
295
312
4404
1989
1
4450
880
2406
2530
4384
4417
2595
4412
166
4452
4411
287
228
4459
4443
4435
299
2514
3129
2567
4416
2449
4382
276
2626
3125
4407
2562
2544
2573
2598
2550
277
4383
4420
4454
2401
2600
4356
2429
309
2625
280
2717
4429
146
2553
4389
2624
4409
2580
290
2556
2512
4423
2547
4373
4359
4370
1946
2524
2513
2531
2527
4374
306
2400
4357
307
4372
2579
4371
2569
3474
4199
253
4319
4352
4353
302
117
310
4306
4268
2584
173
304
2551
4428
4324
2541
2462
2468
161
140
2587
4400
125
891
152
169
4121
283
175
149
156
899
139
25
284
1940
110
183
159
14
278
2398
2442
127
134
153
220
54
2056
178
889
126
2604
193
4335
118
122
2329
113
698
2352
282
163
251
917
259
138
227
109
135
147
184
151
74
85
911
263
124
13
121
2074
150
4125
197
123
4120
2094
2057
4123
2139
2323
2047
1246
196
2081
3081
2325
205
1952
3173
2033
4334
3083
2080
2075
3162
2063
2092
2090
3084
3085
2040
2470
2399
2058
4265
4124
4309
2428
4193
3164
4289
2034
2451
2522
2328
2079
4317
2078
2461
2062
2420
2053
2528
2460
2435
704
2076
2469
2456
4322
2480
2537
2324
4258
2029
2484
2464
4271
2331
2446
4298
2481
4277
4305
2476
3082
4119
2477
4287
4344
2471
2413
4284
3166
4330
4122
2314
3170
2475
2380
4336
2423
2419
2457
2466
2459
2415
2453
3167
4332
2414
2386
2465
4327
2458
4339
2448
4338
4320
4341
4342
2493
2440
4331
2006
2086
2050
218
1978
1267
2016
2060
2065
1242
4226
2122
4301
1999
2144
2061
1945
2064
1964
2152
2095
1300
1977
1274
1378
4223
1391
4295
4302
1392
801
119
1290
2013
4286
2131
6
2129
2077
1275
2027
2071
2121
1289
2141
2048
2038
2127
823
2022
697
1954
2173
73
2116
2037
2026
2100
2042
2085
1951
1984
2055
1993
2159
2002
1357
1960
818
2168
1265
1994
1981
1390
2128
2135
2184
1969
2166
1983
820
2087
2082
2137
2052
1244
1968
1961
822
2160
1959
1992
1962
2019
1386
2098
1982
2012
2008
1354
2172
2120
2169
2054
2119
2185
2117
1355
2059
2004
2132
2123
2111
2108
2025
1998
2110
2046
2021
2036
2101
2113
1958
2099
