53
232
237
234
229
227
141
140
60
14
215
225
67
204
242
231
214
207
221
2871
222
61
240
54
216
235
2362
49
13
199
2851
5103
2358
241
139
15
2363
75
2357
2833
519
457
268
3021
72
1505
2689
2683
2995
2701
5100
2534
2470
467
37
1629
2875
2697
1133
65
2694
2821
1570
5113
2852
2862
243
3145
579
87
5336
5175
2702
76
572
371
1992
523
495
1548
233
2675
3292
1529
2698
2705
39
4327
3244
1577
265
2621
2569
2682
5097
3810
236
3279
3182
1562
2680
452
601
82
4337
3249
2660
2687
2686
1564
3905
1263
3257
2767
3381
2528
5167
5353
4348
3119
949
1280
3282
3802
2564
5105
3806
147
2607
2010
2631
1037
2888
2781
2482
427
3150
3237
3177
2850
3296
2370
5160
942
3204
1585
3534
3023
2679
3176
2361
2579
2582
3380
1748
3047
1558
1146
505
3178
266
5412
357
2817
3256
1275
3112
2089
1272
2348
1522
2057
4788
3891
4352
820
1028
1319
4753
1252
2706
460
2536
1579
4730
1482
4331
1374
3331
2704
1318
1567
439
1291
1550
637
3206
1162
2775
3807
272
3310
2630
550
608
1047
1493
592
3518
2143
2560
2550
1602
632
5149
1115
1600
4297
5267
4768
188
3373
2351
3797
3867
2670
3382
2356
5270
4320
3117
186
3330
3041
741
2436
3507
1151
3502
3890
6
2479
4133
5329
4317
4617
3796
5233
2659
146
937
4355
5367
2586
2532
1048
5277
753
330
2814
747
5180
5117
3989
2978
5538
4350
3248
1518
2548
1235
2803
4506
2685
5252
607
1606
1371
426
2012
4702
3780
503
1197
1605
5
1456
432
416
2072
3137
573
3801
3758
696
2818
269
613
2591
178
3866
3046
2023
403
5372
5403
3787
559
2355
4316
2880
1313
1758
437
1397
1996
1947
765
1131
2461
2774
464
1110
1481
558
528
3389
1473
442
438
2427
3694
4525
2296
324
5509
5077
2987
1902
991
4498
5086
5194
3655
2899
2900
4550
5017
907
320
43
4397
1928
3700
2854
5533
3654
2311
2324
4502
4501
4393
2123
521
2326
5140
2304
5524
4530
3648
4442
3653
4500
4481
5189
2478
2473
2493
1941
3006
4469
2905
462
2800
4420
5243
5122
4152
3226
3425
3214
4007
3904
656
2137
4274
5253
2510
2881
2394
168
3956
5291
3524
943
3536
4290
3286
3124
4153
4094
4038
3492
2599
4208
291
2142
5413
3473
2971
2466
4714
3528
1965
4042
5254
3211
1988
4543
3095
4123
3773
3194
2082
5276
3166
3961
1419
3375
4202
4495
5154
4159
2318
3009
4105
5220
4089
678
4363
915
2294
3681
2861
2295
802
3020
4292
4484
1627
892
5199
2372
879
1724
3857
1929
4710
1936
5203
3080
1509
3489
3511
2734
4156
1494
50
2841
3098
4863
46
3606
1781
2299
2303
1101
2301
2307
2823
2308
5037
479
666
4494
2287
2309
110
2302
2298
4597
1919
4678
2133
3703
1827
1335
4424
2867
4855
2828
2312
1694
3908
3075
4362
4919
4476
4480
4488
4862
3686
897
3558
4963
4403
4160
4102
4535
5183
901
4679
3431
4971
3605
3600
4279
5009
4391
2306
1944
4607
4604
2922
1879
4411
2095
4457
2139
3099
2290
905
5010
5090
1715
4099
3910
1692
4834
5327
5335
5053
5206
2146
1103
4392
4180
2406
4981
928
5060
2305
5051
3234
3601
1926
5002
3065
5034
2719
2044
2663
1097
853
1717
5040
4779
4786
5169
2238
64
5043
2344
1445
2315
2258
1767
145
5145
2894
31
3684
4531
2662
3135
2566
3811
1498
1480
1528
1540
3024
1496
740
1273
1546
1449
2616
2747
2565
1573
3824
129
1980
263
2678
1497
815
2816
5127
1516
657
3149
1847
2377
4819
4286
1972
2232
1362
932
2603
2896
1453
5315
3034
2475
956
1308
248
816
1407
2037
1035
4613
24
1307
3817
2784
2553
2718
2374
827
1537
1427
1904
828
824
890
896
5112
2297
5126
2020
5089
2330
2138
5044
585
1403
1876
332
1886
5046
992
119
1743
3032
5001
1527
5131
4492
1907
4186
2656
3106
4545
3102
849
35
182
3378
107
2805
2165
378
55
889
1345
2904
3716
1769
3013
1940
1770
886
891
906
908
4523
2864
2316
4172
2375
4496
17
1635
911
1326
1946
2863
2228
2709
34
4467
2342
1538
3984
1512
3581
4868
600
3277
20
2288
1433
1887
1713
1934
2444
2114
3369
3531
3462
42
4964
3590
331
3919
4520
2853
1539
5041
2898
4524
5074
5080
1336
3469
52
5072
18
1763
1901
19
5058
3981
3985
3974
3928
5016
2908
2907
1801
515
5146
4598
2130
5032
807
4329
401
5101
1632
1631
3170
3084
4275
2068
1553
2271
2268
5094
4596
4390
4869
3196
499
2668
2325
317
2262
4616
1706
2167
2795
5042
5537
4857
1514
1256
114
111
3523
2354
33
1714
4349
2873
1765
496
5106
4605
4972
3978
2135
1910
1503
5012
3391
120
1347
3221
1402
4910
4990
918
1814
2327
4451
2731
3619
2825
4472
5526
3751
4399
5481
2791
4915
1189
2827
920
5049
5004
4529
1821
3706
2717
1740
5078
4522
3860
3892
2728
4445
1100
4803
4214
3074
2876
2134
4983
1813
3970
1833
463
2759
4873
3750
1880
4891
3069
5039
4879
1441
5068
1788
4592
410
5397
1523
167
5153
2430
164
4548
1358
5038
2173
2117
1668
4902
1722
2769
1852
3072
3733
5432
1710
1955
3679
1599
2140
1168
3103
1697
4110
5035
3461
5079
1796
1389
2121
2545
1857
2136
3804
103
99
5063
2319
5033
1764
4908
2161
4994
1708
1705
5087
5007
4945
1699
155
2335
1939
2914
1906
813
4927
1943
574
2753
1774
3633
5343
4943
3415
4075
736
4639
1768
2646
2657
4553
106
916
3958
4203
3376
3972
3278
1698
1636
4167
864
913
2588
3598
3597
1848
812
4897
400
4521
4211
3413
4631
1723
172
933
1733
1913
2757
307
1785
2321
982
4780
1712
2237
3377
3001
4309
4440
1782
3269
2323
1865
2708
2210
5257
912
3520
4918
4456
2322
5352
3401
4490
1352
2722
4903
4310
4953
2842
4439
98
3082
1889
3411
1068
1652
1702
4396
3782
3482
4187
4635
3138
4576
5348
3527
195
5273
4546
4032
4083
5128
3236
1170
2526
1644
3521
2009
25
5283
1228
2906
4843
2093
80
4022
4120
3230
2458
3585
2836
1198
4142
5107
2868
1311
3049
2465
2097
3439
5303
3044
3766
4144
3915
2080
4306
3045
3311
4812
4191
3946
170
5155
5173
4140
3573
3367
5111
3967
3232
3245
3976
3692
1676
3620
4177
2822
4622
5138
305
1220
3397
1682
977
310
4781
3668
1727
102
3495
524
3288
101
5508
135
3987
811
5185
3965
3546
152
4163
3384
3621
2269
4706
4040
4273
847
3159
2043
2856
2144
2426
4463
1657
3186
4799
3942
3374
1674
3337
0
4528
944
1675
4723
1683
1707
885
4482
1013
4904
1920
104
4575
4777
2094
5290
1729
4389
2292
3869
4247
4267
289
5528
1772
1935
845
983
5054
1738
5048
4859
1102
2845
2846
4243
4774
295
5047
292
2485
2227
4558
4489
92
2201
4935
5006
4998
2909
5036
4527
4471
5130
4867
3950
1653
4988
2653
2860
4917
4916
1011
95
940
3363
2462
4409
4872
4989
1777
1667
4557
3192
4517
1859
4996
4959
5071
3364
1177
4968
5536
5444
5064
4301
5191
4933
1914
4104
100
3574
1659
4634
5521
857
2488
2666
1778
4965
5057
803
3551
2945
5084
1837
4987
1691
2289
4578
4938
4551
4333
2902
1654
4931
4643
4644
5050
4624
28
2452
4653
4572
2249
3775
5073
1690
1789
5135
865
3115
846
4893
5045
1038
599
32
1696
2246
4957
1716
1997
863
47
5110
1476
205
2737
2071
4078
1790
1809
1966
5209
3993
854
4417
3953
1670
2913
4671
1666
1633
2183
4883
5003
2141
2847
27
465
4939
4979
2338
5008
5066
1877
478
2314
1938
3457
2762
5490
789
5323
3833
4410
5134
4281
4995
4514
3549
2131
3188
412
1927
876
2145
4024
1178
5015
298
1149
3962
4458
1582
4934
7
365
4245
2707
1601
610
2804
4926
3562
2125
4999
4925
2313
2129
2190
3393
981
4912
41
3306
4423
2175
4969
4991
2691
327
3368
3255
4728
570
4589
4921
2746
2329
1413
773
5502
4418
4620
926
4176
2924
290
1297
884
5143
927
826
1205
2341
4590
5075
1850
2006
5142
4905
4876
3626
3617
1921
4466
2508
1869
4459
2923
4168
4942
4414
4928
5000
2328
4974
4946
68
1915
5157
4924
3607
1861
1957
4406
4435
153
5475
2214
4892
4477
2147
2229
2740
4427
163
935
3480
4066
2119
4429
193
4958
5102
118
4526
454
744
94
1736
1584
2166
4095
3090
3096
4446
5088
4544
8
4579
3130
4930
2848
2150
2188
4381
4980
2317
3612
4978
2160
2198
10
29
2162
2122
4343
30
4700
1836
2293
151
4997
1719
4070
2211
4923
1868
989
4378
2101
1976
5308
3571
5431
4856
4772
4464
2158
198
3610
4642
3057
444
1328
922
5056
2785
3224
4977
3652
3268
3664
1195
1201
3934
1884
4404
1912
1864
1853
1945
2915
3663
1942
4864
2149
1783
2172
4982
4975
4973
1878
1896
2177
4380
2182
2320
1967
1891
4460
2799
3615
4951
4465
1329
4687
4992
183
1646
4096
2196
2897
4870
686
3922
2399
4189
4402
4158
3505
1828
1623
2398
1186
4487
1867
3767
2178
2729
4422
1895
2415
1741
1628
2199
2112
1961
862
4455
2185
4841
1885
4486
4866
185
4479
4920
4929
728
2029
2197
1964
4657
1922
1624
4454
4865
1620
4941
4001
2943
979
3392
4937
144
4672
348
1905
4970
4798
676
2877
2248
5337
3696
5197
5325
5224
4462
4662
4722
209
939
2255
113
4437
2103
5120
4426
2247
4913
4709
4408
3753
4962
4875
189
5302
4948
4986
4907
1962
4877
4967
3613
4952
341
3646
4956
314
2191
4686
228
36
4448
4386
3752
2481
4483
2254
4940
4428
5062
4356
3354
2132
3061
3685
3737
5463
96
3618
4569
930
411
1851
5284
4637
2612
3293
4966
4936
4950
4976
4955
4413
4944
4985
4438
4949
2264
4485
4698
4947
4961
3699
4447
4932
3754
4984
4475
2231
4914
4470
3701
4431
3659
3616
4851
3658
5299
3693
4824
4461
2273
1720
4432
316
1844
4771
2472
5069
2100
3456
4388
475
1993
4178
4116
3732
3609
3537
1810
3884
2961
2275
4430
4416
4407
3670
3608
4419
4441
3691
4473
4415
994
4474
2277
4895
4384
2212
4098
1728
1721
2092
3611
4674
1816
3370
1060
361
473
914
5096
4434
3667
3662
5147
3556
700
1711
1017
3445
4067
4585
712
3931
2732
2959
3688
3689
1792
3325
443
4023
458
3409
3553
3641
3614
3567
5456
4181
3705
3580
5433
1079
58
4055
3566
1730
2291
3676
5467
4387
4537
480
2789
2005
3561
882
5515
4353
988
3522
1908
4478
1831
823
3850
5441
3254
1126
2500
4076
1725
4993
5354
1843
2585
3443
3539
2260
2067
3579
3449
2418
929
1986
4697
4745
1082
2889
2402
3552
990
2083
1744
3569
1661
4669
1687
4197
880
4900
2127
3484
5505
1916
3281
3501
3545
4324
3624
2102
5061
1762
66
4645
4640
1649
4574
4562
5480
4577
771
1951
3085
5359
3513
4536
3939
1660
1642
2440
4581
3634
1732
1745
3414
4173
4239
2334
1008
542
4092
1337
4661
4555
4566
844
4630
925
1643
1641
3638
837
5454
4028
5451
526
3642
4552
1685
91
941
4600
2535
2107
4510
947
4880
4302
1684
5512
2439
1930
3563
3386
4694
4693
3205
287
2063
3924
4595
2982
4853
1255
793
4532
3058
3973
1207
338
2710
3455
3504
3491
2261
4072
5108
2360
5141
1662
839
1751
2397
3019
3022
4633
2128
4594
5065
3225
4677
2676
822
4666
3530
2331
4115
936
1950
4107
2015
3218
3485
3645
1616
4828
2187
4511
3463
1977
3678
1824
93
1892
840
4612
2715
2408
709
299
5059
938
5029
1368
4412
2204
1911
841
1533
1154
1826
2108
1080
1559
842
2332
2096
1963
836
1903
698
710
1502
5477
2184
5011
3471
4675
3856
1871
2118
1651
3508
1917
3514
1709
1703
1701
3713
2058
2725
3209
4699
177
3821
4801
3748
1918
3454
1787
5472
714
4014
1575
1348
3394
2801
3351
3494
1216
4108
1650
79
843
2193
1526
4646
1958
2442
993
2085
1883
4182
1863
3490
3512
3432
109
1107
4017
724
720
4676
1937
4135
4016
1534
2168
4047
1175
3708
1143
797
4906
702
4888
3353
4030
4688
2004
721
2741
3535
5516
45
1185
5358
796
806
4954
5244
4280
4015
2529
3437
3452
5429
1829
4059
3262
4379
117
5471
1099
3474
1882
3560
3481
4121
717
3925
2074
3698
5474
2189
1808
1872
5476
1793
3570
5294
4060
1152
1218
788
1208
4842
4282
3596
3427
4332
2788
730
3270
1286
4174
5500
5437
2216
2738
2572
1088
2733
872
3499
2104
3844
3622
2209
5507
5449
3927
3982
1818
329
729
5347
3383
220
1191
3503
3483
4046
2743
3434
5464
5295
3825
5465
3554
3983
5424
681
1975
3162
4887
2225
5448
3542
4884
3725
3559
3538
3355
3627
3347
3097
4547
2486
5098
2205
1753
3966
3472
3387
2936
4271
4690
4505
3726
3094
2766
4342
3416
4568
3321
713
1020
5514
2797
2259
5021
2720
4571
3459
5430
4898
5462
4112
5067
4894
4560
5489
2730
3544
3487
5517
5496
3497
5425
4861
3578
4117
4114
3460
5070
4922
5459
3731
2935
5453
3496
5513
4567
5483
3575
5440
5123
4618
192
1070
800
4128
2920
3486
2467
4308
2206
3064
2957
972
3555
4268
3599
213
3998
1866
1470
1062
3547
4696
4113
3450
4911
3451
3478
4628
5539
3529
3637
5506
4119
5503
5447
2443
2454
3430
4056
5532
3467
5242
4691
3564
3468
5499
1855
4689
2224
5504
2218
4565
4086
3458
4533
4136
4563
5527
4759
5351
3565
1069
2079
2480
4188
1194
3878
2934
4775
3210
5363
4614
3059
5396
3261
4052
5436
4029
4573
1200
4124
4109
4051
424
4636
5519
5479
4836
5468
4559
4561
3557
5439
5428
3465
5457
2239
5446
2236
5482
3623
2233
4564
3185
5488
1094
3672
4079
2230
4184
2429
2409
4692
4878
2078
3180
2240
1862
3979
217
792
5452
3995
4400
2060
4603
4048
3643
2990
2600
5501
4858
4587
4554
4848
4582
4695
4588
5523
5426
4549
5438
2251
5486
5450
4899
3677
5455
5492
4584
2250
3541
2276
2272
2256
3444
2257
4453
4570
3526
5498
2217
2223
5518
5491
5469
4580
4111
4347
4602
4091
4090
2195
2215
3517
3333
4791
1033
5531
3879
5493
1760
3657
3660
1873
4065
4012
89
995
5522
2202
2242
2179
3464
5427
5349
5342
2235
4663
3509
2203
5484
2252
4619
4071
5442
3568
4651
3871
5473
4847
5478
3533
5487
1105
5093
4776
2234
44
4087
4122
3442
5404
81
218
4061
4825
3516
1881
5031
5133
1970
4209
4291
1734
2243
4586
4885
3819
2724
4765
2207
88
4519
97
3625
4165
2219
4835
2241
2025
4823
4837
4008
2164
2151
4507
1954
5535
4833
3550
3540
4126
2194
274
3823
1840
2099
2244
4793
4764
4288
3548
5168
2367
4638
2075
2477
3975
148
4615
224
4650
2748
1091
3426
1802
1931
1381
3923
4246
586
810
4796
4002
4556
4009
2226
2039
1726
2518
157
2111
3543
3506
2220
2245
175
2336
2062
4840
4194
4806
1084
4166
4599
4013
2174
2716
2077
4854
1948
5052
4739
4196
1058
2274
2453
4844
302
4540
2253
852
4383
1072
4770
5388
83
3628
508
1923
1819
3078
4762
1974
1169
2011
774
1074
3156
244
2070
116
149
3433
3897
245
2278
5005
2086
4538
2106
2349
4758
59
1858
2410
21
4746
121
5510
2090
2155
4011
2065
3577
4736
2041
2284
3576
917
4235
1090
279
1797
2343
5144
335
206
4005
1098
4717
2221
4238
3941
3740
5443
5055
4665
3077
105
984
987
73
4719
4606
986
11
985
1064
22
90
2282
112
226
1932
1075
246
4518
2281
1067
2499
2840
1065
4901
86
4611
4814
4088
2538
70
1086
2176
4627
4641
4849
4845
56
303
4074
4831
4020
4039
3887
2061
4655
4718
1786
1007
5495
2401
1167
4782
2066
1807
2098
4654
2503
136
1969
2280
4683
1771
2283
4740
23
2087
115
1078
2105
4648
4542
1083
71
4130
5511
277
2726
1124
4509
2531
2050
4874
300
349
4708
2371
1081
1238
293
1277
288
5497
4004
2787
1031
4707
3423
4757
4763
197
1076
1999
1320
4735
4003
2213
3895
3422
4827
2208
761
2084
2340
3187
2013
1071
184
296
4769
760
2047
1971
4751
1155
1761
174
2109
1270
3885
4802
4785
3893
2055
2171
1815
1244
4658
4787
4010
4649
4790
1874
2884
3794
1832
230
1315
3160
4084
3765
4085
4652
1128
5461
2035
333
134
1160
3073
4726
3316
1003
1052
3768
1639
5255
4125
3812
2404
4797
4673
2890
4832
4818
1298
4742
4816
2026
4811
282
321
4081
2040
1991
4760
1142
1261
808
2170
1066
1077
3763
2091
1245
2046
3749
5460
2003
4382
4685
2048
1973
855
527
900
4738
4852
158
3955
4335
3734
776
4157
4784
734
2433
4026
4656
2917
636
4276
1557
5287
4754
3918
4826
4820
4817
4822
4792
4804
4807
4850
4783
4049
3882
3510
4789
4805
2049
1055
5356
4747
1985
2076
4668
4778
3761
3777
4889
4909
1978
3886
3999
4682
1968
4541
2373
2713
4069
2030
1030
4882
4103
4737
4433
4749
4886
3933
4593
2750
4077
3435
2031
3863
1811
996
4093
3647
1875
4810
4041
4755
4043
4721
2001
4767
4025
4744
4724
4018
4000
4034
4756
4773
4881
4681
4829
4761
4846
4896
4019
2002
4748
4705
4680
4684
3470
4667
4711
3756
4741
4670
4037
4664
3929
4890
4720
4752
4839
4701
4734
4729
4838
4727
2156
4031
4647
4053
1254
4659
4743
3888
1984
4006
4800
3862
4704
4035
4033
4021
4054
4703
4044
4063
3739
3759
4766
4045
4057
3755
3738
4064
4750
4062
4058
4716
4036
3864
4733
3736
3774
4050
3778
4731
4732
3762
3436
1239
3779
4027
4068
5470
3764
4127
1982
2051
3829
3783
2056
3788
1981
4725
2021
2014
2024
2169
4715
1990
3881
4080
3790
2885
3813
3735
3789
2008
3865
2883
2007
2017
4073
84
1140
3795
1949
3730
4082
2054
3769
2064
2016
3836
2000
1253
3799
2163
2018
2053
2154
4118
4195
1998
2711
3914
2028
1983
3901
1234
4145
2052
1278
1264
1953
4713
4129
2222
2352
2770
2878
4139
3920
2186
2200
1236
1952
2036
1237
2027
1240
2042
1265
3912
2180
2033
2032
1276
1267
2792
2153
1019
1258
2152
2192
1002
4
1266
1127
2798
1268
3591
1241
1259
4218
2727
4244
4147
1854
2794
1108
1153
3636
1179
1330
5161
4443
997
1271
5156
3834
4132
809
1165
4375
3644
5494
3747
3776
4278
1016
2159
1242
1979
3448
1279
1106
999
1269
1400
2034
1243
1260
2038
998
1029
2069
1021
1755
1257
1025
976
1144
1043
1000
1995
1248
1820
3719
1251
1283
1898
4143
3532
2777
1314
1312
4141
3729
3707
3709
1009
739
967
3911
1211
1794
752
3602
5402
4444
5324
1285
751
2761
1296
2019
1288
1042
1289
1893
1305
1109
1759
1129
1001
978
1838
1156
1004
3704
1282
1026
1803
1805
1196
1757
2712
1302
2763
1304
1023
1849
3906
971
680
2806
1856
1173
1192
1830
3687
1294
1825
1752
2776
1044
3441
1327
677
1281
1332
1171
1301
2381
1846
3718
3714
5391
5333
2812
2022
682
767
1299
1040
1340
1324
1834
2786
1756
2810
738
3712
1334
671
2802
2809
1006
2808
1823
1041
975
1323
1321
2783
1798
1325
1994
1338
2793
1841
1795
5316
1284
1292
4155
5312
4361
3791
4295
2891
1339
4100
4377
4277
3868
1333
5136
2773
1822
4385
1157
4322
795
725
749
1839
759
1353
1306
1341
1322
3883
683
2736
2739
3959
2811
1344
1754
1293
973
3640
2756
685
1309
1316
1804
4146
1845
1331
1137
4425
790
2790
758
1022
1136
4294
1262
1018
2721
3784
1111
2699
1549
1034
1806
1742
3803
407
4315
3798
722
4421
669
2735
4452
3169
3587
1145
1343
1317
660
40
1005
4198
974
1357
1215
1193
1150
2744
4319
1224
2690
687
1204
1203
703
1172
1596
4376
1392
4269
4336
3711
2577
2813
1749
750
1027
3424
5300
654
1036
5317
4206
1113
5215
3913
1061
1093
4138
2692
3630
1182
1592
359
3017
3405
3900
770
276
1010
1138
1750
1221
1056
1130
1015
1112
5365
1190
1249
3157
733
1227
2782
4234
3665
5201
1303
3228
3727
1212
3438
1050
5355
301
1287
4162
285
5198
2807
5187
4241
4344
3418
200
3930
2742
4270
1591
1054
1870
3168
609
1166
1174
3297
2778
137
5109
804
4161
4285
2115
5211
4170
766
3916
1206
3440
541
347
3661
4134
4303
1583
762
4283
201
181
1183
659
968
3940
684
4207
4328
5307
3991
3875
3720
3320
704
688
3314
1163
4190
791
743
2768
5163
210
2780
2459
799
4217
1024
3877
3379
3290
191
3793
2772
5314
1012
1213
5380
1547
325
483
2760
5292
778
3604
2771
779
223
2779
706
662
768
337
5179
4212
5137
690
138
2815
3155
4321
777
3715
173
3332
3872
653
2541
5165
2417
661
3977
673
63
3588
2636
3949
131
2758
3349
731
2960
2886
3341
2931
692
1571
5334
3722
3724
1219
1199
5346
1604
3208
284
3134
705
3592
732
2751
2745
757
3515
697
1739
735
2468
5389
1310
5182
693
723
775
3525
689
2749
1232
3593
2544
672
3589
3710
4201
3894
780
691
2487
4374
784
2414
3315
4237
1588
2455
4216
3212
5228
4401
3960
3148
5249
3717
588
1350
575
2506
4300
3338
873
4221
2512
4272
4296
3586
708
787
4226
3917
5306
694
658
4205
5132
715
4223
3584
12
4220
652
2824
3948
4330
4224
1139
3603
1355
2764
830
5381
4305
3595
1356
4210
3350
3402
3876
2450
2667
294
3283
278
4183
3346
1051
663
604
748
4341
3408
2495
4304
3267
3092
719
396
4164
4314
180
2752
1114
4240
3629
1046
4436
4171
4311
4154
506
707
755
716
772
3201
2469
1300
2533
194
3952
3344
1625
5357
1274
3229
742
3899
3266
1364
3407
2463
1580
343
512
5221
1399
3272
3770
764
3251
556
3771
3326
5330
3594
4230
3403
3356
3184
667
4307
5236
769
2755
1361
727
3371
745
3329
655
763
1367
3304
1747
3287
4185
3250
1565
5091
756
1366
1386
1117
171
5129
718
3322
1817
3313
2492
1116
5092
5245
664
4323
3152
4179
2507
746
4325
3357
1608
3348
304
2448
2754
782
1842
355
4233
540
3792
4175
1295
3207
3971
3198
3222
3721
726
3990
1365
674
1354
675
786
3327
5311
3335
4340
3093
785
3898
3342
1363
3339
1360
4358
3938
670
3263
1158
1120
3200
3417
701
3340
801
695
1383
4200
3087
4236
2391
3083
3635
4229
3071
794
1250
3189
1180
4369
3343
3800
1563
2549
3318
3070
3334
5341
3388
3359
3062
3036
3039
4215
4192
4228
4225
4199
3241
4222
3399
3328
4232
4219
4227
3086
4326
3352
3163
3037
4231
1147
3385
4338
3874
3390
4368
1222
3164
2517
3158
3935
3091
3937
3947
3406
1132
1148
5226
3412
4365
966
3358
3360
3723
590
3323
3038
4193
3238
423
5373
3395
3907
3324
4242
3400
3404
4334
3398
4150
3345
3312
3957
3161
3921
4151
3235
3926
3419
3199
3219
3932
3936
3165
3969
3247
3396
2516
3366
3968
3260
3190
3191
3362
3944
668
4373
3252
132
3307
3830
306
3213
5332
3153
4367
4357
3964
5407
5395
1210
1059
2513
969
4137
2919
970
4345
5095
3420
3421
3951
3943
3193
4360
4318
3757
5401
805
4339
3183
5279
5420
4371
4250
3902
3963
3317
3992
3994
259
4259
1737
4351
3305
3889
4149
1214
1209
4366
3265
3280
3273
249
4313
3996
5398
1359
5176
283
5405
3114
4346
5104
5237
5361
3067
3197
5392
187
4370
196
3068
3308
238
247
3217
3167
4258
4251
4364
1073
4248
4249
3215
3980
4266
4263
3220
3873
4264
5387
5370
4372
5374
3123
4256
133
57
375
5382
1049
3195
176
3154
3298
5369
3202
3105
354
3309
5322
4284
783
5202
3223
2491
4260
252
5366
256
5177
3988
2882
3116
3173
4312
3171
5410
4148
3275
5416
2820
5414
3365
5318
5417
3203
3986
5419
3728
3285
3242
5390
5309
5360
3181
3233
3246
3239
5409
5400
3271
5394
3231
5376
5406
4254
3372
4131
3174
3172
4257
2948
3175
5386
3264
3118
3258
4262
5375
315
3294
5368
3216
160
3299
3227
309
3785
260
319
3301
3243
5411
3253
5408
5378
5399
5385
5415
3289
4252
5393
5383
5384
4255
5377
5379
4265
5331
5345
5344
5371
4253
3295
5099
3303
5340
16
340
370
5320
5119
313
3113
5151
5289
5216
477
3997
3179
5192
504
459
2525
2547
3035
3051
318
3066
3816
362
261
312
1405
322
5223
5304
5285
262
190
5114
5118
5297
5288
3300
179
5212
5319
3302
62
3120
3809
534
351
5229
2498
5207
123
3111
2942
2928
451
2432
5186
342
5164
5152
5217
3805
336
3822
208
754
507
150
5298
2974
2388
2403
2542
2546
543
5248
3040
3031
1515
469
253
5213
3030
532
5116
122
5321
5286
5264
5305
2530
5121
3050
5296
211
346
77
3151
2985
3048
203
74
5301
5262
2505
2471
5313
2930
1053
2540
2524
2537
219
2543
2515
5208
5188
1057
159
4261
2991
353
162
1089
3127
297
2551
2819
369
345
568
5162
1621
1409
1045
1566
3109
5271
1835
2451
931
1096
2490
5238
5193
2519
3100
5269
364
3827
3081
3076
1032
2494
563
1555
358
5178
3110
3042
2933
1161
3122
530
156
264
825
1597
1532
2514
3018
953
472
368
2998
3781
271
2944
5240
2504
367
821
964
626
2601
5219
2511
1560
2976
5239
2378
363
1408
2412
3651
1552
352
3132
344
5218
1039
350
356
1513
377
366
3125
143
5222
5259
2929
5230
3147
3079
1619
781
3043
3143
2379
2947
518
2413
254
128
5231
3133
374
9
3033
3131
360
1504
373
3015
2937
5246
5275
2484
3741
3008
2552
561
372
2895
161
404
5278
2989
965
1063
3016
2925
142
2958
3786
3141
3140
5260
838
5274
3142
3121
2970
2380
1202
2849
3818
2539
3742
3012
3089
38
2950
2973
1229
2921
1510
2972
1118
584
569
126
85
509
2977
819
2926
2984
2645
3014
2964
1391
273
3146
402
2932
2983
379
2910
2520
829
3861
3814
3144
275
2521
3128
3129
2966
3853
3815
5258
2965
2927
125
3808
3831
2527
3835
3842
1499
3025
5024
2918
3011
2951
2952
3056
2988
2953
5247
5019
2671
484
1
5268
1135
5266
3828
2420
2563
1543
397
497
3063
2967
2445
1610
1681
2968
798
2437
5204
3026
1542
384
1217
2476
535
3002
5251
3088
5214
2981
5272
3052
2955
3028
5174
474
2954
5232
3003
3820
3029
2946
1615
3004
5210
3060
2831
2830
3053
3772
3027
3010
2992
2996
1617
3104
2956
3838
2431
5241
2962
5263
5256
2423
1519
5250
2422
514
3007
5195
2963
1618
2939
3849
5200
2561
2986
2558
78
517
3743
5023
3855
3858
3852
2997
3847
2938
2979
2870
2839
5196
5205
3055
5018
2887
2865
2832
2969
5265
5020
2980
2893
3840
2892
2829
2837
5030
2866
2901
5261
2911
3839
3846
3845
3744
2859
3841
2366
3746
2858
2562
2483
1678
2597
946
817
2872
2457
2912
5028
1121
1645
2456
869
2834
2835
2869
3851
3745
5026
3826
2903
5022
5025
3832
3837
2838
5027
3854
1638
1700
1640
1495
1689
1672
2400
522
950
2421
954
1688
1695
2449
835
2496
2428
1658
2396
429
1648
2629
1230
2615
1517
1647
408
376
422
591
1500
539
957
1398
381
642
2598
1490
500
461
959
1613
2434
1677
1664
958
948
1614
2438
1671
1656
1655
955
961
1663
1637
834
952
1612
962
1611
665
1508
576
2489
270
2395
2611
1488
2393
2416
2556
2589
434
2602
2580
2575
2509
1507
529
418
963
382
2387
2555
2554
510
945
2411
2637
3
127
1492
490
395
2464
951
2419
2474
2568
1561
2570
2583
2389
2571
2618
2392
2576
2557
2584
2581
1489
1485
435
2624
2625
2382
1486
2605
960
2626
2608
511
2502
2369
2383
1487
2604
2695
1530
2590
1484
1576
2376
239
398
2647
531
520
445
2610
1536
2587
525
546
425
409
1475
814
2594
2609
2639
1589
1483
2664
2658
2623
2649
2665
2614
2673
2596
2627
2578
2559
2386
1569
2672
2648
2592
2677
1594
1578
2593
1479
2613
1587
2640
501
2684
1531
2384
2635
2385
2622
2606
489
1609
2644
383
2669
394
1125
2633
453
2642
255
2674
488
2655
455
2652
1491
867
1478
2654
2634
2681
2632
2661
2641
2651
2617
2688
513
487
440
1541
448
449
492
267
502
393
870
498
494
1603
493
595
1581
1438
1377
491
2693
2700
1014
1474
1387
566
555
1544
577
638
1551
1134
436
485
257
1521
1506
441
1119
877
1465
545
737
1467
858
1472
1568
2703
258
431
476
1598
481
466
1471
536
516
470
471
1395
1464
482
1586
1223
1233
538
1447
456
580
1525
1593
1226
392
1401
628
633
486
1450
567
831
430
1595
571
616
2350
640
1554
413
446
1231
1410
850
860
1511
623
1520
603
2345
1436
564
1225
1468
560
1394
1430
557
861
596
627
871
606
602
386
875
537
544
874
589
1385
450
851
2346
833
1444
645
641
611
622
380
594
387
597
832
1434
859
1379
1417
1535
1380
634
385
866
1432
631
419
1378
1393
1435
1420
1412
619
1455
1462
414
647
598
612
1556
578
587
405
388
428
1421
1440
593
1418
447
618
1545
1428
415
1501
639
421
1466
624
1411
868
1443
406
649
417
617
1415
389
646
643
420
1574
1376
605
1460
1469
565
644
553
614
621
620
1425
547
1429
549
2
1423
552
391
615
1375
1572
548
630
650
651
1451
1369
1370
648
1448
625
629
635
390
1416
1373
551
1463
1372
1414
1404
1454
1424
1461
1457
1406
1442
1437
1459
1452
1396
1439
1458
1431
1426
1422
