253
257
74
276
66
79
274
283
17
83
267
67
258
249
268
73
244
239
240
248
281
18
265
310
5788
582
3439
91
59
279
2685
75
271
3440
2687
5794
264
58
584
234
583
277
3206
540
314
78
89
1830
6108
44
5781
426
43
3691
2876
579
1835
1753
3692
2691
3205
4879
3232
4510
6114
4499
97
3314
1300
6129
1611
4509
1287
2989
2877
2878
3011
1167
4223
2120
1510
16
4414
1644
3000
5782
1452
527
2979
2861
4195
1356
3007
1357
2680
543
4535
1760
1146
1506
848
576
2864
4249
2868
3680
1487
4544
1367
5786
45
689
6103
1754
597
4248
3615
6113
1823
4369
154
690
3008
4400
1176
6106
1521
4429
4229
4228
1115
6109
3292
1642
4618
4406
4661
2684
4356
311
3617
4428
4874
4234
4619
232
3628
3601
5307
4753
4220
84
4255
6053
3881
3685
1267
6118
535
1133
1735
4270
2269
1192
1737
3803
3603
2974
4236
5445
1842
2314
595
1086
4380
4494
4775
4188
2693
2333
260
6135
1360
765
6039
6111
4758
280
149
2373
315
2338
6045
4275
3224
2270
1641
3187
2260
510
2284
5308
1494
486
1277
5792
1743
4800
4238
3168
5503
2303
877
5306
284
1817
2484
646
4534
2676
2789
1311
1839
3909
5969
410
1384
1156
1278
2413
4756
1635
1144
870
1414
569
4767
4689
3169
4937
2984
1622
312
5164
3998
3657
1849
4650
4264
5513
3811
1910
3589
4230
6087
4610
3962
1904
4491
4317
4681
6133
3821
5346
153
2785
3889
3591
5970
3865
4388
1724
522
1764
1738
4326
4353
3545
2324
4546
4643
4805
1182
3618
3696
1547
3818
4940
2109
5618
4576
4629
4533
2992
2932
891
4536
2988
4425
672
3809
652
1288
3480
5407
843
3275
5348
3645
306
889
3814
1449
858
1438
499
2862
2360
1844
417
1590
2344
4969
4521
1299
1771
1440
453
6090
1763
3104
1448
4443
1114
1631
1715
4410
2020
101
4323
1770
1832
4744
6018
2786
418
598
5446
435
1444
862
2916
1758
1116
524
871
1345
6092
3790
4873
6072
3888
5831
1178
431
514
273
677
4830
2299
3543
4203
422
4870
3954
5599
5588
3433
4202
3958
4379
4857
5497
5539
5121
2790
1856
3786
3181
3986
5481
4378
3644
4741
3732
2860
4749
2963
5389
1496
4887
2794
5895
405
3796
1915
2964
5798
4508
5951
4555
4194
4505
1596
411
1854
4776
2795
1458
1552
5367
1236
2993
3992
3544
4967
3625
3533
4742
3176
591
5412
199
2946
5059
5064
2141
2621
4144
1667
4132
2078
5037
2058
3930
2001
2169
2060
1882
5126
5127
6256
5817
5708
2059
5099
1053
5107
5746
2639
2622
5649
4129
6252
1006
5277
3214
285
2623
5733
686
3260
3404
173
2040
5100
5726
2153
5799
5800
2152
2161
6075
3309
1909
1866
1867
6154
2186
2193
2154
3408
2026
1881
2758
1314
2620
5741
5731
5795
2197
3210
2025
4149
5740
3211
5045
3310
3311
2140
5269
5097
5199
172
6149
1886
2133
5744
344
2041
1482
2137
5688
5191
5650
2191
3455
2666
3446
1895
2596
5018
964
1022
124
3711
5209
2628
3220
3815
1774
1769
894
1012
6148
1873
3183
4460
3640
2647
963
1481
1865
4822
5721
64
6037
2646
5053
193
2273
6086
4411
764
2307
6019
1524
4011
6001
3162
1134
3608
653
1179
1544
884
5991
866
865
797
1377
5910
1439
1604
1851
1066
5422
3095
1776
2472
883
3613
712
1684
3251
1912
489
1294
1150
3172
6099
3120
6115
309
3246
1140
4598
3705
4392
6078
2072
434
717
4271
1824
5150
1418
599
1700
6077
5748
5639
6050
69
6128
5104
5687
5094
38
1214
5302
899
5083
5084
2247
856
3269
62
5682
2165
5758
3101
3209
2088
2157
1443
2042
5130
5760
5233
5238
2592
223
3948
3149
6248
5522
3912
5870
5877
2142
2763
1262
1212
6139
6130
2016
2930
255
5133
621
6035
2661
3449
1222
1492
3072
5152
1610
1340
1554
2342
1699
166
4984
4985
4986
5869
39
2148
2215
5227
632
662
4199
1805
5489
5738
2779
2128
1935
5299
2132
1005
2407
2698
907
5648
1955
3030
3922
5621
2292
2151
5065
382
3042
970
519
2115
5061
4064
49
2776
2150
5241
748
674
4067
2742
2156
2149
2134
2208
2594
2166
2188
3044
1471
6219
2967
2174
2168
4765
61
2754
800
2627
5301
1938
5062
1965
3077
1926
3208
4130
4133
2668
3153
4993
3043
4475
6042
5007
4994
2526
3450
2749
1029
4525
5737
5
1039
1040
1505
5839
1107
2079
5862
2004
1768
5734
2201
1919
1745
1870
1869
5129
4143
2075
6138
2748
1878
2477
5826
5885
5285
2949
34
37
5716
1567
137
5834
5830
5852
5612
5342
4016
3207
1759
2616
3390
3400
1244
5572
3946
592
5627
5808
331
5326
2549
3253
2856
4241
3932
3319
3799
5433
6125
3914
3330
5447
5994
6117
2441
5048
1934
639
3993
3750
383
2995
5622
3279
4635
6181
4355
3878
5437
4864
2400
2982
2986
1493
2617
4464
4457
4656
1067
3985
2418
3801
5253
5165
3795
4585
6025
6017
6033
4462
3212
4087
121
3386
4648
4095
3768
5124
3650
3161
6028
6143
4458
4408
3268
5801
4136
5728
2551
4891
5633
3582
4031
5251
5298
5282
3270
4451
3360
5700
3971
5146
1945
1876
3374
316
3666
5128
2800
1828
1617
2633
246
2793
904
2783
3897
2089
3383
2601
2602
3982
3975
6249
5245
5148
3343
3353
4452
3267
195
4627
4657
4660
2632
5234
189
470
2126
4588
4572
3894
3893
6163
1602
4089
5067
5471
5722
48
1672
769
1073
4158
5544
3066
864
3333
2474
2430
3377
5105
4693
1933
5896
922
1430
2071
2073
965
115
1726
5894
5878
3347
2462
4842
5239
1953
953
5027
2565
5034
2788
143
3869
1728
5692
6158
3833
3197
749
4445
3460
1019
3766
2820
3490
2143
614
2200
826
1013
1329
833
5890
4019
4101
5714
886
2824
5224
3605
5523
144
5292
5838
5845
2211
120
1010
3213
2934
3775
468
3871
954
1559
3713
2730
327
3451
1923
4090
1903
1076
2232
5874
5281
1093
2214
901
1962
5287
873
4240
4564
3526
5190
906
1431
1451
4200
3712
3989
5142
2222
181
2000
910
2597
828
3062
3127
1018
1509
4345
5035
1318
5335
2593
3687
676
3760
4863
3883
1879
5259
5113
1225
3665
3763
1925
1338
892
852
1112
4444
1740
4481
6151
3041
805
3021
5909
4447
2504
532
1326
122
564
3632
5136
1332
2162
1614
4127
3904
2017
3014
2122
4715
663
5657
4441
3741
1863
2634
2673
5040
3074
846
2772
825
5607
2180
2181
3039
850
1555
4645
3522
5743
2061
1111
2509
2147
1964
3963
5689
4113
2938
2218
4957
5959
5889
5006
1321
2005
3999
4954
6061
3784
728
495
2950
1836
1993
2778
2011
3406
1504
4115
3363
5250
10
3727
3141
3911
754
3747
2221
1607
2096
2965
4854
5185
50
5747
5123
2032
5231
5125
47
2768
3553
1110
5215
1426
2637
2970
2745
6160
6170
3380
5204
2190
1365
3249
2458
2562
1046
513
1512
5681
960
3862
1815
4697
4626
95
772
3641
393
2589
5924
739
2546
5014
4920
3414
2475
4909
3858
4979
4980
1746
4791
53
2176
4802
384
2677
2630
2051
1351
1864
412
3165
2834
3538
2085
1798
5070
3407
2802
3090
430
1295
4309
1113
2957
1368
3255
3432
1402
5500
3662
3167
2750
2560
1218
42
305
3185
5490
2865
2831
5051
5934
224
5416
4738
2760
2947
3472
3693
5945
2348
607
1634
1485
4866
1797
5295
2853
574
3686
2402
1651
1907
4020
2446
2367
2359
6230
2023
3651
4281
5903
2837
5296
2840
5088
5939
5930
3402
2672
2598
5098
5095
5101
5829
1396
4063
3056
1027
3646
1906
934
441
5696
626
3296
2013
777
5703
803
3672
839
6008
5856
2580
1957
3001
3517
5417
3510
2579
6171
3656
832
2998
2588
815
670
2915
2573
1956
678
5291
3658
3957
4268
3621
5526
2931
5021
5005
5855
4160
5736
1917
5707
855
6166
4147
6161
3135
2117
4080
959
6194
2766
5086
2524
5528
5960
112
3756
1996
3399
1987
2975
5693
2753
1966
816
1480
3128
3136
1992
2196
1819
1752
969
4780
2670
5054
4139
2311
6247
3289
1929
2231
5184
2456
6137
1707
1397
2650
3068
2728
3228
2553
2649
5907
1937
1008
2403
2584
962
5664
5750
1877
2651
3896
4318
6191
2591
5749
1671
5840
3089
1258
3525
1999
2558
1932
1732
5043
3604
2029
2155
2144
2556
3616
203
3421
5957
2015
2966
6173
604
2571
3498
4974
1914
2265
659
658
767
2246
2567
5272
3839
900
1751
5518
4207
4862
5110
5715
2091
6263
5019
2708
5625
1003
5093
4419
4988
1838
5919
5478
192
1931
2578
2164
2489
903
2569
2574
5042
2582
4978
2037
1972
202
2561
2405
1014
3312
5864
5243
2570
2799
5303
80
4208
5102
2490
817
4918
3371
335
2459
1847
4072
3067
645
381
5754
5178
138
2575
1322
2581
1809
6015
863
787
1305
5653
2858
2146
2935
5260
352
342
3491
455
5257
2624
1772
1187
3020
1021
2568
5055
5745
340
2135
1940
2394
596
461
3254
2577
1762
2586
2961
2538
2555
3195
357
993
5770
1887
5025
1588
2976
5674
1901
2891
5669
2755
71
3334
6246
1213
2907
605
4146
4047
1172
6243
2721
4914
4346
6162
6177
6145
975
163
5603
2127
5616
1613
5592
2317
318
838
556
994
4923
2696
2697
5358
2761
6195
5683
5765
2595
35
5216
6241
2552
2590
2585
2002
1997
2533
1704
5028
337
2228
5643
2746
3336
5249
2340
2204
2503
6242
6238
2003
4435
5235
723
3964
5900
5273
5757
5632
6049
5063
4349
6140
5029
845
3953
3647
5077
5659
4548
190
1566
6220
1255
844
2951
3915
5916
912
3633
4699
4652
3405
2007
651
2652
6189
1941
6262
2039
6144
2009
4154
3884
2008
2229
5000
127
123
5331
4043
3648
2904
2735
4046
1982
2619
4038
5973
5654
6003
1820
1220
3372
5087
1
5554
5141
5145
3013
4992
2223
5668
2879
3739
1254
3470
1390
254
5009
3051
2028
4276
1055
1032
1025
5615
1043
2987
1711
3261
1023
714
4426
5871
2725
2823
2830
1059
6224
3036
5647
3031
5868
1974
6244
3642
3652
1969
788
5638
5491
1991
233
3398
3567
5680
245
7
1358
6002
5884
4583
341
180
2424
716
3157
2212
5679
329
5620
2845
4483
5159
482
5553
6057
2398
1558
727
3744
2515
3070
4781
5605
5267
943
5297
2530
399
2948
323
2939
3870
5046
4077
2321
2648
415
1872
1975
477
6216
1944
5662
2312
1800
633
5644
1047
3231
3653
6056
5545
1998
909
3329
4932
3028
2554
4437
766
666
3388
5898
2049
4461
2769
4516
3649
5516
6239
6157
2756
4807
3420
3327
3779
874
824
3069
387
665
2548
3468
5933
1924
2234
2453
3877
5558
1719
747
2469
165
5154
6215
1994
1048
1038
612
2525
4465
649
5290
3459
757
88
1560
2006
1301
654
1874
1986
1693
4251
5524
3006
5559
2389
1896
4076
5752
5015
5143
55
2030
5614
2960
1188
5222
4316
3148
5118
4473
5636
1787
1009
4989
231
3885
238
237
5169
5547
3302
3052
5424
6235
5675
811
2654
814
1238
2087
1976
4725
5785
5651
6232
617
5699
5702
3886
642
688
5619
4450
1927
5660
5560
643
1949
5652
3023
5631
6227
1573
5663
691
6237
4476
3539
5604
5566
5172
5766
1296
2635
5507
1980
485
2409
3556
230
1226
2919
3902
3721
6005
1884
4633
2399
4242
529
4107
5501
4470
2521
1821
2926
5932
5861
1199
1195
818
635
1033
1031
2719
1756
753
367
2362
752
3263
804
5645
5634
1950
5629
5684
3015
4487
1393
5635
1963
1858
3003
1811
5670
6186
6174
1577
3016
1097
5002
2444
2019
2433
1782
1253
735
5336
3017
1943
5822
4221
2576
6155
793
1620
128
5047
610
3936
593
1017
2933
2192
3743
5706
4880
5476
5624
5323
2806
4070
2903
1491
1730
5017
4679
2997
1062
6164
2944
5637
3029
2924
1995
5056
2920
1766
611
2207
5552
673
5655
1058
2210
5656
1761
2183
4150
2968
1860
5673
1151
5608
3201
5026
3050
4294
46
2945
1692
710
4541
2451
761
4048
2516
319
4123
5214
5131
1205
4876
4640
5533
4189
669
743
4088
1911
81
2427
3356
5344
2564
2101
490
1460
5585
1446
1425
1470
4524
1441
2031
2194
616
4549
5602
4266
2050
2081
4330
4082
5947
2495
2044
5012
5003
2450
6231
5085
3166
3110
380
2852
9
5537
179
5428
4104
5008
131
751
4907
3178
5946
5574
5466
5116
251
6261
6260
976
3328
3783
5866
958
2277
3045
2740
1618
3348
5391
1981
5532
5122
5373
1224
1973
1968
3115
4578
5661
5509
6167
5596
2460
4977
984
977
1985
3106
2539
1918
2787
5879
2244
5767
5863
5013
5024
5144
1922
5593
1947
1960
1875
1077
1078
2543
2542
4306
3239
2345
3368
2018
2419
32
5167
6251
1905
5195
5872
5761
1190
3864
5906
5520
6245
142
5261
5590
116
1450
1231
3182
333
3907
3140
1984
1739
3287
4303
1661
1885
1829
1989
134
3401
1913
2722
85
261
1971
169
5595
1861
5517
3280
5917
2187
5641
5001
4035
262
1921
5423
5935
3378
1936
5665
5601
3284
4039
4062
5857
3528
2812
5948
5541
1237
6159
4343
4116
4302
2659
5876
4995
6182
768
4344
1132
1292
2468
3654
5582
1755
3857
3913
1954
2047
3085
6024
4033
5033
321
1339
3144
5576
5060
5325
3887
5324
3256
5546
5701
5527
3124
1977
5066
5327
1897
5586
3313
5698
5030
5846
5630
4209
2797
5274
1069
4739
3282
269
2391
3186
4973
236
3244
2443
4024
3286
3316
5584
6126
5020
94
1194
2741
2163
3365
4644
4278
4868
2784
3555
2104
369
5049
4177
1015
36
3476
5686
790
3099
4827
2977
1747
5575
5642
5711
252
3413
5072
5739
5137
4075
3281
5705
5623
5850
5646
5666
5658
5561
4108
5671
2510
5940
5851
5667
5244
1979
4190
4173
3188
4397
5610
1894
3305
3583
5510
3503
5768
2033
4161
196
5571
200
3164
1235
1898
4714
2545
5626
317
2203
3323
1011
5534
4375
3354
502
915
2836
841
33
2642
1685
5751
5320
5529
5578
5570
5577
5569
5677
771
136
5897
1694
5611
5591
5496
5579
5076
210
2550
5598
5486
135
4293
219
3277
2718
5265
409
5189
4066
3584
3245
2323
5079
446
6229
3708
212
2527
458
2034
51
516
2714
5451
1579
2656
4153
5205
5548
5809
657
183
4488
961
3073
1465
2262
1331
348
978
5562
449
5597
5512
4975
5535
1942
5477
4213
4438
2507
3278
5461
5504
4453
5016
5313
5542
2644
5217
4301
5213
6179
156
2189
1323
6198
4436
1240
5173
3122
5210
3514
4433
2612
1466
2421
4526
3384
92
3773
8
4818
3283
2600
1533
1312
4125
4119
4124
6197
3266
2519
876
4910
2929
3860
1170
1432
2981
3719
220
4746
3352
3202
2872
5314
5564
3898
5536
2461
5581
3123
2445
5502
2540
1978
4314
4996
3325
184
923
5421
2454
1313
868
2184
5580
3422
1570
1670
3540
4074
5482
925
2501
867
6052
3980
609
661
3464
1279
2478
734
217
151
1520
4322
619
1841
3109
3990
2022
3290
2440
1099
440
4342
324
4971
2415
949
5555
375
3507
5594
5484
5587
2457
5479
4206
4214
4013
5232
5202
5483
5763
3753
2505
5565
3170
5328
5759
5316
2384
2432
3274
5315
1603
667
4279
1344
1348
5506
3065
188
1135
104
5318
5319
4262
2024
5557
1376
5162
656
3151
3683
3345
2217
520
3143
5036
3494
5756
5493
3341
5563
5284
4929
266
2980
3271
3046
4515
99
3057
5317
5310
5473
3257
5609
2625
5755
243
5456
3047
5458
2257
5549
1434
2534
3259
126
2653
5376
3084
5357
4663
1108
1109
6206
2036
2256
3055
3423
3663
3659
3288
1580
4197
5685
2093
3080
1106
1088
2064
6240
2713
3258
1814
1096
2514
3745
2067
5499
4395
5613
3351
1436
4897
989
2383
3496
4185
2298
2281
4498
2425
2599
5538
4211
2382
109
113
5352
3746
31
5392
2603
2737
2626
2035
4086
1576
2195
2213
3366
2765
2297
1534
2611
3082
6121
1260
1197
3295
1148
5556
2448
1721
5246
3219
1416
5514
4348
2455
3463
1064
6093
3192
991
4328
338
3718
860
5777
4930
2077
3324
4225
1958
1908
3475
2219
1209
896
1564
5377
6178
4347
2226
1478
2062
1888
5312
2264
1890
2227
2757
2139
4201
2532
2417
4341
5395
6187
602
5418
947
2487
2752
2743
2679
2045
6172
4312
5472
5505
2449
5254
3481
1207
1720
6236
1216
2771
1712
4925
5080
2884
3483
4560
5589
1241
3492
5119
4676
5194
394
355
2336
1538
5109
5179
1952
799
5271
5175
525
784
133
5573
5160
2716
2374
5356
1035
2732
345
2702
4335
4222
54
1959
2506
3150
1750
2531
2431
5223
320
1317
2928
5521
4921
2522
3367
2065
5263
4336
4334
3235
292
3156
2464
4503
2914
5071
1511
3873
5258
503
5279
3009
5867
2083
2892
5168
1522
1320
2496
3906
4205
908
1826
3754
5600
60
1412
2473
5985
2485
1383
6255
2559
2452
589
5203
1951
5247
2557
5550
4320
4319
5998
2511
2664
2663
5583
3379
3142
1056
939
3610
2572
1261
3389
5457
914
1302
2500
1902
1467
2442
4196
1713
5922
1527
1362
3230
3118
2958
4034
5543
5157
1563
170
1472
5248
869
4674
1193
2739
1568
141
3113
1361
5220
3040
3376
3369
456
3059
1359
4804
2465
2253
349
2733
5305
5413
3102
4665
2480
2738
1068
2258
5380
5398
2502
5531
3234
3226
3949
1230
5567
655
5470
1793
859
3411
1263
2261
3457
6208
1557
3456
1256
3952
3048
3484
1541
4666
424
178
1157
4321
3890
4117
4287
6141
4217
4512
1697
3134
6147
2286
3058
2467
1303
4165
2335
3100
3337
2497
3820
2726
1337
5540
332
5404
4329
132
2252
2528
2498
2508
2636
905
2513
2479
2437
780
2520
2819
2535
5117
1028
225
2483
3486
2805
1098
1781
2412
810
831
2537
5278
4307
288
2251
4653
295
921
3137
275
5434
1137
2057
1677
1526
4413
3335
3129
948
3418
3445
3872
854
5827
4651
1242
640
4219
1206
209
5965
3710
3385
3154
2541
119
2429
2466
2518
2536
2259
2529
2517
2544
2410
2021
129
2255
2436
3415
968
2488
2843
2481
4280
2420
5112
2254
3477
3152
3349
1131
3488
3147
2463
827
2379
3158
427
2248
388
3541
5453
1461
2734
2416
5309
5982
5462
5180
2250
4327
3093
2438
1801
4632
2199
3294
2744
1252
259
3306
920
3469
272
2249
2422
3184
2302
2046
1217
3419
999
3393
2361
2386
2499
438
918
2470
2493
5931
2512
5953
2275
2375
1248
4338
1129
168
3387
3229
3375
2271
5111
2395
2720
139
2494
1889
420
3233
3700
1744
325
2492
211
3373
1126
3217
1215
2491
4976
3238
3218
5923
888
282
408
3081
1016
439
1063
3961
1180
2983
222
4337
351
5833
2390
4332
421
26
5905
147
2242
3321
2048
3331
5073
354
0
1052
3412
2225
3409
1422
2829
4339
1198
5902
197
322
2850
2791
3364
1104
5182
4
5913
2230
2243
4204
167
2609
30
2202
207
1227
12
931
3382
1257
125
1718
3972
3173
130
1070
3397
4210
2172
773
983
150
3959
4698
1105
3416
3417
2607
3189
1103
2759
3350
286
3396
241
2643
2751
5929
1930
3394
1249
313
5942
328
5921
4324
365
205
4340
1239
5712
1347
2358
928
2547
3291
3318
204
2857
29
235
957
2435
57
3308
2272
3391
13
194
1102
4315
3078
82
2447
148
3237
2523
2803
2396
96
4304
1765
247
1122
87
5791
2681
117
2723
2727
2618
114
111
2808
161
228
164
218
158
2810
25
1250
24
221
208
2821
2798
2811
110
3297
2608
3340
140
159
2343
1245
1211
339
2615
1234
1232
65
373
366
227
229
1247
1421
2614
1259
1123
191
1970
5384
213
90
198
1773
2320
242
2428
334
2063
2332
27
226
2305
1204
2351
206
72
216
290
289
118
287
2859
215
1246
106
927
160
103
1219
214
1149
353
14
294
2404
1731
2482
2426
361
1186
2833
343
2339
2350
1916
2282
2328
186
5841
2349
2848
2667
1221
402
3155
2381
1065
2851
2245
1158
1228
2782
2397
2393
1967
1717
1169
1928
1725
1160
1415
1749
4390
3112
2828
2329
2310
1417
2331
2327
174
2818
1900
2283
2352
3130
2392
2354
1184
2378
2285
840
2387
2376
2363
429
2385
68
3160
2839
2486
3139
1117
1202
2439
2368
2377
1071
2353
2655
950
425
1152
1606
2319
1045
2300
2408
2764
930
2301
2308
2293
2671
2401
155
2715
2893
2206
2355
2880
1181
299
1051
1804
2869
5709
293
2276
2313
2318
2241
2238
2239
2287
2471
2240
1120
2476
919
1413
1118
1437
182
967
3076
1419
2849
98
1883
2326
1138
1119
3075
2717
2325
1124
2347
2729
1456
1420
2220
1074
966
946
1423
3159
1710
2337
2896
951
1424
1343
1891
3346
1049
1201
952
1293
1061
1203
932
4667
1141
3060
15
956
1729
3381
1453
1462
1433
3083
2315
1727
1095
2224
1162
1468
1177
1459
1147
1121
1285
926
929
2815
1807
6
5971
2369
1125
5912
1486
1853
1394
2906
2814
1366
2304
2770
885
1473
2923
2084
2095
2912
1090
2613
3300
1489
2066
1457
1778
842
3392
2105
1488
457
1265
2882
3194
6183
3216
2956
2775
2309
1816
3054
3248
1185
1621
1463
1304
2364
1498
1094
2296
1355
1034
5966
2182
1476
1171
1722
1127
2094
1143
1089
897
2940
2883
2900
1723
1469
1286
1857
1373
1893
2885
2295
2908
2937
1243
2842
2724
1307
1164
2279
2813
5710
2703
2881
3322
1142
893
1484
2888
911
2816
2899
1155
4997
175
1429
1392
2796
2773
28
3088
2167
3222
1145
2874
1163
913
4333
2952
1092
2898
2922
2712
2158
2895
3049
1442
2962
2971
2953
2707
2781
2894
1264
2356
1479
1518
2841
1342
1464
2901
1319
2925
2175
3241
1503
2909
2817
3193
917
2943
2942
1716
2100
789
1714
1855
1515
5883
3071
1349
2936
1297
1183
3117
1475
3223
1791
1490
1168
2709
2263
1233
3116
5828
2111
566
2897
1075
2913
2911
2902
2801
2711
2809
2774
2927
2955
2710
1499
2278
2890
2822
2910
2889
2704
2826
2706
2804
2705
2905
2972
2844
2973
2780
2827
636
462
2954
1139
2855
1166
100
1500
2917
902
880
1525
2854
5955
2701
1794
2863
1128
1091
70
1154
1445
3171
1508
459
2838
1165
419
1054
955
3091
1159
1381
1072
2870
2978
2699
2082
1130
2921
2835
2871
600
2875
601
2873
2867
1208
1624
1501
93
2969
881
1822
1210
1812
432
102
1627
1308
2991
4305
1060
3303
2108
785
755
176
836
4308
1803
849
1706
1561
1080
1191
2692
291
2985
3025
1044
3126
3024
6267
3035
1531
823
5697
3252
1571
2694
973
5952
1788
822
2990
2999
776
1483
3133
1708
3018
938
756
2074
2700
1315
1507
872
1516
1517
807
1852
1087
808
3079
3125
3131
4284
2052
1266
2290
1153
1387
5958
1705
5842
2996
1562
1530
2099
2110
1831
1575
1833
1601
1628
774
3033
775
3138
3086
1786
3326
1495
1581
5962
1775
851
5941
2294
835
1371
1395
1549
3094
1780
1633
830
786
1474
878
875
898
750
1269
3103
3108
792
1709
1276
3119
3087
1523
791
1802
1790
1632
2114
52
2098
3114
2092
1569
1825
759
1502
1083
2129
1789
1818
798
590
3370
573
990
1796
1136
1795
853
1609
758
1619
1783
944
2053
5968
1057
587
177
3096
1537
812
1085
2118
895
760
1545
571
890
2136
770
2116
3107
1643
879
3105
3098
1630
2138
2113
887
3092
1843
3037
2121
882
152
819
1574
829
1389
1615
3
3004
1736
1275
1002
1540
1289
1550
1837
2289
1497
2994
1378
1548
1599
1200
1658
1777
2145
1553
1388
1546
1513
1827
992
187
794
1578
2014
2056
5980
1584
3097
1161
813
491
376
1036
1529
809
834
821
1543
820
2102
1539
1514
795
1556
1024
2112
2068
1586
1268
1587
2288
1270
1271
1385
1583
1528
588
390
1542
1551
1404
1082
2055
731
1084
2123
744
987
762
745
201
847
3010
937
1274
1654
1291
857
3146
395
1532
746
3304
637
935
1410
1626
467
549
1703
2130
2097
1330
494
1767
1535
1585
1582
452
796
1536
1273
585
936
3034
861
1290
2683
1741
1401
1375
3002
972
1400
1612
1411
981
2334
398
1369
1733
530
1370
423
737
732
586
986
3344
372
578
3019
1639
496
1845
1840
416
1081
1592
1616
501
631
641
1409
2054
648
1674
370
974
3262
356
1306
1600
1372
1379
581
4295
1391
1386
608
1328
1645
1399
1327
1623
1405
1374
1341
1363
1336
1350
4331
622
3012
1398
577
580
1659
1406
1335
3038
3332
1408
551
1660
536
1403
668
1640
554
1784
1638
606
1333
303
1734
1785
1189
3461
1637
1174
1346
1742
377
1407
3478
560
1647
982
508
401
638
396
397
481
1695
997
4032
1325
1316
1636
763
671
1646
1649
1353
1334
1324
687
531
1813
1310
1653
506
1779
386
1629
630
1298
1650
1380
725
1687
627
433
1848
980
660
985
1664
567
437
436
545
979
3516
550
696
483
1625
406
557
517
3430
1792
575
400
570
389
4028
464
1688
3501
706
3301
4298
364
533
1678
1656
1655
1665
541
466
945
1605
326
392
1309
568
1806
1662
548
1673
730
3502
307
300
555
559
3521
450
3520
1175
3509
512
553
1757
705
561
721
694
301
683
465
3473
618
695
1042
552
3505
484
302
1810
682
454
546
563
526
3493
3447
3317
562
558
363
304
539
1173
404
3359
1229
518
443
2674
703
451
298
547
511
493
542
623
371
3474
3338
505
3536
3524
413
379
3535
537
3534
480
697
528
680
720
702
362
733
3497
719
713
726
3527
500
3495
368
3479
679
521
1589
3513
685
1683
1668
544
1846
3293
1799
1834
5983
3434
488
738
448
729
741
1594
414
515
1681
509
308
1669
1679
1682
1686
523
565
1696
447
2
1676
445
1702
1675
709
1591
1691
1690
1701
736
1595
1680
715
1597
701
711
444
625
1698
473
708
722
474
487
724
1689
497
624
107
471
442
718
472
492
479
3671
707
498
699
700
704
476
698
3482
504
105
108
684
693
3435
3320
3466
4671
572
3339
3523
3542
3537
5974
4292
250
3676
534
4311
3436
4030
4300
475
3298
4297
1748
3429
3355
5977
4179
3395
3190
3299
6069
3358
5956
3530
4283
4057
3315
6175
5926
6062
5964
4061
4289
6193
3967
4015
3247
2690
3970
3631
4272
4296
5978
4290
4363
3816
6009
6064
4998
3979
3554
6055
4469
5200
4931
3960
5819
5901
3442
5938
3191
5972
4852
5893
3546
5568
5950
5954
5911
4841
6047
5927
5949
5981
6048
4853
5944
5147
5230
4760
3703
3593
4777
4752
4647
3227
4058
5943
6051
4212
3905
5311
5753
5790
5824
3611
6146
4668
3776
3636
5937
4403
5170
3951
5270
3835
4021
5880
4401
3859
3690
5255
6257
3620
3630
5993
4216
4041
3981
5928
6014
5161
5914
5963
5976
6184
6041
3695
5975
5023
3547
3431
3548
6006
6021
3452
5989
3576
5979
5120
3572
3571
5038
3243
3882
4833
3437
5888
5186
5163
4955
4162
3777
4654
4726
4733
6228
5551
4274
6192
6054
5399
5498
4513
4091
4482
5865
4069
4972
4948
4286
4360
4565
5449
6165
4097
4771
4215
5211
4659
3866
5115
5187
5174
6207
5987
6029
5818
6202
6250
5891
6234
6084
5811
5207
5844
4484
6066
5920
5915
5873
6152
5138
5904
5052
4156
3923
4233
4884
4071
6043
5881
5882
5236
4002
5988
5408
3987
4172
5114
6218
6058
4111
4826
6254
5410
4527
5859
3568
3916
5197
3945
3602
4889
3453
4990
6214
4036
3928
4953
4941
4912
3667
5156
5823
4970
4968
5832
5967
5171
6233
5849
5196
6032
6222
4848
3403
6266
5847
4919
5041
4176
5815
6038
4164
6059
4175
4277
5816
3994
4991
5848
5807
6027
6185
4169
5286
5860
3947
5918
278
5032
4008
5936
5805
6085
4837
3643
4166
3250
3575
3956
3997
5854
5887
6210
4372
6265
5899
4641
4580
4383
5039
3668
5886
5892
6016
5992
4999
6013
5022
5031
5837
6225
5820
5011
6000
6020
6036
3892
5814
6044
6012
5010
6200
5821
4288
4412
6030
3939
6091
4068
6010
6203
5812
4845
5813
5806
6259
3697
6097
6226
6068
4051
6201
4593
4148
4846
5181
5984
4662
4839
4049
4691
4000
4026
3669
5193
3619
3179
4847
6258
4834
4004
6011
4178
6253
5810
4894
4145
6067
6094
6074
3443
4871
4059
6089
3573
4263
5201
4843
4828
4542
3609
4052
4168
4053
4638
3635
3236
4174
4291
6023
6096
4724
4604
6082
4888
4152
5266
3441
4391
4007
5242
4664
3532
3694
3991
6264
4396
4022
5804
4836
4012
4050
4029
4901
5206
5225
6080
5778
3867
4009
4764
4427
5280
4489
3698
3874
4883
4832
4365
6105
6079
6071
4831
5995
6081
6095
4592
3570
6101
4285
3574
3929
4835
6007
6221
3876
4135
4014
6026
4904
5140
4167
3673
4421
6217
6120
4614
4157
4723
4364
4005
5797
3955
6205
3969
5361
270
4010
4649
4490
5378
5208
3965
4911
4170
3937
4273
5996
4939
3679
3699
6190
4820
3977
6153
6209
3701
4692
3984
4261
6100
6083
4861
5997
4922
3940
6102
4684
3880
20
4858
3935
3204
3868
6110
3983
3974
3899
6204
4054
4838
4900
3966
4898
4915
4163
3684
4003
3626
5776
6034
4567
6213
4060
6073
3995
4237
4159
3944
6212
6124
4267
4729
6098
4672
4245
4384
4456
4056
3919
6104
3978
4601
4479
5149
4685
4023
4634
3976
5345
3926
4716
4623
4722
3925
4250
4875
4655
6065
4257
4151
4669
4906
3968
4678
4362
4717
3931
4531
6060
4856
4532
6180
4055
4141
4844
3933
4620
4646
4700
4859
6168
3910
4025
4899
3900
4727
4552
4829
4882
6188
4942
4374
4680
4409
3973
5158
3424
5176
4718
6107
6176
5240
4358
4688
3918
4600
4231
3569
4637
3924
4361
3908
3934
4530
4860
4359
3942
4690
3917
3943
3950
4677
4609
4605
4566
4686
4675
5183
4543
4591
3941
4938
4687
4579
4247
3927
4260
3921
4913
4825
4587
3875
4683
3901
5360
4682
4855
4586
4017
5329
5359
6196
4382
4892
6169
4186
5228
4232
3458
4381
4371
4571
6122
5450
3717
3444
4431
4613
4551
4952
4180
4416
4934
5237
4599
4529
5405
4493
5262
4218
4477
6131
4550
6112
5393
4617
5212
4415
5363
4368
4720
3704
4960
4628
6116
5442
4430
4235
5330
3879
4639
4959
5219
4506
3780
4823
4735
4890
4422
4182
4944
3771
4947
3174
4500
4398
4730
4367
4018
3798
3426
4770
4405
4963
3471
4523
3425
4192
5268
5492
3734
4713
4496
4492
4439
4357
297
296
3762
5775
4463
4924
4423
3565
4736
4486
4191
3715
4227
4449
4393
4759
3736
4386
4432
5365
4366
4446
3428
4472
3788
3578
4467
4105
3566
3623
5226
4387
4507
6119
4877
4817
4480
4246
4945
3427
4772
4528
4962
5780
4762
263
4040
4504
4399
4935
4455
6123
4474
3677
4908
3595
4732
4869
3552
5362
4946
4083
3761
4754
4721
4459
3612
3730
4183
4370
3733
19
4502
4769
4110
4850
5385
4181
4417
4084
4094
4103
4734
4501
4440
3748
4102
4096
3221
3438
4187
4184
4731
4497
3549
4485
4849
4442
4434
4256
4478
4886
4757
4065
4881
6127
5283
4747
3792
4709
3720
4750
4916
4895
4808
4761
4951
3830
4927
3678
3622
4728
4751
4099
3731
4878
4872
4737
4896
4783
4471
4917
4707
4748
4743
4106
4928
3787
6134
4865
3639
3793
4851
3580
3707
3629
3785
4755
3592
4811
4965
3581
4454
4799
4824
3800
4708
6132
3724
3808
4903
4790
4814
3802
6136
3829
4784
3638
3840
4794
3774
4466
4796
6211
4740
4785
4042
4810
4385
4950
4702
3737
4710
4885
3594
4407
4706
3579
4961
4404
4793
4798
4816
3794
4420
3765
4949
4092
4795
4642
3782
4495
3564
4701
4745
4943
3242
3738
4704
4815
3728
3838
3637
3832
3837
3706
4813
3848
4966
4621
3764
3723
4354
3614
4098
3624
3550
4797
4705
4093
3849
5480
4418
3853
3751
3588
3861
5139
5439
4803
3827
4956
4622
4616
3175
3819
4198
3791
3805
3722
4958
4809
3561
4819
4792
4812
4801
4806
3726
3781
3824
3600
3852
3789
4964
4703
3563
4615
3863
3577
3844
3812
3804
3856
3560
3562
3813
3842
3797
3551
3559
3826
5448
3806
3822
3836
3854
3825
3596
3834
4085
3845
5347
5300
4226
3587
3597
4611
3828
3606
4607
3831
3817
3725
3810
3841
3823
3850
3607
3847
5294
4606
5276
3585
5364
5275
5406
4624
4394
5386
4350
3557
5394
4594
3599
5511
5383
4575
4265
5341
3851
3843
4577
4352
4545
3590
5387
5218
4259
5440
5465
4612
5430
5403
4389
5420
3177
3558
4556
4537
3586
4522
4514
3598
5463
5337
4562
5441
4547
4561
4540
5355
5495
5372
4243
3807
5409
5485
4570
5431
5488
5411
4630
4569
4573
5371
4608
4597
5426
4584
5455
5474
4563
4596
5340
4603
5388
4518
5494
5435
5432
4254
5419
4269
4590
5452
4558
5436
4582
5443
5475
4258
5338
4553
5427
4351
5350
4244
5444
4253
5354
5415
4511
5375
5381
4224
5339
5400
4595
5351
5487
4589
5467
5379
4239
5429
5353
5368
5414
4581
5334
5425
5370
4554
5401
5333
5390
4520
5366
5332
5374
4568
5402
5459
5349
4574
5369
4519
5397
5382
