255
77
68
277
246
63
173
272
282
257
261
18
87
72
17
262
267
260
83
90
19
62
270
284
265
275
64
3110
243
3079
3499
16
279
2915
172
3514
2587
3095
98
251
5521
2912
99
5820
2590
2906
238
96
3489
3094
5854
5852
3096
287
3303
2936
280
285
237
3679
3785
107
3106
4179
81
4311
1982
1654
3517
1668
5524
5191
4652
2739
2853
4168
1365
4351
3132
1388
4192
4016
3425
5827
4010
283
2931
2585
1634
3773
1684
3490
2747
4162
3454
5197
1387
4965
4169
3183
5177
1060
4337
278
5150
2748
57
4939
5209
1427
3302
3473
42
4333
3069
5823
5206
2939
2863
3281
3717
1944
1373
2293
2932
1897
520
1059
171
5815
3549
2147
5520
1728
1955
4182
2200
1256
3426
1083
3494
1414
3434
2910
5795
2194
317
5835
1214
2784
2900
269
368
4378
4708
1633
3472
530
4012
510
5936
3482
5253
3521
5235
4163
1057
41
4430
2700
5819
5943
4704
5944
2238
5831
1884
1366
3680
4366
4160
4977
252
4482
3804
4893
4032
4885
2661
1730
3512
519
43
3548
2777
4033
890
4073
2205
1331
4011
4041
1089
2924
1972
1428
4521
5134
5968
1108
3308
1645
4362
2926
1088
2835
1640
659
3197
1082
4522
2218
5848
447
5219
5116
1635
4074
2243
4624
4180
2010
2225
439
2604
2729
2382
4084
3252
5517
583
5752
5742
3635
2775
1548
1680
3184
4049
1675
364
1433
5717
5828
5751
5811
4365
1945
286
1979
2814
5830
2890
4672
2581
3780
1653
1216
4116
2294
3639
2908
2785
3633
5527
663
2942
1453
651
4666
5210
2736
4562
891
809
1969
2913
2855
2433
1084
2395
3307
468
4176
5850
1661
4081
5159
2175
5131
1347
2157
5230
2146
1405
4184
4335
5921
4060
1118
1401
4886
5156
4174
2759
5189
4167
3795
4206
1435
5693
1544
5231
1648
389
5190
5124
374
1975
3767
1369
1363
4061
5172
4312
4048
1114
2232
1107
3484
5361
3849
4082
3464
4424
5610
3310
5148
1452
4712
5121
4363
158
1942
1494
476
1727
1493
3760
3811
657
2816
4304
5700
398
1641
40
5857
5698
504
4503
4306
4563
4292
1052
1270
3179
2781
2708
3470
2298
3810
692
109
2831
2899
3459
1731
3202
1243
2618
1215
4511
2866
2295
4063
1409
3471
4080
2790
457
3783
3481
2802
2207
478
4195
3433
2941
2823
4630
1323
2635
4821
2573
1880
4773
1873
5434
1794
2001
5499
4799
1830
4508
55
4956
942
4863
1752
976
1785
4876
1167
5461
1797
920
21
3877
1857
2035
5462
2945
4945
1810
3546
1750
59
20
2568
25
407
3935
5266
609
1834
4877
60
787
5503
923
4925
2528
1869
5858
1978
4760
5500
3099
5509
130
1829
3128
2423
798
1776
2383
5740
4656
4382
5262
4127
4423
5275
1399
1087
495
5687
5694
2246
5540
2439
1436
5777
1395
3027
1086
1959
5756
403
2131
1445
3209
2236
2691
5821
5802
5629
4040
5239
5829
4
2190
5950
1882
1419
2893
4728
2300
2299
2020
1205
4476
2188
4726
4034
4640
1455
4197
4668
1663
1879
2045
125
2317
2037
3351
5257
2182
5454
3353
3063
1749
361
4784
3881
3886
7
785
2066
3085
4991
4818
926
2925
2077
3034
4253
5887
1817
3878
776
4892
2122
1864
1751
2486
2097
5566
4791
4990
2516
4025
4989
37
3100
983
984
2055
4903
1846
1862
1624
905
1062
4782
2075
2071
574
5270
3887
3170
3215
144
3845
4830
2574
4904
550
4823
3929
5043
1588
100
454
5265
373
3847
4583
4300
222
3737
1844
5494
3730
5758
4913
1358
355
4258
5649
31
3142
5558
386
5039
4296
353
3950
5841
5522
5525
230
4941
2461
5616
3754
5666
1825
5456
4975
5054
4882
49
1071
3180
1773
4861
4868
1796
1795
5954
224
1566
5668
3147
2487
5214
5871
4809
4135
101
3257
362
1807
5485
4862
1950
1512
4794
3895
724
3004
5592
4872
2575
2567
5005
44
1816
1836
127
124
4900
4806
2032
254
34
4803
5488
5010
4584
4569
1838
3006
4544
2804
2811
5518
1915
4947
2584
4841
4837
2040
4915
4914
935
4929
1885
1534
2211
806
5179
2808
3611
4129
486
1515
3133
5095
67
5169
1501
2681
2735
3304
4528
3776
3896
4534
2782
2774
4439
3505
103
5568
88
2797
4349
4523
385
78
1608
4354
4188
1473
3694
2184
3678
1522
2453
4410
4372
3902
1500
4075
489
1305
4393
1461
2611
3568
4471
4641
1389
1621
4627
4783
4792
91
4810
3704
4881
4622
1903
116
3605
2446
4879
925
3862
1359
5580
2063
3098
4458
5565
1837
709
347
1193
2675
3826
2412
5511
4340
2588
84
5605
749
2493
568
469
954
903
1647
5557
5480
1440
3622
3619
873
5028
1343
1070
3777
4445
4339
4215
4942
4758
2028
1284
2434
3131
4787
5567
3194
5578
4765
3035
3139
3255
4493
5013
2716
1952
4847
3248
2868
3171
273
1297
2083
4308
5030
1127
2456
5269
4619
4473
4778
5888
5898
4797
2508
1274
5252
496
2427
5217
4767
5791
1658
1748
1747
4779
2392
5355
4662
4807
2051
5465
1704
2631
3989
483
198
2378
1080
2955
4356
4691
3251
4772
4757
4770
3222
4781
4901
2076
4996
531
4750
3841
4793
432
183
5120
981
977
4902
4805
5685
4845
948
4131
4808
5469
5529
4026
5443
4858
4859
4866
3024
5633
5646
735
1746
4727
2351
3941
1147
3836
4829
29
1637
4093
3746
1847
5941
2441
1063
4572
4248
3038
5495
991
4786
5476
38
2601
3875
3876
4788
851
2998
5851
2632
4124
5022
2448
760
5859
2418
45
5009
1800
4263
1202
1443
5627
3220
943
2485
3747
2506
4571
4262
5682
271
1866
4505
4138
1626
2046
1989
2031
4796
1861
5584
957
5674
3703
4769
2061
1938
2479
3284
3193
1142
5050
1430
4701
725
1710
5486
952
3891
338
5459
4768
2971
1186
4780
1935
763
4558
228
3824
4299
3971
4239
5012
994
2451
5792
1913
2956
5579
4654
4643
3686
593
940
481
2671
1341
3516
3509
5846
4923
334
4637
4756
5602
5891
4753
5902
2464
2429
5023
4766
2515
2488
3556
327
184
1777
974
3833
5885
390
534
185
3274
3914
2821
5011
1073
2984
2332
5381
5651
5705
2779
5655
2179
2099
2227
500
5686
216
3458
5075
4089
73
3049
5218
1720
456
5917
5371
5709
2603
1096
3178
490
697
814
1454
2580
5272
4161
1228
3460
4031
892
3070
5244
378
4612
2172
1651
5967
5226
1577
5344
1255
4629
5856
4005
4230
241
2902
2909
2940
3301
5539
3326
4260
904
5060
53
522
4905
955
5526
4266
1200
5696
4494
3130
754
5492
5479
4101
5493
2670
5861
2316
3169
5873
1209
3525
4255
4259
3421
5484
436
3872
1904
1928
3031
694
5508
5505
1467
4673
1964
5688
383
1927
5458
296
3475
1757
4317
2135
5745
2322
122
3674
2457
5979
5185
5496
4931
3135
4950
3669
4981
5471
5872
5699
2438
3907
3913
5470
2444
5893
2474
4908
4969
4952
5051
3463
2569
950
4748
4749
326
2547
2833
2397
5020
4964
5982
572
256
2967
2458
2650
2959
3014
5015
2997
1923
3949
2019
2264
4022
545
1196
1227
3844
2050
3791
5866
1153
5472
5411
5855
4924
1902
5897
2462
2452
2442
3794
5478
5061
951
3867
2477
2440
5042
223
4980
1203
3781
1851
5878
2496
5587
3423
3121
5433
4585
3149
4811
1570
3953
3999
4957
2396
5761
5404
4759
5047
1152
4001
12
1887
2450
2160
3612
3809
4099
5183
5200
5867
5920
5603
2531
5025
2260
5787
3269
4085
1295
752
2921
5843
3926
3942
5038
5029
5032
4954
5041
4851
2144
919
4982
1867
4762
4979
5204
1191
5754
4277
5342
4284
5890
197
5024
213
2537
1625
833
5094
433
434
4865
307
1936
2525
1946
2873
1940
4158
4091
474
2642
4667
1899
988
900
4454
3885
3757
397
3640
1678
377
1294
2881
1729
4970
5764
4264
3959
382
294
370
376
4963
3685
971
5227
5139
1659
5775
3283
880
2558
559
2465
3995
755
5245
92
543
3134
4002
1598
1933
5669
2527
2088
3888
3665
5883
2828
1519
1238
5571
2483
3141
3967
5035
1378
4928
5550
2656
740
2471
635
5463
4141
3399
4209
4301
1201
5490
5351
2467
3074
2651
5874
5868
5080
509
4817
5017
973
739
2570
4899
5585
2554
3510
1336
3155
3249
5581
1760
2499
1381
1960
1230
1424
2424
5904
2245
1212
790
1909
5812
3594
5258
3338
3545
5178
5935
4094
245
188
4987
54
5248
1081
4682
3762
4822
3344
5277
4275
323
1529
4440
2534
2386
5362
204
5956
2539
2460
743
992
1357
705
975
1918
1761
2540
528
1753
1754
2602
3208
1759
128
32
2253
1006
561
5582
3792
5481
5261
165
4267
2933
4021
3005
996
4671
3828
1934
4488
4790
1660
1811
2920
2521
1691
5741
1003
3866
4020
5442
2089
1199
566
541
5643
4680
2469
0
2387
1283
239
3485
2100
2627
1872
3275
4739
1673
5202
5591
2720
1173
552
1917
2724
2752
1181
2677
259
2470
2555
3823
4024
2445
5784
1839
1974
1010
2726
2667
2609
5875
881
1075
2072
4056
5836
1482
2497
134
1734
5817
332
220
5837
5418
3347
133
195
2976
2266
4394
5845
979
4579
4884
2267
113
1291
4358
518
5863
3587
3750
4887
3963
5864
3015
1901
1900
4592
4972
4401
4960
4325
1195
1898
5842
1158
5593
203
5401
547
1002
4594
2476
2436
1064
4723
4593
5118
1821
1177
5457
3378
3221
1845
5425
2538
4955
5419
4848
4958
3744
5410
3143
3151
2468
3000
3856
5679
1514
1247
5384
2426
5838
3066
3359
3758
4543
3335
2792
3817
5805
2546
5359
4717
4700
4716
4729
4590
4709
4711
4688
4974
1517
2047
5720
3318
998
4735
3775
4100
1863
4733
4499
3167
1912
143
2353
2725
15
2094
4371
870
4653
48
1174
2549
5315
2544
1774
5439
4626
4256
4715
3660
3089
5515
3061
435
2096
1859
3987
3282
2958
2478
5659
4853
3145
3769
150
941
3834
3846
2522
4645
1781
4517
3991
5939
3966
2623
371
804
2624
2719
5703
4661
2130
4403
2004
2617
3414
3625
2302
1101
3480
1841
4222
4189
4527
3495
3226
5783
5985
1767
4321
5648
815
2990
3538
3623
104
911
2849
3077
3796
2702
3474
5916
4686
1061
4181
5619
1239
2226
4290
2596
1109
181
5098
817
2693
5759
3444
3634
5906
5034
1742
3812
3719
2727
3440
4601
5031
3189
106
5615
2505
2271
2472
3996
4152
4689
1905
5769
1741
4003
2832
3557
5900
2653
2621
201
4679
4693
3277
3711
3479
2616
4604
4375
2482
965
1407
2644
5052
5923
3925
3651
5847
3418
1285
1287
5001
3431
2366
5014
5771
5690
5657
4967
3952
2622
5919
5913
2640
2659
2652
3437
3533
4737
3323
5782
4389
3536
4510
5833
5044
4685
3822
3835
3553
5654
3195
4159
2995
4610
5834
3919
4909
3285
2673
5813
2430
253
3589
5658
843
2639
5798
160
4234
5237
1826
1524
5908
263
4512
1171
4789
5930
4639
5971
4659
4588
918
3600
3529
3462
1850
4849
3897
2620
4720
2646
5889
3906
3863
5036
4978
4692
4651
1136
1832
5899
2645
2495
3917
5661
3571
1840
1758
3790
1112
3271
5768
2553
459
2310
4678
5158
3934
3500
5617
4524
3455
1835
3526
1008
5429
620
3279
5645
4142
4086
2311
1072
3231
2161
4852
793
4557
4549
193
5444
5911
5561
3861
845
2663
3084
1074
5938
1809
937
4018
4844
4702
2682
4695
3258
2535
4831
3213
775
3443
5957
3961
4697
3972
4146
3276
3870
872
944
997
1920
2490
4675
4551
4616
5106
2023
932
5962
3948
4586
3955
2864
4157
2836
206
4331
3898
3530
2098
4777
3126
4118
2975
3354
4119
3357
3592
3840
3608
1100
2595
857
3976
4850
1768
4856
3334
5882
5607
5182
5195
867
192
5447
4820
4801
5675
3981
5691
5612
770
4943
4683
461
4840
3569
5840
5254
3465
4561
5665
5611
3713
2090
2633
5869
3937
3150
2514
738
3918
2532
2173
4353
3586
3957
35
3243
2870
2530
2524
2523
2979
3874
5157
225
3839
2883
1523
5453
4303
927
4795
5446
5282
4816
2070
3602
5165
3190
3631
4815
757
5896
3984
3869
573
4751
2669
3551
5216
5055
3238
1527
5862
4834
3280
3601
2630
2398
2105
759
1450
1843
2104
2982
2306
1367
1360
879
5909
1023
5310
5138
1276
462
4106
5187
1356
452
5583
5955
1513
1265
2536
5066
168
2723
5002
5292
3552
4785
5918
4509
4824
5065
5940
1320
3022
190
167
3083
2038
2511
4891
2688
1194
3259
2715
4540
2946
487
5641
1349
1705
331
4390
3328
945
4921
5435
1162
1472
3743
5760
2233
5147
2255
3362
3815
731
2996
3702
513
97
1563
2664
1736
1679
608
2391
2660
4576
2415
5533
3263
5895
3830
915
5049
340
1669
5877
4771
3831
2949
4156
1047
3946
3157
492
3829
4890
431
4017
5642
929
5901
4128
4812
5952
768
145
146
2927
3825
3172
2376
4460
2541
3366
2165
180
3662
4448
1610
2672
3088
2138
365
2668
4705
194
155
4948
4044
1479
3371
5672
2079
1417
4596
3838
3954
930
1277
5528
2714
5894
5556
5634
4827
1739
3265
2950
4597
5907
3940
1478
3879
4714
3188
484
1377
3198
3207
3196
5096
3873
1425
5937
3909
3696
1400
3852
2154
3890
721
176
2352
4515
5394
3407
801
3765
3998
5246
4323
4602
1813
5632
4347
1740
66
4644
4984
1555
3576
5523
1197
4293
207
3585
1568
5625
5965
3397
3802
4617
4516
5628
1391
788
4649
3697
3241
4911
3211
3701
2411
4545
3871
4376
2053
4442
2788
4986
3980
5947
878
2151
3968
4400
1532
5440
5445
1463
1368
2447
3682
5372
2721
802
5989
939
1468
2598
3753
1801
1784
3109
5477
418
1745
928
5285
402
599
3376
3173
5554
5058
3067
5640
342
2889
933
4883
3466
5626
5600
5451
337
2044
5929
5449
5886
3199
2092
2454
5283
1803
3224
1744
4452
5386
5638
3254
2150
5294
5328
3969
5289
3588
5000
2613
2685
1786
3756
3584
3739
4573
2065
3076
726
3192
3148
1922
1827
765
3832
2110
5263
5586
1852
4631
2338
5201
2095
5321
3439
1780
170
537
799
3266
3270
3124
5621
3273
3278
5597
3712
3716
3312
779
3206
5604
3923
4951
4582
5948
2036
215
1145
5391
527
2078
1738
3596
2258
5596
5452
5692
2026
5063
2141
5146
2709
5684
2309
3227
5631
1787
1229
3985
2270
1069
5087
142
5573
1812
1916
5018
2254
1350
800
3340
5707
5334
4338
3191
3383
5988
5563
5576
2091
5620
2081
5552
5564
5639
1822
1351
1854
3219
1842
2268
812
5653
1187
3223
1860
1924
3081
4153
3090
3225
5680
5448
796
1808
1962
148
5721
3233
2696
3367
1799
3245
3889
3319
3827
2027
1772
2155
947
3964
2815
1423
2325
1163
822
3042
2345
2687
3236
5356
3102
575
3956
3379
1376
5630
4491
5595
4019
1823
1815
1849
1782
1870
4752
1853
5689
811
3144
2703
3264
30
3237
4155
5695
212
4305
3333
2600
2286
240
5912
2676
720
5551
3974
3239
2241
6
5450
5537
5664
5922
4525
1032
938
2626
1919
2109
2039
2149
335
2625
1161
2166
835
2324
3327
1798
2042
5196
4636
5743
3001
1775
2655
2704
5951
2647
1792
276
5647
5574
1831
3261
2277
4776
4804
1778
2948
1361
2140
3706
3244
341
5986
3341
108
1788
3865
5671
5960
3229
288
2068
1820
3112
4922
2705
1012
4747
4800
2170
2139
1189
5773
1623
3394
4134
2861
2862
2658
2006
3488
5057
3115
3272
2989
3904
722
3072
4449
2196
1766
1833
4483
1765
3246
5560
5222
1383
3386
5860
1790
3322
1771
914
5572
1764
5785
3583
1789
4110
366
166
5903
5233
2204
1156
2250
3859
5575
2750
2737
3352
2145
2504
3411
4450
392
3591
3449
2928
2526
5570
3422
2491
3894
4357
5588
120
5064
5430
2842
2164
1462
1716
314
330
1013
5385
162
2947
1442
913
3664
3910
5286
1791
1078
3119
1004
4698
3384
546
3080
4150
551
5624
2698
3218
3123
268
5428
3644
1848
2484
5677
514
4369
3390
157
5716
295
2240
3659
3577
3997
5942
2242
1926
2296
2393
329
555
4663
4125
2425
499
52
3759
641
4319
742
3176
2964
3025
5181
2791
3348
4500
4151
2326
2615
1855
2413
5234
2494
5673
313
542
1005
5683
2431
2766
3666
4318
3136
110
2421
1956
4722
3250
14
2187
4655
3424
1410
3692
3504
3986
1342
5750
3687
3978
3908
4224
4225
2384
3994
1026
5959
1213
2813
4940
4240
3052
5267
1590
5849
2269
1806
1024
2289
5969
2938
175
5977
2510
1643
3705
4710
266
5701
3641
3698
2519
3979
2249
2419
2134
1053
2331
2217
4595
3958
247
5660
5806
3118
5727
199
1891
1911
3448
346
3656
2878
5963
756
1893
3962
995
2817
4370
5542
4600
4552
5614
2481
2102
2067
2980
774
1700
5715
1681
2475
5086
4178
2480
3253
3690
61
50
4451
3511
2712
5613
36
5731
5609
2455
169
3240
76
2385
4297
2641
2459
2732
3920
4910
5853
2818
117
1687
5656
3928
2022
321
4930
2551
3930
3663
5712
3563
1421
1267
1245
234
3374
3620
3818
4546
129
2965
4603
3487
2701
3456
4738
4536
5766
2280
2952
4608
2275
2016
3230
2695
1722
2405
877
826
1709
813
5678
2707
1135
5559
164
5569
5652
4537
5618
3983
3738
5599
3420
4775
5779
3177
3988
5562
27
5546
5547
3419
2437
4764
4647
4632
767
4542
3247
4605
3468
2751
1802
4564
2692
2557
3268
289
3714
5723
5704
5663
4520
1980
844
3763
217
3943
3700
1422
5748
4962
244
3670
4550
3982
5598
1379
3709
3650
4642
4606
4615
5733
5548
3850
3447
3993
5808
5844
3814
5801
3445
4518
154
26
5608
3661
5555
4746
1066
5662
421
5549
3457
5543
3751
3735
214
4501
3624
3405
5770
5816
4774
3903
4143
209
1166
3234
4560
3725
2167
4177
4744
3784
818
1185
2968
4051
1150
163
3453
3973
4506
875
876
359
2178
5765
5732
4599
3597
4614
3853
5713
3615
5623
5545
5730
5644
4598
4745
5744
3779
5961
5728
3642
4681
4485
4532
5622
3127
3667
3671
4533
5780
5794
1198
248
3944
4538
5753
2500
5667
5786
5797
28
3408
3860
3467
3570
5736
3708
5650
3851
349
4519
5734
348
3645
3214
3854
2718
3649
4699
56
2654
4535
5814
5541
4529
3857
5636
5718
3614
5544
3970
3977
3452
4530
5932
5735
3442
3412
5910
5796
5839
4481
5757
2683
5822
5800
5729
3469
5719
3618
4555
3446
4479
5538
2666
4927
5722
4541
564
5714
2674
4994
2740
2756
4669
2501
4763
235
5931
3293
3636
5111
3436
3658
39
4453
3647
3707
5033
3621
4480
3413
2710
5724
5710
3883
5536
3652
3927
2636
3921
5532
3882
5746
3599
322
4613
3880
5697
5776
4492
3562
3578
3821
4664
4507
3187
4577
4635
227
2665
4634
5738
2746
5531
4059
3539
5762
2840
2680
5804
5670
3677
3427
4486
4137
3689
1190
5946
205
1910
4539
4115
3800
1339
912
3531
424
4144
4547
4578
3813
3572
5681
5799
4497
1183
4526
3416
3613
5818
4567
4568
3105
5739
5774
3078
1192
1448
2770
4477
3807
258
3417
3205
3819
2694
3799
264
5534
3541
5747
3140
4268
3441
89
3492
2852
2829
4513
95
3262
4719
2593
5725
4459
4570
5788
4554
1035
1033
118
1188
4514
152
560
3331
4071
2502
3476
2776
1065
13
4472
5535
3228
4580
5825
4139
5781
5711
5763
3816
4657
1170
5793
5706
5767
3782
2731
5749
231
5726
4455
5803
4478
177
2762
5778
249
5832
3267
2744
1148
2745
3235
1182
1184
3695
5810
3616
5924
3803
156
3232
3519
4133
4548
232
3242
2722
4302
5826
293
3212
191
4623
4648
3820
178
290
189
4058
2743
211
3808
3336
4687
2761
2765
3629
3542
196
3339
417
4208
102
4556
4487
2760
3637
4474
2498
208
219
3603
5790
3547
1141
5892
4919
1169
3204
345
3912
978
3606
2757
4628
51
3561
563
4658
4559
1129
149
3286
229
226
419
4280
4611
3186
1133
3740
292
4660
4574
3409
233
5708
3653
3628
3579
161
352
4130
2711
3646
3181
2738
236
3182
3185
415
2768
3503
1165
2742
2730
2754
4204
3798
3858
5702
2771
410
3573
2755
4108
1122
221
5530
2789
3566
3580
1115
3287
350
535
553
2014
3598
4732
1125
3314
339
1180
153
3626
4288
3345
3410
3593
3527
3497
3565
3567
3627
3617
3643
4291
3604
3675
121
3632
3550
3657
3309
3654
3528
357
3693
4565
3415
3381
3559
4287
2763
356
3146
4646
3395
4633
3806
603
3387
5824
4650
3560
4607
3513
3203
351
297
4098
3435
2734
4438
3699
4684
2830
5807
2820
411
3306
3294
3761
502
3793
4328
2662
4566
614
3406
5519
4441
3535
615
5093
3373
4665
4329
3346
3558
4412
3774
3771
3403
1044
3778
2841
4470
3450
3382
4223
393
4422
3451
3477
2758
3292
3676
3772
3498
3432
298
3532
4734
3108
993
174
2880
3789
498
312
4261
325
3389
4677
4279
4227
4348
1328
1732
4254
4469
4285
4147
5905
4112
4149
565
3722
3721
1176
4724
3590
3681
4447
4330
4713
4273
3787
4674
4475
4229
3574
4484
4244
4200
316
4676
3402
4718
4467
4132
3734
4694
5117
5007
2872
5164
4269
3393
1160
5983
4736
281
3288
2578
3491
3068
3101
4298
3380
3071
497
3343
328
3575
4457
4742
3733
4173
4055
395
2822
4498
4993
291
4976
3486
4283
4638
4740
4107
3720
336
4741
4466
4721
3749
4395
4932
4496
3742
4066
4191
384
3299
3766
3691
3732
4000
4429
3291
4190
3951
4122
4289
4895
414
4095
3355
4069
4217
4207
3768
3493
2966
4235
4276
1139
3755
3581
3729
4183
3764
3305
4228
4463
3375
3372
3290
3724
4465
5984
3752
5876
3260
4444
3688
4461
4446
4464
4462
4419
3723
3748
4360
4241
4415
4399
4407
4196
4435
4250
5987
4468
4443
4418
4007
4384
5870
4436
4997
4175
4272
3805
4282
4405
4490
4432
5516
5059
4437
4233
4414
5978
3289
4004
4894
4088
4327
4431
3429
1175
3428
363
5964
4381
3430
4413
4427
4006
4077
4054
3368
4433
4171
4186
4406
4187
4220
4587
4434
4286
4212
4205
4271
4201
4211
4236
4426
4213
4221
3506
4274
4172
5027
4278
4050
4210
5026
4216
4052
4226
4281
4072
4896
4294
5089
5105
4067
4070
4998
4307
4425
4008
2749
4087
4504
4404
4933
4992
5119
5928
4388
379
4194
1144
4170
4117
4104
3396
4420
387
5981
4897
4359
3461
4961
4342
4103
4043
4247
4123
380
4090
5914
369
4416
3361
5953
3256
413
5242
1707
1155
3356
391
5973
3332
3391
5512
3363
4411
3358
3349
3365
4326
1138
4057
4387
3483
4121
3317
304
1172
333
4937
3296
400
5974
4953
396
3370
5809
1178
3400
3508
538
4918
409
4232
3388
4936
3377
3300
308
381
372
3392
3297
4971
399
408
460
4105
405
5934
3295
305
299
5097
5958
4408
3502
4983
4332
4368
4214
5112
3507
1045
3342
1464
4995
388
4344
539
4113
5176
674
1371
3350
4346
533
515
3160
3298
4383
1432
480
507
2728
319
412
1268
503
202
1762
2780
5077
367
430
187
306
358
4231
65
310
488
3321
300
301
475
3137
1779
4386
423
429
5126
557
1030
962
309
3401
458
544
4396
1000
274
5166
4398
4938
1041
2608
1094
5945
640
1018
4014
4109
517
1502
1154
416
4203
1677
516
5431
5329
1614
2929
2794
4053
2877
2689
114
5475
2690
689
529
2764
311
5455
5127
494
4380
2607
525
3125
901
5427
4166
422
4083
567
5925
1007
1011
526
4076
4193
4246
5170
448
315
5053
4322
1717
450
1520
4906
521
737
5128
4917
821
318
2986
1110
1019
5400
303
2896
2916
437
1530
445
1280
4028
681
636
562
1437
1116
1612
2884
2885
1001
1465
3159
4385
4355
4242
4009
970
4397
5107
5238
5133
4219
4165
4392
1049
5151
4935
4379
1769
1279
2888
4417
1895
5171
1022
501
4916
2827
908
653
2993
2678
2892
958
4343
420
1015
505
1686
1028
540
706
907
2679
1551
1017
910
5337
1536
5927
2819
4047
638
4062
849
4237
909
1042
4320
536
2773
4251
549
1040
1763
4898
485
554
5513
1029
622
1020
453
2713
1016
4164
688
2787
1611
2699
897
2697
4185
2769
698
1715
753
5101
864
889
1009
5251
687
869
664
2741
2977
5926
455
1622
5409
5228
1289
1770
1589
2854
1665
506
850
2999
586
5346
700
1644
1338
3129
4367
4907
2848
999
1021
2798
2807
2610
2806
702
736
963
1038
5302
4046
1034
1014
2856
2793
3138
2767
859
676
1581
4065
5186
3404
2619
898
2847
2772
871
866
451
588
1290
2846
2970
1698
2810
868
675
686
2206
2839
446
2796
604
2753
707
2805
633
865
5363
969
532
2898
972
712
1649
1584
1406
159
989
2589
1027
2875
2612
556
2594
1031
2837
1606
906
2783
570
1025
1582
449
3
1632
888
3107
885
1340
1404
1671
1447
2778
2857
1104
899
2074
987
1631
493
1692
438
1037
699
4045
2987
734
470
959
1737
629
1168
2895
2801
2803
1048
964
302
807
648
886
2799
1723
1657
5056
5274
2879
1708
569
2882
2834
482
1533
1630
2860
2605
466
2874
1638
621
1646
2858
2871
471
861
2826
464
2795
2845
894
428
1628
863
2838
577
2943
661
2850
1317
571
2897
1711
2844
1616
2825
623
1656
2800
1636
1121
2809
1619
425
477
1615
5353
715
703
465
2606
696
1444
1143
896
852
2859
2901
2851
2905
2891
2911
2843
2914
968
2904
893
320
682
644
2786
690
1620
701
427
1
463
1672
1324
670
1510
649
647
631
667
1332
2869
1531
576
683
1526
2983
1046
1474
1159
855
1696
1718
1617
1618
1528
1599
602
426
677
708
1682
642
1701
1596
1703
1609
1689
652
1559
669
1721
605
660
618
650
1600
654
467
1507
1688
680
625
1506
616
1516
1702
2935
1666
601
673
1664
1605
610
860
1521
2876
662
1509
672
847
685
1652
856
1091
2887
665
1683
585
1607
1592
961
838
3065
2930
578
581
704
1670
1535
678
679
854
1449
1667
2944
1699
1525
1412
592
956
1545
1604
2917
691
1554
441
1537
2894
1695
1694
1602
2069
1639
1518
589
1650
1603
442
472
1693
594
1733
1546
2918
1392
668
611
2907
1593
1642
1601
1725
591
820
1585
1724
711
1557
1538
1540
579
619
632
2177
1553
1591
634
666
617
1233
1552
1396
4078
1560
671
1932
1587
628
1495
1586
1499
595
596
1498
1569
597
584
1573
600
1497
656
1543
1558
612
1595
1490
713
1579
440
1562
1580
1310
1735
1105
1583
693
1575
1492
580
1674
1549
1550
714
1983
606
655
1977
1629
1719
1578
646
1542
1334
658
639
1567
1508
1491
1565
1561
1316
1296
810
729
1496
2548
1571
645
590
1574
1706
1697
1576
582
1712
643
1676
1572
1564
1685
1556
2
1690
5
607
1504
2011
1319
1662
1325
2934
1292
1286
836
1308
1281
1947
1987
1397
1362
732
1466
789
2085
1894
1384
2230
2064
1998
2973
3032
2543
1092
1093
2030
1307
1415
862
3030
1458
1385
1480
2000
1248
1137
1996
2054
1990
2041
2009
2033
1429
2101
2043
1655
730
2550
1271
1883
762
2084
728
1262
1988
3060
1459
1261
1999
1386
1965
1489
1971
1416
1471
827
1963
771
2192
1269
1986
1235
1120
1124
1431
1457
3055
1970
2024
2988
1937
1411
792
723
2960
805
2903
1390
3059
772
816
1483
1050
853
782
2007
2029
2003
1992
2086
2087
803
1451
1930
1961
1418
786
3064
2093
2278
2060
9
1929
744
2288
716
2015
1438
1456
2062
794
1470
778
3057
741
1985
1420
3053
3058
3037
758
1896
1957
1488
751
1925
808
2937
795
1888
1943
1976
1997
750
3013
1293
777
3029
1890
1981
773
761
839
1881
1434
1439
3054
819
3047
727
1446
3050
1941
1889
797
1460
3021
3011
3045
3048
3023
719
769
1931
831
783
2991
2962
3056
3018
825
717
791
1485
828
766
3028
718
3020
842
1222
3041
834
3017
1477
1487
829
3033
2994
823
841
2981
2008
1223
3008
1370
832
1220
2571
2542
1335
931
1984
748
746
840
3002
747
848
846
3016
3046
3010
2985
2978
3003
1298
1134
1312
1231
1329
1132
4013
1441
1054
1250
1858
1299
1321
1315
1484
1221
1300
1302
2969
2256
1303
1326
1224
1486
1278
1257
1309
1217
2572
2327
1306
1253
1232
1218
1355
1090
1128
1314
1219
1103
2171
1263
1234
3116
1327
2314
1311
1251
1318
1236
1237
1288
1322
1241
1240
1275
1051
1252
1333
1330
1249
1119
1304
1102
1301
1098
2259
1394
2224
2290
2103
2111
1921
33
2961
2579
2189
2972
1908
1068
1973
2136
2291
2576
1067
2285
1211
135
1226
1393
2372
136
1380
4218
5207
5301
1264
123
882
5255
2409
2106
2304
5369
1131
2329
1210
2301
2156
2058
2261
2330
1348
2328
1382
1375
2346
1244
2432
1208
1907
883
2308
1055
2108
2533
2183
2234
5379
1056
2473
1260
2323
2201
2159
137
2443
126
2113
2394
1402
2388
2180
5482
2449
2402
2367
2112
2305
1413
2174
2348
2282
1207
5320
2404
1206
115
141
2512
2463
2133
2297
1095
1099
2349
1408
2142
2358
2212
2347
1085
140
2373
1426
1106
1058
2127
1352
1374
2357
2379
1354
2371
2403
1398
2208
2158
2380
1113
2414
2420
2410
1076
138
2360
139
1353
2181
2199
2401
1123
132
1130
2313
2407
2318
2399
2132
2292
1077
2406
1117
2263
2381
2143
131
112
2417
2213
2193
119
2566
2335
2312
2559
2350
111
2416
2408
2303
2333
2422
2321
2334
2400
2369
2128
2307
2129
2362
2361
2374
2363
2428
2375
2336
2466
2389
2126
5062
2368
2390
1126
105
5412
5405
4068
4309
5309
5343
5387
5423
2287
5325
2124
5308
4064
5088
5377
5152
5336
5079
2339
5264
5313
5291
2370
5083
2120
2202
5193
2337
2116
2283
2123
2272
2284
2125
2340
2377
4037
5084
5382
5280
4199
5279
5323
2354
5432
2273
2276
5375
5260
5249
2115
5395
1146
1157
5243
5341
4102
4015
3165
5085
3122
2356
4036
2262
5212
5933
5198
2364
5349
1140
5259
4364
5393
5281
5284
5303
5376
3073
3091
2265
5300
5099
5006
3163
5307
2344
3158
3166
5426
5358
5366
5076
4079
2121
5081
5335
3093
5354
5338
5324
5396
5250
5915
2214
5347
4096
5415
5236
5078
2114
5290
4374
5392
5402
5271
5388
2343
5406
5421
1344
5422
5365
5314
3092
2341
5348
3164
5322
2231
5408
5287
5424
5326
2342
1372
4035
2210
5192
5357
5403
5399
5327
3162
5383
2117
4030
4029
5413
5345
5414
5420
5417
5416
5397
5389
5407
5398
5390
5378
5368
5367
5082
3161
5380
5374
5364
5339
5278
5370
5360
5350
5352
5295
5333
4042
4038
5331
5304
5205
2119
1364
5268
1225
2355
2216
5240
2274
1346
2247
2152
2215
5229
2169
5332
2185
2251
5340
2220
2237
4198
5225
2223
2118
5074
2198
2186
2176
2219
2209
2252
2222
1345
2244
2168
2148
2153
2239
2163
2228
2191
2197
2257
2221
2235
2203
2162
2248
2229
5312
5318
5293
5330
5211
5232
5319
5299
5306
5168
4039
4334
5297
5194
5215
5199
5316
5184
5311
4316
5167
5221
5317
5220
5241
5224
5213
5298
5296
5223
5067
5305
5073
5161
4315
5288
5070
5068
5069
5163
5123
5103
5125
4377
5155
5141
5132
5149
5110
5142
5137
4373
5104
5109
5071
5143
4314
5091
5180
5144
5175
5154
5072
4313
5160
5135
4310
5100
5122
5173
5203
4350
5153
5108
5090
4336
5102
5145
5162
5136
5092
4352
5130
5174
5113
5188
5114
5115
