251
252
243
238
250
2408
68
55
229
246
60
15
67
247
228
2406
249
3310
242
237
2876
5196
230
216
16
58
78
3314
39
248
40
231
245
56
5378
275
3306
2411
239
14
2875
236
3321
3055
61
539
66
2877
2886
211
540
5194
2728
4397
4653
2702
4390
477
152
2693
1619
2713
2907
93
490
2910
450
457
2402
5374
2917
244
272
2900
2726
2892
1531
1041
1576
218
4236
1148
620
2400
2913
1370
1031
440
271
2724
5337
3057
2279
3757
1630
1620
1609
3183
1570
3182
3253
1567
1611
1188
3316
2840
2575
512
528
4324
535
274
153
4060
4363
3828
5268
4672
4071
5449
5480
1045
3277
2287
2033
1227
3087
4417
4325
54
3088
1865
3077
3854
5195
2396
97
4985
3427
4241
3075
3934
430
4659
2254
2816
2397
3412
4012
2972
3408
4833
4357
4072
5336
5045
4991
5495
2688
3812
1545
3957
17
4421
74
3237
3332
139
2819
707
1196
4999
541
2425
2568
2405
1977
1916
448
2674
1978
486
2727
1160
1824
533
2273
2572
1556
133
4824
543
1909
648
796
550
3424
469
4017
2815
1315
5513
2571
2790
5604
336
972
462
2714
2799
4756
5210
830
4815
1458
57
4814
5510
38
442
3325
1597
557
5380
2573
4230
5487
3420
3761
5598
4960
4205
5191
2958
3181
3058
4157
4225
3324
3078
5500
3771
3994
5502
3476
5507
3076
4124
3620
4760
4759
4345
4635
3930
2853
4076
161
3262
1008
1258
3289
3179
5514
3876
3419
788
2902
2058
3255
5501
4146
4827
1340
2578
3915
3333
1163
2399
92
989
1428
612
1431
1906
829
1036
2663
441
558
1344
1994
2038
597
3867
583
2697
461
794
1631
1586
2043
451
1605
1339
554
1152
2710
1261
2680
4086
1452
5293
582
2672
2677
526
4002
178
529
5390
518
4051
4842
1898
1159
5050
2784
1582
2979
2059
2729
2843
1506
795
5481
1323
4166
3065
4147
4406
325
5594
3661
340
103
2618
4021
2905
2893
3404
3724
4320
3943
5382
3745
3238
2044
145
333
3653
2150
1139
4810
144
5599
5259
90
3271
1153
3730
5491
1983
3811
2629
3807
2213
2180
1274
1106
3361
1401
2522
3226
4389
4663
3264
2078
3186
2069
3206
3250
4089
2356
2357
1734
3719
5270
4549
1910
4514
1940
4334
1920
2412
5276
903
5539
951
5143
4741
1946
4088
3706
1756
4445
4527
955
1781
5529
2887
4562
2295
5129
4601
22
1649
2392
19
1750
1971
5193
913
3639
5152
4471
4481
4517
4637
1718
1828
2297
4712
2304
4569
4722
1813
1899
5200
3360
1422
2607
2706
4894
456
391
1410
363
5445
5306
2681
2045
3575
5462
5328
1075
969
1373
326
4083
5443
4219
377
2577
3064
1110
3952
2826
5209
3339
1208
1372
3863
5203
5244
2679
1334
542
83
2472
522
2625
4227
1787
2002
3136
2024
1363
3328
3932
607
2261
1243
4136
390
1656
4502
1657
5266
3707
4559
4565
20
4540
4535
4571
5554
2860
5435
1713
1660
1659
4557
2855
4553
1766
1773
1836
1802
5548
2343
2355
1639
1894
4446
3727
1904
5404
1648
4563
4564
5541
1192
1812
4561
1974
1207
4462
2149
1379
3647
928
4626
4547
1927
860
4407
4107
2760
2686
1765
4558
5533
3664
4555
4621
50
21
1662
5156
3648
5540
5530
3249
5283
3499
4493
1808
4102
2497
1520
2389
2388
382
4220
1891
4697
1884
2871
5139
4475
5232
5250
2296
3696
5279
5413
3717
42
5310
712
1832
4515
905
3462
5288
1709
4443
4541
915
3936
824
1837
1803
1486
1881
4539
1626
4690
5296
4444
329
322
4208
2786
766
2353
3506
4512
4198
1097
569
3128
4499
3079
1204
837
2293
2740
4286
896
4830
1780
2967
866
4410
1615
5577
2349
1807
892
1747
4500
4670
949
952
4319
2483
2308
3044
3305
4588
327
4727
5184
921
5329
2854
1496
4505
3601
4598
466
3797
2812
4160
1752
3897
4800
4887
588
87
3825
4899
4871
4883
3147
3245
2904
3566
1121
4963
3320
4961
2684
4772
4016
3145
4115
1317
2903
419
3777
4380
2266
1901
1020
4788
2772
4006
88
654
3852
3504
1744
537
3459
3298
1912
3885
2509
1011
2145
985
5245
4797
2839
2817
4736
4939
3463
4905
1892
1932
3523
2286
159
4933
4920
2370
1775
1924
2289
1905
859
4550
2128
2865
1645
2288
4794
2134
1767
1878
1845
1768
4567
4568
1757
5081
4600
5135
4710
1623
219
3505
4081
170
2375
4940
2879
1113
1714
4204
43
3656
3519
128
221
681
2181
3657
5553
3197
1907
1779
4164
2881
2016
3003
806
2385
4944
2829
810
5528
5572
202
910
116
3589
675
5261
3698
3740
2570
2157
4464
383
4355
4748
2943
5551
1798
313
1541
1838
3284
2741
2414
4470
3502
5564
1761
2496
2744
124
1868
4627
3887
909
3708
1655
3396
4552
2263
2163
1814
5320
4491
339
917
4485
1782
2285
3736
285
939
5155
3726
323
5138
4863
3606
4348
2267
3170
5635
3646
2994
499
1914
4544
4479
4301
1949
5549
5567
4580
1937
1872
5201
2371
4585
2379
2644
3384
1895
4287
4361
1885
797
108
2670
1232
4154
3629
4911
2692
3642
843
2974
4740
1853
4465
3683
3060
4554
5552
5563
5562
3613
5573
1811
3608
2342
4461
940
3607
2683
3595
1805
3680
818
3645
3919
1118
5330
3703
149
2754
823
2443
808
2281
1954
1776
2766
3295
4128
180
44
881
1351
5345
3640
4458
2318
2348
2256
1873
104
2450
338
29
5588
4113
3602
1806
2351
4723
278
5297
3644
4509
2337
5532
4447
4526
4483
1925
1804
1801
5147
4437
1076
4655
4488
3700
2376
2368
1829
1799
3370
4197
3750
4829
4213
5323
2365
5645
2407
4142
260
3695
5317
723
945
1800
200
2344
4602
4669
2427
224
934
4838
2486
2753
1774
2731
4352
4520
4496
5576
3622
227
4495
5226
4490
1863
2755
148
2360
4521
106
110
4469
2345
2364
225
4508
836
2361
4473
2750
1708
4542
2301
1963
3756
1931
5544
4975
384
5090
4510
3531
822
5229
253
2732
4537
3369
2814
863
2166
3029
4742
1117
3529
2369
5228
4439
1641
3461
3148
5180
1860
941
5352
2338
4459
3368
4399
4478
2367
1961
2366
3019
5290
4529
4489
5176
1942
2776
1911
1690
1651
204
2037
4536
4813
465
4519
4877
5125
524
4452
4906
1716
1742
4356
3061
3530
2036
4240
4703
2951
4799
755
191
3535
4048
4212
2868
2975
2885
1150
5315
1572
3395
3467
1375
3468
1135
3311
3638
4474
28
5140
2470
4528
2362
2474
4860
3643
2757
2971
5542
1735
2363
3032
4516
4138
99
1512
3307
1594
724
3292
1870
5387
5550
1383
871
4123
3137
799
861
1502
4426
5112
2298
811
5247
2621
1725
1786
2452
3641
4455
4467
2983
3734
4593
1693
5570
1770
1772
5144
4696
5096
163
4747
5186
5181
392
2601
168
2613
3243
4959
4368
621
3234
1521
5527
3737
2566
4338
5494
2394
658
611
5012
5049
1988
3174
3167
341
2423
1670
2424
2066
1415
4035
845
3485
4057
5056
2973
2457
5381
5505
5512
578
3947
5396
3002
3010
432
5437
2554
86
4027
120
628
2667
5517
3275
4131
1529
5442
5434
1473
4305
5106
1524
3127
4412
2742
3484
4285
961
3421
4525
3397
4468
2690
3096
4618
3414
5515
1682
5054
596
3180
3144
2662
4384
4487
4229
181
944
919
4952
5556
194
5066
3007
4403
4460
641
4693
4353
2609
4425
2127
434
3213
615
385
2542
3483
136
111
3999
3892
173
2687
4405
5450
105
3385
4237
1477
2730
5161
876
381
886
1740
3509
4503
4013
4576
4098
5060
5137
5472
956
3409
5580
922
923
3153
4008
3091
3092
2763
3041
4377
3762
1719
1378
5641
5162
2743
5388
5089
2257
929
930
1599
206
1472
3171
3974
485
4504
283
4629
4376
1563
948
1607
4599
942
5145
3690
916
2870
2284
1763
4530
976
5339
894
3510
212
3198
3497
1879
3097
5536
970
2506
4242
4513
4501
764
4658
4762
1841
3586
4170
1183
4862
1759
3650
5157
1432
3422
1947
1125
3769
545
2106
3125
4372
233
5625
3990
2929
936
1446
2280
3285
4347
1922
4594
935
5130
627
1593
209
5324
2964
3542
842
117
3405
4633
2574
5149
3584
2998
570
3532
4589
5241
5644
2161
3702
3349
3001
1342
4393
3912
5453
5622
3877
1353
2631
3524
5616
5292
3829
115
2159
3372
3710
3850
190
1033
80
5355
3882
2449
1706
858
906
2160
693
710
1476
870
3056
1730
2966
5146
2884
1001
3381
4577
2792
1831
4366
2277
1678
3503
738
5097
5643
505
5148
4274
5565
5519
31
2807
5418
5464
5466
682
725
5264
1478
1839
933
3590
2992
1717
819
5636
4651
5629
2165
3268
5079
3987
5474
126
492
4276
3686
1578
3985
4896
2928
3337
5289
5463
1689
1797
2292
5251
3564
4354
1681
5467
1998
2733
4628
5523
3949
2942
938
4365
2756
4341
2933
812
2283
5547
4387
1847
3437
622
4711
1710
2380
5029
226
1280
5223
804
4424
3982
2797
1875
3520
760
5021
235
2178
1102
825
5100
4511
1637
1094
4685
563
2990
3722
37
3552
1796
1861
2801
2894
2897
1933
1751
7
1699
739
5103
4632
2291
3347
3674
3511
5238
5262
997
1341
2597
1874
3913
3185
135
2358
5063
2634
3953
5277
1272
4597
1460
2148
5016
2944
3398
3767
1913
4232
3600
127
357
2034
3587
826
1475
4156
2695
1380
4396
672
1698
3527
3528
4734
5281
2190
2339
3896
3508
3293
73
4234
1654
2982
3623
1722
2993
3501
3599
5640
183
4678
165
3492
1738
2639
5508
4064
1856
605
1684
1444
5202
3309
2514
5362
4247
3849
1281
1474
5600
3521
3679
5568
4310
1704
1391
2162
2823
1720
1437
1558
259
2999
493
1305
2093
2311
5525
4402
3538
4202
857
478
4342
3570
3525
305
157
4049
2764
4312
102
3598
3187
5117
513
1535
4904
3089
1695
2126
678
4518
4119
2413
5465
3101
604
4595
807
4575
1908
5560
4184
1948
3659
1973
4398
2437
2264
5455
4451
2462
3362
2290
232
4400
5309
1900
1505
1701
4313
3660
312
973
3514
5321
4282
1731
304
4946
4573
3488
474
1769
2439
4181
3669
1677
4482
4612
176
3239
376
3401
3438
2986
114
1697
3691
5335
318
2466
5174
4625
186
156
667
4587
5559
3816
2446
5642
5482
4533
3539
1964
4709
889
4332
399
4949
4667
5225
1724
1663
1553
2810
3350
4106
3382
1733
2313
4582
5561
4494
1674
160
1686
5639
3491
4100
125
3616
1673
4209
4574
920
1534
1691
2130
353
4392
213
891
129
1726
601
4423
2968
1612
494
4070
3184
1560
1851
564
3294
2925
4986
2115
2946
1584
464
397
565
2350
4707
3085
4522
5535
4992
5361
835
1260
1778
3842
5239
1550
1732
4388
1427
967
1696
398
5646
1687
1669
3493
1723
1653
1591
1618
1703
633
5574
5620
48
2438
1748
1595
1676
544
2510
890
614
1792
2915
1
1680
504
3973
839
3376
884
2969
5213
3331
2444
2945
4391
389
2526
2158
4706
1821
1822
1544
3614
5358
436
3487
4758
1668
2725
2749
855
1721
850
1688
1685
856
1707
1702
1479
1679
852
2471
2445
907
3557
1694
1830
5617
854
3612
4966
2935
4972
2378
1764
2377
4436
5368
4761
2222
3464
802
1700
3400
2738
2460
2507
378
2197
851
5151
4922
1893
5615
4182
2783
2818
5031
3008
4969
4735
3633
5105
2386
1667
1997
975
2774
2869
877
4864
869
800
1644
962
3498
1758
223
3588
2061
2852
187
11
2233
4640
4717
4454
2152
2970
2604
4073
4378
4915
814
3081
4401
217
4596
1943
5461
1487
1883
4110
4327
3668
5087
4200
4631
3054
1184
3544
893
4919
4786
1755
4766
642
1162
2208
1525
966
1488
878
4159
4835
5628
2977
3576
47
2055
3050
603
3832
991
2475
5518
3799
5252
2995
3317
3090
1264
4859
1434
957
599
480
3080
5198
5020
3628
2981
4216
311
3338
4133
2605
3815
3831
3248
100
5566
8
3481
1426
671
2565
3023
172
3367
4704
443
4370
669
3380
4335
5113
3693
3439
3596
4385
5375
960
591
1470
1019
5178
2511
1672
1705
2557
2201
1257
5632
5094
2635
2482
623
792
3416
5057
5224
1568
435
2133
4248
1540
1581
1833
2856
3676
5325
4340
3768
3873
5166
1224
414
908
3845
5623
3605
3159
3390
5582
4643
4642
783
4699
3684
5346
4586
3692
833
3739
2268
821
4358
978
5114
2985
2675
5534
647
2005
2949
1602
2054
3630
5179
4207
4432
2382
487
1222
2523
5095
3016
5131
5040
1897
3755
2321
1276
3040
733
649
72
977
1236
3223
4172
5299
3273
3496
3517
3308
2761
2779
1291
2965
744
1692
879
2458
1606
609
2442
2931
2930
600
1729
5111
3910
1235
1643
3109
1603
3562
75
36
3709
2062
2827
3327
2682
2374
981
1985
3678
4063
1915
3446
3651
5085
1297
1079
634
791
587
3494
4719
1080
2739
3597
1877
177
3489
3490
2352
2603
4215
3296
3500
2334
2759
3763
1503
2132
4239
805
2780
1826
5585
5555
3631
639
2137
5638
2473
1859
2834
848
1737
5108
2748
1842
30
5150
5614
2890
1554
1736
4214
3482
1511
413
421
4753
396
2193
1047
3773
1193
1562
1374
4817
2096
1565
636
4262
2481
841
3346
4611
2947
422
1638
1683
4720
670
2564
1248
4418
3583
3142
3545
2955
164
2440
683
2746
883
793
897
1552
3099
2747
560
3135
947
3585
3006
4206
2478
3465
2229
182
4269
4713
3460
4001
5083
1168
5221
4217
4409
1598
4770
3115
4288
1903
1953
5546
901
3005
5121
174
3048
3105
3551
4194
4043
4346
568
1030
196
2459
5595
4179
5557
954
1835
241
3908
3671
2451
4386
3479
5516
195
2505
2485
2976
1377
5055
2221
2476
3965
5204
3129
2454
1548
3800
953
5605
4333
3746
5569
142
5019
5311
3495
3751
616
2770
4151
3199
1042
3200
5414
2628
5322
4044
4118
5603
4167
979
4279
4784
965
1970
1304
3681
2519
5354
721
1642
3447
5042
277
2461
5376
4244
4148
5365
158
2769
3477
1539
2558
203
5613
4705
3486
222
5590
3592
2989
359
2341
3000
4163
2960
345
3776
4968
2490
5439
286
4812
3110
491
3201
1846
4290
3428
754
4792
3820
2950
2081
1252
3733
2091
4364
5167
1889
2274
4472
1921
3574
1441
994
722
1210
1234
5163
4190
2479
5611
2883
3537
150
4662
4038
1661
2387
1114
1950
1882
3143
4168
2489
3157
234
1203
1231
59
2996
4932
5010
5011
899
4801
5001
4339
2512
5338
4729
5392
734
1577
2042
5086
1190
3758
868
4936
3847
5101
4203
426
5107
3354
653
215
2171
5543
1032
1743
3516
3377
656
3152
5027
281
3480
849
838
1745
5545
4914
147
4591
5119
185
4605
2209
2932
1116
4169
3466
1886
1302
2504
3550
4382
3981
2196
3830
5353
1433
4715
4828
4716
3108
4974
5053
3518
1289
5002
2529
1197
713
2591
1585
4924
3454
5047
4765
1140
4979
2528
416
3443
1014
1834
2441
4165
5222
4590
5173
5084
5038
1588
5034
2649
4785
5075
2653
3017
699
5041
3386
4976
3582
2428
3670
532
3581
1269
5154
1926
3336
3012
5422
2556
5302
4137
3407
3026
5072
4199
4383
4281
3014
254
5153
4927
1343
1890
1993
1256
4091
5401
3312
1469
5165
4679
4646
453
3711
3712
692
5037
4162
3045
4649
5028
3062
4144
1482
3716
5118
4150
2941
2863
3907
5088
5483
3326
5003
5006
4435
3718
3052
3053
5583
3904
5633
4763
5399
3862
2142
5429
2651
2952
4647
964
5403
1290
3366
4277
5091
5082
950
1440
624
2623
1546
5586
4989
2480
2110
3790
4112
5395
1056
131
3373
3066
5344
5357
3899
4531
5046
4648
4981
4988
4996
4987
5076
3028
2936
946
5350
3116
3559
4998
5007
4950
3104
4724
344
3165
1439
1442
5024
2954
3038
3955
3886
4486
4624
5098
5014
400
5099
2880
4171
2170
4103
598
4967
5136
5051
4935
5172
5044
5015
3015
3819
2017
2269
5190
546
4767
5039
5052
5077
5018
1068
5043
4982
5062
3046
5048
5009
5004
2873
2961
3049
4783
4916
4977
4680
5080
5141
5035
5593
3051
4774
3546
4714
5092
5637
5124
5370
5104
3122
5068
418
3571
5587
5025
4644
4929
4691
5109
880
3775
1072
5074
1226
2980
3844
2844
5526
673
2359
3774
118
5064
5030
3801
5058
5023
5078
5069
5071
4971
3043
3837
4964
5102
5624
5061
4994
4993
2940
5017
3315
3802
3039
4687
4782
2398
5067
4718
5160
4995
3568
3042
3009
3098
5630
3549
3035
3027
3792
4665
3093
4731
4775
5236
5033
5159
4965
2317
4630
2978
5093
3563
5558
2938
4636
3577
4700
2987
5607
4945
4581
4951
4956
4728
5589
4970
2984
4953
5122
3902
5634
5168
5128
5133
3034
2889
5032
4641
2957
4793
4855
4943
4903
5301
5169
4492
5621
4130
5142
4682
4675
3119
4371
3909
5260
5158
3363
4958
3534
4918
4882
4622
5059
2857
3515
5619
5164
2882
5571
4889
5351
3705
5254
3901
2916
3798
3024
5026
3898
2919
4781
4572
2962
4925
3874
4870
4730
4955
5300
2858
2997
3636
5618
2926
4178
3795
5609
5132
5314
4808
4619
4818
2991
4768
4429
4140
4094
3637
3554
3742
3906
2920
5592
5596
4668
3964
5602
4173
3903
2963
4779
3972
4749
3604
4902
3567
5360
4610
3694
4592
3654
4480
2898
5110
5538
3884
4677
4657
3983
4507
2895
3594
3793
2861
2866
5182
2864
3888
4948
3572
3868
5070
3893
3547
3741
5608
4134
4934
3541
4931
3794
3894
4804
4795
5575
4117
2872
5581
5342
4634
3699
4221
4776
4962
3522
4109
2953
3905
4314
5327
5631
4746
4158
4743
4652
2988
4954
3796
2923
5123
2921
2918
4947
4780
2927
4890
2862
2867
4917
5127
3890
3685
3880
3865
5372
2939
4608
5612
4606
2909
3875
4664
2937
3561
3569
5065
4942
3866
4466
4698
3900
3858
4892
3512
5126
4684
5601
3469
4174
3471
4941
4449
4613
3593
4122
3992
3472
3478
4078
5579
3063
4180
4764
4926
3872
4607
4937
2912
3555
4983
4121
4912
2934
4923
4674
3565
4673
4930
3556
4666
4617
4650
4654
2878
4695
4318
4866
4620
5578
5170
4913
4751
4127
4176
5591
4978
5606
3470
4155
3533
4791
4881
4895
5610
5627
4733
3991
4757
4114
4769
4093
3782
4683
3853
3558
4778
4152
4688
4661
4135
4900
4623
3889
4957
4754
4909
4888
4752
4738
5000
2294
3870
5597
4843
4910
4868
3941
4609
4773
3938
4844
4908
3956
4885
4771
4807
4907
4082
3732
3878
3475
4750
5036
3824
4901
5022
3548
4897
3603
4879
4681
4671
4861
3591
4820
3580
4116
3803
5511
1073
4639
4997
4803
4852
4869
4737
4867
4836
4891
4856
4872
4851
4880
4816
4725
4834
4898
4865
4755
4832
5008
4854
4047
4777
4980
4840
4853
4990
4831
4876
4884
4798
4850
4878
4841
4858
3804
4811
3806
4886
4849
4099
4845
4846
3984
4873
4848
5013
3916
4068
3871
4614
5005
4875
4062
3860
4984
4615
3805
4837
4806
4823
4819
4045
4805
4809
4790
4040
4745
4789
3789
4874
4744
3859
4075
4042
4069
4739
2848
4065
4857
4046
4074
3851
4061
4090
3827
3935
4041
3788
4463
4059
4660
4973
3579
4053
4701
4066
3578
4054
3573
3810
3950
4052
3786
4084
3879
3960
4095
4796
4132
4101
4689
4616
4067
4085
3917
4050
4080
4108
4111
4055
3841
4092
2896
4153
3781
3864
4079
4058
4096
3951
4004
4015
4126
4056
4295
4676
3838
4125
3996
3846
4129
3780
3818
4328
3925
3817
3963
3969
4289
3785
5626
3779
3942
4141
3536
4434
3715
4005
4323
2312
4010
3944
3978
4145
4369
4022
2859
1000
4003
3783
3940
4011
3784
3939
3976
3778
3787
3843
3998
4009
2922
2906
3920
3922
4120
4161
3993
3861
4000
3961
3833
4337
3813
3410
3926
4218
3814
4031
3355
3966
3826
4177
3526
4411
3924
3634
3857
4034
4175
4450
4028
3391
3923
4299
3808
5504
3615
4395
4105
5220
4497
4019
3319
5235
3967
3977
4428
4309
3632
4210
3389
3230
3721
4228
3652
4374
3948
4300
4457
3458
3220
4336
3146
4233
3697
4139
2850
3672
3378
3989
5420
3772
4201
5332
4360
4506
3379
3348
4375
5319
3406
3748
3759
5286
3618
3364
4477
1089
4104
5218
4498
4026
5444
5371
4431
3371
3747
4298
2305
4422
5219
3688
5313
4453
3411
4308
4296
5417
5393
4007
3766
5398
3731
4315
4297
5258
3927
3753
3980
5456
4018
5234
4448
3627
4023
4291
4456
5240
3626
5410
5265
4306
3431
4476
3921
4292
4183
4394
3971
5363
82
4235
1053
5379
5479
4024
3635
1071
3344
5187
2539
3353
4226
3432
5416
3687
5383
3375
4302
3720
3725
4294
4381
3752
4430
3621
5284
4293
5493
4329
5366
3457
4321
3760
4331
5348
3765
3744
4238
3764
4350
5295
3933
4373
2849
5452
5212
5447
5207
4343
2914
4330
3617
5246
5308
5331
3995
5274
5253
3473
3979
5233
3231
3959
5285
5407
4036
5275
5349
4322
4326
5397
3211
3738
3749
4316
4303
5377
3931
3754
4415
5391
3624
3729
3928
3929
3945
4359
5273
5373
3474
4317
4362
2911
4278
4185
3625
3236
3986
4249
5386
3954
5287
3417
3673
3619
4258
3970
5243
2908
4307
3988
3968
5333
5509
5185
3343
4037
5384
3413
5406
3821
3662
4349
4020
5408
2544
4344
4231
3342
4029
4379
4275
4223
3418
3359
4191
4253
3958
4222
3304
3433
3946
4025
5347
5426
5367
5294
3356
5341
3357
5359
5214
3450
5425
5340
3442
5477
3358
5307
4265
5400
5303
5206
5484
5389
4255
5438
4263
3388
3254
5211
5405
3352
5369
3288
3214
5271
3207
5476
3323
5208
4189
5364
5343
4272
4267
4257
4243
4254
4250
4193
4246
4251
4261
3997
5216
4211
4270
5430
3430
5440
4351
5257
5217
3341
5272
4252
5485
4245
4192
5385
5419
3423
4030
3365
4273
5215
4271
5312
3667
4188
3276
5492
4367
5451
5428
4033
5458
3340
3329
3216
3448
5471
5488
5469
3351
4256
5183
5460
5291
4266
4264
4259
4268
4260
5402
3425
5468
5305
5431
5318
5421
5415
5424
5412
5441
5280
5409
5470
5411
5427
5478
4404
5454
5446
5433
5497
5394
5459
5489
3453
3429
5486
5503
5473
5490
4187
5423
5496
5326
5498
2847
4408
5205
3449
4416
5475
5432
3224
3426
4304
3415
4186
3435
5199
3445
3456
3444
3399
3441
3434
3455
5499
4280
5188
3212
3436
5356
3202
2846
3203
3225
3242
3240
3227
3195
3322
3280
3221
3233
3215
5521
2874
3335
3274
5524
3394
2959
3190
3263
4427
4032
4420
3222
3196
3303
4414
5506
3300
3283
2901
3666
4413
3291
3266
3393
3219
2956
3387
3272
3209
3194
4419
3229
3258
5522
3232
3217
3302
3208
3257
3261
3267
3193
3334
3241
3259
3210
3228
3235
3402
3205
3204
3218
3809
3260
3287
3301
3403
3256
3560
3247
3822
3082
3192
3823
3244
3071
3251
3856
371
3770
3084
2845
192
3124
3834
3270
2410
3265
3839
3836
3011
3086
3252
3191
3083
375
3313
4039
3013
3113
3840
3269
3112
1078
3069
3281
3175
3282
1777
3025
3073
3290
3072
299
3855
3141
166
3094
3869
3848
3111
3891
307
3067
2553
69
3173
3103
96
2381
3068
355
3095
171
1087
146
3070
130
162
155
300
3133
2534
2319
2593
154
460
3150
112
3131
179
468
3117
1809
3004
3188
3161
3177
3140
3126
3022
3132
834
320
199
1108
3031
3102
2899
349
1063
3278
3139
361
2491
2373
256
2527
2513
3123
3033
2541
1091
387
3074
1202
351
2547
2477
2300
132
2316
2632
887
76
2487
1223
220
2467
2584
2456
2060
846
958
2320
912
98
2314
3130
330
319
354
3121
3168
3164
2307
2503
298
3020
3037
316
1741
362
1112
2888
2315
255
2310
1004
1103
294
3151
1081
3172
123
89
198
331
282
1504
2602
3160
1105
2563
1066
2495
2325
3189
2448
2520
1855
1085
3163
358
847
27
1636
45
290
151
3134
3158
1579
992
3156
3162
3149
3155
373
3154
360
205
1107
2537
184
346
295
2660
1100
1096
53
3178
2322
175
214
2501
2324
287
372
2326
2533
1111
12
122
169
507
1029
2531
1090
13
309
303
2436
49
379
2330
321
1161
324
342
1095
1810
386
193
2545
2569
167
2548
2492
1077
314
347
289
2309
2323
1092
284
1115
310
297
24
91
1003
189
1086
2543
1099
1098
143
197
2524
2576
0
25
350
998
94
2329
356
208
2559
2549
2518
1109
995
308
240
292
2551
2340
109
1093
2555
52
65
262
26
1002
1101
261
2525
2328
210
23
315
2500
2331
2333
188
999
2327
2332
201
207
2567
2517
2502
3881
2494
2540
2562
365
296
134
2546
2465
140
388
2538
2516
317
2453
1083
280
2508
2561
2535
343
306
301
1402
101
2582
1052
502
2515
495
2493
1423
288
258
257
1938
119
366
2664
914
77
1074
2429
369
32
2488
2552
1665
2484
263
2464
1675
2521
1170
2596
2550
276
2455
1015
2643
2463
267
1527
1228
70
2646
1666
268
368
1061
2532
926
575
2608
1395
2244
475
1519
527
269
1501
2278
10
1040
1067
364
2691
2656
2498
508
1976
968
1739
427
482
2587
2420
85
803
827
266
2652
367
1664
1497
974
6
2620
2585
2560
2636
2624
2647
1146
2676
2433
412
2633
2669
2432
2622
2614
1498
407
79
2599
2588
586
2580
506
2700
2421
2701
1526
467
2598
2709
107
33
417
1857
2434
2270
993
406
2735
1035
1360
1551
2699
813
2139
374
2581
2422
46
1484
2430
828
2642
2611
2600
2610
2641
2648
2616
2594
2655
2627
2650
2431
2657
2606
2673
2426
2595
2685
2417
2668
2694
2583
530
2579
1494
2630
2586
534
1671
2619
2696
2626
2666
2707
2661
2416
1500
1635
971
138
2638
2590
415
1499
844
1574
2418
503
2659
2678
2637
2447
2715
515
536
2645
3
2704
2589
137
2419
2689
1516
1536
411
2592
1508
1518
1514
1510
2640
1600
514
2705
538
511
2671
1557
1583
2654
1543
510
1069
832
853
900
1538
1533
279
501
1537
593
1610
394
888
516
1213
302
1555
488
1559
2097
1245
2765
1601
496
2000
904
370
963
1596
1528
1530
1493
408
531
1517
455
483
497
18
1532
2717
476
520
500
446
1522
265
489
523
1617
1523
498
1876
1628
473
481
410
447
81
1590
1604
1198
664
1492
872
519
454
1273
1608
1489
270
1200
1283
798
1928
393
862
831
1051
1062
790
1485
452
747
395
1624
1634
525
484
471
1613
517
1622
1219
264
2762
1592
409
479
509
1509
431
404
2712
420
2711
2718
662
273
521
444
458
1483
1181
1006
2395
472
1065
1186
1408
2803
1399
786
1057
660
2767
2796
2121
2745
1616
401
875
2758
1416
1301
1154
1034
1178
1573
1039
1633
463
2708
674
1182
1043
2809
1571
635
1480
428
1048
2721
405
606
470
1220
2703
1491
638
1627
1490
2390
657
459
1614
1381
1141
1084
1336
1461
439
1038
1299
1064
2021
1313
2008
983
1858
1143
1216
424
697
1791
2111
2793
1394
1549
2720
816
1241
2698
1337
1481
741
645
2719
438
665
659
445
449
437
619
661
595
663
2401
425
429
650
2393
1366
402
630
1177
1296
1507
1309
1467
668
982
1887
1212
433
1445
1218
559
626
1327
1044
1307
1294
1328
646
1172
1054
1625
1450
1171
1566
1060
1629
1284
572
1367
1270
403
2723
780
1179
637
1632
651
1462
1587
655
1298
1292
629
1164
1123
677
1156
1368
1278
1466
676
1288
1369
2009
1194
1165
1244
1311
610
1138
1468
1155
1295
1157
1126
1221
1465
1310
1174
1464
1589
1300
1312
716
1459
556
1471
1321
1293
1319
1453
1022
1286
1176
728
1055
1287
1122
9
2007
1329
988
1195
1326
1127
1303
1180
1282
987
1187
1413
1169
1025
1185
1277
1128
1142
1888
1158
1147
1247
1267
1175
2737
1215
1349
2018
1206
1214
631
1167
1425
1285
1333
986
566
1263
1325
1561
1189
684
1371
1266
1230
1265
726
644
1070
1580
864
571
715
1026
1088
1082
1028
990
1201
589
1314
1173
581
579
1463
1346
573
1145
1021
1166
2
1151
1058
555
590
980
2831
1217
1448
1229
567
1387
1023
552
1316
1320
547
1400
1575
632
1306
608
577
708
873
1144
1420
580
801
730
1455
1358
1332
1789
709
714
1389
2802
1547
874
2768
696
1852
1209
1211
576
549
617
1205
1246
584
1225
640
553
1443
2775
574
594
1386
643
551
1456
602
1449
1131
1447
592
548
1037
984
585
2811
1569
652
1424
1457
2805
865
1049
1390
1421
1050
1564
2773
1403
1059
1262
1149
1454
625
1435
817
1322
1129
1417
1027
1418
779
1451
1438
1411
1430
1409
1404
1419
1396
1405
1392
1385
1406
1414
1407
1397
1357
1412
785
685
1827
745
778
695
784
729
705
691
762
1308
1393
1347
761
1398
1318
1130
2798
1119
1790
1384
1388
789
769
1136
1364
2800
706
2736
1338
748
756
774
2778
2791
742
1788
1365
731
719
2020
757
770
753
736
771
688
787
1350
689
758
743
772
1348
1345
767
2782
717
765
746
727
2842
768
732
718
1324
1352
1279
737
750
1331
5
679
690
2838
2787
2794
687
1840
700
702
1134
1362
735
2830
781
1024
701
2751
1866
1330
2824
2010
720
686
759
775
773
763
782
1132
776
1133
1335
2832
751
1361
2828
703
752
704
820
2833
2841
2813
1120
1869
2146
2795
2835
1864
1253
2836
1242
84
2837
4
1275
1259
1862
2079
2140
2258
1794
1896
2027
1237
41
1823
2808
2100
1271
2101
2090
2068
1254
2122
1880
2131
2789
1793
1934
1972
2087
1959
1251
2006
1795
1239
1989
34
2175
1815
1255
2203
2205
2204
2822
1240
1991
2217
2227
2001
1867
2029
1250
2179
2141
2167
1999
2806
1955
1990
1848
2191
2265
2226
2195
2107
2218
113
2182
2781
1816
2011
2249
1046
1919
2019
2112
2777
2282
2023
1817
2138
2151
2259
121
1918
2272
1009
2154
1825
1850
2047
1818
1957
2243
1012
2220
2771
1969
1929
1944
1952
1820
1936
2247
2271
1007
95
2785
2207
2086
2239
1249
2804
1962
2155
1960
2080
2240
1958
2206
2231
1233
2028
2070
2194
2251
2089
2116
2200
2129
1965
2085
2248
2185
1987
2215
2228
2035
2123
2260
2241
1995
2192
2234
2232
1996
2246
2169
2238
2094
2099
2230
2219
2075
2135
2109
2211
2235
2136
1967
1956
2103
2242
1951
2237
2210
2253
2173
1986
2250
2113
2014
1917
2074
2172
2052
2168
2013
2065
2071
2245
1968
2117
2183
2176
2124
2105
2077
2067
2026
1966
2102
2252
2119
2186
2057
2072
2084
2224
2262
2216
1981
2053
2095
2098
1982
1010
2198
2156
2143
2118
2214
2114
2125
2003
2174
2223
2212
1819
2184
2104
2025
2177
2051
2202
2063
2088
2031
2189
1238
2083
2108
2022
2092
2236
2076
2004
2015
2188
2225
2046
2187
2064
2049
2050
2039
2030
2073
2012
2032
2041
1980
