231
267
69
263
242
240
234
58
245
261
94
17
254
250
59
89
80
18
68
256
81
271
222
273
86
99
275
3054
103
70
251
100
249
167
258
253
91
270
232
166
16
259
264
276
5656
220
5454
3402
277
3041
401
3483
269
268
5657
3461
4158
2500
3180
4017
4288
1316
2094
4321
4331
5009
5461
5071
497
3430
1293
227
3238
3343
4038
237
4268
4282
19
471
3982
1644
5711
3213
508
5465
481
5781
4336
5453
272
5655
3
5076
46
4030
552
2191
2932
5803
550
4023
593
5658
5459
5479
459
2501
3339
610
5787
5797
3506
243
4363
5008
3023
4342
1379
4711
488
2131
2145
4036
5510
1997
1327
77
3421
4173
5683
1299
1631
1387
3507
4169
2939
1363
1114
3434
2837
165
2844
594
3038
4149
3586
4367
5713
5794
3204
152
1026
5894
2491
1253
2833
2097
3345
404
3377
1054
3415
399
223
2212
1236
84
5775
5148
4155
5059
1077
3981
2841
2854
4007
2622
5121
4377
1178
1648
480
1610
4294
3497
1647
4275
2936
110
4301
2778
4638
5139
1943
4104
5786
650
4113
5712
5768
4320
345
641
3705
1261
555
3350
3477
5034
4925
2667
4343
4287
1667
3688
310
4270
4350
5245
3476
2961
306
4597
5060
5075
4247
3771
1639
4135
2813
1634
1619
3024
767
5037
1056
1337
2091
1058
1300
300
1312
1318
5769
1055
3404
3025
2675
4206
765
1335
638
3582
2668
2943
3407
172
1177
5565
3108
1637
4626
539
3448
1628
4914
609
1057
3984
2210
1103
1085
1295
448
403
5447
3338
2681
4031
492
1769
646
5229
3239
2764
3742
3109
370
546
3194
4207
4471
3734
5154
1642
1594
1624
5791
3767
4554
2996
5462
5721
4643
1692
2848
1699
4555
4375
2753
557
544
3401
5017
1073
1625
754
57
1693
1378
3957
2842
2646
3985
1998
5629
3498
5112
4553
2959
5758
3332
1469
890
5790
3714
3237
3581
4312
4556
2849
4671
4131
346
3347
2608
682
1166
1264
4274
1290
1231
835
2409
5926
3003
1899
4615
3700
3865
3866
1906
728
3654
2436
4821
4824
4222
5778
3846
5124
1744
1745
82
2442
3061
1907
5529
88
2399
5133
71
963
878
23
4884
5930
225
5388
2353
65
2404
2407
2455
1924
870
3847
136
4576
3833
2336
4809
4802
60
726
4762
4797
4781
5389
2168
2459
4719
2637
5157
493
301
2689
92
296
4483
755
2610
4329
3216
715
3428
5160
1321
4335
2708
4019
4024
4334
5135
2496
2579
5647
2649
1320
3630
3592
2669
3813
5731
5183
5651
3983
3994
2103
2684
3069
1013
2617
2534
4372
3322
5740
2487
1638
3335
3422
3062
4472
5909
2518
1595
3465
5480
3750
3490
5625
2449
1938
1945
64
1894
5380
248
3059
61
2563
2564
951
984
4746
5509
3579
1150
5846
2062
1787
1578
4623
5537
5527
4604
922
4651
4940
5906
5851
5852
5531
1789
3249
3036
2036
4949
233
5820
5418
3923
5597
5767
5468
3848
4870
1843
1845
2440
4995
886
1145
5455
5460
2453
2175
1895
4094
67
255
2431
2378
2875
580
4819
1835
5425
4811
506
4979
2429
2439
2315
2869
5442
2963
1360
3595
3669
887
5571
1941
1869
5678
3650
4446
4450
2430
3257
4025
2049
2557
3876
2458
5492
2432
4792
2061
3703
2338
3845
2292
953
1926
4883
2006
1925
3976
2270
784
3028
3900
5536
4614
1850
50
1734
2001
1980
41
584
614
654
3760
2219
4048
1111
3751
1096
1244
1271
4177
1100
4359
1967
2980
3639
1165
776
460
4187
1309
3510
833
4197
2132
2214
1051
5073
4105
4020
4592
3318
5777
3351
148
2771
4418
1310
4529
5472
3494
1330
4145
1984
5082
820
850
1609
4283
5882
5209
840
353
2204
4371
2211
1262
1973
696
785
3732
2387
2606
1897
5555
1571
5187
1931
971
2028
5416
205
2953
4538
3093
1070
2058
3670
2952
3668
3307
4080
3883
1384
4904
1760
1791
1804
731
596
888
1741
1873
1740
3879
4191
4731
5400
3385
3908
1797
2495
2979
3907
1877
5391
2052
3691
1948
5411
216
3919
5382
5381
2016
3899
2862
4961
3897
3317
3302
5414
2384
3953
2402
5856
2489
1977
2576
908
4980
5774
5390
4176
1523
1419
2700
3817
768
1392
2545
2544
5905
4922
1974
2391
3894
930
4854
954
4723
3475
2030
3885
2804
1183
2572
4885
5327
549
2400
3536
2767
2774
2377
520
5452
3863
782
5409
4590
4516
802
948
5405
3310
5399
831
4521
1919
882
2604
2612
4763
4086
3124
5410
5002
4916
1422
2539
39
1989
4770
4776
5616
4722
742
5726
2870
5233
3063
1686
4912
4856
3138
2639
868
230
786
3840
2565
4985
4857
3874
4907
5885
3004
3300
774
4794
4789
2460
2450
1912
3904
1568
3549
75
4845
4977
3968
4706
4718
4971
3916
4894
3123
3005
4858
5614
2464
217
25
207
3741
2235
4650
4659
5608
473
2958
4577
2044
881
3653
3373
792
4825
5540
4928
4753
5876
1703
3099
4726
3855
1398
2914
4902
4993
331
3478
2863
5412
3836
4725
521
3969
3895
5912
5401
1385
2879
798
4787
3861
4818
5518
4645
3658
4729
3265
3094
3912
3890
3893
2965
4712
866
4733
4882
4913
5754
3888
3891
3892
2022
3397
5648
5827
1425
1782
4713
4714
5429
3070
4820
5434
3067
4822
4728
5841
1800
4765
1806
3042
2063
1816
676
3667
2385
3816
4793
1587
3877
3903
3311
4826
4900
2395
976
1927
3828
1781
140
653
949
950
952
5355
1847
1759
4795
4895
2027
4756
2064
2048
3471
1964
2138
5190
3314
4504
2086
5349
771
1852
793
4767
3436
5402
3914
4304
2366
5344
3382
2330
3843
3918
1863
4780
5709
5394
3145
864
522
4218
3752
2873
1982
1576
773
2812
54
4861
961
5745
3356
4703
3268
2511
5899
1955
2934
3804
1471
3859
3128
1994
4717
3748
3850
3218
4533
3140
3131
1779
4919
3454
4593
533
4269
1094
4490
1724
157
5671
3576
3087
534
1706
4311
2763
3198
4738
3442
5665
2824
5010
3414
3348
537
2777
855
1662
3587
1601
1052
5485
5080
171
4029
386
291
5550
3509
5070
3222
3403
1715
3686
3121
5585
2517
1289
4123
3933
3601
5824
3542
385
516
3104
3862
4245
4816
4823
4986
4783
3556
3626
3405
3363
4096
2713
3839
2547
3518
4788
5572
3625
4946
3503
4755
2370
5103
4810
3623
2768
4707
3910
801
3901
1866
4735
4652
3570
4439
3803
3282
378
3367
1687
3791
1567
4462
4071
3253
5923
4851
388
3517
2836
4309
78
3905
4775
4594
3578
396
4771
3599
3830
3502
2567
741
3535
5366
2327
2308
5302
1848
3831
1039
2714
5356
2481
1949
1965
4815
769
1248
1501
3944
3493
4975
461
2095
964
884
794
2015
5386
5896
5706
3739
2396
2238
5185
1410
1884
2775
5714
163
4408
4790
4750
4721
4969
4872
4724
1157
5137
134
4990
4769
4953
5182
5357
4796
4730
4742
5353
4791
235
160
4978
4853
3464
4801
3620
1152
5495
4709
5193
5310
642
4942
5838
1807
168
143
142
5749
1277
4088
933
4957
3952
2083
5313
2830
564
2789
1819
2433
5491
5751
1279
5771
2798
1898
744
2727
3552
2240
3148
1305
3147
633
2437
4630
1820
2406
4736
1785
139
138
5184
3902
3856
1786
177
4804
4757
918
957
1193
5437
179
3132
1830
1383
3374
2523
5561
1192
1159
4051
2529
1865
5705
4798
2785
410
413
935
1621
4464
3219
1876
2928
847
612
5601
5342
5127
3922
1860
1849
1580
2620
2900
3129
2159
3786
5870
1920
5813
5832
4459
626
1176
1743
2549
183
4740
5339
1825
2188
4549
1888
3103
4083
4078
2634
2878
3822
5515
4710
3800
2382
4848
450
905
2059
2392
5261
2892
1445
5934
3386
2987
4803
1405
1887
2231
3410
4955
5352
4964
5770
3906
4401
1928
3794
1801
3555
1809
5422
3000
853
3584
3796
1818
3203
611
3064
5672
3611
4692
3409
4774
4970
3605
1448
1808
875
4784
4743
1093
35
3392
3197
829
3060
5346
5177
5181
1776
4749
4807
616
3449
812
2418
5760
1993
2720
5677
5543
3359
3463
1250
1824
4202
5929
191
5494
5189
3989
2582
5867
919
2340
5844
4642
4093
5577
5582
5716
1531
2881
1584
2751
118
451
2986
732
4041
5811
839
4772
34
2301
37
446
2592
1822
4281
5186
1777
5348
5513
619
3211
4429
904
934
5773
4984
5628
3029
5341
946
1844
2542
4754
2880
5336
4338
4673
1735
5560
5919
4862
3649
4814
5431
4091
2867
1669
1678
1677
5626
4764
962
4646
458
241
874
4991
2434
1935
4536
3875
2362
5859
5104
4569
2605
2566
5924
5920
2621
2420
124
1046
5329
727
3043
2574
1828
4085
5202
1978
1795
265
1226
5486
736
5499
1778
174
5320
5842
5517
3142
2354
5753
2162
5622
3014
2047
1929
3171
3133
2910
3207
1615
1616
3183
3017
5563
1098
112
1853
2876
4387
1675
3281
1836
352
5845
5031
5007
5639
1961
2185
1813
1774
3220
33
2414
1629
4081
2538
1790
2594
126
1765
4702
1862
3915
4759
1805
2144
879
4973
5351
5783
1834
5134
1885
936
1472
4522
4806
3195
4267
1397
3615
3633
1705
4437
5334
4901
5761
2793
5316
212
1958
1047
224
2154
1803
1817
2701
1996
1664
1892
2050
867
4620
3588
5370
858
725
1933
1831
5417
849
1520
4407
852
2142
3491
2554
1838
3010
1780
343
1772
244
5525
2886
2629
3858
3857
3849
5298
2397
4631
3909
3728
2412
3206
1021
3801
4517
901
4398
3977
824
407
759
2707
2469
3842
5596
1434
2004
5374
1719
3395
1354
5238
816
3191
3802
2053
1738
4997
2573
3834
5299
1764
1826
5311
3146
5635
4412
3157
3202
332
4968
5591
2981
2365
2179
2381
5395
3250
1857
1815
3177
2990
3125
1794
5892
2973
1910
4892
1855
5350
1962
1954
2472
3749
3366
5284
991
5427
1001
4535
2045
1841
3530
3827
3819
1889
872
871
4931
4192
2974
1417
2619
2739
600
4184
2034
130
2466
4635
4064
2390
1854
1851
4016
4688
1171
817
3798
955
2239
1846
1934
3270
3273
5279
709
2002
4612
734
545
3077
4089
3563
1499
435
1939
3602
4878
5756
5915
1784
2536
902
3806
3672
3419
4403
3095
1064
3153
3429
3618
1569
2954
5330
2787
3459
2374
1936
873
3173
2233
4095
556
3152
920
392
570
4786
382
5354
1730
1951
3280
2960
5309
972
5913
3098
2926
5866
2271
960
959
3600
2792
1970
3261
3389
1773
1142
3287
1281
5738
2732
2650
2232
1581
3823
1242
195
4663
5065
3462
3580
2808
4511
1266
2865
1043
2540
204
3192
5274
2051
2920
687
681
5441
3178
987
4506
170
998
5328
3970
4915
5195
1911
807
5312
5338
5027
995
3162
3390
2807
4625
5398
4838
3327
4930
2773
3375
5198
457
211
3210
74
3295
1827
625
3096
974
5579
3006
3432
3159
3469
5362
985
2468
4076
575
1914
3298
4844
3613
2411
1429
5833
4760
2263
1737
247
3008
5829
2174
3559
5283
618
5500
2811
1657
1256
2278
4633
4092
4084
5315
5600
5361
5321
3294
1921
2817
733
2416
2274
5305
2041
4060
3208
5304
3039
4918
5337
1105
4637
565
1842
5216
3033
3032
2079
3097
2279
1697
2510
3205
1221
640
4842
190
3589
2556
4319
2665
2025
5371
1140
566
2821
2874
2141
1575
4737
3278
3277
3596
4927
2129
5810
257
4654
3283
5306
5319
2993
3186
5607
2082
2080
1224
3071
4603
4449
3081
2670
2797
3021
1044
131
2169
1368
898
2151
5158
187
3590
5520
5843
3288
4328
3519
5578
5588
498
1519
2758
4988
2119
2357
3496
5458
2303
1653
3569
4433
4562
1540
2413
2462
745
2081
1233
977
980
1369
4621
3499
4147
2747
2788
3837
2393
2084
1377
2329
3917
2373
38
3137
3560
2415
3267
1201
994
2227
2723
4087
1975
1788
1092
164
477
1956
379
5030
2877
2966
5816
5814
4629
5201
3711
4748
685
5318
2302
3319
1420
4499
2348
3757
260
1829
925
2085
357
1194
5553
4196
3176
5275
3789
3200
869
4689
4205
1232
1490
5902
1200
2237
2375
2248
2478
5535
1197
1489
3657
2057
2247
1367
1239
3199
3212
3214
123
3120
4502
1985
3330
2984
1212
236
2864
4137
4434
799
3679
5729
279
3164
5024
1959
2615
5396
1238
3163
474
5840
2410
2587
967
3554
2802
4251
2745
3303
1328
3991
3016
2463
1126
863
4962
906
3624
3616
5805
3221
3185
3656
3622
3974
2803
4067
1861
3884
1065
5325
724
12
2631
969
4432
3604
2949
2403
2522
5420
1016
4165
5763
377
3678
966
4164
2769
5640
3591
189
2011
2919
2857
1424
1757
5524
1864
3296
5188
2834
620
3165
5869
2872
1947
648
2010
4831
2640
4578
3451
5538
5938
805
2311
3466
5307
2915
1482
318
3610
1666
2658
5752
5744
622
1530
790
2916
2331
5393
3274
1957
4542
128
652
1880
2427
1029
325
3566
5331
2917
4846
5364
4896
3286
2907
3460
787
3467
1049
5542
4833
3279
5408
2408
4168
2291
5871
1599
1133
2339
3049
4932
4385
1766
1524
981
1034
4585
1704
3360
2988
2806
213
5662
1048
5539
743
5503
4879
2419
5383
2783
4052
1153
1796
1690
2992
1937
5504
3593
2201
4888
2445
4863
3637
491
2014
4951
4639
1698
978
3619
465
5217
2855
3765
5223
5828
3293
1195
3898
4402
3188
3799
1059
2791
4715
2107
1154
5423
1748
2962
347
5793
1507
778
5023
3174
5476
3154
683
3365
321
4996
354
5413
3083
2012
5359
1184
5372
5850
2781
5028
2827
4727
1708
3824
1775
5403
3117
308
2275
2597
1802
2216
5343
3418
2013
1396
2678
3085
1045
1622
3805
2161
5475
2515
3634
2800
766
1151
5750
3671
4454
830
2578
280
3411
4082
2726
1411
2250
4537
2624
3958
3119
5385
2899
53
5668
1798
2555
2589
5569
917
1763
1736
2102
355
5742
79
3520
1811
2761
5743
5493
2527
1681
4852
2884
1799
3674
85
2945
3979
5595
1406
1749
391
2776
1340
4561
3928
4887
2318
1833
185
5224
5221
1733
2537
2611
574
3015
2008
5733
1370
4501
440
5227
4495
2424
5300
718
2593
758
1268
3190
3073
569
5734
1742
1768
5523
1758
810
4813
1732
4874
7
3201
5720
2032
2561
2364
4800
1767
1867
3606
5703
5605
2150
1858
2568
3106
2866
2603
2475
4699
679
226
1017
2372
2548
694
2394
1517
3084
1144
2106
144
2931
4989
4647
509
3078
3544
2896
1660
1570
1130
4392
221
4396
2719
1427
2818
5000
1992
2033
2026
2388
180
1840
2007
2683
4778
2376
208
2651
2347
2552
5549
5568
2363
5379
3009
2492
5113
3929
1922
3412
1761
2647
1572
1156
4943
5757
1228
688
3632
1598
5519
5508
561
1583
4923
3720
4860
1976
4310
2550
4539
5785
4950
4903
2043
229
2241
3645
3551
4598
2225
478
4974
2583
4152
3945
3545
4869
5514
2584
1211
3361
5534
5199
3217
2652
1173
1040
2530
239
4510
5373
5377
2266
4911
3614
3881
3387
3882
2819
5054
5737
5746
1297
5573
1407
1755
3035
4948
51
3702
1923
1548
2685
1932
2762
2277
198
3486
3100
781
4534
2369
4266
5397
2282
2888
1971
5687
162
1072
5430
968
4160
1552
2485
2272
988
2255
1960
4941
2267
4899
5606
735
5613
1722
1814
3037
4069
4965
3251
27
5488
5782
1356
1292
2078
3516
0
3438
1229
4570
5583
3733
108
2249
4438
2343
3184
1421
2780
4500
3723
360
2596
3864
196
770
2337
3860
5908
2951
5451
1274
2389
1439
3226
637
159
2087
4469
1349
1355
3156
3304
246
4963
2595
2590
1431
4496
5360
2000
2207
1913
3111
311
3031
3118
1437
3161
5559
973
660
55
56
28
2305
3946
4075
3189
5812
98
4508
560
317
746
989
3196
1033
909
1031
4390
4259
5730
90
4880
4244
2245
3829
2887
5918
1646
2383
1915
1374
1269
4574
3045
5463
1412
3048
5780
3209
36
2398
278
3603
1141
2417
312
1792
5547
4909
218
3971
1138
32
2422
1251
2644
1035
316
2890
202
5180
137
1075
3193
3151
1023
5570
4956
341
3425
2883
2009
2426
4525
992
3182
3034
5747
860
1020
4752
5387
1401
1883
5530
2661
5594
675
1893
708
1222
4619
5262
3950
2360
1225
29
30
4849
1050
2405
2570
203
2380
4062
1041
3258
4982
1149
26
5236
1132
201
3522
5467
2236
5481
1950
1940
2355
73
1588
3018
104
3444
1147
5376
859
2889
924
986
2470
4457
2664
1832
5879
2618
5340
3399
2957
2273
2349
1731
1810
4600
845
796
1823
1695
710
1574
3598
5839
3568
2933
1728
238
1136
2967
2601
5125
2310
1881
14
809
5880
2256
2660
1565
4493
2352
1042
2586
2359
2367
5323
5562
5552
2902
1128
2971
5554
2226
2577
252
314
5324
4530
999
3886
3878
1433
449
1234
3168
627
3561
3355
1726
1131
623
5497
3022
1752
2885
5029
3708
1066
125
334
1661
120
2497
4455
4782
2358
285
15
3105
2560
1146
2656
5237
5203
5599
883
2494
2559
1903
5404
210
1181
1123
1007
5375
4514
1409
3978
5285
3160
2197
5192
1037
1245
2898
1839
2893
5196
1120
5864
5278
3853
2269
2122
3187
1573
4063
2040
3364
2356
3558
1202
1087
161
3792
2276
4428
4636
5314
791
1986
1709
2290
1125
3972
1901
111
3617
2258
5243
5252
2065
1821
2628
2514
4077
5206
2326
3019
1002
313
2262
1162
2042
926
4079
4061
5317
5860
1217
1879
4704
117
3252
3262
1613
5868
2999
433
2904
2242
979
3011
5574
3321
2264
5834
1917
621
5590
3336
639
5855
1707
4416
1365
2585
4393
431
83
462
3324
3149
5848
3134
3264
2325
4835
3980
5849
13
2324
315
5644
5207
938
5295
1091
5631
432
2546
5200
2627
3052
1988
4072
5669
1263
2252
52
3254
1679
1979
3179
2679
5548
5546
1270
2118
2725
1314
2671
3997
3358
3547
3155
1032
3139
3144
3925
1488
5512
3126
5847
4117
5433
5253
4143
2728
1199
1597
4070
1276
3223
3020
5612
1082
1449
2569
4056
158
3666
1203
5643
4074
3114
5280
2994
5558
5587
4859
1009
5239
5704
2653
1014
1182
1063
2599
3721
3967
5204
5621
305
4293
5265
3585
2659
2955
1357
2506
3935
3889
2782
4926
2978
4905
2602
2100
2163
3712
364
607
119
4046
2633
684
4153
749
2663
5368
1725
3007
2636
3030
2666
2657
5728
579
2632
3013
2609
2623
2614
4053
2729
3090
1101
1148
772
3089
1260
4073
4981
3531
4277
1995
1352
4877
5604
4178
5501
5679
3086
1635
982
4040
3076
1004
2600
1069
636
5526
282
3726
3788
3450
4503
5049
1284
3538
3474
281
667
711
4551
2368
2638
3406
2533
2643
5266
3051
4684
1188
5505
1991
5815
2626
3456
5502
4705
1430
4219
5254
3256
1062
3998
721
5634
2386
4148
4622
5248
1038
2860
398
3795
2046
3426
813
686
4068
5889
2164
219
1186
2170
4044
1218
464
5384
1083
643
5581
3112
3482
1104
4568
680
5835
4999
4834
2259
5406
434
1174
5036
2598
589
2645
1585
322
182
4841
3784
3342
3453
1461
4035
496
4694
2922
5619
3473
3113
1416
5589
1545
606
695
1323
1386
4933
3924
1240
5806
3540
597
114
818
3527
2851
5901
5142
578
2317
1074
2702
1012
2371
4563
599
3628
5332
2977
2983
889
4182
5297
4111
1278
3012
5438
5166
760
4156
3055
1259
5469
3271
3440
2581
5603
1208
5630
3525
3930
587
3959
5246
1415
1793
983
1118
1651
1640
1198
319
1771
333
3127
5167
3735
3532
109
5335
3652
3340
2975
1137
156
2853
209
4596
1189
659
5641
723
1999
2901
1655
1135
916
748
4138
2790
2173
3269
1139
4672
439
3316
895
5255
4670
5194
2591
1246
5205
297
910
3973
3047
1252
5611
603
188
1404
2964
573
737
5652
613
169
857
4466
4567
655
3169
1106
1685
339
880
861
1143
1210
1080
5426
487
3567
2504
381
671
3621
899
1518
5632
194
1067
2703
2731
4229
3785
1343
1966
1727
1443
3715
804
1022
5854
4188
1180
1878
283
1981
595
1291
3143
1577
2891
1756
608
1081
2699
5567
747
5636
996
4058
3255
1603
601
4214
1483
2696
703
577
1682
1654
5421
2897
3349
3224
5580
3793
1109
1718
200
2114
862
2941
4720
3648
1227
5521
615
1097
3523
327
4453
2531
5792
2039
93
2642
1983
3524
3181
4591
997
2344
2968
4057
4436
4066
3079
5511
913
1754
1783
900
3141
5642
1005
5483
2017
228
5533
3938
2541
3949
3166
369
5466
4059
5592
1432
2956
2535
1107
894
193
5637
366
3150
31
5627
929
2476
828
2882
751
912
4611
2473
2686
2925
2687
691
4520
4065
2350
4582
5653
1068
4473
5638
4678
384
911
3797
2937
5557
4435
1134
5576
5564
2553
5624
5598
2662
1753
740
215
5566
5633
5615
993
274
1604
5618
1003
5551
5584
5586
2676
5661
5487
3934
1089
2948
3056
4463
3246
5646
3776
4565
2607
2580
2738
4634
5498
2532
2906
2746
3932
127
4444
5226
1172
914
1024
2998
5620
1526
3229
1028
2784
107
800
4891
3655
3939
5617
2613
5507
5935
5610
1010
5936
1762
5474
1632
6
1018
2688
2505
2558
5667
1011
4564
2677
1015
5593
3921
4628
2526
5033
5516
1723
116
5477
3931
2741
2516
1112
2748
2630
2682
2635
3643
1341
1600
2135
2695
3719
3413
4531
2706
101
4425
2037
400
2705
2712
722
2942
2976
5779
2648
1008
1605
1620
2524
2616
2521
2280
1963
2694
2715
2724
2744
2180
2202
893
4697
2018
3841
756
2625
2822
1650
2794
4660
3826
2328
3947
3136
4698
1702
2759
3940
5649
3508
1673
892
4566
3724
155
2189
2641
4617
2829
4589
3781
175
1380
121
1280
4624
4595
2499
896
3362
2717
891
1000
2038
192
3825
3379
1030
2655
2654
2525
1627
2680
2673
1916
2520
5659
1079
2519
1683
2754
5506
2693
2123
5623
4417
2698
2736
1612
1313
846
1453
2799
1944
1265
1187
4610
1930
181
2969
3941
1090
2845
2903
1163
2209
4613
2737
4686
4910
3396
3110
2251
5697
1108
1454
5267
1918
1288
337
5933
4225
1272
1257
2982
2801
48
702
1122
2690
178
2750
5489
2786
1006
775
2134
309
1596
2831
1626
2110
838
729
2692
2704
4676
1095
4695
122
1414
788
2502
1652
836
1127
738
2697
4026
4292
1426
4015
5689
2752
2772
4130
712
2120
3333
4958
1061
374
5575
3746
3854
302
2254
2096
5707
5212
2815
5532
154
2733
2749
2674
2709
2710
2760
66
2913
843
2814
2716
2779
848
2770
1602
2912
2816
1418
752
1436
1110
1674
4560
2730
704
1275
1027
753
1442
1611
826
823
1990
1641
1413
2765
2711
750
2991
2950
1428
5490
707
2718
184
1168
2735
5690
1084
1607
4183
2721
739
815
115
1287
2918
1088
2734
2970
1441
834
814
1890
2740
1402
2766
1435
827
2795
2755
2905
2944
1438
2743
842
1170
1645
1656
1440
1457
706
1119
1391
837
1331
915
844
1408
307
803
2858
2947
2742
1393
1456
284
1717
851
2838
9
1332
1381
1204
2805
1481
1714
1444
821
1315
825
2722
1972
1115
1325
1462
2927
761
762
705
1447
716
1451
1465
780
1446
2198
1311
779
811
2113
1460
1593
795
1459
719
2989
763
1591
2101
700
1285
1670
1464
1169
1590
1672
1394
1452
1589
2691
1361
832
2843
1372
2911
856
1196
783
1450
2183
1371
2847
1400
1220
2924
1586
1592
764
1891
1362
1258
1190
789
1455
2985
1458
1334
1333
714
713
808
2832
757
2930
701
720
1191
777
1390
1486
1207
1480
1608
1399
1373
4050
1487
1078
2894
1694
2846
1643
2230
150
1389
1403
2840
1167
1206
5471
2809
819
430
1633
151
2839
1164
406
2796
841
1395
1255
1382
1494
558
1649
1209
1364
1324
2895
2823
1351
1348
1512
1713
2820
1712
1247
153
2909
2486
2938
2825
1346
2923
1376
3107
2835
1350
559
3122
176
2908
931
1528
2111
553
1344
1161
1358
1479
2856
1086
2810
2929
1347
1498
1215
1353
405
1388
2268
854
651
1113
288
1538
266
2228
1485
1500
1630
1249
2166
3102
1282
2351
1179
1549
1475
3245
5
106
1375
206
2935
2223
1476
1663
1529
1533
1036
2003
2098
3331
419
1508
1124
1466
1536
1514
631
1493
1322
4010
590
591
1614
1691
2826
605
1496
548
3492
1495
567
4230
3170
5766
5609
932
3341
2115
147
3353
2488
4002
504
1477
1294
717
1544
582
4581
1117
1503
1205
5645
1497
1623
1478
3227
1491
1513
1510
1539
1522
1537
632
1541
1546
1025
1506
1511
1473
1668
1121
1658
1521
1516
1509
1532
214
1554
585
3948
586
697
1659
4583
3337
523
3130
290
672
397
662
3135
2507
47
294
536
5699
1129
3225
1553
470
412
1
5602
5907
5723
286
1076
624
628
395
2852
5650
2070
3384
1474
482
1551
1542
1515
1543
1534
1525
1561
666
1550
1547
484
1527
1671
661
1555
340
1557
677
1237
604
3378
1566
673
372
1535
528
3326
1556
1560
5776
5715
5724
3452
368
598
1562
2921
429
5673
149
3609
486
350
298
525
5717
1283
547
645
411
3175
3357
3306
2479
670
4045
3394
1505
1680
1559
3305
1688
1558
1470
568
420
1720
1564
289
698
3334
529
1213
3313
532
5670
342
3312
1468
1467
5660
359
551
44
3320
3291
45
576
3329
349
173
3241
592
5666
3284
1254
699
3233
630
500
1701
5719
4028
5708
519
3445
1286
5718
383
3234
476
3301
3352
489
617
485
3325
3308
1502
2859
583
3346
3297
3285
1700
3275
3276
1696
3383
469
3292
3408
3437
4027
5710
3232
531
3299
5765
494
678
344
5736
371
4037
3427
3354
3380
351
3272
5654
535
527
1684
5755
3323
293
1710
1711
512
387
2
402
5762
3248
421
3309
3236
358
456
375
3557
3263
409
376
356
295
438
3235
380
3328
3315
1563
408
3230
3231
505
299
511
394
338
3416
514
3446
3228
515
503
541
292
363
518
501
367
495
510
543
490
1716
499
424
1721
393
390
389
3999
1296
437
507
502
445
530
5496
426
3575
629
526
3455
452
3420
287
5722
428
483
664
540
538
657
542
414
524
425
3447
427
466
468
475
663
423
415
3468
635
2850
3240
422
2493
3244
668
690
3484
674
3479
3472
441
479
5457
5748
443
5674
669
5759
436
455
416
647
418
5681
693
447
5675
689
5732
444
5694
1582
3417
4427
472
3372
3612
40
3951
5693
3504
463
665
658
467
453
417
454
442
3433
1219
5739
5478
3572
1223
5772
3391
3439
5676
3369
5695
3481
4683
3388
3443
3515
3954
3441
3424
3537
5741
3562
4022
4021
4976
3594
4234
3243
4150
3247
3431
5696
4220
3488
4666
5727
3489
3514
1243
4559
4014
1235
3790
3423
3501
4512
3400
3573
5473
4430
3480
3577
3371
3485
5685
3435
5817
3500
4607
5883
5807
5800
3370
4236
5682
5808
4431
4523
4685
3565
5801
5802
4586
5484
4606
4664
4609
4696
5789
3376
3756
4238
3820
4618
4680
4494
4679
4221
4739
5784
3871
4547
4681
4644
3927
3872
4665
5788
4195
4655
3821
4189
3080
4174
4498
3513
4491
3743
4528
4526
3381
4557
4515
4690
4527
4687
4492
4532
4608
4693
4677
4524
4518
4151
4602
3487
4691
4558
4656
4668
4509
4657
5809
4616
4548
4658
5799
4674
4505
4552
4519
5796
5819
3571
4661
3505
4640
4682
4627
5804
5798
4468
4175
4669
4475
4480
4477
4228
3780
4470
4667
4133
4443
3526
5795
4486
4481
3368
4488
5444
3880
4487
4497
4599
4440
4482
4601
4461
3644
4476
4112
4580
5701
4484
4489
3548
4587
4571
4456
4142
3811
4479
4605
4478
5853
4467
3533
3543
5861
4458
4032
3758
4648
4232
2512
4216
4649
4013
3926
4034
4426
5875
4485
4239
4043
4171
3937
3638
4572
4994
3529
4474
4212
3553
3699
3673
3851
3936
3541
4132
3646
4115
4120
3539
3528
4033
3694
4224
3512
2995
4213
4146
4140
3534
4039
4116
4419
4452
3647
4167
4009
4243
4235
4047
4159
4161
3762
4227
4203
4233
3955
4441
4109
4573
3961
4223
4285
4110
4465
4451
4588
3755
4049
5446
4893
4747
3665
4716
4442
3778
4186
3722
3701
3996
4424
3659
4460
4124
4199
4190
4200
4198
3511
4141
3709
4154
4209
4226
3704
3763
4181
3695
3747
4204
4584
4201
4162
4231
4215
4237
4920
4241
4208
4935
3713
4139
3393
4180
3731
4881
3759
4242
5043
4114
4240
4157
4211
4172
4166
3956
3960
4421
5863
3046
5415
4144
5038
4987
4960
3662
5865
3697
4273
5032
3988
4938
4122
3995
4906
4871
3642
3680
4399
4364
3635
4866
4265
2513
4127
4134
3651
3001
4210
3692
3745
3770
3690
4839
3782
4840
4400
4929
4405
4992
4409
3777
4967
3664
5074
4106
5147
3754
4886
4369
5439
3766
4830
4889
4423
4983
3689
4406
3677
4316
4119
4055
3761
3629
4836
3718
4414
4307
4924
3685
3710
3727
3684
3681
3696
3693
5881
3663
3698
3768
3687
4422
4404
3636
3706
3783
3769
3779
4394
3631
3787
3772
3675
5937
3676
4420
4415
4376
4325
3640
5922
5917
4966
3737
4360
4370
4107
5090
5897
3683
3660
4873
4326
5931
5873
3775
3773
4917
5886
3682
4121
5156
4380
5823
5114
5450
5039
4391
4299
3641
4972
5891
4908
4356
5932
4308
4397
4410
4341
4108
4386
5900
4382
5470
5927
4355
4865
4368
4008
4129
4898
4389
5152
5898
4264
3774
4897
4381
5151
5164
5165
4829
5857
3082
5893
4128
4828
5145
5138
5878
4388
5176
3091
4298
5022
5173
4118
5895
5903
5928
4261
4353
3661
5218
5326
5890
5026
5041
3088
5925
5874
5914
5005
5146
5128
5911
5062
3993
5162
5061
5910
5904
5025
5040
4864
5872
4333
5916
5877
5044
3962
4317
4354
4357
4323
5042
5191
4315
4126
5884
5921
5091
5197
4347
5888
5170
4263
5231
4262
5085
4384
1071
4366
5220
1342
2293
3072
4103
5153
4054
4358
5296
1366
4102
4378
113
5021
4383
5001
4340
4297
5064
4280
4374
5083
5862
5099
4306
4349
4290
4373
4278
4314
4346
2130
4379
4001
4352
4332
1359
3964
4295
5063
4279
4348
4099
3963
4318
4100
5143
4302
4303
4344
5308
4361
5159
4365
2312
5234
3066
4362
5225
2304
5251
5268
3812
3065
3057
2184
133
5168
4330
4098
5247
5347
4345
4351
4339
4324
4291
4313
4296
4322
4337
3815
4258
3992
5108
4136
5303
4006
129
5322
5258
4305
5242
5887
4284
4005
5287
4101
4327
5281
4250
2265
5289
5292
2316
2260
3990
5286
5264
5232
1326
5235
2077
2334
2299
2294
5290
1303
4000
2480
2215
3966
4003
5115
1160
5293
2071
2186
5270
5294
5269
4042
5288
5249
5273
5272
4011
2221
4004
3965
4012
4018
5257
5276
3987
5250
5256
5282
5222
2220
5215
5230
5271
3986
5014
2361
3058
4300
2181
2075
2997
5228
5020
5056
5240
5208
2076
2257
5077
2314
2261
2306
2165
5119
2320
2322
2332
5263
1304
5277
2234
2296
1060
5105
2342
5035
1345
5244
2093
2283
2187
5259
5211
5260
5179
5019
2074
2136
2321
2288
5219
2335
2333
5051
2155
5169
2341
5241
2199
2066
2297
5214
5150
5155
2483
5213
2104
5821
2208
1338
2229
1306
5013
2124
2072
5161
4246
5018
105
2253
2319
1339
2067
1329
2307
5011
2116
5178
2176
2243
5163
5172
1099
2073
5175
2177
1308
2217
5046
2313
2246
2295
1307
5015
2298
5126
2099
2203
2309
2285
2224
1302
2156
1336
2137
4
2286
1053
2133
2323
1317
5084
2218
2152
2284
2213
2289
1298
2117
5088
2200
2088
2092
5012
2089
2190
5132
5016
2287
2158
5141
2194
2178
2108
5094
2281
2193
2068
2300
2206
5055
4276
4256
2172
5067
5174
5129
5118
2157
2147
2146
2205
2192
2182
2171
2090
2140
2069
1319
2196
2167
1301
2149
2121
2139
2153
2195
2125
2112
2127
2109
2126
2128
2148
5210
5109
3814
4249
5822
5050
3852
4289
4272
5144
5131
5092
5098
4255
5095
5078
5110
5093
5097
5136
5140
5107
5052
5120
5079
5149
5117
5081
5123
5130
5045
5106
4252
4257
5122
5096
5053
5102
5086
5057
5087
5111
5066
5072
4271
5089
5101
5116
5058
5100
5068
5069
4254
4248
5048
5047
