71
62
283
63
276
75
269
280
260
267
288
88
78
274
287
81
17
3391
286
70
270
18
277
87
264
552
254
68
281
19
258
549
2635
282
61
2638
2636
251
3542
3634
525
284
532
3212
463
3425
285
96
90
2995
3605
3196
2641
2994
4250
3628
3419
312
3185
311
541
2642
3388
5328
2981
5342
5371
4247
1742
2115
3300
3601
4871
3392
4858
3646
3701
3633
20
4830
2993
3621
2947
1100
4527
5329
4949
3571
4535
5983
4880
2835
2645
2862
3155
4517
5391
3242
279
521
313
1548
1406
2991
1799
3704
5331
3535
4881
2975
3109
590
4204
246
2834
2912
1421
4954
2350
2628
594
1437
5393
4859
3088
5985
4421
4201
4439
888
6117
1791
4058
470
4466
1446
2881
4669
4428
1386
502
5984
2648
1118
1744
3114
4458
4384
4
3808
1381
3301
2966
3186
2990
3184
5761
2959
506
3863
1436
892
2976
4953
3689
4540
6145
4226
1152
537
4843
1837
3687
5332
1399
4459
437
1509
4462
535
4396
2998
3053
3095
1748
2832
1126
2629
5341
2114
5438
4484
5394
307
5591
1377
4549
1547
4511
4493
2660
4218
443
3312
6237
4246
371
314
4531
2164
4203
3521
3622
2237
4573
2964
6045
3599
1735
6089
4017
1246
6000
85
5330
2861
5765
5982
2251
5891
2088
2341
308
3609
47
3415
527
3810
5899
6046
369
2972
810
4282
4492
1487
3699
4352
4731
4890
1453
434
1596
2362
1348
4567
1099
1750
5766
677
844
3644
462
1452
1158
4522
5487
2238
3902
3738
6028
1841
619
6233
1231
2261
1730
4460
3725
770
5905
2155
6140
83
1846
433
3858
1790
3802
3698
1119
491
3078
6116
2985
2898
6141
3306
1585
1595
2952
469
4791
5980
3596
540
2851
1755
1632
2826
4738
5637
4289
6207
4276
3981
2866
4199
4302
5398
198
4583
4943
5444
4253
1164
1141
379
1492
3536
5917
3505
2663
5787
4848
3797
2669
1343
3416
4570
5623
5947
2838
4706
4229
5943
2953
1303
6094
5357
3420
3953
2227
2664
4937
3154
4882
1513
5778
6148
6021
550
512
2878
3663
4532
5432
5378
5959
2065
3980
3869
1923
3352
2706
6273
1006
6182
4056
2624
105
2175
4106
1967
5114
5711
2048
1962
5055
2140
5084
5810
5825
3159
4799
359
183
358
2022
4861
5078
1726
6282
970
11
1985
66
3189
5233
953
3243
5689
5698
4064
1641
5704
1864
1928
2014
1950
2583
2020
6174
3494
1932
3210
5736
2679
5815
5838
3297
1636
3999
5051
178
616
2242
4596
5
1627
1733
2102
617
2206
1329
1736
3694
640
1362
2410
2505
706
845
2506
768
2633
4833
1247
461
2864
668
1782
2079
1335
4577
1656
1170
3239
587
2656
1604
4597
4713
1829
2516
6083
1311
3876
1091
4591
1340
5482
1245
528
4291
5381
5678
4721
5129
4726
1424
2287
5153
2433
5527
1666
2682
23
1957
1707
2587
4971
950
1014
2590
3214
1038
949
2222
4609
2019
1990
3162
1956
5291
5726
781
5211
5176
2718
5841
136
5215
5194
5115
54
3329
951
5873
6271
5226
918
3872
4688
4001
761
5196
997
41
2652
4837
2366
1865
3398
3399
1109
5209
5200
6061
5143
1010
1015
5219
2614
3484
3491
1333
661
1988
5218
8
1980
1706
1979
248
51
5276
1951
6197
3082
1807
2598
3003
5203
5831
114
5793
5228
5044
6167
1945
1981
2137
2142
2618
5792
2611
5770
5744
2121
2593
2602
2597
2017
2600
1969
1964
3020
5077
5071
5072
3715
6285
1912
999
766
2274
6269
2595
5047
3029
4963
3427
1952
1768
5036
2610
1973
5123
2321
1915
5273
122
1949
1874
1921
3574
6202
5180
1338
2044
1836
1606
1056
5239
1024
1108
3734
4913
5253
5048
4194
915
2078
5155
5138
5234
967
52
4817
451
4052
5085
1826
1823
204
969
2691
5117
2840
526
5769
1069
745
5224
4677
1722
671
5162
1785
1756
103
990
4102
5827
4678
1834
933
1465
4081
1001
553
289
3478
1741
4446
177
4219
3508
3408
3406
2170
306
3358
3069
3511
5920
3286
4891
4366
4372
5548
6099
3651
5347
4407
5494
3541
5909
422
4207
2901
1165
5376
2776
850
2935
3700
4811
1400
4485
3611
6126
6101
536
5612
6216
3363
247
4939
3587
1476
838
3305
1398
1743
4705
5093
2967
4641
2844
5533
5986
3234
3757
3769
3440
2906
333
5816
2023
1110
5832
2029
5061
2075
5119
5763
1429
4975
4974
366
29
3174
4988
367
2880
5855
994
6159
3641
5002
3385
2348
5690
1559
153
390
3676
77
4990
5049
5070
4972
365
5697
4073
4074
5809
4525
5111
3783
363
4592
2033
1455
634
2591
5038
3135
3141
3489
5060
3884
2370
6122
5066
5041
5056
5668
6082
4187
5768
2186
127
151
187
5652
2027
4166
1442
3895
3497
1625
5746
5931
6026
5817
4647
5835
2179
2089
5266
989
654
3853
4004
5695
5095
3755
2328
976
5365
377
3684
529
5190
782
5903
5269
1115
4110
4107
567
932
3938
4108
4086
5018
5957
2360
6170
5015
6095
6178
954
2131
5603
5822
5076
4118
2158
5229
1572
1978
4014
5908
5897
5104
4012
5699
1817
2052
5723
6196
5889
6278
1326
1168
1032
3632
2268
1566
2071
2060
1049
3567
3437
4852
2681
6192
3524
4379
762
3298
3555
3652
2063
5004
4062
3390
797
3295
5031
2582
2038
253
395
5716
223
5006
5221
5026
2066
4862
2291
5232
2456
4998
5023
5039
5016
5014
5081
4047
4994
2050
2045
4050
4049
150
5944
4115
3451
2411
5005
2588
53
2596
6279
3871
1940
6284
2551
3245
5906
2143
752
573
5142
5235
660
5247
2001
868
3523
3520
118
5790
3919
5227
633
3201
5732
5067
5068
1776
5003
5503
202
3775
3549
4776
5368
2460
1894
975
1591
4193
5243
4823
5666
5032
5022
5063
5062
4997
5013
5054
5069
4053
5231
5671
123
4958
4015
621
754
35
5797
3264
2617
2003
2080
5613
3812
2217
2182
2176
5843
2956
4922
5058
5030
5730
3613
5220
4021
4020
5089
4048
327
5942
4497
370
4992
5706
3136
124
972
1989
1992
1993
563
3435
5029
4495
3116
4308
40
3771
5171
156
5244
4996
5008
4051
5017
4993
5701
4085
5009
356
4982
4986
2119
3346
3477
3043
22
1567
4325
3752
1325
3377
5724
3778
4505
2962
962
1942
930
4206
3372
2519
4965
2284
1926
1011
398
2375
3933
3042
2937
3010
4510
3776
4987
2144
6087
1802
3393
375
5135
1976
715
3614
4095
6198
5134
1972
4100
3693
2701
2700
5165
1172
3079
697
3070
863
3092
2354
3229
2008
3100
882
695
1603
1751
2109
2118
5907
1674
121
3151
2909
2304
342
3148
2359
76
4528
2344
3397
4725
4664
1214
2353
4587
3222
1239
593
4740
5373
3063
3941
1402
5645
883
95
1563
4448
5683
4452
2326
5314
2946
3
1549
2742
4768
2810
2236
2234
2997
3610
2250
1773
3074
79
3093
3118
3101
911
1558
3098
1565
3086
65
72
1473
325
5195
2122
2653
4444
1693
2625
2067
3054
2174
835
3733
494
2005
857
4173
1738
1787
3047
1556
1715
4039
1392
3125
5715
2083
2470
1557
2015
203
3018
1612
1914
5791
3753
2606
4618
2945
2968
2177
2193
2654
849
1104
353
3102
1714
1430
2006
1615
2619
4123
1224
2025
2950
5230
139
4125
2196
751
2002
5248
4120
5325
1225
2958
874
1230
5152
1581
993
1175
140
3942
3371
3779
2094
3581
4509
205
1464
927
4117
2081
5969
348
5646
4846
1105
2584
1431
5747
3180
2049
3730
2074
1515
3120
899
5258
1831
2095
5662
4599
1227
5888
5260
5012
2910
1930
2043
3354
2073
2096
5973
2918
2589
3025
5264
2897
2914
784
595
2171
4779
3594
6183
2024
400
2257
3955
1019
2018
5658
211
4175
1441
1085
2547
3720
4078
1895
2309
337
664
5186
4771
2464
1282
5103
212
392
819
5663
571
5236
135
565
564
4316
473
2404
3146
2515
1332
38
3037
3642
3560
4009
5714
5830
5187
6195
5814
3461
2185
2221
5694
5147
670
4087
2601
6176
3580
4969
5037
5796
1870
2447
2376
266
94
5651
1202
894
900
2895
2550
2297
4767
732
666
50
3844
5024
1673
4188
5433
4984
2605
4941
5979
3059
1991
12
1906
498
6166
4865
4149
2156
5434
1872
1873
3754
2183
1030
5677
5922
5280
5918
1016
5915
3205
4134
272
2147
2733
5927
1206
1039
5923
242
4038
4079
6201
1716
4962
5879
2616
5913
555
1788
3246
5912
603
252
5847
410
1209
130
3873
3997
2330
450
5755
3274
2220
4453
36
2113
3444
1013
2011
3840
2486
1999
1975
4814
2397
1443
4076
1645
4709
5207
3744
4915
675
2503
2104
3138
6283
580
1861
1037
4822
416
4090
988
3188
554
73
4910
2132
2996
4961
3131
4828
5599
604
37
175
2736
6270
420
449
3443
547
2406
1904
1451
255
111
301
5238
3359
2084
4960
1937
1944
1876
2245
4794
4088
836
3021
2162
4089
1647
2585
4979
5728
4011
6051
3874
3015
391
383
3111
6168
5857
3323
5292
4813
3280
3016
5507
2040
488
4061
4842
2135
575
724
330
1920
1433
385
4082
5216
3430
3379
4124
1306
1811
2857
1132
788
3163
4797
509
630
1692
1681
4959
3961
4989
5087
6088
3315
898
5105
1169
2677
2773
4701
841
5707
974
3296
3501
84
2608
6049
1114
3122
507
948
3595
3469
3121
4550
3400
2779
257
902
3347
6160
2724
3005
184
3338
4006
6081
5890
481
895
2604
2138
2157
2062
3678
2782
2780
3438
237
5020
847
5866
4991
2161
6238
855
5795
5447
4473
374
323
2106
1954
240
2290
3911
4174
6073
263
2012
4565
3842
3768
3763
3271
1203
5149
5508
4748
2927
5189
2380
188
572
5333
149
1774
6267
4613
2760
4097
4096
2743
2607
783
2165
3499
778
5534
2308
5858
3756
2154
6260
160
2097
5535
4122
2647
196
1927
3940
5688
2108
5133
5136
5337
2098
5046
1354
2128
2620
2072
2944
2920
4070
2007
827
3640
3762
394
474
1679
4892
1028
1363
716
2509
4785
2312
3813
2258
5223
5217
4966
4368
4389
354
728
3459
4472
3057
2190
4236
3462
5245
4541
3220
5618
3570
3278
4660
4557
4658
5410
5460
4435
3267
3226
653
4575
5206
3414
5544
5887
6275
4685
6232
5310
3695
6019
1397
3249
191
3291
2112
5539
4306
1724
596
378
5339
4209
4589
3865
3598
5435
4952
2814
5536
5429
2634
3228
6226
2893
5481
2767
4666
1064
1637
4763
3866
413
4339
657
1765
6039
4588
5587
5270
5844
3745
1796
5225
3923
5274
4545
2885
3327
5504
5279
4926
6259
2127
3387
5191
5340
5122
3682
5485
6067
6227
6230
3913
5350
6265
3995
5355
5210
2902
4649
4489
5287
5166
5977
5684
5762
6292
3883
5184
6243
4524
5750
5550
998
3516
3927
3950
5941
4491
2125
4508
3685
4737
5286
3213
3791
3606
4619
5288
5282
3262
6120
6264
1156
5758
4515
5045
4909
3643
6078
402
5356
2188
4323
3926
5868
4676
2841
6223
3468
3456
5256
4003
5301
4983
520
4046
5169
4069
221
3554
2136
3954
3845
5657
4304
6209
5798
4933
5408
3932
4723
4870
5752
5472
4180
5193
4119
1052
2189
2301
2345
5718
5850
5464
4746
5065
1966
5998
1316
3635
5468
5150
5102
2172
3878
6219
5025
5320
5168
5395
5185
480
4361
5091
4327
6244
4704
5661
5345
4581
5326
4554
3660
3028
3481
3206
3314
4864
5000
5515
3382
5828
5484
5655
2141
3270
6181
2160
3952
3767
3442
5455
5317
2339
3194
3313
5418
3945
99
5159
4002
5719
214
1814
6008
5179
5577
501
4490
3452
713
5466
3758
6249
5172
6172
741
4094
5648
6251
5118
3861
5182
6254
3170
4007
3431
4055
3889
511
415
3664
2722
3583
5290
5958
5898
698
749
5252
64
3439
3463
3697
489
3674
1848
3308
6190
5109
6286
1360
3022
3404
2643
4773
4083
4080
4750
6180
3476
4479
4873
2992
522
5263
1762
4239
4008
5407
3566
4468
4434
3807
4077
4063
4068
5882
5188
3364
4702
6105
5820
4866
4126
5709
4775
4703
4034
4091
6173
4099
1840
5151
5383
734
352
1828
3658
6027
3964
3939
6097
3433
411
3317
4177
5178
3199
662
5687
6247
1869
2735
4071
206
4715
1845
955
174
5712
4423
326
4593
517
3257
2913
4906
3562
3126
971
5463
5895
2000
3143
763
3396
3394
5064
4978
4977
4718
5028
5416
4092
4857
4886
2783
4824
60
3671
4623
376
3470
3958
3130
1866
3600
1018
1021
5192
4409
4529
1529
4769
101
1997
4717
3916
4916
3261
2419
4968
1283
1922
224
4530
5272
5720
805
2493
842
4395
4902
5019
2754
1936
380
2537
3325
233
5141
6277
2794
3348
4604
4610
5090
179
4689
171
4075
2744
4845
5246
173
1987
2715
273
3910
172
14
4000
3855
818
2056
3203
4626
6288
3998
3675
4537
256
3164
3949
3333
5144
4060
1953
404
4847
6294
3326
2218
4659
4416
207
3735
4514
2854
4696
1484
4905
405
106
1131
4216
807
6188
2031
3241
4375
3801
6255
1905
6206
3937
913
4146
4320
806
125
3930
6257
3867
6179
3342
4131
3428
2555
2556
3908
4693
6186
1892
3875
5158
3157
6194
6289
215
5821
2732
2761
4533
5840
3409
5511
5721
2536
2529
5713
3453
6213
2392
2229
794
3356
4810
2504
409
759
3892
3490
780
3208
2342
5446
2899
1784
209
0
4716
4475
4942
222
3432
614
4481
4422
3728
1373
3894
4518
5372
5157
3901
3893
3951
3423
5976
5914
6241
3007
6212
5096
5893
4712
6161
4558
5851
4317
3466
4137
4404
5807
1884
3345
4129
1880
3256
6175
4065
3573
2408
4809
5417
4753
180
4566
259
2508
1729
5860
4653
4784
4601
3195
2126
5181
2566
2459
1739
6062
6077
3287
1029
746
3917
1778
5705
2546
5283
3904
2491
3924
5094
5896
3943
3990
4879
1050
6036
4574
5360
6222
4121
3168
5336
4133
4318
3340
4225
4572
1045
3202
181
3209
1855
2407
4925
3639
3254
3603
6096
3561
6290
1461
3139
5173
6258
3119
4159
6054
2384
4220
3860
4594
3915
6261
3008
865
3727
2612
2378
871
6023
6191
1520
2894
1623
5518
870
3160
4786
4967
6276
3582
4606
3991
6164
3132
1570
4412
6024
6102
4582
5627
3629
4642
4605
4367
2198
3149
3124
4600
6050
3934
5477
6163
1538
4620
2734
2726
1251
57
2325
4571
4398
5011
3662
3653
3273
3307
6240
6248
852
3374
3565
4403
3705
4405
6106
4788
2077
147
4019
4385
2565
4561
1412
5691
4616
1517
1067
5633
5968
925
6115
4611
6256
4447
860
5392
6044
2010
2041
3169
2448
4687
3615
4293
5201
3850
5251
4569
2298
3568
4617
3683
3936
3167
4665
100
2487
5275
6090
5930
3172
3630
1319
1998
3510
4900
4671
1448
5278
4923
3445
3177
1474
3815
3255
2300
4127
2716
3534
4237
3856
4480
5656
779
1897
3996
1367
2954
5729
5400
3277
1486
4946
1946
134
3702
1909
3493
5208
4160
3686
2690
1919
4284
3357
1867
5242
4503
5474
3441
144
3171
3627
1272
1481
3907
1454
2594
3656
5237
3841
2497
4929
3097
2101
1414
6250
4741
893
3376
3803
2765
4192
4337
922
3843
213
3009
3655
879
4782
6189
5160
4921
1120
1330
424
1752
5834
4650
690
920
4377
5846
5420
1911
5255
3654
5098
3935
4772
1190
1898
4789
3336
2683
4067
3370
1983
3636
1893
5862
5198
4656
5823
3309
3360
4072
3161
1439
1786
1450
848
4874
3383
2603
5675
1502
3724
4290
3187
6137
1341
3384
176
3749
2191
3743
2319
3108
1259
5271
4027
1291
1859
5965
4819
4045
1103
3891
3389
4699
5606
3976
1598
2876
3318
4397
3328
1910
2720
5877
6112
1856
1963
2714
244
4860
6262
2151
4578
4831
4301
4036
4303
4010
195
5956
1889
3846
3921
3367
4841
2695
5607
5121
5842
4312
3781
236
2627
5059
5789
6147
3960
4305
4920
249
5940
2759
6055
1328
2903
568
2269
4644
4256
3050
5733
1297
1146
562
744
4694
3485
4365
4504
157
1886
1890
2717
995
1939
4314
3401
4708
4286
5404
3449
3563
2685
6281
3032
2613
4825
4310
200
6038
4521
4673
5764
2382
4777
278
4924
4907
5124
2709
3279
5925
2644
4498
4028
1041
4242
261
6225
1223
2026
5692
2507
4798
963
3806
431
4896
3337
4393
3341
3764
5681
3818
2983
2057
2673
3559
2435
5771
965
3335
1031
1046
1034
1043
1885
1899
1908
3238
2609
3299
3957
1048
1913
960
964
5452
4754
5916
1907
3240
190
1961
4895
4747
5813
6138
1960
6293
5892
5353
58
4695
1857
201
4551
2386
133
3515
4109
4032
6235
2425
2463
3737
2961
4901
6218
1879
2337
1902
4429
3027
4128
1195
4918
5748
4654
5285
2064
5110
861
3304
3870
3248
5281
4700
3963
4438
4136
1075
2499
2538
2692
2314
1955
4326
4851
1033
3152
4869
4378
2355
3966
5120
2450
3912
4138
4029
3836
4894
4672
4364
2521
4357
837
4478
317
4513
2335
1300
796
577
492
500
5749
2540
5462
2389
1717
829
853
6291
5419
5742
1098
3089
3386
5454
3585
5836
243
5580
1128
291
4730
4450
4477
1026
4132
1929
4724
3834
4944
3887
4661
4674
4744
6108
3922
3888
2534
5870
3992
4143
510
2511
2527
1924
3857
3847
3782
4345
4934
2699
3948
2549
4733
5146
5883
2523
2545
3970
3973
4770
5321
585
820
3868
6193
3623
5693
1221
6060
757
3183
843
2819
2009
2548
478
812
1644
4494
120
921
2827
4931
3988
3925
3969
4033
508
3558
6158
4607
4598
4829
3920
1199
3906
4632
97
4625
2525
4887
4130
2552
4739
5108
3207
3967
146
4780
4151
4139
2092
4638
3965
4585
3929
4935
3914
3877
6210
4914
4140
4875
6246
3975
5853
4496
5132
4637
589
5680
6100
4657
4615
3066
4898
3830
6221
3864
5604
3166
2390
4756
5722
4624
4627
4142
3897
3956
4634
3918
3898
3931
2599
3885
3928
4347
3886
3909
3983
6236
3859
3848
4538
5145
3849
4621
6220
4612
3986
4662
4359
3890
4539
3947
2423
4884
4586
4648
1097
4622
2422
6211
3994
4711
4555
4190
3959
2424
4542
3979
6214
4543
4761
884
3993
4548
4499
3978
3617
4222
2517
5289
5725
2532
4692
5128
6184
4686
5212
4559
4631
4667
143
4663
6205
3977
6185
2449
4608
3984
4683
5140
4580
4633
2219
4520
2500
2514
5369
4287
4630
4636
4147
6208
2399
6204
5170
4268
4743
4394
4893
3741
5167
4519
3718
2477
4645
5753
4981
6239
6217
4431
5754
4273
2430
6228
2461
6263
5092
4296
4402
2367
2441
4691
3721
4346
5007
5131
5130
4552
5377
4546
5334
5161
5127
3989
4547
4579
4449
2492
3896
5125
4556
4392
5126
5183
4568
5097
4564
3974
4563
4603
5349
4553
6245
5338
2436
3968
5414
4381
3946
2522
4670
2371
3796
98
1371
2398
2539
3772
1382
4526
3972
2405
2401
4930
5175
1364
2520
4425
4153
4911
2528
4436
4850
3962
4157
3680
4292
5370
3971
5318
5163
5364
5335
5354
2526
2387
2452
2513
4455
2192
4536
4427
2028
3987
6215
2385
2383
5382
145
4351
4629
2530
4454
4675
4401
2412
4820
2429
4274
5319
4849
5322
3719
4816
5885
3691
4169
3714
2518
4184
6157
6029
4344
4172
4362
2443
4467
5626
4245
5284
5352
6199
3819
3626
3809
2215
4178
4835
4252
2402
2544
4217
4333
3504
4349
3211
3708
2139
2391
2426
3717
2451
5667
2541
3625
2400
4196
4360
3569
2216
4214
4719
4863
4759
2531
3790
2100
4179
4445
4283
4417
2462
4912
6011
4418
3235
4722
3381
2149
5405
2322
1471
4183
2409
4213
2431
839
3465
6268
4808
2488
4476
6136
3153
1372
5458
6104
4897
3765
3985
2553
2414
4443
2394
2214
3786
2166
138
3173
4735
6030
2068
4682
6130
3665
3564
4506
4698
4762
4729
5443
4356
4728
2087
5665
2212
6119
2069
4031
3740
4295
2213
3649
2184
2413
4818
4755
2368
4141
4732
5390
3200
4391
3547
6079
4832
6146
5734
5738
3586
2364
2570
6149
5682
5437
4369
2211
4262
4727
4281
4298
4410
4745
2395
5679
4590
4795
2042
4399
3147
4945
2381
2377
3590
4215
4299
4336
2363
5426
3800
5351
4736
4195
3215
4189
4742
2465
4234
4270
4232
4309
3739
4936
4210
4714
2388
2438
3761
2396
1427
4512
2076
4390
4374
2483
2055
3742
2194
4154
6129
4765
4413
4908
4584
3429
4332
6123
4350
5457
4463
4419
3579
2533
4328
3835
4433
4238
4233
4171
4947
4235
4437
2034
4710
4066
4248
4380
3607
4442
4227
4440
4400
4335
2358
4595
4251
4254
4430
934
5323
4720
4441
4331
3593
4382
2437
3589
2082
4424
4877
4950
4758
4212
4483
4353
4534
4348
5343
6121
4602
4783
56
4643
4867
4230
3736
3624
6132
4451
5673
4185
4259
3673
4707
3197
2099
4294
4697
4560
4363
4386
4370
4334
4263
4249
4329
4461
4330
4734
4240
4231
3794
4488
4426
4523
4181
4749
4255
3799
4917
4266
3795
5324
5509
5517
4751
3191
4278
5676
4057
4182
4016
4635
4757
3556
5664
4774
5327
4288
4228
4205
4406
4145
3618
142
4420
4343
4640
4324
4457
3450
6128
4148
4030
3770
4904
4260
4464
2524
3982
3716
3551
5700
4408
4781
4383
3814
6124
3597
3805
4456
3821
3825
4764
2543
3798
4265
4793
4790
5686
4144
4752
4469
4482
4164
4465
4932
6156
4903
5672
5669
4760
3804
4275
3584
4938
3793
3839
3602
3530
3272
6103
4244
4197
3366
4639
3709
3479
4269
5448
3232
4868
4387
4955
5427
4358
4319
4152
3787
2178
4854
3832
3726
3553
3817
3816
3823
3820
3731
3828
3732
3788
4787
3591
3824
3827
4948
3575
3837
3792
4951
3252
3811
3831
3826
3690
5804
6125
3576
4766
6154
4432
3557
4470
3543
3588
6152
6151
6143
4338
4474
3612
3777
6134
4313
3577
3608
4340
4135
4471
6070
4170
3546
3785
3216
3368
3426
4186
4888
4876
3604
3710
5403
4373
6127
6133
3457
3407
6114
3620
4792
5685
3217
3578
3696
4899
4165
2039
6118
4371
3448
6150
1157
3544
6131
6153
4883
3410
3218
5670
3659
3670
6139
6111
3253
1081
4668
412
4297
3527
6109
6072
3492
5996
4307
6107
4026
2510
5614
5581
3681
194
5674
2393
4889
93
4834
3411
297
4221
74
3706
5449
3421
3512
6113
3703
4311
4355
393
3537
4341
5001
3707
4354
3231
4261
3592
4300
69
4342
3784
3225
5757
407
3198
4980
6110
3637
414
3447
3572
3467
2490
3223
5625
3221
6135
3460
4815
4043
4156
3455
185
503
399
3319
2357
3193
5528
294
5974
3422
5642
5659
5384
1252
2535
3083
5421
446
5440
5467
3361
321
2764
3474
232
4985
1187
3165
3258
6059
5619
3509
3260
229
386
1089
570
3774
5344
5409
5385
5399
5516
292
5456
4158
426
3259
155
351
368
3365
5782
3638
5471
3349
5781
3526
5422
189
5650
1218
5616
4277
408
4258
3464
4264
3266
5519
3181
5826
5874
5436
5423
5569
5315
1770
5647
3540
4322
1794
4844
5802
5990
5475
5555
3192
159
296
5411
5520
5358
3269
5359
332
3265
3413
3355
3502
5654
3402
3645
5512
320
4928
5489
5615
5480
3412
5497
5363
5640
3373
5567
5596
309
2631
4211
5439
3488
3375
3332
5884
3369
4487
6155
3285
3311
3350
3503
5638
6017
5441
5428
328
5608
3378
3302
5609
5380
4018
3528
5622
1102
3525
5506
5374
3362
3282
5397
3283
3303
5386
5412
5402
5388
5401
5361
5346
5387
5499
5582
3471
4486
5413
5389
5568
5632
5424
5430
5375
5459
5620
4059
5510
5639
5379
5636
5621
5493
5630
3294
5367
5501
3247
4198
5488
5628
5453
428
5644
3251
5641
5631
3403
403
5702
5348
3310
5450
3648
3293
3713
4208
3486
3289
3233
4280
3284
5470
5362
5476
3237
5451
5490
5634
4200
5643
3531
5469
5302
5505
5479
5431
3236
5496
5491
5649
5500
5137
3657
5316
5513
5576
4267
3324
5949
425
417
5299
5530
5635
5653
5304
86
569
5624
387
1220
401
362
3224
3344
5570
5486
5602
6231
3506
5303
3343
3353
3495
3533
5926
5531
5174
5542
5578
5313
5495
5537
5556
5498
5483
3263
3268
5541
5309
5307
5557
5522
5478
5311
5312
5473
3418
5597
5521
5465
5564
3500
5492
5600
5551
5610
3513
3532
5605
5571
406
5529
5579
5543
5308
5617
5558
6234
3417
3472
5601
5611
5594
5629
5553
3498
5565
3230
3496
3321
5894
299
3507
3227
5300
5760
5588
154
21
421
3487
3483
158
336
5306
5296
5552
6224
5295
5538
5584
5592
5305
5589
5572
5526
5583
5595
3473
5585
360
5593
3219
5523
5598
3514
329
298
372
5562
5563
5298
3482
429
295
5547
239
5559
5554
3156
5297
5524
5574
1207
5586
310
483
230
25
3545
4315
349
1208
13
3529
3334
5532
2475
5560
5575
5590
4202
2577
305
435
5951
5546
5525
5545
5294
5573
5540
5561
322
3773
3351
32
357
436
335
345
1194
444
304
268
199
2580
381
1
341
340
26
423
1201
2579
2755
1449
220
1185
1418
3288
197
271
655
1226
606
350
4163
275
293
2762
344
2675
364
4827
448
3026
5937
1149
1228
193
4279
324
1196
5929
2469
5800
4800
219
4802
531
262
5848
1204
2703
265
3292
226
225
2564
1107
3692
55
1290
1163
5794
109
5981
518
519
1135
447
113
5902
2107
2574
16
1215
5829
1205
5849
5772
1428
227
3395
1197
2053
2581
5863
2569
1133
6009
2471
1134
1198
1143
980
4872
5911
5861
1136
1210
1350
5819
1160
1106
5779
2496
107
1096
1166
1216
1233
1212
2571
1211
1191
1219
1087
2674
15
5865
2763
4271
104
141
1147
3538
1177
92
1186
30
217
1863
3434
5964
5950
1176
5952
3405
4025
5971
27
2676
2263
1112
1145
6037
5960
28
1422
6025
4257
5989
2501
300
1305
2502
816
2833
1200
2338
1182
5910
2478
1222
2745
2694
1180
5783
1193
112
31
1171
2771
2568
2554
2567
2578
2576
1116
2563
1192
5839
210
1183
228
2575
4241
5921
1173
5881
2572
110
2756
2495
2573
2775
2798
2749
5924
1462
5962
5946
5966
2800
2789
4161
1179
1250
5871
5967
2727
5963
2772
2811
5939
3290
5869
2766
4838
4878
6075
1477
2739
3033
4999
102
5773
3539
2331
1608
4023
2180
5878
2173
5928
2830
5961
2746
5935
2799
6040
5955
2753
5875
216
5933
5904
2786
5978
5833
2793
238
2807
245
5938
2731
2809
5995
2686
2803
5953
2711
5975
2318
5954
1858
5970
1478
2770
2808
2698
4805
4856
2721
4885
418
3158
1121
3017
2369
1435
1181
885
5948
2815
2697
5805
2813
5901
168
2116
2687
1670
1339
2778
2710
4162
5852
2824
231
5880
5945
5818
5900
161
5806
2730
5936
2792
5864
5854
2802
2696
170
2821
5886
208
2346
2785
5845
2725
169
2356
2365
439
2829
4024
5994
3322
6066
166
119
1277
4957
165
1479
2299
2713
2712
164
318
419
1393
3424
2680
1184
2852
2372
1130
1417
1723
1334
583
2485
890
2784
2817
5859
2752
5919
5774
5992
2806
2788
2816
5801
5777
2791
6013
43
6006
6033
2823
6076
2812
2818
5785
6065
6012
2796
5788
2777
6047
2275
1094
2741
2820
2558
1285
914
2474
1278
5934
6052
2285
2797
576
859
1561
162
1040
6058
1095
1159
1178
2623
961
2442
1510
10
923
2324
5991
699
1411
5784
2512
2086
6007
5776
6018
4821
5993
5999
6020
5811
6035
5780
6057
2804
4022
4807
163
2729
4956
6003
4801
6048
4812
6004
1071
6074
4839
6043
5988
5786
2795
4840
2479
1258
137
4826
4855
2751
6063
6016
6064
6034
2657
5987
4806
1036
6085
6042
1235
1941
1295
126
1086
1154
2670
2361
1309
6056
440
1139
1264
558
2719
1232
6092
6010
6022
6084
6093
6041
6031
6053
6071
6002
6032
1900
1308
1286
2828
1896
2333
2704
442
131
2836
2288
681
1138
2748
940
1003
1002
1008
1327
1076
2466
1124
117
2822
1188
1458
2110
1155
3024
3046
303
1947
1383
557
1236
545
2728
906
1432
674
1276
2805
2774
1123
2472
2787
1918
2738
1413
2480
739
1265
4321
2758
1054
1153
2054
2801
361
2831
1472
2159
1122
1117
1459
1320
2658
2769
1933
2640
1073
1140
1416
2458
1059
2225
1150
2340
1466
2059
3129
2090
1237
115
2494
2740
2351
3128
1253
1092
1499
2671
1113
665
2481
2286
3041
1058
2489
1078
2473
2747
929
579
2310
3013
2349
1127
2306
1514
1467
2484
1053
2302
1480
2482
1093
1475
2454
2240
2246
1470
2313
1271
2252
2343
1355
2453
1144
876
1485
2476
1044
1301
3038
1457
680
2886
1292
2085
2440
2224
1444
3052
1705
1396
2201
821
2434
2659
1057
3031
1349
3113
607
1047
3103
3123
919
903
1516
3115
1695
3140
2662
831
319
3011
867
1068
1051
1925
694
1725
701
1072
1063
3137
1394
1035
2260
1521
3133
959
2226
1025
1560
1708
3067
2428
1137
1407
2872
3023
2259
1426
2467
3110
1419
2768
943
3044
3064
830
912
1331
302
887
3012
2468
1878
3107
3104
880
1070
889
775
2427
80
730
1709
3056
790
1344
3091
2665
3055
2737
1174
1408
1571
645
2323
886
2781
3039
3034
1447
2444
3051
2825
2332
2277
1401
1395
773
3106
891
878
3117
3077
1189
1780
3048
2420
2271
917
1504
3058
946
2417
2446
916
2439
2421
904
2790
1101
1148
1351
2305
1077
1299
1389
1710
875
2432
561
947
985
2849
3019
2093
3061
2329
862
49
1599
2418
1314
2320
764
1260
2445
1240
1740
1062
1310
316
1390
2200
2336
2303
2281
2289
2415
2228
1267
2347
2334
789
2457
3087
1423
2243
2316
2294
2270
1438
2621
1495
2373
791
656
1763
2123
908
652
1293
2693
2210
785
108
1425
981
2103
2241
1882
1336
1719
2416
3035
601
1266
432
1761
1359
438
1302
2941
808
907
2208
2266
1248
487
2276
1167
872
1996
608
2253
2264
2272
2327
2265
2278
2282
2307
2231
2292
2293
1090
3062
2315
2311
2203
2202
46
2207
786
1592
1066
1287
3076
3073
2273
1388
2232
3072
1753
1065
1783
2205
1387
3049
2667
1238
1405
524
909
3068
2247
2204
1512
793
3112
3065
2296
1622
441
2622
1496
1578
1307
2209
1888
2295
2230
1582
2256
1318
1142
2254
2280
2262
2248
2233
2239
2255
2249
2283
2267
2244
2279
3075
1601
48
3085
792
986
3040
430
1611
3080
978
2111
116
3060
1590
1613
1129
1593
1583
1584
3036
1385
1605
427
1691
1518
901
1694
1607
1721
1624
1161
2846
846
1337
1497
1602
1754
832
866
1125
691
1573
3142
2882
445
465
493
499
1084
1616
1600
1568
979
1579
1569
2626
3105
2632
1610
1630
1614
1619
1746
864
869
1347
1500
881
3144
826
1732
2979
873
1847
1702
1082
467
599
1580
1766
1162
523
1368
1727
1745
1254
1298
1555
1061
2655
709
1772
877
667
1083
538
1532
942
1296
1881
1685
1304
686
1672
3096
905
1853
530
1540
1550
3084
2973
811
958
1074
1587
1635
858
787
939
822
1767
2035
689
856
803
551
548
566
1901
1597
802
687
597
1718
1827
1728
1700
1825
600
315
1688
1806
3150
611
468
2940
612
2708
578
936
941
1854
591
956
2917
1490
1494
2860
1648
637
1574
1609
747
1655
765
2889
2848
574
673
723
45
1824
556
957
1749
584
534
543
582
338
559
2984
1821
1734
513
588
479
1618
2858
1365
2965
2871
632
896
615
581
1703
1652
718
1279
1554
2928
1662
1758
1835
2986
636
1528
2919
828
2668
1553
937
2842
2873
2884
643
817
1345
679
471
1539
2723
2036
1667
453
544
1617
938
627
672
2870
624
2869
347
598
642
1793
1352
2666
1769
2863
1353
2907
546
586
2661
1079
1995
613
2891
650
592
2936
2874
2843
683
1321
2925
1891
1634
2890
1080
2837
2883
1313
2911
2904
2887
2757
1775
1384
2865
2960
2943
2888
1801
1832
464
1312
9
1639
2926
1643
2892
663
1491
648
1498
644
2646
800
623
1324
2980
1690
2923
2929
1852
1524
1851
6
2955
2957
935
2934
2879
1713
2963
2915
1877
2922
2900
2931
2916
2933
1883
542
1747
2908
1757
1798
2978
1370
2847
1621
1771
1760
1620
1737
1731
1699
1628
2951
1575
2921
809
649
1289
2971
1375
1322
1777
609
635
647
1701
1697
1552
1698
2877
1378
1789
2875
2855
702
1294
1816
1696
2932
2942
2939
2868
2845
2949
641
618
2859
2938
1808
1820
1633
693
1689
1759
1376
722
1642
1263
1284
2974
833
1589
1268
1369
1792
1275
1576
685
1650
684
1356
1586
1366
710
1577
755
688
897
854
1781
1482
1631
1374
1323
1779
1661
1255
1671
1488
1288
3000
610
1564
1281
1638
1270
696
1315
1658
639
700
631
669
1269
1562
2707
824
1626
1257
1815
1654
1594
1646
1280
1812
1511
769
1830
1249
1660
1651
1803
1256
1844
798
1804
2982
1665
801
2970
1273
756
2969
2987
658
1663
823
1822
1809
1657
1380
815
1545
851
2235
1664
1543
1503
1536
1842
1994
1764
1546
1686
1668
638
814
1505
1468
2988
629
1810
1800
1805
799
767
1687
777
1522
825
1544
2989
1415
1445
2037
834
1527
1241
1506
2223
705
1501
1542
707
1507
620
1530
1489
1493
1434
1274
1456
1534
1519
1420
1483
1684
1469
1531
795
1526
1262
1403
1404
2977
840
1244
1541
1261
1839
717
1683
1533
2999
3006
1243
1460
3001
712
3002
625
1838
1680
460
1843
504
750
459
1833
1850
1678
495
1849
458
708
1242
496
740
514
753
2
704
628
626
1675
737
726
516
497
743
733
455
1659
1676
682
738
484
456
454
457
748
711
1669
485
475
482
742
486
703
725
477
731
719
1653
452
490
720
714
721
736
