57
61
69
62
75
16
17
214
58
226
229
230
2869
66
234
72
2300
76
239
243
246
219
83
79
2301
218
235
2305
56
2748
147
4912
2740
15
2730
244
2304
224
2911
92
2332
41
3109
2731
2358
4113
4097
3789
208
2296
2757
268
242
2582
4539
1537
2311
1475
2753
146
3069
1542
1983
4909
2760
90
1456
743
1993
269
3120
1469
2880
4915
245
2872
3569
2013
2578
3124
237
5204
2704
3809
84
3688
2912
232
1018
2293
4110
3608
125
4923
604
4529
3570
3793
3081
1081
4
3851
2530
3715
4564
4552
1008
583
3579
1193
997
3825
453
3595
744
2577
3613
1189
1706
1500
133
1252
1172
3705
1073
2303
1474
4496
2588
1523
4931
4559
2802
1030
3864
1481
3828
1135
4493
457
2299
3550
3033
3603
2714
1536
2584
1224
3597
1127
1468
478
1174
487
2583
381
469
966
1488
3074
3696
236
4105
3694
3068
4914
1741
4526
3886
2763
5055
5180
1229
4516
2705
3887
3862
3083
240
3073
2003
2460
3130
136
3895
1457
5101
3695
3058
1092
4549
3708
3279
5192
1991
3829
1072
40
351
4400
1254
474
4160
5206
39
4557
749
4546
203
3224
1009
3211
3607
1200
2323
2751
4586
4646
617
3577
3623
4706
996
1258
1379
288
196
3010
4604
459
4638
1495
4645
3804
737
2932
506
1531
4495
1240
2772
2239
1078
1506
1077
1458
1194
4628
1507
3733
4494
1566
3551
89
1259
2585
2762
290
3905
2800
692
1496
2835
2533
2440
2915
3221
3272
1466
3612
3330
1301
4925
4033
3231
3556
87
4162
2790
2656
3227
445
3709
3643
4075
5050
3059
401
2532
1136
2468
3519
280
3072
2650
4545
1218
481
3799
5125
1097
2579
2592
150
2455
5196
4853
3637
1063
1358
2010
3545
3169
2467
5166
3693
1528
1346
94
1241
4579
3591
3912
1302
590
1384
3805
1471
1962
687
969
1201
98
4434
270
1501
502
181
3929
3837
3001
3308
1266
589
186
4448
2058
1808
1074
4922
1976
4318
2581
134
4405
601
3873
497
1006
260
4659
5110
4926
514
4106
3856
3711
5197
3363
1330
968
4403
4389
1834
3465
4272
4260
4266
144
4270
1723
4297
2644
4872
4253
4263
582
1673
1609
1634
4193
1138
338
2599
4269
2365
4288
4332
4277
1724
888
1818
1810
3470
4280
4194
332
1675
3468
4245
2600
1669
896
2598
2613
827
4319
3451
20
4856
4857
330
4299
4300
4301
4259
1623
1708
2352
2366
2254
4261
893
2615
2283
1613
3452
3460
2219
2269
5236
1749
1684
4187
4308
4577
900
3466
566
52
21
4221
4968
2379
577
1644
4255
4611
898
1594
3557
1565
2451
1656
5225
19
2709
3289
4476
1670
102
3463
1682
4241
5278
4946
3467
1661
3439
1687
1625
1630
1686
1652
1720
1603
5222
2261
2243
840
4246
4271
2382
907
4905
2749
4973
2610
2242
1664
886
3324
3410
4234
2745
1783
1601
4478
4248
3177
1595
5244
4439
59
1453
1647
2263
4284
4273
4239
4254
3440
1663
2253
4203
4949
2540
603
1617
822
5111
4098
2940
7
3938
5126
2952
4037
5115
791
3098
1984
1292
3037
1034
3006
2324
4091
2913
4017
5083
4000
2910
2729
5100
3344
4566
4104
2525
3092
2744
18
5045
1381
4124
4510
2804
4851
2765
1476
1816
2900
932
300
4007
4126
5127
3734
511
4118
3170
2981
3802
1645
1596
4217
4295
4191
1611
4224
4208
4275
3456
4278
1685
1666
2478
1659
3202
4192
2875
2846
4251
5205
2793
4228
4989
5264
5234
3408
3409
957
1571
3442
3443
4201
4932
4231
1917
2367
1699
433
1681
5027
3288
4980
2864
4481
3453
5316
3417
4279
3411
1618
4485
2294
1586
2822
3437
4944
3444
4287
4238
4242
2035
906
1679
584
1619
3461
4036
4941
3403
5319
4377
1662
1665
1674
4108
3397
5031
5128
5142
821
32
552
2336
126
4374
4144
2260
4977
2871
4302
3293
1722
1600
1757
1572
1638
835
2368
3121
44
3126
4942
22
53
4161
2074
1622
2874
4845
4472
1821
33
4865
4174
3967
3744
342
4226
2859
2045
4596
3986
2229
4437
2543
1713
1641
4250
3496
517
5285
4875
5143
5153
5048
3558
5224
4609
555
1825
5132
1588
1628
4450
2246
2256
431
143
2658
4055
4471
4215
5134
4846
3399
2138
3760
1599
4237
4222
4227
4219
1640
1827
1826
4210
4211
1633
3435
2881
4206
3432
1815
1627
1635
4207
4158
2232
419
2633
2438
4799
2385
2775
3588
34
1877
2335
1730
1624
5241
5215
4306
903
4791
1632
3086
142
4223
3772
3416
1615
3306
3445
4798
4345
4179
892
2344
5001
947
3472
3469
4190
2724
1646
1643
420
819
891
3438
1850
1434
5104
3764
3504
5107
325
5290
2794
4132
3436
4331
195
4205
2059
4334
890
885
4994
532
5265
672
2251
3893
4375
4730
5022
5309
1133
1885
1836
287
3287
3984
3503
2867
5238
1557
895
2801
222
4593
4031
897
4119
923
823
4188
4868
1556
4954
1587
2252
2075
1580
3483
3481
5025
1812
1712
4390
2977
4950
3500
5008
5220
5235
1642
1598
2372
1610
1822
2416
3225
2680
1426
1130
877
2248
910
4903
908
4696
114
2271
3776
5003
2434
541
3262
4984
3454
899
74
1975
4109
4435
4969
3622
1377
4653
1414
1943
557
1999
2240
1935
2000
606
4537
4637
609
1333
4587
1417
657
621
5121
4672
3323
3836
1199
4381
2512
3843
437
115
3278
3846
3633
3706
3960
60
1465
1091
1460
3685
4457
3943
1949
4511
1956
1924
4560
3855
417
1242
995
631
1740
1707
825
1650
3758
1396
4943
853
591
5313
551
1399
3282
2220
3953
1714
5315
4359
4858
3635
4314
1654
4947
4776
596
3281
4703
4959
1672
894
4142
3540
593
4376
4189
2557
2338
4321
4975
408
1435
3664
1473
2244
880
3978
4336
2257
4265
4307
3788
45
5028
4267
4268
1626
2386
1909
1910
4867
2384
4392
3117
4473
712
4220
909
2231
4747
608
3341
2786
228
118
643
4262
1511
1519
2174
556
4760
2022
575
2230
2733
3113
4367
4842
570
1621
2665
1819
1160
959
2395
2349
1726
1716
169
1585
3336
2990
432
4316
2788
1425
1649
1584
818
1582
813
4871
1579
1653
820
1639
2224
4459
4958
816
4979
1616
1589
2356
4862
2098
2725
2812
2262
2076
4462
2288
4878
572
4341
1797
1560
1578
2228
4879
1862
3232
2055
1395
4885
1911
8
434
1567
1394
1150
215
2418
2405
225
2953
4441
3888
4514
2353
4967
2397
4335
2984
2030
4454
2351
2364
4286
4281
4458
2037
5002
3115
5251
3572
1404
1608
321
930
4408
4684
3039
558
2221
3763
4364
2136
1554
1559
5292
962
5086
4687
4247
198
861
542
5171
1693
3433
4084
2291
1853
5231
1784
3701
4418
913
3898
4069
1957
4896
4906
3153
4475
5035
3434
4362
3495
397
565
302
5312
5030
141
5226
2041
5019
2093
1705
3159
1306
4240
2079
814
815
1336
4591
3774
1489
4361
1574
449
4644
2983
2811
140
5007
1335
4356
2381
2838
4957
4289
123
2259
3412
1605
3325
1831
868
3531
3700
3478
1553
2334
3759
4293
4940
1875
3620
2852
911
1563
1772
3290
5010
1177
2250
2280
4415
4484
2266
5216
307
839
43
320
1770
1801
3767
946
4891
4138
758
4563
1773
2668
4486
3773
4990
864
2394
1867
1391
3375
2791
3429
4983
1614
5250
2071
3975
1721
4836
341
1543
4981
1631
1803
2667
2672
1747
2072
2049
4642
1972
1884
2685
1795
1497
447
5299
2601
1851
4626
5006
4647
1718
4153
104
693
2053
4996
560
559
345
3373
571
5039
2337
5011
1606
5017
4373
4369
2487
2078
1467
805
585
1050
4343
1529
4780
4480
879
3276
881
3681
5058
5012
3527
4489
4417
5301
2851
2399
5294
2424
3717
4467
1545
1406
4934
952
2946
2624
205
1339
4443
2625
3088
2686
1807
958
1710
1711
4877
3807
1555
1629
3675
870
5163
788
5105
2272
980
752
1798
4716
4698
3968
2407
3673
1767
2607
2776
2143
1768
3560
5293
2348
3530
3966
5018
2813
2414
170
4371
884
4991
2684
2518
3214
2884
4831
1207
3398
4887
4461
1070
1863
5219
1510
2560
4897
4058
127
3252
522
403
1823
1838
2547
183
3525
599
350
3394
4130
1677
5303
3426
2653
5026
4378
2611
477
4743
1071
4420
4236
4849
1849
5036
5032
4995
4974
5042
2882
2069
513
4597
5024
3973
1392
4873
4372
4351
5023
4363
4721
2363
3663
2227
2226
2282
1752
3513
116
4834
2679
4770
1380
3676
533
3476
468
175
4651
4986
152
855
464
1775
2103
396
548
1354
374
4883
2375
2376
1858
3992
3780
3353
404
1385
2371
5033
2477
2400
2417
2073
3777
5052
4452
3473
3123
2287
1388
4385
645
873
1846
2839
1845
2362
2213
1183
462
2024
905
4305
2267
1835
493
238
2976
161
4761
4692
793
904
4840
3779
1503
4445
2350
1431
3492
1766
4571
318
851
2415
4487
2070
276
882
3502
3494
2067
4326
4882
465
3516
537
461
4311
209
2818
2298
3127
1408
525
2245
3917
2036
442
2920
3400
2277
4050
5239
602
1562
561
2134
3626
2688
3955
5135
824
5
301
5276
1872
2938
4077
1270
3207
3425
207
2077
4838
35
664
831
4899
3198
1340
5223
1059
3499
4409
455
581
1151
2156
458
1305
1828
2340
2273
2784
2137
443
2593
4391
1152
2387
1779
3185
2883
406
2993
3431
3488
4784
1736
783
2531
534
4019
4744
108
1117
3904
1871
4523
3302
4755
3875
293
4832
5286
3907
4725
817
2887
5266
5147
3347
4479
491
3486
1854
4322
4083
151
5297
3803
4030
192
4901
2164
4410
4746
3615
1717
3766
3521
4695
784
5152
2928
3419
2441
2899
3491
1139
1829
3750
1514
1715
2844
1272
3352
915
1860
5174
4164
2268
4115
914
2997
1873
4181
1695
336
2167
153
4752
2985
1700
291
2520
5123
4330
3785
921
4230
4731
1719
4070
81
4156
2128
2279
2692
2664
4116
1869
3464
3427
797
629
2617
3915
4315
5046
1755
4102
4169
3226
764
3863
1461
2509
710
1841
4634
4360
539
5165
2121
2129
646
766
5304
579
4782
4021
1142
828
4357
4185
865
3280
4733
4771
4707
538
1786
413
644
2081
2023
4640
1573
641
3393
1765
5300
2216
3152
2691
2845
3018
3671
1948
849
2963
339
4453
4558
292
3125
327
4310
3972
5015
1870
4199
5258
5000
2651
887
1558
2274
424
3201
854
3659
3392
2892
4802
2341
4202
3745
105
1421
569
4603
4204
4368
876
3507
2616
1832
3390
562
2809
4388
843
4520
803
49
1288
2396
2413
619
4344
1804
2879
844
4087
2218
981
1922
2608
3446
2739
2902
3784
296
2619
454
1419
162
580
1049
2208
5047
3889
3653
2626
2209
3371
4774
3048
3585
1037
519
315
1281
3485
210
852
2945
1759
2614
2612
194
4394
1332
4767
4715
1702
5112
1968
4451
2184
1225
1936
1167
3482
4632
3529
1102
2398
1387
4483
4209
4421
592
1124
3994
4956
1409
1427
806
2182
547
1423
4635
4690
1109
1520
4460
5094
1477
2276
3669
5075
669
3510
2528
1751
2247
4346
3985
850
2249
5228
4965
1357
3430
2109
5259
2326
5272
574
1390
1157
647
1366
3370
1930
4303
3927
671
3303
3294
1874
991
1919
2926
2495
2735
4825
2202
1998
4670
4874
1764
2561
588
1769
1107
990
4304
4469
5034
4041
2409
3076
3756
3404
2516
5295
482
5247
4214
3979
5262
2155
4678
3305
382
4888
3286
2044
5306
5263
2110
1264
1847
4157
3386
1760
2369
4423
1120
1694
1509
2092
4794
2148
4929
2411
1055
1355
3367
3989
473
4937
1424
3107
1402
1282
1452
3312
5040
1912
4312
3295
2687
2265
2817
4961
262
4090
847
931
3396
5254
3402
3447
4183
518
3870
665
2752
5311
2056
3319
3997
1307
1278
3524
3334
3389
5302
2133
535
611
5296
4808
2281
5138
2648
1349
2921
4966
4127
5088
5108
728
4023
4682
5014
5013
3787
1105
549
3267
1382
1990
4970
5037
324
3617
4728
3179
4748
1934
2840
554
4938
5257
1887
5307
4442
5308
5148
4930
2066
1750
2810
4753
1196
830
3911
666
1294
4756
768
384
5099
845
4775
1314
2828
3327
935
5060
5005
3250
1374
660
1122
2062
3291
944
2491
3923
112
1758
937
4474
2151
2727
531
4354
2120
3345
802
4411
5229
3155
4309
4213
848
2675
1876
2154
5089
3268
2774
4792
4935
1345
1486
1289
4711
1422
679
2783
2623
1905
3642
4772
2620
113
1923
2285
1980
4953
4976
4358
2117
2787
4781
4683
4719
4664
2567
1561
836
686
2701
4993
3755
4464
767
3358
2433
1019
2140
5059
156
5256
96
1362
2183
777
4327
2115
2175
117
2099
668
1883
99
2127
842
1353
2094
4444
4765
4700
4758
1420
379
841
2126
1284
101
411
2144
107
1361
4393
4482
4200
163
1494
4904
863
3509
3326
1407
874
951
4727
4884
977
231
2063
634
1756
4413
178
1575
3097
4477
2165
46
1908
2080
4863
807
2141
1334
1859
2149
1903
4783
2278
4681
2068
632
4762
1817
2145
4352
1771
2146
385
4515
4572
4749
4734
2150
771
1933
1861
1778
1813
1792
663
2622
3757
1010
2660
1929
4835
4754
1279
1442
1125
4244
1882
4881
620
412
1170
2317
5298
2104
1904
2105
4509
2048
1906
4797
838
4809
1782
4688
4766
4745
1809
1942
4757
1401
862
1344
1950
1277
685
4742
50
837
772
2408
578
941
4694
4658
1360
277
1855
779
5291
4894
3678
4082
704
414
1857
2609
1748
2423
1053
3401
3459
1926
1176
3284
4785
4839
3567
4790
2402
1866
4778
4741
4737
1367
4631
785
832
1386
2027
4505
383
1210
1318
2223
1342
948
3549
1844
2166
2302
5131
470
1317
4111
1026
1843
651
780
4768
1365
568
1005
3553
1363
4328
4574
5092
3258
471
3413
3957
2603
4137
5146
4898
4498
1116
5043
782
2289
4789
405
472
1533
4786
4804
456
4788
4773
3565
2033
1378
1
3606
4729
77
1532
1732
4492
2858
4218
4847
1727
1731
1228
1521
2676
2726
4750
2654
4122
4669
2597
1524
4072
1907
2707
3171
1154
598
213
4787
5130
1123
858
718
3584
676
3991
5212
1868
4841
3566
4796
4806
4803
4779
3590
4513
677
1208
4869
4764
3573
1104
4795
4821
4818
3283
2780
1397
4859
745
1372
2778
4732
3594
1375
521
4704
4830
675
540
1743
3791
4801
4812
759
2275
1960
1959
4506
2404
1989
4708
2380
1498
4712
794
86
2856
1271
3356
1132
1076
4814
4815
4811
4807
4800
4777
4817
4820
4810
4823
4829
4738
4793
2777
2721
4720
5305
4652
4724
1405
1852
4822
2781
4699
586
799
1398
4740
4722
1348
4470
3564
4739
2754
4429
4886
1383
778
4713
4490
4406
1234
5243
4998
1216
4576
1947
2197
2639
4702
4819
2647
706
4824
4813
4805
3586
4512
4769
4828
3568
4504
4751
4691
4701
4709
4256
1273
2743
4502
775
4864
1979
1472
4630
4507
4499
4508
1275
1692
4340
2200
4726
10
2161
834
1704
1304
2158
2217
927
2770
2497
2201
4337
2816
2690
1310
1351
746
1777
376
4366
5020
1261
4225
4876
856
5041
1341
1373
2147
2885
4710
1389
2640
2160
3533
4736
754
5217
667
1343
1371
2168
4329
2681
786
1754
2723
1285
4519
4735
2604
4428
4497
769
1166
2135
5218
2630
829
1864
1548
612
1729
1913
3718
261
3196
4763
614
971
4697
523
700
920
5120
407
2125
808
1418
800
4198
4892
2157
4673
4880
4382
4424
38
2153
912
4686
2152
4503
4663
871
1728
4816
2602
1263
1541
2657
2008
624
1038
2195
4657
4455
388
4350
1897
4395
3571
949
2860
2180
573
4643
963
4339
380
2638
3834
1763
423
516
2674
2171
681
1054
82
2162
2159
2172
2177
983
987
492
4463
1742
78
2193
622
4446
2116
2132
4679
2199
726
688
4456
1370
4465
4325
755
410
4705
4668
2590
1880
2720
4491
1791
391
1774
2181
1735
395
1856
2637
1893
3541
4689
3914
283
3931
286
4948
3861
833
2836
2383
3561
2178
2693
2173
3922
2190
2163
2170
2194
2043
2186
2290
964
2189
4422
1020
2198
2179
2722
4468
2738
212
972
2406
48
1992
5122
1094
5242
4655
4627
731
4617
4412
2082
2012
4501
3559
2390
2673
1223
616
5246
1946
3448
5314
2233
4602
5113
1287
2850
2662
1902
2122
2210
2191
2188
2185
2206
2196
1955
2192
2060
1879
88
4488
2205
965
961
1982
1848
1840
2214
4693
1878
5270
2212
4714
1029
1209
2889
1941
2661
2315
4674
4154
2203
4860
4677
1148
2671
4623
1805
1265
2666
1788
1249
2169
4078
1248
91
1753
2769
1260
736
2669
4680
2020
2009
1221
2021
1222
1733
1737
2095
1703
1881
1213
1901
2026
1967
1238
1110
2139
2211
2029
1944
2683
1830
2054
4661
1312
1900
1227
1268
2083
4544
1298
989
678
974
984
2046
970
26
2019
943
3768
1247
2634
2034
2621
4583
1214
4521
4662
1045
1115
1137
680
1918
1255
1246
1099
1235
1237
1230
1212
2606
950
1931
2061
1211
1243
1961
1251
1744
1250
1204
1233
1824
1239
2047
2002
1925
763
1269
2038
2028
2124
1963
2605
2011
1290
2032
1734
2618
2052
4723
975
1257
682
1295
1093
976
2628
1128
3812
1981
867
2204
773
652
1969
1283
2051
2014
2629
1276
2064
2001
1502
1833
37
2057
1802
2632
1915
1313
1206
1973
2042
985
1899
1350
751
1280
2176
945
2100
1131
1761
1839
1793
1184
1794
714
872
1075
869
4575
2025
1896
2631
698
942
1806
1023
662
1134
1118
1324
3679
4613
1799
1171
1293
1001
770
1914
1689
973
776
2641
774
1267
2065
993
765
756
1296
739
2084
2643
1087
978
2297
998
1781
730
1309
939
674
1126
1245
2636
1217
715
1789
670
1145
2663
4641
940
4570
4524
738
1485
4619
4500
4562
705
4685
1140
4660
4548
2750
1311
1698
748
1762
684
1352
760
2698
1274
689
2649
753
2678
999
1143
1696
1697
1158
1111
1315
4547
1040
2659
4717
1155
2694
2264
697
690
1347
695
2652
649
4589
648
1303
1141
4581
4624
4608
1691
2642
2696
4629
4666
757
2677
742
4614
4671
696
4432
741
2627
2645
735
724
711
750
2682
2670
761
4612
4594
4582
1325
733
727
721
708
2695
722
4595
9
1095
1326
709
650
747
719
1101
1079
694
1316
781
988
1083
1505
673
1080
699
732
725
1100
1159
691
658
1178
740
1478
1446
1738
1776
1000
960
4536
1232
1149
653
713
716
717
654
1129
656
1163
723
702
734
2699
2697
1322
659
1119
1796
701
1790
1739
1291
1086
1262
1168
1106
563
1185
2646
1256
1114
1112
729
720
1364
1088
1082
1455
1308
1090
1300
553
1096
1098
3582
1244
1113
1175
1403
42
1084
524
1299
1323
1320
1321
1085
1089
1286
1368
1146
1147
655
1297
1179
1181
1359
1156
1103
1780
1108
564
1231
1024
1161
1162
1186
683
567
707
1028
1450
801
1376
986
526
2635
1165
1544
1515
2015
1338
2215
4667
4567
545
1253
1169
1415
4607
2234
70
1534
4633
610
2207
1187
1192
536
661
628
1188
1432
4543
546
4656
1412
1430
425
543
4550
1522
1016
1173
509
4534
3830
415
3831
527
642
4535
1007
489
607
1337
597
600
4665
4895
4525
1411
2552
4528
4606
173
1197
2554
4592
1429
4556
4676
4639
639
636
4718
496
4622
1195
1191
4605
625
630
430
387
595
623
4522
618
594
4648
3810
498
4601
520
626
4618
3815
4569
4532
4893
4588
4430
4561
444
421
4555
4600
4533
3833
386
530
544
4565
1190
4542
1153
1416
1413
2130
3848
615
1369
3587
2732
613
2594
3817
486
2591
409
1410
4433
627
4554
3808
4900
4573
3814
638
1550
1549
392
640
1328
398
3407
1327
4675
1331
4598
4568
1508
4342
635
4585
1527
4578
4636
475
4599
5273
466
389
633
4916
3728
1530
3548
2586
463
259
484
2558
4338
3563
916
2235
4531
1987
111
1539
637
5232
68
55
4920
1487
4447
4541
3677
2595
3890
483
3816
452
435
394
451
4580
399
2222
3729
1464
3832
504
2596
100
1814
1504
416
499
1428
918
919
3639
467
4347
938
4407
3844
3723
3636
3680
439
402
479
460
390
480
979
4610
3852
1436
3406
2535
2555
1995
4401
427
505
436
438
503
3877
422
446
2564
400
4625
490
3741
3850
500
450
3858
3845
426
3880
857
1547
4620
3849
3682
3596
494
1581
3891
3702
1047
3871
2
4649
4466
4616
3847
3748
3857
508
4654
1493
2589
4518
3546
3736
3547
418
512
4650
428
4615
3699
798
3869
3881
3703
3716
3683
2572
393
4527
3742
3872
3724
4517
1597
3710
3684
5288
2559
796
1121
1490
3575
3879
3899
1329
2566
2519
3292
2768
4323
2759
529
4379
3838
363
4870
2766
3581
1164
3562
2580
994
5249
2773
3645
95
314
4313
934
5233
1069
2526
4427
3894
2746
1451
2322
4621
1484
93
5284
4584
3650
3640
3737
1448
485
1800
3304
2403
1004
289
4844
1988
3654
3632
3646
4848
4590
4349
279
4826
3765
5069
2040
2039
3631
4889
3535
922
4396
3538
2927
3865
3743
1890
2529
1051
2548
1027
1482
2537
1198
2541
2717
2004
2747
1437
924
866
4317
1898
5074
2734
3601
2568
5289
3902
2236
1021
2085
4324
1470
2119
176
5230
2325
5068
2756
1499
3726
3652
5252
3405
3665
3928
2736
3896
3614
3574
1041
2866
158
3651
1449
5227
2050
3686
4387
1033
109
3909
3655
1916
1492
3962
3924
2857
3713
1433
3697
3641
3630
4833
1516
3580
4827
2018
4837
3897
2737
2123
3749
3576
3625
528
2131
71
1025
3599
1940
3542
5248
1011
3624
1978
3619
4365
2107
5255
5267
2789
2779
3930
795
2437
2088
2550
1443
63
1928
3818
2587
1226
2343
3618
2569
1003
2475
5087
47
2393
2114
2719
2118
2310
3583
2767
2102
2108
967
2764
2097
1056
3660
3926
1921
1891
3649
1889
1895
1219
2101
2106
1057
3674
2086
5269
2091
2782
1937
2389
1888
5067
4988
1048
2017
3730
177
1012
2308
3301
2886
2573
2241
5281
2113
2771
1977
103
1512
5275
1220
2090
4850
2087
2096
2089
1892
1954
2112
1894
1927
2016
2005
1985
1938
1965
2007
1205
1203
2006
1953
1970
1939
1964
1951
1932
1202
1997
1966
1920
1974
2808
1945
3901
1986
3644
1971
3790
3543
272
1996
28
4399
3672
1994
3544
3605
30
166
3609
3600
3554
1454
54
2513
3661
1958
1952
2741
5310
3719
4402
2821
3629
953
2931
4380
2711
25
3299
3842
2806
2716
3727
2718
2878
154
3539
2238
1517
1483
2388
179
3296
790
3148
2430
1061
2742
2925
1552
3321
3778
5261
3999
1013
4551
982
2549
1043
5260
3796
2391
4383
3908
2392
2431
2831
2490
1022
4436
2715
5253
3668
2888
4890
2427
1002
1014
254
4553
811
1015
2551
27
4540
3656
145
5277
1060
3634
2570
5279
1058
211
2454
2425
5072
5063
1438
5061
3297
5287
2419
3638
4999
5283
2563
2877
3913
3667
3892
2827
2841
365
2571
2814
3647
4348
366
4852
2896
2805
2893
180
2823
2895
2700
3657
149
2420
2536
2432
2426
29
3555
3666
11
3878
3658
3
2761
3285
2894
223
174
2237
5098
810
2562
2833
12
2496
3382
297
249
24
3379
2942
5084
2830
2712
2575
2574
2474
5268
2829
2962
3903
4854
2891
2523
2510
3648
3876
2868
138
2854
2803
5054
2923
2873
2847
2439
2834
2943
5053
2815
3662
2863
2521
5062
2545
2480
2807
955
3610
2842
5080
2410
2331
2436
5065
2506
1052
2826
2862
3783
2948
2924
5280
2947
13
2546
2505
3005
3593
3616
954
2820
5078
933
515
2485
3536
1583
926
2453
2456
2361
2499
2318
917
4987
1592
5073
2450
1463
5051
925
97
2553
137
2897
2975
2539
2461
2501
1035
2320
2906
0
5066
2538
2447
2507
1576
2373
1491
928
2576
2421
1577
328
306
2486
2327
2360
3775
159
2922
285
2484
85
2930
3480
2511
188
2907
2848
5081
2471
2359
160
2544
1459
2556
2542
2498
2500
295
1439
278
2534
1462
2374
2527
2481
2452
2482
2473
1440
2330
2492
217
2493
2565
2342
2488
2329
2941
2328
2933
1480
2503
2515
2489
5057
2483
2354
2524
2448
1065
792
2479
200
2401
2449
1447
204
2517
2429
122
5038
2333
2522
1551
2502
6
809
2514
1441
2472
1445
2355
2494
2504
2508
2459
2465
120
1064
322
2442
2445
2412
2458
2321
3627
2435
1067
956
187
2890
253
165
305
135
1032
5021
216
360
2758
14
2443
1062
2316
3628
124
3000
255
2965
1518
167
2898
1044
3939
319
2319
155
2446
2466
2469
164
2462
2470
2463
119
2464
132
2457
199
189
5095
191
206
256
182
373
2422
1036
354
220
3621
357
311
5077
359
5071
1066
1039
282
281
1031
362
298
5090
172
5056
313
2929
476
5097
2954
3008
312
334
121
303
3134
364
197
367
157
510
148
190
131
304
171
308
250
130
1525
294
316
1046
2819
883
377
2935
274
252
331
5085
353
429
3578
2950
2937
2843
358
346
4927
2876
368
335
2991
2837
2853
2936
371
2939
3526
550
227
440
2951
378
80
2949
2961
5082
361
2956
3184
355
344
128
323
129
329
340
348
299
495
372
271
310
265
2796
317
257
369
2959
343
3045
2980
2855
356
349
2905
263
2903
2799
2982
2955
2992
2797
3013
264
2934
309
2957
352
3180
267
501
2795
2713
337
266
2971
370
2865
2944
2825
2964
2958
2832
2849
2967
2996
2978
3002
2986
3161
2908
2979
2987
2861
2998
251
2988
2995
284
2994
2999
3012
2904
3094
3589
3003
3009
2917
2901
3602
2914
507
3007
2909
273
3065
5207
2706
3016
4955
4939
3060
4005
4992
3794
3376
3598
5271
3377
3015
5070
3920
3017
3132
3424
2870
3378
3019
3534
5149
3385
5091
3974
5044
3366
3993
3365
5133
4178
3111
3395
4071
5182
5124
3298
3046
5076
4233
5177
4952
4010
3819
3537
4907
4114
5162
5240
3868
3687
3841
3874
3173
3704
3919
4068
4982
5079
5282
4962
3769
3450
3099
3457
4128
4212
5103
4006
5117
5009
4182
3866
3951
4449
3948
3387
4184
3520
3882
3384
3300
3853
3388
3270
3364
3332
3981
3380
1017
4397
5178
3859
4101
3066
3522
3517
3771
5049
4125
3266
3418
3839
3827
3062
4001
3906
5102
3976
3707
4971
3977
3383
3689
3937
3795
4003
3449
5274
3508
3990
3883
3414
3391
3935
4530
3820
3940
4099
3172
3340
4145
4014
5167
3821
3867
4107
3822
3949
4095
3952
4538
3980
4067
3936
3277
3900
3337
4074
4002
5145
3885
3264
3342
3514
5096
3421
3947
3346
3351
3506
5140
3860
3175
3348
3147
3023
3518
5159
5109
3458
2755
3823
3824
3956
3313
3918
5156
3884
3271
4073
3934
4086
3921
2708
3415
5093
3932
3691
3322
3532
3372
3328
3320
3335
3316
3142
4936
3840
5129
3333
3314
3381
3925
5161
3961
3349
3690
3959
3916
3275
3854
3933
4080
5064
5004
3141
3512
3942
2919
3523
3800
3329
4129
3158
3188
3946
3368
3357
3274
3307
3359
3945
3362
3360
3826
3309
3317
5221
3273
3374
3361
3339
3941
4009
3315
3343
3350
3369
3944
3484
3338
4066
4121
3263
3505
3987
3354
3355
3423
3422
4076
4094
3501
5164
5168
5151
3712
2918
3511
3498
5185
3604
4928
4168
3721
5193
5155
5184
5160
5154
3998
3515
5136
5169
3988
4134
5106
5114
2703
5181
4015
3038
3182
5157
4012
3041
5188
5173
5186
3497
3798
4997
5183
4985
4112
4176
4924
4140
4167
4011
3174
5172
4079
258
4064
3178
3055
3455
3085
4918
3145
4089
3420
4059
5194
241
4100
4103
3762
5158
4148
3043
5179
3042
4919
5141
275
4008
3131
5175
5119
3781
3051
4065
4172
3995
4151
3714
3611
3958
4133
3143
4060
4028
3146
3077
4146
4092
3026
4175
3770
4093
3761
3133
4057
3735
3754
3118
3722
4027
3156
4085
3030
3056
3047
5150
4141
3996
3128
5195
5187
3052
4046
4155
5176
5211
3036
3101
3025
3105
3035
5213
3740
5208
3140
3139
4120
4063
3022
3732
5210
3782
3193
3020
3071
4032
3079
3725
3106
3024
5191
4163
3751
3053
3692
3753
3078
3114
4034
3752
3731
3698
3720
3067
3110
3738
3004
3095
3747
3206
3197
4123
3167
3210
3229
2916
3116
5201
4061
5189
3786
3104
3082
3021
3096
4171
3102
3739
3093
3746
3108
4139
3091
3040
5199
3801
3027
4910
4088
4022
3122
3200
3138
3971
3061
3090
5202
5190
3087
3208
3135
4048
3129
3136
5214
3084
3203
3137
3100
3032
3031
3246
3806
4117
3254
3189
3222
3089
4016
4035
3112
4166
3119
4131
3150
3075
3166
4004
5198
4062
3034
3792
4136
3157
3168
4149
3054
3244
4013
3192
3186
3205
4056
3103
3151
3190
4173
4026
3228
5203
3183
3241
3028
4039
4177
3255
3243
4024
3191
3215
3029
4135
4143
3181
4038
3194
3209
5200
3044
3247
3240
3049
4053
3212
4025
4044
4054
3970
3965
3160
3969
3219
3064
4170
3217
4150
3223
3063
4043
3253
3213
3218
4045
3165
3230
3176
4049
4165
3239
4051
4047
3238
2702
3149
4180
3248
3259
4052
3050
4042
3162
4159
3964
3057
3242
3187
3235
3963
3251
4040
3237
3257
3199
3245
3216
3236
3249
3204
3195
3233
3163
3164
3220
3234
