60
64
66
241
17
243
74
228
80
234
233
238
53
69
82
2235
2232
2237
2238
215
2230
232
224
220
61
2688
2694
212
16
4834
4833
247
2525
4828
77
2839
478
468
18
2399
235
3072
2881
248
983
3701
1095
70
227
1081
5043
242
2524
5057
431
974
81
1498
1493
246
89
3066
442
2882
1180
93
2837
244
2711
2875
370
2676
3077
1067
3594
1489
239
3603
4132
2227
438
1516
4418
1910
420
3078
5107
996
4286
52
1531
419
3034
984
2225
594
3006
4429
2512
1063
437
3681
3102
5006
2400
149
256
3522
165
1362
1994
3562
4573
694
1197
2977
1191
1162
1526
3051
2641
1325
365
43
3073
3682
1374
3834
1062
4827
4111
3085
3002
2707
5000
2702
2642
3103
953
4559
1483
1025
4053
240
3
3839
367
273
3583
595
1534
2972
3491
2677
4907
3174
682
948
1364
1371
578
3777
1970
2517
577
920
3824
421
2231
4987
4572
4110
443
2643
2255
1949
3821
207
3958
5
582
2768
1395
3776
2649
5025
2430
63
999
5099
1144
527
1792
5080
3090
504
466
451
4704
1963
1083
800
3062
3322
455
3775
2720
1076
4057
3376
4488
3792
4047
3586
3876
2463
276
3803
4130
5138
4481
3240
3605
3653
4287
5087
3069
2833
1246
4990
3960
2640
3001
4044
4069
3847
4839
180
1682
1939
2975
965
924
3582
3035
2397
3084
3325
3009
1060
2716
746
3494
508
5083
3816
1473
4533
42
257
2521
2261
1323
2412
1213
1443
1017
1324
1206
1564
1468
2242
3964
2497
752
1177
1326
2502
5007
3670
5136
1927
1928
167
2501
3178
3337
255
3908
599
1022
4692
2869
600
3660
3025
592
997
430
2528
2520
1318
136
5074
552
3041
651
175
2496
1333
4115
993
2783
3614
4067
5197
3054
2976
1000
3968
3654
5105
3601
3640
3023
150
5129
4169
3892
4542
2354
2648
3813
1242
3024
2031
3971
361
3852
3667
5086
3977
2895
4547
590
3095
3510
3815
3675
1186
1178
3271
3567
3666
4942
1391
3231
1925
2856
2361
3669
1040
4133
1354
1253
1540
1508
1064
4490
1783
2440
2639
2241
748
1497
432
1433
2624
2254
598
2464
1907
2404
254
2493
2506
1929
2410
1327
949
1196
1126
3712
366
650
569
3882
1077
919
3033
2489
1176
2313
4123
3613
973
515
4699
376
3319
587
2437
1109
3871
1502
258
3942
3596
327
269
1268
3310
1986
3716
3550
3683
2937
3523
3868
2728
4033
2795
5098
1934
3060
3972
2967
3020
1187
621
2817
2036
2626
2931
2653
2224
2818
105
5029
4983
3685
614
4022
4138
2027
3890
1973
1138
1263
4031
1075
5015
4122
3375
2771
3044
386
5120
4274
145
2655
2204
1717
4271
5153
4157
4258
1882
2316
4835
1596
2209
4785
345
4275
4161
4162
765
3447
3413
4155
4905
4160
1718
4220
1663
4771
4823
4829
4830
1624
4232
4891
1644
4815
35
2737
1653
4156
1601
4351
339
3466
4419
762
753
1610
4904
4279
4446
4237
1555
4257
1879
3286
4252
4711
834
767
2178
4325
5145
4782
2118
4333
1854
2077
1329
4270
1523
1658
1838
1660
4781
4774
4770
1770
4163
5038
3448
55
2133
1506
4757
5166
4317
4225
4718
4902
4915
4213
4706
146
2213
1784
2146
4914
1810
1330
1370
943
2172
4522
2389
2604
4614
3578
683
1427
2382
665
1487
3798
1016
3417
1693
1342
3344
2359
1842
1539
788
1984
1317
2318
3521
4180
2433
3180
666
3822
3835
1462
1604
2269
148
976
3749
4997
2522
2859
2621
1457
2492
3532
4492
673
4512
3637
4471
1034
1245
1042
3913
1745
1559
281
1552
4149
769
249
4267
4261
2279
1733
1771
1609
2469
4554
54
2308
1808
62
4295
2147
4400
4186
4810
711
4307
3388
2687
3244
2938
4366
4085
4728
2212
874
2340
4185
3348
2181
5237
4804
2287
2274
3454
2356
4877
4265
709
1530
4330
1030
2068
4151
472
4255
4310
685
1595
4820
1814
3508
2219
4332
1742
3468
3465
3458
1730
4158
4073
1798
1556
1708
1761
3445
12
4783
2207
4362
4273
347
707
251
4846
1525
883
687
1620
4272
4276
51
3737
3389
3439
2167
3467
4921
3074
3461
1982
3267
3635
3424
4331
4046
3507
1675
4108
4008
2733
4215
1680
1853
4214
1741
862
3318
2191
4246
1851
4240
2692
2142
3789
1756
1812
3292
3291
4936
1181
4808
700
4778
4968
1632
2301
4039
1633
1200
4798
893
4745
3279
3299
47
4790
4079
4178
2176
2537
1623
1622
749
4235
4228
1631
48
2112
692
3243
1728
2156
2127
712
3500
3372
1524
644
1822
832
4843
2311
4165
4779
4845
3645
1640
1881
2200
4250
3405
1676
5154
3869
2168
5115
130
2491
3246
4654
5155
2327
4309
404
4409
4940
1088
3302
4805
4209
4536
2486
2210
4791
1411
4233
23
3351
2203
1641
2734
1859
4241
1642
1880
1276
4091
1762
1704
4851
1073
2945
2177
428
3720
1012
1752
1125
1813
4930
0
5230
1746
2602
2598
2182
5126
646
11
2183
4687
2293
3649
4634
1666
2296
868
1804
2471
3280
2190
4788
4191
4236
962
13
4329
1532
696
3371
3719
4195
2315
873
1655
1141
221
2169
2331
1721
3476
2192
1550
1803
1868
2087
4747
2743
4977
4873
4562
2139
4537
1594
4759
2530
2121
4238
5242
5234
4249
3123
4408
4795
2245
1147
1600
703
2926
5221
699
1314
4401
58
3141
2709
1608
4884
896
4412
1722
4184
4087
2970
3081
102
115
5067
4074
3026
3184
3851
5201
1218
3829
3626
596
183
4098
1470
95
2499
1930
3161
1906
4125
3032
5045
5024
602
398
4037
1005
3100
1478
3539
1773
3250
3158
1398
3704
4075
4391
1302
171
620
4855
5117
1100
5030
3338
3050
1894
369
3058
3939
2966
3119
2553
3432
3441
3253
3307
4318
3312
3079
3999
3679
1194
3998
2729
3758
5013
1797
338
5210
368
4247
3415
2971
5065
3360
2540
3608
3453
3295
1304
3182
1279
2184
10
3475
522
1183
2244
3948
4756
3070
3686
5194
3362
3092
2477
2123
113
3437
3455
3363
5056
2129
1294
3056
5072
3064
3179
2999
979
1702
134
5229
363
5227
1713
1747
4150
312
4174
4301
353
1671
572
1614
2822
2152
3755
3790
3303
3833
1331
4786
46
4939
1679
4754
4578
1758
2208
2211
1931
1811
4784
4405
2138
661
662
1336
2628
3245
3046
3364
2215
1700
2196
1662
5085
1782
1127
4455
1821
4952
4495
3053
1819
1511
4348
2333
1277
4809
4175
4801
2917
1134
5124
1764
1112
56
2187
5023
2130
782
2386
155
2453
4212
2375
2787
4159
2670
1833
4686
1557
2756
2114
2014
1864
642
1709
3370
4380
4750
2189
4803
1710
1705
3462
2170
2179
4430
188
4458
1796
2300
2907
450
354
1619
4010
4931
2081
4924
5069
5028
1618
1801
3296
3449
1669
1639
4866
4880
4868
4100
2377
3953
2229
1582
2890
1895
5011
4878
4758
1444
49
4979
823
3203
2092
5093
1651
4182
3422
892
2166
2051
1699
1667
4206
2699
2175
2221
4789
1630
734
4308
2281
1877
705
3205
1458
3506
1412
3201
576
470
5238
2024
3264
1775
1825
3909
4963
4359
3621
4799
4685
4948
1520
4856
3352
3618
4300
3932
4816
4223
4735
2199
2290
187
3642
3479
4345
2857
2495
2800
4243
4217
1866
4792
4922
2951
4201
106
108
1244
1536
4239
1835
1567
1850
4303
1664
22
1896
2140
4961
1584
4896
4260
859
4645
1252
3811
645
4244
3237
3127
4752
4230
1301
1757
1843
464
471
170
161
4205
1826
4266
4841
4836
2136
798
2804
704
2198
36
1711
1768
1755
2660
1512
2205
2195
2125
813
4231
2202
4755
1646
2248
1518
1873
21
4207
1830
660
1421
57
4248
4371
1884
195
3189
1872
1636
7
1878
4363
684
2531
1863
2171
1883
1501
866
2364
1521
3752
1597
4955
888
1383
1029
900
2252
2432
4969
2635
1749
45
1591
1736
32
91
1785
1657
2019
812
1615
107
2239
4962
821
1046
3223
1647
341
3818
2050
5156
1271
1974
4219
4368
3482
4127
2155
5110
2148
2072
3464
3759
525
3544
4753
4628
1270
2891
4743
1759
1855
3324
3529
4671
40
2378
5149
1299
889
1241
805
1579
1780
2151
894
2099
3564
2388
5112
1049
4221
1976
1670
289
1740
1495
1789
4377
561
980
3425
4663
4530
4193
2325
3898
287
4216
185
5157
2122
1546
3435
3430
4506
116
2149
575
1415
2314
3400
3687
3236
1765
3281
794
481
4264
3212
1273
3528
4375
1161
4787
4971
1707
1568
1750
5121
4818
316
1517
1703
2137
480
2154
2150
869
4696
2007
3275
156
1716
844
1648
2193
2259
3849
1300
302
2538
4894
1509
3428
4278
4227
2016
3485
3690
4576
3278
2877
5192
5032
4131
3733
474
3175
5178
2260
3800
1861
887
879
878
3311
1173
482
3358
2153
1869
358
2174
8
487
1827
5033
1570
3678
1503
1824
3088
4168
3638
3505
2533
4717
1677
937
1875
3739
1581
2055
3747
1678
855
2632
3936
880
554
2384
1549
659
729
784
1791
1295
1701
861
4912
2124
777
1201
2346
1051
2159
886
1634
4234
710
1698
2061
4245
2100
4210
4208
120
1558
2577
3721
1769
1856
1668
4170
2197
715
2600
1269
1724
3503
1410
1547
2858
865
1562
4358
2111
3976
295
1250
4887
4587
3724
1674
3706
2831
4299
142
2115
1217
1867
994
2615
3130
5066
2899
5109
688
1563
2047
1805
4171
4196
4148
4203
1816
4179
3399
1899
4263
4146
4202
2342
1227
177
2053
4644
4198
4920
3746
2093
3493
192
4772
1847
3404
3819
3207
1799
1743
4422
4437
2185
67
2117
4289
4197
4218
738
4315
1260
4946
4328
3401
2472
154
4382
4302
3421
2483
4229
4242
3402
3472
4226
4200
4189
4251
4256
4254
1234
3444
2048
2683
4172
1738
5209
4306
3599
4515
809
3193
4780
2110
4944
1751
2534
952
323
1305
476
2188
4852
1382
3488
143
1043
845
1056
3900
581
1692
4339
822
2480
3516
1656
2911
1857
1221
3434
4871
3403
3438
4395
1848
1616
4898
2685
4842
340
2887
4183
1587
3543
885
5195
2131
875
4194
3541
3831
2835
4591
1592
1637
2681
2674
4139
2026
1744
4582
1590
2134
833
3742
4372
1860
3431
1494
2738
1844
4466
3600
2809
530
641
3354
1422
768
4748
3139
1338
2009
4167
904
1607
3357
2680
1901
2109
3486
1737
2116
1583
2141
867
811
117
4556
870
3235
573
4776
5233
810
930
4095
1230
1
3126
4393
2918
4967
2549
2424
4072
4667
1537
1858
230
333
3707
306
2126
721
85
4461
4543
853
3484
3812
5208
4678
2923
3520
2927
1661
1629
835
1691
181
3124
166
4389
1606
1617
717
3757
839
1561
129
4741
3754
4353
357
1790
3787
690
5182
5250
3879
1266
4724
856
3419
4965
174
1332
5019
4870
938
3820
1767
4613
1392
2286
2194
1684
3221
1215
2656
2593
4716
4552
2625
3122
2120
562
229
2739
5184
4723
1409
609
133
1645
1729
1447
2597
1399
2355
3832
2735
1823
1828
872
2546
3788
4487
540
4760
691
441
926
5094
2744
5159
3283
1515
4604
3284
1097
4797
1380
2369
73
1990
3763
4751
1445
1117
1820
2998
1229
2033
2627
3844
5216
1902
1673
1441
2082
5167
1284
2201
818
3412
1496
1800
5108
1575
4297
4932
3750
317
44
3068
4361
830
742
2106
4068
550
779
2539
2997
3952
2630
328
3729
2017
2610
2321
3216
2714
1454
2590
1712
1611
2338
3842
3457
4397
4432
1776
4083
2086
2892
4858
5012
3627
1696
808
2719
2132
747
34
4402
1580
2128
3080
890
1571
4794
1652
219
1829
1818
1937
946
2969
884
4288
4370
1924
4935
796
2113
1058
4702
1465
3980
4729
797
2060
30
4386
1723
3118
2186
78
1870
4293
325
4459
3873
2801
708
236
2143
4731
1687
829
2180
110
104
1589
1862
854
1706
803
2075
4448
2101
4676
1451
1574
1226
4733
908
4802
1897
2726
4298
898
1832
2295
2363
4727
4410
33
2908
4374
2672
4811
4739
190
2298
1573
3478
1047
4373
745
210
4598
958
1251
208
4749
2607
4343
3289
3943
336
802
850
1588
2278
2326
2749
3611
1572
4396
2144
2107
804
807
902
1569
1545
9
793
2335
4705
4710
4607
1050
2544
222
905
1992
3551
2145
4387
4697
2013
1208
1315
689
4564
1275
1719
1665
2349
1659
4164
4494
4688
2249
2305
4443
2023
4740
4551
4793
863
838
1621
1714
2021
4899
1635
716
4734
168
2067
4640
2667
2094
4479
1697
814
1998
2035
1787
1223
1613
4417
4736
2306
1542
4643
1424
1387
3740
3098
843
1809
669
2669
3941
4570
2054
1898
4665
2751
4700
3473
1944
159
1306
4690
3136
2044
2091
4
4742
4413
4709
86
1788
4694
3531
2273
4683
2089
4730
2671
4460
4719
1739
1690
2686
1837
2020
4480
4618
4457
1593
1035
858
1983
1222
313
3206
4693
322
1055
547
1807
4319
1991
3782
5231
827
2392
3762
4636
2330
4682
4007
2043
3855
1021
1072
2059
5008
3392
4176
2623
828
4726
4720
4713
4725
2746
4707
4701
4662
4732
2682
4352
4630
4392
521
4689
1839
4673
4633
4712
4715
4311
1243
4777
4691
1900
2066
4708
4305
2684
2332
2556
1766
5180
3306
840
4341
2668
1119
3191
127
4507
3254
2821
4679
3589
4775
4746
4071
4070
4553
5077
2741
4666
2673
2750
4721
4680
4714
4674
4477
4737
2747
4695
4656
4675
3545
4655
3547
2652
4762
5236
4647
4722
2725
4453
4398
2226
3276
4648
3569
3490
2581
184
2358
3766
1203
3036
4957
1946
1772
4101
4653
1350
3353
961
1131
4462
1845
2990
4937
2084
1585
815
3629
4296
4478
4660
4659
4661
4646
2679
4669
4670
4465
1936
4684
4433
4626
4652
5253
3814
944
211
4612
2745
1548
205
3463
5147
3369
114
218
2103
3274
5214
1831
4632
3938
3282
882
2651
3459
1438
3838
4379
489
501
536
1795
3974
3202
3537
4528
3008
2773
4854
3783
4650
4681
4677
4508
4456
3265
4627
252
4314
4623
4525
4672
4807
2119
4642
3910
4639
4766
5160
3548
4290
147
4631
4813
5217
4347
4885
5163
1015
3918
2760
2925
2799
2373
237
3151
5081
4575
2761
4474
2845
1735
5173
2636
3336
899
3429
4383
4959
2878
5148
4438
4594
2748
4635
4312
2732
4625
4637
4589
4436
841
4355
4284
4738
4649
4425
5158
2742
4467
4454
2348
4294
4602
4385
4534
4469
4546
4658
2810
1777
4475
4565
4468
1202
1885
1014
1694
226
3897
198
298
4143
2547
112
178
160
3075
5162
4120
4502
2466
1054
4452
4664
4313
4638
4621
4390
4668
3573
4545
4599
4428
4349
4423
5200
2076
305
1209
945
4442
3619
4518
2362
4497
157
1598
2102
4567
206
1919
4104
2978
4416
2135
2798
2879
1695
4344
4038
4590
1420
1806
118
121
2513
1786
4304
4584
3287
2343
4470
2832
4378
4624
4426
1048
4444
2387
4561
4651
4597
4629
4619
2731
1499
50
4357
4596
971
310
3780
4592
4354
2158
3546
2292
2374
214
4819
4796
3456
4610
1968
5211
15
5243
3722
2700
4118
3870
5252
4586
1129
4611
4605
2551
465
169
320
1846
3711
3440
3552
735
4322
4609
4394
4608
4617
4473
162
4620
4615
4491
4451
4600
4622
4579
231
199
4641
4585
4581
4445
4441
144
3368
5183
4593
4568
4450
4824
4548
282
300
4420
4346
5228
3886
5206
4493
3568
4531
4350
4364
109
4595
1102
5175
27
4549
3858
5199
978
4291
5186
4580
4316
4449
4569
4447
4434
4606
4603
4563
5172
4532
4424
4601
4516
4574
4588
3802
4472
4324
4535
4435
5150
4526
4431
3785
4583
3836
4292
3559
4571
4555
4335
3624
84
4523
5240
4484
213
24
3411
4500
5239
4384
1037
4340
5219
4342
4521
4527
4427
4463
4407
5223
4486
4485
4560
4499
4539
4498
4511
4520
4517
4482
4510
3808
4483
3784
3797
4509
4540
4529
4812
4538
4496
3786
3801
4513
4489
3799
5164
4283
5203
3671
4411
4505
4501
4519
5161
5168
1793
5225
5220
5204
5170
3841
3696
4464
4800
4360
4320
5248
3549
5193
4367
2715
3809
4524
3576
3577
3825
3560
3810
4406
5176
5179
3845
5151
4404
3590
3804
5174
4514
5224
4376
3874
3895
3565
4744
5190
3856
3249
2000
3330
3631
3367
3691
3718
5244
4763
5181
2909
4334
3622
284
5177
4323
2045
122
3222
3634
5187
5241
4135
2723
5169
3791
939
2164
3655
3540
3805
3672
99
3840
3853
3554
3561
3708
3827
4503
3644
3656
3738
3710
3692
3850
5152
3341
3248
3731
3293
1044
4838
4321
4381
3830
225
31
5026
4282
1207
3883
4399
1045
3242
3309
3865
4126
3183
3266
3699
3377
2357
3848
3843
3426
4973
3859
3826
3527
3526
3580
3525
3664
3770
3709
3673
3553
1010
3570
153
5020
68
4188
3680
3877
197
5196
3096
124
5189
4065
4113
3252
173
3263
2299
4926
4017
3542
1943
4140
5249
3761
331
2792
2347
311
820
301
4974
3695
2108
4975
2039
1688
3220
4054
3038
1041
780
3591
3694
5165
4388
291
5042
3674
3756
3657
3736
3760
3697
3579
3693
3715
152
3361
2097
2307
4764
3298
2083
5202
2157
14
5251
3864
3861
5247
3256
123
3487
1199
3452
2319
877
1087
151
2993
351
5103
1840
4943
3934
1612
3571
2812
3646
3331
2041
1834
4356
3566
3744
3524
3366
4916
3620
2847
3410
3745
3772
3592
217
4504
3727
2736
940
29
294
2162
3973
65
223
2064
3817
3633
4928
5255
2095
3885
3418
936
4906
3705
290
2678
3607
3625
3555
2161
3450
3677
5185
3581
3700
3536
2163
1019
3796
2008
4768
2070
3735
2337
3676
3082
3597
182
103
3632
3753
3609
3585
4765
3639
2793
4947
3636
2777
119
2690
2854
3887
3349
3584
3771
4415
4929
28
2852
3460
3247
3593
4063
4002
3255
3933
2820
3652
337
3956
990
3397
3954
2796
2776
3329
3373
3867
3163
3342
3116
3197
2767
2104
3420
172
3563
4976
3416
3598
3378
4761
3359
5212
4137
2096
4981
4982
2826
2722
3382
2906
193
5213
3823
4933
2924
4822
3113
4769
2841
3878
3617
3269
3945
25
3902
2057
4964
4040
4327
5246
3515
5235
3923
4103
2762
5188
2727
1908
5191
3345
2889
3268
3946
2774
2701
3238
2693
3346
3947
2805
3234
2797
3606
3343
2846
3290
3251
3616
4080
2900
3872
2665
3950
3535
5198
3807
3623
3270
2785
3227
3396
2813
2916
3097
3225
3648
3905
3889
3233
5232
4107
5143
3962
26
2775
1216
5205
2815
4285
1205
2383
778
3305
1184
991
2853
3875
3241
3224
3891
3970
3277
3228
3217
3347
5218
3884
3335
2823
3806
3474
2657
3944
3334
3258
3906
3316
2827
3588
4767
2754
3350
2697
3751
2780
2778
3470
3518
3866
2165
3935
2662
3658
3647
3557
4134
1893
3230
4092
3146
3320
2939
3297
4066
3443
4949
191
3794
3894
3828
3451
3899
3888
3846
3226
3837
3328
3499
2897
3896
4970
2819
3880
3317
3340
3967
3951
3327
3260
3333
3332
3120
2691
3374
3764
3628
3300
5207
2849
3893
4913
3860
4016
4061
4109
4888
4181
3288
2888
3963
3768
4106
3955
2704
3285
3492
2988
2789
2689
3966
3922
3218
3135
4326
3215
2844
3308
4338
3903
3940
2650
3383
3795
3219
4078
3314
3988
3273
3728
3643
3610
4277
3917
3743
2753
4090
3512
4853
3538
3326
2718
3498
3495
3214
3959
3987
3436
2724
3509
4084
2850
3155
3145
2934
2808
2730
2710
2766
3339
2713
4941
3604
3259
3294
3315
3232
4956
3919
3304
3901
3301
3975
2829
2843
2764
3659
3723
2695
4034
3272
3916
3689
3534
2645
3017
3989
4988
4998
2814
3239
3379
2980
2696
4009
5048
4089
3769
4099
3915
3732
3765
3986
3688
2952
2661
3982
3702
5039
4093
2755
3928
2752
3052
3615
3668
3779
3574
2663
3313
3907
3533
3229
4001
3138
4999
3143
3587
3067
3991
3133
3981
3978
3714
3957
3117
3651
3961
3321
2807
3717
3170
2866
3040
5245
3949
3480
3049
2834
2788
3993
3385
3386
4116
3165
3650
3912
2979
4060
2987
3055
3093
3698
3000
2698
4096
4817
3983
3018
3713
3134
3149
3767
3483
3137
4076
3144
3387
3725
3969
3911
2664
3774
3965
4055
4041
5171
4004
3914
4081
4129
3773
3630
4030
3152
2994
3086
3028
3994
2910
5144
2989
2943
3863
4105
3661
2840
4006
3726
3517
3021
2830
2902
3129
4003
3384
2842
4005
3663
3160
3121
3176
3076
3703
3132
4011
3931
5140
3684
3115
3662
3924
3148
3159
3131
3153
3990
3114
3985
4086
4064
5142
3168
4112
3984
4015
4042
4000
2867
3019
4142
3204
3602
2992
4365
2779
4077
3187
4117
3992
3211
3481
3099
3156
3925
3198
3101
3045
3930
3395
5130
3929
3157
3979
3125
3162
3177
3147
3199
2647
3926
3171
3995
2991
2901
4141
3181
3142
2865
3172
4094
3997
3016
3169
3208
3128
3015
4082
3186
4052
2995
4128
3665
3167
4121
3996
3793
3381
3014
3188
3013
4045
3196
3022
3106
4102
3200
5131
3150
4114
3194
4048
4062
2996
3190
3192
3195
4012
3185
20
4013
3173
3927
3091
5128
5139
4097
2986
4369
3164
4119
4056
3496
5141
3012
3104
5095
4136
4014
5118
5116
3394
5102
3489
3497
5132
4124
3042
2893
4337
4280
4029
4058
5125
3469
3502
3047
5134
5034
3514
4025
5137
4821
960
2838
4088
4018
3043
5106
5092
5133
3048
4049
5101
4021
3477
3039
5135
5096
4051
41
4177
4050
4879
3029
5076
5127
5113
4036
5104
5122
5090
5044
4934
2765
4864
4024
5088
3511
4028
2894
2757
3398
2770
1500
3030
5017
4027
5055
216
5063
3007
2982
3037
2658
5082
3011
3393
3154
2981
4840
4023
5111
2717
4863
4026
4020
5079
3380
3166
2675
5021
3005
2803
3003
4945
2703
4994
5047
5062
4032
5035
2915
2883
3010
3004
5073
2984
5052
2784
3504
4882
3105
4850
4147
4893
4019
5049
5004
4938
4954
126
5046
4992
3501
3031
5018
5123
2863
4281
5068
3140
4859
5016
4960
5059
5031
4867
5005
5014
3108
5060
5078
4918
4980
4144
4919
4862
5010
4966
5061
4900
2289
5053
4986
4923
2868
4166
2721
4917
2794
5040
2769
4958
4927
5051
2772
2898
5075
2791
5027
4826
4832
4950
4897
2885
4865
2646
4892
2816
5036
4187
4192
5009
4908
4910
4909
4860
5058
5037
5100
5054
5071
4861
4972
5022
5089
4911
5041
4145
4951
245
3109
2851
4978
4985
4991
4995
4989
2985
2802
4848
4849
5003
288
3107
5002
4984
2366
329
4993
2848
283
4996
141
2860
315
125
2983
4847
2930
2758
2367
2914
2786
2781
3057
164
2872
293
1026
2905
2912
2933
2381
2836
2922
2947
3089
3595
2932
2790
2940
286
2160
326
3513
5001
2370
2873
321
2896
128
2379
2385
2861
2921
132
2659
111
253
318
2929
2390
140
3094
308
2398
2380
2763
1013
2920
76
2324
2913
2871
3027
1033
2828
2942
2870
163
176
2884
332
314
3110
2904
372
2973
2880
2954
2950
2782
2876
2874
2953
2948
2928
2956
2957
375
2936
2759
2825
319
307
309
3083
2855
2944
189
512
2903
2960
2955
204
2550
179
516
2372
200
330
371
2864
2580
139
2824
2961
2949
2963
2965
2958
2946
343
2941
2964
352
2962
2959
324
2974
355
344
279
196
334
350
2862
335
342
2395
3061
2371
2396
270
88
138
514
2555
303
201
1286
1020
1367
942
1605
2425
1335
2257
374
1603
2088
2560
1001
2079
1204
995
789
348
261
267
2090
2376
2234
2098
934
2394
1018
947
268
2071
266
98
2078
2085
2080
194
1237
2065
1886
954
1467
1543
2541
906
2074
513
907
1128
1778
271
1053
895
1163
970
2708
2256
2322
2253
349
1626
264
463
1599
1945
1007
299
1452
1507
876
950
2105
1781
2063
951
2073
2058
2062
1887
2069
806
1917
1233
1185
90
304
1890
1933
860
2025
901
871
1228
2705
2220
1950
2012
360
1577
1959
2030
1802
1071
881
754
2712
1108
2317
941
891
935
1681
842
776
454
656
732
1425
1116
791
1115
101
87
1999
1188
2034
2032
2056
2011
1876
1057
1865
1195
2002
1490
1892
1891
1915
1689
2514
2320
910
846
1449
2439
2312
2360
771
2629
1541
1578
1430
2040
728
1084
96
770
1586
1966
1224
2613
2516
1921
1903
492
1625
1544
1779
1136
676
1023
792
929
1349
1969
2010
2029
1975
2028
2046
2038
2042
1874
1720
1904
1841
1715
1852
2005
2018
1871
1913
2565
2022
2303
1935
1888
2589
2591
1566
2004
2393
903
2329
2341
2599
1527
917
1972
2003
2037
933
1965
864
963
931
786
982
998
964
2365
1359
774
911
1348
2368
2015
1940
1210
1190
1189
1446
1951
781
1923
1905
1979
1889
1964
819
1239
1918
1096
955
785
2558
1960
912
2606
2609
2285
1192
915
1093
1436
1114
1238
296
1357
2566
1980
1954
19
1008
1240
1985
1981
916
647
2557
736
763
260
1366
1079
1836
285
1504
1914
1996
2001
1967
1916
1952
2350
1957
775
1995
1953
2006
2173
1193
1247
1956
2548
1212
1849
1987
97
1978
1989
2532
1257
359
1265
1089
92
1274
1977
1280
2612
1912
1997
1283
1948
2545
1958
2620
1255
137
1309
2561
2570
2634
1463
1104
1262
1281
1466
1962
1941
1932
1961
1971
1955
1947
1938
2578
2588
2616
100
2611
2618
2637
1094
1272
1287
985
932
1254
1059
1423
744
790
2564
1282
2552
671
2617
1291
2619
1297
1264
2582
1296
981
1313
1278
1074
909
2236
2579
2631
1293
2622
670
1027
1288
913
722
1358
2567
956
967
1248
667
957
1235
2572
1219
2614
1298
1911
925
1303
1231
2542
1009
1164
1249
2568
1942
1098
1103
1214
1118
1090
727
681
1036
297
1024
1292
2638
1256
158
714
1727
2886
766
760
759
1139
1135
726
680
2605
1261
677
558
1143
857
280
928
1122
1258
1259
1002
966
1337
702
640
1794
1099
975
992
927
2603
2571
1091
1763
750
2573
1080
987
672
2594
663
1289
1225
1106
493
679
1156
922
757
1290
1092
1232
495
2583
1078
639
2574
2218
720
1011
1285
544
2596
1159
1339
724
2535
1154
731
2576
1158
2569
2563
706
2543
1113
741
1140
1039
2586
1028
1311
1151
2562
1105
2575
2608
764
737
751
986
664
719
743
1146
678
1157
2585
553
1153
1346
674
2536
851
2587
1343
2559
1461
1817
1748
918
649
555
1003
1160
1347
713
1145
1148
1198
1312
988
675
638
959
1004
739
2554
1310
648
1155
2595
772
733
2584
1372
637
1085
1149
2601
761
1165
1065
1172
730
1725
1121
852
1267
1168
740
1307
1061
1167
921
1152
1469
756
1361
773
1909
1472
1142
423
605
1236
723
1365
968
977
1360
523
259
1345
1006
816
658
755
1734
1344
373
1220
1171
1150
1133
583
1319
837
1379
989
1477
524
1120
836
364
517
1308
1101
548
564
847
825
434
580
486
624
560
1388
1926
2515
1522
1175
1316
969
422
848
444
1683
1440
265
1480
617
411
1920
1774
1726
1355
654
585
1492
1137
1334
556
1356
383
1111
655
263
1456
384
657
570
1363
1455
1397
2523
574
1486
539
520
2391
1369
2509
445
831
469
410
1066
718
462
377
94
537
1389
1110
1170
1491
593
1519
1513
473
382
571
262
568
494
549
534
1386
1377
1328
559
563
1169
579
557
519
458
1408
545
546
1174
409
424
2223
362
1471
490
485
1419
972
1396
1373
378
2216
1414
453
1434
484
1505
412
446
1376
518
1166
1482
356
479
601
526
1435
1481
653
381
1082
2250
394
475
1413
591
597
588
824
274
586
1340
1179
429
380
483
1182
1351
426
447
408
1417
1394
584
541
435
461
395
531
436
1353
532
425
449
272
551
459
633
604
1407
413
635
1069
567
1754
439
1405
1538
608
488
1341
275
1381
1384
1086
1070
477
538
1352
379
636
1401
1390
1404
1393
1068
1406
1385
500
415
542
623
533
535
628
396
1403
543
393
1402
498
607
491
632
613
2504
392
385
589
1400
456
417
615
1322
448
388
506
2
457
407
2246
2644
440
612
622
2519
2527
1416
629
618
611
619
414
387
625
406
418
416
389
603
626
634
1321
631
627
610
529
1418
616
606
427
391
528
390
1320
452
2526
2529
496
397
401
1510
1533
497
1529
1484
503
399
1488
400
1479
2510
277
1453
2505
630
511
135
1442
505
509
787
278
1448
2406
2507
2457
914
2508
2443
2416
2503
2511
2451
1459
405
2465
2500
2470
801
1428
1474
403
1450
2485
2473
2334
2429
2258
507
2446
1476
2420
1439
1426
2405
1464
510
2271
2434
1475
1460
2411
2415
2272
2461
2336
2243
2442
1485
2291
2481
2402
2494
2456
2452
2458
2487
2467
2417
402
2445
2447
2460
2478
2323
2421
2490
1429
2488
799
2288
2276
2479
2284
2498
2344
2328
2438
1565
2455
2264
2302
2277
2353
2266
2339
2310
2275
2351
2265
2263
2428
2449
2262
2484
2409
1432
1576
2345
2441
2413
2267
2352
1431
2414
2408
2475
2297
2454
2407
2419
2401
2270
2283
2427
2403
6
2462
2448
2468
2423
2268
2422
2450
2426
2436
2459
