75
96
302
97
64
87
65
298
276
312
81
305
292
19
80
86
18
279
288
281
2633
2629
308
3144
108
3117
3159
282
98
63
1164
289
3118
5597
311
5588
5593
293
1110
2632
314
2627
1718
1771
3132
2920
266
47
1148
4740
5293
1137
3155
3416
184
2636
4731
310
5159
283
7
183
4267
4270
1779
3090
2631
1120
1141
1770
291
495
1170
299
259
4153
2913
474
2960
515
2642
472
500
1703
309
439
5598
1159
2957
4418
443
3167
3116
5148
4281
263
4419
1283
4433
2950
3680
4148
505
1290
2964
4744
5302
3944
5846
4422
74
3902
1715
4751
1151
45
1173
1351
1298
332
4138
1697
1442
4763
5592
4732
4352
4757
95
4473
2914
1441
5306
1113
4772
3160
2934
1112
1111
873
4723
3581
1772
1370
2407
4077
5927
1491
4430
4742
2232
3548
4076
1497
1698
441
267
1117
2626
2857
3903
2236
3584
5212
507
2211
1428
1680
436
510
4403
2480
1454
3674
2862
4354
5606
1358
1165
4251
1694
5836
4410
5145
1786
4794
5195
3332
4726
2956
3290
4446
1802
4323
4108
4445
4444
1566
4764
939
6003
1153
2854
1717
6012
5152
1734
1459
866
4546
5796
5589
561
5860
783
1721
4412
4355
4351
4405
3165
1357
1416
3438
649
3499
591
4397
1344
4378
1160
2869
1573
518
4777
4725
658
1135
313
4132
2068
1429
1219
3406
4773
761
2884
5784
1430
1116
2775
3196
127
1456
2249
1221
5515
1462
2217
5358
4246
3760
468
2369
3331
5792
5941
5317
760
5203
20
2782
2226
168
5842
4349
3424
4366
569
5932
521
2275
4485
2927
3138
4482
4402
2312
1488
2833
5776
5186
5194
5793
268
5365
5788
5782
2623
568
1597
1367
2016
5683
1184
1142
1339
884
1118
4285
4431
1595
1727
5858
1253
3042
1452
2946
1714
786
1185
1212
1372
1588
1662
3797
3953
1704
2879
2186
940
4358
1657
3401
2459
4347
3486
5692
3855
1776
2256
2651
1252
4384
557
2468
3469
4334
122
4151
3470
1466
1446
4702
4160
1133
876
4572
5922
1251
4878
1766
10
4866
182
4901
2692
4876
5557
22
454
2091
2058
4989
1011
2112
1997
4888
4917
5103
4339
1019
944
964
6093
3757
2573
2000
408
4842
4931
916
985
50
2061
5655
5044
1831
3209
4899
4916
3395
5503
2674
617
2086
4830
2104
980
976
2570
5749
5554
1998
5528
4981
208
1830
247
5663
4911
4856
5667
4987
4886
4889
4895
5497
5645
4907
990
1966
4926
5527
4919
4913
4921
2074
1910
549
4690
746
5608
133
4898
4013
4011
2975
2985
4942
672
1894
979
5676
2608
2603
3964
4990
4834
4835
3104
5447
1719
4890
3980
5935
5661
78
1870
4714
685
3303
4857
4737
2974
3999
4872
4877
4853
4855
4867
1901
2639
4918
4272
5418
4925
5086
4212
2050
2138
4933
4958
1749
432
3973
1914
4829
953
5329
5325
5313
3911
2688
2670
3136
1938
5114
2001
4674
1702
4293
984
992
3624
1554
4063
3949
2616
5666
5549
3556
399
3758
1931
5045
69
1915
2581
2640
24
68
1610
2035
1935
1965
1963
2621
70
4883
3172
3173
2781
1071
2815
3197
3423
2736
4766
5522
109
4420
4475
2966
3850
333
6018
3856
2888
1068
5320
307
4459
3865
493
5360
4468
1722
3335
2358
4801
4816
5068
5523
5791
4048
271
2076
2257
416
2773
2245
5517
2326
2887
5601
910
2267
5337
511
2259
1073
1561
1660
4458
2871
2306
5330
1736
3199
5669
5748
1921
3119
947
3210
426
4362
4191
3343
991
1701
2154
1960
5759
3115
2048
320
2677
4116
1932
2976
5156
2283
4213
4859
3936
55
3546
2374
1999
3295
3301
3292
2005
1871
2630
1587
84
3228
937
3026
5039
5976
1896
4194
2067
525
3880
1883
5829
3938
4828
945
4002
3997
5374
2665
4622
395
963
4318
1950
2115
2669
6078
4552
1885
1908
5848
5845
4805
1850
2691
397
4894
4905
401
4910
4906
1745
1764
3907
1767
2689
2483
2286
3352
4208
4991
4266
5529
2124
1875
5584
4691
1956
6057
6067
3271
1917
5537
5111
960
3251
4686
1884
4975
1906
4284
1001
2123
1613
2054
1893
3627
5371
1576
1579
4944
1886
1556
6066
2707
1763
1907
5510
5058
3555
5656
5637
5495
5489
3691
1150
1538
3358
3146
5484
2118
3283
3277
3583
6060
5143
3031
3005
4408
5722
4583
2984
5327
5412
2126
3515
100
588
3594
3148
2403
3922
913
4514
39
5431
2574
3099
5675
5912
2132
5249
6063
4269
2069
353
5963
3813
2199
5558
1826
4728
5178
5366
5314
1957
6055
3961
3312
3152
2084
2098
5534
2053
2967
2582
609
5866
1755
1752
6005
584
2572
2715
3015
2562
3965
5693
4915
4019
1234
5115
3561
1996
531
5649
5923
1323
1991
5438
2538
4062
1437
1940
1227
4912
2376
1063
5742
2114
2128
2178
4729
3974
5539
1900
4827
2585
5101
2089
5011
1929
1902
5240
870
2015
853
1287
4782
4361
5951
4615
5901
5188
4455
832
3798
1327
837
2559
4633
1190
106
4988
4093
2475
3596
3701
2030
28
4336
5817
1475
1562
1399
4476
1400
5614
4379
3506
2060
94
3419
879
4020
1167
2009
5193
1928
5609
46
3862
5582
4127
4819
5220
1496
809
1182
4383
5067
1131
1187
3889
5001
5906
1936
2040
5798
5612
3371
1933
1878
2341
4461
5815
3888
3705
1742
1867
1930
250
5093
2109
2580
3668
1314
5875
5865
6071
200
4624
5563
5321
4858
4896
4006
1862
770
2065
843
4404
3592
2101
2586
4673
4014
3886
821
31
5345
4015
4545
4283
2032
2085
4708
5343
5856
2047
1861
4670
4008
1942
1876
5300
4869
835
1990
3996
3995
2661
3887
2679
148
1844
2049
5547
3726
3359
2239
9
2079
3110
2018
5018
3656
5826
2744
4202
1335
2589
2777
3623
5347
3373
3833
5625
1624
3765
4182
4544
6094
868
1797
5664
4612
3041
3935
1687
684
4154
2797
1791
2983
5376
3473
5805
946
993
5144
4897
4870
3002
3933
2575
1905
3153
3156
2753
5560
6042
406
5131
246
4585
2600
2584
5769
4386
3819
99
422
167
3630
4784
5200
5878
1240
1555
3985
5770
4012
1007
2786
2723
4548
132
5552
3879
2595
1543
600
895
5304
2597
67
1709
1895
2201
1689
3718
5680
3532
362
1046
4017
2092
2993
3372
3193
3934
5682
1544
5546
1887
1003
4707
425
4010
3530
4735
2055
4754
3218
4026
4676
3634
1877
533
3192
5063
2462
2702
5964
1520
5974
3282
2145
2535
4022
480
386
3183
3113
4563
987
3394
5657
3662
3216
3142
1754
4244
2351
2448
3212
2439
909
1499
3541
1948
4705
4961
163
3667
1686
4689
3731
2710
1774
2536
3215
903
3384
898
512
988
4555
1860
6086
4718
3700
1726
2261
1856
3211
3806
5559
5017
3063
3360
1053
5340
3044
5514
5509
3302
1574
3619
4722
3030
771
2066
1773
2135
5051
3111
4788
4796
1296
4684
1923
3127
3386
1924
528
3129
3368
4176
2925
2033
4752
3508
3975
1524
5890
3719
2583
1559
4733
2986
4957
3195
2129
3298
1869
3266
1616
3593
3296
90
5395
2637
4641
1025
2558
3062
1590
2003
5883
4068
1710
2408
3534
5241
4426
376
357
2481
889
1014
3258
1806
2576
2063
3434
2701
5030
5977
4706
4948
3495
2108
5341
5586
4496
52
2678
3287
4092
5089
1789
3068
3708
5486
4280
3894
1316
1691
2844
379
1913
5924
59
3525
3666
3230
4695
58
3220
2388
3699
1801
3166
654
2173
1292
3931
3452
532
5153
4070
4589
4713
144
5079
5085
2598
545
6046
5638
3709
1627
962
4562
3004
656
667
1690
1591
1995
5331
3777
3941
927
180
4648
4697
986
1307
5208
2166
5451
4969
1100
53
5060
5513
3232
4618
1897
1863
6045
5869
2612
143
537
5648
4580
558
3783
2588
429
3219
5526
3827
326
4165
2179
2747
4301
1568
1819
1337
3885
826
3789
3959
1720
3247
4274
2136
3243
5568
961
2668
3120
4629
3381
1514
3463
3086
4016
6068
3988
2130
1890
1891
3872
3509
261
4309
3711
1304
4327
3913
4001
4489
5108
4311
2729
3815
5781
2594
3930
2561
3378
6058
3834
5686
3994
3480
2125
3633
4710
3376
3490
4448
4264
5432
5377
772
366
5007
3669
60
5419
2542
983
381
3769
4331
4254
523
812
660
5413
5670
5507
4769
5307
2917
4310
5618
5811
5000
3824
3181
562
5059
3022
3263
1541
1580
4549
342
969
4712
5475
32
3194
40
5338
2140
365
1081
5105
3939
5401
3308
3664
2599
5104
1198
4595
5407
1130
5348
902
3094
3820
867
2472
4007
3694
4167
1032
2977
3518
4036
5021
3750
768
5029
5915
4634
5027
4333
2037
2730
2022
125
3655
1984
3649
2083
1705
6056
3861
1047
1874
2392
466
5778
3632
3620
4831
2634
1026
524
3498
5390
4359
3235
4755
5916
924
5702
5048
3421
3743
3233
1064
3658
3531
2682
1024
3643
1889
3176
3241
1599
2348
3429
4180
156
5031
2141
4558
1477
5760
2529
4978
33
5396
5455
1708
3932
3479
4024
4885
631
3874
4807
4302
319
2592
3746
2209
2601
538
4668
3752
555
160
4711
2549
2168
110
4027
2596
4203
1947
3998
1818
4693
2566
3869
1853
4808
5942
5081
3006
5469
4781
3259
3262
4279
3024
5176
5650
4610
6002
3523
102
2183
4161
1266
5574
3608
2705
3036
3255
2865
3009
2930
2039
804
1453
2699
3744
2064
3992
2355
1868
5460
5385
968
4069
3223
3236
5370
729
2533
2604
2274
797
4507
3751
1989
2210
522
4164
2507
4694
792
3029
5462
1700
5443
36
3237
2569
3484
957
4862
3008
5087
1849
4932
1810
956
5696
5263
4749
6021
4170
5299
1843
877
1
553
322
3650
5483
3293
3231
3574
3324
3924
4655
1023
1079
3125
5874
613
5056
3745
3893
4902
4900
3784
420
5422
5623
4193
2712
3003
918
5099
3185
3112
5400
5
659
5467
5476
4893
1899
4864
2531
5785
1348
2988
1054
5102
5070
4741
3149
5859
1356
391
5953
5097
4035
4646
2734
4637
2671
5580
3001
482
5520
1207
1315
4168
5679
105
2102
5632
1216
3897
4960
2390
3547
858
886
121
316
4671
4508
2405
6065
865
4299
181
4656
4504
5605
363
5369
5065
4273
4071
5453
4073
3551
3056
303
1104
5624
3491
3843
4825
4984
232
5333
3504
3652
5861
3032
5098
1746
5492
5660
141
5729
5201
5971
3990
2520
5006
5530
643
1737
3485
5622
185
2504
3732
5772
2175
5695
6040
3085
1020
965
12
1879
3853
88
2320
3000
2577
2587
5262
5095
1473
1209
5573
3544
5684
3519
2023
4908
1987
5478
3114
3562
2997
5014
3028
5032
1848
3526
5536
1866
5697
1881
4636
4195
576
6027
4815
3139
5548
4601
2776
3611
5033
5758
1904
1655
5639
5446
1608
3038
2487
4847
5339
2113
4392
653
582
559
5983
608
3778
5485
2265
3609
2180
5701
3739
5862
3859
392
1824
4630
4681
5834
5833
5480
5452
372
5461
1912
5465
4581
5375
3891
5448
6037
3054
2681
1857
4617
5442
2666
4914
1841
4371
3240
2995
3923
1057
5433
3280
780
1042
3524
4044
5564
2998
3564
3686
583
5521
4556
3077
5110
2345
1846
5599
5602
5175
5334
5871
2139
4538
2987
1647
2147
4159
2387
747
2021
82
3549
3520
3186
748
5454
117
5473
5491
5477
5471
4554
3057
4075
5470
3188
5482
5463
5459
1852
4072
3021
3890
3521
4553
5123
5180
4934
5490
5626
4943
4982
3986
3767
5466
5444
587
958
1075
5479
4967
3912
157
5100
3841
3297
3782
5570
2992
4599
5955
5318
4644
4976
3483
3137
896
2027
2463
2624
1161
3828
1842
5468
5456
5458
5177
5435
5487
4588
3010
3374
3047
5140
2513
1052
5876
1494
3449
3626
4040
2564
285
2523
189
2728
5197
1583
3882
4291
1723
3558
5665
4064
4665
3657
2544
3087
3826
5278
129
5028
145
3260
5410
1309
239
3320
1310
2745
5816
5934
3908
3796
301
3430
5053
4082
296
4288
5389
2931
4201
4575
5362
5631
286
2720
2755
287
2738
3895
3217
955
44
4756
5887
4663
3665
2748
5052
5841
4657
5979
3727
4688
3854
1320
1238
3942
56
216
4188
2979
4196
2317
394
665
5112
3397
5962
257
3091
3033
1640
5349
501
5703
5015
5125
1379
1865
5610
769
959
2029
5981
5126
93
2187
3435
4209
3981
1829
1018
674
3018
4677
204
5322
1781
2602
5852
4621
5295
3250
5877
5819
4591
2563
5885
203
2031
4687
1916
4178
433
2397
904
2981
4141
5946
3940
3494
5472
2419
3453
354
3285
4287
2276
3740
5724
5132
3214
6049
3607
5309
5414
707
4487
3013
4792
1553
3704
3982
484
1593
2839
4275
3256
2970
2973
3035
5740
781
5873
4955
2255
6050
3083
2530
3254
4659
4152
3660
846
4795
3983
3822
3898
5122
5434
5985
3264
5298
4513
2415
2994
3951
152
2059
5806
4839
1665
5437
5426
6043
1361
971
5046
4654
5907
2539
4189
3234
2152
1048
2202
2203
3851
966
1049
552
1480
4594
5634
1050
571
3431
2635
4385
890
5689
3505
5427
3175
5450
3012
5752
2990
905
1038
1033
1030
1036
4826
4880
4799
5879
5439
974
3190
3425
4557
42
2043
3645
3025
787
3597
1840
3072
3145
2389
5020
3637
5116
4421
1521
5640
5133
5731
733
1575
1279
4675
874
4179
4034
1817
57
14
3715
808
5445
2579
217
3582
3679
644
3288
149
1039
3464
5773
779
1230
875
5423
5541
1061
4651
5757
5436
4571
737
5388
5807
1008
3108
5406
1545
5150
5821
4852
2380
2662
2295
128
1067
3550
3080
5954
4884
5009
3647
755
3310
4813
1217
5651
1911
6083
3681
0
5710
3654
5382
3776
5987
5172
2721
2352
5635
5980
2735
936
3011
912
1445
822
4356
1058
5687
5672
4881
5732
5994
3076
1693
3957
3807
1044
4865
1210
3213
5967
3539
3103
2119
3651
1242
3093
893
5652
1858
1055
4533
1066
2969
3621
1059
4920
3612
2281
3242
3107
5117
5765
5308
4204
2375
4262
4791
2223
4824
4198
2117
2365
1174
5524
1769
3646
2423
2301
892
718
5072
3672
1847
3568
2165
5723
4861
3097
5735
3279
1724
5719
3362
4187
951
1670
931
5519
3261
4833
1864
3642
5911
3306
5488
3164
4185
3349
605
5505
4183
3690
3766
5886
5707
3688
5181
4483
5828
3328
356
3178
5502
1354
3884
1974
676
4032
4768
3151
2473
1345
4619
3788
4983
370
5139
5394
3566
5023
1821
423
2151
3842
4607
5525
5659
3305
3134
5516
5708
5739
3248
387
3270
4854
3098
3265
3275
1552
3299
3102
4061
4089
4052
3317
3474
3278
3246
3106
4090
3442
3253
3445
5889
3131
3926
5714
3249
4206
5387
4658
4033
4590
3276
3858
123
3601
1757
943
6059
2148
388
5508
1880
3755
1750
1725
4065
3124
1711
3899
1973
1051
3454
3390
3177
3281
3357
4186
5804
3171
3383
3363
3369
3157
4199
3403
1128
3304
5718
3206
5736
5542
5647
4038
4192
1629
4882
1688
3105
3268
3756
4169
4031
5704
5827
2675
4771
3928
3361
4163
4652
1062
405
952
3482
4639
3143
5457
1632
415
378
3095
4647
151
5440
4868
657
306
3735
1762
5164
3978
1516
3294
3439
3273
4181
5531
4638
3101
4173
4009
4779
4623
954
3274
4645
3433
4025
1820
3245
5628
4605
4600
2834
3661
3881
4028
481
5794
4576
2703
4979
1282
3307
3979
62
3284
434
3616
4074
5905
2664
4564
5855
1280
2759
4369
1656
3659
2713
2780
2505
1739
2144
4239
2100
5711
4812
708
741
739
1413
3257
3291
4200
3950
4811
4632
4329
4190
3123
4985
3877
3267
210
4037
1648
4197
4974
4184
3350
2789
2161
5699
4653
3599
4650
3677
3848
704
3224
427
3698
400
5633
1510
3835
196
4642
275
6008
3754
4268
1994
3388
4066
1584
5035
883
343
1004
221
5379
1507
71
1605
3714
5041
5013
593
223
4547
398
1707
3676
5746
2733
5627
260
5747
410
3100
4631
4628
3761
3628
3673
4793
186
1203
4343
5073
3559
1564
350
3805
347
318
5350
4462
4067
2861
3455
295
4023
5383
1782
856
3579
4471
4609
1577
887
3925
3538
5124
4509
89
3878
6001
2835
4337
4128
4679
3670
5991
1060
3615
3712
6010
2515
5205
3678
3896
4100
907
5733
4672
4587
4584
4578
4640
4730
385
4761
3380
4810
3598
3919
1056
3540
3675
3603
3693
5996
3617
3426
599
5596
146
3182
3909
4682
4661
3016
338
328
1218
5250
171
349
4297
2385
502
2518
776
1273
4117
2537
3929
3128
4626
2002
3007
2382
5621
4724
725
5449
1083
5120
878
4666
5751
4577
3600
3830
4717
3545
4797
4750
4664
3685
5506
3560
4778
4573
2497
3762
3595
430
3703
4727
1105
4289
5820
4559
5730
839
3641
3613
4643
3610
1015
3162
195
3737
5756
2746
3625
5532
3461
4696
3653
977
224
3510
5617
5319
4488
5091
4524
3189
1340
273
2796
1985
5961
3818
3730
1679
3734
4787
4586
4046
4261
4608
1560
5688
3844
3817
4277
3736
41
4021
3710
5930
4290
3342
3900
3713
4360
5709
3792
4346
3377
4569
3602
3684
3956
2757
5698
4435
4335
5211
5162
4029
3481
5898
4292
5590
3605
3471
4312
3472
3323
4627
3347
1751
3622
421
3795
4739
4635
3327
3606
3763
4505
2184
2445
5061
4296
3738
4596
4149
3867
3614
3407
5978
3456
3846
3716
4774
4322
4614
3639
3954
3536
5920
5919
3450
3451
4701
3927
3387
3492
3918
4767
4700
5960
3414
4620
3557
3460
6007
3892
4715
4758
4667
3321
4457
5897
3663
2708
4592
5896
3857
4453
5049
5830
231
3487
3747
4340
4534
5106
5973
4537
384
941
4041
1082
4719
4704
4720
4721
4286
4804
3683
4734
4803
4809
4567
4271
5857
3831
3838
4308
4319
4662
4683
2719
4313
4560
5925
3725
3466
4039
4780
3729
4320
341
5899
4814
4472
3868
3338
227
5864
4436
3417
4775
5042
4499
4030
3787
4307
5851
3459
3092
4364
6053
3496
4745
5037
5880
3533
3728
5678
5658
1147
4491
5671
3488
4821
5892
5867
3578
5808
5888
3446
3604
5002
3502
4561
3696
4603
3955
4523
3629
3554
4716
4532
5908
3695
5603
4527
3432
4515
3837
3522
5917
4525
5872
3774
4345
3501
3465
5043
212
5725
4363
3671
5849
5893
3916
5057
4551
3552
1550
6048
6015
3811
4328
5884
3866
5982
5727
5010
3121
4231
3478
4760
5882
3512
3692
4484
4736
5936
4570
3457
3943
4530
3500
3697
3682
3702
3467
3489
3836
3565
5533
4598
4582
5904
3569
3689
3513
5913
3775
3088
3475
3687
5931
3516
5813
4456
5854
4234
5992
4565
4294
3476
3337
4003
5850
3507
5863
5949
4543
4518
3984
4443
4353
4306
3917
4822
3724
4531
3781
3794
5984
4492
3458
4516
4753
3618
4521
3706
4526
3770
4536
3773
5929
3799
4506
5950
4568
4245
4332
4325
3707
4252
5844
4228
4276
5928
4529
4699
4522
5840
4593
4263
5990
3793
4317
4500
4759
3511
5948
4344
4233
4685
5831
4243
3517
4229
3801
5837
3721
3812
4300
4256
5910
5937
5774
4517
3514
5918
3723
3341
5938
5870
4238
3567
5909
4765
3772
4541
4698
5933
5944
4249
5952
4230
4566
3535
4512
5945
4550
3722
3816
3764
3771
5943
4224
3808
3563
3849
6075
3800
5940
5997
5894
4265
3573
3529
4350
5947
3720
4235
297
3437
5939
5583
3875
4236
4503
3733
4315
3340
3586
4316
3497
4326
4437
5843
5903
3468
4248
4232
5839
3477
3161
4342
4528
3786
5084
4498
5616
4454
3790
5914
3785
5970
4227
3590
4438
5074
4520
5585
5853
5062
5083
3876
4535
4253
3205
4324
5847
222
6039
5818
3238
4255
3571
3589
5965
4959
3493
5540
6035
3845
4225
4226
3823
4314
3580
6028
2716
2749
4095
3814
6089
3588
4341
5986
5094
4490
4539
3915
5741
3883
3870
6014
3587
3527
3791
3300
6019
5055
4511
5999
6023
5959
5822
5076
3863
3873
6073
5003
5565
5753
4348
4480
5786
3871
3356
4304
5972
4098
4047
6076
6091
5619
4510
3201
3200
4338
6077
3753
4519
360
4237
4330
3847
4210
6047
5824
4495
4260
6085
6087
6090
5998
3860
3227
3427
5825
4051
3422
4542
5380
3759
6006
3832
4043
6031
6052
4049
3428
6072
4295
4050
4540
4247
3779
6017
5620
4305
5750
3839
3804
5790
3204
6081
3415
5814
164
6084
5026
5835
6013
5969
4321
3198
5802
4429
3412
5064
3420
6022
3443
5277
6074
3339
4282
3780
3140
4849
4223
3225
324
5642
3229
380
4177
5767
5025
3946
6033
4479
5008
5071
3993
3345
5066
2641
6034
4130
5975
3810
4157
3572
4474
3336
4241
4465
4497
6036
4470
4053
4467
4042
4502
5812
6038
4466
321
4999
2803
4962
3226
4106
3174
6026
4850
4096
5024
4493
5779
5040
5761
3821
4099
5641
272
3444
1010
4091
5004
4428
3436
4055
187
4172
3346
4257
6032
6025
3748
5771
6004
6070
5069
5223
3802
5236
6016
4144
5512
3809
4494
5956
5019
5050
4501
5107
4427
4240
6030
4449
5130
6092
4298
4221
4303
5800
5135
4417
5127
3351
4966
6044
4175
5572
4162
3577
4416
4450
5012
4146
5673
4963
5989
3348
5474
5550
6080
6082
6041
4086
4111
4486
4391
2511
3963
5993
5136
5121
1154
5543
5551
4451
4109
6079
3749
5078
5088
6029
3948
5151
5315
4968
4258
4965
5166
4970
4413
3906
4250
5809
6061
3947
5119
6054
5364
5075
6020
4447
4463
3322
3905
6069
4218
4125
4972
5138
4222
3207
4478
5034
3170
5259
3319
5214
4469
3418
5228
5227
6011
5005
5966
4112
3393
4129
5287
4278
4832
5149
5373
5498
4964
4481
5054
4401
5248
4452
5134
4464
5342
4415
5080
5253
5229
4477
4135
4414
4382
5995
4219
5157
4996
5118
5141
4381
4400
5047
3967
5305
5556
5276
4156
5328
5335
3208
5555
4166
4460
6000
3329
1532
3187
3399
5077
5301
5705
485
5222
4997
4992
453
25
4142
2663
2800
431
402
5090
3027
3326
5215
4399
4434
5286
4395
4998
4398
5213
4380
5237
5158
6024
5202
5354
5183
5198
4396
4057
5142
5408
530
4088
4054
3404
5184
3396
3354
5235
161
519
352
4120
5082
3389
5743
4058
4973
5323
5428
4370
4242
5429
4107
540
4390
5155
5613
5581
2526
2727
3570
5424
5274
2836
2361
225
256
2578
11
5353
5167
5291
4442
5191
4375
5261
327
4087
3969
3945
5279
4423
5988
5224
3330
5206
4140
4980
4174
253
4923
4060
236
192
235
4085
3411
435
5346
556
2628
194
5777
3180
565
486
419
2527
4220
3542
1637
5257
2506
3447
179
5289
5170
446
1635
5744
4059
4440
5957
5316
170
158
2737
5494
2804
178
4441
5288
21
1214
2766
5275
198
5247
5332
1628
4056
159
5535
390
3543
6009
5285
2646
238
5481
5252
5216
5392
5292
373
5173
5402
602
5499
245
175
5283
1093
409
4215
1571
5738
197
5355
5721
5415
5425
393
5378
5165
461
3904
377
5273
2714
3239
254
5280
418
3970
5297
2667
1005
5430
2817
5764
5272
5245
5256
5233
5238
5421
5137
5326
5161
5210
5393
5310
5416
5411
5391
5258
5270
5405
5381
5168
5420
5417
5409
5397
5284
4389
5303
417
5190
5163
5404
5398
5403
5232
5243
5239
4368
428
5336
3184
5169
3163
5282
2560
4393
334
5783
5265
4374
2618
5311
5768
4084
5386
2696
213
190
4126
5715
3448
5255
5160
5361
5324
5266
5218
5192
5352
5244
5146
5312
5225
5234
4409
5209
5356
5958
5267
5226
4376
5187
5246
3355
5357
4372
5199
5154
4994
5269
5219
4367
5207
5230
5231
4394
5221
4214
4432
5716
5185
5217
5399
5363
5189
5251
126
3169
4377
5685
5204
5268
120
5745
4373
4411
4365
1107
3168
4216
5754
4406
4388
4407
5367
4122
4217
4424
4081
4439
4114
4425
3901
4080
5196
4097
4079
4078
5147
4104
4102
5384
4101
4131
4083
4115
4139
4133
1106
2528
5766
5728
5789
1204
5734
4119
3221
1898
2704
4103
4259
3202
5493
412
2495
404
1194
2514
2534
1009
3382
411
361
2793
5797
3333
5737
116
147
5720
2498
4123
5780
5803
4134
2722
4143
5755
4110
249
2673
3089
3311
5775
5762
4150
5787
2521
325
2743
2706
2524
2700
284
1163
4158
3553
4145
214
508
244
2024
1986
2819
2695
413
554
234
403
2525
3334
2783
150
4113
1888
2807
5726
938
2510
176
1816
3385
2684
229
206
2795
1534
118
2422
2517
230
335
112
5763
2767
2508
2680
2812
2769
2540
2765
270
2470
2774
438
174
2772
262
2752
2519
290
241
219
173
1101
5801
2676
2482
2778
177
255
1043
1215
237
382
228
35
294
2427
3441
2718
2522
15
85
153
13
2760
162
2653
358
2742
1089
92
280
2565
1192
1237
2787
1586
371
2550
79
2826
1222
1206
278
277
2764
220
1241
242
2785
440
77
61
104
351
1236
2557
226
1065
1197
1233
2543
315
1168
1211
3203
1228
215
16
201
1180
1193
2811
155
2541
2779
317
2486
2758
4171
248
2799
2650
330
367
2763
101
269
4155
437
5795
1485
2556
2791
209
497
1229
1239
37
2756
218
26
265
252
2792
346
369
374
258
1099
240
1243
207
355
211
364
251
1102
1235
345
2798
2805
1244
154
329
1155
27
389
264
3318
1098
2555
2768
383
1226
2711
2547
2814
2816
1178
1140
1196
2545
193
3576
73
2553
1223
331
1208
2546
5615
107
172
2512
5799
323
1220
1109
1232
2552
1231
1225
1213
1205
2548
30
1195
1103
2726
2551
2751
83
2725
2554
165
2788
2717
142
2794
1202
1186
34
2516
2647
137
2810
199
166
784
2697
2846
304
4136
2790
2801
2442
134
29
496
922
2500
1200
2784
1156
547
442
935
1090
1175
2464
115
1189
1199
135
581
1181
546
1162
2868
2821
2820
2822
2802
1191
2813
2806
1177
2818
2809
1166
2687
3
169
2770
17
1149
131
4124
2685
2449
1108
2724
2827
513
1845
1249
1331
2654
2731
1267
942
38
1329
2393
2204
2494
4121
2698
2855
4137
2383
1078
2808
2652
119
1604
1732
2440
503
1542
570
2843
1080
1308
2456
2996
1839
2492
2409
1088
2771
2490
1125
2469
2750
2740
1294
1126
2831
2434
1293
2428
1347
2739
1183
2502
2398
1132
2709
1317
2491
1729
2493
560
1091
2171
1988
2686
1855
8
2433
573
2455
2207
1176
535
91
2466
2824
2496
336
1578
539
1815
2693
2825
1295
4147
1338
103
3079
2501
1300
1092
917
882
2754
2898
2488
2509
2828
1158
2489
1341
2741
1278
2883
2485
2399
550
2761
2499
2205
2457
2872
2461
4118
2609
2732
517
1124
2644
2391
2850
1179
1157
2881
1669
2476
3440
1681
1037
2832
2989
111
1070
1873
506
1284
1134
1028
1086
920
2206
2384
488
900
124
1384
3158
930
1546
140
1682
1074
2421
1076
2110
2484
2413
1383
2474
2460
2453
2450
880
2400
509
2503
2394
2458
2441
2195
2451
3150
1814
677
1188
2379
2479
1095
2478
136
1029
2087
1859
1171
1291
2874
2615
662
2591
1268
2830
504
586
1318
499
2401
2070
534
1373
459
634
923
2590
1274
1311
2465
2968
921
1143
76
1250
2333
2406
885
743
2477
5171
2363
2410
2452
2471
514
2196
458
2467
579
498
679
3316
460
526
619
1087
2429
544
456
2867
967
2370
487
2192
2042
2402
138
1040
1169
2437
567
2167
1306
572
2026
2103
2648
775
2853
2155
2649
2416
1598
2424
4
1069
2895
2655
2044
2656
464
2880
1094
2078
2176
2435
972
492
2840
463
455
2131
1699
2182
113
516
2414
1626
2438
2447
43
1146
527
520
340
929
2197
2620
2052
1449
688
585
928
2025
2371
3053
1455
1139
3017
2386
1127
2614
1678
1615
1784
3084
2220
1460
1385
859
451
1967
1639
2852
1122
457
607
2829
2200
2444
1144
2971
1487
1642
1646
1645
686
2593
711
529
494
2366
2845
578
635
1461
1684
1471
668
978
2221
444
726
2377
1439
2367
2038
1123
1585
1567
1035
1758
483
2373
1285
1692
2362
1366
1248
1744
2198
3069
934
1247
1386
1768
678
1138
2432
823
1121
66
648
1265
811
1978
2991
2882
740
2254
2417
728
2923
2088
2105
1041
1077
1152
618
994
745
616
1281
1172
2982
1045
2443
1254
3058
2972
1716
989
1980
475
782
2426
852
1332
2418
551
738
577
1623
1145
906
2848
1334
687
445
1302
1765
2159
1275
2890
2897
1470
1072
462
3081
3082
735
1525
467
1612
827
2181
2133
1374
831
640
767
2436
798
465
1129
850
1638
1634
1328
1490
479
2999
1362
1484
1352
1255
1286
1596
1533
1363
713
1503
817
563
1651
1535
2430
3061
1609
2153
1355
1380
2169
2028
2094
652
714
1492
702
476
2860
671
1614
717
2619
1970
2396
1519
861
1359
698
337
869
1350
1761
628
1685
1305
834
3040
2404
2395
1808
1376
2177
720
1472
1377
1382
1312
3052
639
1289
1321
2121
661
491
1301
1343
1353
1378
1346
1733
1381
636
1084
851
1633
1402
709
1256
1975
1506
1625
3060
1085
1319
1375
1269
1976
1509
1652
642
1738
785
490
3078
1365
1469
1618
450
842
615
1537
2073
2017
1513
3070
1740
764
611
2056
1972
1115
2360
1522
724
2643
638
2978
2046
645
1369
2075
1371
1313
1288
1364
1977
1641
1368
1297
2034
3055
627
623
860
1649
637
1360
2622
1654
614
1594
470
734
666
730
3064
592
632
625
721
3067
872
1592
1713
732
710
818
1270
626
1259
2146
982
1481
1508
1264
881
1601
773
1658
825
2228
2876
3043
1753
765
655
1653
1971
669
715
641
1759
1527
864
1600
683
1606
620
1261
691
1479
621
3075
1630
1530
1526
646
1611
603
3071
2014
1536
3039
1659
651
1581
697
1518
1748
1582
749
854
871
1276
664
2081
1260
693
1636
841
844
1257
471
1712
1436
675
1277
604
731
1756
114
1531
2080
2863
1631
663
705
1607
670
716
1603
699
1271
1602
3066
692
722
682
624
650
1621
1788
1617
680
1262
630
1263
696
701
629
1258
694
1272
695
1547
1800
703
700
1644
689
1299
1504
681
2958
1548
847
2
1505
1557
3049
1529
690
750
1528
836
448
469
791
862
751
774
1805
766
447
3034
719
1515
727
1549
1523
1558
857
849
1512
824
840
1495
855
1398
1643
848
1792
1474
1572
1511
814
830
762
3074
1807
1498
1811
1420
815
2093
1803
1493
803
833
1565
2019
810
829
3048
816
820
813
819
1982
799
3051
1451
2980
1517
1465
1777
793
973
1650
2013
1411
757
2077
2020
838
828
794
756
805
845
752
1981
1458
795
802
801
806
759
1426
800
753
1483
754
796
1476
1467
1414
1478
1468
758
1464
1489
1401
807
1661
1457
3073
1443
1787
2137
2961
1397
1463
1798
981
2260
1983
473
2420
2090
1410
1396
1482
2305
2127
2111
598
2096
594
596
3065
2838
1804
2381
2683
2134
2222
1450
2062
1796
1785
1664
1809
1793
2963
1747
1448
3046
3014
1666
2235
2240
1409
1794
449
2842
2095
1672
2932
2940
2225
2935
1671
2929
1696
2325
2849
2282
2933
6
1795
2097
1838
1799
932
2290
2149
48
1667
2289
2285
2859
2877
2910
1695
2311
1663
2310
2336
2900
2349
2896
2191
1440
2006
2955
2954
2172
2072
2962
2894
300
1425
1424
933
1668
2943
2959
2873
597
2939
2965
2918
1676
2638
2922
2875
2170
1677
1419
1683
2870
2953
1728
2659
2903
1675
2658
2904
950
2952
2911
2906
2951
2823
2008
2657
2912
2944
2891
2837
1813
2851
2269
2864
2885
2350
2915
1731
1394
2901
2011
2907
2948
2368
2924
2905
2878
2889
2893
2926
2936
2886
2902
2921
2899
2947
949
2937
2949
2847
1741
1674
2858
1673
1730
1743
2942
2892
2909
2916
2945
2928
2938
2908
1735
2919
1435
2160
2157
2012
2162
2431
2234
2425
2338
2446
2297
3020
2174
2307
2411
2142
1097
3023
2163
2188
2308
2273
2331
1431
2296
2279
2264
2340
1926
2270
2252
2339
2242
2291
2010
2241
2190
2288
1408
2263
2334
1418
2328
2327
2287
1447
2233
2156
2248
2272
2158
2150
2332
2251
2313
2262
1392
2303
2007
1245
1433
2322
2335
2247
2284
2189
2293
2315
2243
2271
2219
2164
2300
2378
2346
1423
1422
2357
2309
2215
2356
2253
2294
1395
2298
1393
2280
1246
2372
2266
2277
2354
2212
1412
2347
2314
2324
2304
2231
2194
1434
2237
2323
2319
2330
2299
2258
1427
2238
2344
2278
1421
2412
2359
2268
1407
2250
2337
1096
2193
2454
1114
2343
2329
2318
2227
1403
1388
2216
2292
2185
2321
1406
2246
1389
1391
1415
2218
2213
1417
2229
1387
2214
1390
1119
1136
2244
1404
2230
