265
67
263
74
77
273
73
166
64
255
249
267
83
245
269
256
261
258
270
2398
257
2396
250
4083
84
4835
167
235
5249
3351
17
89
259
266
272
262
810
76
16
3581
2400
47
5248
3250
4036
4484
2393
1338
3353
231
57
5439
2395
252
805
2742
3251
3576
70
4066
669
2728
18
2740
4858
4154
1593
4067
1219
3864
476
4124
1048
4145
2731
528
1651
471
1559
1607
467
3270
3828
2911
2
1617
1291
1007
2926
2719
639
4867
804
2808
517
1852
1066
3829
3249
811
520
46
2941
3272
4084
507
2940
165
1350
268
5243
68
4874
479
1809
5440
1124
2715
576
4026
2599
4265
5592
4441
4041
1265
5591
4042
2598
2101
1982
637
3876
3572
487
4453
3126
585
4430
3352
1250
4476
1314
152
3316
792
2005
3428
1229
1081
5691
1055
549
2736
1122
4460
1292
4485
3097
240
3011
3310
3442
776
1653
1342
4462
4907
4132
1084
5692
4127
3826
4137
4887
5302
19
4108
4087
4117
786
1075
4953
3824
2623
2017
1495
4096
3825
3905
3121
2749
1888
3877
2961
1566
1330
2594
2500
1299
4025
1091
2094
2097
2957
2388
2912
2596
631
3176
3305
228
1411
2604
1600
548
5039
3851
3841
4189
1074
3127
4032
1079
508
3947
1487
2745
4418
4465
3488
3592
3369
4106
1270
4435
2499
3281
4469
2624
793
106
4967
1273
3874
4267
498
756
5564
3
4451
3110
3271
4470
2564
5495
2630
1646
20
1604
1099
459
861
2747
1274
1087
1326
2029
4160
4275
2095
2600
3567
4403
4389
3427
4
4921
1586
1582
3130
1339
4014
2569
5050
3183
1252
4834
584
4979
3184
1132
406
3859
632
3971
4810
546
4974
5507
4076
1578
3114
1882
1035
2642
2945
2949
3855
1092
1069
4942
2789
4933
3834
634
3865
3313
2721
1216
104
1644
1357
5500
403
292
2948
5078
3299
2649
2795
2037
5405
1285
1864
295
1585
2730
3113
4919
1611
2946
4652
1692
1693
940
5224
1950
2440
3724
3616
1851
1853
2389
59
1799
87
4620
143
2339
5244
5237
1778
5185
2325
3327
5361
4619
1753
3660
1684
1784
5216
1944
144
521
1860
1687
4514
2461
4723
3686
1789
5225
2346
3502
60
3174
2629
2411
4769
4916
1780
1788
110
1914
586
5163
2437
3289
3587
2588
2581
788
2591
3436
3579
2610
779
674
1086
2083
4115
5567
860
3696
1114
2622
2582
1546
2725
3603
4129
2807
4314
4029
4005
1533
2045
3974
864
1151
271
511
4861
3039
3582
3596
3964
4838
1658
794
2004
667
2518
1572
678
1040
630
3447
3421
3308
2426
2572
3604
1373
1686
1689
4767
5360
1791
5301
939
1790
179
4515
1773
3504
233
1783
4562
3137
5378
5255
4271
2478
4648
4607
1959
3175
595
2609
1741
69
5311
5287
5227
5235
1470
2147
2965
3936
3937
5352
3096
5331
5232
2916
1781
2317
2275
3069
1747
2960
1981
957
953
5284
1745
2335
3510
872
514
1797
5312
1775
1760
5340
2648
1206
2167
2160
2967
2915
1513
3726
3663
2154
3727
937
2342
2162
2327
3721
1936
1934
1929
530
4244
910
253
43
1825
5228
5229
524
515
4595
4976
42
870
726
2540
280
281
5530
871
5115
5278
2464
3723
1779
4803
929
4578
1838
3812
960
4694
3861
1729
1782
891
670
3664
1787
4760
892
2544
848
5713
2614
1724
2954
1009
3155
5194
2025
2378
5299
2124
4590
948
943
3336
1833
2900
917
1966
2061
275
1717
1703
4689
51
5222
4842
5186
4516
4509
4246
1418
1439
3236
813
2077
1967
3677
4624
5703
4561
4544
2711
2407
4365
4678
1743
2441
4408
4940
1591
3037
5675
4864
3827
4811
4391
290
96
5499
5027
2793
1637
291
5045
3216
2939
5589
4446
5436
3904
3107
4109
4986
4822
1983
5041
1465
1096
1817
116
3852
2027
767
3434
3001
4434
3177
94
5017
4055
1248
5481
337
1131
4279
5473
3833
4346
314
743
1150
4733
1483
5709
2905
2454
841
3038
4894
4517
4736
835
5167
4557
1746
2972
4556
247
7
3800
5338
5348
2010
3690
3055
4618
4550
1246
2093
4397
4646
2829
3707
1688
5457
163
389
3722
1390
21
4549
4804
1832
4518
840
3485
1921
1796
1792
3712
3713
456
2909
2367
323
3357
2372
573
3070
933
4586
4560
23
2921
3662
4622
2529
1841
4258
2291
5234
1757
1592
5679
2489
52
5230
4790
545
4264
3345
260
2323
930
1956
2382
251
4796
1972
5628
5318
3412
5342
2930
4600
4605
2332
128
1960
5622
5189
2363
1887
242
714
510
612
4543
1913
5464
5116
2990
4599
3952
4572
4786
2354
4606
2409
4625
1925
123
5160
3501
1978
1920
1969
300
4290
2429
2820
2818
4535
1827
5274
5367
86
3618
2901
3431
950
1759
1706
5188
958
2942
5483
1822
4928
749
2334
2270
178
4220
5708
148
2338
4374
3365
209
3870
736
3784
3173
503
1930
2300
2951
2343
4554
1964
4782
4553
1973
1754
2956
1974
2336
5532
2316
5543
5546
4761
3381
1919
3050
4649
2476
1178
4256
4985
4623
1905
3063
5571
1909
2750
4207
1209
147
4879
468
2483
4163
1828
2872
1839
2503
5518
1473
2855
4754
2832
3640
4388
1478
5699
4621
4545
2250
1756
914
1979
2987
2401
4674
789
3532
2989
4785
2944
3042
890
1726
3745
5716
2812
942
3612
502
5203
4072
1980
321
5552
1417
4737
37
759
1770
5206
4245
4963
4780
5695
2302
1493
720
4680
4684
1621
3182
2522
3688
4322
1047
5080
5551
4399
3748
4371
2556
3854
1866
2421
2532
4328
230
5534
2539
1948
1264
5715
1481
3089
2387
3027
2870
1579
436
3181
4319
643
2660
3246
4478
5700
4050
862
2734
1317
45
1332
3414
1596
1532
1392
718
1003
1305
1136
1214
5648
101
3490
1144
5585
5590
2071
4049
1385
3950
1036
2402
1659
1228
303
4018
1298
1443
4122
2970
3489
3415
1849
4208
4291
2918
3597
345
982
2510
5409
3450
1115
5702
3406
2695
2675
1926
2748
205
3483
956
9
3750
1938
746
3524
4272
4479
264
2696
3393
592
4627
4628
2685
1004
3374
1051
1226
544
5711
4493
4331
140
3700
3699
4320
765
4366
1749
3557
414
3546
3753
1137
4285
4395
1391
1876
3968
3535
359
3633
5607
3569
2625
750
226
2350
1885
3531
3484
2541
40
5540
3698
4031
1961
3240
4683
5684
2486
5456
1175
3740
277
551
3675
4749
4313
5168
2504
2492
4269
2449
1459
915
1368
33
1834
488
1958
4566
2039
4411
1857
438
5618
3043
3960
4805
4382
2497
740
1811
1806
601
800
5637
1429
419
41
3584
1545
304
2513
1555
2472
869
1957
615
4626
1038
2823
112
925
723
4755
382
2963
1501
5205
1283
3451
1195
357
4774
3140
3360
4980
1953
2890
2517
1277
1569
2879
3102
2370
24
5621
2673
969
3586
4650
3417
4222
3550
4795
944
752
3986
5219
420
2536
22
3931
5213
3491
2392
1820
3274
3551
379
3560
2330
238
2496
961
5200
724
4633
2128
722
4912
1886
2379
5310
5209
343
391
118
4645
3263
4240
1917
5685
905
244
4542
1365
5480
2495
968
1372
2168
4714
843
4252
4826
2726
2171
2693
2361
5525
2242
4920
4360
1991
4575
4548
1937
4327
4640
2286
4758
1456
2473
1826
1768
1764
5223
725
4552
4541
2166
5103
4807
3098
4546
4555
4770
5326
2161
962
4534
4637
830
3338
768
1527
193
3703
1221
335
5579
2684
457
1947
1963
1257
3256
523
1139
4735
3645
4361
3860
4899
1029
4630
4713
4751
1278
1281
4300
971
2780
1661
1065
2268
951
1382
1016
4639
1571
2062
713
4533
4527
4529
4537
3674
3676
4581
4580
3672
4730
980
4565
3605
965
306
4540
1279
4010
1220
1421
0
4744
2359
2345
4895
1192
5172
3337
340
3702
1650
2988
3998
495
4167
2329
2118
1633
3802
618
1288
2471
2506
5181
3670
1767
5025
2096
5218
1731
2117
3505
1398
1763
4400
5444
981
4592
4709
4911
3671
607
2066
2368
3720
4748
3056
1393
2055
1231
5174
1507
5136
4330
4464
1735
4068
4937
4929
1842
709
4226
967
2312
5319
2082
2030
3981
2453
1512
1401
2333
2475
999
1193
2146
4164
1844
5154
2850
3994
1550
626
1949
3910
3278
3449
2344
1831
2328
913
5156
1213
2337
1848
4081
1829
1397
4323
1242
4008
50
963
10
1656
2127
4574
5166
3817
3051
4170
2888
900
2089
3613
199
2828
239
712
893
844
617
2491
4020
682
5323
2068
3332
4756
5636
3020
4342
916
2249
159
5204
1744
1740
5277
1846
946
5202
1720
5470
5109
1903
4398
121
117
3315
4724
4743
3767
5198
2479
3665
3025
1733
4664
3754
1968
923
4750
839
4742
897
1455
5288
1835
1871
1394
4824
4525
2362
3554
2057
2950
5595
4787
2656
5717
5545
1031
3559
4073
2858
484
380
1026
4538
2011
184
3079
855
3669
474
3704
1897
1677
1699
2383
2267
4829
964
3481
2283
4216
5207
4927
4757
3673
4740
2331
2376
120
3775
4753
1924
3548
3541
5294
2313
2028
3482
4741
1861
1940
5701
5215
4654
4993
11
3763
2859
137
1939
1395
182
4162
3614
1622
1012
5196
1932
4799
3471
5521
2348
36
2417
1458
3074
3520
4353
2986
5686
908
2143
4130
1830
172
873
552
5635
1916
4989
5195
5197
2352
3021
5538
778
4991
3583
2200
1894
4825
2040
790
2867
3929
1399
729
35
4143
2050
1952
5307
1975
4377
4830
4304
3988
2123
5647
730
5676
3714
3715
5298
737
1425
648
2811
1815
4791
4881
1171
5693
1918
2353
1808
1772
1632
3984
1070
3362
1353
2980
2351
2406
2403
1865
1891
5605
2864
4762
4763
1836
799
1235
791
1225
4772
1303
1902
5190
5315
1752
2056
2765
4364
3590
248
1463
2322
4136
4415
1215
760
572
4643
3166
331
2584
4978
3439
2590
807
2098
3953
5030
1345
4134
681
1375
3198
1027
1199
4808
4524
2121
5677
2487
5178
5275
5596
1416
4981
1879
907
1915
1028
4792
1280
4710
2111
683
315
4900
4708
4745
5295
282
1712
1872
1765
2886
4987
5610
65
1945
276
1359
1889
2006
5276
1415
5630
3019
3376
5667
4362
5066
4670
947
1343
1005
1344
3975
4133
2579
196
5171
1823
1349
2220
4886
3398
3010
3527
3729
3366
55
173
2524
1819
12
1304
237
2341
5659
4739
1282
2360
1141
4947
241
63
1147
3035
5337
4212
5199
2525
4324
1030
4734
5653
4878
1694
2365
1734
192
4699
2571
4641
977
4880
1510
1766
4747
4662
4727
1732
3018
675
4797
2713
888
5308
606
5292
2908
1618
2112
1404
3549
3383
149
734
4317
3632
4642
421
4704
4832
2976
1714
2024
1727
1716
1725
31
1762
2714
1181
210
1884
2516
4666
2718
216
4215
3568
826
1875
2423
1212
2985
2034
1970
3194
3200
348
4394
169
49
702
5120
5129
5608
1268
1323
2668
966
3564
3041
1931
2769
3648
4196
5040
4800
798
177
4601
795
4598
4596
2981
1348
1840
2070
5130
1976
1723
141
5008
2069
3752
330
2439
2889
5182
1329
5138
3544
1293
4629
1238
279
2969
1718
1021
34
5625
320
4728
171
2259
1568
703
3318
2248
5346
319
2251
4310
198
2133
3320
3405
5619
2455
4494
5350
5351
5359
3162
3710
189
4257
491
4995
2018
1449
4326
2140
183
2122
1061
288
886
194
1867
1843
1933
1845
236
2490
2256
3771
160
3511
3190
2281
5053
705
2488
3373
4759
5142
2720
1255
2021
2307
1551
2774
2527
2279
3512
465
974
3747
2174
2545
3255
2827
3762
4039
1130
4499
827
3716
3467
1310
2155
4660
926
1409
1854
5602
5617
3719
1942
4325
2452
2521
1098
3777
341
764
3731
2185
3709
2790
1297
2266
326
185
1748
2369
3235
254
2100
1165
4532
2836
4663
1370
766
909
1676
3146
3630
2770
757
537
1383
372
1629
1639
3394
1198
901
2831
594
114
978
2777
796
5148
2044
2913
5155
5320
3100
181
4896
2374
704
351
2012
1276
728
1531
1387
3387
1328
745
2260
829
1322
2809
142
4948
1377
1362
3759
367
1123
747
2287
4882
1698
2826
3793
78
590
2824
3284
374
619
842
5201
1955
2280
608
2657
243
1971
642
2375
4309
2885
2445
2289
2756
4490
4444
466
3575
2135
1180
4857
162
496
1379
3770
4955
761
4339
4793
4783
393
2102
5175
3508
2874
1630
2261
519
146
2019
1204
2755
3732
3728
1728
1296
383
375
2163
477
2356
4775
4781
1722
2130
5696
2853
409
2849
2003
4776
3144
5001
1438
2661
5335
1737
2192
538
5541
3009
4768
1702
3742
525
25
3147
3006
4274
349
3769
1715
1769
3933
1032
1776
4959
4939
932
2114
4766
56
1333
2105
4405
2763
1269
1755
3923
1855
4139
4487
3609
1134
439
1464
1318
2007
3818
211
4001
2244
5270
1361
332
5123
2120
1191
3472
1316
3133
2920
579
485
3486
4697
3540
5550
4016
3736
2861
1374
3668
1643
1517
3623
3409
1319
4602
4610
1721
2895
2255
3455
4765
1923
418
1424
4712
1883
1308
2871
2746
1289
2247
1647
1821
1906
3629
5661
4806
1812
3529
3401
4819
4104
1908
54
2246
4358
2857
5385
2136
3135
2340
1000
212
2801
3558
2149
39
1218
4126
1907
3607
3838
3757
1485
2125
1697
2534
2759
5657
3435
2132
2358
2357
1307
26
5655
3626
2103
1941
809
1862
3999
2778
3641
2152
2576
4248
4381
1951
3461
2131
4157
1335
3388
2116
5498
2366
214
2431
529
1381
2264
4466
4506
1125
3397
2314
4239
4970
4558
1017
2276
3372
785
621
692
3779
5646
3972
628
1315
2139
721
188
5391
4706
1419
1324
763
1352
784
2843
28
1313
2462
1946
4372
2217
1334
853
2126
1910
1327
4531
2107
2502
711
136
2838
2206
1163
317
207
2141
2552
2355
134
4286
2758
1336
635
2282
1201
3440
1705
3498
2051
2385
4420
203
2875
3819
2347
4345
1881
1528
636
3624
2306
2819
4522
2507
2511
318
1023
4416
1873
1306
2169
307
781
775
1736
1911
195
150
221
135
187
898
732
1302
2856
201
2865
1185
1341
2806
2172
2311
1880
197
3756
1378
156
2042
1126
1172
5099
3774
1678
1638
2493
3473
2303
5400
1858
2108
5523
5266
1701
223
2565
5569
32
3465
2110
1258
3990
1680
4655
353
138
1022
1097
769
777
139
1804
1290
5365
1371
2318
2566
1386
2349
2575
2877
1347
222
168
174
2190
2821
103
218
102
1878
324
2764
1287
773
1810
771
176
2309
2265
2319
2364
2878
2559
878
2834
1710
2060
2837
2761
1777
2148
1814
700
2085
2771
2863
1011
2833
297
2547
774
2866
762
706
1807
1358
1813
1870
894
770
831
2762
782
2876
787
2847
852
2016
2321
1369
2752
2063
2084
1294
217
278
1127
175
1396
2119
66
2512
2014
2035
1129
802
2020
2257
2109
2846
2013
883
3149
688
2087
748
2072
1120
1013
2113
2086
308
1400
1025
1154
27
2854
580
741
2851
215
202
699
2015
1366
1271
2052
13
2075
1166
2074
14
2058
2142
2059
2054
2862
1112
2090
2844
2080
1432
850
2593
1272
1360
1182
1321
1138
1146
2835
2235
2320
2587
2064
2816
108
2841
2744
1547
1657
735
1824
2073
1117
1109
1992
731
1133
744
5193
1024
2817
834
2408
1190
2767
2065
2046
2081
2053
2099
220
2766
2753
2104
851
2026
2860
2840
2772
2768
733
2810
1816
2091
1267
1337
2079
2274
2825
1850
2792
1654
1275
2848
808
2845
815
2784
1428
1295
1043
1266
2296
1301
2308
1623
1309
2757
895
5256
2047
803
2184
2776
1008
1462
3820
157
754
2092
1284
1311
2839
2779
1869
797
2137
2802
2787
832
1893
2144
2151
1300
1312
2156
2022
48
2305
2023
2830
2804
1164
129
2219
2822
1286
1194
1183
2814
1015
801
1431
2803
2294
2273
1901
738
105
2760
2272
2228
2218
2209
2258
2231
2785
1179
1067
1046
5257
847
2165
1597
1990
5158
2815
1014
1868
1018
2269
38
824
1457
2196
1414
109
2211
1227
1890
131
838
126
30
133
2032
1422
2791
1110
3918
1577
2191
8
2245
2290
1997
1436
2145
2157
100
53
1437
1145
107
2794
1128
2038
2315
2263
2197
1605
1518
1996
629
29
1364
2301
361
2182
132
1899
2783
405
2199
2180
1995
2173
1998
1999
2237
2223
1994
2212
1993
2205
2179
2284
2178
2159
2227
1837
2236
2292
2271
72
2299
2181
2293
2232
2198
2002
2001
124
2164
2000
2288
2252
2253
739
1427
115
1320
2158
1581
2238
2170
1060
2216
2241
1435
97
2278
1072
1448
2234
1170
2204
82
1346
2239
1033
2262
125
2799
113
71
1118
2304
130
822
2298
1106
1121
111
1176
2008
1236
1057
2033
2233
88
1200
1039
1058
1331
90
715
2222
2221
2048
1468
208
1249
1184
1445
1818
5135
3840
1863
836
1210
2797
2186
161
1620
2225
1642
1376
2076
903
1135
1440
819
1380
95
846
1044
2208
1045
1052
2226
2210
1168
2175
2194
755
2203
1188
717
2230
2177
2049
742
1071
2224
1599
1149
1042
1059
1241
1054
2215
1454
2202
2195
1100
2201
1476
1041
2189
1155
1167
1202
2188
1355
1986
1076
3143
2207
1984
1053
1230
1451
1484
2229
1090
1384
867
2240
1987
708
2741
2470
812
1037
2213
2183
1985
2214
1034
2193
2187
2176
1988
2088
1989
2043
2036
823
719
1073
1434
1450
1340
1648
1652
1217
1433
885
1442
1405
2773
5165
1153
1616
1107
868
817
694
2782
1610
309
1469
1711
1636
596
820
927
1570
394
80
5187
334
638
1480
2739
5067
1529
992
2535
2732
2798
816
1467
1148
1608
1662
825
1627
1461
1466
5162
707
2955
1628
1460
180
1169
5164
1446
2727
1719
1447
975
1260
879
5047
3094
1475
2616
998
2467
2568
5144
513
600
2434
988
3185
3058
363
522
2494
3108
483
1479
984
1704
5051
1472
3903
716
1553
5324
3153
2786
1491
227
1589
1482
906
158
1471
1430
1565
2481
863
882
986
610
921
2448
1413
2597
1640
884
581
155
1641
3049
2943
547
2788
327
1515
5341
2528
1655
3159
5398
425
5131
535
661
5076
1519
881
370
3872
2897
3178
3545
1492
5282
654
4547
5212
3222
2703
1001
1588
5011
1490
5214
1675
2578
979
2432
1709
3534
918
342
1509
646
2677
997
448
204
387
1742
1713
1082
911
5401
5383
3008
1497
190
5220
1609
1105
1530
582
1738
469
1594
1234
2583
566
1102
1544
1211
3666
4701
5395
381
4716
3331
1761
2501
1573
5153
310
622
440
3927
604
533
4089
3363
3780
4480
924
837
1498
4673
880
1625
866
1511
5651
541
1574
993
5143
1563
4700
1576
996
1522
1673
4720
4719
959
973
186
985
1077
413
3046
1444
2416
4644
2612
1325
658
1489
614
494
3095
4711
1635
3172
3212
4964
555
3563
3217
3966
4030
1549
1426
1388
2775
625
5548
5505
2457
4707
1700
5663
4836
1631
4659
2796
991
1561
1560
990
5015
5145
4998
4687
1516
828
154
478
1671
1407
1751
1758
4671
296
611
362
560
2482
2800
1477
1496
2418
698
1613
1679
605
44
5682
4841
3328
876
4672
447
5149
1367
4695
3574
492
5565
1674
3598
1233
1660
4270
2705
2412
2729
4692
1521
5689
454
1406
1486
5211
972
4638
1499
2456
4771
1672
1730
983
995
663
875
653
1665
1524
3514
647
4950
2678
2508
4833
1412
2420
1104
821
2887
3516
5669
2549
1543
2394
2542
3477
2444
2640
526
442
5309
1094
1649
2484
3791
443
664
4726
4131
1634
2551
3801
3238
1494
857
1602
865
2428
2442
874
994
3547
1603
1583
1612
3790
657
989
4636
536
5333
1695
4217
2480
2621
1474
2567
1624
4197
1666
2546
2526
2555
2414
4634
1203
2733
5707
2937
676
2543
5706
6
416
2485
3537
5150
2672
656
2722
5000
2681
3499
5462
2533
3796
4095
3711
2438
219
5349
2468
952
1557
191
2553
2574
2670
2608
99
2415
1541
2617
931
2469
2558
1564
2530
298
1590
2509
2430
1558
859
685
858
2447
2537
2538
2458
1554
1542
2443
690
987
1508
2580
3562
691
4957
2589
2548
1403
2573
3761
609
570
92
1606
4401
4428
3785
564
356
2561
4923
1205
1088
2514
2562
2645
2554
1537
2505
2427
2595
2446
2405
1580
2586
2498
2563
2531
1708
856
1540
5290
3577
2606
2557
532
5285
5305
5300
2419
2704
1707
2592
587
1453
1389
2523
5339
1196
91
1626
2662
450
1538
2519
490
455
2585
1595
1049
5283
3593
684
2966
2520
4351
299
2607
3156
15
2465
5347
2605
2424
5297
1598
2712
2620
5304
5322
2717
2699
5329
1562
2635
687
2601
2611
2463
5327
5291
568
2933
5289
1539
2459
5357
1601
1224
2659
527
1441
1152
5303
574
3101
5513
5281
462
506
689
1085
1587
2515
2570
2425
1408
481
3099
437
493
473
301
3082
2781
1063
680
5314
2636
5366
671
559
283
2687
686
1223
3093
2694
2603
458
1247
1575
5345
512
2619
5358
2709
2560
599
1502
556
5397
577
1505
1503
5394
695
5369
1504
2577
2626
5373
497
486
613
569
5423
441
4359
5321
2386
550
5426
2743
565
5265
5376
3068
5402
1089
5332
5535
1158
1619
5355
2634
2667
2637
1157
1410
5353
1240
3725
1156
2676
2651
3091
2618
624
1500
5372
616
5412
2680
2686
480
4503
5406
2628
1222
5396
4508
98
2679
554
558
1177
589
4563
1186
2735
1423
2627
5356
561
563
2671
2724
1187
504
5258
5363
246
2707
2646
696
1
4504
641
1523
3646
2710
2683
2638
2691
2413
2650
2639
588
1536
2690
2647
2665
2674
2701
2688
2655
2632
2666
1534
2698
2633
1535
2658
2692
2663
1244
2641
603
2664
697
1160
2654
2652
1548
2716
1208
1002
602
2697
645
434
1256
432
2689
2700
1239
1159
539
531
1207
1506
1161
1197
534
1174
575
151
2643
2644
2702
2653
2631
2708
1232
1162
591
5
627
2751
1173
1189
2738
1243
460
1237
433
302
620
1245
489
435
540
1253
644
578
1254
2737
470
429
430
662
543
423
679
583
417
422
431
1669
652
1006
1095
445
677
451
623
666
427
428
2615
542
426
672
673
651
472
668
461
452
660
453
444
463
665
659
449
482
499
1664
475
415
553
2390
446
1251
1113
1078
518
1080
500
2391
1056
1111
2397
4539
386
402
1068
313
360
2922
398
285
350
93
368
5427
58
5306
3002
4502
401
4559
3739
5497
3080
344
5382
3157
3016
5448
284
4505
213
322
390
404
3136
4507
365
3227
3193
1116
3204
170
5343
3565
3734
3340
411
4571
225
505
5388
5484
289
5413
153
164
5547
3066
4355
5417
5169
3842
3276
5407
5529
3760
3400
329
3104
3658
3207
3202
5494
4302
5387
5447
3171
5537
5629
3138
3503
4218
407
3478
3426
3772
5601
354
347
392
3766
287
5390
3141
333
385
388
346
3092
3123
336
3214
3154
5176
3150
3631
3087
5638
3628
399
2993
1108
3036
3847
378
408
3032
294
2994
5438
4349
352
5344
3783
384
5380
3914
2898
5508
5461
5514
3322
3758
325
338
4433
1103
3209
3979
3199
3392
2550
355
3105
293
3197
3122
396
371
5410
3165
224
400
364
516
3169
3179
3210
3152
286
3208
3124
3163
410
3201
3191
5399
3160
5420
2953
3643
3168
5432
3029
3047
2992
5419
3170
2998
3226
3359
5173
3158
3118
3023
3358
5422
3076
2962
3083
5460
5393
3321
5477
5371
2880
395
4340
3132
3187
3067
3054
3167
5233
3205
3186
3117
3813
3203
3072
3151
3115
3013
3060
3323
3230
2996
5437
3145
3206
3007
3228
3221
3218
3024
3134
328
3215
3224
4472
2995
5381
3111
3078
3084
3106
3211
3090
3064
412
3283
3116
3311
3045
3273
3339
3031
3085
3789
5520
5370
3028
3048
5377
3930
3730
3015
3081
3030
3926
3213
3119
3219
3814
5414
3014
3061
5435
3022
3261
3223
3057
3109
3928
3932
3309
3262
3220
5479
3075
2896
3815
3232
3073
3088
5177
3125
3300
3040
5421
3816
1101
3893
5386
5428
3044
5267
3120
5389
5424
3229
3920
4457
3033
3131
3902
3348
5434
5429
3225
5446
3112
2927
5442
5430
3924
3053
3659
3003
3026
3915
3004
3919
2924
5433
5408
2899
3005
3891
2999
5416
3921
3925
2894
5425
5403
3797
2928
5441
3342
5453
3917
3017
2882
3898
1119
5261
5411
5362
5375
2947
2893
5364
3922
3913
3128
5161
3881
5472
3303
3330
2910
3000
5570
5263
3341
5476
3911
2892
5262
3356
3052
3129
2936
3231
5260
5454
2891
5445
2925
5504
5624
5431
5493
5451
3355
5268
5690
3916
2938
3871
3895
3325
5463
3882
3301
5469
5354
5269
3886
5478
3878
3252
5465
5253
3890
5517
5251
3334
3749
4437
4262
3601
5330
5615
3287
5450
3344
3885
5490
5576
5482
3329
5475
5510
5516
3889
3343
5468
5487
5509
5531
4278
5501
5526
5492
3319
5539
5556
5678
3257
5522
5544
3493
5511
3317
4259
5449
4379
4348
5512
1062
3333
4536
3776
5506
5502
4387
4425
3139
3738
3899
5568
5486
5533
3349
4432
5485
3906
4426
4363
3788
5524
5488
5553
3312
3635
4347
5452
4424
3786
2907
5328
4354
5503
5557
4350
4570
5527
5536
3346
5563
5528
5491
4376
4392
4564
5519
5549
3655
5555
4386
5466
3644
5558
5562
3743
4427
4356
5474
4393
5561
5443
5496
4413
3735
3778
4442
3258
5554
4423
3647
3652
3765
4383
3296
5280
3653
5259
3768
4440
4456
3290
3651
3570
3787
4468
5458
3293
4455
3883
3654
3656
4414
3764
3792
4368
5271
3782
3781
5455
3649
4273
4407
3326
4530
5582
5272
5489
4439
4528
3621
3306
3773
4449
5575
4263
4375
5459
5273
3608
4369
4380
3248
5586
5415
3297
3295
4237
4438
3693
4396
4247
4421
3650
4238
4283
4385
3954
5572
5313
4338
5583
4051
4409
3571
4445
4831
5574
4344
4461
5573
5577
5587
4370
4447
4481
4266
4281
4475
5588
3350
4467
4402
4298
4241
4341
4384
5578
4287
4293
3697
4495
5264
4521
4417
3667
4520
4378
5467
3379
3625
3260
3266
4473
3429
4412
3627
5238
4448
3657
4367
3519
3239
3304
4236
4422
4488
3233
5649
4308
3803
5613
3799
3234
4454
4284
4404
4336
4294
4436
4253
4496
3302
4458
4482
3396
3438
2884
4232
4477
3377
4474
3291
5245
3452
3347
3275
3949
4471
5645
3265
4429
3361
3286
4497
5293
4337
4276
4486
3794
3599
3385
4296
4251
3691
4214
3494
4063
5639
4318
3526
3413
5654
4691
4061
3247
3468
4228
3386
3399
3845
4492
3798
3285
3267
3594
3457
4299
3445
3395
3967
3404
4316
4500
3277
4059
4282
4235
3282
4230
4301
4255
4463
3424
4333
3298
3585
4268
4332
3241
4288
4277
3292
3448
4037
3403
3460
3444
4501
3390
3384
3907
3795
5239
3470
3495
3432
3423
3422
3380
3506
4243
3425
3958
5642
4303
4705
3595
3430
4491
4292
3389
4234
4295
4321
4312
4047
5614
3419
3496
4054
3408
4334
4250
3989
3469
4231
3464
4254
4260
3600
3497
4249
3391
3957
3955
3466
3474
3978
3418
4233
3364
3370
3441
4335
3476
4315
3463
3437
4048
3591
4053
4229
5231
3416
3269
3368
3588
3518
3556
5600
4062
4045
4261
3378
4052
3420
4307
3367
4289
3410
4280
3242
3454
3462
4311
3243
3459
3453
3446
3443
3995
3458
4060
4056
4038
3259
4044
3279
4058
4023
4057
3288
2881
3268
3692
3244
4019
3245
3475
3371
3561
3992
3280
5640
3681
3539
5641
3552
3956
2952
5631
3528
3580
3961
5656
3523
3538
5242
3515
3578
3573
3965
3985
5683
3606
3555
3480
3566
3517
4452
4688
3610
5714
5652
4635
3553
3479
4675
4459
5718
4043
5687
3602
3522
4046
5208
3908
3912
4024
3533
3536
3839
3525
2931
3589
3507
3636
5650
2959
4631
3987
3909
3869
3682
5157
5672
3875
3530
4033
4877
5658
4632
3993
3897
3901
5609
5616
2906
4679
5606
5680
2974
3837
3844
3951
3858
4219
5603
4002
4011
4085
3977
2935
75
4681
4682
5704
4034
4450
4952
5674
3970
5644
3896
5593
5062
3856
5054
3900
4040
5594
5670
4994
3948
5151
4101
4017
5599
5710
4843
4949
3804
4930
5611
4922
3805
3973
5623
4179
3857
4827
5626
4715
2968
5089
4021
4205
4012
4007
4027
3963
3991
3866
3853
3868
3982
3806
3879
4006
4658
5612
4798
5697
4211
3997
4171
4198
4223
4990
4209
4004
3983
4213
5633
4201
4013
4177
3892
3487
3880
4227
4022
3846
4168
4082
4849
3873
3962
4135
5023
3945
4996
5627
4204
4661
4144
4905
4195
4221
5034
4951
5688
4003
3835
4035
4028
4202
3946
4225
4203
4200
3836
3862
4224
4194
3996
4199
3542
5681
3513
4100
3543
4210
4182
3807
4192
4158
4185
4178
5712
4172
4142
4099
4188
4138
4112
4184
4153
4169
4190
4173
4865
4121
4120
5634
4186
4151
4183
5597
5643
4859
4977
4193
4823
4080
3944
4984
4113
3894
4166
4187
4152
4175
4176
4165
4156
4092
4180
4191
4118
4181
4147
4125
4098
4155
4148
4802
4141
4078
4079
4090
4161
3959
5660
5009
3969
4801
4764
2919
4966
3888
3642
4902
5022
4773
4746
4111
5632
4999
4105
4146
4848
5604
4839
4901
5057
2904
4844
5671
4965
5038
5010
2979
4097
2983
4088
4931
5170
4665
4983
4932
4077
4837
4128
4973
3943
3808
5007
4860
4847
4149
4956
4982
5620
4159
5003
4091
4116
4903
4941
5662
5666
4997
4069
4074
3810
4938
4071
4840
2982
5002
2977
4817
3679
4075
4140
5152
4917
3939
3809
5081
4114
3832
4914
5005
5052
5665
4992
5134
5029
3687
4110
4150
5006
4102
3940
3941
3887
4107
5012
4904
4094
4103
4850
5028
4123
4883
2978
5042
5013
5055
4918
3884
4093
3942
4070
3830
3867
2932
4888
3850
4898
3821
5598
5139
5035
4906
5024
5121
2903
3938
4988
5061
4816
5147
3831
2929
5133
4884
5110
5146
4891
3637
4971
3811
5094
4818
5075
5087
4924
5141
4913
4908
5140
3849
5137
4889
4946
4862
3822
4854
4871
4936
5132
3638
4897
5117
4851
4925
4890
4958
5125
4875
3823
4868
4892
5043
4910
4872
4943
5016
4934
5112
4935
5124
4944
4852
5111
4945
4845
4968
5095
4086
4954
5079
4961
4962
4915
5104
3863
2883
4870
4969
3683
4064
4926
4869
4853
4855
4909
4873
4876
4065
4863
4856
4814
4812
4809
4815
4846
5033
5026
5019
4972
4820
5056
5068
4813
5126
5044
4893
5048
5049
5046
4975
3848
5091
5032
4821
5020
5108
5014
5018
5128
5096
5127
5100
5098
5105
5073
5118
5036
5031
5113
5074
5114
5077
5101
5069
5122
5037
5106
5119
5102
5086
5107
5063
5097
5088
5090
5093
5085
5064
5084
5058
5083
5082
5070
5071
5072
5059
