287
271
259
293
74
58
285
295
265
291
298
272
273
65
299
289
86
3426
2633
15
279
286
294
71
301
97
82
278
94
284
2630
280
180
281
2626
3028
14
533
327
181
78
68
251
288
16
274
433
1775
1790
1788
590
69
5165
1792
1800
1755
4479
256
90
552
2624
4498
4550
4262
3042
3032
3033
5160
874
3665
3638
1803
3646
59
1761
57
2883
3242
3467
2148
4387
3241
5220
870
1466
3026
1837
2847
529
1063
4458
6104
2870
4393
2636
5384
597
1774
5990
2993
1778
3048
3656
1305
5130
3645
246
5771
266
2757
179
3893
4404
3049
5265
3022
1770
4252
484
1177
1425
3059
4381
3647
4539
6001
3468
1152
43
1366
4769
4331
98
1459
2073
879
4260
1409
5360
1185
2253
5966
3016
1387
6004
4419
1168
661
4211
1068
5967
4695
1773
3771
1835
1281
553
3439
2215
1428
1392
107
2653
4910
1116
600
4369
1807
5383
4463
1620
2889
520
5943
4439
1319
1164
3674
2848
3806
2234
1779
3007
2972
6203
4364
245
5744
5283
2074
551
321
563
542
543
2933
4724
5946
5519
4829
2710
2878
2069
1751
1630
3661
3000
4814
1258
3521
2772
4429
1507
4414
1834
4686
3333
1467
326
2637
2765
6098
4815
1804
2840
2229
749
3240
681
2771
2623
184
1464
2932
4843
3765
585
869
2945
3637
2921
3664
4693
3718
5365
3998
1501
4900
4553
6263
67
5376
4213
3450
4524
2476
1302
3131
5221
5266
3141
4214
2817
2302
2242
2214
1442
3721
2276
2262
2846
5489
2190
4515
4836
664
6206
1150
5351
2146
3039
1665
3197
1431
2438
1296
1290
2839
4286
815
4500
4430
5940
166
5416
1057
1358
6027
4355
5374
5289
2241
2764
2475
4332
3725
4591
4247
4601
3454
1062
4676
3194
4903
682
4645
4702
4351
3826
1840
5944
492
2781
6008
595
5726
466
3641
412
4770
2937
3808
3013
3832
3626
4359
4008
3192
4525
683
4160
4835
3566
756
3463
495
2858
4462
5863
6025
3840
4001
3035
3210
3841
601
4653
3657
3003
3570
5422
3036
544
1554
803
3518
4659
3453
1660
4825
2856
4611
384
5105
2599
6168
4972
4077
1937
5036
5730
128
2095
3077
2615
4957
263
4577
3872
5791
6158
5696
4942
3490
5693
48
2612
5731
3509
2075
5678
20
1002
5098
226
21
5626
1346
5204
5658
4560
5790
63
1974
1536
376
2606
2718
2171
2776
5030
5047
5121
3259
3353
5674
6152
5732
133
4078
5287
4075
997
4943
4971
750
4984
3994
4335
1117
5435
1510
792
1240
5430
2450
2465
5368
5885
1489
3135
3255
1441
1457
1393
5875
4380
498
3411
3136
4155
853
2826
1280
1147
4837
4263
1142
1440
669
5931
8
1115
2740
2220
5935
3111
5413
1389
863
77
594
4494
1388
2268
3880
6251
3107
300
2338
4471
762
5367
3256
1566
1471
5668
4973
4072
2559
3264
6162
2609
5806
6144
5700
4573
1315
4126
18
61
5194
1942
1341
5681
4930
5045
277
1965
1860
6163
5034
4705
5271
5801
5017
5755
5697
2100
5701
2376
1881
4976
4982
4997
2473
49
4901
6127
4142
79
5737
5666
1711
999
574
5342
4401
5955
5344
1308
6198
6195
1986
2043
4171
5736
4282
283
1861
35
934
2565
60
933
977
772
262
4447
6177
5653
4951
4133
4131
2561
192
1399
5671
5734
3273
2458
4290
93
3252
4088
3321
5123
1001
1946
2574
1908
84
4079
64
4067
989
1961
2602
4128
991
402
5712
986
596
936
5738
5149
2013
5217
6178
1960
1865
5689
153
1967
2048
2066
2070
2077
5694
996
1955
1007
1003
237
2129
5554
6190
6128
5800
658
3160
981
206
132
138
2580
369
3474
2632
1303
5805
5652
5081
5146
1767
1520
5675
5708
1836
4658
2563
5928
5371
5219
5214
2382
3555
4074
1968
5829
5337
6054
1535
3191
4975
1980
1517
2526
5091
5094
952
210
838
3199
188
2118
946
2535
5849
2521
6238
673
3464
2886
4670
1077
2908
6256
196
5575
2982
320
1176
3715
2944
6100
2902
1721
4666
3460
675
3481
6093
4445
3452
3711
602
2810
724
2850
3648
1079
3809
2929
2898
315
4894
4911
1605
479
1349
725
467
3057
1764
6084
4564
4641
5905
3382
5507
4640
3461
6118
4871
4480
4398
4893
3931
5876
17
627
1839
2917
393
1766
2725
296
935
3524
406
4576
4134
610
1772
4137
5008
2897
4031
5096
5843
5826
3234
5120
2537
5634
4073
2893
1977
932
5766
154
3677
2299
4607
4087
4065
2306
2536
2689
1737
4759
1962
5279
2483
5778
4954
4405
2529
993
2935
4036
4427
2743
5691
4384
4650
2145
3707
4483
5035
2528
576
1728
5049
2532
5147
5662
4394
3520
1565
3063
916
1274
4974
5148
5151
221
2727
2719
2701
1356
5072
5685
3953
6230
5460
1524
269
4961
195
5663
2572
1709
3651
2675
2709
2694
3174
2863
302
3413
1684
2550
4206
5323
3516
2008
2576
1710
5600
4378
1005
32
2607
557
4977
2571
5380
2018
3431
1294
2109
2110
5379
3971
4135
5654
5686
5641
129
1252
191
4189
3716
3514
36
4938
3230
1853
1796
4514
2375
4289
4421
3347
1959
2484
1982
3068
1742
112
5362
3236
227
1743
2119
5392
5827
4197
4536
1273
3428
255
25
4918
2997
1483
5051
3914
5330
3650
1907
4038
4652
1644
6224
4599
177
6139
4403
5656
178
1298
4674
5698
2089
429
468
5627
135
2575
3427
4327
2372
5190
151
5770
5053
2538
1752
1757
4902
2560
3087
2824
5452
2002
937
5039
5032
5037
5038
745
5137
5138
152
1228
2174
175
3304
6041
6235
1537
5584
4484
2264
3713
1708
1179
1253
5294
6187
1539
1890
4791
5717
198
847
2520
3052
5974
6010
6099
2116
891
1509
1401
2835
4964
236
5669
3305
3076
3051
6241
2115
4507
231
3783
1103
1900
1972
228
1910
2076
1741
3866
4890
5818
3455
779
603
2061
5672
1927
5854
96
6219
3088
5461
5063
2595
5411
6227
1530
3433
2579
630
1638
2777
1557
1953
3903
1029
366
2097
1035
1897
3922
850
4158
146
3869
3962
3961
3237
1930
5655
845
5684
3963
2006
4605
5375
2380
4936
6094
3569
3247
5369
3881
5303
3286
4014
2787
2327
3930
3137
3906
4530
1430
2799
4347
4552
3401
2767
4694
2677
3115
5783
4215
1812
3969
2194
1445
5912
1418
1087
1277
4633
5870
1458
577
3142
3377
2200
3239
2786
3138
4239
4248
4168
5897
3332
5434
2844
5808
260
3277
2854
5503
1607
2193
1190
4529
1954
4139
2093
5457
1320
3425
6267
5900
6141
5839
1419
1964
2681
5723
1643
5688
6247
4575
2151
3989
3417
5173
4413
3941
1917
2279
27
3024
2744
1958
1932
3944
6215
3913
2828
1973
1825
1996
2182
4944
5031
2546
5343
3089
2585
2760
1949
4385
2127
2122
100
1862
5054
4962
4196
3936
2218
1902
1022
3326
4720
105
4588
4418
244
1687
3886
4623
2378
3214
3415
1756
584
4396
6262
2716
1564
3985
4610
258
5356
962
4032
771
1928
5196
1098
1235
4884
4571
4146
3937
4917
4125
4606
1818
4931
2527
1826
2386
4934
1895
4005
2793
3501
5373
261
2554
4113
1532
1529
2645
1571
3006
3710
2177
2763
276
5677
566
2712
5997
4303
4124
2820
2172
1525
2770
5308
3945
5814
2774
2586
4090
3551
3140
3891
3352
2783
148
5183
6242
3320
3954
5011
6240
1924
4946
4176
4807
3050
5432
2336
2735
1636
3213
5530
3444
2736
5018
6160
2224
591
1849
5090
3069
6210
3672
2798
1526
6060
1864
5687
3559
2639
4390
2497
4778
947
1219
3309
3318
3348
3409
2142
4970
4326
5003
5002
5010
3105
5004
3381
2682
5280
4922
2155
2009
1970
2569
5661
2566
2041
2693
4224
1912
5189
6169
1753
1914
1402
3482
462
5624
5637
4316
1127
3908
3956
4033
38
2156
1283
5633
5485
2861
1938
3235
3423
5042
1911
4030
1055
4006
52
3709
1004
2270
3169
4981
3919
3829
2952
2759
4320
1659
6200
2150
4317
5293
4011
3915
2355
3921
1957
85
953
5185
1120
5299
5762
4520
1901
2160
2057
2445
3350
6211
1952
1050
3300
5050
3354
410
4044
158
6156
4027
1581
2183
2059
124
930
4100
1933
1010
5026
5007
3101
3272
4205
4204
3327
1488
5112
4410
3012
415
4046
4045
787
1867
3751
1513
87
1590
4062
2702
1674
1948
4086
99
740
1482
1919
5043
5033
6180
1024
1885
1011
4966
2140
3113
3095
2025
4064
1868
3082
3995
1722
3009
1898
3395
5290
5673
3622
3952
1372
1040
917
2745
2784
4496
1941
2124
1410
2519
3703
4927
5128
483
1896
6039
5184
3848
1076
5181
2133
3122
5078
5259
80
959
5100
4188
3957
1707
3380
2941
3066
5048
1918
1906
1939
1951
1871
1041
1905
951
3363
1738
26
3947
3974
1916
3148
5143
5110
2616
2345
1034
1878
5621
4284
2412
6038
4892
1523
5240
1014
1882
5692
2064
122
1421
5533
3083
2323
2674
1631
1855
5873
3900
4109
4040
131
1233
1232
2134
3485
3367
29
4328
215
1573
3220
1254
4440
948
3117
3124
2363
1879
1039
1870
949
1926
1038
1886
1904
1889
1230
1054
4950
171
2371
945
2524
3081
994
3349
7
2370
6032
2447
978
5819
3743
2001
435
954
1478
2209
2016
547
2050
4594
5779
4389
2462
3055
6023
3729
5859
1462
3920
915
4747
2791
5484
5544
4106
3902
4469
1805
4313
3774
6145
778
3317
254
149
3188
5613
3070
1936
2581
2592
3193
1956
2044
2000
1045
938
3217
2593
3335
5174
2049
5001
2577
3805
387
2388
6065
73
248
3578
3443
3275
5281
1304
5659
5258
4690
5632
5682
386
3747
3951
3780
2334
4271
1575
1019
264
5567
4628
5880
4028
4481
6194
404
2354
3094
1017
5207
174
3870
2517
1780
4933
5741
4201
5929
6171
2099
2030
2067
3311
1044
4916
6014
2373
1013
972
2413
2029
4716
4979
142
5630
1101
304
3905
4949
1891
2176
218
4372
3281
2307
219
4411
5629
5206
2531
2954
5553
2080
3582
6182
3649
3067
4625
6028
2974
586
5079
1078
143
3732
5810
1102
4809
377
367
2138
3867
2591
6209
4513
3767
3127
1503
4792
2344
5597
4664
380
2583
3097
2332
1042
3086
5784
4406
2951
4706
5679
5551
4402
5615
1542
2880
5024
5767
6232
777
356
5216
4099
3400
6022
150
618
5542
3418
2691
1237
164
961
3958
1047
240
4069
5961
1417
214
3390
6159
4482
527
2584
425
3959
201
5022
714
4267
4851
4218
4764
5175
3682
1563
1749
2667
5381
2806
3686
5015
1226
3885
4063
5170
5163
6155
4861
3399
189
5657
3990
5623
2638
3978
2088
4882
3940
5612
46
3558
2454
4592
1096
2186
2455
4921
5166
3098
3078
3701
4253
2845
4061
6264
6021
5093
1205
2978
4366
4035
3218
6161
4184
1426
5077
5611
2947
1126
5021
5617
2179
1848
2906
5450
526
5853
370
3788
2023
5453
2387
5773
3966
4996
4584
5069
5598
4987
4365
3693
4875
5620
5583
428
5605
3303
2601
5177
5393
66
3801
3511
2754
2019
3299
120
5573
5680
2543
5156
1556
894
616
6167
1192
2449
639
3040
3370
4763
3045
3231
3949
421
5476
3871
5572
6166
2027
2260
4436
4344
1246
825
6011
2135
5535
1494
2659
836
968
967
5625
1048
2104
5994
4190
5622
644
5397
1585
643
5695
2446
2573
140
3274
5171
2130
448
4415
4107
2542
3948
1414
5981
1787
1921
4673
5097
3608
2551
3899
3368
334
5068
3901
3446
3178
1210
2752
5602
1223
190
3811
4049
1227
432
1797
2428
6029
3315
5103
4668
1608
2964
5569
176
3929
4534
3733
3202
3358
3865
763
4485
3799
6261
5428
4870
3652
4506
1247
4698
2900
674
1813
4822
759
1555
1263
1795
3038
748
1673
1405
6196
4677
3451
4459
1261
1084
307
1820
1504
1340
861
1548
1553
1480
2629
2489
1966
1452
1810
403
4448
3149
5745
3573
2967
4169
3644
1265
802
511
311
816
1408
1515
3331
4637
1678
598
3834
3195
1251
1259
3736
1686
1508
754
4426
4425
1318
1267
1798
1345
1249
1591
4223
3842
839
1169
742
4558
3874
4679
621
3576
1145
4037
623
4746
5300
4699
4095
1519
2888
4441
3023
1785
3851
4185
4810
3504
1577
4713
3064
5714
4723
1486
1544
4111
1731
3758
4400
1975
1476
1827
216
2881
647
401
1671
234
1198
1511
4710
4487
418
659
4505
646
2910
2096
1215
3056
4651
4681
3621
3813
145
430
5201
424
469
1615
1675
3173
737
1541
4846
4531
3249
3923
1547
3190
5725
1661
963
9
6189
1474
813
3924
450
1100
3773
3250
4697
4782
4719
4745
2687
4839
2564
3821
3864
4397
3316
912
4755
4739
824
1732
1006
1648
194
4251
1218
4009
335
349
310
4743
652
270
1653
3772
207
6151
1681
1682
691
775
257
5108
3784
1614
3795
1601
253
3775
1935
3046
5718
250
3868
1244
2589
2007
6170
738
3756
3748
3133
3749
361
355
2742
3609
1652
641
2608
6231
4119
2448
1175
3579
1012
835
4729
243
622
494
1046
718
6165
2451
1843
931
1202
2175
427
225
1477
4023
232
2552
3058
1540
249
776
609
1833
3616
163
1777
1873
1534
4733
1647
1052
1632
1214
3577
1683
4647
4754
1944
4657
3072
350
950
3757
4714
589
136
233
519
3599
693
1543
1224
337
303
3770
1361
5709
2317
2282
2216
6130
5061
4377
6055
905
3855
851
974
3822
1475
6186
0
4680
54
22
665
205
1
620
698
3810
343
1229
379
339
5705
230
1559
344
3769
1546
1549
804
204
1212
329
357
155
185
4232
3861
173
3103
378
445
3737
1313
4388
23
1266
2578
2541
340
6226
5176
1491
3639
3838
2082
1592
3375
371
372
4324
2137
2024
1362
224
1625
4583
4622
2741
3470
1220
688
5111
636
3219
2628
359
632
1105
197
211
252
351
2730
798
823
1204
611
712
28
423
1107
2180
1586
2549
4101
2055
2065
2801
1365
5984
4586
160
4376
895
50
3750
1995
3571
5322
3288
2040
4098
4789
3374
2467
5716
788
992
3366
971
3752
888
6179
2463
3473
5145
108
2132
1490
3123
187
229
1213
223
220
1633
130
2046
1578
3502
102
2374
3159
1521
172
1217
4199
3407
900
1579
1154
3102
4386
1443
3493
1310
1629
625
4175
626
2539
444
4379
3328
1245
4757
4545
4254
560
1670
6250
570
1887
5756
365
5592
275
3298
744
4301
2544
4298
4708
3312
4258
5754
1892
2641
4907
53
699
2690
3790
1221
1193
4392
1195
1380
4015
5628
1847
144
5977
3109
4408
1677
2161
4323
2533
5588
624
914
3162
5616
5
2548
3207
1512
1622
5528
1206
2026
4468
4291
696
3938
6138
2811
3818
3477
159
111
799
5570
4360
3852
4186
6129
6009
3018
3823
2424
5136
2439
3164
3096
769
4295
5998
501
1637
5644
4535
4620
5182
12
358
3226
1199
2832
1863
3156
2833
5558
1815
6184
409
784
3345
2530
4200
2547
1997
3996
1189
3787
1211
958
199
3760
485
3776
3777
4896
3610
3073
2708
3807
707
3745
3830
3177
907
4117
3719
1668
564
3027
3611
500
506
1104
1623
569
3727
3916
4017
1463
2230
827
4173
5076
2112
4416
2058
6120
3734
1991
3859
1208
3789
24
1666
5813
4741
200
305
4895
3814
1156
475
4715
965
555
562
4024
3791
4207
1435
811
4662
3421
3402
4555
4849
3689
4443
1468
5953
4103
118
4614
30
4801
2813
1672
6246
1081
3180
3839
1191
789
2596
2789
1822
3763
4278
1250
4613
6063
3726
5234
6252
4923
2516
3863
5799
3422
3244
4675
1545
4240
3836
6115
2514
4116
4123
3845
3800
4627
4722
6175
4737
4237
4343
909
1403
6147
3313
2217
4665
6176
242
2231
4608
2505
235
4488
3547
3176
4773
353
170
530
3261
1688
1650
2251
2635
573
579
4967
238
3782
1307
897
391
3803
4740
571
3955
6213
4721
3984
1369
3965
2105
3723
4510
4953
3325
548
567
338
559
3406
4619
193
3815
3825
4538
5514
5560
4749
4709
2078
5401
3617
3753
3605
3465
3797
5593
3741
1484
4424
5115
1621
4420
1385
4711
2555
4361
385
4692
4391
1375
3997
3890
3251
2525
3172
3189
1181
1141
3403
5559
3104
4876
3675
5483
1842
3280
4174
782
4444
5131
5394
5844
4272
5608
314
1460
1216
4183
973
3781
333
3740
3243
4191
4855
4756
3877
4143
92
3875
3862
4297
360
3430
4432
3884
1562
341
398
4654
4726
3290
539
3612
1328
510
4409
3525
4177
3538
4048
2440
4236
746
5309
2348
1872
2427
1111
5251
2540
1740
588
3738
4334
347
5972
502
3793
4342
2205
1321
581
1990
5837
726
635
452
4887
3030
3761
3792
651
1363
1669
3541
3762
3487
4649
3746
3584
4363
139
3742
208
1655
607
1679
4728
4029
4752
3858
4230
4845
1209
1133
1248
4051
4273
1332
687
1178
1335
821
4147
3991
3552
4874
2010
1325
5273
6202
4118
666
4310
4178
2553
2014
524
899
4648
739
6243
2853
629
729
1373
1747
2747
3846
4734
1367
735
4092
4646
6192
4718
6136
503
1329
3812
1350
1344
3739
3828
4021
4820
4688
4707
5715
1334
4639
5640
5704
1801
470
4412
5757
3386
3581
4058
1291
1649
4203
6
4618
4093
4084
2619
701
2509
5858
855
6035
3882
2149
3472
2522
1492
1324
1436
4785
2988
4753
704
2907
781
3563
5336
4374
3225
1439
1357
1658
4104
4682
1487
4259
3722
1297
2534
4834
3992
3198
3804
642
4725
4808
4020
491
3860
670
4434
1354
1268
4026
3853
4669
3212
4751
6183
3282
4097
4735
4750
1415
4687
957
3755
1404
1485
4375
3440
1662
481
633
4244
3497
1433
13
2515
615
1656
4738
1499
6040
4151
3227
2838
3084
984
3764
612
3528
711
657
4082
3837
4696
3833
3754
3918
4732
4453
3623
1516
1730
685
1657
3786
3602
720
3950
637
1498
4438
4467
4638
3802
4456
3619
649
3843
3819
3575
1317
3492
3574
4449
3636
5074
3065
1550
4841
741
3607
2622
476
3827
3620
4660
5055
1275
446
3844
1453
1311
426
3847
5980
4450
6253
3973
6164
1000
6172
3615
3835
6133
4114
3850
4727
3849
3778
4399
4731
650
6117
3209
1505
40
3857
3634
4689
6003
1479
1533
4431
1157
700
5719
3816
4848
4865
4758
4704
4007
3628
6137
1500
3583
3735
4683
3625
4293
3696
796
486
2222
1663
705
482
3624
911
3585
1635
3635
3129
628
3876
4883
3917
3820
417
1576
487
388
3114
3824
3580
3817
4742
3630
3631
3627
3660
532
4730
4736
4691
4642
4643
1493
4672
4423
3640
4644
3484
731
1333
4437
3768
648
910
752
323
751
1551
3606
3629
1339
1331
489
515
496
1497
1264
4867
442
3873
4630
4085
3633
3970
4868
889
710
1330
4012
4635
4382
4222
400
1295
474
3594
308
4433
473
732
592
4768
6222
480
966
4094
4717
3654
743
447
667
443
736
3667
1355
1155
3294
686
4869
3928
3074
541
4854
1676
1378
3946
488
695
4828
721
1680
1664
1595
3208
818
1187
2117
4371
1450
1799
6111
2613
902
324
4881
901
3557
4156
3697
1641
913
5969
1461
4235
3794
4765
3708
3670
1640
2590
4811
1197
396
352
1282
3047
1616
690
1580
438
4863
4858
11
455
1626
336
449
3466
3593
1384
2
680
676
6146
453
1451
3717
1222
3662
4877
662
4187
5125
1151
2289
1370
3166
4842
362
908
1817
6108
4873
3659
898
684
6149
1186
3883
451
1170
694
844
841
1207
4225
493
3091
4466
1360
653
3700
3614
1552
4905
1628
1634
4888
528
716
1137
709
454
697
1188
734
706
719
730
723
517
717
512
728
668
755
672
536
1646
4216
1423
3613
4766
887
3572
4003
4470
3898
848
638
1496
655
4891
634
4878
4667
903
6106
4615
440
4465
3550
3679
654
1567
4912
4491
4311
4879
4457
4022
3592
3498
715
439
3184
478
2625
490
507
829
708
722
1754
497
4762
6124
6121
1561
6116
6126
525
727
678
477
1382
3714
679
1364
689
1379
4000
4913
4442
660
471
1831
656
4909
3897
4872
6064
1136
4827
4813
713
4804
461
4025
514
534
3688
3080
1769
837
1809
702
3601
814
4898
892
4013
826
1085
1729
1617
325
4767
457
4452
3053
546
554
538
535
794
1603
472
1619
1782
1376
1560
578
1383
1645
523
3587
549
3060
1371
4685
458
4859
3896
441
1830
1745
4661
3079
885
561
509
460
508
3588
987
990
4904
3187
1381
904
2108
2871
4461
332
4002
568
3892
1627
3798
5759
6259
545
459
3939
1312
1642
1750
1771
1602
580
456
550
540
572
504
521
1760
522
565
558
1739
556
1786
4684
1343
4793
2807
770
677
3029
1292
4636
1618
1838
1083
1613
6102
1323
3093
4383
3034
4671
3116
1596
3730
3263
663
786
1429
3037
768
2232
516
2614
3110
4678
1604
875
390
317
1600
1306
614
531
3731
890
877
312
3643
4819
849
3586
3054
363
3044
671
1612
6092
1594
1584
431
434
1712
5728
831
1609
613
785
313
1606
420
3495
1599
830
368
342
832
790
318
1272
1570
791
1569
3158
3653
846
3090
1611
162
4798
4544
3595
1502
419
4358
1086
860
871
867
2239
842
6113
810
413
856
1377
1338
3632
309
4880
1422
1132
5246
767
1174
1051
1583
840
3604
319
764
766
381
881
414
896
161
3414
3201
6132
3456
322
1082
1593
364
1572
882
2233
3505
886
382
854
884
1589
1434
1598
3262
3351
3112
70
3157
4908
3655
834
872
316
822
4866
820
354
95
3324
2339
4338
1597
1437
116
4899
3196
4604
2240
375
1149
1412
2091
876
3170
1610
893
1582
1587
866
3561
374
6122
3560
346
797
537
868
805
2247
833
1397
3534
757
3508
3458
1481
1348
3462
1391
3553
864
1368
3420
747
800
6212
2063
4489
1574
3507
1374
3457
4454
806
2103
1163
852
3503
3556
373
2038
4889
4266
2106
241
2051
793
2139
3878
817
3357
3972
3150
1093
3480
3537
819
1806
3519
3522
843
3515
4234
3680
1260
3405
3510
3527
3099
3512
3459
3548
1816
3529
828
3356
408
2620
389
39
1832
3542
3359
3549
3408
3494
3369
2318
2131
1829
4250
4340
5733
2582
3362
2159
2283
33
6193
880
1200
3513
2126
1449
1999
3397
1470
858
3531
3396
1064
1518
3179
3185
3139
3532
3535
3526
3540
3544
383
3546
411
3536
3543
3685
3517
3530
3322
3389
3483
395
3412
2238
3323
783
3394
3371
2328
1446
3562
1473
10
3376
2121
2072
2102
3704
3391
3120
2068
1495
1270
4850
2120
1110
4886
2021
2290
2621
44
2136
3999
4897
4786
1309
4246
3642
3591
599
5059
45
3364
4319
4840
857
2166
1238
3385
2325
2158
3223
2090
2221
3673
3684
4833
4149
2111
2252
3683
3888
1456
4060
1465
3346
1808
1811
883
3589
55
4557
1255
2353
5648
2098
1123
1819
3596
4306
3165
4596
3041
1278
4823
1234
2092
3182
4350
6153
3698
4779
4245
3935
1694
169
109
1396
4068
6101
4333
1071
3245
4885
4249
3424
1823
6005
1201
2083
2071
4455
5215
6091
4367
1455
4144
1097
3887
4349
4587
5244
3365
3720
1128
2617
2154
4217
2311
4626
2284
1424
4108
4231
5660
3982
3927
1106
5075
3986
4221
998
89
2223
4004
306
4242
4283
4542
4818
1135
4632
1173
4269
878
1427
2031
3204
1203
1122
4593
1144
6067
6220
1716
1527
4460
6081
222
1828
3224
4305
3449
4824
4787
4309
1180
1162
3132
3907
5568
1880
3981
4261
6135
4537
6085
1184
4241
4602
4276
1134
1406
2152
4631
2170
4255
3128
2362
4598
5642
5095
5410
5643
3478
3486
6080
1269
2173
4847
2356
1166
3152
1472
3118
3618
6020
3879
2164
3983
6086
3964
4784
4634
4307
6076
1271
4296
1326
4508
2114
3988
5152
4071
3221
3925
56
4567
2168
4238
6036
4341
4528
1140
6201
4543
3222
4860
1129
4526
3496
2326
1814
3216
4256
3926
4597
3476
4270
4556
4569
4603
4356
2545
3933
1196
1284
4287
4562
4294
3154
1337
3479
4540
1139
3491
4337
4541
4279
4304
3388
6050
1094
4220
4490
4302
3934
3724
4110
1353
1347
5992
5245
3500
1316
1279
4617
4339
3894
1090
1327
1160
4812
4336
3942
3889
6015
3987
1143
5270
1262
3932
1276
5089
1300
1124
1183
4016
1257
4527
1148
5722
4348
3471
3161
1131
5144
5758
4492
1165
1299
4554
5102
5056
4018
1256
2011
5114
5186
4198
1239
3330
4010
6254
6024
1089
4906
1352
1289
6072
4059
4264
3398
1109
5838
3678
3568
5425
1159
1359
1161
1088
1301
1285
1172
1125
1130
862
1153
3895
1241
1194
5291
1242
1095
6119
1243
865
3119
5248
1448
5952
3153
3943
4170
4800
3668
4373
6107
1146
5329
5247
2753
6095
4775
1158
4019
6105
3712
4772
4853
1447
3705
4581
3031
5635
4265
3669
6258
3126
4066
4857
3728
4826
5064
6266
4852
5154
4314
3565
3590
6071
6112
5636
6123
1138
6047
6082
3663
4202
4152
4595
4464
3597
328
6046
3147
6268
4357
6077
3658
2053
1416
1121
4057
1395
6057
4771
4153
6059
4
3384
4832
4330
3302
6042
4257
2032
4193
5141
6083
5848
2254
774
5315
6188
6109
5649
5960
5191
801
3506
2837
5647
6134
5828
1713
3447
2211
1444
1438
3334
6002
6026
4802
4159
4055
6066
1992
3183
6221
6031
6087
4308
5970
4799
4774
183
2045
6052
5278
3378
6053
5988
6006
3206
3432
760
5116
1998
3567
2301
2357
2291
4579
5752
2047
247
6097
2219
6061
3329
4268
5065
5971
5113
4831
5973
944
6110
3200
5645
1993
6056
4781
5874
3146
3297
5066
2028
1821
2237
4777
3268
437
3125
3145
2037
1407
2036
773
6069
5126
4844
4805
3205
3448
6049
809
5989
4053
6051
3130
2249
3171
6012
3598
6048
5958
6096
6007
3151
6070
6058
3167
6062
6016
6043
6019
4056
3238
5746
5820
2271
6088
3564
6045
117
5995
6033
6044
5292
3143
6030
6265
331
2054
4165
2015
2181
5830
2313
758
2312
5985
3469
6000
4816
4164
4817
4776
1988
1989
6017
5753
4862
4838
4167
5793
2358
2178
4161
5968
5857
203
6037
5957
5954
5153
6245
4172
2184
4120
4940
3355
5845
6239
4243
5395
5856
1702
282
5956
2894
3319
4208
4219
3360
5106
3393
5742
5965
4318
3342
5729
2646
1841
4549
4548
6255
5963
3429
2379
5646
606
921
4788
5740
5964
5743
4830
5959
5999
5982
4162
5135
5948
5949
4054
4275
4321
5101
4795
4806
4914
212
5987
4157
4163
4995
3284
5772
4194
4969
4920
5795
209
6228
5817
3435
5142
141
182
4561
6199
4277
6018
4312
3276
6260
168
4112
2996
4122
6223
5765
5088
2717
3295
3293
1066
3437
1736
4519
51
4986
5404
1032
2819
2248
4325
5976
5975
5785
5796
4980
5890
5881
5751
4993
4988
5847
5809
5750
5869
4915
4983
5833
4919
5986
5821
5807
5792
5962
4947
4115
4968
5951
5761
1987
2042
4274
4939
4948
5846
4121
1789
5893
6075
147
4354
4166
2314
5887
5804
5902
3344
5409
3372
5855
3271
2823
5202
1945
5639
5638
2649
2261
3340
6229
1065
3383
5132
5991
3285
1394
5895
5749
4960
330
1015
5140
2266
873
5896
942
2785
4511
1118
1036
2887
922
5919
1869
2803
1715
3228
5230
2851
2431
5871
5842
5440
2809
1112
165
1717
2961
2210
2816
2707
5438
2225
2464
5479
1413
4229
2775
5861
2706
2359
608
5179
2790
2366
3338
5087
3387
2496
2950
6191
1765
2478
4353
5836
605
2692
2780
3404
5748
2308
4322
2652
3301
6205
5822
2322
5868
4945
5934
3373
5400
4989
1390
1802
5739
290
2265
34
1056
3134
5932
5603
5532
3001
2477
2487
4504
2417
2768
1781
4315
2556
2562
2733
3441
5883
4959
1734
202
5406
2903
4209
4070
5499
2904
5777
2855
2955
5587
4476
5577
2333
5124
5619
2300
5904
2426
5892
5939
5907
2642
1027
5908
5594
464
5901
2882
5812
2368
5922
5950
2493
2418
2275
2651
2432
2884
5581
5606
5610
2286
2867
604
2998
2769
42
2872
3341
6207
2946
267
2896
3343
5599
2825
2852
5540
2922
5903
5213
5357
5444
1762
2381
5527
5338
2938
2512
5589
5396
3283
2670
2654
2486
1073
4523
106
5582
2399
167
2857
2876
41
5886
5891
5545
5914
2868
5918
2927
3
5082
2916
2398
5609
4210
5596
5941
2650
5614
1703
929
5825
2510
3017
2865
2976
1025
4941
2400
5129
2369
2389
1746
1020
2647
5086
2501
5566
2794
3419
3043
1067
5509
1852
4955
2364
6237
5520
2648
2862
2474
5254
2936
5188
1704
2977
5134
5604
2918
2384
2899
1053
2934
2928
465
2986
2958
928
2963
2995
5835
2942
2873
134
2874
5601
3292
926
2405
1718
4503
2361
1714
2508
2966
2843
1725
2931
1074
2397
943
1075
1061
2060
137
2360
5823
1733
5301
5586
4532
2365
1793
2003
3392
1963
2488
1026
2513
5920
5882
5546
5501
1060
5580
2953
2504
2831
2912
2973
2909
925
2970
2830
2724
2892
2383
1783
2410
5923
2939
2943
2925
2940
2720
3361
2406
2980
83
2994
4522
2482
1705
924
1923
1724
2971
2390
2779
123
2924
5834
2915
2968
1903
5888
4925
4370
5788
5824
2481
5945
5936
5913
2429
2812
3336
5571
3008
113
5776
2671
2960
1877
2836
5500
4926
101
2990
5926
2658
923
3416
1726
2985
5899
3002
3337
5927
5889
5878
1070
3339
297
2679
2923
1700
5816
5937
927
1069
2686
5898
2979
5909
2655
5921
1701
5774
2879
2864
5942
2957
2656
2905
3004
1072
2987
2792
2822
2208
2989
2802
5862
2992
4924
5915
1113
5910
2926
4182
2456
2666
2714
2804
5877
2470
2913
5924
5840
2891
2866
2441
5911
5925
5780
5864
5930
5865
2981
5797
5786
5775
587
5841
5763
2895
5850
5787
2766
5811
2657
2815
2017
5831
3015
1723
2700
2821
2999
2969
5815
2721
2805
2914
3021
2773
2818
2762
2414
3020
5852
1776
2842
5851
2732
2206
2697
2849
2722
5867
5866
2800
2975
2808
1719
2738
127
2959
5832
2401
1735
3011
5798
2782
2661
2758
2829
2834
2797
2841
2640
2788
2814
2796
2778
2751
2956
1693
1689
2984
2749
3025
1851
1692
1706
2715
2962
920
2748
2949
1768
2734
1784
2728
1934
3014
3010
1080
1691
1876
2346
2756
1875
2729
2739
1695
2662
2685
1690
1794
2678
2920
940
1744
1925
2713
1884
1850
2684
2930
1696
2723
2750
2696
1909
1899
1699
2711
2705
1894
1913
2704
1846
2676
1922
1845
2699
2698
2683
919
2669
2695
1874
1697
1866
2919
2860
2859
2890
1844
2869
1698
2877
1883
2703
2664
2665
2663
31
3278
2411
2204
2207
2495
2500
2460
121
2367
2494
119
3270
2490
2343
2330
5302
2502
2203
5288
2472
114
2518
4533
6208
2471
1119
5562
2415
2349
4546
5264
5249
6154
4516
2342
2340
2350
4518
2303
2468
4478
5272
5359
2402
5316
5339
5576
4329
2377
3310
2506
3291
2404
5437
2435
2274
5529
4497
2285
126
2392
5331
4195
2228
2297
5429
2202
2329
5579
2498
4501
2442
2315
2351
2469
2309
2319
5324
2347
5590
5463
3289
2189
2479
5585
5161
2227
2385
5487
2341
115
5084
2391
5117
1386
5180
4502
2337
2499
2416
2352
2452
2403
2407
5426
4477
5311
5139
3279
2430
2433
4475
4228
4227
2393
5358
2212
110
5325
2425
6217
2257
5664
2444
2491
2199
2459
2198
6236
2201
5275
2324
2492
2453
5150
2331
6216
2296
5262
2197
2443
2335
5552
5386
5403
3296
103
5508
3314
2320
2196
5421
5208
6140
2434
2437
2423
2421
2419
2436
2461
2408
2466
2395
2192
2420
2394
2396
5364
2191
2409
5099
2507
1114
5433
2281
5353
2422
2272
2267
2304
4512
2321
2246
2485
2316
5591
3211
5276
4043
4081
5402
2269
5445
5387
2480
6218
5390
5205
5340
5456
1108
3246
104
5241
4493
5431
5363
5449
5531
2280
5412
5333
2256
5228
2292
2195
2294
2277
2310
2295
6244
5420
2213
2255
2305
2226
2243
2511
2235
2263
2278
2293
2244
2245
2287
2250
2236
5407
5209
2288
2258
5211
2259
2273
5595
5274
5345
3287
5565
2503
3269
4474
5464
5564
5502
5388
5511
5522
5085
5547
5319
5439
5229
5506
5534
5563
4041
5515
5389
5332
5523
5557
5418
5550
5250
5235
5341
5239
5525
5238
5521
5549
5526
5541
5536
6214
5488
5539
5538
5462
5510
5242
5512
5543
5537
5458
5516
5524
5255
5459
5467
5252
5468
5436
5227
5378
3215
5447
5494
5518
5253
5224
5495
5455
5313
4042
5334
5442
5443
5231
5498
4212
5493
5236
5496
5486
5555
5451
5243
5454
3248
5469
5548
5348
5398
5268
5473
5480
5223
5466
5237
5427
5465
5441
5071
5470
5471
5517
5505
5233
5472
5366
5414
5490
5504
5491
5232
5377
4472
5419
5317
5346
5497
5415
5477
5372
4473
5222
5561
5257
5328
4089
5225
5578
5474
5482
5481
5475
5347
5350
5556
5349
5226
5256
5307
5361
5277
5354
5312
5327
5263
5574
5295
5285
5370
5314
5326
5335
5269
5267
5304
5286
5284
5305
5306
5282
5352
5318
5297
5296
