247
151
72
77
63
216
54
79
15
84
71
16
245
226
234
225
211
218
2905
68
242
88
2727
55
233
240
14
243
2276
238
204
224
221
150
41
235
2279
229
53
2726
200
64
4894
86
3822
42
230
2886
2760
2278
2925
2271
3819
3635
3647
1280
1020
3229
1869
2749
2756
214
1218
3703
3785
93
3768
1916
1933
1233
149
2769
4898
3907
596
1026
3956
3900
1270
2926
5166
3595
4
1277
1256
3747
207
3753
2275
3636
4610
762
454
4105
3870
4890
2770
3081
4598
2570
3964
2765
1111
3832
3233
3439
1276
3769
4407
3737
2687
593
4091
1266
2272
3818
584
1250
40
2578
2745
967
3562
5161
3756
3899
3930
4502
2289
4897
3563
4355
3711
587
3880
3023
3596
17
3162
4514
599
1227
2763
3357
1902
3793
4001
3121
3992
3119
4213
2439
3088
3775
2934
3228
2565
2405
468
3639
1571
3593
464
1226
3362
3917
1245
3646
3836
3916
1242
2438
201
232
3905
966
1952
3643
4137
1949
1540
3626
2929
2564
3152
3893
1131
3720
1516
3915
3422
39
3610
1486
1124
1279
96
4524
3891
971
2882
3826
137
4549
3627
3937
4039
761
3712
2767
4045
3300
766
5155
1069
2005
1955
622
3743
2370
3189
4911
1068
3714
1803
420
1770
1737
4964
5167
1579
2683
3340
1186
1510
1110
3729
369
2366
1870
4535
4023
1586
3301
92
1183
4212
3188
1953
4626
4963
3338
4125
4021
769
2574
1176
2685
368
1373
2379
3848
4682
2775
1381
4732
2924
1773
4904
3865
2396
396
3641
3564
4893
4550
2213
3270
1530
2559
4497
2930
103
1180
577
497
1498
276
3147
4634
3621
3993
36
70
1021
3640
4034
3222
5232
3315
3996
4622
3350
1230
4517
3602
3418
4207
4163
3724
1287
4548
2031
1269
4090
1492
3938
4126
1288
1924
1343
3084
1733
703
1732
651
5174
1545
1342
1121
4124
3093
839
2362
26
4910
1944
2713
1934
574
3072
1517
5170
5169
4147
3588
1900
1509
3889
3879
1578
438
1391
1115
1915
987
1014
1382
1215
712
3704
668
4123
1508
2150
2442
4027
2771
990
83
3790
4006
4631
1643
23
4711
4528
4614
4496
3347
3211
2728
3299
2762
4569
2819
2537
1283
2320
4132
4943
3259
4735
4745
4585
4925
3092
2036
1241
4599
472
3346
3118
2725
5250
4108
2350
2164
3706
1527
3302
3861
4753
277
3126
5256
4299
4286
2786
1614
2235
1780
2227
4398
2782
1528
4000
4315
2758
4245
1788
2240
4259
4891
4264
4287
4130
2699
4257
1679
1742
4926
4244
2229
2220
1734
4295
4331
44
1799
2891
4260
3470
3485
1441
3491
4940
1660
4294
3487
1713
4280
50
2576
1607
4981
4461
4879
1224
2312
4036
5040
2581
970
765
1211
696
2530
2465
534
5034
1259
1572
3713
434
683
4209
940
2080
3749
2020
481
4121
2484
2641
1642
1465
5277
2694
1398
493
1004
2147
5067
3846
4120
695
3087
2714
2741
100
4074
4733
1573
1964
1989
3407
3097
3022
4106
5220
1867
4298
2231
4949
4266
4360
1685
3489
8
865
3553
870
4156
3674
1639
1798
2261
1641
1792
4466
3493
4841
3477
372
1855
4292
1654
3531
2826
1682
1514
4330
2894
1650
1775
2549
1451
4974
2957
2347
2647
734
314
3497
4950
4283
4273
4145
2247
4847
2828
1761
1674
1658
4927
4862
4953
2238
4845
4009
3912
4390
5029
4236
57
1842
4829
536
1321
1482
1711
4868
3345
2827
2441
660
74
124
5008
21
3482
1756
1222
2332
348
2243
322
1436
3471
1841
1653
4243
542
4828
110
5014
732
2639
4267
5260
2790
851
4302
3479
1754
4305
4306
2605
725
4115
4134
508
4576
4584
4080
2241
4332
679
875
2730
2811
3839
2748
3065
4869
808
1648
1726
901
3484
1502
2628
4449
620
4255
2656
586
2089
65
885
312
2333
1721
2224
2199
1400
1635
1229
600
1693
589
2052
107
4913
4341
1174
4038
76
2217
4498
2390
2394
1217
3953
3573
22
2696
3951
3903
3890
4814
4499
2159
3796
4912
4515
2774
3415
2447
5071
4354
5036
2772
1212
3877
260
217
3833
3450
192
3026
3651
4504
2908
4713
1569
433
1122
3710
1298
3548
4553
1347
3365
3887
3767
1581
166
4464
1484
1633
2431
2321
2752
807
3551
3940
3399
4307
4313
3536
3685
4336
5172
3541
4399
3319
20
3380
1697
3435
1627
1852
3455
4966
2059
601
30
858
857
2739
4999
4239
3526
1694
1755
2292
3498
1412
1806
1787
51
4592
4597
349
2795
721
1688
1684
1698
61
18
2369
58
3999
609
2357
4418
4976
2680
2729
4013
38
1632
1608
46
2849
5163
3811
917
469
3486
3495
1566
1689
3501
3457
351
4969
1878
881
4808
4938
2221
1415
2881
862
2824
4316
75
802
4885
4284
834
1680
2228
4250
2234
2754
3091
3106
4376
4394
1879
19
2016
1783
2301
720
2300
4849
1330
4254
4288
4263
4278
2751
861
4872
1500
3463
1602
4377
3137
515
2287
2481
4752
1718
3465
2191
2487
2339
4854
2281
5074
4463
621
301
2152
5188
1765
3025
2611
1445
4867
4071
5080
753
4427
4848
1592
4455
4871
4385
1328
747
648
531
549
1832
1861
1858
1447
4422
319
4150
4443
900
1725
4833
183
2734
1458
4650
3554
2885
3238
1314
3466
1332
4002
1460
4166
2902
2063
2023
3369
3237
4226
4335
1285
2071
1777
2340
315
4370
4351
4941
3480
2246
4882
5018
2994
2889
1318
4414
1790
4805
535
2783
4383
1235
911
270
1325
4860
4392
672
1719
1857
961
4309
4311
2189
4184
1209
3697
4172
4405
3866
2854
3998
4361
104
2252
5070
148
2717
5073
4659
4410
2176
5026
1636
2120
1331
114
300
299
2597
3535
2634
4428
1749
4389
4932
1840
4396
4425
4922
4413
4863
2175
4857
4408
4175
2316
4440
864
2469
4272
2594
4670
4079
5004
1723
5204
3566
5082
2960
2550
4613
2610
3170
223
4840
1333
2962
2879
4902
957
5249
1626
3464
4367
3099
843
3095
3111
4435
4839
687
5175
447
1638
1645
405
1603
2923
2723
2743
2046
1378
1289
1784
2290
1388
3080
3268
1185
2499
1404
1281
1409
1262
2563
2917
973
1454
3089
4111
3995
4358
968
1410
1499
495
1083
2918
1628
5171
3274
4211
3127
1232
377
1476
5055
3161
1191
2374
527
1932
4136
804
4030
1017
455
2791
2027
1432
1406
4896
1248
1284
1301
2257
1202
1473
2308
1239
1478
2915
1260
3040
1814
902
1265
2614
2625
935
860
1520
404
856
3278
1472
697
1293
594
1859
511
3109
893
1249
1762
3085
99
2144
1538
4850
781
1438
1450
876
880
2992
3064
2105
910
1257
1240
1416
1327
3177
4342
1286
846
835
3041
836
3083
440
2263
2916
612
2541
855
1448
2676
259
1618
4895
4892
908
4426
791
784
3132
777
677
1481
2467
1596
606
4348
2958
4870
558
4903
748
4397
4386
2871
2506
1078
2478
2402
2600
1598
338
4865
4625
4346
548
1647
822
2552
2814
2837
2838
1644
418
1624
664
346
3282
1444
2900
4415
4608
821
4874
2327
1113
4804
913
2974
2503
1329
2920
2864
624
3432
2973
2898
2844
421
1731
3193
111
4340
1649
4349
382
4083
2866
605
2251
2956
2984
1251
4563
4318
4998
1766
4227
1629
3028
2494
628
2986
2788
2892
1489
3660
1443
2497
4988
3723
2264
2943
2222
2847
5050
2518
2361
724
827
4959
2453
4636
559
2521
736
2297
563
4362
5084
3160
2991
4843
1831
4174
4494
2719
5254
2895
3078
2177
2666
3544
2651
1620
5027
4206
248
4445
828
829
5268
5007
1521
897
826
909
899
723
891
825
2459
2996
2733
2526
2846
2942
4684
4617
155
1503
1118
755
1054
790
2510
3280
673
2673
588
816
1357
5006
2076
1324
1735
1377
2008
3003
759
5196
1708
1707
867
2872
399
907
3110
2146
3569
2845
1625
1619
814
815
1385
852
4842
844
1264
2456
2072
3272
831
1880
2539
780
3001
2479
347
2839
5264
2861
916
1838
4490
639
741
1506
1407
4651
4438
3770
2368
912
4648
4835
647
2103
1904
786
1817
1543
992
1466
2211
3542
3387
3475
2946
191
1589
513
863
1504
1523
9
2515
4846
1452
608
564
1822
1524
3773
283
1800
1243
1565
2498
4337
1408
553
3260
2196
3236
4378
3800
2858
3207
1319
3000
5221
2143
2823
2334
806
4369
3002
289
3371
4433
326
457
2462
4923
2186
718
5214
4253
2173
488
1411
4474
288
1522
159
1402
2520
2893
1834
1862
1829
4851
2192
2874
1923
5213
4691
2298
1316
2738
1815
1801
2835
962
1153
3780
2868
3494
2223
32
2993
2877
2593
4802
4658
3198
2967
948
2430
582
592
2184
3366
2671
342
3295
3581
751
2273
3921
442
2596
5203
1413
459
4663
1282
785
4409
2998
4763
4538
1317
1564
1204
1203
3765
4838
2896
1435
682
1515
2720
4333
2919
1290
1746
2718
1341
3580
4347
1159
2591
2477
4218
3433
1819
1672
56
115
298
87
2236
1335
1437
2285
1220
3130
681
1994
2792
5230
190
3657
794
2492
1326
1722
2242
1337
2817
2471
1548
685
292
2966
2633
2041
1336
789
4429
5218
2822
1836
4861
3472
3502
2250
419
2329
3690
1714
3830
578
3902
2870
453
295
182
4439
3772
4087
985
3459
1768
3203
3854
2282
393
2965
2102
830
2630
3508
2315
2664
832
4816
3286
774
772
2491
2853
1968
321
3169
3320
1703
1459
3414
2975
1080
2878
4824
1553
1715
2056
561
1127
3680
2945
1646
2203
2863
2941
521
1705
1752
3601
4434
3125
884
2848
470
2348
2113
2856
643
845
1505
7
1420
3267
3312
4954
3467
194
610
3972
119
157
598
868
4875
2644
572
663
1610
2595
449
3116
2204
3476
1424
1531
632
485
1557
1561
3786
337
331
2668
4811
649
2395
1253
2081
3405
4293
5115
1821
1370
3738
2592
2207
2156
1835
5121
498
4795
645
4489
678
4889
2606
1089
2230
249
5045
2702
4967
5065
212
2598
506
1228
783
841
219
3751
733
1550
3722
1261
544
4971
3762
2088
4577
2330
1031
307
2613
1107
1805
3758
1418
3617
215
2029
2363
480
164
3798
1996
4676
2425
5119
3196
2999
575
1813
3232
1296
1974
626
2352
3220
3746
325
3694
922
1539
2869
3739
210
3186
2414
638
2342
743
2028
144
1839
1106
384
489
2690
4507
147
202
4322
34
4986
1905
2836
5072
3788
557
1045
3757
1549
1558
4961
4701
550
3256
1601
3271
526
3696
3504
381
824
1716
2322
4265
271
2952
3216
391
1529
4419
3875
4065
4800
3038
2356
383
222
2985
522
3575
4431
1365
3539
3231
2157
2225
5287
1457
199
1433
175
4773
1609
921
1554
2622
1117
779
2816
2921
5021
2722
4996
2382
1132
981
4462
2995
1637
4052
2202
3505
3783
1546
1315
3779
2025
105
3055
2990
3478
3883
2531
3851
947
1100
1683
294
3074
4989
3063
3043
2346
740
1387
2013
378
554
2983
1403
1992
524
3797
2511
746
4866
2643
1613
2253
850
727
5033
3771
4770
5130
1823
241
4202
4970
4794
4779
4436
4662
2834
101
78
1616
458
3579
950
2475
308
2542
2948
437
2964
2535
1401
4956
2988
3102
837
1414
1665
3829
2522
680
4164
819
659
133
726
2452
408
2573
1533
923
903
4955
4609
2906
2387
1397
2149
198
2661
2255
848
4855
4185
5186
2940
4456
2589
4593
3251
1116
2125
2608
162
3513
1434
509
872
924
2490
2411
5288
4387
4447
2623
2609
357
2977
4194
1367
2802
2460
360
2778
1544
4325
4403
4900
614
2319
474
484
756
4637
2949
569
5044
4412
674
236
3199
3210
4564
2852
3096
5252
5190
3047
2399
355
2979
2857
2167
482
3462
4241
303
2806
491
5206
1309
2017
3691
833
228
316
1696
1313
787
1252
2012
332
2022
3460
169
4049
4352
5275
1422
2392
4677
134
2887
3503
500
5195
2169
2482
2580
4094
31
362
2764
1950
3176
576
1151
2911
603
2776
4183
979
4173
2780
528
1440
3039
1395
81
2178
291
2170
1474
161
197
2897
2862
3550
3500
341
118
3510
374
634
2890
4661
1375
422
317
1384
2512
1238
507
2901
4815
352
641
2831
145
2403
1961
1064
3806
2168
2972
284
2323
823
2244
3101
4411
163
698
429
2705
2514
423
1453
1196
309
302
616
642
604
2504
2604
1368
1892
2201
443
320
1791
477
1051
914
708
306
2843
152
1475
778
365
646
939
262
380
853
2171
2517
327
2523
3615
448
1059
2815
329
707
665
463
894
2667
1065
776
2161
1825
661
662
2876
3019
597
2496
4493
2543
3609
4914
763
193
2821
2884
358
335
2345
333
126
125
2472
324
1297
305
407
196
760
890
2166
4086
287
905
537
328
293
2463
3024
432
467
3082
281
2987
2976
2480
296
691
263
2968
2355
2880
2867
131
2969
1383
2829
1826
375
1187
2193
2534
568
1166
930
1157
2091
2291
5267
3876
268
2464
336
2812
265
167
264
364
261
2313
340
2194
704
1
2922
2970
286
146
2182
1168
1421
1063
945
566
2710
1364
130
5051
2160
1560
810
1366
2377
854
1143
1631
820
1600
532
1417
43
631
171
2179
2978
915
1278
5243
359
1302
635
2963
471
334
2128
2982
353
4242
636
371
2378
2981
451
782
1425
771
2638
1349
2989
2621
1396
516
231
2174
165
250
2354
560
1184
3527
256
122
394
424
4934
4929
2326
895
417
1380
518
503
2937
251
2181
430
927
1392
413
1311
2245
397
4004
1594
290
1067
350
1393
339
938
2367
168
2331
2269
282
533
809
266
3005
2162
354
847
2391
1374
239
123
530
1495
2209
379
2474
2183
496
3555
2351
3008
3123
1352
2419
153
2488
700
267
2951
3075
1570
3006
3538
1338
5079
555
431
2133
1376
1066
1483
452
529
3158
3606
2142
1537
1559
556
519
67
1046
3014
478
189
811
1389
2237
410
866
1013
1442
436
1114
1542
2376
2302
709
1446
47
3815
2579
2873
2310
2807
2808
1577
523
2859
108
4968
5092
5110
958
5086
1562
3069
3695
1584
2364
1394
1824
3496
2810
1525
611
2938
3688
3273
1399
602
2002
1163
272
444
415
1062
181
591
1487
4906
2
188
128
279
390
2631
2619
370
479
1390
367
656
745
3667
280
2624
2636
499
630
3011
2850
177
607
1519
3048
1105
1427
4944
1736
749
2309
1060
2599
113
1552
773
767
754
573
1431
1348
1350
1429
1363
1568
640
1555
2386
205
4960
297
2324
1149
1591
764
1687
1576
160
395
173
1428
1135
812
3120
1430
158
658
1588
1678
366
2556
567
1099
1360
1507
386
775
1304
1058
2607
3029
2401
2317
1362
1599
1535
1423
562
1096
411
456
487
1426
505
1351
581
538
617
1449
1244
615
398
619
3135
1142
2343
1344
392
633
1582
494
409
525
2274
644
1580
1175
1369
441
502
492
849
414
675
412
758
2457
1700
406
984
1587
253
3007
739
2586
1534
1796
705
388
618
387
1583
446
510
501
1156
427
1371
1575
1532
1585
389
625
1147
1551
655
1541
1345
2583
540
2585
652
486
1081
512
3012
1497
539
904
269
273
1126
886
623
450
1563
888
3009
376
3113
896
3015
520
416
3013
2689
2505
2577
1518
693
425
1145
2955
1136
1172
1173
1359
1085
731
1310
1167
1162
545
1372
1084
788
1161
1154
1178
1485
1189
1593
2954
1590
1171
653
1340
1188
2635
1346
1830
2548
426
517
706
1038
1820
689
1291
1640
90
770
690
1339
3004
889
2642
2233
1165
1160
1574
4215
1139
1258
1093
1307
1206
710
5
1255
439
714
654
676
980
694
1179
702
1082
1155
941
400
1016
1477
1254
1901
1808
1306
1271
1491
1170
116
2349
716
738
650
2912
1148
1177
1158
701
730
1676
1816
1361
1299
2468
1134
1828
2674
13
1300
1738
2547
711
713
1294
715
750
2691
1182
983
2637
800
942
1152
541
1651
742
552
717
1208
445
657
1811
2572
1818
209
686
109
2483
2303
1095
2508
1526
2747
2910
737
729
1743
1199
986
1181
2657
1037
1903
254
2575
2500
1048
1268
1207
1701
735
461
669
744
1138
1097
719
1098
1536
1130
2538
2682
1779
1237
1267
757
1308
1303
949
2561
1669
1125
257
1305
1496
2338
1456
1119
943
1630
1702
1164
666
402
2566
1201
1146
1029
285
1794
1785
1141
274
699
1512
59
1739
1906
1455
401
1463
1052
2416
1056
2429
1710
1789
0
1772
1634
1077
1042
1922
2533
2545
2519
2344
752
27
2558
1090
1109
1849
959
1846
797
1468
2652
2304
1137
135
1622
946
514
2560
2568
2509
1312
1804
2524
2554
2536
2527
2384
1150
2832
799
1866
1043
2646
2341
1763
1652
1709
918
728
1010
2485
2470
2528
1461
2473
2567
1462
1656
2335
2677
2553
2557
2513
1295
919
2337
2486
2353
998
1464
180
926
2544
2658
2502
2359
2318
2551
2665
838
1704
127
2360
2501
995
1009
2299
928
1292
925
1724
12
1951
187
2306
2529
2663
2569
944
1061
1470
982
2562
1753
2675
2678
546
1469
1493
1962
2659
2489
805
1802
2516
2476
1480
803
2466
818
1617
2305
1479
2670
2669
2455
1140
920
1848
667
1623
1003
2662
258
1812
255
1120
932
795
2684
2645
1075
476
5098
1104
988
1200
2655
2679
206
999
1040
2507
2495
2688
1488
2358
1786
1073
1169
2307
929
1102
722
1810
1911
1076
1108
1019
1103
2660
1094
2163
102
1133
2629
97
2681
1621
1144
2210
931
817
2389
1027
2649
2393
2708
1024
2180
1092
45
185
1035
937
1795
6
136
2381
1807
1865
2239
1615
1123
1129
996
2214
2215
2296
1036
2218
49
11
1128
1050
154
252
1041
2198
2620
227
117
977
934
2407
1049
2398
1219
2294
2277
2380
2602
52
112
28
2375
1033
2039
2232
1053
24
220
2388
768
4116
1112
1847
1664
1101
1471
2449
3
2650
2195
1214
1008
1975
997
960
2632
2626
62
278
2412
2422
121
48
2372
25
2212
2432
2436
2618
993
978
1854
1015
965
2616
1047
2590
106
2206
1007
2216
2187
798
1071
208
1088
1032
2295
1845
5005
1002
85
29
2151
2603
2440
2406
2397
1971
2454
1729
963
1234
2208
2055
2205
2197
1044
213
2283
2443
2444
186
2127
1025
120
2428
1018
2437
2434
2903
1072
964
2385
4248
1055
275
2446
195
33
142
2435
2188
951
2445
2427
203
976
1012
2371
2417
952
2409
2293
796
1022
2448
1006
2415
2424
2420
2404
2433
2654
1988
2695
2057
1851
2426
2413
2418
2421
141
2400
139
1717
138
2280
4984
2408
2904
94
1087
4980
4973
1853
1001
140
994
5075
2653
4994
5112
989
5111
4952
4905
975
1856
91
5024
1868
2813
5030
1000
95
2284
2936
2095
2000
2865
1963
2947
2716
1216
2820
2026
2818
5048
1213
5052
4908
1039
5039
2833
4939
5023
3692
2030
1984
2787
1236
5056
1225
5088
2686
5017
2288
5097
3980
2124
1767
2907
5035
1993
2010
5136
1999
2158
2003
3568
1972
2841
4223
1894
5068
2018
1910
80
2104
2155
176
2842
4240
2875
3016
2139
5053
4907
5037
4807
2840
5049
1925
2172
1909
3157
5043
5054
3159
3052
1843
1028
2909
1246
1728
1247
5038
3661
2933
2004
2715
1896
3547
98
2615
1231
2148
2888
5031
1983
1797
1926
1011
1195
1034
3668
3666
3673
954
3073
5009
4169
1776
3053
5128
2950
2024
5148
5126
1912
2110
2007
428
1893
4812
2019
1928
35
1091
1936
5041
3686
1198
2034
1070
2270
4942
3677
5104
2784
3672
953
5063
5085
1943
3693
2085
1730
5032
5127
4947
3629
793
4238
2704
2053
2037
2711
2953
2165
3410
2830
2044
3665
2944
5116
2755
4844
2265
3689
5025
792
1995
3511
4819
5028
4282
5012
3684
3683
1005
3681
2750
972
4224
2050
2777
1086
1881
5047
1030
3663
2709
3678
2781
1980
5046
3577
4799
2961
1886
5002
3679
5042
2855
4809
3669
4297
2804
2712
2692
4822
3682
3676
4269
1890
2744
4796
3010
4946
2932
2001
1197
2064
2116
4806
5016
3578
3687
4810
4813
4948
3628
4801
4821
5022
2939
2935
5019
4803
4830
4836
4820
2067
4817
3670
2048
4339
2109
4818
3644
2132
2640
1889
5013
3582
3671
4924
2612
2062
4921
4011
2051
5069
2761
2746
3425
3306
974
2066
483
3525
1888
5133
4951
1891
2035
1194
4831
2049
2794
2069
2083
2045
1887
1885
2796
2070
2061
2065
2267
4754
3662
2115
2648
5061
1918
1913
2075
2154
2971
1998
3523
2038
4798
2043
3317
3583
1945
4359
3305
1937
2042
3068
2082
4915
4222
1990
5001
2153
1997
3570
2090
2757
3192
3174
4917
5060
3062
3981
1898
1882
5064
842
2040
1907
2014
1883
1884
2032
5096
2033
3652
956
4883
1917
2006
1929
2145
2021
1969
1977
3448
3556
4501
2011
1895
1935
5087
1965
1931
3122
2015
1966
3453
4256
3076
4131
2141
2084
3381
1193
3090
3086
4076
955
1210
2190
2185
2096
3449
3645
3565
1987
1978
1954
1939
1919
991
1986
1872
1985
1957
1192
1959
1871
1976
1956
1973
1967
3507
1942
4041
1958
1981
1908
3057
1940
1991
3623
3474
3142
4219
4645
4192
3318
3225
3456
4644
3528
3709
4983
4786
5229
5122
3468
4382
3825
5199
3791
5216
4916
3520
3838
1930
1941
1920
1946
1899
1947
1948
1960
1938
2266
1873
1921
3031
3734
5131
3129
4664
5261
3436
3124
5103
5059
4350
4401
1970
2883
4082
2077
4972
2997
4135
4022
4774
4117
3377
4221
4089
2913
1190
4179
4555
3701
4603
4734
5231
4619
5095
4165
3205
3506
5057
3115
3867
5139
1877
4064
5109
4075
3718
5118
2009
2079
2693
4979
4469
4777
4452
3136
3509
5140
3046
4710
4546
3649
4702
4791
4852
4780
5271
4539
3655
4690
4629
2759
3517
3285
5185
4047
2721
2799
3329
4100
2736
3139
4495
246
5132
3426
4519
5078
3050
4353
3675
5147
4557
4424
2797
5168
4933
3514
3049
4788
3154
4470
4467
3070
4723
5091
5117
4621
4216
4084
3519
5238
3156
3138
4792
4081
4797
4714
4787
5182
4781
3584
3607
4567
4491
4793
5102
4730
4982
3094
4901
4532
3051
4520
3036
3104
5209
4556
3242
4158
4141
3178
3516
5173
2805
3105
4420
4769
4604
3469
4140
3114
3098
4453
2801
5083
3871
4790
4785
3888
4107
3141
3020
4685
3434
4937
4237
3146
2931
4766
4789
2798
4778
5263
3144
3066
5226
5266
3131
3100
4703
4591
4252
4638
4465
3107
4345
4692
4858
5253
4323
3327
3077
2800
3452
3134
3817
3037
4261
4363
3586
5247
4458
3585
5162
3079
3438
3587
5210
4324
4784
4432
4196
4473
5145
5154
3283
4737
5280
3151
3664
5251
4764
4760
4122
3429
4716
4728
5197
4772
5089
4012
3571
4729
3112
4247
4509
5282
3540
5106
4697
5258
4492
2927
2766
3394
1914
4832
5284
3437
4607
3654
4630
5270
3266
4669
4783
4765
4391
4655
3252
5257
4159
3018
4704
4746
3603
5192
5153
4594
4182
4602
3813
4665
4457
3748
2078
5219
4552
4468
3598
5259
3378
3428
3185
4782
4856
4775
3803
3637
4199
4686
4978
4759
3597
3659
3700
4776
4317
4372
3424
4767
4326
4628
4459
3328
2074
4606
4680
3868
3859
5202
5146
4450
4328
3852
5194
4673
3058
3719
4430
4884
4379
3632
3858
5244
4618
4356
4757
3869
4654
4575
4406
3939
3204
5198
3045
3760
4142
4072
3314
4522
3618
4620
3060
4025
4329
3611
5201
3145
3567
4056
5236
3735
3599
4416
3736
4646
3594
4460
4864
4742
5177
4668
3612
3398
4672
3896
4853
4471
4525
3708
5233
4365
3044
3059
3326
4055
3831
4210
5207
3761
4586
4171
4605
4441
5255
4678
4558
5211
4544
5279
4020
4511
4220
3620
5114
4526
4671
4146
3882
4476
3321
5239
2928
435
4531
4472
4657
4738
3396
5283
5273
3872
4454
3699
3878
3316
4154
4566
5281
4568
3574
3608
1982
4758
4709
5193
4642
3853
5183
3634
3622
3402
3895
5265
4545
2753
3619
3881
3631
3648
4448
5228
4715
3658
3572
2735
3042
3227
5191
3630
3633
5105
4666
4920
5227
3873
4368
3855
3834
4488
4523
3906
3557
5212
3442
4647
3614
4635
5217
5108
4088
3856
4667
4371
3411
3835
4327
4572
3894
4587
5242
4693
4643
4705
4393
3752
3908
5278
4583
4093
4919
5223
3035
4623
3707
3843
3175
2740
4338
4554
4653
5262
5208
3431
3191
3702
3857
4388
5200
4540
2773
4506
4395
3837
4751
3698
4771
2779
3925
4679
4381
4512
5274
5240
3928
4530
4487
3546
2768
3740
4571
3600
4768
4755
4201
4198
3849
4899
4641
4595
4611
3941
2785
4203
4580
3532
4762
4632
3451
3067
3108
4674
3784
3171
4208
2914
4153
3721
3258
4640
3313
4649
4660
4761
4756
4747
4656
4652
4627
4633
3726
4639
3412
3840
4588
4722
3441
4485
4581
4484
4578
3725
4559
4749
4483
3892
4748
3591
3150
4582
1874
3910
5176
3613
4486
4181
4612
4750
4162
4600
3148
3924
4570
5234
3799
3932
3117
3194
4478
5289
4503
4541
4527
4516
4590
4579
4589
89
4560
4561
3774
4565
4624
3705
4601
3805
4521
4500
3828
4574
4596
3809
4481
4542
4616
4547
4712
4475
4477
4562
3590
4687
4534
4533
4886
3827
4482
3592
5235
3322
5222
3824
4178
3195
4189
3253
3279
3810
5276
3561
4688
4727
3885
4479
4536
4695
4689
4740
4675
4744
4724
4731
4707
4706
3589
4480
4698
4700
4694
4743
4718
4721
4725
4739
4681
4719
4683
4699
4696
4726
4736
4720
4741
4085
2073
1876
1875
3802
3325
3804
3247
3638
4054
3128
3103
3385
4204
3812
5215
3179
3269
3777
4073
3776
3807
3197
3168
2118
3164
3215
3218
3163
5225
4168
3755
3420
2134
3167
3624
3781
3250
3323
4077
3245
4061
3223
2697
4069
5224
4505
3244
4193
3263
4048
2086
3492
3401
3820
5248
3375
4188
3730
3625
4058
3656
4197
3808
3653
3991
4200
2851
3642
2135
3404
3397
3559
3173
3275
3764
3821
4032
3183
3257
3814
3763
4217
3782
3794
3778
3558
3324
3187
3214
4180
4191
3361
4067
4035
4060
3823
3172
3384
3202
4062
4320
3235
3537
5246
3166
3262
3403
3409
3990
3754
4029
3165
5205
5158
3254
3248
3212
3153
4008
3241
4014
4078
4066
3383
4031
3255
4152
3184
3208
3560
4040
3994
3304
3801
3033
4070
3816
3200
3789
3264
3997
3201
3604
3616
5241
4026
4151
3419
3034
3061
4068
3032
4059
3190
3261
4053
4044
3180
4051
3181
2707
3650
4042
3182
3406
2698
3423
5237
4057
4043
3246
3358
4319
4019
3605
3349
4003
3395
5286
5285
3413
3363
3989
3337
3303
3390
3427
3417
3408
4018
3430
4024
3308
4028
4037
3265
4033
4246
3979
3370
5156
3376
3389
3356
2706
4017
5152
3388
3534
3400
3860
3521
3533
5090
4109
3524
3530
3416
3155
3360
3309
3307
4543
4214
3733
3310
5150
4143
3393
3368
3543
4015
3354
3348
3352
3379
4186
4010
2701
3731
3522
3741
4005
3351
3934
3911
3373
4119
3966
4110
3339
5165
3374
3343
3935
3297
4127
5125
3512
3959
4176
4909
4357
3759
5143
3742
5101
2131
3920
3342
2140
3444
3727
3334
4918
4133
3529
4205
5077
2106
2097
4161
3545
5100
3336
5142
3945
3732
4129
5144
4144
2092
3344
2094
2112
5094
2098
2087
4102
2138
3294
4155
2136
3447
5151
5135
2093
2137
2130
4103
2099
5062
969
4148
4112
4101
4128
2122
2123
3443
2100
3914
2111
3728
5149
4149
3359
4104
4139
2117
2101
5058
2126
5160
4167
4092
4099
5120
4138
4170
4113
4114
5137
4157
4118
4160
5141
5113
4098
5157
4097
5129
5124
5138
3445
5164
5076
3440
5099
4177
5093
3942
3947
4095
3446
5159
4096
3744
5081
3745
5107
3841
3927
3847
3954
3842
5134
3845
3355
3943
3946
3976
3919
3291
3372
3341
3958
3949
3952
3287
3923
3974
3985
3961
3715
3948
3929
3983
3364
3862
3886
3970
3931
3333
3969
3382
3353
3288
3918
3909
3874
3922
3298
3331
3984
3844
3367
3960
3717
3975
3971
3335
3864
3973
3988
3716
3936
3965
3863
3950
3968
3944
3957
3986
3955
3977
3292
3293
3332
3987
3289
3290
3962
2108
2121
2129
2119
