158
62
70
71
259
245
236
251
61
261
63
77
242
253
82
16
234
238
86
244
87
260
17
254
4938
248
2904
4937
2279
255
1492
221
518
69
81
1500
2283
231
1483
222
1464
4944
2280
2278
1478
4932
4943
3150
1503
2930
3378
157
1489
7
2756
3368
4149
1324
4141
18
1496
2754
4159
4140
3127
471
1497
2285
459
517
224
1522
4136
1991
3078
3073
4263
1534
490
484
381
2543
2928
2727
4147
3072
516
1544
1537
1526
156
2927
511
2528
3161
376
1508
2524
476
462
4132
477
2448
2550
3064
1436
4122
996
3858
2440
1982
4215
1210
562
96
977
1802
2274
5242
262
1424
2298
3151
4153
4962
252
3114
3111
737
1006
5206
4186
5199
2568
1556
4197
2926
588
1501
3145
4205
3938
5090
522
3157
256
3123
247
2511
2420
5203
448
997
5221
4233
487
596
1529
2414
3735
720
3654
1188
155
3637
2322
2007
703
1085
3945
5226
3220
170
4109
1004
2728
628
72
4591
2929
3211
387
1824
2275
3664
3719
2924
378
704
4223
2645
605
2447
258
4599
5
2415
5111
2335
1423
3007
1716
5172
4994
2774
5240
88
1014
1545
2482
2582
838
3940
1830
1456
3227
2311
3450
5205
3153
5224
4166
1448
1249
1234
3634
2499
631
4933
470
5110
4139
4123
1467
2443
19
1548
3101
5229
2441
3864
1486
5114
3748
2455
520
3070
2970
2889
429
4604
3991
3577
5174
1184
2633
5185
3829
2561
1553
1512
2462
3752
2515
2450
3443
1144
3924
2823
3363
976
4670
3376
1225
512
433
3158
3859
1233
1079
4107
1076
4232
203
3169
4609
3936
4079
1109
4008
5238
3432
2654
5208
3831
715
1142
3200
756
3393
3431
455
1374
1207
3236
4100
1077
2780
2852
3009
1378
829
3090
2773
400
579
306
1325
2252
5353
2134
2262
3511
5348
1866
2233
2224
2221
2783
5207
2141
114
2266
983
2220
4003
4391
2250
105
1788
4318
117
3390
2219
4824
2781
1881
1885
1741
1728
1864
4811
4390
2231
2232
4176
4385
2345
2223
1672
1664
2355
4616
2245
3051
2342
2239
2240
2196
5008
2320
519
3881
3873
4498
92
213
1561
1435
2299
2489
2305
5154
2923
383
4581
2484
2698
2560
2439
1350
141
830
828
2544
3930
5135
5125
1414
3444
2572
4229
2431
3152
4678
762
2084
1316
2554
4173
2475
1408
4206
4126
2811
805
513
3594
3644
4
1437
419
144
5225
2230
3458
2703
2247
835
2249
2147
1686
107
1725
1584
1626
2368
1636
4386
1669
3497
3492
2097
4350
2235
2334
5344
1691
1858
4177
2367
4706
1336
2264
2228
3380
3546
2657
1702
3828
2236
2294
2740
4889
1780
2237
4410
2789
1784
1797
2227
854
4854
3287
1756
1580
2776
1583
2248
2139
51
1634
2738
3374
2181
4358
4506
4762
4881
1793
2704
1777
1805
4565
2730
862
1750
4485
4942
3177
898
4324
963
4816
4395
833
739
843
4496
1582
1734
42
3297
183
3496
2269
4504
57
1800
1644
4489
2195
4349
1712
5007
1668
1811
3371
3547
427
4281
1062
2129
4847
4300
5255
4825
3504
4387
31
2797
265
2259
4897
2778
3661
3554
3776
2188
2717
58
1859
3543
4045
4828
832
2344
118
53
1693
4839
3461
101
1871
109
3382
4892
2552
2749
30
3824
5334
4888
1863
3369
4821
5257
370
4840
2669
4882
4876
48
28
4381
2130
4432
2258
39
1687
1650
1656
1879
4884
1647
1822
4920
1819
3429
3437
2155
1821
4369
1065
4658
5263
1675
2979
4845
2293
4893
4925
2213
2668
4553
1727
3197
3448
2089
1791
5062
4102
3176
4823
943
4601
59
21
4344
4134
5001
1091
4632
1698
1841
133
4463
1122
1222
110
1236
3225
535
285
286
4241
5171
1120
545
2033
3018
2765
4101
5281
3386
3397
2838
1025
2837
5085
2349
3620
2925
3105
282
3006
5286
712
3932
4169
2206
1024
1318
5306
3216
2709
2273
3681
2271
423
2356
4547
3901
277
3353
3835
1218
2915
3388
3482
1726
4018
5294
1880
2190
119
3599
1736
1814
1067
1884
1848
4735
3310
4849
2242
1798
4217
1113
2289
2286
4396
2184
732
1799
1867
1870
4899
1733
4495
3449
3928
1581
3967
2718
2088
270
2570
4336
890
2777
1809
1840
986
2217
1281
4589
3396
5202
897
1692
1638
1632
1737
1625
1648
4900
863
2784
1904
4339
4297
4887
4879
4860
4277
1883
4927
1509
3806
4852
4846
1701
1640
3666
450
4877
4756
263
295
4488
4419
4298
3473
1775
2585
844
1755
2518
2802
130
1711
3326
3383
4285
4886
1677
372
1820
5247
2744
2628
5074
2108
3034
3438
4856
1643
1612
1618
1614
1620
1749
1685
2614
3557
3879
850
4623
1066
1812
3306
819
3551
3887
1602
4355
2406
1751
2558
2209
478
2779
2519
2192
1635
2618
2481
5343
2347
1795
1882
2251
4301
3699
4351
4479
3533
4274
4503
3488
1572
1681
4337
10
1960
593
3208
3874
4383
3532
3856
1573
4857
4499
4878
4384
3540
3519
3187
2193
2483
4406
1646
3976
4640
294
3541
1690
2827
2801
2641
98
4832
3203
4776
1595
3005
5262
815
4508
2263
1597
1603
3958
350
3454
3538
2725
3175
3523
3314
1663
499
4775
3286
891
4880
1808
1658
4895
4853
1654
3214
1674
2246
3544
4646
1649
356
3548
2330
3466
2136
4315
4313
4332
3316
3624
4976
4941
3428
4779
4329
2075
1655
4409
3535
3912
2161
3494
1659
4155
1628
3793
1633
3321
163
3453
5180
1277
3897
4829
2936
4918
3606
1601
1785
1846
4299
2198
4789
841
3527
2319
2333
1641
3468
2399
4289
1662
4317
4608
357
1653
1776
5053
4833
2617
3183
3518
5256
4848
1986
3787
2197
3493
4306
4858
4089
1855
4382
3467
4368
2174
1676
2361
677
379
3545
4611
4270
3918
1872
3292
4527
887
2354
1667
1070
3387
2260
3168
486
1452
4838
2840
2179
3451
916
3434
4683
4963
2759
4644
3433
4679
290
1246
3117
604
3046
3648
1375
974
3963
1342
1251
3849
1513
3125
2122
4596
1187
2578
1363
757
2626
5234
508
1370
740
380
3929
3645
3839
3234
5251
5091
3646
2664
3242
3633
877
3850
3115
1245
4631
5164
2295
4533
4682
4704
4687
3462
4397
1473
2178
4636
4648
4275
4388
4676
3686
4618
4271
3480
489
4922
3559
3638
4316
3847
869
3961
3908
4330
2182
642
738
3750
3977
1266
3808
4898
3478
4119
3477
3889
1767
3588
382
1346
1345
2659
1471
4866
2125
4131
4555
32
2605
564
4308
4861
3549
3902
3465
4279
4326
3802
3479
3464
4322
33
4705
4347
4345
3534
4311
4327
4469
4855
1527
2119
4667
689
912
3600
4491
4834
4931
4792
4924
1273
3035
3108
4380
4379
719
4333
3602
1954
2170
2123
3676
2692
4837
4507
3038
3553
3948
4619
3722
3528
3052
4310
4338
1900
2135
4476
4294
3667
1888
4630
2138
4309
5022
3568
1201
4295
4288
2243
4851
4293
2775
4972
1845
2145
4302
4939
3801
3792
4819
1868
5246
965
1524
1825
1272
1761
124
2150
4437
1607
4252
962
1729
1263
2771
3717
2677
5006
4624
4659
507
2124
4637
3868
1778
4292
3851
4303
171
4251
4448
4286
4703
4113
4118
3291
4567
696
5330
3591
2172
5178
1851
326
1459
4588
1349
3503
1678
2056
303
1276
4836
672
5332
4490
2253
2175
4723
2341
5043
4282
4129
496
3796
3539
4778
3692
454
2647
4795
3121
438
2113
4909
1815
2080
4990
3999
4558
5003
4249
5287
4512
4325
1376
1574
4497
3426
104
275
361
5210
1057
4809
4790
4529
2724
868
3764
1045
4319
3800
3710
1054
1285
4965
4199
3366
4483
73
697
676
1745
4188
3284
3677
735
2672
4054
2202
3403
1549
1432
787
4456
1130
3679
5004
731
2218
4276
184
3786
1282
3498
4559
4214
4304
103
2646
1683
3694
2848
4788
198
3290
3048
3927
342
1806
5324
1807
4250
3610
4701
2598
675
3865
3821
3460
3328
4269
2079
2906
4287
5065
2109
3252
3706
4904
3336
2700
1918
3767
3759
1850
1294
3459
1907
5047
120
5057
4989
3439
5119
3495
1721
4273
4260
1832
2091
3563
4248
3463
4328
4761
4803
223
4247
2185
1575
2254
3614
3163
2908
4800
2719
319
2881
5273
4267
3758
699
1639
1068
1856
4272
4535
2787
645
4964
3862
4655
1679
873
4259
83
2168
3566
4594
1724
4570
1199
4725
5011
1609
1621
4970
3570
4971
4268
2047
4638
4815
4799
4758
4283
4730
4724
1742
1629
1069
4768
1604
1877
4744
1765
2059
355
3903
3499
1482
1576
3848
1916
3569
3567
2720
1783
4804
3318
4417
4991
865
4376
3683
416
391
1873
4818
4180
1290
813
4973
3904
359
1569
1762
4783
4753
4253
816
864
4794
1682
4810
831
1637
1599
2166
1657
4966
4539
901
4493
5035
4645
4777
3684
872
4729
2782
2836
4334
4736
132
3394
3032
4579
4782
1796
2364
4967
330
4128
1485
4750
3355
1351
3289
3882
4613
2948
4981
4341
4575
503
1967
3816
3822
3872
4398
1670
1617
5000
1568
3843
2760
4320
4757
4540
1665
3373
4974
2791
4983
2162
1472
3555
3697
3441
4696
4394
3846
3701
1886
4068
4605
1700
1688
1699
1624
1541
857
2156
4211
875
3898
4598
4494
2793
961
340
3561
3914
3204
4237
2104
3871
3
3769
4915
1283
884
1594
4137
5015
4988
1680
4987
89
3283
4544
4747
1608
3537
4265
1600
3844
4256
4986
4475
4996
4733
4314
3860
2323
4569
4501
4312
2796
160
3592
3866
3196
2208
3457
1460
4120
3593
2411
874
2788
4076
5261
2114
2159
4865
4862
1542
2054
1616
3332
4407
4505
1425
3119
4835
1673
1630
1631
2792
2222
1731
3907
4639
4808
1622
4362
4340
4773
4421
4717
4766
1593
820
3542
1722
900
4979
1257
3777
36
4743
3581
3921
2118
4130
2766
4746
4551
332
324
8
1987
3853
166
3863
2715
341
3446
1055
1901
1611
755
4764
723
4688
2981
2757
4765
2794
4759
4709
1671
3845
2060
54
4710
5026
4969
3143
4707
4913
97
4751
2201
1697
4262
4557
4367
1720
4524
4726
1730
4522
4513
4916
4911
3590
2200
2733
4465
4222
3607
2670
37
4657
656
4426
4841
5303
145
4734
5316
3001
266
1296
3343
2081
5254
264
2148
4708
4543
4716
2795
4774
4700
3894
4798
1598
4711
4574
4745
2675
4741
4727
4760
4702
4713
5320
4712
3574
4528
1589
4690
4600
2723
3867
4767
4807
2173
5352
4614
2994
3587
1842
1861
5319
4244
866
1298
1416
4859
5298
3837
1801
2640
2376
2074
5333
5328
661
336
217
2770
1735
5297
4665
1713
4525
2207
4755
4822
1462
4647
4912
2073
4694
4786
821
3925
27
1818
4731
135
4554
3209
2594
1026
1944
646
644
966
5271
918
5059
4580
2934
967
2158
2648
3485
3825
3749
3338
4917
4427
5317
3895
1126
1477
4531
4412
2216
2806
2557
4728
3653
2653
880
3852
3613
526
3301
4597
2020
4796
4752
4739
4660
3880
1162
1652
4462
5329
4934
1578
4472
678
161
5280
949
4791
4549
4780
3257
1760
2596
497
1606
4502
2608
205
3878
714
662
2149
1940
3884
1666
4013
4375
368
2747
2581
4784
4948
1127
2165
3622
4772
4460
4827
4500
4763
3608
4771
3612
4749
4907
4908
4785
3888
4552
1748
4740
4577
3420
2583
4903
1925
2790
2324
657
136
2171
4532
4556
4389
4801
3129
4595
1161
4975
3893
960
5018
5272
3798
2655
2980
4590
4115
1961
3950
299
2199
3885
352
327
1752
4195
671
4583
4518
4510
4511
4813
4392
3861
3892
4910
4526
4781
4563
4906
4946
5277
3891
4607
2187
3910
4571
3604
3603
349
2732
4674
2177
2722
4742
4697
3899
4940
3687
1876
1146
2786
2001
3481
60
22
65
1442
836
2951
212
3772
463
2986
4691
3598
1853
842
870
2316
4656
3721
4606
3631
4550
4672
3883
4521
4584
4572
4681
4582
4949
4868
4642
4641
4592
4564
3579
4530
3968
2946
4797
2959
4615
5266
4769
4666
4371
4536
3618
3668
4633
4770
5323
4411
3436
1708
126
3830
3601
4587
2832
5082
4668
3609
2306
3933
3505
3900
3597
4663
4167
4548
4568
4566
4689
4664
4576
4685
3915
4649
4520
4517
3841
4458
4610
3842
4748
4585
4627
4718
4538
4738
4586
4573
3649
3840
4635
3890
4626
4722
4634
4620
3741
4714
4654
3616
4650
4669
3641
4805
4370
4930
4677
4593
3736
4793
4686
3628
2842
4817
4643
4721
2180
4442
4523
4653
4537
4652
4720
4629
2729
4625
4737
4651
4662
3720
4466
3630
4692
3642
2769
4812
4393
4693
4928
970
3926
4806
4515
4671
3778
3916
5282
3911
4802
3619
2763
4541
3693
3558
3923
3615
3564
3755
3920
1835
1838
2907
3665
2117
3300
3919
4443
4346
2762
4168
2695
3781
3512
4680
3909
3723
2167
5248
4451
3562
4486
4477
3724
3751
3647
3931
3785
2098
2103
3737
4467
4542
3779
4684
4374
4403
3556
3771
2095
3971
2100
3753
4428
4434
4420
4121
1744
2050
4399
1782
4146
2116
4457
3322
3953
1344
1833
3578
4935
2690
3165
3002
1338
2039
5313
3435
3756
2040
4474
2029
4027
3905
5270
4864
5284
4405
2077
4363
4995
3922
3348
50
3981
5301
1869
5146
4436
5289
1208
3565
2018
4673
3774
2244
2505
2679
5279
2212
329
4191
343
915
1104
3811
591
2057
1268
3405
2002
5181
2421
1046
1398
2716
1440
4413
5265
3705
2768
3299
3329
116
4661
4125
3956
123
4450
2036
3422
3346
3782
5322
3975
4441
3979
3411
4492
4433
3965
5326
3327
1007
1206
4546
3335
3412
4182
582
1998
4423
5191
2203
3424
2856
4422
480
2602
2465
3344
4152
3195
5147
2377
2417
328
4021
3128
1661
2292
4950
3636
3962
4481
5274
3359
3896
3179
3337
2593
3966
4418
3315
3876
5192
4184
4194
5293
5112
2110
3947
131
3489
4189
3122
4447
5070
5063
354
2051
3305
2144
4012
3077
74
3345
543
3954
4201
888
1334
4156
2502
3944
3970
2065
2066
1746
3249
3421
942
2327
1154
4190
4914
3959
3955
4439
4415
4365
1740
2160
4000
38
3408
385
4024
3113
2042
917
2012
20
3946
3939
2068
2393
1695
2105
3416
505
3186
3552
3795
2488
858
4116
3951
1330
2803
4266
3596
2035
4203
4165
4468
2318
192
4461
4401
5010
1050
1519
417
514
334
5288
4001
3354
2058
2055
3906
2096
1502
4902
4894
5268
4945
4400
3790
3632
2076
2702
2282
3754
1874
1022
2313
3595
2092
1903
122
1902
852
4997
4033
186
3091
3680
972
1354
848
4144
1348
2078
882
3783
860
5193
730
3935
1579
2522
3659
1160
175
3663
664
4200
2501
179
2385
2106
5307
789
1898
4414
1719
853
2052
2046
3809
1747
5025
2151
4455
2143
1787
1056
43
2391
3425
1016
318
5296
982
5318
3059
708
1284
2328
1169
4231
369
2397
3658
3218
3937
5351
410
3913
5017
2026
3188
1897
3805
568
5349
180
3671
4238
2891
5327
1887
4923
3870
4438
2082
5355
4954
2090
5249
1567
5291
2067
4953
2087
971
2063
3656
5170
3799
3797
4957
2606
2714
2917
2378
3934
3232
4361
5290
2537
780
4435
5029
688
4872
2025
2622
3392
2597
3838
2530
5032
3791
692
4164
3276
822
3407
348
1340
1997
5167
1193
1779
5347
1985
3360
4429
3674
2157
2272
1977
5310
4230
2086
5304
1896
5259
3655
4117
2031
4424
5136
2612
1382
3773
2008
5341
4992
3713
995
1341
3643
1988
2513
2339
1895
5311
3708
1891
1536
2457
2094
2853
302
3571
1689
2809
3133
682
1259
3941
2933
3560
1116
5305
2456
4366
5258
2021
5275
1899
47
2037
2034
5346
3401
1170
3952
4453
5030
4871
1030
1875
3395
3410
5009
2006
5020
5308
5241
1947
84
3423
969
2678
5161
1321
2152
1889
3584
5169
5299
1243
798
1333
1235
1247
650
2705
4255
1714
909
1244
1934
5122
5124
4225
1965
5177
2013
1909
4430
4444
4209
1771
4170
5016
4226
2045
3282
2038
5300
1910
3313
2674
5260
3440
4968
2132
4869
2121
2693
1112
4124
5264
1972
1570
1915
5105
194
5312
825
1000
152
1300
1072
2072
3586
4185
775
935
100
129
3812
2043
3815
3126
903
3074
2873
2710
4095
4175
902
896
1951
2107
2115
4373
2101
2126
4171
1759
2044
4154
796
3780
3960
2631
3728
1642
3103
3682
4207
4143
1216
1962
2312
3807
718
3304
2586
2632
2587
1786
5243
2005
5213
197
1525
1914
1012
2680
1151
3575
701
1134
2807
618
3983
3703
3311
4454
4192
1140
4220
1969
5195
5201
2064
1865
4929
4425
4240
1718
5314
1265
4196
1946
2829
1999
2093
4210
2611
5295
4873
3413
1983
1924
5309
3727
3358
3362
1844
1958
1994
4440
4009
1932
2686
4148
1813
2027
2371
3026
4145
734
3258
2525
5292
1923
2804
643
776
1488
1518
2805
2816
3404
2032
3957
3409
3364
3949
5285
1959
2049
1071
5302
3351
1267
2022
2905
3817
3760
3573
1908
1049
1048
4017
2584
5188
2588
2133
3372
5131
3662
1390
4875
1943
1937
2019
3832
3621
2024
2960
2589
3137
2767
4110
2897
2964
5033
1288
5200
491
4449
840
3572
4016
5236
2062
3857
2112
3810
1928
1992
2120
2083
3585
2071
2041
3583
4161
1953
5342
2030
2099
4172
1892
1894
3696
3738
2863
2610
2666
4874
3788
5340
3765
3726
5321
3474
2604
5094
1717
2137
3943
2085
4105
2967
2639
93
1981
3476
2826
3673
5325
3087
3262
269
3140
4993
1957
3685
1087
2053
2048
2016
1715
3739
5345
2650
46
1893
2111
1979
1921
2603
3657
296
1191
1927
1976
2070
1995
4372
2595
2017
1993
3709
1989
3702
2010
3813
3695
1186
1190
3475
3406
973
2011
4870
2746
2102
1197
1968
1970
1890
1088
2652
1209
1950
1758
3414
5104
1200
1971
1933
1945
1938
1964
1922
1211
1996
2015
1920
1099
3700
1963
1906
1228
2023
1980
1975
2028
1984
2009
1194
1212
1192
1974
1931
2736
2014
3730
2590
2660
3729
1930
3725
3820
3690
3623
1926
2601
3980
1189
1219
5269
3819
2876
1196
1092
693
3917
2211
1052
5005
1195
1949
1829
1905
2004
2000
1220
975
1942
1238
959
795
1215
2637
3768
1250
3582
3639
1073
1229
1831
3982
3210
2265
1214
1254
2735
3804
3834
1239
3974
679
5276
3942
2210
1101
3617
968
2761
2860
4364
1311
3803
26
1117
1198
5220
2688
3347
790
2613
3743
3978
367
3418
3430
1213
1223
5253
1230
956
1105
1224
1264
2658
3625
1253
1227
958
5354
1936
113
794
1252
3341
2624
5100
849
690
4219
3312
1232
1240
4006
1040
2609
3100
3447
2599
1353
3385
3398
797
2830
3271
3445
3174
2681
2630
1008
172
3033
779
5162
1836
1289
647
1955
2600
1009
1966
1256
1248
1221
978
746
5239
1106
752
3417
1262
3712
659
4111
1107
658
655
1231
3192
1849
1852
3097
1258
1203
1310
725
4151
4402
2625
4133
781
1043
68
1034
1426
127
1039
984
957
839
3969
3043
3031
702
5252
390
5331
964
4031
2629
1001
3399
3524
2635
698
1242
4208
1241
955
1074
1255
4023
1317
1031
950
4114
1038
1093
5237
4160
774
5117
2214
1308
722
1990
2667
4183
1770
1094
3296
2592
1155
3118
2003
3452
4202
3419
5184
1139
3293
4227
1051
4174
777
759
3742
201
5182
3342
4112
2215
99
2607
660
25
3400
4198
3357
4236
5232
2619
5250
4445
5267
4028
3384
4029
729
1032
1023
55
5156
3325
3044
162
1063
1086
1278
2642
3740
226
1301
1521
700
214
1095
1757
504
3678
128
506
3112
1044
1978
3973
3184
3483
271
1128
651
208
5143
232
2916
695
4103
674
2671
1064
189
268
1060
2743
154
24
1304
750
153
3391
1707
749
2636
742
307
760
304
3124
5132
240
297
2427
4245
2689
1217
1297
751
5153
80
5123
985
5128
4162
1307
3054
1843
2684
2621
953
1299
5218
2696
1857
1862
5219
5148
1035
5231
3166
5194
764
2649
761
743
4030
727
680
769
1763
770
681
778
317
2390
2627
1274
705
683
2634
724
1709
230
1075
1202
190
726
2651
754
4106
237
5211
267
1305
1309
138
2360
4048
758
1286
1710
2663
3228
4958
305
1287
1271
4157
987
3191
2685
5233
134
771
721
767
765
2665
2683
741
711
1269
384
998
766
710
954
2661
694
709
952
4224
1226
1804
716
2638
654
728
2682
1912
1205
649
5244
1772
1261
773
3531
1533
553
5163
1929
1129
4135
652
5228
999
191
67
5121
5150
139
1053
1058
2643
3010
206
673
1810
1781
1302
5165
5149
5141
1320
5212
1773
9
5214
5217
1816
1303
3442
75
1080
5118
1939
5223
1158
437
1367
1753
744
4213
5137
3415
1792
772
15
4416
684
5227
4452
4459
706
5335
1766
3688
2268
663
1355
3303
220
5157
204
4158
3068
1017
1033
301
1047
747
4127
2644
1295
12
4142
5222
5134
1270
1041
3324
4108
5160
5142
667
5166
981
5145
5133
106
0
5129
5356
4187
3076
1384
3130
337
3281
4178
5159
1237
344
4070
2673
3058
233
2392
1381
3361
1493
3823
549
219
14
847
555
467
2574
2954
3340
597
3775
3356
95
5187
5204
3987
5190
5196
5152
2615
85
91
4181
167
5197
5151
5034
5102
4218
3162
3141
3349
2359
3985
5173
3202
3156
3627
3294
3219
5230
1260
782
784
5155
3762
3178
4090
5138
5186
3053
181
3254
3056
4060
178
3491
4059
3827
1429
948
5127
414
5139
5175
5216
5179
5168
4163
5158
5198
5215
377
5357
5144
3147
176
3984
3096
4959
23
1021
5024
309
3148
316
4075
3080
4071
3818
5245
3181
3199
4150
177
4062
3085
3155
3057
5120
346
3109
4359
66
1403
1306
5209
1097
4002
164
653
4044
2871
1559
584
338
3731
3988
3083
3734
3095
3986
3102
200
250
3116
3280
239
241
3107
4026
1036
3745
3086
3159
3826
3120
3993
3650
3331
207
3334
3180
3626
3139
159
3997
3170
3784
246
347
4138
4360
3106
94
3008
5058
4098
3877
3279
4061
3576
339
1166
3172
2737
3267
2989
3352
3144
3135
3047
3333
4093
321
3171
3194
3146
3193
4020
4235
3131
3770
4179
3154
4096
4961
3173
3138
3814
3045
3746
5235
3206
3136
1003
3744
4212
3268
1143
313
216
4058
4034
4243
3766
3330
3635
195
2699
3339
3265
3223
3201
4246
1119
2995
3213
3990
1018
335
2363
3757
4004
364
3733
3295
2291
3323
3732
4005
1147
3079
4025
4019
3278
1015
4015
3164
4022
3250
3269
1498
4087
3273
4404
4084
3272
3039
3205
3182
947
4099
4050
3212
3238
3036
1027
1005
502
2741
4221
4092
3747
5140
2999
992
3256
4039
951
5023
3093
3075
3190
941
3490
3233
4057
3067
3994
4086
3277
3263
1121
4064
3040
4053
3240
3041
4038
3259
4066
4014
3244
4097
4080
4074
4041
4069
3094
4040
3266
4082
3082
3274
3222
4063
4043
3992
4036
3996
3030
3237
3055
4055
4056
3989
3270
3833
3247
1118
3063
3836
4239
3229
1560
3065
979
3185
4035
4083
3224
4088
3246
4204
4032
4077
4091
3061
4067
4047
4052
4081
4046
3189
3062
3248
4072
4073
3275
3245
3255
3251
3226
3066
3060
3221
3235
3081
3239
3069
3071
3253
3037
4051
4078
3215
3241
3261
3264
3260
3231
3230
3217
4037
3088
4049
3042
3089
2918
3995
2726
3198
3029
3084
665
993
345
3149
3142
2567
278
475
1110
2815
980
4042
360
3017
4956
2941
1153
1157
279
446
363
2935
1135
899
892
165
320
791
1131
3099
1010
2798
783
5050
707
1371
994
102
1393
78
2734
1082
608
1365
148
988
3707
2542
2983
312
1011
311
371
1145
1123
137
281
280
322
2708
2987
2839
1102
3019
3000
1002
2953
2952
2656
325
1332
4936
1019
1096
733
817
3711
273
2828
2894
366
272
1100
408
793
215
188
1517
310
331
3651
1173
532
13
351
1149
2831
4977
45
792
2514
218
533
365
3098
461
353
2982
315
1377
308
3698
2851
2799
2919
439
229
293
434
374
444
2998
468
314
2955
906
1020
1343
2892
2713
5048
3110
3716
818
2996
1358
2616
2958
1911
140
2841
2825
2990
300
2707
2529
812
581
3714
283
1165
1172
5075
1361
1312
2942
2844
2937
3004
2755
3669
2835
2909
2993
1391
2945
1042
2843
3014
284
3092
3104
3652
2974
2885
375
3704
2940
2950
845
2899
2963
358
1
2972
768
1028
64
1314
846
2861
2800
173
3672
2857
1029
2968
2988
386
2943
944
894
2869
2623
2884
563
1372
2270
2922
2921
2883
2956
2846
2977
855
2872
2957
1037
2971
2984
2855
3015
3640
788
2764
2913
2878
2991
2939
2947
5072
2865
2742
2965
1013
3016
2834
2706
2932
2711
225
2845
3013
4999
3689
373
1395
168
3011
2545
2772
3691
3012
576
1495
90
2912
2910
426
5096
1366
2858
2966
4264
2969
2875
2879
2973
3020
2867
2864
2992
2961
2890
3024
2949
2920
2808
2911
2880
3003
3023
2901
2914
2893
3660
2821
2866
2895
2870
2976
2886
2739
2896
2712
2931
5084
5089
2938
2819
2903
2694
3021
2748
2862
3027
2962
291
2833
187
3025
2898
2877
185
2859
2868
3675
3028
2824
2847
3718
5080
2810
2882
2752
3022
2888
2849
2850
5041
5109
3160
2900
182
2818
2817
5108
1552
5087
5069
5088
4947
5049
5067
5092
2887
5130
1387
5019
1530
500
524
687
5071
1463
193
1380
1454
481
5079
763
1571
2874
748
811
2394
5099
5028
5012
5113
2814
2813
4955
5081
2375
199
2433
2407
2822
2691
5014
1499
2437
5116
2697
5060
4978
56
1523
1326
1514
851
867
1504
5115
2386
1415
5066
686
5051
2559
425
1078
5103
2387
1557
209
5044
2404
2551
601
2384
1554
567
451
5073
5039
243
79
4980
210
5021
2317
5037
2402
2329
2553
2820
4960
4254
2902
202
534
150
5126
2401
5052
1431
169
5013
5106
228
5107
1420
2812
2338
1360
1515
573
1399
235
1089
1148
389
2398
1132
5101
509
2436
2472
5095
523
2412
149
1329
2290
2408
211
2383
1566
174
5078
413
196
151
2350
5056
2405
2358
2351
2382
2396
5064
2409
5038
2432
2340
5031
2410
2389
5086
2426
5045
5055
5077
2423
5093
5076
2425
1531
2366
249
407
1369
2365
2548
5097
685
5098
147
2400
2438
2357
406
142
428
492
2373
2430
544
2315
2416
648
1506
1591
1138
2429
2435
2422
2418
2348
2326
2419
5083
2352
2353
1565
2424
2277
1592
2413
1605
1090
1586
257
146
2336
1141
510
1152
2477
1168
1446
2325
1204
2442
1564
990
1315
876
666
1133
595
2534
940
1125
717
1511
479
2562
1430
613
1516
905
907
1596
2563
580
392
2372
2403
2428
2370
2569
2331
2362
1587
824
2337
1585
1505
453
691
2573
460
1507
2538
826
288
527
2451
1406
1532
1705
2395
1388
388
287
457
574
2546
837
501
886
2509
1379
2302
458
1356
1790
2464
1328
2564
44
1590
405
1364
1543
2549
2540
2486
989
404
525
528
2314
472
2539
1563
2508
1555
456
498
1546
2300
1447
2498
531
2496
529
276
1706
827
2301
908
289
1754
1558
488
2434
2571
1789
1357
1327
411
2565
403
823
1433
2500
482
1428
2579
2478
1494
1397
1434
2473
945
946
2303
1108
2512
2521
1551
2467
2468
1539
2458
2580
1535
412
1550
2487
2566
2576
2533
2460
2520
2444
2516
2497
2304
2575
575
2577
1540
1528
2485
447
2296
143
2297
2507
2555
2445
1083
1538
2459
2446
1469
1418
546
415
2527
1335
914
641
449
1427
1392
443
1114
939
871
1319
1439
1156
2463
1159
1163
2492
1164
1124
1084
2308
1562
1413
1178
1481
401
2454
615
2504
1181
396
1443
1339
2506
397
2526
2503
913
1389
910
1703
1180
1474
1419
1098
402
1103
1396
2388
2466
923
1359
1368
934
1444
630
1177
640
418
551
542
572
1468
2494
1479
1438
2495
2476
566
1510
1362
1183
802
807
920
2493
2531
929
2536
1322
2343
2284
1407
2310
466
938
1475
1352
937
927
1704
1347
885
2532
801
2309
556
1171
537
1487
2380
560
570
578
800
1491
925
803
616
1480
571
806
1410
2541
547
1337
2474
395
2453
2469
808
1445
1465
2461
804
2523
1450
2535
1466
2490
1470
6
1451
1449
1520
933
931
932
928
1458
1461
809
1457
936
930
924
878
810
904
921
911
1490
926
1455
589
583
435
600
1409
1402
1405
398
541
635
1417
1422
552
559
610
622
1400
538
1182
587
586
1394
1176
1174
536
599
624
558
561
577
592
639
1385
1412
1179
1175
569
539
629
441
606
1383
1323
1421
632
590
594
565
602
611
1373
540
627
424
633
445
440
430
1404
609
614
452
442
1411
607
436
638
550
598
620
2
394
420
619
626
422
432
399
421
431
634
625
623
612
393
617
