50
255
216
59
231
224
16
219
250
236
245
67
76
242
240
148
215
252
68
61
2356
206
5156
222
217
75
238
234
2361
56
17
229
2359
62
253
251
3235
5158
49
227
2874
3007
79
3876
2358
1517
200
15
2353
2350
248
147
3238
57
1608
2940
7
4104
4072
5453
1613
4012
2694
3180
4741
1422
1630
4294
4006
1278
3982
5498
3796
4011
3809
3759
1071
4029
1989
4062
277
1636
3975
1559
1169
1300
4050
4736
782
1516
5499
1941
1968
5157
3738
2063
1526
246
5481
4028
3814
1597
3739
4013
4302
2619
5490
4244
2848
2366
233
5503
2610
1558
2605
1089
453
4262
1057
1037
3057
4512
1010
293
2517
793
3062
4290
3244
1058
5378
420
5403
5357
2941
5317
791
197
1254
516
5429
5344
1349
1061
2540
5626
458
40
3218
5578
1070
5350
1338
3177
1511
2661
686
3310
4726
4033
5484
3838
4957
2633
2626
3219
1077
5365
4945
3777
2145
4825
1423
1421
3763
3985
1086
4805
3948
3956
1078
2144
4857
4032
4787
3334
3340
4061
2880
279
1525
3209
1277
3442
4987
3737
4007
2365
3277
506
5502
3821
5153
134
249
1232
3815
1146
282
336
4735
2564
1178
1312
4971
66
3813
275
2522
4966
4153
3897
3797
1581
5385
5367
5413
1076
2106
1965
2642
280
1119
5420
298
2542
2040
5414
1353
1072
1348
1012
4295
4325
5623
1281
1158
1257
1054
1612
775
1156
1091
1835
1141
2649
1090
5441
3281
393
417
5493
1080
3543
5562
4851
1980
2539
1465
1240
3056
5323
149
1097
1510
2685
3179
3017
752
2791
4881
4263
3547
1834
653
3827
3564
286
4154
1846
5584
1316
2158
3198
4878
1122
475
4976
3287
3558
3879
770
278
2234
4051
1009
726
4746
1304
3885
3923
1279
1818
4337
3555
1442
1147
3895
448
587
4144
3392
3227
3755
4835
2507
1052
4780
2632
2595
1773
5424
3976
4146
4737
3553
2513
281
2492
3559
1601
1548
1590
2688
772
2439
3130
4748
739
5364
4967
3844
4955
276
3073
488
3052
5316
784
4356
5459
4725
4024
3776
1319
1566
759
4944
2346
3295
778
416
2230
5330
2621
4359
764
1102
1050
4314
4808
4253
1578
3406
1098
3347
2585
4824
1294
2071
4243
2160
4483
1780
1902
4492
4330
2432
1705
4392
4464
1833
4442
4394
4480
5079
2421
945
5163
3648
1895
1934
5417
1714
4461
3578
1734
5557
2935
927
1732
1727
1693
2436
4323
4505
896
4476
1908
4390
4361
1692
4495
3668
3274
3232
316
866
2787
4500
2114
4282
2305
2370
1936
1823
3032
4234
5208
4388
2407
4433
862
4490
2312
1711
1702
1696
5080
1806
4237
309
323
96
1699
5531
5148
5131
5135
4313
4235
4436
4421
4431
3961
2554
4366
4419
1879
5168
1706
4268
5167
4474
360
5191
4159
943
2415
1709
2004
1741
1675
1676
4595
1440
2412
3694
1467
2984
5204
2398
1682
2562
146
5174
1140
4975
3551
2849
4067
3756
1967
4611
1064
2895
1305
1973
2082
5072
3964
3884
1007
4777
1079
4199
1138
1282
1263
1336
3064
2584
4986
3877
99
3377
1108
1358
2112
561
5151
4811
5411
2103
1457
3051
2557
1006
2083
174
3875
1226
1438
1362
2293
342
1354
385
4195
1518
2320
884
4350
562
1983
4414
4648
4301
4448
1740
524
4205
4066
4450
939
484
5395
5400
102
933
490
4979
4424
2901
3122
3118
2311
4353
5134
4342
3148
4367
486
3098
2302
542
935
1710
4393
903
848
4408
2321
1750
4430
2842
5106
5105
5112
4458
1885
4213
4504
101
547
2010
5113
4435
4574
3093
500
1898
3673
2340
2450
97
4593
5125
3020
4161
846
4053
5102
2516
2908
2399
2904
705
1721
1720
1715
3303
1426
4577
4544
1862
938
5111
1768
1827
2824
2865
3542
902
23
909
1025
2341
1557
1666
1904
2974
4425
304
5471
1805
1035
3615
1024
5532
5304
1437
1776
4410
1749
2329
1665
4592
34
1996
3628
2983
3275
1899
4460
5622
4311
802
1777
4384
3095
3571
2435
5214
3477
590
1920
920
3174
2722
2727
36
5356
613
2335
4528
1995
1667
699
4904
539
5020
3462
4211
820
5547
4537
4589
2437
1830
1745
5215
5116
2792
3268
2699
984
983
2242
3451
3481
5279
454
3147
4186
4610
450
596
3441
3140
4018
5495
798
5492
4349
5405
4324
3127
5485
4441
3223
5265
4058
4252
4348
3545
5486
39
479
2976
4869
3178
60
374
3390
4932
2543
3538
1283
656
2487
639
2364
3883
2597
415
5366
4875
4109
5491
5336
2671
5339
973
2866
3282
5226
509
5252
5133
4602
306
5418
375
1661
4362
1717
5225
5227
3504
5130
3356
5271
5320
4415
5319
5535
1724
4889
1664
350
3283
359
4307
1223
4465
2870
4404
1435
5212
4287
1754
1021
3866
3269
3666
489
5075
4089
1725
193
194
4473
847
4814
3634
4603
883
91
1350
2873
3663
1939
1800
3438
4157
4369
1905
4631
2971
5370
3091
5010
5065
3175
2572
3035
247
5609
4269
5611
3670
3664
5070
2270
5556
1738
4605
5603
3511
4455
894
4489
3954
2222
2319
1726
1842
2460
4133
4551
3933
4688
1214
817
2463
2555
5138
241
535
704
2945
339
5488
1915
4588
1663
5145
2323
2316
5140
5598
2556
2430
5555
1729
4511
1937
2861
3979
3741
4488
4454
307
2652
1193
2705
5318
3966
1449
900
2334
5267
2238
362
163
4630
5154
2703
3327
607
1716
1701
4202
3520
3524
1737
2411
1784
5561
63
5128
698
2631
121
5090
5454
2292
2485
5117
3241
2846
1730
1685
697
52
1731
3502
4171
4238
1427
544
3644
1712
3602
1708
43
2301
5213
3210
4563
4580
1735
510
4346
4456
3717
2405
874
2798
3069
2326
5198
4895
3412
54
48
22
919
1668
1757
2959
5218
5258
333
4387
2607
5343
1797
1990
2289
876
2099
2726
1718
3606
1859
4608
51
21
2288
2946
1877
1689
1659
2386
2389
3368
2860
756
4543
5552
156
2570
1960
1367
5445
5446
4575
2203
5573
5548
5519
3000
5216
20
1379
2639
4621
3021
33
4638
3397
4113
3188
5231
4856
1662
2269
1669
3957
5228
923
1250
3129
5078
859
1909
3497
19
3863
604
4882
3054
1894
3483
1884
780
1474
3935
4081
85
2252
1999
3761
4620
1424
232
1489
630
3989
996
2859
1123
2179
2812
2256
2830
4821
2747
4826
1142
1848
2032
1136
3969
702
2262
951
2781
972
4098
92
1470
2886
2831
1252
1572
3891
4784
1154
3135
1096
3597
3341
1337
2847
694
2818
2872
792
310
3742
124
2797
112
439
4911
2227
738
2221
4642
3953
2250
868
851
4090
717
3193
4059
2995
1005
3034
1822
925
1002
5109
936
58
835
2489
2867
2050
2283
1541
3679
3745
1855
794
32
1788
1760
949
1444
5108
1638
652
2454
5126
4443
3614
4128
3942
1504
4581
3022
716
2442
3320
849
2317
4046
263
3683
2240
1537
1287
3005
906
5229
1838
1866
808
4604
2656
4106
2521
1563
831
5259
1308
1781
1583
5185
2006
588
2204
2698
1129
2915
1839
2877
5594
474
3028
5186
5049
44
2315
2920
1632
5593
3566
3563
3009
399
3580
3204
2224
3521
5200
5287
5246
2328
832
5219
3036
4191
1313
5325
2663
875
5273
5100
2011
3973
4633
4482
5251
4531
5607
5605
1810
5209
904
4617
1637
3904
1244
5196
5082
2949
4545
89
2243
737
5207
2235
4088
5292
4759
5059
2397
327
2689
2932
4368
4175
5582
5569
1851
5272
2628
5211
601
2617
2022
2246
5286
5202
5241
4389
5260
5601
4468
470
343
830
5349
598
2267
4167
5263
2625
3873
5299
5583
5103
2447
4541
1523
2042
1377
4075
999
5291
988
1275
1984
2629
2258
4665
243
2369
3587
3373
3637
2589
724
548
993
2441
5242
2770
3552
3111
2970
3588
481
571
5522
2638
4991
1344
5300
3018
2702
401
2709
1971
3039
5599
5523
5337
3546
3992
829
1505
4536
4587
5217
5266
305
1027
3211
3968
3962
5550
4647
5060
638
1622
5553
979
205
3701
2225
3183
463
937
106
2653
2603
1695
1691
4822
4542
228
166
5056
3750
2912
308
2174
340
5118
1172
2730
5101
905
1684
1670
5063
2839
1015
452
459
2919
3752
2714
4138
856
328
5541
845
5114
2968
712
4848
2273
3528
1783
368
3733
4292
2239
603
3636
2718
3426
5438
814
2116
2028
5206
3102
294
1700
2701
3692
708
924
1309
4998
2307
3549
2333
405
885
5483
2304
3600
893
1624
3456
4609
2713
108
1476
3195
2918
2236
2247
3468
2285
950
857
5564
2231
5597
451
1477
723
746
4954
514
572
813
4637
5426
5422
1186
461
3744
4383
4661
2494
3983
3678
1786
5384
1616
3510
2134
1975
3911
3436
2760
2223
3952
2228
5061
4151
5224
3932
394
5332
2538
2917
1128
3025
612
5431
600
5037
620
2911
800
2139
2754
8
3867
890
5559
3457
4849
397
930
110
5434
2254
795
1782
2161
2279
2194
5412
2233
103
954
946
4286
1911
5372
2255
168
4160
4651
4193
503
2903
2171
1959
4475
3046
5110
4834
4996
683
4565
4526
3661
1269
1506
1003
5123
2755
4343
5389
113
2259
2278
117
5147
1001
2264
2253
2260
2146
430
2257
2261
5283
109
2909
3751
2837
4479
589
5345
2710
4571
3229
2739
2282
2214
4514
2162
5530
116
223
4280
552
1233
2211
1360
5177
2275
1625
5307
5047
2525
691
2936
473
5187
3864
720
1868
3629
1031
740
573
31
682
1198
2274
2245
735
1545
445
744
1026
80
30
1200
2281
2740
3031
1303
827
1
2700
1744
446
2502
2845
799
1634
4795
195
4229
1819
1004
823
822
1767
3595
2265
5376
4810
118
665
1386
3189
2324
4855
942
1803
786
2952
3784
3067
5081
2059
3685
150
3372
3087
5238
2266
559
268
2322
1816
2263
1779
1778
1627
1671
1180
3868
2961
5234
4667
1957
2244
1643
1871
4654
1626
4695
2105
563
4868
3040
1194
3869
2851
2280
1817
5312
944
4743
1896
3865
4755
1620
591
602
5520
5352
1849
2511
2357
1811
4898
4378
3584
3697
880
614
3348
2151
4639
3852
2758
291
5015
5170
842
3746
2934
2268
2948
2287
5393
3939
2314
1117
947
5322
5195
2955
2189
796
4789
94
2363
5290
2156
765
4272
302
444
408
4034
4288
594
4522
663
3272
2844
2737
1791
3414
4257
2468
2929
788
5057
974
4308
2127
3076
1115
940
1385
2987
5324
5107
721
758
301
5295
3077
3743
5093
5460
997
4830
773
2836
748
3870
2193
3142
2232
2277
2054
743
1840
545
3172
2707
505
1181
3308
4601
29
4510
2717
4228
3158
2977
5580
2181
1237
855
667
5041
423
3627
2309
3635
1853
2803
3464
684
2423
2711
3960
4015
2716
456
2772
672
4462
675
2291
736
495
3753
3977
3010
753
1448
989
1407
3747
2026
2930
5119
828
2735
3045
2284
4722
1330
1249
2947
1016
2785
5288
2738
5275
4558
4530
3267
3825
5066
1514
1880
1372
2966
641
1433
5517
2788
3853
5625
4670
4309
3921
858
3775
4559
1212
5570
1441
4004
427
5616
1436
948
4679
733
4002
2045
3369
3525
1769
3965
1048
4535
159
889
2000
3012
4557
1207
1195
1019
3082
2330
2749
151
1220
204
4377
3907
1355
3955
3719
5361
3608
4148
5444
5071
3689
3165
2752
2402
4879
2852
3963
2117
9
700
4382
5005
4692
5563
2568
1929
5544
3633
2508
3686
2751
955
3467
841
3378
1704
4655
5560
5554
5223
678
3669
3941
3586
1414
4297
1208
3730
3561
4449
1410
2488
2420
2756
4623
3315
3940
5085
2763
5558
515
2724
3949
5388
2914
434
5127
2138
668
4666
2900
3565
3787
2927
3937
3623
664
2875
3152
1538
1221
3946
185
2864
190
4874
952
5375
3783
551
1403
5120
5115
1660
873
5585
2153
4566
494
3567
3943
3125
3768
2172
157
666
3731
2514
981
892
3682
3638
532
1785
35
221
183
3577
3826
2137
2286
5183
1234
1994
5398
776
2467
767
5608
1629
2533
4165
5342
5527
709
3164
5396
1325
5545
2272
1179
115
1623
5447
143
5581
5129
2241
114
757
3620
982
2300
742
2991
4674
2459
155
3421
916
123
5221
1649
1352
1574
1429
3259
5542
5543
2868
1028
1238
3425
1589
2573
5533
3662
1910
4992
53
5505
4573
3026
4906
3030
2944
3816
1364
1680
660
512
3522
2907
1229
5143
5139
734
2894
2658
815
3585
2715
2294
1869
810
807
5340
2167
5549
5091
4170
2290
803
2299
4803
2183
1020
2306
4680
3254
181
854
624
3043
5576
3568
144
111
3858
1584
1863
237
1502
3857
4533
2637
2712
4804
1095
4341
4549
303
1342
3203
226
2520
3305
901
5604
3700
1000
3380
3071
511
3842
811
2295
98
4672
1112
172
142
119
2931
1875
2725
3548
693
5579
1956
5137
1428
5055
2456
1120
1209
235
70
998
2780
3024
3384
2515
355
1203
3772
1101
1913
2218
4052
1841
2409
257
761
774
750
2825
25
5509
1765
4662
5529
3403
2882
1658
254
4440
5540
5051
4010
4880
5053
46
45
26
2296
24
2719
1812
2481
4073
2933
3117
2495
5092
769
3890
2793
2731
4065
5104
4529
5058
1149
5002
5568
3168
1059
209
4862
3042
898
65
2453
4085
2276
4546
1645
1168
4438
4782
5210
5166
3191
5575
1363
3851
3248
4891
2676
1213
2921
2723
3626
692
3532
967
2998
4054
5184
4040
2789
2462
11
2424
192
1114
203
4467
899
2686
2480
4060
4532
4196
5067
3539
962
4696
4754
145
5038
685
3861
1713
2271
1540
5277
1289
2973
5359
2336
2446
1259
5062
4698
4427
2249
2472
1459
1106
2796
2891
331
353
2958
3455
225
1592
1953
1174
3505
3220
5050
2835
5098
3836
2857
184
230
5044
2498
4074
5250
3041
2482
262
4614
429
860
1771
212
3754
5141
2455
2414
2769
965
4259
2761
5257
3612
317
5237
2957
4339
908
3649
5194
1133
4714
1285
1368
351
980
715
289
4381
3619
4693
3914
529
127
2962
299
853
5472
295
5369
0
158
189
297
292
3642
3027
1384
366
5383
3037
5042
202
3465
139
5222
3153
315
4385
525
288
2491
5149
3978
5387
5289
2534
710
28
5613
1375
5362
779
5011
840
2207
4590
187
1042
3769
4101
5315
801
3312
400
5249
1411
834
1588
4635
5440
754
2418
1804
4959
4659
2526
214
2524
751
3060
533
2530
138
178
5294
2535
210
3972
1113
2501
679
4671
3033
4626
4091
5390
4775
4094
502
5469
188
3729
4660
994
4418
2297
957
5270
1039
2768
2473
2130
5298
320
2182
2811
1127
1580
5007
3313
4707
1452
3951
4728
4643
1454
3707
3793
671
107
3038
196
213
220
100
218
1125
27
176
122
2732
381
2496
3980
287
1850
170
4850
777
2954
90
326
2519
4819
12
2527
886
2942
136
1824
680
5014
4446
2251
3162
1443
714
804
4613
985
599
55
1331
2743
4757
4305
3928
5334
5381
4521
1383
4056
179
2673
1901
2665
2771
995
377
1579
3399
2544
797
2303
1445
239
84
730
2814
5088
3068
1014
869
5068
2141
2757
2809
1345
4616
5470
4267
3611
3367
5262
2451
731
3186
5614
725
521
934
3712
1813
5064
4201
476
5539
5284
2938
1243
3407
3732
3855
2029
5528
2863
4941
5054
480
5282
338
576
1413
1230
766
2129
5232
3605
5045
747
4508
5244
1395
519
1343
584
1641
4437
344
4162
5052
2095
1222
4158
732
1307
4300
990
1932
1857
5536
2582
1792
1290
2841
1160
354
1267
2784
1256
345
4901
4534
5172
1575
1405
3366
3927
3639
5087
895
727
3501
760
4831
1486
173
337
2644
844
2148
2776
1982
1228
2813
1770
2840
398
2790
1262
4276
1759
2827
3529
688
1962
1795
3862
2806
4403
1865
605
5280
1802
2113
5197
5534
4173
13
411
1191
564
1176
2499
3460
3856
5274
3363
4317
5276
2379
4304
2343
5551
1397
2085
4177
5220
129
4149
3535
2093
93
3531
3971
3604
1111
3569
3285
3199
5245
4214
3459
3806
4187
3461
5239
4179
2802
5518
4208
2753
5069
4316
1547
5077
1766
1571
2823
3771
768
4212
3579
762
5086
3819
3749
4360
5373
1820
1030
2125
3830
4699
3359
1480
5096
2038
2843
5073
2668
2510
4166
673
3159
2821
644
1408
2879
5036
1503
3574
4190
2858
4176
4192
4401
1415
4156
4527
4174
5074
4632
5188
3621
4216
3696
907
5586
2762
1814
1829
3364
4181
4919
1972
4209
2871
2828
3848
4224
4766
3846
4432
4194
3967
4517
5136
1199
191
3576
4137
5374
5606
1481
1933
4673
3222
4854
3138
4275
3854
3075
496
3482
125
4606
4293
5308
4180
4515
3660
4155
4031
3734
3541
3770
3807
4266
2826
3839
2883
3519
3078
4210
1543
3155
3896
2953
5514
4684
5205
3515
4993
3250
4516
4560
162
4082
3157
1900
3447
4184
3080
2736
4076
5363
3708
986
4172
1492
3773
3338
164
3930
497
3402
4756
2152
2512
2523
729
432
208
161
3491
186
2506
4220
3246
3240
4152
2816
555
3835
3592
3236
3767
358
4619
2683
4322
4519
5504
3970
4406
4222
3435
3450
4509
631
3016
1109
3352
2898
711
3314
2376
4079
3506
3798
5433
3984
2986
5264
5178
5306
1134
493
3072
4649
3594
1723
1242
4217
1487
5124
5261
3810
2853
5309
177
1351
2504
3929
3496
4548
633
3981
3263
4218
3944
4328
4327
3554
3478
3540
3799
3452
3610
5335
3562
5358
3128
5285
1074
4188
4627
2960
3680
5076
5171
2928
5566
4189
3325
3361
3212
4439
4185
3304
4763
5462
3518
3706
1013
3358
4598
1394
5009
469
2529
1886
3690
1152
5189
659
5255
4402
3702
513
5256
3728
5233
3409
3845
5487
4407
4215
3823
3278
5269
4423
3766
5347
536
3472
3926
4255
4380
3328
3974
3781
5628
3704
3782
5179
5368
3126
3276
3824
3470
4150
658
5310
3599
2854
4429
3333
3908
4332
3765
3507
3925
3959
4064
5278
3262
1295
4550
3991
5240
3590
5293
4422
5248
5176
3804
4417
3936
4258
3736
2500
4273
4379
2833
5173
5577
5442
3714
3924
5496
3774
4095
3788
3850
5407
3015
3357
3001
4281
5629
3912
3915
3916
3293
4828
3544
5017
4871
4764
3354
2834
3674
3843
5175
4599
5333
5094
152
5181
3176
3404
3381
3893
5028
4318
3083
5313
5182
3609
3720
5328
4426
2902
3800
3703
5630
3913
3786
3938
3947
3671
3837
3817
3699
3695
3950
3536
3591
4254
3958
4246
5467
5516
3011
4984
5354
3802
4579
4096
3860
5406
3292
3812
4250
4298
3444
4271
2887
5443
5494
5624
3665
2371
5501
3691
4365
4000
5338
1116
5507
3221
3735
3892
3716
3918
3688
5408
3693
2967
4108
3710
3705
4315
4279
5439
2980
4405
5321
3811
3343
3698
3818
3831
4278
3593
3589
5480
3905
4591
3430
3718
3849
3902
4612
3681
4641
1551
4291
3917
2943
4355
3471
4256
3495
3004
4769
3374
3726
3215
5302
3709
3894
3484
4285
4057
3596
3900
3687
3713
4274
3715
5355
3847
3161
5474
3446
3598
4354
3711
5592
3167
3537
3160
4036
4048
4260
5351
5314
3335
3445
5574
3190
4678
4336
4182
4141
4363
4023
4768
3880
2924
4416
4729
4163
3013
5401
3999
5419
3834
3820
169
2965
4114
5463
2815
3345
4299
5610
3375
5402
4547
3048
2832
4513
3337
3832
4634
4001
4087
3996
5477
4645
3344
2922
5346
5476
5448
3550
5617
3443
3429
4251
2978
2989
1837
4518
3217
4270
4086
5377
2939
4071
5341
2820
4306
4334
3903
3132
1828
4956
3329
518
4781
2448
2440
4055
5150
3297
3931
4974
3306
3427
5160
3047
3516
4843
4794
5452
3365
3792
4016
5379
3922
5521
4920
5449
4344
4663
5391
3986
5423
3909
4640
5451
3874
5380
4035
78
4245
5428
4249
3184
3998
4083
4164
3764
3920
2923
4644
3492
4913
5596
3202
3725
3044
4242
4813
3439
4142
4070
4744
388
5432
3349
3253
4093
4689
3527
5510
296
3353
3273
4999
4047
4594
5243
4331
4247
4303
5180
5392
5497
5409
5410
5458
5473
4248
5631
5479
4042
5430
4751
5450
4198
4774
5415
5482
4204
5382
5475
4037
5397
5478
5466
4972
4816
4068
4582
4020
3740
3396
4730
4099
4041
3351
346
3526
3910
4615
3331
3878
4312
180
3557
3216
3330
3901
3437
3332
5627
3336
5437
5436
5404
4105
5464
4351
4019
4767
4049
3785
4676
3556
4788
4069
4169
3533
4732
4749
4636
4077
3906
3469
4130
4017
4118
4233
4372
4561
3888
4724
4134
3508
3479
4044
3530
4110
3987
4063
4102
4111
4021
3360
4683
4887
3389
3070
3279
3370
3053
5024
3560
4014
3872
1204
4112
3059
4136
4123
3480
4125
4097
4107
4578
4043
3434
3490
4168
3881
3494
4121
4132
3433
2896
4585
4600
3488
4750
3840
3476
4686
4376
4124
3311
4572
3319
2734
3317
3993
3485
3899
2745
2906
5602
4120
5006
3388
3116
2885
4131
4135
4958
5013
4842
3309
3290
5331
3288
3503
4143
4092
4338
4796
4145
4127
4116
3431
4103
3487
3475
3440
3493
3499
4084
4080
4122
4119
3474
3473
4115
3498
3919
4126
3486
3808
5621
3882
4117
3432
4139
4568
4129
4140
4045
3997
5152
5537
2888
4147
3995
5619
4607
3243
3428
3316
5089
4597
5615
3318
3350
3780
3194
5589
5012
3185
3990
4326
3795
4178
3887
3355
3382
4374
3886
4277
4358
4968
4183
3280
3398
4261
3323
5595
1038
3234
2926
4553
3724
3423
4892
3418
5618
3419
2985
4989
4899
4934
3805
4712
4340
3371
2969
3420
4283
3581
3090
2856
3169
3801
3828
4738
3156
5546
4264
386
2937
4990
4893
3187
4289
4554
2988
3898
4681
4942
2925
3196
3207
3401
3200
4943
4221
3415
5132
4223
5162
3145
4720
3391
5032
3362
3231
5025
3405
3137
2890
4219
4877
4567
3424
3226
244
4520
2893
4629
4952
3008
3324
471
2979
2897
5095
3339
3166
83
4555
4523
4733
3803
2817
5048
4713
3410
4896
4225
4656
4685
3120
3723
3721
4961
3206
4776
3385
3224
3393
3322
3321
3400
4226
3213
3416
3395
3230
3408
3383
3413
4596
5511
3411
5001
2982
4832
266
265
4910
3387
2963
3201
332
839
4694
4564
4227
5513
3089
3791
4650
4715
3197
5004
3265
3622
319
4691
3055
4745
4883
2479
2850
5023
5043
2829
363
5000
14
550
3394
329
5039
5040
5489
4876
2997
5018
3133
322
4970
5030
3115
290
3100
3237
5019
3065
1542
3074
5590
5587
4783
4583
4003
367
4333
3097
4908
4718
4682
2990
3583
5571
4844
4997
5046
2981
4618
5029
4677
264
5016
3778
4625
4622
373
4973
4995
4540
3050
4833
3790
1531
271
4345
5003
4988
4723
5027
3099
5026
3096
312
4929
3139
3214
2248
270
3107
4947
4840
2994
5034
3105
4985
269
3109
3123
4969
3762
4687
5008
3789
3101
4946
3794
4924
3722
5031
3284
3049
4894
167
267
4525
4900
4539
4836
4829
2889
3286
2884
4027
3249
4902
4936
3181
3085
460
2819
4711
4977
4700
4930
3582
3124
4888
3121
4927
4628
370
4886
4890
4928
4982
4909
4948
3106
380
4884
2892
175
4790
1530
4923
2822
4864
3225
4716
4983
4717
3291
4907
4364
5155
272
428
274
4964
3822
4865
3114
4905
364
4786
3757
4352
3113
341
5512
4841
3144
4860
4912
3119
357
372
5588
3233
3141
4897
4690
4872
3266
4837
4866
4758
4806
4852
4807
4867
3182
4903
4008
4719
4771
4370
1036
82
4708
4870
3260
273
4765
4742
4978
4797
4817
1594
3019
4793
4838
3143
3829
378
433
4963
1425
4710
1466
790
879
5360
4038
3146
4697
3170
3871
2742
258
781
260
1539
4791
4799
4770
4839
4709
4727
4859
4357
4885
4827
4801
4847
4823
4800
4739
4845
4812
4792
4820
4706
3061
3271
389
391
383
4734
382
3889
4863
4853
130
4772
4951
259
4753
131
4675
4030
4320
3247
4818
4785
4815
2869
4296
3208
4310
610
517
5161
3779
198
87
4760
4701
4953
4802
4778
4747
3296
4779
4025
4761
4846
4798
4773
4762
4980
5567
5021
5033
4740
4938
4962
4809
3760
4705
4914
5022
4917
3300
4950
4960
4931
4704
361
5508
4703
3171
4005
369
4965
4940
4937
3251
4702
4949
4664
1554
483
261
1529
182
387
4915
4925
88
1690
2881
619
3150
285
4916
4926
4918
4933
3758
348
922
153
2541
956
958
3302
207
2545
412
395
674
3833
2374
3058
1501
508
1483
1562
861
356
1570
3301
3841
1085
523
719
1464
1110
1455
2216
615
1453
154
3299
1107
3134
1103
2168
1100
135
81
537
3298
1568
1104
1513
1614
522
447
703
877
2337
1463
498
283
961
1060
789
554
482
1586
2559
3149
95
1569
2794
543
2695
499
1593
787
396
783
611
1549
3063
504
2339
1631
1029
1066
2604
4284
1099
838
492
2373
2215
1550
964
640
966
171
2750
435
1565
2401
2417
1681
404
677
1482
3151
165
1049
2429
963
837
1533
37
2972
836
2558
960
132
1602
968
1599
1069
1619
953
763
662
1081
1595
2197
1644
390
478
18
1603
1044
1458
1447
528
1596
1461
959
1552
878
1591
1611
1587
541
969
718
1978
728
1657
2368
1046
634
655
1651
3228
1883
1093
1462
1648
1815
2810
843
1532
1468
701
1647
2377
1635
1553
2687
1650
540
1560
1688
431
1615
1478
1512
1479
1475
1508
1361
527
1490
2509
546
418
1488
669
1609
1431
2691
1439
1642
1359
38
421
1460
1498
583
574
410
507
1321
1598
1600
2975
2964
1500
2546
1068
1430
1604
618
1831
1084
595
628
1496
1469
1495
647
1472
1491
1419
1494
1497
1471
1485
1493
978
1023
501
1606
1446
623
1567
649
1083
1255
1499
690
1182
1371
2680
1420
1761
491
1796
1392
1555
392
1509
1618
442
2027
654
1056
689
1393
1646
466
2670
1610
455
425
632
2017
570
1347
1847
1082
1187
581
1843
651
582
1450
2349
575
626
1821
413
409
1617
597
1607
487
441
637
440
2352
661
976
531
567
1164
402
1402
648
1640
1456
1451
1412
407
1369
406
622
609
403
1293
5
2678
577
1398
1236
1317
1266
426
1389
1378
1357
477
462
2682
1265
1261
1418
1022
1406
465
650
616
1391
464
629
643
580
1159
472
1417
645
436
676
606
1399
642
569
646
437
2
438
617
467
635
568
1322
687
625
1260
1341
579
1202
1150
1143
1264
1333
1401
560
578
1258
1248
1241
1185
1253
977
1390
1762
1961
1171
1245
449
1334
419
1339
457
1184
1170
1183
1409
2690
1268
1247
2693
1235
1246
1621
1326
1219
1404
468
1310
1145
1227
1396
1370
1291
1874
1320
1157
1374
1311
2805
1400
1872
1860
1175
1055
1144
1218
2759
1764
2674
1153
1188
1387
1047
1166
1251
1162
1165
1073
1177
1087
414
1381
2657
1173
1206
1628
1388
1809
1065
1380
1239
1215
1094
2692
1075
1373
1040
1018
1155
1043
1137
1017
1225
1139
1053
1163
1032
1189
1210
1216
1196
1224
1092
1067
1197
1105
1063
2775
1763
1033
1366
1190
1217
1306
1292
1836
1205
1088
1286
1062
1201
2679
1876
1981
1867
1924
1927
2669
1544
2630
2157
1515
3
1161
1051
1151
1365
1135
2586
2609
2786
1167
1148
2662
422
1284
2390
2587
2503
2613
1356
2070
1918
1793
1907
971
2577
2672
71
2681
2066
2659
2084
2387
2403
2616
1832
2677
2580
284
1808
2396
86
1329
2170
2666
2773
2654
1335
2046
2030
1861
2173
1881
1991
2664
1346
2237
1921
2200
1912
2080
2660
2640
2744
2647
2623
1296
1041
1298
2636
1856
2601
424
1332
1302
4
1340
2154
2651
1888
1273
2641
2635
1132
2600
1131
2552
2457
2684
2427
2416
1679
1327
991
2667
1314
2072
1938
2576
1328
2767
2581
160
1687
2190
1130
1272
2128
1947
2650
2612
2624
2195
2191
1854
1324
2108
2536
2611
2001
2175
2606
2648
2380
2096
2132
1807
2598
2166
2531
2675
2569
992
2385
2602
2643
2528
2634
2375
2563
1958
2537
2381
2372
2592
2131
2428
1564
2012
2553
1940
1522
1323
2782
2196
2205
1772
2419
2178
2591
2765
2614
1916
2101
4935
1825
1826
1656
1535
2212
2185
2547
2588
2620
2560
2583
2571
2574
2575
133
2618
1520
2382
1556
1694
2532
2596
1519
1521
1561
1655
2622
2490
1577
1573
1524
2565
2121
2484
2594
1528
2136
1546
1045
2548
1955
41
2384
2202
2180
833
1703
852
1301
1299
1952
1697
1318
2443
2388
1274
2206
2163
2452
1686
1008
2778
2477
2476
2434
6
2458
2566
2579
2466
2578
2469
2567
2486
970
2383
2478
2549
2198
2422
1654
2408
2433
2410
2550
2445
2551
2438
77
1652
2464
2465
2395
2474
2186
2444
2192
2213
1653
1678
2199
2210
2177
1315
2165
2169
2176
2135
2209
2338
2220
1011
2208
1928
2047
1954
2342
2126
2124
2746
2149
2741
2091
2077
2073
2150
2107
2133
2122
2060
2120
2187
2164
2023
2019
1892
74
1887
2733
1919
2140
1963
2115
2226
2344
1280
1922
2039
2007
2088
2078
1949
2119
1951
2102
2110
1276
2354
2367
2155
2086
1801
1950
1988
2184
1946
1943
2089
1948
2068
1942
1970
1993
1966
872
2002
2111
2079
2159
2043
2075
2097
2100
2094
2055
2024
2013
2087
2081
2015
1998
2061
1997
2104
2016
2014
2142
1945
2062
2074
2201
2067
2143
2090
1986
1976
1987
1964
2036
1979
2041
1977
2033
1944
2069
2025
1974
2021
2052
2020
2049
2058
1794
2009
1992
2056
2051
2034
2008
2035
2044
2048
2065
2076
2003
2057
1985
