210
15
53
77
211
14
259
250
248
68
85
224
242
255
217
251
221
262
203
244
237
240
235
232
225
84
62
2595
5651
254
231
67
256
76
5652
2590
3134
3133
1715
3529
2974
2600
63
5649
2975
5646
3182
4287
2599
1693
261
227
2859
1742
291
484
3603
472
3540
1150
1723
4412
4286
3638
4506
3541
1770
4288
93
486
2793
4420
2220
2797
1381
3633
4417
1359
4292
4859
3606
1583
3156
4428
4180
4205
3667
504
4524
1385
2967
1396
1588
1595
562
479
496
4289
1696
4849
4610
2589
1800
1678
1044
2972
3486
1291
6010
663
260
264
2696
4458
1250
3240
3666
2128
4558
923
4466
3723
5657
2618
1141
1225
3466
4566
4425
1358
4684
4163
2129
1741
41
1427
4407
3050
1462
4443
563
4456
4840
5656
4389
3750
1840
3132
5644
4561
2979
2871
3549
3770
473
2604
5140
1440
42
906
3724
1443
1309
292
1757
2900
1657
4109
4519
468
3558
6029
2951
2962
2978
698
6014
1228
1620
1668
1730
2959
4189
1615
13
4776
4436
4530
4435
1570
667
3040
4203
1349
782
4285
4284
3612
5247
4175
4855
5327
54
6004
825
1290
3121
5263
4339
1423
4669
2235
5663
4821
4802
2224
5884
1682
4853
3531
6000
428
3366
3220
2633
6026
5338
3044
6030
4567
1841
1634
3626
1297
1367
189
4188
4599
4518
4209
3794
3565
4363
2594
1413
192
2873
2188
2923
1738
1702
1130
1137
2606
2963
2919
685
464
2279
5867
1451
1450
2946
1734
3932
2886
853
686
1577
1778
1091
2229
1578
1626
724
1402
141
768
2970
3474
1357
4856
4104
2918
4611
2808
5645
3462
4675
4291
3477
3570
1266
2881
2794
3657
2902
692
4758
608
790
905
3754
4812
1128
4230
4221
4424
3795
5388
4545
5334
3159
5308
4321
3619
4191
4820
5992
4379
4372
4852
4663
4161
3674
4556
4803
5743
5905
5936
1182
3649
6027
5203
72
3692
2259
4437
1807
1424
4290
3650
2743
3048
3755
3165
5917
4213
902
5365
3145
3993
4481
1099
4497
3736
4642
5290
198
4702
3640
4600
4813
5927
3700
4414
5125
1831
5177
5167
7
3113
20
1999
3604
5781
2543
4883
4057
357
5014
4919
4946
5692
4755
3191
4725
5155
4063
130
4071
1823
353
125
50
3196
1609
1000
1167
182
1952
4957
5021
987
4976
2011
2112
4980
3972
1925
5008
3215
344
2993
4983
1556
2561
2563
2646
4973
2575
3430
2351
4926
1934
1827
1833
5022
5017
4910
4955
4956
1968
4972
5005
4966
5016
4986
1947
4069
946
5133
5141
5291
4082
1213
4281
5150
3020
5755
1986
4970
213
3253
1965
4950
1891
1949
73
3844
5040
4009
515
979
3137
4952
1703
1923
1011
5121
5763
1002
4882
5015
5007
5020
5705
4884
943
951
4998
2920
6058
4809
1950
1958
5757
3856
1698
2752
1697
3
3239
493
809
1811
610
767
2697
3221
568
831
1156
1694
1226
1677
2822
1302
1716
1565
2153
3351
783
5852
1231
1712
1269
805
1748
1587
2663
924
1321
1433
2784
1339
2870
1437
6100
3582
2260
5809
723
656
1671
1732
903
1434
5814
3198
1751
1241
188
2803
5851
5810
1670
5937
201
4885
199
3328
5018
1966
5721
2668
4088
3420
947
489
744
55
2555
1175
171
6065
1953
4994
2485
5706
1893
1948
3152
4027
3554
2662
3203
3223
4942
2865
1820
1955
5073
2278
1964
1924
5742
4962
4971
6090
4854
2523
1914
5307
1824
2581
1714
4954
6101
1943
4015
60
1878
6008
971
4961
960
955
2480
145
4964
4951
4944
1836
4916
3222
1967
5286
2230
6049
5594
46
3698
1825
3828
5606
2536
341
3971
4087
82
1006
3414
1928
269
2251
5902
3863
3017
5506
2544
2685
977
3980
3800
5604
991
1537
2056
5610
4880
5707
1826
2522
2666
4925
3405
5419
5001
3981
4965
4981
5414
4431
477
2579
4592
6053
1832
2557
1961
3827
45
4878
17
5057
1846
3880
4265
4092
5046
3581
1929
5815
5093
1970
2510
340
2451
5741
5044
3401
1303
365
5794
3153
65
2943
2414
972
5078
3151
348
5636
4783
3689
4277
5833
5843
3006
1830
184
5659
2564
5608
652
5984
5853
2246
2256
3074
5087
3089
59
2026
113
5803
2782
482
6057
5613
4028
5658
75
74
3149
19
1919
3261
6112
5055
5595
3334
58
5793
5634
3389
2820
1777
1787
1726
3776
3687
2592
3677
2001
4677
3392
3843
4785
5170
3408
332
324
2568
34
749
1727
1805
839
1902
707
3335
3391
2082
33
3587
882
5573
3187
3251
5872
374
4913
3590
6062
3314
3254
3308
2107
2273
3295
360
3147
3267
3410
9
5126
5579
984
1896
4781
456
2041
3396
243
4004
5609
178
5426
1981
2969
3576
3418
5784
187
6055
4016
455
4992
2577
3135
3157
112
3214
1976
980
5974
5178
4090
18
2348
2091
3563
2090
4935
4874
230
2241
4819
5817
2511
4790
3197
1753
3224
3008
4905
3402
5080
978
420
36
3131
4629
4164
3670
1090
3186
3516
4557
3793
4160
1848
3658
3548
4312
2526
5402
2407
4306
5251
5375
1143
2178
4429
2238
5264
4619
1640
3352
4531
3355
4249
5545
458
1722
2106
5641
2329
362
5282
4696
4543
6009
4194
466
3656
4296
4488
4206
2405
5978
2374
4827
1092
3154
3744
4569
350
3547
2022
80
4863
5900
5653
5654
1912
4019
3783
38
330
1869
3425
1844
5217
491
3780
5920
3523
5946
3866
3162
3778
5640
500
753
5611
1985
338
4724
2514
2572
5031
4780
4763
5335
5110
321
4018
3566
2317
985
6076
2150
6063
3801
3743
2182
1997
4272
4418
3387
3959
4040
3779
2569
6047
6037
6050
3127
3521
4005
263
2647
1939
2535
3964
3733
4105
5136
6154
3329
331
5682
2550
2537
2000
3233
5042
268
5732
5072
3138
2054
4934
6066
5787
2827
2518
2032
3908
4273
5493
175
3445
3333
3642
5772
5542
1294
4382
5122
5105
1292
4074
4949
2990
5143
3273
5053
3421
3858
5074
4075
4076
4081
5336
4048
986
3447
5628
5863
976
2713
4085
3034
5041
3406
5081
197
185
6064
4047
5085
896
5100
5090
5099
3337
6118
5596
1012
3098
2012
2701
1221
2126
5288
4042
3504
2851
2493
3496
5138
4917
4960
5029
5413
2645
3740
3004
4901
2119
1822
3088
5351
3522
5503
837
4102
6006
4879
5690
5173
981
5601
785
3888
2753
4711
3602
170
5963
6039
3431
5292
5603
3272
844
3245
4924
5961
1821
3459
4995
5009
4270
2642
5950
2559
4915
5470
6122
5802
1077
6038
21
2426
5960
5599
6124
4017
3343
1666
6139
884
3299
2035
3970
3681
3819
3451
2556
5159
937
4371
764
1513
4762
963
4150
4984
2008
4374
5342
647
3051
271
2505
3702
2079
2120
2659
5563
3721
3075
462
4084
6143
2533
1897
29
4360
5775
3321
5086
297
883
1877
5002
209
219
5698
5994
588
3802
4489
5092
3694
3966
3000
247
631
2988
2070
957
5623
4043
4035
30
964
111
2406
5685
5187
6079
3174
5626
1932
1177
3323
5553
4841
4587
2548
5864
5067
974
5979
1189
1971
2136
1756
5033
5010
2005
1918
3236
3845
2515
5156
5124
4590
2706
5171
3003
5567
1743
5205
1972
4376
3772
3597
3571
2684
2992
968
3268
2499
5174
4892
3734
5444
123
5914
2760
617
5045
5273
6077
632
2411
4355
3200
2675
2250
3962
6068
4627
3271
3829
5094
2658
2667
5704
214
2080
3011
5089
641
2705
811
2006
5637
5642
3842
89
1855
730
1058
4900
1829
5744
151
2695
3537
4990
818
6133
3580
4714
6148
802
5142
6140
6040
5424
6071
544
2852
2817
1509
4975
2036
2059
2053
2127
887
5688
3407
3021
1220
3080
5297
3874
69
2690
1835
3082
1915
2482
2115
5562
4918
4253
5179
200
1500
4024
3816
2947
5097
3608
148
2885
3278
6098
1977
4520
1017
3266
3897
1983
2551
2385
975
2513
5409
5296
2761
2765
3823
6007
1597
2213
1687
5942
3999
4000
1503
4050
590
335
5689
3553
2488
3573
4476
2487
4909
2296
4617
3126
4845
277
4974
5432
3478
3978
3409
1901
3300
2483
3867
5328
1051
47
2655
3325
2507
6103
4796
5806
5807
4673
3917
5473
5531
4938
3928
2498
2774
3562
1963
1962
2648
4928
3599
4667
253
1056
4929
5792
1053
3572
4073
3327
5430
3439
318
3380
5919
3276
6094
5075
5958
4782
630
4912
3263
866
5999
5368
2724
4078
534
5123
6072
5135
3616
5258
5751
358
4544
2602
2689
3306
5985
6092
3171
1913
3252
5461
3977
727
2004
5832
3729
2234
5566
2573
1274
5043
3238
4067
2558
5785
5557
1055
2552
4068
4872
6097
5153
2688
5943
5417
4768
4089
4967
1858
5244
2476
731
2539
2553
1057
4682
3534
5729
3646
4806
3498
2973
3707
2580
2806
2605
524
1416
3785
3708
2719
313
2496
4023
3005
1617
5091
5824
2177
403
1889
2176
3270
4930
1048
3312
3701
5168
4091
1660
2438
1304
4623
5169
2481
1049
3976
1198
4455
5151
5112
3331
2417
1899
3201
4991
5616
5993
3872
3777
2725
2291
426
3610
5668
5714
3894
5152
6136
2554
3710
2700
591
5245
57
56
1028
2777
927
2917
1340
1050
965
2880
4626
3912
3249
3873
3320
555
2755
888
3859
3310
2413
4495
5321
6096
1015
2401
87
819
930
37
3176
1866
31
2168
5621
3893
5052
136
5948
1711
5433
1907
3693
3958
5161
6130
5181
5443
4628
5451
2721
183
4014
5139
828
961
133
5106
962
453
4634
5445
5620
4923
6131
1329
3305
1993
1996
364
741
3837
475
372
2843
3934
3968
1328
801
4094
3901
542
5622
5185
3963
5607
3593
2143
4792
6119
3190
5625
5422
2519
1332
3836
2560
1898
1603
158
5237
5238
917
3960
5160
6083
6123
3164
400
3841
829
476
550
5189
1992
1425
4679
5529
1478
4670
5518
6043
1892
2390
3258
5913
2937
5204
1191
3560
5593
3128
4454
4365
5526
2425
5084
6150
1994
144
5418
1034
4452
147
959
3284
3818
4621
1795
3786
5527
761
3956
3868
5535
4368
6046
5242
6045
2546
2380
5519
6085
2475
6105
1888
3567
1701
2549
4033
2875
3444
3784
1032
1404
599
0
5796
431
1940
4020
5631
2538
3636
4775
3381
2292
1190
1910
172
1399
1122
5598
2506
5568
4580
5546
2163
4877
1318
234
5973
116
6121
2340
918
3969
3332
3924
5423
1611
1484
3235
2489
2574
2570
5547
1709
28
48
2512
5534
4003
1412
5551
1208
3042
120
2491
5697
3945
3049
1885
3716
4403
270
4036
966
6120
2298
5484
5788
3037
2472
5283
4716
4712
3493
2985
266
2948
5932
1946
5888
950
6145
2545
6002
4539
792
6144
1506
5906
589
4232
639
2503
460
4493
2987
1494
2693
3041
2057
109
2495
119
4613
3112
627
2694
2428
4525
982
1016
104
6116
6041
124
6036
5415
5108
2439
6157
5569
5275
339
5791
870
6160
752
5191
919
2076
1042
1078
2653
4280
2983
3419
5281
4709
3954
4708
5146
6035
5498
2060
5615
1856
2813
5490
1850
3771
5076
4453
2540
3315
2484
4588
5219
2212
3887
2206
4742
2541
1461
5795
6087
4037
6042
5119
5495
2492
3019
1802
5060
2042
5059
5866
3769
1736
5575
2131
2087
997
1499
6059
1689
5479
3773
1699
5991
6052
800
2981
3645
195
5131
2629
2055
3761
2935
228
166
2337
1204
5804
5555
2609
6151
2454
4366
3904
3274
3096
3607
5315
4062
1285
4769
5780
3699
642
5360
5618
5624
5612
915
5241
900
754
5968
2418
5145
3903
3862
1199
5132
1436
3378
3512
1586
1322
2501
743
1262
3142
634
2325
5834
5039
5098
194
1799
5102
5101
3193
2384
1857
2231
5049
1295
6080
651
3506
2726
3411
2714
2792
5592
5558
4039
1020
2926
6137
696
2124
180
70
2019
1173
4038
1717
5822
3896
6034
3260
1277
3820
355
6146
2135
4616
637
2355
2927
2157
3824
3998
5476
5559
4337
4276
2069
2467
3316
3367
2334
2862
4893
3342
4523
3115
499
5034
5118
6091
5460
5541
5465
3717
3726
4381
629
5215
181
196
1252
5953
4622
2151
3056
2611
1957
2165
3922
4217
3280
83
3279
2479
1838
5431
122
4086
1098
3143
1073
3205
2437
5154
3207
2453
2045
2494
1086
5421
5130
2502
3244
626
5129
3730
750
3248
2013
4908
5299
4022
1311
1598
605
2477
2470
3125
1593
5482
5572
969
4632
4080
973
2373
3997
4404
3509
5507
5496
3830
3386
5243
5954
2921
4676
4963
2058
5580
3416
2185
108
2497
3188
872
5066
517
3759
2504
5425
115
5478
5581
193
5538
5504
6074
5861
967
4008
2456
5065
5240
5619
1018
5389
3497
935
3324
3524
5412
2354
5982
2934
5111
3141
4969
5196
1185
2039
2997
2508
5393
4472
2445
2257
5554
4810
2867
4513
5401
1780
5605
6056
1313
2457
1790
3494
880
149
5319
461
3116
3898
1719
3081
1995
1184
2744
5885
5469
5054
2181
118
5505
5233
3184
3202
3234
4922
3535
5048
5480
4001
2427
3136
5392
2905
5725
4159
3139
5471
5564
1752
5459
2450
4171
1240
5629
1394
849
4982
5501
4756
5711
5515
5239
658
2995
3663
4978
6125
3175
3536
3330
4395
3289
1022
127
4471
4734
3849
2455
1468
6028
165
3259
4170
5556
1216
4953
4065
4064
5511
5082
5083
4875
5439
5447
5446
5438
5499
5468
3206
3161
5543
5513
5494
5487
5533
4098
4968
3114
5510
5472
5411
4977
4169
5600
5400
4759
5549
5660
5481
3384
2412
3303
5544
5464
4147
3124
2516
2167
2473
5574
5491
5367
1084
2478
5550
5700
1212
5182
1930
6082
1728
5035
2486
4128
2444
3440
5854
5420
5514
5500
5512
5522
3204
5508
5525
5536
3189
5520
5483
5502
5236
5712
5561
5521
5540
5232
6078
4937
3195
5528
5532
3208
5530
4083
5475
5517
2829
5537
5485
5552
98
6054
2204
5509
5474
5548
6070
5728
5516
2448
1403
6051
3130
5382
3179
5486
5539
2732
5405
3368
265
4704
1176
4661
3918
3926
3906
6073
5523
5492
105
2509
102
96
5452
2205
5497
3140
5633
2446
5524
110
5223
5222
5435
5407
2469
5277
5387
3160
2468
3831
5361
4157
3319
5477
4079
2458
6093
2272
5434
3180
1750
3798
5256
5259
2094
931
4386
2394
5859
5453
5597
5614
4279
4801
4487
2280
2914
1083
2500
3614
5827
150
4851
566
1296
4904
2850
2391
2442
2464
2474
2459
2452
995
5050
2490
2471
2264
5128
4110
6021
5186
5394
970
5303
1837
5148
1008
2876
4494
1026
5769
5358
78
3393
6088
2566
5026
4907
1692
1548
1874
3789
4958
3210
352
3995
4480
5930
1984
2007
2571
300
4828
3211
4097
1314
4534
238
1566
1085
522
3424
3256
3860
2180
2938
2085
4112
2025
1021
2465
4010
4871
999
5395
2171
2020
6113
5391
1843
95
3326
223
3212
2432
3448
5390
5373
4920
5198
6128
2300
5285
1202
2612
4049
5293
4046
4940
3185
2716
2123
5310
2253
583
1581
3371
3482
3101
3336
5246
1097
4352
3052
5347
763
1417
3374
1956
3480
6134
3526
784
6067
2933
990
934
2092
5386
4902
6107
5344
5855
1854
5380
5337
3397
3313
5329
5370
5355
5235
4932
5356
5761
3376
4449
2791
1936
2043
2193
4921
5362
2562
5369
2359
5673
3413
1446
5316
3690
1025
3835
422
5309
3317
1606
3764
3015
1582
4344
3911
5306
5404
1062
3661
3170
5352
334
1853
575
748
505
5951
5715
5858
5359
1594
2378
5353
5385
5354
3264
5696
5379
5403
5289
3886
5738
5374
5311
5396
2466
3216
3826
5218
5188
4145
1927
3481
4127
4866
5284
5270
246
5383
6142
5844
4536
3024
2170
3781
3281
2989
3747
4664
190
3967
2942
5366
177
6084
688
1003
3910
1251
636
5051
3433
4533
1650
3318
5925
43
646
2240
4943
4107
6141
4720
5320
5322
885
3369
2389
6114
3390
2184
6168
3322
5180
6147
5565
5208
4438
1847
2801
3167
2443
1370
5789
3748
933
1867
3231
5406
3839
1019
1818
3292
622
3915
6044
5488
5676
2982
3919
3974
1498
2232
5381
2866
1072
2567
1911
2887
1273
4514
2356
1023
2986
4807
5025
376
1333
4330
3879
2097
3032
307
5255
5127
5077
3296
4479
1337
4235
5463
5250
1882
3293
5823
3232
2210
2207
3876
2201
3881
3944
5149
4227
5583
5279
3895
4007
5068
5287
5313
5839
6069
2416
5117
4640
3070
140
4116
4591
4818
2402
4158
3277
4527
1905
5298
2650
3739
2731
4408
4541
1387
5063
3746
5560
1308
1223
5212
1507
1739
1095
5703
895
6158
5274
5314
5302
1868
5104
3068
6089
5301
4448
5462
5231
5312
4936
5260
6153
5197
5304
5190
4959
5023
3806
5331
2576
4939
3639
4507
5024
3909
4165
4347
5371
3757
4486
2707
5848
5229
3805
3833
2996
1127
4927
2398
6162
5570
3265
4754
3520
1171
2849
1814
5831
1649
4212
4577
4250
4829
1536
6111
236
3686
3507
5341
5770
5234
5206
3838
3965
5416
4503
5458
4475
153
5227
6081
3840
6126
5454
3621
6102
6138
5378
5226
6156
5397
1865
5752
3288
4593
5466
4029
3870
6108
5699
377
2463
5987
4123
3946
2583
3094
5830
5201
4947
3973
3631
616
4713
4715
3436
32
2062
3975
4021
1036
665
3286
3665
1327
3106
1210
5683
4152
6048
3939
4948
5230
5440
6106
4721
4335
3110
5276
3961
4261
5323
5467
5783
5456
5216
6132
3311
5262
5571
6155
4146
6167
3283
4186
5398
4148
4583
5617
4156
4274
5346
5849
4765
4931
4179
5213
6104
2404
4349
3282
5819
163
4162
3025
2759
3871
2233
3061
5410
5678
4199
881
3341
5576
5144
4271
5928
1336
1454
5113
5457
5377
5252
5324
5408
5064
5450
5364
5295
4166
3241
5449
5220
5228
5428
5253
4464
4283
5437
5372
4439
5429
5193
5349
5921
5350
5384
5591
4149
3377
5326
6135
4462
5268
5036
5455
5225
5850
5442
5269
5294
1165
3122
6159
4311
5038
3246
4499
5318
4498
3825
3209
5737
5376
5584
4988
5221
5194
4477
4735
5249
5280
4461
5448
5248
5436
5363
5211
5214
5267
4474
5332
4485
4460
5210
5441
5343
4473
6099
4459
4441
5357
5257
4248
5266
5339
6110
4187
5115
5261
2429
4440
5202
3194
4512
5028
5333
4581
4470
3213
3372
5207
4096
4468
5175
3192
3294
3144
4267
4490
5489
6127
4013
6095
4030
2392
1205
298
66
3309
4732
5340
4442
5325
4444
4463
5348
4324
4492
5330
4465
4478
4446
5200
5027
4445
4457
5209
3950
6166
4467
4508
157
4522
4336
4535
4540
4155
3168
5582
4172
4537
3943
3338
4510
4255
4427
3855
2532
5254
5272
3163
4144
5199
3382
4447
5586
3250
4238
5589
4624
3117
5147
3339
4491
5966
4410
5037
1215
3810
6075
2584
4504
4482
3123
4219
4204
3166
4154
3120
5317
4260
4483
1193
5103
2525
4509
3307
5096
5137
4451
3304
5585
4511
3118
4237
4226
4584
4215
5166
3941
4254
4373
317
4099
4211
6164
3290
4573
3155
1148
4246
5588
6165
4137
4574
5587
4143
2916
4121
4153
5777
1088
1180
4846
390
3804
3340
6161
4053
4060
3302
3613
4264
3172
5120
4268
4259
5079
3877
6061
5983
4736
4252
3797
5590
4528
1188
5088
6170
3891
4560
5701
1183
4739
5265
4889
1081
5801
4173
3173
4266
4985
5686
3297
1545
328
3505
4689
4835
4325
4045
5959
4548
4263
4108
4239
4791
308
3799
6129
4269
1114
220
5956
4816
4857
1307
4244
3454
3671
5762
2687
1300
3148
3119
3146
3287
3902
3937
3275
3821
3892
162
3822
4245
4011
4572
4760
4262
4546
4618
146
4594
4228
5278
4072
4895
3183
2644
4236
2643
3269
3227
6169
4585
2682
4757
4350
4987
6163
3500
3672
5768
4133
4532
5944
4223
5782
4314
6003
1218
4125
2048
4256
126
4434
3492
3889
746
3846
2565
1926
1768
3882
4501
5632
4469
4095
4554
4552
3875
4897
4484
3383
5095
4601
4547
1219
3464
4450
4553
6117
5071
5271
4515
4251
3796
4516
3807
11
3230
4597
3861
5109
4903
2641
5935
4797
3848
5716
4779
12
3766
4208
5798
4258
252
3834
3899
4176
4397
5907
4662
176
5733
1206
3811
3953
4103
3791
5114
2771
4529
2021
3622
4538
4551
3914
4550
4564
4502
4555
3525
3832
4565
3885
3808
3869
4549
4041
3847
3792
3851
5069
3884
3852
4620
4638
229
4649
4839
4870
186
4517
3600
3949
4370
142
4914
191
4737
3803
4571
121
1209
179
4240
2770
4646
5990
4740
302
2699
128
303
2768
3751
370
3753
4359
319
3952
342
4794
143
5648
1195
3942
267
3850
1217
3933
528
4596
4303
3812
101
3955
3790
4193
2527
3925
4496
4650
1187
4328
316
315
1214
3864
1079
3936
4210
3916
4799
3853
1080
215
3957
3935
4568
3989
4342
3815
4598
2778
1211
4401
4413
4141
4323
3988
3987
4647
3463
3905
6109
71
4348
5070
3921
4733
2698
4752
4331
6016
5957
3920
3938
3813
3940
3930
3890
3854
3923
3878
3865
2750
3951
3947
22
3900
2529
4630
3907
3931
3948
3883
61
1082
2735
4341
4657
1192
233
1203
24
4384
4651
4798
3929
2736
52
204
2749
3404
3913
4521
4044
4301
323
4361
304
4761
2722
4890
164
1200
4668
4639
226
2758
4409
4899
3365
4131
3379
4805
4614
2530
2528
4652
23
1196
4641
1178
27
1194
26
91
4380
5764
4130
1179
2762
4113
4671
4648
299
4636
397
4216
212
4198
4894
4222
4579
4570
129
5940
310
5727
4400
4774
309
326
5709
3483
3348
5687
305
1172
152
4354
3550
4231
4749
4911
4201
2712
4744
4868
5691
3653
1174
4748
5779
3680
4196
5730
1906
3749
4313
4229
2740
3016
4817
5894
4305
4405
216
3291
4392
4302
1151
4406
4825
2767
4433
4612
1169
4308
4764
4625
2741
3508
3510
3641
4729
4124
4178
4777
4197
4678
4789
3996
3344
4126
4582
5790
4119
4140
2775
5929
6019
4864
4637
2766
4808
3469
241
5723
4375
1819
4357
1186
4741
4391
3712
3705
3623
4411
4138
4319
4367
4869
4182
4142
4320
6024
4559
4318
4351
4134
4387
3111
4183
4174
4334
4307
3695
4214
4378
4563
3983
4388
4838
3679
4685
4115
4225
4602
5995
3181
4896
4234
5988
4906
3659
3986
4129
4002
3625
6013
5736
4257
6015
4586
4576
4243
4139
4766
4383
4132
4688
4345
4683
3347
3752
4631
2710
4190
4315
4207
4332
4195
4396
4200
4294
4181
4377
4293
4192
4167
4338
4220
4402
4184
4362
4722
4333
4415
4343
3676
4295
6020
4505
4317
4241
4723
3345
4730
5749
4242
6005
3629
4356
3814
4117
3655
4595
4353
4135
4310
4346
4309
3654
4118
4891
4635
6001
4562
3544
4867
4398
4006
4299
5986
4575
4680
3349
3487
4340
6012
4327
4358
3511
4168
5939
4326
6011
4837
5997
4316
5996
3683
4422
4298
6025
4322
4329
5998
4304
4814
4297
4728
3598
5989
6033
6023
4114
4423
4826
5980
4858
3503
5931
5916
4850
5735
3644
3499
3501
4393
5949
3652
5835
4603
4832
5724
5969
4658
4836
4843
3632
4224
3630
4012
4824
5910
5778
4300
4369
6032
6031
4844
4726
4247
4399
4419
4860
4833
4578
4731
3718
4111
4793
4865
5799
4822
3688
5970
4604
3637
3627
3685
4542
4672
4815
3107
3682
3985
4416
3169
4718
4122
5976
3727
3527
4218
4644
5797
3720
3994
3990
4771
5926
3731
5876
3675
3669
3648
3660
4786
3635
4120
5672
5681
4233
5702
3543
4643
5767
4745
3719
6022
4666
3725
3709
4432
3651
3673
4653
4655
4106
4811
3684
3984
3711
5877
5975
4633
4898
4738
3765
3758
4654
3538
3647
3762
3691
4772
3628
4681
3388
4645
5776
5773
4787
3756
3703
3714
5766
4421
4706
3991
4823
4185
4202
4705
4710
4707
4430
4659
4767
6017
3696
4717
3491
3532
4687
3620
3782
5941
4834
4727
3767
3768
3763
6018
4701
3738
3760
3545
3715
4609
4656
3596
4606
4691
4699
3490
3664
3559
3488
4608
4686
3346
3774
4692
4693
4719
4830
4665
3555
3668
3546
4605
4674
5680
4695
5879
4660
3561
4703
5820
3722
5871
3704
5918
4697
3518
3226
5904
4607
5746
5938
3519
3745
3542
3594
3713
3737
4700
5679
5909
3592
4694
4690
3728
4698
4848
3557
3489
4788
3556
4778
3533
3108
5639
3611
3364
5977
5765
3618
5745
5981
3564
5971
5908
3412
5964
5875
5873
5955
5813
3574
5674
5912
5886
3589
5922
5895
5967
5901
3359
5972
5758
3575
5911
3585
5734
4747
5899
5965
4784
5889
5747
5874
4753
4773
3634
5896
3539
5748
3513
3578
5933
5890
5881
1951
5934
5878
5924
3262
5923
3514
3992
5675
3609
375
5915
3601
5897
5882
5670
5808
3178
5655
3624
5870
4800
3515
3568
5821
3370
4746
5760
239
5638
5883
5845
3595
3363
3643
3350
3530
3243
5838
3361
3579
3586
3552
3257
3225
5818
3415
5671
5826
5650
5759
3109
5829
3517
3362
322
5661
5800
5847
5836
5846
5893
5880
5811
5842
5862
5667
5865
5840
5856
5828
3394
3385
369
366
5841
5665
3354
5903
3441
5892
5869
3177
5868
5666
3228
257
5664
5837
3400
3442
3403
2776
2789
343
1087
5774
2769
161
3399
2748
2674
311
1673
2720
1181
1164
2780
282
481
347
2711
3443
5857
3438
921
474
351
3434
3217
2692
2683
3229
5643
2785
3298
3467
3588
306
2773
249
312
2787
1009
3360
2800
3484
2796
2783
371
3485
910
3473
1875
2620
3426
1876
1163
3452
521
2733
2676
938
901
88
1113
543
401
3449
3013
3012
531
1672
503
3479
173
3446
3069
1168
2524
3353
2672
3569
3528
467
669
2640
1100
3002
3502
2764
3423
3427
3358
3458
3465
3422
3453
3435
2795
929
3357
1166
2723
3429
409
1674
3428
2747
205
3460
349
3432
1922
3301
3285
218
3456
660
137
925
1884
296
384
512
168
920
283
1161
932
3437
2671
527
1839
1119
878
404
206
1706
713
909
2779
914
2628
867
2734
1041
2673
953
1917
3033
1873
378
380
281
1872
373
1054
1861
3450
928
135
391
3471
513
359
926
1842
1035
167
383
356
3255
1027
280
2621
2802
548
208
3219
2757
363
382
1771
1039
155
275
3356
874
1030
2798
1676
222
2018
90
6
2781
3457
284
2814
879
875
1690
381
2805
1033
1707
3475
582
406
1684
16
385
1675
134
1849
287
289
288
410
286
395
368
285
408
387
386
3461
3472
39
138
989
983
3476
1938
1024
1029
202
1845
174
159
2786
1038
1879
2756
1900
2730
3018
389
3395
1013
272
3398
581
1708
1705
415
1860
891
922
423
2754
650
399
1933
2718
1060
1031
1686
944
710
2702
2788
405
490
2742
913
301
2826
2763
393
2799
1037
2661
1363
1364
396
276
2715
958
1096
3455
279
471
1047
2728
759
2854
912
295
574
1614
565
452
623
1124
2772
501
2837
2393
657
571
655
911
2751
2597
1159
2461
2441
1772
2824
633
674
2289
2074
413
2821
421
2615
402
618
2194
2652
1760
572
139
2884
1653
1852
2790
438
2630
483
2704
154
2823
2622
2833
602
1685
1783
2395
1108
908
1870
1883
952
1909
2195
1346
1383
516
2681
557
1117
2737
1645
2892
1571
826
1881
600
533
2617
2906
2656
1569
1761
948
411
3083
2832
1782
3035
99
412
1725
1557
2415
1543
1792
2362
2815
278
876
954
2809
2811
1863
2614
2738
2627
1894
2639
2709
2825
1895
2623
2637
2654
1890
2816
2812
2670
2717
407
3010
2848
2708
3092
1733
3087
1162
758
2739
2896
907
2860
508
1903
1810
510
2727
1158
1871
606
535
418
94
1880
1046
1729
2984
1004
1384
624
1921
3031
529
440
877
3066
2836
2419
2434
1937
1043
2834
2828
904
2729
2746
2624
2844
2691
2745
2616
2845
2840
1859
2669
2819
40
2703
2858
2810
2625
2857
97
1813
2807
2804
1904
2868
2631
442
2841
2831
511
1862
1812
2680
2855
2626
2853
2882
1721
1779
2864
2856
520
2636
2031
1710
567
1864
577
2137
1769
576
2818
2651
2664
1773
2901
558
1791
2634
2638
2846
1851
1916
2842
2649
294
2678
2679
1700
2847
2635
2872
1815
293
2632
2835
579
1669
2883
2877
2879
2619
1920
2861
1765
1816
578
441
2909
2929
2863
2017
2936
569
100
1683
1107
1774
2932
445
2878
551
444
2889
762
1763
3014
2838
1681
1480
1767
1764
2956
519
1641
2891
2874
2050
1544
2931
2945
443
2897
2890
2904
2939
2869
2910
2907
1704
2944
1755
2893
573
1132
2898
1662
1
661
1562
1796
1781
1786
1720
850
1806
273
2922
1059
2998
822
2839
290
2133
451
2146
791
1987
430
1170
2894
2895
2081
1613
1345
2103
2086
700
1525
1287
1667
706
2051
274
2109
1487
495
1724
2410
1496
2954
1737
1680
2587
419
1135
871
1553
1731
2999
1154
1540
556
526
694
1401
1105
1624
509
2899
2955
1665
3001
2408
1788
1103
2603
2608
705
1599
1145
1601
778
598
1470
1647
2108
1797
3059
86
733
1244
2409
856
2593
1776
92
1395
1276
457
1068
2379
789
1147
2068
2588
1360
1552
2433
1299
3007
1789
3047
5577
1568
1980
2099
1762
424
3009
498
1341
1663
2977
1563
532
742
425
2447
3027
709
469
1063
862
1659
2598
541
1118
942
536
592
2290
1064
414
546
873
1604
417
525
450
769
1264
463
2247
1448
732
537
708
1535
1066
2144
446
2908
2037
827
2400
2585
2098
1559
611
1040
2015
434
561
2940
494
570
552
1607
2941
2888
2422
560
1592
3063
1658
1745
553
2065
1975
2435
1239
2117
1679
643
1061
1695
772
2911
3036
2420
564
1623
1109
620
523
1526
691
3067
1493
3026
3071
949
448
781
945
1347
2159
1486
1106
107
106
1070
689
1479
2052
435
1144
1573
1519
1656
2223
3086
2132
648
2110
1136
1539
549
436
497
2965
502
2199
659
1758
2102
1803
432
1785
2358
609
1502
559
3099
1247
2913
3104
439
2924
1422
554
1157
416
3097
2912
1541
1268
841
3090
1664
514
612
454
2949
538
1518
1488
1794
2369
2089
845
1546
1464
1793
1123
804
1334
1808
1542
1490
1361
2047
776
530
547
1744
437
545
1237
2950
465
751
2064
1584
2964
485
1766
447
587
1473
2072
1257
2928
670
635
653
2219
640
2953
1472
1298
766
701
2218
1631
1317
3105
1476
1635
645
1238
1572
2044
699
1514
488
593
722
429
816
1538
1619
1362
2903
756
595
715
1654
1713
729
717
3045
644
1435
470
1465
1342
1310
487
459
1638
478
1625
1612
433
2976
1643
1576
1754
672
774
865
607
1590
693
1610
1579
671
1798
1633
604
1265
1749
868
681
683
1585
704
1352
601
1784
857
628
684
810
817
1259
1589
668
586
677
2040
1281
695
680
1344
584
803
2014
1249
2307
1516
2991
2063
480
654
664
1632
1280
678
1602
690
1600
682
1628
687
679
1351
1596
673
666
1809
676
1531
449
1353
649
621
703
712
697
603
1747
1316
1627
2968
597
1630
714
702
1648
675
594
1759
1644
1642
2980
1804
1639
596
1355
1306
585
2034
1575
1646
1580
1651
613
2
1348
1567
1532
757
1356
1534
427
1637
1629
1533
718
716
1636
1801
1326
1267
1775
719
615
793
1591
5
1248
614
1286
1242
1432
1561
1354
1400
1558
740
1243
1547
834
1564
1065
2952
737
815
745
3076
806
1350
747
1325
1139
728
734
770
1517
2105
3065
824
3100
838
1104
3103
795
813
2961
798
739
2957
1551
3055
821
738
832
3093
833
842
1528
1527
799
852
860
848
794
780
823
771
726
721
851
1978
735
847
736
1529
820
720
1530
830
3102
2966
1554
1560
836
854
855
1153
2971
2030
861
1549
2033
840
1418
1512
1521
2239
1126
775
2016
1523
3039
1974
863
1315
2960
858
3060
1289
2958
81
2023
2093
843
835
846
787
3054
3053
859
773
3073
1520
1301
3023
1522
1524
1482
797
1515
725
3058
1447
1439
765
1973
1067
1485
2028
779
3085
2066
1455
1505
2075
1979
1255
1442
1125
1134
2071
2083
3064
3091
1112
1382
1279
3084
1511
2046
1483
1283
1236
2130
1393
2164
3095
1392
2084
1152
1319
2154
2029
2140
1982
3072
1495
936
1256
1380
1233
1438
2100
1284
1232
2061
1235
1102
1466
1275
1324
1508
1234
1501
1990
1510
1131
1312
1497
1293
3057
1343
1481
1305
1278
1101
1378
1475
1492
2306
2299
1271
1320
1471
1071
1272
2267
1391
1330
1504
1160
1474
1398
1377
2134
1991
3077
1467
1459
103
1282
1288
3062
1453
1338
1261
1120
1331
1263
1456
1254
1142
1121
1230
1229
1133
2152
1138
1246
2158
1245
1458
1376
1463
1452
2192
1449
3079
2221
2282
3022
2138
2440
2161
2399
1260
1445
1491
2421
1988
3030
2121
2111
1989
2160
1253
894
2010
1093
2313
893
892
2073
2175
3043
3046
2436
2002
1375
2424
2320
2255
2156
1076
2244
1441
1115
2122
1129
897
1411
2430
1155
2460
1089
2166
1405
2125
1110
4
1431
1420
2148
1419
1457
1075
2162
1116
1410
2009
2322
2003
1379
2139
2332
2449
1406
1111
1429
1094
1430
2067
1408
3078
2314
2147
1074
1428
2190
2203
1415
2189
1444
2142
2155
2145
3029
2396
1227
2191
2200
1224
2295
2222
2261
2186
1365
2113
2376
2336
1421
2215
2327
2141
1414
2258
2214
2311
2274
2323
2315
1374
1409
1388
2169
2403
1407
2263
2179
8
2202
2245
2173
1372
1390
2301
2397
1389
1373
2339
2370
1366
2275
2377
2350
2198
941
1386
2208
2174
1371
2346
2242
2357
2209
2312
2363
2335
2381
2286
2284
2254
2197
2196
2333
2372
2281
2172
2375
2187
2371
2328
2326
2331
2366
2368
2383
2367
2321
2342
2038
2305
2364
2387
2388
2341
2249
2360
2308
2345
2309
2330
2319
3038
2318
2276
2270
2225
2262
2324
2211
2352
2269
1369
2277
2265
2349
2347
2217
2338
2271
2243
2228
2310
2316
2287
2288
2344
1368
2268
2216
2353
2365
2226
2285
2283
2304
2361
2302
2227
2266
2236
2303
2237
2297
2252
2293
