295
56
264
293
283
62
65
79
170
292
71
57
284
253
77
278
300
270
294
3319
273
17
68
16
298
5899
18
91
302
3341
19
289
78
299
3318
262
87
1872
274
3336
5892
6165
2738
1002
259
287
250
296
69
242
450
268
3030
617
2743
169
5902
5905
448
2737
5896
1888
1863
3107
291
1001
5587
5594
1880
1365
557
4611
4581
1171
88
3121
5891
5076
1478
1170
1364
4595
43
2744
3099
4344
851
711
4075
493
4615
3085
5070
1198
1848
3841
510
6157
5021
1929
4662
3785
492
6146
1889
5659
3041
59
3114
3108
1548
1357
1259
206
3104
3040
6290
1442
864
1877
475
15
1831
5667
3846
3766
1534
2943
199
1208
2942
2937
4402
4387
4592
4679
5596
4410
5069
2896
4059
55
5562
3521
3343
4663
4373
556
4377
4388
168
2376
6291
6117
3879
3962
4681
3880
1189
5735
865
1859
2390
2397
4355
4346
3630
496
74
3320
159
4604
3756
1849
656
1869
4625
2749
1451
6178
3837
3072
3289
3935
1479
1535
4395
451
6297
3
64
2742
4081
466
1475
710
817
4088
1558
1891
1590
1753
4401
4329
4753
1847
329
3123
1192
6051
3801
5551
4821
2940
1582
4562
916
2323
4415
1447
6119
4019
5015
719
1718
4658
5020
1228
4823
6391
1867
4971
4639
2992
1921
6053
1250
1903
1564
1709
3848
379
6114
3017
563
1719
707
1733
1218
1554
1180
1706
6268
4098
2964
606
4571
5424
3767
5065
1474
3792
1838
6299
309
3623
4316
3793
146
5033
2883
3786
5538
313
1932
4586
5723
3950
6292
4414
3652
4289
5066
328
2947
3050
3464
4752
1923
5507
1842
2906
3957
3127
5724
4888
1864
668
1269
474
3349
2807
5005
4811
3881
4363
2903
3798
2990
3014
3651
6267
438
1758
3851
422
1123
5061
3556
324
5857
1814
5200
5851
3252
5204
1285
5987
5381
1825
1067
2100
2137
2703
1063
2096
2791
4670
5957
6078
5180
1108
4253
5986
2136
5861
20
2105
2789
1019
1913
279
286
1902
5249
2681
4263
2698
2103
2790
2178
1977
5275
5838
5247
5556
5219
5218
35
3149
5186
1027
2616
2221
1028
2692
1082
4786
5248
5543
92
5407
5523
717
4824
1190
933
1711
4293
926
1458
5919
4806
507
6229
1540
1224
875
1471
1235
4422
1533
3095
1507
1634
919
4480
543
5579
1339
4599
4601
1249
3182
4878
5936
4386
1631
5425
686
5450
5449
6080
938
5748
3217
573
1764
5028
3235
4020
4368
1172
3758
4865
3360
6110
1325
4555
529
2473
5526
5744
1506
42
4416
1550
2537
5308
3213
4268
2186
6332
5175
4233
4231
4487
3175
1008
2699
5115
5837
1062
5272
4968
3261
3266
5157
4251
1983
4232
2086
6366
2044
5179
1020
5461
2205
2797
2229
2706
3763
4154
670
2584
2704
3332
4830
1452
3172
6432
1086
39
3204
5250
4258
5307
5299
3262
197
3150
4199
3240
5347
2119
5642
5151
2806
4117
3215
967
82
60
4237
5165
2061
5150
4272
5132
5332
200
2169
743
5537
724
5166
6067
2888
5184
2844
3351
3339
974
1663
1974
2159
5742
5809
4259
2075
3086
2040
6377
5123
2552
2515
2199
2713
1905
6084
1043
503
3103
5213
5815
2840
2056
1799
5217
5113
5949
4166
6386
2559
2813
1084
5280
623
5205
5210
2083
2577
3190
4140
5842
2305
2057
2068
5847
2841
2093
2092
5124
5138
945
829
2010
5145
1
2220
5131
962
964
4027
2369
6403
3806
6260
2025
2700
4697
2203
2306
5149
4846
6220
4226
2164
2134
4044
2110
2516
1988
781
5203
4141
6238
2046
4164
196
21
1958
5846
5170
514
5522
2406
5536
2688
5266
132
2446
6392
58
641
4651
4801
3271
3762
2016
53
3327
5159
23
652
4847
2106
1563
22
4797
2224
2160
1962
813
6390
3169
2258
3917
1083
784
780
4216
4183
3326
3456
2256
4550
5235
6038
3493
4613
2468
810
1129
2781
2799
4274
3202
4999
5018
2689
1694
4468
6047
2494
1462
1601
3197
3198
2018
2682
2249
3977
4211
4864
550
2670
6424
634
2649
3770
5240
5241
6061
4286
4807
3183
2975
2951
4981
1690
3064
1122
2860
3333
408
3036
1861
4676
3073
2974
3020
569
2932
4540
3031
6401
6041
2914
6261
3469
5946
1843
5041
4521
2759
497
6244
3026
1897
1862
6285
6139
4764
3439
6171
3307
145
4457
4781
727
5991
6282
4533
637
2123
6276
1306
3538
5984
6
4317
6140
4374
1865
4724
3243
3539
412
144
3004
830
5354
6257
4359
2988
5053
6027
1453
5206
5844
6323
3247
1975
4270
6206
2037
4212
4242
4241
4466
3441
666
4265
281
6362
5156
376
375
2033
5914
3537
4462
143
772
1857
5834
4587
354
3499
2674
5192
2690
130
2043
2659
2239
1829
3662
5879
5876
6338
4421
2127
5470
3274
3523
332
6005
5171
5962
1961
4279
1987
5154
6345
6074
3431
5284
2558
3575
704
5075
1989
6373
605
416
1794
5726
5191
5194
2457
4677
175
1154
1908
3135
676
3148
1406
6398
3752
5188
1887
2746
613
6192
2669
2665
4775
2022
782
4110
1025
4214
5255
131
4365
2346
3649
5043
672
4743
4754
4247
4215
2142
5189
5306
862
4795
2362
6057
6052
3404
4912
1978
2733
2002
6015
3712
2028
3611
1068
3526
5311
3903
1580
3146
3382
4049
5656
3918
1991
4017
3455
1610
1614
6010
453
4723
4220
4227
4221
3425
2641
3292
2031
2017
3479
2512
2107
6354
4278
4160
1266
4728
67
5126
5994
6006
3251
6352
5746
5067
3691
4678
2635
2035
4013
5821
4471
1024
4828
2054
3943
5238
4758
4208
85
5187
5183
5178
1994
5114
5137
2513
5202
2694
2021
3203
1091
5122
3392
5874
5873
2792
4187
3337
2048
3892
6357
4200
4229
1681
1759
3934
5056
5000
4047
4209
1165
5338
5446
575
3254
6385
2740
5084
1960
1965
2113
1964
5913
3908
3907
3051
4986
3699
5253
363
6405
2189
5121
966
5652
2778
260
622
4961
4257
4722
4080
4433
1837
6185
5505
3189
1253
2417
5572
116
5749
3951
586
2373
3731
3270
5708
560
4153
115
1748
734
538
841
5533
3825
4328
5278
2433
574
848
5755
536
5014
2422
5603
3666
4703
5262
2416
2121
1419
5498
6321
4682
314
5518
839
3749
5478
918
3227
742
3607
5524
3963
1234
330
5492
461
1871
1914
3644
1851
925
3331
5386
5297
783
616
731
2583
3925
2321
661
3401
5550
4185
6389
1345
970
968
628
615
3433
2661
6237
2734
1372
2712
1459
5316
1335
5617
681
5345
491
51
618
601
463
2671
3930
949
6374
908
546
545
2412
4213
2643
1416
5141
4833
3624
476
3269
5881
6342
4168
5343
608
786
2143
1499
2848
5301
2656
880
3661
5112
598
2711
5168
5133
625
5129
562
6328
2138
5119
5174
5195
5182
487
579
5127
3713
5148
1980
675
1181
2617
815
779
3446
5303
465
572
2645
2564
1088
987
1336
5140
4974
2545
6418
4837
4111
1407
5403
3163
6439
6356
473
1080
1075
5197
2881
5789
2285
2705
626
6436
4207
777
2027
6169
6176
1106
4829
3853
5085
5172
5130
5167
5161
5103
599
6444
4118
5176
5128
3511
5102
5120
2509
1093
1101
4096
1648
2708
4290
4693
3462
6399
5965
1646
4742
5711
2024
6349
2796
50
5328
4897
5447
3865
2811
3668
2052
1141
277
187
3816
1213
4872
1668
431
5754
3909
5945
5111
3003
5544
3005
263
459
1790
702
5107
2034
2050
4699
2279
3434
4182
1193
3886
3405
4048
713
5952
3891
2810
6048
1973
1021
6350
1791
2938
1982
1317
3889
2693
6215
977
3176
6406
2639
5063
470
1782
3860
1525
316
1793
5585
32
4094
4848
3168
849
2020
5479
1018
142
4035
4026
3384
6415
873
4607
1911
3926
5261
2572
3894
714
2683
52
3067
5938
6039
3890
452
254
5231
2544
366
5604
176
2147
3920
1109
3884
3138
2041
2627
5105
3725
3140
6440
3180
5951
3390
1100
5329
5104
6371
4713
2618
3281
778
1509
6358
233
4739
304
4558
888
1429
369
3160
2568
6353
3212
6180
4714
1102
3899
5808
3245
3933
2611
5198
2319
6417
5399
1435
2620
5961
4176
3267
3862
5521
1042
4544
4684
2166
1666
649
2585
2005
4074
3911
2320
878
5349
2322
2534
976
49
3260
5181
2619
2546
932
2365
4085
2150
4911
2053
2063
2636
3154
3124
4043
3606
2378
674
2280
1934
844
5858
3445
4609
4149
1816
5932
2454
4645
6250
2312
4337
6001
5825
3530
6013
3413
1112
2651
2581
6337
3617
2853
2526
4862
4863
127
6020
33
994
2725
1017
2087
5751
2571
2697
2511
2640
1098
47
2012
2495
1670
2608
1081
4095
4891
4606
4291
1094
5160
5155
3519
2668
1308
2262
1972
2684
161
4028
3295
1016
4650
6383
5668
276
4568
5614
3195
959
5118
2631
2518
4673
627
1000
4597
5409
5948
4285
447
1103
3094
721
5877
2554
1592
2405
4297
2987
2259
4100
3210
1920
2194
3821
5237
3057
1959
4475
2030
1072
5947
5939
4596
1074
46
4982
3819
809
3218
2542
3139
2311
180
6021
1283
3209
2508
956
3191
6327
4715
6029
3898
6273
5732
5110
3795
527
1107
4444
3815
4142
5771
348
1358
6194
5333
2071
2202
2226
2388
4472
2104
2646
3506
3513
4939
3468
4351
6096
2299
1446
4319
1036
2547
5285
2527
5768
99
5792
2275
4659
5304
2607
4832
3593
553
3544
4385
3717
2933
4887
1230
2828
6149
4148
930
6394
6037
4513
4396
4447
1432
1244
4460
3242
6134
282
1487
718
3594
2045
6277
6253
2324
1488
4012
5047
1476
6147
952
5016
4773
2934
3502
380
6241
3364
4620
5888
1393
3354
3830
3376
3708
4042
3061
2357
6434
1562
3878
1489
5072
2832
4572
1879
3598
371
2383
5817
4759
3716
2663
4282
5997
1205
5750
6419
1448
4804
1455
6363
3495
3478
2666
2013
4150
4917
6179
4548
567
3647
2132
4423
6144
5761
1202
2375
6022
2413
1388
3294
2148
3477
4969
3595
2352
2364
4580
4566
4036
2421
2576
5931
3448
5848
6413
2058
6012
3166
978
5291
3627
2331
3710
6361
3308
3622
5915
4320
4579
4157
4473
640
4938
4884
4871
4861
2377
2069
4557
6300
1439
4076
3527
2610
252
5806
6219
38
2506
2009
5812
3230
5983
6201
1240
4603
7
2381
356
2612
5979
5313
3610
5048
1242
4461
9
4439
3895
5684
3672
4854
1420
4674
5315
3428
4465
2141
4549
2235
455
5943
4756
3480
4874
6209
2223
5956
1928
2453
2434
3604
3904
5967
4159
4022
4469
3864
3883
4197
2630
3461
3863
3602
3861
2394
2601
3402
1521
1898
2891
3656
4563
5233
36
3314
5228
2337
48
4224
2355
1254
3522
955
3151
5935
2805
8
2984
5341
4928
3637
4023
162
4637
2402
1182
3296
2702
3137
4853
6136
123
3568
4454
1906
4698
126
3159
1492
3201
178
2208
4123
4922
1408
4535
4841
2628
4517
4470
3451
2638
1493
2652
2650
989
2573
3440
2613
4979
5765
2264
6125
4675
2245
963
2242
3510
1022
1023
2657
2623
2450
3325
2525
4836
5937
248
2238
5376
4087
3310
2624
5930
6152
3022
2270
2398
5993
4612
1700
1836
2724
6369
4886
4751
5456
5797
3241
3233
227
2606
2184
5406
3359
5860
822
5713
2485
2114
2124
2667
2609
2246
5254
5907
5912
3211
6334
3234
4198
2428
2653
3885
402
2614
4158
2522
4904
4091
3206
6181
6191
4852
198
2539
31
394
4507
1167
76
4362
1251
5387
2195
5856
2996
3298
2637
120
245
4482
3660
1783
847
941
4018
5644
2218
2036
3873
1657
4765
1333
669
4477
3465
6184
4112
4777
3514
6203
1950
2654
2578
951
2632
2801
6216
1268
2595
4851
2593
1168
6367
1417
2600
3187
4479
2200
4450
4155
4876
762
2059
2070
2502
2633
2282
2228
3329
3533
3285
2276
2514
5378
3196
2055
1997
3936
3657
5763
5300
3529
3002
1332
2507
2629
2644
4649
3379
1966
942
5855
3344
5273
203
6258
2528
4066
2380
5226
6317
4539
5044
4671
5236
2344
2566
2065
2066
2538
2605
2343
2622
2524
2580
2553
2341
2594
2655
3584
1334
2519
2567
2517
6007
6343
5224
2499
2491
3192
2565
4053
3424
4792
2207
3219
2332
129
2589
4436
4427
2004
5558
4375
4831
6264
3199
6090
1368
3395
136
6049
4944
3171
5515
1606
397
1142
3363
2167
3046
193
3583
3221
1444
5352
4255
5960
173
3518
2039
5504
2340
2579
3828
2647
2336
2486
2152
2722
5929
3263
1423
5963
4785
4325
5106
2625
2424
3200
2151
2302
6348
4528
5944
2146
3411
6330
4967
2555
3157
6050
3823
185
3142
1169
4218
2120
70
1089
5766
3761
205
1684
6325
2370
3686
3330
3632
6060
2382
2863
1490
3006
1155
3165
6036
3463
5337
3676
832
3876
3076
1166
2314
980
1164
3232
2634
4522
378
1313
2989
3491
6409
5826
4417
1424
6402
2144
6340
6224
6121
2254
4849
2761
3831
6150
5374
6387
6375
3323
2274
86
4071
3033
1789
4598
5828
650
3554
194
4985
5393
3887
1048
1054
105
458
2297
6368
4430
6148
3024
3599
5325
1405
874
3244
3414
3569
5474
2419
4267
239
4271
1227
6414
4859
3144
6200
1930
2288
6127
4839
6156
4850
3225
1399
6016
2393
457
882
502
1316
3447
3322
3374
122
5372
2379
1385
5257
4086
2367
863
2338
1418
2438
4467
5758
5728
6306
677
83
5627
4875
3185
1649
2399
5738
3045
1375
5418
2874
3850
1425
3512
4608
2842
1844
2257
213
3693
3324
2852
2829
4358
4034
5147
5813
2400
2392
2126
2356
6426
824
4156
5779
2427
3186
3517
1600
3457
5360
2125
4504
3454
1516
4740
1636
5342
2439
5026
1351
5397
4116
5369
1639
1315
4134
307
336
591
581
2709
6234
5683
2175
2248
2420
1292
4338
2214
5942
3152
3380
2217
449
4567
1307
6133
1121
2436
3811
986
5654
5243
4069
5756
1092
4419
3129
5319
428
4108
583
4975
5334
1491
3378
741
2313
6243
2414
2255
3396
2117
6316
2185
5632
1593
823
4097
3866
5173
2360
1875
192
5221
2049
359
2719
5688
3153
4476
5002
4964
3393
249
518
266
4873
5136
2731
3239
1819
1957
4577
1482
456
4122
4589
4510
3944
1369
6259
1437
5367
5357
1051
1678
5717
5317
4582
2102
500
6393
1766
1805
1056
3383
1466
4225
1565
6182
6431
6153
1512
4885
2265
4067
1510
2176
4618
1597
639
4451
2339
4138
1260
6326
5769
1096
5783
4729
5729
3487
3435
2823
1779
1628
3520
2710
2389
2293
63
2720
4412
3937
3372
4987
5568
5095
2386
258
5819
3338
4501
5807
1632
1099
1915
3297
3122
3921
5803
2664
5721
909
2716
4130
1146
2672
1774
45
3162
6307
3474
5802
5775
3473
3929
5800
1596
3928
2363
3902
2875
3486
3910
589
5703
4072
4132
3955
6407
3311
2267
4115
3999
895
5415
1935
6265
4727
2685
6208
5608
5355
5460
2598
6164
3335
889
3591
2206
943
3304
833
1900
2418
4667
2696
4556
3945
5906
5660
3616
305
2861
1616
2715
1275
671
1197
6024
4103
3488
3167
3453
4843
5739
2714
4239
5263
4750
4050
164
2213
2234
4474
1438
5787
4766
5811
5830
3726
2227
5872
5871
1772
3143
2281
6395
5816
5853
5839
4281
1917
4032
5259
4084
4294
5574
3509
6370
1603
2599
4632
5801
5805
6421
5998
4511
5823
5777
3365
2415
4524
5545
3703
1310
5597
1968
1413
4307
5321
5662
5410
4180
6412
4058
5822
5331
5824
2431
5767
4339
4738
1184
1105
5625
5829
5788
5364
2273
4538
3305
4152
4330
1621
4119
5727
3867
2157
4569
3170
1138
1611
4051
4064
4855
984
5790
101
3912
5225
643
5400
4991
1751
5464
1788
2064
1143
4602
5752
5295
5511
5529
4576
2426
4361
2283
2334
3588
1800
931
1771
1754
2272
1993
5889
1654
4411
1585
5880
4177
5776
5566
1589
1131
1546
3303
4262
2222
4127
80
3373
5753
5712
2215
5804
4515
4322
4642
4721
5288
5546
6410
4666
4223
4426
4435
902
4356
6355
2183
1892
1034
1894
6382
5580
1320
645
3334
1780
5567
1699
5621
2615
5634
3220
97
3590
5101
1173
993
5388
2269
4583
808
3403
2315
3932
6324
2292
3642
1936
4407
4652
4342
3578
2492
5368
5895
4383
3443
5716
5100
5339
5820
4315
5382
3366
4653
6384
5366
4445
5854
93
3389
5353
6227
4321
1617
1804
4726
118
6397
5363
5455
3208
5350
846
802
646
4998
6438
2180
814
5843
5733
352
3181
4746
4737
5664
5245
4516
5693
5010
4622
5730
2232
3497
1111
854
5392
3859
4762
3507
5528
4683
5389
6404
6388
4696
3299
4685
5831
5318
5305
5358
4266
1572
5741
4780
6443
3572
4287
4301
4966
6360
6137
5390
5794
5276
2316
30
4704
4646
2505
4446
2294
6447
3291
893
5736
2498
1925
5312
3312
2198
4503
5244
5472
2745
2751
6213
3466
4691
5071
6428
811
3939
5666
5780
6378
6379
1605
5373
2425
3840
4485
163
5340
2673
5320
5405
6341
5827
4299
4486
4761
5260
4541
5330
4997
4302
4493
5326
4458
5264
6420
5933
3483
5351
5473
2391
61
2857
2309
4449
4131
5975
3321
4610
5361
5395
2409
3388
6396
6123
4443
4033
6151
5720
4593
5646
3833
2403
3253
2423
2277
5832
1765
112
5036
5764
6172
4749
6445
1236
2463
988
877
1255
5637
5934
5258
5380
5490
5298
4300
4261
4360
5324
5845
5294
5365
3952
6132
4725
5336
3315
4959
1967
5277
3340
4453
2430
4303
6186
5314
4191
5371
5718
4306
5039
5436
4741
4324
4323
5645
4952
5700
5346
4455
6333
3482
4440
5702
4105
4432
4280
4680
4188
1274
5669
5600
6448
3412
2201
5995
3420
5785
2695
2658
5836
3352
5599
1029
2470
5396
5362
4441
5062
6160
5469
4719
3306
5017
3309
4523
5038
5514
5611
5091
6066
4304
5290
4654
3472
3915
4424
5384
5234
5593
5222
1445
6043
5379
5227
4992
4996
5370
3316
6161
6372
2236
5719
4205
5480
4800
3498
5639
5471
3897
5704
3293
5676
4744
6124
6408
5458
5501
4129
4536
5223
2723
5271
4136
5595
5613
4494
2560
3391
5359
6442
5287
5383
5743
3385
5493
6042
4745
4730
4144
5682
4655
4686
5282
5539
5740
4252
5494
5691
5674
4519
4509
5734
4448
4484
6437
6240
6441
4099
6318
4437
5322
4352
4143
6056
4083
4341
2590
4600
3567
108
4078
5840
2642
6309
6347
6449
2073
3671
98
3797
6017
2411
5601
5999
1290
3597
4951
317
1895
2904
2935
1374
5799
5795
4073
6429
6416
4420
4109
4068
6446
4492
5714
4429
5887
4061
4031
5420
4055
3528
4690
4452
4107
4340
5444
1461
4718
174
4379
5784
4070
5982
4798
3525
4708
4327
5335
5459
4093
5080
3398
5791
3346
2401
4318
4284
5442
4296
3577
5885
3620
3875
5798
4628
4525
6075
6079
3612
6218
4488
4929
4720
225
4389
4060
4574
4695
5781
6089
3375
5782
5745
4707
5778
3361
4336
5269
4617
5525
5793
5747
4343
5786
6435
4933
4689
4052
6427
4605
4380
4481
3515
3427
4354
4575
3481
3370
4353
5252
4014
202
4006
4120
4768
6380
3429
4029
4464
5690
5770
4326
4822
4054
4584
4543
4007
4082
4772
4700
5647
4459
5434
4114
4827
4063
5448
3459
4735
3397
4616
4334
4335
4381
4559
4588
4102
4711
4552
4057
4003
4126
4404
4089
3381
4483
4508
4056
4106
4614
5422
4030
4372
4133
4092
6450
3587
4101
6451
4946
4570
4478
5475
4665
4791
4857
5421
6423
4866
6425
4370
4734
4008
5590
4125
5577
4769
4113
4005
5413
5661
6364
4121
3356
5440
5443
4529
5681
3357
4545
3503
4371
4591
5679
4526
4546
4790
4573
4585
4551
4001
4578
4787
4530
4011
4757
4399
4799
4542
5884
4004
4782
4397
4706
4776
4010
4560
4512
5677
5663
4767
5220
4564
4732
4783
5705
5438
3394
5685
6452
5731
5265
4808
4747
4425
5635
4366
5886
4794
5624
5495
4816
4594
5641
4641
4626
4009
5649
4179
5432
4694
6400
4731
4988
4378
5628
4813
4815
3618
4771
4778
4809
4000
4002
4818
5638
4814
4763
5633
4819
4793
4376
5605
5689
4760
4390
4770
4817
5457
5636
4656
4812
5439
5445
5293
4518
4313
4357
4669
4382
4038
5619
4748
5648
5655
5462
5675
4820
5552
5013
4178
5417
5678
4039
3913
5027
5441
4298
5616
5569
4314
4784
5412
5553
5620
1186
5023
5706
5640
3882
5607
4489
5486
5615
5609
5612
4657
5618
4496
4190
4040
4534
4497
4037
5715
5008
5722
4788
4041
5725
4413
5435
5773
4995
5653
5737
4648
5622
4405
4495
6199
5623
4965
4984
3905
5500
4688
5697
5088
4624
4137
6287
5012
4391
5437
5516
5398
4409
6308
5772
5762
5423
4145
5709
5348
4135
4957
3348
5087
5701
4398
4333
6284
3353
5068
3922
5833
5592
5428
5610
5416
4345
5433
5707
3845
5694
4442
4537
4621
5658
5411
6430
1257
5466
2153
5598
6303
5757
5687
4520
5563
6162
4937
5402
5007
5650
5698
3914
6166
5626
4647
2718
5972
5589
4980
4021
4926
4498
6197
4856
5977
5686
4431
3621
5672
4369
4309
5643
4627
4438
6205
4500
3768
3810
3715
5996
2291
5404
4955
4835
2437
5699
4499
5673
4702
5430
5606
5427
4292
4687
5671
5695
5665
3826
5680
5696
3362
4491
5657
4350
5419
5060
3772
4347
5426
5499
5031
4349
6030
6320
5586
4842
3369
4868
4925
5481
5408
4844
3998
3540
5581
5484
5485
5584
4288
3290
4194
3896
4983
5032
6223
4305
3570
4664
4348
3581
4590
5971
347
5049
5571
6255
1272
4879
4428
5582
5591
5506
5496
5453
5573
5059
5454
5465
5517
4640
5534
5532
5463
6319
5024
5452
5468
5477
6009
4384
3579
5882
6217
4147
4139
3147
3422
3541
6198
4956
4918
3613
4869
3358
6002
4870
4128
4146
234
5050
3273
5575
1035
2496
3959
5578
4514
2563
4940
6304
3940
4845
109
4931
4936
4909
6145
2266
3714
2467
1426
4860
3872
5565
6256
5429
5542
5502
5588
5541
5564
4924
3849
5959
4490
3423
5019
5576
3984
3406
3839
3634
6262
3177
436
4906
4919
6170
5467
4923
5487
3995
3949
4867
1309
413
3953
6111
6231
4883
3994
4880
5964
3589
5086
4629
3822
3799
2480
3844
3626
1441
2156
3857
4907
3582
5003
3367
3820
2597
2233
5491
2145
3669
3272
3804
29
4623
5570
5488
5531
5510
4903
4908
5512
4895
5554
3824
5560
4989
4392
5535
1503
5503
4890
5520
4899
5559
6076
5482
2384
6246
5547
5483
4947
4312
4894
6225
3888
1279
2115
4638
3279
2155
3576
5509
4889
5519
5540
3692
3858
443
148
3571
3470
5489
6302
4308
4914
3585
6126
5527
4881
2284
2396
5513
5530
2261
5555
3300
2474
5508
5497
5561
5548
3347
4900
4896
5004
4902
4882
5030
4901
4898
4905
4893
4978
3741
3924
5054
3960
3942
3543
3638
2177
4993
3931
2358
3954
6275
3966
2404
2407
6143
953
4634
1277
2174
3724
6271
5011
5064
3946
2452
1162
1163
2766
2458
3723
3745
2471
339
3738
3980
6142
2451
420
2752
1882
134
6062
2529
119
2307
2756
2758
4630
4927
4916
3901
3764
2483
4920
3847
5058
3753
3719
6274
3877
2475
1261
3956
3990
6254
3927
6141
6281
3188
5078
3757
3906
3967
2287
3870
4193
3972
3779
2240
6155
2241
2251
3941
3368
3948
2330
6207
2301
4189
3852
1508
3742
3280
1543
3827
4192
2080
2081
3706
2465
954
1148
4958
520
2477
6269
3681
1526
405
519
6305
6295
6288
6301
2129
4434
3727
5093
4275
4283
4950
5098
1360
3542
1273
2464
2462
2088
2091
6183
6310
2368
4631
4910
6154
2476
4195
2333
3976
6289
3549
6177
2335
2490
3832
5097
4930
2535
6129
2190
6296
2435
5090
3788
2717
3705
3986
2783
6230
488
2158
1204
433
3975
3722
2574
2493
104
3982
374
2449
2298
3677
2442
4949
5083
4932
4962
4364
2569
2487
2445
5089
5042
6193
2172
2531
2533
6252
6313
6190
2550
6315
3923
4970
4825
2328
3720
2556
5094
6235
6167
1941
3744
2351
2591
6278
3842
3871
3988
3964
3774
4921
4826
3968
6293
1943
4990
2602
2329
2478
6294
3992
6221
2532
3991
6245
2562
3987
6236
2596
3224
3838
5923
5099
6107
5958
4963
3874
2536
2530
4948
2543
2325
4394
2548
3702
2549
2582
3869
2561
2586
3783
6195
2326
2327
2570
6168
6280
3287
3700
2484
3985
6210
3989
5081
2588
3993
2587
3868
6251
6196
5074
6175
5055
3750
3743
3773
5006
3973
2592
3978
2488
3983
6222
3971
3737
3965
2247
3728
5029
6283
3701
3747
3787
5928
3729
2170
3755
3777
3735
288
3759
3760
3996
3732
3981
3730
3736
3698
3938
3974
3754
3746
3697
3979
985
3970
3769
3813
3961
3765
4619
3734
1220
3789
40
1217
3969
1486
3958
3776
6272
5980
1505
2575
6135
5894
3835
2244
860
133
2429
3415
3596
3371
5900
2300
3580
1495
2432
2289
370
2263
1818
3450
2662
3790
3947
2130
3416
2481
2349
3794
3174
2372
3843
3781
2290
2441
2482
2131
2350
3707
2500
1498
2252
2469
2253
2503
2230
2443
6286
2154
2304
2318
2165
621
2303
2171
2687
1319
2410
1549
415
6159
834
1532
3547
4994
2308
414
499
3655
1531
2310
210
2497
2444
3718
6008
315
2211
558
3194
189
3771
2461
3257
2181
3161
3173
800
3670
3680
147
6138
2361
2278
5911
2510
2479
2489
2448
2504
1537
2456
2472
1497
2460
2385
2295
2296
430
96
2243
2459
1527
3674
1496
2395
571
2387
821
4892
1542
3258
2440
1528
3678
5917
3654
3216
3452
424
1524
1595
3193
1566
2374
4
1174
3682
2371
1556
4406
2116
3283
3687
498
530
393
407
1578
2348
165
26
5976
3284
1340
1622
3665
1515
1481
1559
1529
819
1522
1500
1494
1152
1511
1613
3282
2118
1588
2408
3667
2557
1523
4403
1221
1538
2210
1175
3275
1536
437
1618
3485
1530
3268
1483
1555
2173
3560
1347
1541
2219
3265
3504
1348
1519
1151
1775
2736
2686
400
6103
2347
186
3709
434
1199
392
549
3586
1176
5926
3631
3120
3437
125
2359
396
1604
3545
1377
1321
1209
1584
1210
1060
1599
1243
398
1342
3780
3444
1552
3561
1569
2225
3650
1544
1149
1367
5908
3458
1576
4331
1602
3553
1337
3286
3559
3277
3432
2193
5921
172
404
217
1005
3679
1223
983
881
177
272
3673
3592
3490
1502
214
102
1501
1256
1485
2851
3021
423
692
3600
512
2873
3855
3608
1787
1341
1826
827
232
3438
1214
3516
426
1147
427
355
3408
1547
1539
1207
1178
84
3449
1135
243
3854
3410
1574
3683
4408
1899
1551
3685
151
341
1395
3563
1627
3818
188
3856
1191
1145
90
3436
1179
444
306
4196
1196
6102
333
3615
1200
486
1624
3550
3489
3409
3812
6105
6095
388
94
3675
3471
1305
3475
3836
592
2961
1625
150
3639
3636
3207
3748
3619
3643
3548
3684
3663
1349
3640
3558
425
3629
3659
418
381
3778
158
3628
368
3546
3658
1144
362
190
1553
387
3467
3690
3664
3646
1322
1323
1361
3552
1878
3407
3614
222
4400
1484
3733
3775
3551
793
236
226
3791
401
421
411
1241
1211
342
1216
417
1626
3653
2122
114
1150
235
3817
3645
312
432
3807
3802
3603
1195
3721
3688
3562
3555
1177
3601
410
736
3484
3808
154
3689
4393
372
1378
44
389
399
338
1815
1571
3179
3803
1350
1396
440
41
483
1212
382
377
1655
1258
632
826
1185
183
442
4332
231
1201
435
559
2991
406
2916
334
340
6034
753
3557
419
2101
3237
689
5925
3805
495
631
3317
1239
609
477
337
350
429
445
484
1232
1477
321
320
311
593
319
1140
209
331
361
596
1215
722
1427
469
3229
454
139
1433
5988
600
1226
152
610
3430
946
1136
732
1465
3421
1839
685
1480
1392
1238
1909
1139
27
5992
2895
1206
3228
3043
1222
1300
1434
1233
6100
890
547
1303
322
390
2735
2728
1187
409
439
323
635
485
3231
326
695
950
614
325
1443
3184
117
107
539
590
3236
3034
3178
1312
960
3081
1808
344
1245
1682
1680
1591
1436
728
1710
1609
303
629
220
181
1674
343
3524
1327
534
1391
1431
2676
1575
1594
1656
1231
1784
3250
318
820
6130
195
1387
1671
1004
1281
1010
1840
1050
1326
1324
1264
934
1061
1386
564
1389
1329
1229
1376
11
1011
682
103
494
1265
1822
54
1359
1470
947
3248
1410
1237
1356
1411
1262
6131
914
219
1456
218
13
812
1586
1294
3130
224
1246
699
1156
1276
1354
1328
1557
111
638
1422
208
1271
1161
1615
1581
2197
1832
570
335
207
3035
1363
1286
1248
1583
1219
310
1280
138
1247
1225
1288
1401
0
1304
1409
1318
1403
14
25
1302
2680
927
1282
1137
1287
1370
1159
1362
308
346
140
1400
1428
1157
2678
1160
1573
1297
2856
1390
171
2812
1284
1577
201
2679
2691
2701
2675
267
580
1291
1373
1379
182
1183
1158
1677
1460
2882
244
709
1355
2819
265
1289
1301
255
351
373
1278
1295
275
1311
1514
2929
141
240
3418
2085
271
1638
2908
1343
1381
1612
1057
2905
228
157
81
1472
1397
585
2924
2677
679
1629
633
892
6128
1570
6091
1642
1637
2890
776
561
642
2960
788
472
798
1032
1938
1635
327
767
551
1643
5109
792
886
746
3417
2727
1382
3102
799
1463
1353
2886
212
680
1619
981
982
1567
1404
237
630
5973
2730
1520
1641
1430
2925
774
1620
855
301
2817
5927
2930
2818
2963
667
1545
1954
1398
2983
241
1623
540
2907
2893
113
2858
840
3238
1922
3116
2847
2747
3070
1852
2079
6087
3044
2216
3016
6031
673
6085
110
644
2898
269
867
869
6058
446
1330
6032
1886
2887
2868
5918
1630
2795
1467
5924
1331
1561
6069
2865
1896
2782
1650
1755
2866
1924
2901
6120
1912
2894
3112
922
5990
28
2869
3037
924
2827
3106
5978
2809
897
1673
1344
261
3126
1873
1003
852
2911
1883
683
1695
917
230
5989
2949
789
1414
3532
2838
597
2928
256
2729
504
894
2880
768
100
944
1933
257
3117
2871
2824
1672
2084
2833
2078
6003
2822
896
790
1910
1893
5955
5974
2922
1927
856
2909
1833
2900
2834
5108
818
215
1853
1904
837
921
6077
923
6028
905
6101
1402
6070
838
2003
1366
5953
906
2793
160
2912
1371
2918
6035
775
2877
2965
803
920
5940
791
1651
6054
1352
1338
2926
992
1801
1346
2843
2808
2850
6025
2931
73
2794
868
2864
913
2885
2939
795
1647
2889
1942
1645
901
6065
843
853
2878
891
1644
885
2921
5954
845
247
6046
904
907
850
1652
66
1940
805
2982
858
787
797
836
6097
6094
636
1095
6033
75
842
2855
857
1114
903
467
6086
6116
647
3027
1640
2849
999
900
936
2962
1633
883
899
911
866
825
796
912
106
1653
794
884
859
876
935
807
915
6064
806
6063
940
1669
6071
290
898
929
1560
928
6115
6055
910
6109
5
1868
6104
2919
6040
948
835
939
6108
6098
804
6112
6092
6083
2870
2859
2973
6072
2915
801
1683
1685
6059
6081
2936
6073
6082
6026
1944
1118
1658
2917
3531
1686
2910
6044
6113
3113
6088
1692
2902
2892
1113
2920
2899
1679
2955
1752
1040
153
1110
1039
1707
3055
3460
1687
2019
2032
1031
1667
5920
3010
1976
1858
2913
2897
1756
3071
3087
2944
2769
1970
1803
2191
1116
1717
1797
1810
1762
2946
3093
1830
1708
1729
2765
1834
1796
3074
1661
2923
2998
1986
1015
1876
2785
1769
1713
2999
1721
3001
3088
1720
2764
1115
2945
1770
1698
3100
2826
3038
2948
2927
1726
95
155
1795
1948
3090
1703
2959
2957
3056
1951
602
2038
2788
712
1949
1696
2854
1841
2760
2820
3096
2846
2958
2750
3080
1383
648
2787
3053
2803
694
1802
2767
690
2862
2971
1809
535
3109
480
1722
1014
1850
3025
3101
3077
1798
2884
3091
156
3011
481
3012
3015
2821
2768
2762
3082
1874
3079
1870
3084
2774
2816
482
3069
2008
996
3066
3065
2771
2815
3023
2763
2770
2952
1827
3013
3063
2967
3049
998
1811
3060
1127
1828
2023
2804
2786
2825
3078
1860
1812
1124
1120
1126
1856
2995
995
2969
2753
2953
2029
3019
1947
2772
2011
2972
3054
2836
1568
2997
1985
3018
3009
1117
1855
1013
1125
2773
1945
1979
2831
2845
2956
1119
2837
1128
1946
3000
3029
1969
2776
2777
2968
3068
3007
3028
2976
2993
2775
3039
2800
3008
2994
2981
2977
2950
3089
3083
2970
3075
537
526
3092
708
3098
715
511
555
1662
548
760
1846
1768
771
752
700
1750
751
758
664
2
1885
2985
544
508
716
725
566
552
3111
764
773
522
577
3133
761
1691
1785
1786
763
460
770
521
468
759
3119
1761
1660
1767
3132
523
765
1744
3128
1734
524
3131
735
505
490
1743
513
3110
766
1931
506
462
1918
1659
489
1736
3105
3115
754
755
554
1701
1866
1937
1727
706
698
3118
525
739
745
1740
723
747
657
733
697
1715
757
756
691
654
769
1723
1741
749
1676
665
1693
1689
659
1760
1725
701
720
726
748
740
1739
663
1738
658
737
1763
1702
1724
1728
1732
1712
1705
1757
1884
693
730
1704
655
1746
744
1747
1742
729
1735
738
1716
