66
71
262
258
244
255
246
239
269
80
61
17
250
270
69
3167
512
73
275
260
249
16
265
272
237
18
511
62
78
232
84
254
264
3013
274
5364
497
3173
218
3168
3191
55
1640
5362
15
68
160
216
1605
226
5367
5368
161
2469
3004
3434
3468
501
490
60
1903
3413
3422
491
2090
1650
2471
81
271
1630
4074
3448
4073
90
5715
5024
2473
3192
5408
267
5594
4250
3395
3457
256
266
2972
3408
1625
3035
3005
716
1626
4995
4249
5609
521
5710
3421
47
514
3494
4904
5103
3360
297
528
5383
5010
3444
1636
4377
4560
1635
3396
674
2071
201
2076
1632
2714
2768
46
1441
2704
4547
2700
1555
2974
4280
3037
4991
2979
5361
1700
3003
5509
4258
1194
5066
4970
1193
3823
2705
44
5547
5617
4532
584
263
3657
159
3571
1039
925
2763
1612
4570
5558
5052
2650
3815
1649
477
3602
1308
1646
5076
1631
296
1285
2467
5158
4216
2082
4117
608
480
2964
2967
1664
3485
481
2643
4623
1502
533
1629
5718
694
5036
3751
1095
1483
863
4291
3500
4178
1668
2465
3024
5595
4207
2103
4165
4857
3750
5575
5095
3211
3947
701
5727
3030
3441
4215
3492
702
1620
5546
5358
4548
3610
3816
1110
4550
1165
4097
4539
1116
4615
2883
3875
4647
3877
5497
41
5460
3026
972
3753
4730
4738
4645
5344
4729
4767
3724
4646
976
1752
4947
4743
4856
5345
5351
3686
4759
5244
2843
5450
1712
5467
1743
2053
5853
5644
2412
3676
64
3019
4684
4054
3840
1955
3884
3831
4720
1152
3792
5313
1001
3054
5592
4839
39
1011
4727
788
2402
2792
1617
3
2719
3175
4208
2733
2659
4913
3093
1176
2683
580
1034
2716
4523
5530
2923
1181
2925
5664
196
4909
527
5522
752
5663
5549
5527
146
386
2922
2658
2793
2811
2494
3575
5518
1660
1027
1597
442
2777
378
3282
4260
2753
4559
2745
2648
300
2931
3604
4841
5696
4446
5719
5610
4878
2438
2962
4734
2560
242
56
2780
5319
3098
4064
3820
1984
1972
3519
1732
1858
1968
57
1164
2582
4693
74
794
2419
2605
2936
53
4716
3028
4946
3174
38
2513
286
4984
1713
4039
5186
1848
1331
3081
1881
4689
1805
3819
2854
2569
1909
2016
4700
790
1997
2413
4061
2442
2523
3852
20
3015
3857
1857
784
5311
4678
2403
2788
1718
21
5809
3165
3685
5480
4790
5321
4487
2457
3683
5300
4740
2415
2444
5292
2708
1098
5402
1770
4897
2585
1454
4710
4706
1390
4899
180
641
5040
4719
5481
1935
5324
4791
3805
1748
1145
1760
961
4945
123
2196
1745
4688
1789
3271
3115
1807
4741
4733
5318
4704
11
5342
4063
1749
5737
4649
4648
1473
341
136
5843
2460
5328
503
2252
881
4714
1241
5001
1242
5289
819
5304
4792
2439
3873
3869
3868
3856
4015
3964
4826
5134
2234
939
4723
4697
2003
5805
5400
5535
174
4671
5322
4692
2331
4809
769
3959
878
949
4637
4718
4732
19
4076
5415
4170
1086
2329
2246
4089
678
5022
5223
1509
4175
4234
1284
2069
3976
1060
4935
680
4379
696
5652
1440
3931
4976
1111
2980
4830
3402
4
695
5852
675
3461
5026
1942
525
3383
3405
2807
3658
5734
4193
862
609
4174
454
102
510
4233
4004
4144
4184
1183
3406
1030
2932
4715
4679
4672
4711
4722
5831
4673
4728
4844
5756
1867
3832
4880
4661
2853
4869
4746
5859
2540
5775
4806
4832
4334
4783
4707
4690
5335
3562
2544
888
4636
4703
4065
4639
4226
2430
2278
5041
4742
5468
4691
5600
4652
5651
1586
5098
5350
3469
5327
3966
3861
5325
1005
2443
983
4739
3523
5343
4701
4635
5774
4717
4680
5329
4721
4726
4731
4708
4702
4713
4709
5306
4699
4843
5767
4807
4833
5776
3887
2483
1739
768
830
2406
3688
3794
755
4497
3806
3741
796
779
214
4685
1757
1842
4470
1779
2361
4319
5431
3008
4509
5255
2376
3803
5638
1967
1648
3789
5336
1777
3681
1137
4660
4789
3863
4676
4667
3829
4658
3864
5334
3006
3766
1392
1588
5249
5268
5778
5760
4543
1744
777
4787
1769
2479
1719
2840
5618
469
3477
893
4605
5781
1784
4588
1368
3967
370
5777
3285
1307
1354
2077
1323
3849
5011
1772
5786
2848
1085
1064
5836
1801
2865
4677
4668
49
1821
2698
1820
5466
2253
1795
1787
2535
3669
1754
1827
3870
1788
1809
3890
1825
2509
3858
3067
1800
1806
5032
922
3134
3194
4587
2859
1345
5474
1813
652
3317
1803
4883
1053
4870
1435
2960
5348
1947
1570
3742
5625
5375
5374
832
5850
5845
1841
4745
1892
1923
2904
5642
2478
1886
5405
5323
1818
3162
973
3733
5425
5372
3007
3084
4886
5269
933
806
5337
3871
122
5759
4859
5461
1296
4751
3790
5339
2983
4825
3734
3818
158
5246
1450
2290
157
2873
5580
958
2849
3403
3830
5844
2455
2459
2830
579
3443
4518
1583
5634
884
3882
4593
169
929
2197
3230
5326
2452
1956
5233
2340
4813
2437
5332
990
778
5317
5440
5230
2304
1758
5447
948
1624
5352
4786
1971
1262
85
1934
4868
2570
4862
310
4471
1844
5154
10
1756
1822
5544
330
1979
1542
1688
375
4257
4140
4438
5012
2514
1847
1731
2214
2893
3114
1802
2999
5720
4102
3069
919
2054
4597
4067
3699
1790
4969
1824
3273
1774
3450
2825
4023
208
5038
493
1157
2556
1637
2592
3318
1177
2575
2646
299
1924
1037
2580
439
3479
785
1087
4431
179
911
4132
2318
1639
3103
924
5088
3223
3985
1611
2072
2089
2548
4569
28
1593
3188
1689
4562
2786
5111
2005
4557
3337
4439
1675
1589
1479
1613
3747
2689
3203
5688
3214
5854
3281
566
974
4831
1026
2380
4903
1940
551
281
5762
2078
5054
194
3292
1905
3334
2789
2885
2823
2362
1715
411
5451
5573
1868
1015
4804
3735
5059
805
5672
1013
918
4158
4845
5281
356
1044
1596
2017
2880
947
153
5331
1834
2436
3668
2785
744
2752
1883
3002
1931
3186
1032
5347
5747
1418
247
2884
2209
88
2881
5340
592
348
40
891
3048
2205
2696
5114
268
5355
2898
326
1831
2538
5193
2052
2805
639
1890
1003
2871
763
3262
50
1327
4506
4512
2233
1717
5371
2025
313
5675
537
3286
116
121
935
2945
203
1999
188
1930
2774
5482
3466
1024
2673
1906
2421
238
183
2176
5346
594
1008
1917
2802
1781
2667
1751
2379
2235
130
1869
1843
917
133
2757
2965
1780
5420
1740
1830
3748
1753
1562
3787
4387
5277
2961
1309
4606
1171
872
4695
534
1565
640
659
3249
903
2353
2224
2946
4503
651
2357
209
5491
2249
5738
1918
4050
1081
1776
1791
3549
1709
1686
190
1797
2428
2211
2352
2384
3793
3791
173
1763
1891
324
1568
4875
4959
2418
612
3189
956
1849
3855
4613
3684
315
1921
4128
185
3582
1293
2951
1711
2852
4311
1974
1112
1839
3248
1031
4906
3722
2004
200
1581
3364
4802
1133
5511
2177
1720
1235
1564
2617
5293
1416
4968
2338
1865
2518
2038
1889
3581
2860
5316
1735
3795
2895
2434
329
1080
111
1879
1887
2547
2558
2869
5270
930
4496
170
455
4398
3153
965
3707
1466
3828
1773
2316
882
1563
4927
5753
4335
2497
3596
3739
3269
3720
2901
5501
795
3293
3860
2475
3039
2482
3279
5215
5476
5847
2903
1804
5679
2446
1962
3102
164
1783
1908
1811
1819
1922
1767
1904
2424
1970
1449
2568
4504
1765
890
5237
600
1796
1853
1405
3415
2148
4769
3183
1836
1321
3715
4780
1125
1741
822
5261
1424
772
5851
1897
1854
2302
505
1734
980
5414
4245
536
2996
3061
5524
3796
1957
3944
4478
3781
886
542
1964
5232
3970
3124
2354
7
2427
1936
4834
1973
1733
4049
5399
932
4411
5403
2360
1874
2900
2410
4944
2515
2516
5266
704
950
2935
2758
1982
5791
1952
318
2400
3780
4604
4609
1666
3749
2416
2048
2902
4507
3965
1002
1587
1878
3181
3689
176
4028
1986
2237
5251
4149
644
5231
5191
3239
1710
1007
2938
3958
4602
1750
2507
311
1755
5241
3728
1025
2631
4520
1019
5180
5834
2218
1846
48
3161
5789
5779
4988
1766
5489
4038
5780
5512
892
5656
4530
2866
369
364
954
195
4901
5601
5613
354
3187
1534
2142
1823
2021
859
1036
4218
951
3784
387
2378
1880
5298
4163
645
308
3295
5465
1851
1837
5252
1738
1721
2162
2027
1838
2521
934
1832
1850
4922
382
3912
1017
1829
2583
4902
1742
4405
1840
2520
841
5521
5369
2976
4253
2596
459
1259
259
1895
3583
366
2448
5161
2417
4603
114
5357
5287
1669
109
5800
5239
1729
5752
1937
3462
5410
2228
2332
2355
3984
3943
658
5278
2422
2423
634
989
1852
3876
1792
5427
5438
928
1810
1960
397
473
1033
2325
635
12
2411
257
899
2408
2409
1882
1035
2367
4655
5523
676
2213
3076
2915
829
5065
5253
743
1436
2838
5457
3560
1421
1425
5267
2846
253
3009
2231
166
5275
167
3727
677
623
461
3184
2248
1764
3515
5274
4386
5437
1799
276
2539
648
3902
2947
2425
1951
2998
4051
2345
1730
2968
789
5216
1341
2221
887
5228
2232
5439
3116
3159
798
1602
2522
2363
5416
4571
3644
1647
4287
3222
4827
192
4251
4430
5821
3552
1073
1987
5353
2435
2128
5749
2059
5785
1400
2341
2842
994
3109
2709
575
1393
3527
5768
5637
927
2346
1965
1384
2553
766
5276
2207
2512
5282
5175
5479
2940
1885
5795
5250
1355
1728
2586
1409
3703
2062
360
3226
5286
2296
2242
1099
3101
4046
664
2022
5205
1944
5219
4246
807
5165
5101
1144
1961
3731
4907
3783
3070
1464
2086
1071
2470
967
2707
2851
746
2030
1211
3077
3826
1159
2526
3788
4872
2204
5238
2381
3072
5263
2097
5784
2160
5758
843
1423
1078
5395
1939
1912
5172
3265
2330
3667
5814
35
3768
1507
1910
3137
1154
1835
2116
5060
3151
2056
1708
3721
1504
5633
1638
2510
3078
3000
2337
2322
5097
132
2587
5661
4943
2276
560
3119
4348
937
3278
1336
1913
5049
1705
3705
5262
1170
4640
5280
2291
152
151
5260
3678
2562
5073
2236
5303
2997
1082
745
3710
3108
1000
2505
3333
2359
2154
32
2117
2259
5157
4353
2942
742
3113
4395
1426
3105
1561
3817
1896
1901
2796
2924
1179
4092
3193
5635
2722
5788
5138
4062
3437
1707
1609
3245
3325
3240
963
866
3100
5197
5265
5256
2506
3126
5257
5273
5264
2135
2388
3717
2351
2342
2247
2041
2279
4053
1576
2382
3225
2347
230
3021
2798
5254
5291
1582
4954
4110
3128
2026
568
3480
1108
1231
1535
2870
5554
2202
5761
5540
2432
873
3266
1539
139
3135
5792
4115
1457
4188
3726
562
1875
5070
5773
499
865
2386
2389
3185
5177
290
2333
3937
3158
2373
3136
3247
1966
5194
1706
30
538
4957
4967
3963
2952
3956
1870
1063
5271
5359
5772
2454
4383
2368
4777
1320
5279
1046
2024
938
1873
1872
5128
643
2588
2303
5137
3737
2519
178
2267
2990
5185
3776
2081
5195
1410
647
5832
3716
3297
284
3073
1380
2597
2941
3071
2297
4835
5130
5234
3851
966
1292
2963
1134
2532
2531
1537
3651
5225
3698
5240
1062
5430
1054
1208
5819
5485
1207
5160
4367
2616
3987
991
2157
3298
5807
2686
3706
4942
736
205
1898
4852
3782
2948
793
3785
710
2754
51
2324
4088
3949
5838
4096
4161
2241
5196
5245
5218
5258
3841
2529
2315
3711
5229
3723
733
960
4159
3302
4114
3769
2280
4145
3786
2319
2375
2372
861
1417
117
1420
3971
127
2301
5178
2034
3044
4118
4567
2258
735
3825
1543
1427
2364
4775
3372
1174
3034
1335
4908
713
1058
4955
1977
4200
3725
5421
219
4192
1591
4891
4166
1376
2377
5235
2348
5248
3556
5848
337
2404
3074
2011
3548
5771
2306
5743
5247
5221
5330
5750
5763
2292
2323
5136
4990
1378
2420
3704
1652
1414
4898
3773
5141
3125
112
5478
5764
3117
734
1549
1163
221
2036
5716
2627
3087
5570
4043
5207
3827
1725
3243
3304
5769
4005
3650
540
3779
2806
758
5226
5310
5309
2029
2867
3121
1950
5802
5166
2035
4884
2298
3961
2281
36
4059
3080
5222
3041
5135
1877
3680
2876
2266
3195
2254
3242
2282
2149
3652
5315
4263
1724
5144
4919
3053
2977
4468
234
241
1389
5591
3268
1187
3709
809
3648
5787
2139
2124
1367
632
896
5811
2889
3673
5856
1178
2371
2431
2074
3241
5770
946
37
5757
3180
5794
3176
97
5813
5826
3040
5563
3149
5220
2370
2186
3270
2114
4027
5739
2265
2366
2374
3752
3765
1369
2275
2272
2957
2868
2365
217
4183
142
2433
3713
1214
1396
2857
2159
2136
5765
3482
5733
1876
3032
1151
2286
4268
456
993
4994
1057
4014
128
2440
129
3804
3775
2313
3700
3473
5080
2274
2256
3767
2335
2988
3251
3738
125
3143
2260
2310
1083
5155
1236
2257
5296
3276
4007
1105
5301
3670
2229
2010
5182
5210
3772
4572
1056
2264
964
1690
5822
2766
177
338
2910
371
761
5745
1929
1598
837
1342
4255
1569
206
4272
4951
2131
2369
5366
2344
344
2336
2308
2060
4400
2061
2312
2339
1084
2358
5365
1191
5302
3661
137
3762
1128
285
3759
2109
3696
5184
2271
2334
2051
2198
1215
2269
106
1140
2096
3155
5746
1107
3107
4437
2250
1394
336
5860
2577
1074
814
4776
4077
2835
212
3228
4824
1571
1431
2255
1399
3740
126
2169
2326
2906
3743
115
2350
2886
2268
2047
2349
3761
211
1161
3697
3757
1149
283
343
2320
406
2165
2287
108
4842
2046
3778
3701
3679
4921
5825
2215
3674
3972
4274
1472
193
2661
1243
871
2055
5755
1374
3992
1402
2581
3171
3418
2861
3550
3163
2245
87
4774
2000
3233
3244
134
4476
3755
2426
5824
2571
52
280
3770
4026
2171
5817
2163
5142
77
741
2864
3774
5132
4010
5816
4407
5168
2206
3962
2098
2251
2441
747
110
781
70
4083
3051
2049
4029
5744
1381
2463
2914
107
1186
3169
2273
4078
852
2183
2905
3038
3810
2300
119
1021
4865
4838
4850
3043
3380
1272
2703
2239
5272
1871
2261
4440
775
1941
2283
4058
98
4018
4390
738
3771
2158
1103
2295
4949
2111
2270
2188
2939
223
1065
804
2495
2855
2166
2311
131
4363
5212
2927
4120
4047
1370
5187
2395
1156
5112
2031
3234
1860
2449
2243
1915
3465
4779
1996
4123
2398
5224
2172
1118
197
2309
104
4141
2050
2284
2240
2289
2152
2307
2164
2262
5227
2238
1189
1945
2210
2293
1106
2944
1077
5211
3968
4035
2244
2120
4002
2180
3969
4941
2057
2933
5808
2140
1175
3049
24
2294
2288
2102
1150
4966
2896
5192
1136
5140
3440
2984
5799
100
3524
1356
3663
1334
5067
3802
2407
1185
3179
2013
4785
2020
1900
4021
1135
2127
1899
1088
2125
2222
5202
2217
2045
2392
2106
279
1991
5145
2133
2123
3075
3001
2147
1938
4040
0
2092
2095
29
945
113
2126
2989
2137
2087
4918
2105
2153
5148
2212
943
5740
5217
4911
2219
5147
5092
4019
235
5297
2112
5169
5176
4134
2393
3777
1404
3046
5562
4384
2094
5127
2285
2141
2314
2044
2075
2067
2122
2299
2107
2091
4041
2151
2182
1089
2066
1884
2132
2068
2115
2100
4157
1312
120
2934
5143
1117
2085
165
1076
2138
1141
2088
1155
1022
2328
4033
5754
3197
2327
1310
2317
2555
86
1348
5078
1319
4048
5139
1166
2594
4964
2916
5110
749
2063
3945
96
2110
2099
2121
1311
2170
2015
2192
1382
2907
2187
4025
1180
2862
2134
1162
105
1338
4030
1353
1403
2130
2533
4963
233
2563
2208
898
1230
5050
1075
1365
5806
2566
2189
4940
1224
1182
2194
2390
3010
4060
1387
5107
4264
94
2863
5119
4781
4808
2928
2847
1167
2387
5082
799
4950
1395
2080
277
2216
1988
1379
2203
2554
2156
2193
2911
2201
1153
2191
1326
2405
2145
2888
2023
243
2150
222
2919
2014
2227
2101
2043
5812
1980
2181
3980
4910
1391
5163
198
3998
2644
335
2394
2033
65
1096
1318
1070
1914
2525
5061
2113
2146
5203
155
5170
5525
1184
220
3991
227
1998
248
2611
2179
2604
2929
2174
278
1146
1066
2083
2168
2223
1422
2226
1313
897
1995
54
2543
1188
89
282
1067
2651
1364
2167
229
1388
2877
2028
245
2628
1358
2070
2305
2018
1385
1198
2949
2887
1333
2161
1328
1340
2119
5299
1317
2143
1330
5488
2129
2621
2144
2892
5152
2178
1373
26
1168
1359
2065
1349
2614
154
2185
1332
240
2630
1314
2639
252
1412
1329
1397
2635
1366
1069
323
150
156
1126
316
2084
1102
2603
2878
2620
2647
2079
1195
2602
1377
2012
2613
1216
2190
1351
1927
787
2064
2104
2619
228
1068
2649
1360
1352
1372
1350
1371
740
748
1097
9
1411
1413
72
1363
1315
1316
2108
1120
1343
1375
2073
1197
2593
1127
1383
1196
2175
149
1115
103
2657
2557
13
1407
2511
1406
1401
771
207
654
801
1148
1143
1667
750
320
1953
327
5528
2831
782
803
1948
1104
1544
1223
1408
1747
1139
2552
802
1362
101
1932
1158
2943
1434
1428
1121
2759
1130
2399
2917
95
2396
25
1234
3977
770
2466
821
1142
5452
1983
182
2391
2524
67
181
187
3900
1963
4143
5477
1237
3142
4364
4011
2834
5532
1975
162
3045
5087
601
848
4100
2958
1694
931
2850
629
1691
4931
5162
5411
91
3146
191
1300
3760
4586
4822
905
3948
251
2973
3047
3647
650
828
1762
3055
5201
5804
5434
5496
3990
415
3120
4915
171
2953
4016
765
5206
4001
3718
3097
860
5537
4965
1227
5444
5149
4634
3982
3196
4840
2481
4101
2956
3797
5086
5855
3973
1585
4094
4034
3649
3056
5106
175
5124
836
4846
979
4146
4162
4601
3653
1210
4017
431
3646
4055
4024
4066
3224
5120
3231
4098
3732
3754
3746
3104
405
5486
3132
5117
856
4485
4109
5171
3068
4960
4173
4828
5096
5133
1920
3953
4113
5085
3729
482
5198
4930
5507
3946
4848
5121
2397
797
2937
5833
1209
4042
5823
706
2955
2995
1452
4796
5857
2959
5025
4104
4342
5015
5009
422
4998
5620
1169
4247
4013
4012
831
818
4006
381
4798
3997
4797
3232
4087
5798
5188
759
5068
5839
5151
5125
3799
5793
5199
4289
810
3235
1476
3665
5156
5077
1864
4929
1432
4905
5030
5074
5104
3996
3974
857
3798
2638
754
3122
5181
5189
4836
4282
5029
3289
839
1501
2879
638
449
5167
4235
4111
4626
4938
4095
5109
5105
4890
3011
5099
4086
5091
3988
3079
4782
4939
4948
4961
4953
5083
5115
4934
5173
2970
4124
5100
5150
5123
5214
5116
751
4069
5118
3033
4238
4816
5071
3672
5526
5797
1468
877
4003
4912
4962
5102
5445
5031
4151
4881
3995
4236
2874
3170
3029
3836
144
4084
2565
603
753
5782
4292
4885
5801
5131
5183
5810
5190
5208
5122
4851
5020
5174
3012
5213
4932
1415
5742
4129
4925
4300
5079
3975
2985
4177
5016
5179
4997
2624
1433
5069
5017
3954
5803
4261
5072
4148
3025
4847
3994
5200
1460
418
3952
4829
1465
4262
838
5153
2890
4864
875
5090
2618
4068
5081
2875
985
4694
4687
5164
5084
5037
5846
5075
4849
4256
4923
4252
4771
5094
3955
5093
5033
4936
4167
4209
4070
5044
4279
3979
4924
4837
3978
3981
3758
5005
5006
2561
4320
5209
3838
3837
5039
5021
5003
4211
5815
4920
4896
5056
4772
5820
5849
868
4952
172
4231
4131
786
5048
4937
5064
5034
4853
3671
4933
5055
4269
4212
4916
5043
5063
5051
5047
5057
5058
3957
4290
4230
4296
4986
5007
4993
4304
5089
4972
4863
5062
4237
5014
4072
5828
4213
5053
5830
4819
5004
5837
5045
4227
4975
5046
4232
4971
5818
5829
4983
4996
4229
5028
5827
4071
3065
4973
5008
5741
4214
3059
5042
4191
4987
3801
4259
4974
4985
3800
4992
5027
4926
4928
2986
5354
4301
4286
5858
4914
5835
4298
4305
4172
3695
4982
3708
3694
4154
3095
4254
4773
204
4219
2987
3096
4330
3960
3094
4179
858
5841
876
800
2899
4594
2882
4352
780
4225
3130
3327
5516
3845
3280
4155
4082
1419
4221
4373
4125
3150
3643
2993
970
3764
5495
5503
3164
3138
4239
2711
4435
4805
4917
597
4307
835
762
5515
4591
847
3082
5555
1737
3022
333
595
1933
3573
1012
3936
1029
1172
4620
2821
4521
4106
3659
851
820
3662
3237
4350
1641
813
4388
2579
4326
1458
1545
1261
1264
184
3640
3821
4318
5542
625
3579
3154
321
1985
764
826
854
1866
3321
1911
2926
1902
3938
3020
2930
846
1014
1459
845
3198
2837
4444
4283
773
984
1994
3330
4427
817
3129
840
4477
4306
3147
5531
2894
596
1684
5449
824
3516
3569
1160
2626
4598
1599
4484
953
145
1254
2872
3514
3254
5386
4473
2590
2589
1122
567
1305
874
3086
2966
827
834
867
842
870
2921
850
2994
855
2918
825
774
2913
2891
1124
853
1147
2897
1538
1863
1451
2908
1487
1297
2969
1221
2912
849
2464
3127
5424
895
4414
1573
3140
1474
3314
880
1052
4022
1704
3190
1257
1486
1101
5517
2551
1232
1199
4385
5433
2504
3545
5538
4355
3517
2687
844
1492
1475
1123
1263
1482
1485
1295
1467
1488
4036
2549
1495
1138
1274
1020
2537
3017
5423
1429
1267
2625
309
1703
1055
1217
1702
93
5492
4206
3941
301
1862
1294
5520
3588
4368
1448
410
1222
2612
5519
833
4653
1531
1129
3642
1453
2550
1584
1038
1508
2824
4540
2691
4600
1610
4168
1260
1271
1276
1245
1246
1278
1634
986
1283
1238
1289
4031
3682
1251
1603
1256
4138
642
1861
2591
1248
1503
1225
14
1286
2002
1604
1480
302
3018
2746
912
2564
2472
148
1594
1304
342
1200
4075
43
4195
2991
404
2490
3106
4321
27
1045
906
1287
5436
3730
1028
1619
1050
1100
3522
4181
1201
1253
4814
1258
1061
1244
4137
1270
1281
4119
1233
2600
1288
1228
2584
1239
2462
791
1226
1202
1219
1282
2601
739
1430
3131
1090
1736
1023
2496
1240
1567
2542
2975
2503
4362
390
2001
303
561
2634
1059
1552
331
5514
5443
1992
2684
163
1041
1220
2761
1206
2489
756
2574
448
1212
633
1205
1203
1091
2971
1266
1092
1993
1301
1265
913
1291
498
1280
1277
1218
2637
2498
2530
2669
2712
1113
1298
5487
2677
4169
5506
1204
2598
5473
2666
2573
2610
1614
2572
558
2688
2665
4190
1663
414
1600
189
4412
1255
544
942
2713
2710
653
2633
2744
2608
2623
2576
3425
669
1279
5
2578
1290
1249
2541
636
428
637
2599
1478
553
1746
4091
1273
199
420
606
914
624
1299
2664
1560
2723
1580
402
5533
2670
1607
3238
421
2642
1049
5390
4153
450
1040
607
408
2693
1559
605
673
1303
4469
1672
552
143
2609
952
1496
4000
4122
1042
5579
690
581
4443
1047
926
75
82
1601
2655
1727
1446
602
908
1595
1572
2501
5494
3283
1726
5624
2517
2493
920
1615
6
322
2724
3141
1016
655
2668
1043
959
4180
1463
1701
757
1623
1471
1578
2499
2500
2502
380
1665
1671
1592
4150
519
569
2676
2492
5561
2699
631
2725
314
5502
2607
5458
2812
5463
1051
907
2632
1493
1497
3031
1553
1558
2656
909
2641
1566
923
1616
1628
1621
1655
99
1687
2682
1699
5510
681
202
2491
2006
1633
2720
1500
3905
2737
5432
1627
3148
1658
585
3118
604
5536
1916
554
531
1325
2461
5426
732
1678
2675
2697
2765
2775
304
546
1681
2536
4527
2791
2815
2663
1554
1692
2694
2488
921
1577
1622
2706
2645
147
2773
969
2486
2660
1447
622
2653
2734
1657
1661
446
1445
1673
2487
1990
2730
507
2662
2476
5470
1462
2636
1608
2747
1324
2770
413
593
1514
1656
1662
1302
2093
1541
1654
2739
2007
1530
1579
508
3212
657
2654
591
1696
2743
1557
2767
2819
1676
92
910
2749
1618
668
626
883
2615
671
1470
1674
1643
2818
1529
2809
2820
532
1229
447
445
3213
440
894
2794
1677
2784
941
5401
689
545
1513
719
1533
1481
4535
718
3042
697
1680
3702
347
1306
3205
571
2680
2674
460
3892
3329
556
5569
4519
3712
2992
1546
2781
3879
2715
485
2485
1683
1499
3252
1693
2755
453
423
2756
3993
2738
3814
2741
3299
691
1456
2681
1490
2567
2735
2836
1532
3371
427
2629
3261
577
2690
2652
2678
2484
4389
3736
3178
2816
3083
2736
3319
3885
2702
3808
564
1461
3895
3036
1511
4372
3654
548
700
1455
3312
4359
2701
2742
2778
2760
2799
2728
2769
2790
3894
3888
2727
2748
3745
2751
430
1491
588
2692
2726
589
451
2731
2750
467
1498
3255
1494
2732
1506
2679
5556
412
4366
1653
2771
724
586
2671
5513
627
3331
1505
3307
3201
4493
737
5462
1645
475
395
452
684
712
1484
4511
1679
3414
2782
2801
2729
2672
2804
2740
2787
2810
2797
2800
587
2764
2814
2808
687
3123
2718
5472
574
5493
541
663
656
578
2817
3111
1489
494
672
698
432
3315
441
1540
1517
5471
4514
728
361
1526
5389
3092
1528
517
1556
4347
2981
3989
573
1119
3227
3893
565
679
4299
4281
3320
4293
5641
1444
1651
539
582
506
1642
385
444
524
5387
504
5545
522
549
529
1131
518
523
555
3309
1685
576
392
1697
434
2833
305
429
138
433
3324
981
975
5539
3328
727
3488
4032
3144
472
1515
3921
2822
5627
3145
3294
3157
5505
4220
1439
436
4664
4513
4315
4577
4009
377
1518
557
570
388
396
393
563
3290
1644
357
3322
443
437
346
1510
515
2839
5529
714
3110
1522
391
683
394
400
619
670
621
3156
688
362
3316
487
662
2468
5498
502
1521
660
474
376
729
5691
476
435
611
478
682
703
4284
661
1093
3215
3475
711
705
407
667
1516
717
3326
468
3487
715
492
470
462
709
693
1512
3313
1520
1670
725
1682
692
1519
4020
699
722
457
306
3311
3216
720
707
332
1443
489
617
723
465
618
424
685
3306
1524
3301
509
3305
1
3160
426
464
3308
1525
1438
620
731
572
3310
471
328
1695
1442
3296
666
479
721
1437
730
438
726
488
2
1523
463
610
500
1698
2829
708
496
616
1527
483
495
3303
686
535
45
379
319
3287
1132
2477
3429
466
363
3139
425
367
3272
484
4044
383
1114
520
291
384
3202
3207
3133
3288
334
4205
289
2813
3275
287
3200
3253
373
350
513
3267
353
358
345
3260
3204
365
359
3208
292
288
374
3152
3229
372
3411
3263
3246
3206
3559
3199
294
3210
401
293
3088
295
3389
3339
399
3850
3939
3940
3340
3284
3842
3846
5392
4037
4201
3844
3332
4413
298
5577
3209
5649
417
5578
3481
4681
4196
3219
5534
5393
3942
4108
3567
4199
4194
4418
3459
3986
3859
4549
4365
3391
5689
5391
4316
4657
403
4085
5419
3513
5541
3493
4612
4371
4592
3428
3366
3641
3470
4665
5722
3597
4433
4099
3600
4116
4420
4369
3660
5035
4505
3570
4524
3445
419
5667
4133
3547
3336
4351
4406
416
3822
4356
3349
4370
4624
5725
5379
4445
3626
3491
4589
3655
4270
4152
3277
3221
3911
4475
4344
3899
5717
4361
3476
4488
4666
4508
4417
4525
3452
4573
3518
3578
3508
5604
4633
4090
3507
4516
3374
3456
4314
5590
5660
3656
5543
5585
4271
5712
3341
3561
3463
3932
5560
5456
5349
4394
3540
3585
3847
5584
4584
4632
3220
4404
4582
4312
4538
5018
3719
4416
4409
5454
3898
3564
4403
3918
4546
3436
4522
4628
3401
3338
3922
3446
5483
4328
4243
4656
4663
4423
5571
4308
4460
4517
4240
3557
5551
3112
4428
4621
4354
4580
4396
4425
4317
3934
3917
4674
4675
3907
4450
4276
3913
3399
4491
3218
4360
3925
3691
4581
4322
4079
4596
3345
3566
3896
3928
3690
3811
3916
3813
4093
3904
4242
4244
3915
4426
3089
4273
3924
5469
4483
4241
4447
4979
4325
4310
3692
4339
4534
4288
4498
3933
3914
2982
3576
3909
3812
5356
4302
3520
4278
4345
3453
5000
4266
5597
3901
4303
4544
5442
5377
3217
3920
3664
3744
4583
4492
4410
3843
4555
5632
3455
3903
4323
4980
4331
3910
4333
4343
4309
4224
4222
4223
4324
5557
4285
4349
3908
5455
4346
4981
4313
4336
4340
4267
4341
3512
4815
4574
4515
4526
3929
5397
3926
5388
4630
5448
5370
5621
5730
4501
5553
4531
3375
4338
3525
4616
3574
4631
4536
3930
3430
4490
4489
4585
3809
5583
4358
4494
3390
4502
4295
4337
4332
3923
3807
5658
4510
4277
4294
3927
4528
4977
4533
4542
5703
4614
4529
4228
4537
5396
3182
5668
3935
5568
5567
5698
4265
4551
5616
4579
4611
5697
4617
3506
4500
4561
3387
5552
5700
5363
3335
4553
5643
4135
3426
3376
4554
4103
3568
4590
5605
4499
3551
4565
5603
5380
4629
4576
5550
5704
5394
5673
4558
4541
3090
5606
5475
5378
5574
5659
5683
4619
5409
4608
4480
5589
4625
4401
5701
4121
4610
4139
5732
5612
4622
4481
5714
4482
5708
5385
4566
3352
4454
5650
5413
4357
4474
5576
3458
5680
5729
3553
4080
3417
5548
4552
5623
5736
4391
4556
5676
3091
4392
3543
3410
5596
5728
5628
5713
5607
4978
5639
5724
5735
3365
4112
3554
4627
3472
3521
4160
3490
3541
4081
5726
3544
3464
4164
3442
4107
4105
3504
4130
5687
3370
4419
4424
3357
4142
5565
3356
3474
5598
3497
3424
5614
3563
4568
5384
3431
4402
5636
3539
3609
3423
5586
3601
4126
3502
3542
4432
4156
5382
4434
4198
3577
3435
3645
3478
4575
4185
3535
5599
3546
3449
3361
5731
3471
3467
3528
5611
5626
4563
4415
3483
3489
3447
4422
3484
4463
3385
3501
3593
3587
4197
3630
5681
4421
3529
3362
4467
4578
5654
3499
3531
3398
3498
3359
5721
3368
3460
3693
3451
3348
5674
4397
3409
4564
4187
5631
3363
3412
5645
4382
5694
4466
3358
4381
5666
3503
5711
3565
3505
3496
5622
3355
3526
5671
3432
5695
5662
5655
3637
3369
3538
4618
3511
3509
5640
5559
5647
4472
3605
3342
3416
3386
3534
5648
3607
5630
5690
4182
5588
5702
4455
3594
5593
5684
3638
3404
5564
3536
5615
5587
3580
3377
3586
3591
3344
4442
5665
5653
4453
5608
5670
5582
5572
5629
5646
5581
5677
5669
5678
5707
5619
5602
5706
5709
5693
5692
5685
5705
5699
5686
4462
4458
3590
4457
3381
3427
3555
4465
4464
4380
3615
3407
3353
3392
4448
3634
4449
3614
4378
3589
4376
3433
3636
4451
3439
3354
3419
3618
3343
3639
3611
3622
3631
3378
3438
3598
3347
3420
3537
3603
3393
3379
3400
4456
2978
3394
3613
4459
3384
3592
4374
3584
3530
4461
3621
4452
3625
3620
4375
3627
3633
3616
3599
3533
3397
3608
3619
3351
3595
3632
3373
3629
3382
3635
3628
3624
3388
3623
3350
3617
3532
