61
53
62
70
65
77
76
220
71
52
240
225
223
236
4563
16
233
244
58
228
84
72
212
245
224
2115
209
230
2523
2512
60
248
242
2112
153
17
2538
41
4829
1032
227
3474
3642
2119
2120
217
362
3420
3400
1468
1018
2839
3637
935
1759
3473
2913
2511
3485
3824
1833
2830
3395
4246
471
3388
152
231
4565
2993
2873
2831
2692
2380
3754
272
2372
2377
1128
3141
944
3353
3450
2884
3505
4204
3653
2361
357
2982
2556
2856
923
1127
2378
2847
3750
4221
79
3758
3567
3585
2695
4229
541
4216
241
938
3390
4497
3373
3050
7
4818
2109
1742
1382
3640
271
2812
4558
3362
249
1025
246
1147
4266
578
963
3548
3451
2374
3683
2846
456
1392
2853
3582
3066
3154
1376
3568
2367
2867
1772
2862
3686
4011
4498
2551
3460
960
3383
1796
235
920
2785
2678
4821
503
3510
3651
4730
1035
3745
900
1370
4219
5
2366
1811
3814
2578
1142
3530
40
1015
3369
3393
3417
1030
4846
1404
1400
2806
2113
634
263
2383
3552
3891
2807
888
1395
1732
3815
3348
4208
4344
3347
4226
2382
3581
89
4295
206
2537
2043
2510
375
3096
4257
2945
3562
3344
3609
4429
2858
533
2837
2838
1773
4436
3488
641
1755
4899
965
1425
2998
2781
1846
1050
39
1761
2880
3449
569
918
3381
1443
1758
3499
404
4270
1045
1892
3760
1231
1111
2529
1260
1378
4340
479
4763
2693
1215
951
3136
3864
2911
4346
2428
3762
3405
2696
1756
924
1017
4576
273
1381
571
3051
3523
3448
3751
365
3152
3893
579
2419
445
3458
3656
1829
3884
3086
2478
3544
3823
705
3877
2042
171
1743
1972
2576
4906
4223
1890
2694
508
2768
916
1816
3368
3659
2681
914
2250
3621
1414
2540
915
3867
88
15
3426
97
464
372
2534
3619
2044
3462
2543
457
2318
1835
2677
4317
448
3605
138
3128
2822
1027
3892
3741
2680
1131
713
1046
940
714
600
1016
1023
2929
719
626
1255
983
4777
3874
2908
1014
3885
3848
1233
1159
3476
2843
989
4561
1246
1114
1195
1024
1388
1297
2451
4812
3561
525
954
2848
3810
3519
1453
2773
1393
367
4844
723
3838
3160
2991
1785
2997
370
4372
3202
4174
2483
2562
4315
4233
4283
4408
2041
3408
92
3134
4241
1362
4203
3380
4428
1799
1944
489
3363
2482
4188
4422
1986
499
3372
4323
2311
393
1821
1763
4218
1793
4341
2547
1153
2421
4412
449
1985
422
1116
432
4373
166
949
975
1377
3173
3509
4820
3849
568
2780
360
1126
3536
308
2691
2687
369
1401
151
2045
1261
1832
2852
3414
3839
298
3690
182
1286
278
987
3167
1129
101
4816
1415
1256
3719
3834
3319
1188
2799
1751
2655
572
316
3157
2776
1454
2227
1441
1999
4271
1034
2985
703
1769
1029
4177
4217
2140
698
4256
1941
4817
2605
4235
2447
1110
2994
2259
2545
689
3569
1724
3084
1109
3650
2943
2207
4849
2824
3527
4245
1836
581
2930
1383
3006
4679
4833
926
640
3055
3424
1200
1853
4848
1787
1637
1638
3945
3962
1384
2059
2051
757
2518
4133
3252
398
55
1877
4511
4155
1274
1712
1335
1332
840
659
2359
2151
820
1505
4086
660
4616
837
839
619
2228
67
4545
834
3280
4548
2517
680
652
1540
1550
1549
4764
1667
2396
2020
3247
2603
4154
1714
3996
3971
3992
1481
2177
3960
4137
4143
2744
3970
2072
2057
3282
3222
2406
2472
4146
4152
2745
1211
2401
2371
1548
825
2442
3930
3244
1631
1658
615
4161
3998
4009
2375
1803
1615
3938
1182
1526
1445
4619
4594
3207
2069
2581
35
3967
3941
2226
2587
4056
3787
1302
433
414
4459
3201
325
1446
3397
378
3418
2201
2671
2256
2771
904
4942
2245
1113
4201
3622
2267
3316
1186
998
1139
942
2734
504
4951
2272
3153
514
4751
4744
274
4289
2237
3410
42
377
2942
1448
3313
3447
3981
3991
1531
3963
3975
4000
1487
3276
3955
1559
3283
2746
2474
2800
1533
20
4745
3263
3961
4603
2636
833
3232
2564
826
3969
4876
2525
1616
2662
733
2071
4537
2530
1536
1534
46
4102
4647
2656
3046
4049
4027
1604
2164
2085
476
3950
2660
3944
2516
3277
1528
2509
3294
4749
2960
1476
2150
1310
2618
4943
788
2101
2624
2490
3964
2558
2097
2103
770
1510
4064
708
3182
2753
396
1480
3176
1501
1496
36
1303
815
21
4621
2180
2580
3332
1580
4938
1623
1681
670
2954
4883
4514
1543
19
51
1488
1542
1521
59
1673
2741
2763
1380
4493
2754
50
4520
1669
312
2584
3085
1581
155
738
2340
4279
2602
4274
4106
845
1705
2162
1622
4573
4734
806
2440
2569
2458
3694
54
165
4870
1202
1599
2888
3928
791
4590
4026
2025
2626
2190
1524
4550
4642
1497
1566
4580
1879
4478
1704
1696
4339
45
4329
4658
4641
1611
1169
3927
4882
2647
1475
2184
2463
2174
4884
1564
1711
4489
4025
4801
906
2111
1597
3174
2625
737
4930
1573
4941
3044
2405
679
4694
4504
4033
1562
2314
1184
2450
2426
1842
3711
1831
3149
642
1928
4360
1052
3425
1174
4834
4280
3022
3298
1788
4190
2527
4242
728
1140
1552
4499
3792
3958
1771
2823
3685
1924
1397
1122
1823
2484
4237
351
917
2430
1918
4736
1852
1894
4227
1280
4384
93
2940
3629
1152
4350
2063
1978
1557
4652
2560
1610
3258
1154
1556
2469
1996
2021
4588
2096
1694
2461
756
4342
4905
3135
2064
2094
1403
2393
4735
4505
4043
4521
1988
4017
2049
2394
3292
309
792
2048
515
1285
2056
2975
683
692
561
824
250
2012
113
2395
2078
4928
1577
1571
543
3923
1578
3274
4071
1507
1513
4673
1840
3250
1642
2060
3323
1194
2070
748
10
3440
3026
1196
3045
3837
3285
2740
936
655
395
2886
3355
536
2651
2053
2132
4156
2062
2014
2857
162
3954
1394
156
4151
4142
3125
1650
4122
73
4687
1079
1486
4530
1889
2669
4490
4754
4663
3130
179
4474
2098
2106
2666
2974
4265
4611
734
3034
4767
4153
115
3300
31
1515
1688
2398
3847
3206
814
3240
879
4097
1561
2486
832
3071
716
2623
1525
4675
3515
3246
1224
3131
4139
4487
4614
2456
835
109
1891
3203
3008
2074
3827
836
1222
2874
1283
4664
3747
4925
4510
1212
2392
2701
467
1613
2344
2138
4755
976
2532
1465
4291
3914
1646
1620
1653
3113
3331
1516
2435
2154
2061
4157
3025
199
1358
2387
2086
2149
3091
1216
1500
786
711
1633
4090
513
1464
1532
4547
4605
1517
3968
1065
3248
2161
3317
2659
2565
1078
3099
1608
2166
2630
1429
956
2979
2080
4121
279
2689
1108
3031
4282
154
4074
4050
3819
1177
2635
2917
150
911
1859
2877
1643
4523
2091
2092
2345
4039
4087
2158
3142
3831
2688
656
2657
4686
177
168
3340
1279
2024
3491
3517
4464
2350
2322
1240
1570
3818
111
4439
4031
882
3900
755
1144
4301
3211
1499
1089
2148
4515
798
2007
4485
2613
829
3697
2619
3333
2055
2031
167
4486
2567
192
4492
4879
3904
2019
3224
1276
865
3042
2434
2690
2723
2670
3163
751
2948
2066
4261
4333
4861
858
4922
850
2737
180
3243
3029
294
4038
1219
1469
462
506
4060
1545
465
4032
2667
4865
3897
1371
566
567
3080
3110
1666
1435
2329
2334
3692
856
2758
2708
4028
261
149
1346
2460
4567
3116
311
1585
547
2088
2224
3242
520
1569
3146
2137
4484
4159
1715
491
4836
482
2955
1605
1854
1535
4748
498
3088
3577
1407
2969
1474
3254
1522
1530
1519
1881
3098
4552
4773
3354
4923
2747
2956
3645
3109
4483
545
3119
1721
1657
188
3069
2732
2083
2030
1884
3237
2181
3194
1485
1495
2386
3648
66
1460
2641
4598
3583
4016
1171
2050
3126
4149
2457
3039
4945
3575
4533
1272
905
636
754
4528
1385
4860
4040
3796
3169
665
2665
3858
232
3931
4538
1193
1271
2169
726
3437
2100
4691
119
3230
2475
861
2001
2179
1684
3049
157
2146
2026
3578
675
2606
2476
175
750
1367
647
3739
4109
3165
3036
522
1281
125
4450
3144
1275
1576
2216
4197
3037
1624
3983
4862
4160
211
3070
178
106
3078
4058
215
2002
1680
159
3112
198
289
4676
4030
2157
2081
1981
229
4656
693
676
4066
4519
495
4551
4878
185
1880
2479
1994
2090
148
2234
4863
1417
13
4059
108
2206
4525
3888
2506
3251
3257
2076
868
2172
556
2893
2175
4880
4029
1702
849
2065
1987
3937
2455
3744
999
725
3879
795
191
1722
838
3863
1565
4131
4347
2731
1603
2054
1634
1867
2793
2067
2879
4871
2600
1206
184
863
2099
2199
3336
3124
3597
1598
4508
2185
2559
1995
3389
4626
3382
2739
2089
775
3862
842
844
44
1720
901
4571
1135
852
74
1461
1554
1389
2052
3917
1472
1579
1627
718
4345
2016
3759
2000
1199
2494
2183
2195
2068
313
3179
2018
3021
3976
4869
846
4908
4205
3835
3980
4517
103
2223
1544
3487
3191
3087
4488
958
4081
2952
110
2165
2013
3043
2058
1677
855
3926
1718
847
851
2173
4604
717
4915
1263
12
2022
706
3030
3398
4457
4147
2582
2399
218
2668
2323
2385
2108
1990
4688
2296
794
1416
3048
1745
1170
2571
4046
2854
4874
4889
1706
3614
2202
2415
731
2736
1508
2408
730
1707
4835
1686
800
854
2147
193
1870
243
1630
2870
3733
1245
3647
4946
4158
1483
4856
3570
252
4827
4830
4101
4931
2449
4004
4007
3038
3859
4542
2219
1080
1209
701
1591
419
2454
1301
2561
1073
1149
3103
2079
3591
2654
3706
1197
1636
1587
3571
2501
831
219
4875
4933
145
722
3072
4903
146
3421
1070
2436
729
4840
441
4509
4209
2751
4657
1914
1958
2222
4890
1007
3180
4477
2240
1980
2277
3077
3667
929
1977
4589
3924
1251
624
4134
2557
501
1086
946
2894
1775
4084
4077
4918
4937
3117
620
4940
202
2232
3133
3132
1076
3253
436
2152
201
128
4929
3565
2550
4083
4935
4921
3984
3604
1983
2038
2841
4292
1968
3178
4293
2444
302
857
4005
4008
1683
2977
667
544
3764
4119
1093
1872
3193
2005
4263
49
4927
3942
4926
666
1247
4853
33
2515
3607
1989
130
4919
2182
4018
4206
1575
1048
4052
326
163
1085
3948
1040
2364
2628
3921
3162
3478
4948
1574
3869
4628
1304
1648
1482
8
1882
2028
4873
3065
2315
3775
2082
1083
2009
2008
4402
2860
3959
2017
1792
1991
2003
2011
1875
1940
3155
4646
1467
2153
4540
1679
2489
4516
2093
1699
4747
735
3646
4070
2524
3181
4494
519
447
4276
214
2649
1583
2566
3606
3497
284
435
2213
3699
3887
3516
1945
3083
399
558
1315
3035
1926
4949
796
1997
3932
197
1676
1678
4044
3618
3102
99
1006
1266
4891
1008
1774
2390
2757
2599
1907
3590
2384
739
3100
2391
2204
3027
2522
550
359
2980
2922
3498
3032
4413
1374
635
4296
2241
614
2337
991
2339
129
3972
2804
4162
2794
3880
3812
3159
2865
732
251
2194
3123
238
0
11
741
500
116
746
24
1277
2882
4654
3338
1424
809
2029
2156
4091
830
1354
2034
1806
1690
1119
580
3114
4920
3574
2999
3438
3284
1107
2495
2033
4819
2528
2633
2427
2845
2876
3507
3007
3627
3845
4150
964
2658
4495
2497
4171
4172
4164
3281
744
2416
2407
3249
2555
485
176
3628
651
4104
1178
1916
1422
296
4286
173
613
3111
1166
4779
3766
4513
1437
382
4095
2792
2910
2214
100
4079
4648
4144
3636
1600
4645
2189
2802
2803
4613
4472
1617
1473
743
2118
300
2124
4098
478
4166
2498
1447
902
1612
986
126
4522
127
301
4887
1992
2502
1973
3370
1974
4437
4165
804
862
553
3979
409
2885
1096
2935
2208
3010
216
4195
2077
466
2957
4140
3513
2171
810
4671
4145
3774
2203
1993
4670
207
1440
1975
2819
2247
208
1004
4196
48
2004
117
120
321
2288
4332
1625
2230
4262
516
341
962
3522
1582
1632
460
1363
3079
3546
2663
4260
2891
2583
2717
805
2414
2465
2167
921
1434
1789
671
3899
2964
416
3001
2220
161
3208
1960
123
121
122
4300
43
1954
391
2369
1739
1953
256
1897
1740
2251
3033
2621
4312
3493
1689
1797
1843
305
2287
3644
4124
2046
451
2258
4123
3213
1766
3472
3082
1982
4113
4410
2898
4772
4674
4858
891
4430
3802
2702
2035
3081
2725
4054
3611
4127
2010
1930
3731
1741
1969
4275
3188
3187
2488
1970
1871
1962
1984
124
1963
3666
4832
3434
3430
3594
1837
4842
258
4135
3076
147
4021
2500
4455
3613
3228
3925
3060
1002
3138
4132
2102
2791
4136
1687
3221
4886
650
3545
1937
1060
3184
3623
3639
1905
1896
4220
1917
3654
3661
118
1998
1738
1291
3235
1948
1979
3190
4893
3172
2006
1947
4424
3227
1938
3657
2073
2967
3192
3231
4888
1661
2075
4831
4952
3014
1175
47
4199
3724
4911
1929
3115
3703
643
2319
1084
4013
327
1069
1976
3018
34
4894
1964
1955
104
1735
811
1965
1868
1264
4896
1888
3664
4895
3067
4912
2400
1959
1874
2015
1586
1922
4897
3020
1716
4916
4110
4527
1644
1308
4914
4020
2706
1943
2036
254
1956
4042
4700
3940
3728
429
4224
3630
3737
4138
4048
3572
529
1730
1911
4202
3185
1869
3652
1915
1887
1895
112
98
1791
4600
1607
973
1635
3956
317
3850
386
3595
2805
3339
3183
3175
4290
1942
1899
3068
4610
4606
2459
4111
4939
1781
4536
3871
487
745
4015
1099
2302
2574
2503
871
749
2493
4774
4348
3550
3977
4053
3210
1923
1858
3722
930
3058
4917
4107
1849
4601
4910
1077
4714
3631
3663
4947
1910
257
1198
742
1668
3889
4640
3723
1950
638
910
4409
23
808
3776
3324
4407
3454
927
2261
4760
3521
994
4361
2338
1479
4186
1957
1725
3698
1876
3234
2403
4672
3158
2023
2492
1912
1269
1878
2039
912
1692
1356
3596
3504
1901
2452
903
4612
4595
4398
3307
1649
1088
2590
4496
3592
1939
4080
4406
1123
4857
1005
2373
4418
1145
407
4019
4696
2280
2572
674
3171
1848
955
3598
2505
1117
1288
3151
2417
3593
4643
4892
1863
280
3371
2595
1628
621
3385
4089
1949
2217
4231
1952
799
4532
1898
2431
995
1009
4502
4105
4449
2519
747
740
2596
3861
4695
1717
3966
1839
1081
1560
612
1204
3040
1966
260
4665
753
972
1736
2037
2176
4653
1885
1802
1834
3366
1051
2462
3059
1857
210
2535
752
1645
3655
1671
1626
2040
3740
1777
1913
4881
3341
3137
304
237
1737
4707
848
3217
1063
4529
1764
1873
967
715
4259
1825
1734
909
4476
2413
3322
2468
318
2170
2236
4284
1328
2471
1850
2453
1860
2410
1567
1861
4108
1862
1498
704
1864
1783
1820
1780
2446
1563
1674
1609
1558
1932
1936
1594
3935
1902
2445
724
1935
3150
2397
1927
2439
907
1662
2402
29
1000
3486
57
1931
94
2438
1866
3325
4297
1700
1697
1412
56
1778
1844
1815
1855
1828
1826
1733
1851
1794
1812
1731
2432
1865
919
1768
87
1767
1801
1708
1841
1951
1961
1765
1593
990
1808
2411
2448
2104
1748
3356
1726
937
1934
1588
4
899
908
1120
1651
1900
2466
1830
1760
3987
1164
1822
1518
30
1640
1908
1946
1845
2412
1817
1838
1909
1746
1971
1904
1807
1786
1754
1723
1729
1921
1800
1776
1118
1903
1727
1920
1933
1813
1919
2437
2425
1595
1925
1753
1790
913
1779
1691
1967
1747
1784
1728
1701
1115
1847
1805
1157
1141
1161
1682
1795
943
1039
934
1856
1744
1752
1138
1121
1656
1641
1818
2422
2441
1675
1011
922
28
1551
966
1146
1606
1592
1659
694
981
1749
1621
898
1010
2107
700
1685
1555
1056
25
980
1663
969
69
1827
1125
957
1804
1163
4569
1660
720
690
1225
1054
187
1185
1143
2429
895
1782
1814
1158
1064
896
102
897
2423
26
1165
1068
1191
2420
4535
1602
1001
1309
959
1438
203
68
64
226
131
803
947
727
768
1150
707
1431
2418
617
2205
677
2215
1221
96
802
1003
4222
4524
978
1506
2330
2209
637
1553
2424
205
710
695
1168
81
699
1180
27
687
1148
2246
696
2229
950
1290
653
974
107
1210
712
1028
1420
285
1220
663
4022
2193
1652
688
686
1214
1213
869
682
1770
4596
196
3327
633
945
2409
4236
3518
195
4331
702
783
1176
4572
631
661
648
1273
1314
867
697
709
1012
864
1423
2433
1201
1265
630
204
221
2292
993
2473
979
3402
2646
782
3057
4115
1230
253
2514
75
785
2541
1098
662
4693
3156
1187
1353
657
4534
1296
1369
2526
3328
996
766
1762
1189
1244
970
95
1232
997
2552
623
1252
1151
874
1228
2095
1179
1021
190
1405
135
1203
1386
444
82
4944
1208
765
769
509
3610
169
3073
78
1217
625
971
1338
870
548
1237
4200
658
3260
3262
4901
4426
262
290
2305
1205
664
681
767
1207
1227
1223
1235
1160
1192
1229
632
627
583
2477
669
672
281
925
1013
540
819
1239
1072
4953
1172
1452
488
3220
259
3633
483
4593
512
2533
4900
4336
1234
3326
1757
4618
3936
4210
1492
639
453
4255
2252
1130
654
1236
1249
1218
582
1059
629
4718
1033
1238
1226
892
1489
1037
565
685
1022
3492
894
4212
3641
3375
1444
988
4125
3147
3108
1750
3361
1041
3170
3743
1075
893
4326
282
4934
1619
1062
649
1058
3563
3105
3352
426
3432
1361
3643
4313
1082
1066
1057
1049
931
1047
1242
1055
1038
1043
3726
1020
1241
1042
3166
961
948
4254
1250
1243
939
941
1253
1019
4082
1268
3638
4327
889
517
1094
1105
3445
628
1368
3435
3189
3566
1409
4806
4253
523
3746
1349
3479
1402
4240
1456
549
1091
890
1092
1097
1067
1090
887
1102
1112
1095
1061
1044
3601
1104
1103
524
1026
551
4318
4085
1100
618
1345
1305
1031
1248
1618
3145
4065
3599
1267
546
982
4248
886
4116
4228
3391
3104
3329
3415
1319
554
4128
1071
4068
1333
4898
3757
1101
1106
564
542
562
3734
1336
4239
4507
977
4355
3349
985
1258
2376
1294
1
594
2520
1134
1173
3624
3612
3428
1257
1337
3378
4932
425
4232
4045
4194
1413
3386
3218
3358
758
3579
322
91
878
3409
1262
1484
4252
2306
3730
381
3097
3436
1278
3439
3441
3617
968
2675
3587
1312
1300
1316
3334
3573
537
3588
3406
3351
3600
1298
4141
9
3475
3668
1318
4041
4198
3422
1311
427
4328
3603
418
437
1411
4481
1293
4114
4661
14
3828
4385
4305
2568
539
2949
2981
3365
3446
2546
574
2674
3602
3464
4950
3463
295
3399
932
555
4466
1307
3350
2563
380
1306
406
1329
1313
3403
307
3433
590
4178
4462
2531
347
3649
2902
4913
4163
3608
3524
876
379
2542
4421
4249
1317
3626
2638
3660
3342
3589
4170
3576
2379
183
4500
518
1325
4213
2496
3377
4460
1323
438
3364
3384
463
884
1324
3615
4415
3427
2617
4453
1321
559
511
2648
4907
2712
3662
486
3490
573
3075
1287
475
3357
505
1259
526
3367
140
3392
4526
2905
4075
1320
4180
3092
560
3346
371
933
4234
3374
477
3429
4207
599
383
1343
3064
3465
3401
584
454
4335
4446
496
885
3387
2796
493
4713
4094
4037
310
376
3411
2795
1439
4073
2715
4366
3161
4434
4179
4103
4175
354
4338
1322
83
2616
1132
4531
2661
3431
2573
4181
4167
3678
2221
502
2553
2123
4069
2491
4243
2642
4431
952
2549
4225
1133
133
320
538
1289
563
4512
4078
4374
1433
4092
439
2612
4440
480
291
283
4473
4215
2239
4176
1364
3054
2728
144
2772
4264
2365
3580
4936
4319
4168
4470
4471
3528
1406
3483
405
4356
1408
3238
4185
4182
4479
4381
4343
2548
4359
2585
4467
3215
4395
4192
4311
2260
4720
1442
4902
2629
4298
535
194
4278
4393
4425
4354
2554
4438
608
4399
4357
3419
4247
3023
1419
4432
459
1326
3407
1399
2627
4002
4330
4369
762
4173
4183
4368
4392
3396
4390
4379
3330
4396
4299
4352
4378
4187
4184
4367
4375
4397
4353
4387
4363
4380
4238
4036
2521
4307
4391
4386
4351
4277
3727
4468
4258
4273
3343
4461
4445
4269
4417
4419
4362
4454
3413
4456
4334
4475
4230
4444
4463
4088
3444
4306
4035
4465
4325
4314
4904
4320
4414
4288
3345
4251
4302
4324
4294
4308
4250
4427
4309
4281
4304
4268
4310
4267
4316
4442
4321
4358
4443
4423
4337
4448
2570
4447
4458
4322
4451
4441
4433
4469
4452
4404
4405
4365
4435
4420
2508
4403
4377
4303
4191
4401
2504
4189
4416
4400
4411
4382
4364
4371
4376
2579
4349
4370
2575
4388
2577
4394
4383
2507
4389
4067
4099
4001
4727
2513
1341
3412
3416
1436
1339
4062
3586
3620
2719
2588
4057
2615
2631
4698
1334
2709
1331
4100
86
4063
3335
2620
552
424
2645
2775
3212
2714
530
531
141
2610
319
2609
2711
4706
4723
534
2611
4662
585
992
2699
603
2707
2915
1330
2782
136
2733
358
142
1426
577
392
200
2643
2244
602
576
1327
3056
342
18
170
490
1428
3216
3295
3470
2298
373
3709
2632
2637
255
492
2652
2676
3286
181
411
2767
2622
276
588
591
189
601
2589
160
3895
408
132
452
2779
415
1342
328
592
606
2598
474
2591
616
597
387
143
3122
213
596
984
1254
2487
421
292
611
2730
353
1494
1350
1450
610
410
403
412
417
384
609
390
420
532
385
604
607
570
605
440
586
587
428
2778
593
388
434
598
389
352
4072
595
458
413
338
2743
158
431
430
481
468
3811
299
2634
953
2704
2770
2
443
2765
484
859
2639
461
2762
394
364
335
1365
470
315
329
423
446
297
344
1351
442
872
2586
2644
267
2720
455
3769
2126
2653
497
2143
3753
2716
265
2265
873
2262
345
2608
3695
337
269
4839
2919
3710
3669
3074
3321
3738
350
266
2363
3682
3404
340
323
270
363
333
349
264
355
303
2749
2760
2759
268
314
2750
2705
2850
3878
2121
2381
332
3943
1478
880
877
2866
348
2766
1344
2726
4570
2777
2131
2855
356
2748
2818
368
2270
2755
2761
1373
2756
1514
3919
2271
2249
275
2764
346
343
324
366
361
336
3423
331
339
2738
2703
134
2786
2769
2889
2718
875
2875
2834
1387
2742
90
2727
2178
883
2899
2597
2892
1449
1355
2160
4847
3094
866
2849
3721
3789
2883
1379
85
777
2362
3778
2832
2139
2918
277
2815
1396
3394
2825
3779
2903
760
1357
3003
2155
2211
761
881
2851
450
759
1390
781
2358
2604
2368
2973
2881
779
2721
3012
2225
1372
1391
2357
2863
3360
2923
4705
4682
3910
3853
1352
2909
2682
4712
2939
2921
763
2276
186
2301
2332
4625
2360
2710
2895
2861
2864
4725
764
2284
2308
2346
2163
2192
2294
784
2141
1457
1509
4702
2370
2168
4715
1366
510
4617
2320
234
2238
4632
2312
2887
4577
4701
2907
4728
2328
2355
4624
2342
1512
4710
2878
4650
2304
4851
2122
2820
1458
2268
780
3290
2310
2188
1502
2313
1503
2212
2117
1504
4692
1493
2197
2145
2144
2231
2243
4716
494
139
1410
6
2307
2186
2191
4726
776
2159
374
2187
4638
2352
2275
4709
2235
1477
2254
2264
4669
2198
2266
2200
778
2309
4660
4721
2348
2134
4719
4685
4699
2248
2218
2278
4717
2253
2263
2242
2135
2142
2273
2283
2299
2257
2290
2136
2281
2133
2279
137
4711
2349
4680
4575
4690
2303
2285
2341
2128
2293
2331
4651
2130
2127
2255
2297
2269
402
2356
2129
4681
2336
2289
2317
2594
2325
4689
2327
2300
2316
2347
401
507
2343
2353
2354
2282
2274
2333
2286
2295
2326
2210
400
2324
2351
3
2593
4729
247
4579
4742
4697
4759
38
3269
4708
3560
4703
3832
4731
4644
3559
4666
2783
4592
3296
4193
3786
3255
2679
2814
3632
2906
2480
3875
2924
2859
4047
3205
4581
3256
3842
2784
3302
3288
4631
2809
3306
2890
4557
2536
3820
4808
4244
3826
2901
4732
3749
2485
2683
3315
4583
3841
3616
3009
2904
2700
3028
2722
3870
4798
3526
3287
3671
3376
3304
3886
4845
2987
3625
3701
3896
4627
4826
3803
3788
3675
4815
3946
3771
3768
3219
3952
3301
3856
2698
2592
3670
3816
4733
2774
4608
3705
3634
4591
4649
4668
2817
3915
2686
3311
4790
3866
4599
3702
4584
3310
2685
3813
2938
4750
3672
2826
3840
4841
2835
2789
3308
3860
2735
3017
3809
4850
4566
2816
4722
2900
3883
3822
2871
2544
3817
4769
2539
4677
4637
3829
3953
4582
2896
4214
4752
2842
3821
3865
2697
3214
3197
4793
3855
4782
3053
4724
4609
4578
3939
3765
2914
4636
3872
3857
3635
239
3773
3846
4778
2916
4814
2968
4554
3882
3794
3903
4753
3312
2811
4807
3854
3196
3195
3199
2920
4568
3198
4762
4678
4630
4587
4761
4746
4684
4838
4787
2808
3204
4623
2810
4837
3309
3305
2829
4828
4738
3755
4768
4758
4792
4843
3689
4825
4783
3833
4824
3843
4756
4811
3781
4789
4739
4800
3777
2934
2828
3748
4795
4809
4805
4813
4804
4803
4799
4757
4741
4797
4785
4810
4796
4780
4737
4791
4766
4784
4822
4770
4802
4786
3461
3894
3674
3851
3677
3767
3680
2833
2787
3742
3712
3019
2684
3459
3704
2821
3452
3756
2813
3795
2790
3693
3359
3673
3000
3793
3052
3558
3700
3676
3658
3013
3684
3708
3466
3121
3707
3679
2932
3688
3549
2976
2963
3320
3557
3015
3541
3457
3455
3807
3696
2840
2978
3480
4564
2936
3477
3016
2986
3718
2827
3318
3471
3687
3881
3005
2995
3456
3314
3902
3691
2788
2951
3543
3798
3908
3453
3468
3681
3467
3665
3555
3554
3537
3556
3496
3041
2925
2926
3720
2927
2989
2965
2947
2972
2946
3529
3553
3520
3495
2990
3805
3469
2950
3534
3800
2996
3772
2931
3532
3551
3784
2872
3808
3011
3503
3501
3547
3494
2958
3506
3533
3481
3540
3535
2944
3538
2928
3511
3539
3482
3542
3525
2984
3500
3489
2966
3484
3512
3531
2992
2988
3004
2983
3717
3024
2798
2481
2941
2836
2937
3783
3790
2933
3898
3715
3804
3716
3806
3890
3785
3918
3797
3907
3713
3920
3913
3901
3782
3905
3714
3912
