263
64
74
66
148
234
77
233
51
241
254
248
59
52
243
61
260
255
83
71
2256
17
259
258
18
16
221
226
4936
236
2251
2253
232
82
212
2257
251
58
2729
244
262
2766
2903
2259
247
2730
4935
211
486
611
497
3487
3603
86
4219
7
261
3817
2695
1205
3486
3258
610
776
2905
3490
976
3610
3148
1219
252
40
2570
147
5266
958
3439
3017
4000
4540
5273
5274
4943
4164
5031
1515
3051
4553
3872
1511
3262
3253
3714
219
2696
3142
3291
4088
3018
15
3918
3085
3711
1112
3882
3438
948
605
63
3604
2562
1496
5246
2560
1506
465
460
3608
519
2992
513
954
693
750
984
2261
4551
3832
562
2911
1263
992
1120
999
3856
599
1257
1936
3662
256
525
2573
1529
612
454
2693
489
3831
4577
1107
4570
3244
3016
1896
3028
3647
1204
5234
1535
4716
3140
1500
3715
1016
2910
3894
3726
3416
1695
2936
3667
5128
1184
2773
570
4924
3815
36
5241
3728
3661
973
4173
3729
3739
3437
3112
1105
3656
2268
3229
3877
1208
3411
2638
2691
1243
521
2996
131
4020
3991
1541
2476
3708
4158
1221
2743
1250
997
38
1029
1979
3101
481
1499
4561
741
5351
4629
4177
4563
1131
3607
2507
1030
37
676
4739
3078
3916
1266
250
1261
146
949
1507
2430
1953
2020
981
1099
1190
980
1244
3638
2463
1479
2634
4702
2538
463
1873
4960
1271
2245
257
280
1483
1959
5289
2067
551
1091
4638
767
1872
4653
4635
1197
3738
2989
3210
4199
4191
3250
3804
4001
3152
5132
4820
3120
3022
4831
2564
4929
4552
3712
5331
4174
2772
622
155
3044
5259
1385
4130
3602
3725
705
975
3863
3899
4950
4165
4170
3092
2524
5339
2543
3086
600
151
3276
2770
3187
3194
1022
4198
4016
3857
2520
471
1092
4462
4980
4295
4502
5359
1626
49
2833
1715
1648
2300
4408
1688
897
1686
4887
1653
1581
2195
4301
4280
35
2194
2237
4286
4314
21
4886
2742
2801
1836
1811
4373
4586
1724
4892
4307
4335
1690
1714
4337
4413
4268
1677
4453
78
2030
34
1662
1857
2219
2207
2214
892
4774
5399
4868
1739
1359
983
418
2269
668
558
3406
959
2033
4608
1884
4731
1216
1090
974
2013
2632
1520
3926
1347
2756
511
2426
2924
773
2556
1210
4541
1750
4099
2461
2428
1152
3578
3339
47
1883
2619
1432
1196
1370
1926
1383
70
3652
291
3727
3658
4011
4644
4330
5320
1672
1675
4315
4313
2010
1860
1669
4267
3334
1578
2208
2332
1853
1855
4093
5055
4722
2790
3477
858
4937
4486
2327
3456
864
2198
2197
1377
1817
3557
2788
4424
4445
2787
869
3555
1430
4684
4436
1674
3429
2199
2213
4679
4334
4673
2038
2647
1665
3542
4308
3180
4299
4298
4223
4472
2828
2792
4328
3491
4258
1156
4067
2626
1820
4363
2747
4906
4362
20
48
4419
1849
1852
3822
5222
29
5294
4249
3097
1772
4211
1642
2806
3138
4490
671
3039
4251
4294
2725
4678
2210
1719
1716
3526
4360
2736
3457
2890
4257
2228
2959
2341
4306
4297
3529
5006
4253
4224
4888
3189
1805
852
2789
2799
2845
4997
4235
2165
2054
1818
5379
4975
4585
4991
1680
4605
1684
3537
880
43
2939
2963
930
2317
3530
2856
4385
1646
1678
3424
1742
2886
3698
4206
2326
4497
4017
4386
2961
4279
4212
4351
4393
2644
4414
134
2617
4866
2955
902
3474
675
502
3360
4474
4493
3540
4288
4806
2838
4226
5013
5022
4791
5075
5012
5027
5036
1625
4209
4248
5212
253
3922
961
4824
45
1350
10
1647
3475
3699
2289
4431
1458
1819
4506
4914
3470
819
4304
3349
1077
342
4882
1580
4389
1644
1723
1845
438
4903
279
4008
3949
5235
3027
5251
4549
2510
1182
376
3124
1295
3965
2976
5155
543
5131
5130
3052
4344
2252
4959
80
5200
1024
1956
3304
3091
2187
3599
5256
1234
4870
3876
5129
540
1461
1189
1200
2763
943
3830
3093
4728
3581
3084
1027
4940
3007
2569
2542
2999
3136
2402
3121
4440
5070
4923
2868
2715
4208
2308
2892
4237
4430
2287
4182
1080
1619
3046
4941
2726
4895
2904
4394
5363
5282
4080
1620
4897
205
1639
5015
885
891
4244
3104
3170
2783
2196
4921
4236
4513
4636
5158
3514
3549
4107
2609
2356
5145
2598
3983
2851
2587
4263
4376
4501
3544
4487
4482
3471
4447
1630
4979
1673
1666
4241
5345
4912
2337
4242
1634
4271
1654
4234
2201
1611
2805
4269
2843
4813
2319
4876
4312
4246
1574
1623
595
1616
4477
4898
3565
1591
2118
4207
4243
877
921
3372
898
1566
781
2865
515
1712
4365
4913
1643
836
2412
1079
1645
1651
1657
2204
1637
3547
1632
4247
4277
1613
1612
3469
1635
3366
4420
1617
445
3131
4094
1638
5028
3921
2611
2596
4296
1868
913
4281
1629
2212
1786
4176
1465
3113
2879
1331
3473
895
230
3736
1374
2717
4946
177
4185
4894
1572
4994
187
884
2517
2577
4292
1471
3468
1725
834
5003
3552
114
2386
5001
3472
761
768
2601
1633
4285
75
901
4451
2526
5313
4899
825
210
1679
4483
5285
2768
4111
1631
1628
5011
4601
821
1451
866
874
1783
3507
2179
1624
4262
2897
1598
4276
1378
4203
2343
3446
2956
5372
4375
1618
2982
903
3701
4250
4259
4238
4273
1622
1604
3476
941
1603
4599
4973
2546
4915
911
867
872
1601
4404
862
4691
4972
3559
3553
4463
2826
1040
1828
5108
3354
1779
1767
5317
1470
1746
1827
524
2350
2211
5024
4106
4845
325
2052
1596
2218
820
2509
2370
4505
1338
1475
3024
2737
3282
1682
2589
4275
5065
2027
1720
4686
918
4971
4339
4221
1859
1840
1357
1362
4232
249
2907
2217
2464
3431
2283
5305
175
4411
837
3071
3225
839
1610
1730
2797
3520
30
2755
2876
3550
3319
2622
5113
2714
3853
2997
830
4978
3428
1172
1046
2667
3312
1469
4030
2880
3151
4982
4218
4216
4983
4976
1322
4989
1321
4240
4427
2390
2348
2360
1477
237
886
1147
4114
860
2624
1521
3999
4006
4658
439
2796
4084
4690
1847
2391
1769
2990
2342
1841
4406
490
870
871
5066
1268
4274
861
103
896
4918
245
2396
5000
3498
2161
5067
1480
1275
2836
2825
2824
142
238
1822
4418
2330
144
920
2457
2349
3568
905
906
184
4999
2837
3541
1608
4891
5021
660
4814
1487
2381
3892
382
2181
309
3381
1573
863
4575
1729
5143
2591
2415
4422
2222
2293
218
5318
1532
2553
2000
4569
4012
5062
826
5190
1773
4151
3980
3502
900
5175
2315
2200
1721
3465
936
5004
1615
2331
3466
2025
4682
3521
4119
2561
209
1592
3467
4097
3127
4346
4148
509
3924
2606
231
3133
3503
4931
2960
4579
4140
2614
1602
1318
5009
4205
1167
224
3548
1880
2232
801
3988
3485
4603
4807
2551
1614
4387
3758
2902
4410
1597
2295
890
1691
4647
3986
2311
4988
5208
2410
3978
4649
2150
496
857
4920
3287
909
4496
5161
889
683
2472
2708
228
2254
817
1337
4416
2226
1327
5008
1472
4465
1788
1778
2092
3173
3703
1078
2193
4714
2409
1381
887
3419
2419
4878
5300
2437
609
2840
4137
3198
1810
3997
1605
4355
910
4992
1565
2373
2502
2494
5312
878
3284
5386
3591
2320
2800
2734
3512
2372
2403
2474
882
3584
5050
266
4889
1796
4342
1570
352
2024
2340
5350
831
386
838
2854
3345
4885
1741
2883
5148
5374
4842
3654
4900
3125
1593
2899
535
4858
5272
3515
1599
5020
4417
926
1621
1594
2839
2908
5356
5325
5083
2823
2863
2393
865
4421
498
4379
4905
4910
3233
5371
786
1751
3126
4778
2688
4986
5080
4162
3570
2848
99
4884
4874
242
4161
894
5362
2744
3386
4623
787
5057
523
965
1259
2398
1726
1711
3368
2631
2380
907
1627
1692
2366
2323
2827
1744
2202
1709
2294
2367
2374
1609
3322
2362
3696
1607
881
4488
4378
1718
2333
3911
3560
2782
783
859
3546
2376
618
3379
50
2236
3432
4705
1319
4710
1534
4850
4367
3866
4494
2665
2498
818
2234
143
5378
3378
5354
3630
4707
4172
4169
4166
912
914
4347
883
2297
4156
4163
2781
2779
879
1585
2355
4879
2965
2260
4364
4396
4155
3464
2870
3900
2832
3774
2947
4661
188
782
3745
876
875
4188
4152
3535
2296
2335
824
4883
3518
832
3297
4798
4391
5382
4197
4865
4343
5014
3064
3130
3519
3403
1851
5236
3003
4860
4881
4395
3536
4354
917
2255
3534
4890
5367
2379
940
5243
4696
4192
3919
4078
4129
3505
3035
5177
4167
353
4844
3321
3458
2314
217
3178
3298
361
3492
3369
5365
1325
5396
4871
4085
5142
4138
2162
199
4371
4178
5375
1595
833
4350
4769
2378
3914
2303
2709
2862
55
2753
5328
5376
4127
3528
1588
4698
5286
4484
178
3315
2849
4969
4985
5150
925
2740
156
2957
1697
845
488
3499
1435
3426
4780
3117
5170
5230
2497
2389
1043
1042
2841
5391
3134
506
2767
2017
1787
451
3595
216
2656
321
1505
4873
2490
4547
2275
3150
1273
4069
3443
846
3590
1320
246
4468
4081
123
2803
2952
4732
4869
2660
5093
139
2645
5112
141
899
5088
4183
4620
1371
4542
0
3184
3592
1864
1315
4511
4072
2896
3020
672
3212
1745
3147
3513
305
275
1444
4392
3289
4459
962
2620
4383
4804
4485
5223
3773
3336
774
853
1380
2699
674
3700
1326
3593
2987
4499
189
2893
149
3702
4695
3705
4990
2109
4467
362
2830
2804
2616
491
3500
3525
555
3445
335
3214
1792
1349
4061
4788
2595
4799
3704
295
2850
436
121
4071
487
3295
5118
3181
4671
5336
2306
1130
28
3116
4026
5069
4432
1050
2900
2872
2325
2324
4613
2895
2972
4877
3459
4146
4369
5082
5383
2769
3074
2032
1025
4370
615
3865
604
11
1887
4368
3933
4227
1260
4687
2205
2321
3781
3650
3259
3763
1084
1026
2304
1407
2998
3506
4092
5078
3706
4117
3517
2279
2802
578
2354
332
2750
1703
3496
1539
5085
3614
4893
4974
2359
4862
5364
4210
3775
2435
4880
2860
2371
3789
3566
200
265
351
3105
2347
5090
3063
111
2183
46
3144
2035
652
854
5172
2227
3263
3835
2417
2123
4407
1416
3343
2745
68
346
1153
4594
2951
1166
2733
4265
4849
1033
2046
850
4843
4229
2834
5368
2889
3561
2388
4357
1861
2762
73
2757
2967
5091
4853
2710
2881
3691
4703
3527
3531
414
2713
4428
4677
3671
1806
201
4374
5079
2100
1468
4058
3294
3694
806
755
2711
4439
3594
162
229
3508
2663
1886
173
4917
4068
1540
2885
2073
2878
2855
4112
1517
79
2441
2884
4052
4627
2945
2909
1829
138
3310
3682
2127
222
1071
4356
347
5049
2385
2291
1170
1274
1049
2637
665
2003
2163
3090
2954
4841
4953
4035
2190
816
5186
1522
359
3158
1434
3288
4859
1001
5146
3157
3510
2037
424
5176
357
503
300
4828
4102
4070
1102
3361
799
2712
5304
3695
803
4861
2338
923
5061
2813
377
2031
5071
5348
1882
4947
3697
4767
888
1164
5104
3040
688
3154
3246
2728
3014
4009
4366
2594
1486
5100
1031
1457
5035
1825
4480
5052
1375
5033
3377
2567
2819
694
158
3596
1455
3488
1454
1547
5388
4833
1761
3483
2604
4426
4401
4397
2605
1722
1569
4817
4231
4815
5063
5064
92
1812
1838
5051
4857
3435
5086
4699
4689
3460
1063
1341
1361
240
670
2439
31
3793
235
1039
2479
2941
3149
1503
2154
2706
2039
1681
3852
2661
1276
1028
805
2888
4761
2160
2513
1481
2793
2852
2433
180
5398
5025
2170
318
2206
5292
1368
4423
1369
2313
2302
4403
4398
3523
2716
938
5054
2290
4018
4634
4149
3448
4027
5298
2085
4126
4512
4029
5214
2984
1765
3029
4028
1045
3686
120
1889
4479
4475
3237
118
3179
2980
647
3286
1492
1728
3889
1933
3114
3109
3314
706
1946
358
4405
1453
3164
3423
4908
106
101
2377
2822
4260
2369
2221
3996
1317
2233
5168
115
4116
3383
4113
1842
2016
5074
3307
1053
5302
3362
192
2051
2012
225
3373
493
5102
3013
354
501
5122
2399
3001
5034
2937
4073
3442
2585
3204
3132
4139
794
1567
2452
1067
3984
1866
1837
4204
208
1826
2312
1800
873
2404
2994
5135
2597
1766
927
893
5115
4101
1073
4091
2807
2074
4145
5303
1054
2288
2384
1814
1051
3957
3641
3690
5023
2086
5019
822
1702
4060
1600
2346
5194
4957
728
2673
2225
5203
484
718
4657
3203
5217
2339
4968
619
5341
2946
4256
4977
1784
1789
828
2223
1797
4239
4875
1801
2231
5126
3341
1782
2281
3522
4121
4939
2307
829
5228
4872
104
2448
206
5119
5107
3344
3880
1753
323
2774
1771
3693
3043
5180
2759
310
1794
334
2407
643
2276
185
2894
1436
3995
5105
3893
1943
1064
2829
549
5046
5110
2882
122
1708
223
153
2814
2760
6
5060
2875
4952
3463
2506
3962
1740
1754
2887
2866
5081
2550
160
3433
2191
1258
1568
5068
3659
3415
2808
4115
2636
1865
1251
2739
2754
499
4057
1177
2458
4310
4305
2239
437
1552
1551
1949
2985
784
5204
3597
2928
3453
96
2835
2821
5117
2820
5026
2853
3837
2809
3420
1710
5072
3516
3836
4867
3687
4024
2749
2329
157
2738
5076
3455
5125
5039
5149
4171
5144
3668
4022
372
5077
2422
5249
3079
2322
3026
5042
627
3160
2612
1391
2775
2786
3371
3767
5048
2284
5314
5242
2365
1002
3342
673
3391
5098
5095
5103
5087
5073
5040
5053
2859
5120
5109
3450
3509
136
3174
3454
2874
3447
5400
174
4537
213
3175
4230
4846
3673
2182
4062
5114
1068
4606
2353
1757
3004
4854
5307
4055
504
1098
5084
3326
190
227
5271
264
4160
4038
3308
368
3784
461
397
4595
402
4023
2416
4128
4958
3554
3323
5096
171
456
2940
4648
2831
172
338
3556
3562
5111
3764
327
4962
4967
4131
3868
5106
5136
2357
2358
4132
4964
91
3409
4919
4380
5227
4134
5263
4053
571
2266
1554
2602
603
3216
2043
3167
966
3879
4622
3958
4095
775
4559
239
3222
32
2705
2932
3564
4670
5171
4082
4954
5233
5209
4074
5038
3461
3855
3573
5138
5123
2702
4500
135
215
3873
4642
3462
5193
2818
3410
3571
4961
3176
204
220
345
3684
2857
5221
5370
2776
5384
5089
4388
2572
5347
5213
2578
1661
140
4864
4602
169
4963
2847
507
2913
1452
4965
5137
4077
1667
5154
2427
5166
3979
5165
3449
4400
4956
5219
802
3669
5207
3569
5059
4723
3563
3008
2842
2395
4122
5153
565
2812
2934
176
5164
5121
4103
3567
577
5250
26
4096
5134
5160
296
5199
5188
4105
5357
5116
2392
5097
2732
3946
2765
5210
4079
195
3756
5202
5211
5174
4955
5156
5179
197
5198
5127
2815
5216
5173
5192
116
5178
5183
5124
5163
2425
4966
5232
5195
5248
5237
520
5167
2861
2420
2436
2411
5201
4433
4108
5229
5139
25
2935
5152
128
194
117
2817
3452
5101
1065
3118
963
4180
939
4098
4141
3261
5184
3389
5189
5182
5185
5181
5191
5162
5205
5169
5239
5240
5196
5151
5147
3058
5244
5133
4442
4190
5032
2926
4104
5225
3057
12
4143
4120
4233
4076
3153
196
3098
4002
5316
182
2864
823
2869
4154
2816
5157
2798
2933
5047
5268
4075
191
3688
3414
4412
319
3056
3348
4195
1056
3572
5245
3558
3172
3053
5247
2811
5262
3313
24
3163
1060
3977
4415
13
2189
207
3489
2944
935
339
2794
3838
4349
2185
2505
4184
3041
3054
2278
2432
2929
3162
4948
2383
3218
328
4056
203
2270
4668
4109
3494
5387
214
163
2224
4425
4124
2442
2450
4377
4441
2394
2397
3444
5252
4437
2465
2473
2467
198
303
183
1059
3145
931
3586
2301
2400
1076
4951
165
2431
1058
159
267
4059
3981
119
2459
22
326
2406
3620
1443
2446
1804
3451
4855
108
3296
3749
2486
932
3937
107
57
3399
193
3412
3202
2780
2720
3913
512
322
3199
1069
2334
2186
1074
1075
1072
964
1061
23
69
299
2401
1066
56
317
960
2368
113
922
1589
4476
811
313
1070
2387
2352
924
2482
2318
1055
202
2344
2310
102
1047
1590
2438
3915
1019
3615
3574
2718
2188
127
2178
2180
3166
4063
3646
27
3932
375
85
804
2434
2351
14
297
170
179
2363
181
1062
2655
1014
316
304
2414
150
302
168
268
3934
312
154
292
2424
2364
532
2460
307
2382
331
381
827
3689
360
968
3685
2491
1512
88
271
908
4450
1450
3374
3757
2447
1562
2948
4609
3952
2241
164
4851
5323
4123
4856
289
2328
2282
2721
2408
934
2938
2418
2277
166
2421
1018
937
2271
2719
3935
2184
369
4863
1442
4646
5220
356
2174
2405
4847
3843
4110
4839
1021
130
3903
1462
3910
928
2511
3169
2413
129
2011
2912
2076
2633
3099
87
420
2066
2584
2093
427
3634
3137
766
5224
916
2375
4848
2508
2455
807
2449
2501
3674
1441
531
2518
1543
2466
2475
340
809
933
2549
384
1762
2134
2722
1888
3168
2652
3665
4674
2469
2898
2873
2121
3390
109
1038
3388
2040
2443
1459
186
3301
3664
1815
1466
561
3858
5322
5306
1
3752
4090
3676
707
2500
2453
2483
2527
2440
2499
2519
2488
2521
2541
3353
1449
133
2274
527
124
2272
2504
2026
2456
2077
2493
126
4829
152
810
2536
2471
2558
929
915
530
2470
2468
3672
1550
3340
3956
2126
3375
3434
2707
2113
2423
2529
4708
2537
808
2592
4902
366
2149
1734
692
2462
2547
2512
2522
2534
2492
2514
2496
2445
2478
2477
2273
2444
2533
3
2451
528
815
2485
2530
161
2495
2481
419
388
290
1445
2429
1504
529
4748
1485
2263
1501
4562
812
391
1537
81
1023
1008
293
1032
2101
380
385
2108
2531
1440
4133
813
2554
843
3619
306
533
417
421
2523
2516
1437
132
518
1473
269
904
1474
736
526
814
1438
482
1464
1502
274
167
320
1497
5238
1048
5141
495
2175
2931
779
4452
2103
2110
44
2563
4949
2540
452
3111
1476
5226
3681
3679
2686
505
2098
3895
3929
2983
5308
4464
780
1489
1433
1490
1447
1439
1527
1519
1448
390
5337
1559
1456
1478
450
1446
5258
363
2143
483
2746
1799
2147
3783
1964
1171
1463
3846
3396
422
3387
790
33
2914
3357
4525
3249
3585
1127
2171
3827
4614
969
2021
4781
4713
2752
770
3400
3645
3082
330
800
4709
2943
3501
125
1429
3359
3211
3413
1538
2167
2544
4759
273
2164
2139
396
1867
2151
95
2120
367
2159
842
3021
3023
3370
94
2138
3632
4083
2613
467
3833
2964
2084
474
4125
415
1530
3782
1704
3207
282
4821
3985
4557
3598
3772
383
510
4616
1509
1833
1389
416
4795
5267
2107
315
2877
2515
508
2088
462
324
349
1561
3012
1460
3670
4548
2045
2091
2064
370
1508
2555
3219
4558
2111
4643
3005
4840
3002
314
4089
288
4626
4087
2053
3108
350
270
3950
2131
3333
374
1693
5254
847
1763
494
967
4904
4907
1545
4514
4760
3208
3954
516
2810
355
517
2532
1546
1556
2535
365
379
371
281
3019
1495
1035
475
287
278
1526
284
2125
3683
1555
378
2250
2942
2258
2571
2921
2114
294
472
425
100
2704
2265
1803
2097
341
2559
344
283
2557
1536
2062
4202
1516
1044
1823
492
3177
3869
573
1176
1879
373
343
364
333
336
3006
348
3009
1431
276
389
277
2969
2568
788
423
3000
1513
337
2525
311
395
2920
991
942
2528
2981
1467
272
2116
1004
470
286
2545
2099
112
2539
564
3953
2157
3011
2548
387
3055
644
2168
5353
2700
2042
3944
458
4742
3859
3143
2974
1560
3015
329
3930
2953
2966
2141
2949
2152
2128
3060
3141
1178
298
2978
2122
1179
4136
1037
308
3678
3430
3206
3959
5257
2104
3931
2102
3221
534
3316
2135
3427
3358
1160
3951
1173
2177
3960
2581
3653
2995
4345
4830
4460
2962
2262
3940
3636
791
566
2133
3642
2977
2971
2136
2993
2115
2917
2155
2148
2140
2153
2988
3110
2129
1881
2117
2145
2137
2132
2166
2925
4834
2158
3135
3115
3886
2918
2130
3034
3320
2958
3100
971
2146
970
2119
98
3332
5390
2094
5261
2106
2986
3062
53
3968
2950
2144
426
3335
4826
4159
3061
4800
3069
2922
2923
2142
2096
2919
4783
468
3129
3159
2916
1036
3624
2087
2156
2041
5319
3083
4792
2771
3033
3103
3575
2075
2176
3860
4818
2761
3095
4803
3059
3155
3367
4150
4100
3961
3230
3405
3970
3753
2215
3883
3740
4743
4852
3730
5395
3649
3718
3945
5397
3722
3943
4825
5360
3293
3875
3337
5275
3854
3186
3299
2173
3356
3380
3350
3842
5264
3355
3300
3790
4147
3947
3666
3421
3920
4175
3273
3618
3376
3633
3963
3976
3721
3185
2791
3955
3878
3677
4348
4754
3352
72
3723
3874
3777
2015
3791
3393
5344
398
3948
3283
3030
3231
3762
4546
3675
3392
3364
3941
3938
3305
3365
3964
4157
3966
3720
5253
3303
3902
3346
3969
3306
3096
3401
3967
3302
3394
3909
3382
4142
3351
3325
3936
2777
2930
3660
4181
3398
5255
3840
3407
3165
3384
3939
3580
5311
3818
4538
4916
4909
3766
3928
3680
3890
3317
3146
3881
3785
5392
3338
4040
3385
3318
3841
5377
5394
3627
3309
4054
4566
3637
3102
3927
2915
3993
3651
3347
3397
3713
5340
3232
3655
3215
3395
5299
4381
3776
3849
3106
4153
3075
3885
3292
2785
3744
3746
5278
4228
5381
5334
3280
3717
4927
3765
3609
5293
3975
5297
4669
3887
3031
3801
459
3888
3834
1717
3734
3616
2731
3751
3716
3623
3796
3754
3797
3982
3417
3622
3792
3735
3635
3631
3989
3621
3418
3737
5324
3802
3761
3582
3805
3992
3819
3663
3425
3182
3047
3285
3032
4434
4926
5332
3839
3234
3255
3994
3224
3821
3820
3867
4135
4118
3139
5277
3576
3066
3768
1041
3759
3799
3808
3480
3402
3748
2748
3750
3617
3719
3787
3942
3183
3990
4036
5333
3794
4031
3213
3770
3798
3813
3809
3223
3330
5335
5260
3065
3161
3331
3107
3128
3236
5373
3864
3256
3884
3925
3408
4033
3579
1106
5281
3243
3281
3072
3239
3771
4032
5321
3896
3788
4039
3436
3742
3806
3217
3803
3238
3088
3220
3270
3242
3816
3240
3482
3241
3778
3268
3811
3248
3800
3795
4010
3481
4005
3769
4019
5270
3200
3265
3271
4564
3209
3081
3905
3807
3812
3251
5280
3891
3050
3252
3205
3972
4064
4044
3067
5265
3042
3577
3814
3201
5269
5279
4382
3245
3068
3266
4025
4003
4013
3048
3076
3260
3810
3247
3080
3038
3049
4007
3254
3267
3269
3037
3077
3196
4021
4051
3195
3119
4004
4066
4014
3779
4015
3257
3191
3188
3277
4193
3094
4037
3278
4187
3493
4048
3087
3275
3279
3272
4034
3045
3974
4043
4050
3070
3973
3193
4065
3898
4201
4539
3971
5276
3497
2764
2701
4045
4545
4041
4047
3073
4042
5338
4046
285
3264
3904
5343
3906
3897
3848
5291
3743
4049
3192
3901
3328
3643
5361
3587
3329
5310
3327
3644
3583
5393
4656
4704
4449
4504
3780
3732
3422
1057
4289
3741
3324
5287
4628
4683
5309
4811
5355
5369
3404
3629
5358
5352
3850
4823
3908
3917
3907
3613
3612
3601
5330
2795
4757
3747
4498
4838
5366
4779
3760
3628
3870
3871
4556
3657
3600
4802
4583
4810
4712
4787
4581
1000
4816
3862
4675
5389
5342
5290
4827
4503
1003
3851
4819
5326
3755
3625
4812
105
4770
2209
60
2081
62
4809
3626
3733
3640
4637
3724
3639
3710
3844
3731
4508
2723
5349
4808
4536
2724
4582
2778
4568
4535
4510
4832
4521
4794
4528
1052
4543
1015
4527
3588
4587
4796
3847
4711
4744
4681
2105
4835
4822
988
2216
4738
4621
4663
3845
4554
572
841
4801
3709
3861
1813
2172
4555
4576
4597
4580
3826
4652
4596
4784
4604
4745
4706
4612
4533
4655
4756
3707
3829
4550
4631
4598
4755
3828
4659
4600
4660
4662
4724
5288
3441
5346
4665
4790
5380
4589
4607
4619
4650
5329
4685
4534
3825
4645
4734
4531
4578
4572
4693
4560
4700
4725
1017
4676
3611
4590
4588
4701
4697
4352
4680
4664
4694
4666
4532
4640
4610
4630
5327
4715
4632
4639
4654
4618
4617
4726
4565
4746
3440
4692
4526
4624
4529
2703
5296
4524
5315
4727
4530
4651
4633
5301
4567
4641
4625
4753
4805
4571
3606
4766
3605
4765
4777
3504
4768
4747
4749
4573
4786
4717
4797
4773
4782
2124
4764
4522
4793
4785
4776
4789
4544
4729
4721
3823
4763
4592
4611
4771
4737
4772
3824
4741
4775
4752
4762
3648
4591
4758
4751
4718
4740
4720
3589
4736
4520
4519
4719
4517
4730
4518
4523
4574
4750
4735
2078
4584
972
2112
1760
2089
2095
2034
2036
582
1005
537
1111
42
759
785
1175
2048
1736
795
476
1482
443
752
777
76
2639
2220
67
993
2608
1246
2662
1115
2588
2603
2055
990
579
2593
998
2069
2666
1587
2022
2657
2630
1957
448
2243
989
1128
2246
2635
1145
1996
1563
485
1113
1144
994
1834
1843
987
2641
2083
1752
1180
944
2079
1141
1183
1007
478
1309
1525
2625
401
1793
2677
2674
589
1181
1148
1384
568
2615
1735
1277
1373
583
1365
1162
613
1333
1330
2582
1143
97
651
793
1951
1336
2005
1775
1862
1138
1345
1989
1899
1161
945
700
1977
1133
433
1334
749
1493
1155
1159
8
1158
951
1123
1169
584
1154
591
1743
394
691
946
1335
2623
1012
434
1137
769
1935
560
1514
1119
796
1020
1764
1151
2566
1908
522
1126
1586
392
765
778
2640
1285
1991
1157
2680
2610
1342
2600
1308
996
1958
1395
1372
1146
1351
762
39
977
1165
1149
1150
1163
1117
2751
982
947
985
567
1348
89
1134
789
849
1135
1168
393
1354
1498
1364
1344
1807
1129
798
464
1316
1795
469
1756
2628
986
574
1114
2627
477
1770
554
586
1528
772
952
593
1034
576
1085
1759
90
685
602
1088
1835
1280
1103
1104
950
1136
1125
544
1791
1488
539
855
1139
1142
597
1393
1355
587
581
856
2618
1118
538
953
1339
553
2599
1282
1116
1340
403
1324
453
1390
2590
409
84
771
1314
716
1124
1400
1386
1755
1343
760
1737
1410
2080
2001
2007
686
2586
575
797
689
542
851
1401
569
1387
1398
713
1346
1394
1411
1705
2643
1533
1360
556
1353
631
625
1367
649
1427
1802
1356
690
1379
684
1109
2685
2621
601
580
1816
1747
2006
702
1011
737
592
735
1876
1844
1808
1093
1558
1405
669
1329
792
1707
1089
1798
720
1698
2670
1821
1388
2238
1518
2244
557
1701
1094
1402
1774
1332
1397
2679
1376
751
93
1406
1392
678
1494
1945
731
2681
585
2671
1780
1366
2659
1776
1419
681
2697
712
629
1909
641
1399
1403
1352
2018
590
2676
400
1706
407
446
2008
479
399
607
541
548
1885
715
844
1748
626
1404
1790
1768
1422
2629
633
550
699
1420
614
617
1699
1363
1096
1544
1412
2029
1421
623
758
1749
1417
1781
1358
726
1414
621
1409
429
1426
2650
711
440
1542
632
1302
547
2672
5
9
1086
412
1396
746
744
620
552
2675
738
1696
588
1758
606
2607
640
1323
559
596
624
1311
2684
1423
1415
449
1549
639
435
408
457
637
1312
19
1564
1408
444
546
725
1557
635
2575
428
447
413
608
1548
616
2247
1313
430
1700
2653
2654
2692
680
764
2658
1694
598
442
748
466
667
638
653
636
2576
455
406
630
2
480
1425
628
634
432
405
642
545
1553
441
1310
410
404
473
431
2574
1424
646
645
411
2565
1413
1095
745
729
724
743
1738
730
733
753
1307
679
682
2580
2690
754
763
2669
661
666
2683
732
742
655
1523
2068
723
1306
747
757
677
698
696
664
703
739
2689
722
2694
708
714
756
734
2678
2664
662
658
721
709
701
2687
657
695
1304
659
727
663
1284
704
717
719
1272
1287
2649
710
2248
1283
697
1891
2646
1878
2583
1256
656
1305
2651
2648
1292
1270
2090
1281
2668
1252
1300
1301
1290
1238
1218
1247
1203
1289
1202
1299
1296
1298
1303
1846
1999
1140
1848
1217
1731
1294
1965
1214
1297
1262
1279
2579
1732
1854
1982
1267
1850
1983
1997
1992
1288
1213
1830
2047
1968
1291
1245
1858
1286
1255
1920
1240
1201
1010
1231
1293
41
2023
2072
1903
1831
1925
1839
1913
1978
1990
1892
1993
1199
1237
1971
2642
2070
1941
2071
1856
1230
2082
1198
2014
2004
1974
2063
1265
1890
2002
2249
2061
1981
1236
1963
1986
1931
1929
1083
978
2049
1875
1097
1087
2028
1961
1970
1228
1006
1962
1972
1900
1264
1976
1995
840
1924
995
1940
1911
1994
1966
1921
848
1225
2009
1984
957
1910
1239
979
1987
1980
1912
1870
2056
1187
1733
1939
1917
1215
1220
1233
1930
1918
1985
1874
1955
1975
1954
1013
1934
1907
1906
1191
1253
1919
1923
1254
1973
1100
2057
1869
1082
2059
955
1871
1901
1932
1950
2058
1902
1186
2050
1944
1188
4
1877
1898
1897
2044
1922
1185
1942
1948
1206
1969
1967
1081
1960
1988
1938
1998
1904
1227
1928
1108
1893
1952
1229
1207
1222
1915
1224
1916
1905
1947
956
1232
1242
1122
1241
1195
1249
1110
1894
1914
1937
1194
1192
1211
1212
1132
1209
1121
1193
1235
1223
1927
1226
