67
74
70
82
59
96
90
73
89
275
270
290
177
262
5418
16
266
283
259
282
2844
269
252
260
58
15
280
176
287
5421
277
273
281
66
2837
2495
292
2491
285
254
65
1702
175
2497
99
3247
4084
1678
2488
4624
3777
511
1744
460
571
3496
3019
2576
83
4698
103
3045
2192
1687
1700
4659
81
3430
4074
4082
4
3436
4665
4327
3446
288
2493
2285
583
3600
5628
3424
4091
5426
3516
1708
2489
60
274
510
178
4279
4350
1738
17
2833
3445
3358
1086
2198
4278
530
92
587
4619
4351
5415
419
2990
3591
5423
2798
4622
4363
4313
3111
1735
1424
4433
4389
3780
2050
2788
1030
291
4632
2517
4964
1699
4297
2801
595
1749
4298
2148
2126
496
4094
1946
1248
1026
4056
2817
2191
1390
1667
3242
520
1668
5159
424
521
3592
1362
625
4283
5788
5147
2848
596
2840
5754
1429
3539
4836
18
1719
4271
1686
3991
2765
2787
2178
5779
5743
1693
4019
1561
5775
4338
3531
3499
3229
5150
2135
4046
1546
5651
4103
491
4301
401
1733
1209
504
2138
3509
1367
4079
5687
4040
588
4367
3517
4054
5025
1522
502
1351
4284
3454
515
3603
3507
5414
4604
2187
4264
789
1387
5075
5772
3178
3418
2139
2698
4196
3488
5161
5669
5125
3243
3314
5104
1127
4182
2242
4379
5620
2642
2773
2063
1957
4386
1649
1247
636
4956
2821
5777
5690
322
3256
2226
72
5
3333
503
3018
2811
5853
4517
4835
4332
1554
2815
2816
3570
1569
490
5693
1532
5088
2827
3625
626
2825
618
5715
5749
2838
5678
3761
5741
3305
2222
429
1047
4513
5656
1627
5776
5630
5732
5736
4011
14
4971
4874
4356
4875
2215
5202
4348
4948
2287
1948
5074
125
3294
5145
1438
2208
120
1082
3754
4374
3578
4063
4464
1085
3068
1450
1523
1439
5103
1513
4038
3820
5093
4310
3051
1379
1555
5627
575
3763
398
1451
4314
4085
3230
2156
4349
5054
1138
2310
5207
4273
241
773
5623
1144
2847
4742
7
4825
4824
294
5392
1773
3682
4696
3900
4734
1201
4771
4788
1901
5535
4784
51
87
4865
4697
39
4758
2519
2503
3322
2500
4718
3827
1645
4712
19
1657
1666
5432
5639
3535
3953
5428
4497
1846
956
2438
768
1880
1925
974
2872
53
3930
5433
2590
4777
3327
2445
257
265
3176
2568
4719
4781
4748
1932
130
56
1899
68
3175
3164
1840
4668
21
4817
1815
5371
5519
4772
1803
369
920
3564
2059
1829
1861
1769
4654
2533
5369
3037
2440
3541
5477
4952
5580
5567
5424
5425
4536
4700
5431
1494
3184
85
3308
649
1006
1549
5400
5393
3910
2069
5361
22
3039
4785
1927
1926
4684
601
5484
461
1332
4660
2513
2120
1027
1560
5791
2690
2223
3954
3300
1596
1999
519
4599
3030
3608
5794
5774
699
500
4366
5603
2157
1753
3653
3452
1908
2696
2764
3748
1122
1709
3793
1496
514
271
2179
1675
2233
1730
1289
4940
4611
3434
1097
2693
4153
4089
5769
908
1679
1689
1413
864
3789
4821
4582
2822
80
1004
1010
1845
2431
4815
1804
1960
472
5903
3681
2534
10
1959
929
5384
1844
4766
1297
3899
1785
4761
5461
5686
1742
961
4793
4725
2529
3560
279
4773
672
1715
3931
3936
4757
4702
5372
4779
5758
2458
3527
4733
371
183
4802
2824
1851
3441
1930
4638
2657
443
4200
4790
4765
2548
2555
2441
368
540
1931
5905
4183
3720
295
5373
152
5462
331
1789
49
1952
3449
2457
4131
655
2136
4362
3455
972
988
971
3440
1933
3377
3826
3947
5370
4466
3087
967
5019
2001
1834
921
4728
4805
3809
4580
1020
2572
4115
1200
3614
5022
4756
105
564
569
4860
1825
4853
1853
3023
936
2036
4690
3888
3193
1859
1854
2560
5350
1291
4857
5023
4754
1827
1921
5641
1892
2067
5697
2472
20
63
969
973
952
4207
2939
4194
5914
5327
2549
889
1977
377
709
633
632
1968
5316
2567
203
4220
4213
4727
2528
244
1641
3825
948
1606
979
4245
1770
673
40
4723
2403
5480
2573
4762
2566
2554
4760
2584
193
5362
4687
5688
4791
4811
933
3311
4776
3941
145
5551
3918
5660
2674
4685
2545
5383
882
1810
3278
4877
1879
330
796
4959
4751
5403
5181
4747
5142
4778
3952
5828
5363
3812
2539
2540
150
1913
2439
5379
3932
3924
473
949
4931
2432
5377
754
4125
5319
4796
5498
5624
5625
4012
118
809
1446
5036
5117
3501
5053
3241
5904
4108
4068
5133
1182
1514
5343
2766
3341
3776
1907
2253
109
4479
2902
3074
3345
1132
4471
5052
2182
2974
1725
3951
4371
5757
5061
1415
1370
5764
5141
5017
3538
3321
2921
5471
3992
4021
863
3187
1677
4077
1403
2516
600
2195
3782
3024
5378
2981
5531
5459
5517
4906
2281
4263
1410
2664
5389
888
2889
2940
61
5010
3852
2543
2496
4850
4716
3127
3055
3749
3223
86
5355
3096
726
296
3119
4703
1181
4706
1524
3435
4133
1656
3737
5460
4955
2596
1015
1009
3162
5857
3855
3854
3946
3192
513
1824
1809
122
2437
1818
5496
5823
1860
4866
3683
5491
5374
1841
100
1801
1850
989
1994
4683
3893
5694
5691
1778
1777
1776
1791
4343
953
831
5483
778
5588
5552
5500
2426
50
5420
4695
4699
977
2575
2559
3882
650
323
1807
1852
5915
960
1988
2428
1798
4786
1806
980
556
361
1808
3760
997
4792
229
444
4869
4941
4970
1821
930
1877
1855
1813
1870
1790
1835
1868
1820
1800
932
1882
5824
1885
1802
366
1819
5481
4922
2464
5594
4569
5352
2619
2407
2570
2985
958
1396
1986
1780
5798
1245
2618
578
5486
3911
5797
1832
2731
1917
2882
5575
1562
3334
448
660
5528
42
5294
301
1934
4917
994
1310
5386
945
75
1823
1830
2054
931
4787
1763
1929
1928
2452
2907
2544
492
2627
112
996
3126
3874
3875
2873
4910
3273
3482
1468
2964
5331
758
1793
2938
2084
4689
4048
668
4441
1005
3585
2553
5302
3166
1858
2512
543
2267
2449
3828
3983
4261
1752
4705
5465
142
1031
3948
2952
1961
2094
5851
91
1826
3293
2565
2562
4856
2443
2448
4911
2461
2550
4783
1401
5340
1471
905
2973
531
2429
3665
4446
3957
372
4563
2922
2450
3521
1837
4222
638
4230
1784
3860
4568
5482
333
1303
5375
3892
302
5725
5920
2595
5120
3388
5290
981
3981
3982
3059
965
2018
5007
2014
4801
5356
3694
1509
1953
4461
3197
2453
2966
3734
3814
4201
4576
3484
5326
4240
1857
324
3012
2133
4717
568
71
3429
3866
3816
3419
2918
1011
1954
1051
3267
5680
364
4681
4267
434
3326
4377
4543
975
2771
215
881
4450
2919
3744
3725
3276
4508
2895
4447
2085
5144
5475
944
1545
4800
2558
2937
4132
4858
4128
1000
4981
5334
1534
3867
2661
2633
2574
3151
1872
937
2592
4774
3745
5813
5605
5599
5184
5347
2607
573
1290
2265
2879
541
3448
2626
1486
718
5447
1374
3909
5134
2239
3214
1971
3163
879
1574
4780
5323
4797
5197
5556
2424
415
3312
4126
2982
5076
359
5673
963
3857
5151
3219
892
4492
4901
2926
5695
5893
4223
5466
2963
2969
4859
719
5446
3824
661
5512
622
3021
1817
3338
3202
1924
2978
9
2476
4130
764
4234
1113
3670
2377
396
2885
2006
3280
3885
1976
5175
3627
2257
3975
2582
2462
553
5000
1936
3208
2406
2934
2159
2066
4216
1996
938
1796
5592
4645
2095
2672
5221
1255
1167
858
877
5529
4894
4058
124
5783
4715
682
1745
5037
4542
1128
698
1520
2823
5899
293
5233
2992
2641
4428
2683
4426
392
525
5723
315
5740
2800
1190
4152
5227
5645
2
802
576
1718
3640
617
4481
924
2819
1111
582
5677
3523
2300
4648
3562
2119
106
4069
1137
2487
3698
518
5859
2863
3819
221
2864
593
5681
5662
325
1618
3858
3877
4662
3721
1292
4637
4211
5657
3073
1652
1620
1797
4170
1057
4578
992
4177
4448
1260
4626
2412
2410
2841
4251
3520
5912
4672
526
5702
1720
5735
3471
1508
1867
560
558
5492
213
1191
3473
1876
5225
5713
1619
4218
4445
1884
391
2809
1644
1878
570
1739
1747
4600
3469
4233
5642
3573
2853
3474
2542
1722
4225
3938
1104
5670
1075
3565
2869
230
5825
2393
4307
3086
1838
2586
2972
4296
486
5631
3943
1046
1044
5891
4883
759
239
441
2890
1072
2530
694
5786
2409
436
4590
4407
1519
447
4304
4388
3084
883
716
3836
5488
3038
5057
159
2656
4991
2436
2427
487
4639
1937
5495
4581
3757
3756
4596
4852
344
772
3659
1288
164
1764
551
1008
5526
766
140
1480
2442
2430
3481
3680
3299
218
2463
4670
5844
1646
5701
5485
2009
4636
1590
743
669
3467
475
4926
222
891
1712
5806
1625
182
1958
4530
2850
3823
5448
3829
533
4594
1729
3662
1003
5203
5792
2435
173
5559
4977
3285
2402
528
1023
2481
278
1839
224
2910
5889
3438
1302
4004
2868
1849
3575
5329
5835
1775
2507
5258
5360
136
268
4885
545
2995
356
4587
613
5230
620
942
645
1663
5189
3053
1366
2470
4552
35
1199
3605
4933
2444
984
647
999
3288
822
5507
337
5192
210
1812
267
5193
199
172
1990
895
1681
476
919
2943
1304
612
431
3849
5868
2047
149
3534
2970
3916
4996
3401
3906
5005
2669
2951
1684
2378
2387
3837
4707
5848
1781
4163
2737
212
336
2113
2979
915
904
4525
581
3526
3959
4890
3458
5900
927
5385
3994
165
2638
4898
5547
2924
750
4478
2386
5817
3622
3903
4726
4498
5381
1848
1794
1831
4249
1178
5013
433
2883
2968
1919
1985
4188
5490
5101
3284
3138
2552
5155
2732
2447
3033
5333
1942
2538
1762
1903
2744
5546
3511
1822
4872
706
3817
3895
1050
5724
5149
2625
1673
2473
2537
878
4259
349
2597
4413
3529
2271
3002
5895
4730
4320
1767
3132
2479
2477
3220
2884
2977
5394
5396
2971
2622
1974
4286
3464
4864
4109
4159
3394
2360
964
3065
4997
2933
2356
4573
3118
5479
779
1920
577
195
803
3752
5346
1501
4003
1995
2613
3393
1611
3209
5910
2637
5875
4855
5473
760
2060
1696
896
3912
968
2370
197
4238
3718
5574
2680
5489
5387
5501
2579
3421
1195
753
1143
4882
4849
720
4553
2381
2466
4007
2976
4390
4224
2695
1918
3376
5816
5653
3466
4562
5312
4324
1258
1967
2949
3363
1540
4235
976
614
623
3580
4365
3567
2722
3457
1551
3031
966
2947
1914
4499
2399
1196
2296
2397
2651
3705
5174
5553
1756
2655
3032
1862
4631
2467
4228
55
54
158
2687
5710
3571
5304
5320
2456
3198
4121
5750
5187
5658
2692
5659
1536
2501
4316
455
5065
2608
5520
1935
1842
5787
2278
2480
5310
2247
4306
5635
2719
1024
2116
1710
998
187
5148
1321
5576
3919
3810
5474
5499
522
5186
1365
3802
4904
3639
777
1593
872
3808
3695
78
2034
1761
38
5549
3842
3079
4015
5441
4538
143
457
2358
1516
4308
4975
2505
4383
1112
5476
1421
1358
5313
2331
445
4838
5136
3317
2371
5395
524
4035
2408
3462
4410
5811
2942
1624
1322
3460
3950
4899
4574
897
5267
1587
825
3689
1635
4930
2398
1617
5003
2244
4180
562
1659
4794
1518
5809
5353
2401
2858
1766
5810
1079
4416
1662
5399
1755
3722
3727
4010
3647
5388
5558
769
1704
2455
3638
5001
4978
4370
4539
77
4722
2373
4309
5511
3572
2866
1552
2405
1115
2877
4658
1595
3908
2352
1962
1736
2096
4369
5325
4667
3134
2422
2016
3357
3146
1979
3179
383
2571
5730
4663
3372
2465
1423
1765
3646
3700
4415
3650
3320
44
3078
2945
4009
1243
2019
3359
3313
1965
4746
4994
4942
3186
4666
1207
3934
133
3686
2948
2394
941
4750
5555
3796
2348
2454
286
3103
3009
3076
5286
129
4491
2520
3743
4319
3120
2645
3330
4739
2635
3569
4664
5139
151
2268
3979
5762
2250
2702
3216
2531
3753
2270
3939
4406
2961
4854
2395
2328
1173
2474
2603
2648
110
4414
3189
3101
5522
3708
3147
2280
3942
3731
3960
3325
5584
3707
5703
3933
3830
135
4494
5572
3013
410
3869
3701
2263
4052
2469
2235
3010
2923
547
1203
3261
5745
2631
1244
4848
5664
3561
4030
4449
666
4628
5897
5665
4526
4822
219
5571
5902
2027
5376
2396
3070
2365
2611
5663
2375
3263
4878
3890
5231
4247
5504
2055
397
5829
5722
983
3576
1017
1357
3602
3173
5908
4511
3596
4844
2368
894
546
3396
3041
1653
1285
1432
456
1580
5277
3412
4564
4095
3696
1460
5171
4424
3487
5833
5807
3920
2598
4888
2616
1528
5854
1916
4547
5229
5516
2026
3090
539
5494
5840
5886
5721
5874
2591
2602
2367
717
2355
1484
3593
5307
5683
5861
2385
5487
1525
5646
5524
4295
5849
2390
2010
4647
3266
1904
1458
4300
4312
3693
5348
5711
5158
168
3152
5503
4229
995
3281
1197
2245
2471
711
2799
5820
1284
2400
4375
3676
3139
1695
4558
1189
5540
5278
2391
5541
2359
3719
5637
1077
3104
2115
1787
5864
119
5738
171
477
2606
1783
3514
144
5622
5692
139
2929
4137
1993
3177
2967
4360
3554
5626
1495
3822
3343
2180
2249
5917
3887
417
5841
1180
2255
3732
2212
3439
3669
4986
3590
2342
3648
2624
3630
4135
32
1080
3738
5834
5024
3355
2337
2392
2295
2380
1308
2351
2035
250
1098
132
1527
2604
2384
4396
2382
5845
1124
2383
3865
373
2093
2221
3121
5095
2325
2955
4176
4161
2925
3536
3211
2326
1572
1915
1276
2379
1070
2111
2282
3557
658
3843
5563
202
400
3626
2522
5179
4294
4361
153
2023
770
1286
376
2389
5790
3598
2038
2374
2308
2388
2372
1158
2313
2294
2254
2361
1319
2369
33
2117
4830
4829
2376
2314
5883
256
1923
2277
2899
2891
2309
2324
2204
34
2874
1940
0
2341
206
411
5311
205
126
261
765
28
2364
3117
850
3713
1795
3270
338
1724
685
1956
258
2264
2614
4412
2581
43
4630
4331
5909
2423
2118
2343
2302
2317
1713
2205
1198
2112
2332
387
2089
2913
2188
1621
1175
1119
4419
2272
2521
2266
2273
69
3342
2413
88
586
886
2954
4609
2904
1737
2703
867
4918
3200
1254
3584
1535
5878
3408
5497
2867
2946
3671
3811
5296
4212
1671
808
4192
862
736
5682
4731
1101
497
4483
870
624
5458
2110
2002
2276
3069
2236
2915
2279
1541
2269
4336
5422
757
4732
5568
1782
3519
79
2274
4886
4546
1734
880
2298
4422
2887
1485
899
2662
991
1705
2912
4963
4903
3792
3579
4551
1633
3609
4843
4303
170
2903
2362
2673
1972
4384
4916
5804
1081
713
798
4548
5815
1278
1355
2003
3077
804
763
2262
2854
97
2856
2339
5877
36
2203
4317
2248
2944
2043
2286
138
1911
2880
2293
1992
2260
4554
5382
3513
5521
4651
1674
2588
827
797
4171
1179
2411
2857
5208
5143
3649
2986
5324
3231
2551
3841
357
5632
5089
2958
3566
3004
4257
3894
3468
2058
3742
5564
2797
4541
2098
3011
3422
3633
4738
1941
1991
146
2957
4937
5012
2330
2875
2099
2091
2088
5317
1206
2936
5554
4469
4845
4908
3450
2158
5259
3949
3020
4501
4620
3373
2652
3815
3927
2057
4522
3673
2086
2004
498
5557
223
5303
5523
5818
1464
3807
5718
876
5866
3213
184
2901
4190
2087
3260
3637
2041
3905
1204
8
1550
5887
2071
2237
2261
1998
180
52
2246
2075
5248
2077
3813
2082
3003
1183
2177
2258
3271
2109
2081
2090
2061
1069
2931
108
194
901
2053
1944
2186
181
2175
1076
2930
2893
4376
11
3215
374
3606
4217
1186
1001
4114
4710
188
1096
4470
985
4246
2605
3047
3612
3406
2748
5739
5759
2105
5685
4418
2080
2251
2070
5727
1943
2079
1205
2097
1945
2083
2169
2073
2415
2076
843
234
2220
190
148
2344
2029
238
2996
2064
2231
1187
2318
123
5533
3546
2705
2670
5610
2045
2005
5805
2338
2414
3604
3583
3196
3085
4992
2196
2909
23
2252
5330
3525
160
1016
3891
2037
4500
728
5684
3099
217
640
2504
1194
1192
2238
1142
3029
2297
2039
1013
1202
2303
2017
2353
1185
3201
2065
788
2072
982
990
2366
2329
2417
2030
4440
31
1188
128
2346
1176
27
2345
5472
2137
64
2644
2128
1193
4253
5565
4682
416
3634
345
4231
703
5282
5525
1309
4237
5831
5238
1331
1295
1002
3898
681
767
4280
2333
192
147
2354
191
2340
2363
1073
343
2347
209
2327
1636
2420
26
2900
489
2349
2048
1456
2665
488
204
3750
2421
2419
3171
3122
4185
634
2357
2350
342
2617
3739
2210
1095
585
407
1521
2908
4528
198
4745
3390
4973
1347
334
2416
24
5274
216
1950
3636
5832
3399
2563
5455
4031
115
1147
237
2689
166
2321
1118
2418
2623
3996
3995
1416
2312
2615
2404
2307
2589
916
2316
420
2956
5306
1021
1982
2629
2585
2668
2898
137
2757
597
2056
2022
2322
5456
898
4215
2870
2871
2905
3008
2663
426
5200
3389
3490
131
4037
4621
1338
826
3553
3651
3710
4232
3800
3726
297
3303
167
4189
2678
2232
1978
3167
228
5188
2323
2025
4181
2335
98
2311
2896
2299
418
5633
382
1517
1153
48
4409
2997
4265
25
2888
3644
4352
3498
3491
756
2229
4400
2225
102
116
4393
2911
2920
782
362
2509
4299
1083
3249
3100
3307
4593
918
2028
3183
5297
5337
403
2024
30
1300
5315
134
329
2103
352
2315
4421
2306
2660
4064
2917
2290
1731
771
4385
421
2291
2334
2289
107
821
5309
2336
2320
3709
1356
853
727
5359
2140
3142
2174
842
3148
5595
5287
4042
5283
4900
3955
3153
690
5130
1316
3415
4368
340
5110
320
2130
1909
5121
1428
2199
380
1348
2710
2078
1470
3628
2101
2102
2284
2304
2104
2292
3617
2243
3621
1473
2100
4378
1910
2161
2305
2206
1324
2124
3913
1089
4325
947
2319
3040
2049
4394
2224
2684
1139
5006
3723
471
3204
3295
752
4062
1507
5300
5328
3349
1697
1981
2878
5838
2015
3036
2032
3494
3133
1537
3199
4679
4840
1361
4954
3978
559
5763
300
2012
1723
2168
3203
4680
45
1647
2621
4566
4107
2145
5591
4847
1500
3001
1467
3136
913
5509
2151
4984
4174
4104
5799
4154
4155
1233
248
4227
101
1698
1074
761
1816
1454
1728
704
509
4980
516
5582
3397
5720
4652
544
3014
3442
3845
1661
2176
4454
3512
5454
5714
3956
2658
1573
4120
4344
978
3736
3206
3015
1066
482
1786
2230
2965
1912
1543
1566
5245
2679
4945
3275
3098
3788
2600
4597
5615
4714
1018
5858
3677
2960
1359
917
5712
5508
5852
3129
4395
1133
5341
4118
5237
4713
733
2240
1059
327
4979
4034
5358
3657
5744
3935
1168
4006
2185
2475
1170
3733
3846
3704
819
4887
751
5579
4946
5873
3921
2610
846
2153
5292
5457
2193
3356
2062
2241
3993
1022
5882
2172
4535
2184
2897
3174
4013
4060
2667
3116
2697
3181
5314
3169
2107
4008
875
4837
3144
169
5734
5837
5545
161
3611
1363
251
2482
2033
1381
5191
5871
1165
1394
3684
3071
4938
4129
3161
1354
1275
1273
5515
3135
5573
174
2654
2987
2234
2165
3262
4127
4134
3108
3188
2671
4122
5566
5826
2288
2108
3269
189
5366
5827
5839
2106
341
3306
2301
1433
3159
2213
3195
3222
3365
2583
3205
3102
857
1149
1987
2190
1479
2569
3056
233
2688
4252
5609
1380
3351
5543
5892
5709
852
3143
914
4119
2194
3185
2228
3109
2214
2202
2201
3194
2166
2218
5569
2219
5534
2211
3329
2173
3172
2141
2217
3165
2468
5611
5577
2189
276
5342
5604
3128
3190
860
3207
3309
3106
5339
141
2460
3131
1123
3180
255
2142
4976
3328
2691
2227
2183
1211
940
3112
2620
1350
2640
1140
3225
5538
2216
2941
833
2167
851
354
2802
5365
3123
2143
2200
2134
1539
1346
2150
2155
3115
5438
1364
2154
2914
1369
2209
2144
2122
3191
3156
3113
2170
3257
4124
249
5583
3000
2609
4116
4112
5593
2131
3254
2011
861
114
5661
2132
3258
207
1376
3255
1177
1558
868
3274
3323
185
284
111
157
3170
1344
4110
1372
3264
2523
388
2123
2518
3124
1345
243
5619
423
5614
179
5618
3226
3005
2999
263
5621
3149
2181
3110
3157
3125
2892
5578
865
5602
242
4123
3137
3160
3217
5598
5550
5607
869
1368
3097
5587
321
201
1184
3361
5349
3046
5590
832
2682
841
422
3043
186
2998
425
3140
5562
427
3007
2594
1067
4106
1164
13
3768
5570
5548
5616
5617
5589
236
5544
5561
5581
2677
5613
2659
2916
5608
5510
3212
5597
5429
2675
225
3332
3182
3265
3168
4453
3210
2906
4113
196
1019
3297
3335
163
748
4919
866
3006
220
3331
214
1384
3060
3364
762
3347
874
2494
5427
1007
2587
2927
1385
1156
465
1130
5443
629
5442
435
3336
2578
871
200
535
5585
3337
3762
2647
2630
2980
363
2676
2502
4100
3
5644
4550
3907
1025
849
4555
1983
2650
1650
829
3740
2681
4032
3661
2708
1966
2152
2197
5921
1436
2031
2983
4560
2803
1084
1453
1353
3902
1105
3089
1444
1435
5850
375
4397
351
3130
3310
231
399
840
5872
2628
2685
3984
1174
264
1788
1012
430
3985
4721
2162
2953
5649
579
1360
5728
1148
1160
2146
389
2726
2127
1391
1088
1227
4678
4117
1970
5705
2709
5449
5737
4601
5638
1548
2727
232
1212
2149
1906
1107
4598
1151
928
326
4256
3346
350
3803
4627
4565
4333
4913
1905
3672
1375
3712
4614
3238
787
957
3896
1437
1087
5836
3834
5527
117
4549
1068
4879
1373
5430
1383
1445
806
5437
856
1665
3508
5450
817
3940
5867
57
113
3360
1404
1443
303
830
4589
4532
2752
1707
1242
5345
4929
370
29
2794
1253
5612
4136
5047
3724
1989
5785
906
1352
839
1280
1634
1210
3987
893
807
1045
3937
1419
4999
5672
859
1441
1172
824
4444
3717
1388
5689
1392
1078
844
1271
2129
2894
854
1393
1389
845
1246
1683
2886
3052
1395
1398
922
4044
5586
4567
1371
834
1162
1251
4583
3344
823
1448
3058
6
5855
1455
1382
848
1120
1951
1442
1805
4968
3259
1272
1491
838
1623
2040
2928
3239
4701
814
47
2147
1431
815
2164
1407
2163
1090
2485
1065
1488
993
2160
1411
1402
1377
1414
1533
828
1406
1466
5708
1408
4427
2044
1121
1161
837
1418
5452
1378
1463
816
912
1963
1417
5733
5890
2020
1655
1452
5332
5654
590
3064
3304
5451
4677
484
1034
1680
1422
939
5135
2634
2052
1125
3057
2207
1386
1449
1400
1106
1427
1091
5650
1235
1409
1426
1228
1476
2694
1259
1237
5751
5752
1249
1213
1214
781
508
1461
813
5542
1150
1064
5746
734
1489
2121
5729
5666
2818
1219
2599
5634
1440
5667
5674
744
1399
5706
1223
1146
909
785
1265
4993
735
5765
12
5675
5445
1157
469
5755
776
1109
5704
5668
1092
1063
1215
1241
5671
1229
5439
5444
1266
1434
1145
1459
1217
1240
5726
774
1060
812
805
1490
5440
5747
780
5537
1166
5719
4704
1094
5532
5753
2714
2013
1267
1493
775
1216
5716
1287
795
3961
1141
1997
3048
1222
5453
2021
5756
5046
4584
1457
1964
4708
3017
2527
742
740
1126
1472
1230
1061
1293
1218
732
1108
731
1062
1236
1093
1294
1447
729
1099
730
1492
1465
1483
5761
1256
1282
1250
737
1462
5629
3044
3833
1306
3848
104
1239
1261
801
783
2008
5643
4602
1281
792
3026
793
1110
3510
2000
5782
5731
4709
800
1323
4939
4610
4615
1220
1685
3965
574
1717
1238
790
799
791
1430
5636
1274
818
1056
1268
784
794
1425
1257
1221
738
2007
1224
739
1311
820
1397
3963
1318
1225
910
1949
5652
1136
1129
3976
786
1029
2051
4014
4570
1947
2812
594
2699
592
470
3971
1114
566
3904
1975
3844
2686
156
462
5344
4880
3025
4398
1631
5869
464
537
3967
538
1298
1648
4641
550
589
1690
1622
466
5760
549
700
3088
4572
162
527
2845
463
3835
93
4588
440
4111
552
4586
2593
3964
5922
4577
2779
926
4402
2813
1682
2716
2561
1262
2749
4354
211
432
3227
5335
3832
4330
4915
3066
1510
5881
3831
4328
627
4972
4405
1134
442
3747
3977
2876
2993
2735
2743
4340
1651
5338
1727
656
5773
2762
499
1703
1726
4404
3643
1511
4318
5048
2508
2706
3253
4373
3741
2784
428
4305
1036
2792
2499
319
907
4892
5770
1637
1811
1692
328
1412
393
3847
3081
406
2739
2728
3362
1629
309
3974
1676
4408
529
299
3067
4292
598
458
339
2832
1632
584
532
1042
1694
925
2733
2763
536
5397
1792
1691
2741
2515
379
911
1043
1033
923
1640
2666
2510
1654
1032
2649
2514
1732
1638
2790
810
3252
2776
2653
591
3107
1131
2511
314
900
1630
3958
5086
2859
1669
4322
507
1283
2646
2639
4895
3969
227
5916
1660
1035
2750
3094
2855
4401
1039
2707
2826
2747
1028
2564
1040
1041
1628
2831
1037
1746
2761
2738
1639
2712
2769
289
2734
1759
2820
2717
2715
2785
2789
2751
2746
2723
2745
298
1760
2839
2740
1103
2796
2524
1616
2774
2775
4399
2778
2724
2541
2791
4391
405
402
346
3966
3352
390
485
1751
3062
4403
3945
2525
1721
555
2725
2729
2758
2782
2718
2756
2781
2536
2767
2793
2786
2772
2760
2810
2783
2814
2835
2526
2804
1626
2742
2777
2755
2736
2720
2753
2701
2829
2711
2700
2780
2759
2768
2754
2830
412
2836
317
404
2842
2834
246
347
318
408
395
664
2852
2861
365
724
1758
811
1658
1330
381
358
2843
5918
1754
2490
304
1328
313
1341
630
659
459
386
409
1053
413
226
639
3315
46
1583
1327
542
501
385
378
1307
3228
723
1333
1603
3248
3687
306
4087
534
3080
4277
4561
5045
1054
5059
674
1055
2860
3589
483
454
684
310
1135
3697
712
4179
5814
4920
3504
3656
606
4983
5795
474
316
506
608
1270
1688
1312
1337
563
4101
1232
208
384
628
1529
1264
1325
307
2846
2851
517
493
311
495
652
4606
1
677
1531
1714
741
1664
1750
665
1226
4097
335
663
1571
3353
1329
1048
4339
453
609
1506
4070
414
1499
1334
348
670
1567
610
512
480
1299
5322
5808
4985
1305
1269
1231
605
604
1252
686
438
467
725
1339
643
1052
437
692
1116
653
691
710
696
708
1557
1530
1701
631
641
1102
1320
1314
1706
439
4321
505
1589
1342
683
1547
2862
1743
312
1591
642
635
722
2849
1613
1748
1570
599
1505
1565
1336
1553
1615
449
1335
603
4411
1578
680
667
676
1594
695
468
678
1263
1605
1588
621
1575
1601
452
1711
1559
654
1757
494
644
1564
615
1576
479
637
651
1538
1584
648
662
1586
1579
1504
1502
1498
451
619
1563
478
657
1544
602
675
1556
1568
450
1607
714
1598
1503
687
1599
1597
1582
688
616
1497
1592
689
1614
1604
1600
693
1602
697
701
1612
702
1610
705
1343
3492
3348
4293
3503
4876
5413
3366
355
3290
3444
4290
3461
3318
3973
4965
3770
4175
4289
5111
5060
5067
5880
3502
5800
4442
4629
4162
3758
5907
4093
4644
360
3497
4334
3339
3706
3652
4834
3447
4944
4625
3268
5766
5068
4099
4912
5789
3485
5885
3387
4649
5050
4592
3500
5696
3968
3493
3755
3470
4579
4199
3489
3711
3244
4661
3702
3456
3692
3319
4484
4905
4673
4657
3688
4287
3642
3233
3506
308
5860
4138
305
3340
4142
3668
4914
4076
4053
4057
4487
3232
3799
5919
3769
3050
3417
3610
3599
3970
5913
5863
3997
4270
3778
4268
3629
4096
4889
3480
5407
3729
3279
3386
4612
4635
3245
4078
5870
5778
4090
5819
4896
3655
3714
3765
4059
5336
3234
3685
4347
3298
3989
4075
3801
5876
4653
3806
4646
4029
3404
4291
3660
4226
3746
5842
3277
3613
3568
3840
4839
3795
4640
3881
3779
4208
5879
4043
3986
4643
3370
4608
3472
3375
3289
4452
4187
3787
4477
5906
3790
4893
3465
3301
3282
3291
3785
3451
3505
3901
3691
3324
367
3237
4036
3751
4083
4372
3292
3413
3728
3240
3246
3716
3486
2988
4618
4072
5087
4423
5784
5781
3797
4457
3597
4071
3773
4203
4881
3678
3236
5846
3235
3872
4605
5888
3781
3679
3283
3690
3542
4051
3477
3427
3463
3400
3798
3437
3367
5847
3791
5856
5768
3998
3783
3715
4202
3551
4595
3805
3371
3767
5049
3667
4345
4146
5767
3552
3383
3988
3374
4381
3889
3453
5865
4617
4065
4086
5780
4380
4443
4288
3420
3699
3735
4191
4145
4219
4204
3666
4607
3641
4169
3786
3619
3766
3883
3632
4080
3999
3868
4616
3703
3398
3772
3759
4184
4157
3654
4949
3730
4050
4260
4613
4164
3443
4921
4165
4067
3886
3915
4387
3764
3433
4221
4355
3432
4049
4143
3771
4210
4158
3369
4092
4272
4269
4144
5419
4041
4460
4358
3559
3395
4474
3414
4088
4205
3410
3775
4392
4935
3804
4465
3880
4147
3861
4167
4033
4000
4633
4456
3416
3574
4236
4242
4248
3368
4173
4274
3405
3784
3871
4927
4458
4425
3862
4276
3316
4255
3876
3990
4047
4468
4509
4214
3774
4266
4028
3607
4206
4591
4172
4262
4066
3870
3818
4150
4505
3859
3522
4476
4275
3558
4603
5803
3426
3582
4503
3540
4241
3385
4928
3631
3384
5796
4516
4455
4197
3635
3615
4430
4439
3550
4575
4475
4254
4482
4585
3878
4480
4250
4151
3425
3530
4149
4166
4148
4438
3879
3547
4485
3595
3378
4168
3380
3577
4496
3601
4198
5411
4435
4514
4186
3873
4669
3428
4437
3423
4502
4473
3556
4506
3620
3618
4493
4533
4524
4623
4451
3588
4258
4467
4243
4459
4488
3381
3543
4671
4436
4650
4431
4515
3518
3549
3544
3532
3581
4462
4495
3379
3545
3624
4486
4432
3537
4520
3409
3407
3402
4510
4463
3515
4434
4472
3548
4674
4519
3403
4512
2989
3382
3533
3524
3587
4676
4429
4675
4518
3586
4534
4521
4490
3616
4239
4364
4002
4315
4932
4016
4341
4195
4178
4139
4055
4105
5862
5099
4026
4909
4326
4140
4160
4039
4359
4001
5390
4934
4017
4141
5114
5129
5391
5058
3863
5398
4982
5091
5308
4285
4951
4960
5044
5072
5092
4357
4156
4081
4988
4962
4302
5273
5318
4842
4841
5165
5270
4102
3027
5042
5367
4024
4027
4989
5301
5205
5002
4969
5380
4337
4923
5305
3042
5295
5260
5253
5243
4924
4346
5210
3016
5064
5178
4045
5154
4868
5269
5077
5220
5021
4342
5226
5291
5209
5043
4323
5069
5299
5246
4925
5261
5164
5279
5185
5298
5801
5232
5177
4018
3092
4335
5018
4005
5004
5112
4936
5213
5222
5199
5082
3091
3054
5173
4061
5266
3944
5183
5168
5223
5293
3063
5240
4947
5040
4995
3095
4990
5275
3083
4998
3093
5239
5247
5288
5212
3028
5254
5194
5289
5038
5265
5211
4943
4966
4957
4958
5272
5041
5039
3061
5284
5190
5172
4871
4987
5201
5262
3821
5280
5176
5182
3075
4870
5100
5180
5268
4867
5281
5140
5170
5169
5132
5271
4311
5195
5009
5160
2994
5198
4073
5071
5035
5084
5163
4873
5167
5157
5008
5034
5214
5166
5204
5802
5015
5276
5115
5162
5011
5014
5156
5249
5264
5079
5124
5108
4025
5257
3864
5263
5217
5106
5094
4020
5152
5085
5109
5097
5153
5122
5083
5252
5033
5251
5146
5228
5078
5137
5218
5098
5256
5102
5070
5063
5051
5090
5028
5255
5080
5244
5250
5081
4022
5105
5119
5131
2991
4281
5241
5224
4023
5055
5107
5116
5126
5066
4282
5127
5062
5029
5219
5123
5216
5030
5073
5096
5235
5027
5128
5354
4863
5242
5118
5113
5026
5234
5031
5215
5236
5032
