240
242
71
62
248
237
232
250
67
68
249
228
75
56
84
253
89
239
74
246
17
83
77
160
61
19
243
230
2356
2841
2357
18
244
251
238
93
252
254
65
94
1556
280
87
255
98
5043
1563
233
247
475
3206
485
5040
159
2354
2658
79
225
70
1557
4835
3202
2353
495
217
476
3216
1016
2827
4701
2359
216
3213
2668
525
1543
2826
1484
486
464
3025
3195
524
3253
1572
1576
1544
1554
1271
3193
1598
3264
2653
4114
615
3182
3263
285
158
512
484
1049
1285
3793
2764
4820
2847
1511
5282
3905
4679
2855
1111
5338
3909
3705
3329
1272
2765
3802
5034
4041
2583
2995
2664
1279
740
3777
620
4159
279
2656
3360
1254
4107
3868
4266
4035
3929
3767
1329
1328
1031
3979
2750
4255
2669
1566
1270
4856
1041
730
4738
516
438
2657
3343
3516
3757
408
1587
3011
284
5270
2419
1521
5085
928
3159
3027
281
3118
3026
658
3209
2352
1120
4797
1114
3247
3706
606
214
2076
3787
1133
3519
1227
4629
2564
487
4250
1637
2674
5044
426
16
2803
3368
5039
4687
5053
5349
3409
5335
4049
437
5227
4274
2534
3761
3914
2553
3408
3254
584
2087
1037
727
1969
2785
937
4880
1299
2595
3978
1593
4684
1338
3766
4734
3919
3960
607
4166
2059
1357
1414
1363
2942
5205
4309
770
1009
3522
3347
1019
4242
2678
1026
1597
1611
3779
5226
3160
2952
418
1294
3512
5225
2857
148
2643
1569
3722
773
3521
3588
101
1497
4316
5362
4257
3721
3146
86
4032
539
3106
4807
5242
4321
4208
20
2557
5348
4323
3006
2533
3270
5228
2150
3135
531
4036
4341
1483
4800
2070
2562
1229
3183
1508
4247
4794
3147
1310
2012
3189
1034
4698
3172
4094
2552
3225
1499
545
389
3112
1112
1130
3906
1222
5330
3794
4762
4690
1258
669
2058
5440
924
1293
452
2517
1602
3961
2104
809
4720
1451
1866
3035
1234
4737
5169
3120
5208
1259
4676
2944
1029
3520
4909
2068
4773
451
1439
275
2479
1826
1039
3595
4615
474
5432
3330
1614
1432
1128
276
2662
3129
4129
5470
274
4038
4119
1844
922
3238
2635
3397
2623
5301
3495
4067
3187
3477
1284
5249
3200
5353
2788
1330
3514
3504
4302
507
1216
4264
1891
4230
5358
3028
1291
1211
5317
4290
3196
5297
5476
1214
538
4055
1303
5218
5058
2652
2636
2358
3524
1343
5346
385
1900
1582
5178
4048
1011
5223
436
4455
5110
4342
5131
5400
4612
5458
927
4447
4375
4457
921
4997
3563
3601
3585
4418
4461
3636
3892
5386
2302
3652
23
4999
22
5123
459
4340
5118
3551
4558
878
881
611
499
4362
4337
4338
2835
1760
3552
2872
3296
4522
686
4394
330
121
1635
853
892
890
4344
4395
4435
59
3592
4573
4566
4521
1605
554
4557
2333
1758
107
5405
4552
4625
1795
4497
2916
2346
2339
2340
2328
706
1796
4407
884
25
1195
687
925
535
1733
3637
4985
3836
1763
2735
2397
4451
2426
36
2336
4992
1694
1712
4477
1431
2394
5136
4365
3582
4441
5026
7
102
2864
4899
4617
3993
2116
4534
2007
4843
2131
4633
4668
1053
949
736
1242
4630
443
3597
1606
1486
2937
2052
2362
2550
3067
2127
368
1406
2002
2129
3071
623
575
519
1860
4803
111
707
546
1476
3101
3184
2509
3104
1968
998
4543
2067
1609
1772
2802
52
2292
3649
1731
1691
1079
4533
4970
4496
1748
5021
601
4511
2301
4968
5004
5005
1828
585
4495
1747
4548
4549
4554
1408
774
5019
4532
4945
4379
3569
3088
4370
1740
4993
3599
4550
4974
1799
1967
1754
3634
3629
4813
1746
1640
2303
3553
2338
2717
4527
4465
4483
698
4516
4556
4972
4484
4542
594
2260
5008
3633
2722
1715
1641
731
3462
1965
4786
2871
3741
1553
2324
2270
3736
5003
4386
4412
4070
3737
1424
3491
5419
3581
1459
3272
2310
688
4433
1466
2139
3641
4438
4562
4539
1537
3295
4601
1610
165
2975
4446
4523
3630
713
4212
2294
4482
4559
2364
1738
4530
3580
4613
5376
4565
5089
1629
3240
1757
777
4487
3228
5401
4354
1702
50
675
1539
2866
10
4271
4732
4544
127
888
725
2933
4486
4822
1184
4392
4378
48
1190
4966
3564
874
1550
4988
4519
4540
126
866
1814
5007
4603
2705
4372
2865
589
2698
4990
1742
4567
4531
1692
4571
2298
4546
676
793
3827
58
57
5084
4343
496
5052
2898
5096
5081
678
2078
4961
3822
900
3121
2630
3474
3550
1954
3185
2299
4525
4327
2115
1721
1728
4746
4505
1447
3648
2157
5151
1766
113
3953
2784
3612
3945
1703
2742
3577
4334
302
1725
1719
2819
2300
2738
2305
2307
1913
4488
3261
662
614
5403
1174
4987
3646
923
1317
3639
1687
679
2849
4357
3095
4346
4252
5456
4493
841
2917
2893
143
2331
2141
1797
3473
1764
3647
3645
1638
2808
4513
1833
4964
1441
3698
2133
514
2818
1802
4594
822
4583
5388
1730
3053
1803
691
3111
1755
3782
4955
2186
1743
4467
3484
510
4116
1102
3543
5076
4526
5094
1909
1347
755
3443
3949
859
5455
5263
3549
5429
1710
2512
4384
2459
682
4249
5014
4367
1756
1470
1714
3279
3130
5032
2293
4808
4520
2162
4967
130
5391
873
3560
1591
2929
1256
886
1644
384
3282
4066
5197
826
4123
4111
5159
3845
3759
5307
1115
3361
1771
3775
3844
3842
3123
4241
4030
733
3807
1567
4779
1767
1116
2507
5126
5477
3119
5278
991
5265
4136
4195
4056
4221
203
3265
1565
1277
948
3125
4160
1001
5203
3351
2480
2437
3770
1485
5406
1836
3791
4050
3640
661
4081
1689
4518
3561
4218
1038
1817
5158
4789
1798
2707
5326
5316
4016
2384
2723
722
860
5037
1682
3886
2379
1175
3348
4076
1818
4176
1761
3659
2474
802
5111
1493
2969
3338
1055
2228
1524
5408
5414
704
2130
2915
3833
5012
2325
2334
2330
1698
2315
3632
1784
5095
5394
5145
2360
2361
3643
2337
3562
3697
1674
5135
3667
5002
125
4805
1623
2920
2899
1850
1903
4417
2166
4226
4177
4174
2880
1704
5016
996
1422
4429
4398
3335
3583
241
3043
4810
910
4205
291
1189
1140
5382
913
3324
136
3830
887
2256
3350
2894
1722
1889
4578
3669
899
5390
5156
3037
4200
5431
3014
3319
1639
2731
2938
2296
3481
332
3939
3970
2505
1917
1789
1503
2845
3318
1962
700
3934
1262
286
3345
1631
4320
3342
4906
3045
4478
4877
3274
3687
4537
3249
3326
724
2309
1786
1753
2308
4404
4186
4426
2745
4595
2132
5437
4376
4187
4315
3059
5392
1904
1265
4402
4592
2261
2167
4415
3813
4499
2919
4106
794
2781
5385
3831
4000
334
4459
4914
1096
145
3471
4424
321
903
2932
1398
912
2875
780
5194
4956
864
3332
3798
3635
2908
980
4423
2697
1810
3965
5379
4232
3038
868
3548
5381
5371
5370
123
3429
2968
5416
4996
335
5072
5082
4462
5100
5029
4628
3591
2074
1951
4401
1881
4618
3627
5102
5193
3328
3258
1741
4143
4916
504
792
2175
842
1385
879
5336
2013
1547
3023
2541
1093
1092
2320
3110
3303
4046
3000
1188
1427
5000
4572
1185
2093
2998
1782
5083
2867
2414
2272
5101
4579
3663
2389
118
2344
716
5122
897
4609
2366
2986
2982
1389
911
1089
1490
1136
4983
1759
31
3039
3987
3533
2229
5119
1282
4984
869
2667
1346
2268
1745
4588
1361
4922
820
2278
2281
5234
2009
4626
3863
293
1822
1780
4335
2535
823
848
1690
1697
851
2277
904
2276
1781
5088
1321
3559
1751
1823
4995
2455
5020
2607
3661
4564
5153
1505
4989
5309
3278
1035
4553
2275
2901
54
915
3233
2715
5073
954
1994
3966
5023
2990
2842
2839
4586
2156
3437
4442
3224
5396
2891
5018
2134
3294
3963
1709
4651
4611
2997
2143
2599
4491
131
5074
2739
920
3072
4034
2545
702
348
4619
4688
3425
2335
2341
4925
4288
4901
4946
137
4671
3288
5293
2205
515
508
2830
4229
1800
2326
5013
5269
1729
4383
1274
3470
2991
738
4318
5325
13
4431
982
35
4752
983
2102
1345
2897
917
4492
2993
1685
1717
4045
342
2794
4896
357
3926
380
3465
2795
4223
3349
4399
4405
694
3600
3339
4952
85
4393
1121
1137
2323
119
1762
3458
1528
2613
2462
2945
4929
2342
1966
4075
2677
775
3941
3472
593
1750
4278
3903
398
959
818
837
2262
4568
2279
3220
5395
4368
2267
782
801
3445
3680
4574
1326
4963
2606
4400
1643
3459
4991
296
2250
2216
1642
1678
4413
995
1787
4374
2941
3922
3289
2797
742
3989
1677
4101
2985
4928
3986
4015
2295
3628
171
699
4951
1648
681
1388
3902
483
2425
1700
4410
5413
2466
4201
40
12
2200
1683
27
1681
1794
4356
4373
4387
4406
2979
3988
5412
2246
2868
2676
4364
3475
3446
1723
4704
3405
3486
2951
2890
2792
3671
4479
4073
138
1874
223
4481
2721
2056
3917
4445
2877
4957
1661
656
1713
1841
3381
5071
4329
4328
3494
2956
5378
221
3964
5375
2896
1686
257
3664
4411
1680
4425
1695
5168
4352
4360
3711
1636
4347
5077
5105
4355
1672
4817
2787
2672
1090
5187
5377
4112
4427
4419
2724
1054
3968
1801
4941
3605
5384
919
4215
1658
1435
643
663
5057
3222
3044
2600
2961
3999
1588
1514
1014
4937
2538
1460
1724
4206
4476
3204
932
4437
4421
4382
1739
1707
1711
4396
710
3656
3048
3055
2673
2876
1706
5374
3682
2720
1873
2433
4391
3302
161
3884
2085
4722
1397
5398
468
4282
2783
3916
2217
828
1955
3620
2209
5087
3141
891
4969
4815
3851
3460
1622
2939
1676
3393
1624
3169
497
895
5117
3103
3079
3578
3624
2892
2392
4409
4388
2236
791
1335
3654
4353
1720
4463
831
4403
4333
784
316
3376
3666
767
4563
2449
5288
573
2869
3139
2777
3912
2280
3317
2194
2077
174
172
2798
1356
4079
3355
1062
258
340
1879
176
2838
3908
3490
2970
4460
3579
2247
4865
1099
4220
4408
4381
567
2242
3576
3056
2460
4361
3138
1634
1633
324
5006
1652
282
3907
133
306
3062
2215
175
816
4944
3717
2487
5435
3433
1749
3442
882
3259
1815
2642
3428
3299
1820
1109
28
5304
3155
1382
1180
3615
4931
4923
2846
2856
3981
1171
1087
4809
690
4203
4795
4940
3948
5460
5343
894
4653
300
4881
4912
2493
227
4936
287
5035
2187
1727
3310
5409
132
771
5399
1150
376
3273
4204
4013
3631
2442
5267
3933
4475
4639
3950
1958
2235
3618
5373
4011
4500
1474
4960
5147
1675
1529
1436
5383
3928
1446
144
1440
37
3568
4926
4168
1984
32
2188
2224
3644
2873
613
3426
1964
4561
1469
5459
4145
4541
2558
645
1918
598
646
2201
580
4823
4806
4494
5213
2444
1558
735
2218
2900
3803
3910
5397
5299
3325
2316
4939
1183
4489
2321
839
3703
3162
2226
2263
2111
3447
2457
3913
5389
689
2318
90
4490
4954
4959
47
3327
4998
2241
2716
1458
3870
4147
650
1961
76
2136
2128
1527
3050
1825
2780
2176
870
624
4717
2195
4642
3251
361
2210
2311
1847
3463
2064
1069
3858
259
835
4584
5305
2193
926
1341
2274
2561
758
2666
3887
1551
2290
294
1305
3482
3505
3745
2789
1985
2243
3496
2144
2232
2273
2264
2322
1883
1816
2283
1433
2223
3487
806
1923
2949
3606
3590
4141
1478
533
3151
1949
2257
3352
1162
33
883
4040
644
3165
3485
1670
1792
2227
4074
4216
264
4440
5302
5463
660
1080
4770
1101
4510
4894
2096
3788
3764
2221
4023
1457
2237
4536
5454
2736
1084
2212
3768
1945
2234
2446
847
3774
1892
195
1845
653
528
1123
3713
4965
1735
2701
3334
166
1206
2566
2700
3069
2304
4280
2624
1871
493
1239
2317
1391
1068
3755
8
1788
2214
834
1374
3623
1075
2821
711
5321
568
1253
2225
1793
1848
4506
1078
2319
1935
979
4336
53
2269
2086
783
1666
2467
1957
1122
3811
5001
1932
1464
215
3285
2137
3872
2142
827
3497
4864
3540
1987
605
914
2729
4640
2709
3024
5291
1526
3365
2469
3792
336
3316
5393
3416
1125
1509
2911
5329
4331
1863
1154
2032
4663
2881
4593
192
1808
4109
889
2090
156
1673
5078
3313
2313
2266
978
1095
3985
4938
245
5015
4683
4432
2249
2245
2286
112
988
776
1240
2239
821
1488
4749
805
1927
2244
39
4060
492
3990
3091
1897
256
3665
1139
1959
3003
5372
1292
1167
3834
3835
3567
1564
183
4624
140
2859
3728
1925
908
4740
1072
299
2230
955
164
2478
854
1492
188
1015
194
1880
2878
4758
3839
1875
5296
2690
1952
5380
819
167
4930
2378
2556
2820
5024
3789
1050
2117
748
989
5453
832
1982
4874
2947
1914
3136
2946
3363
135
1651
4322
1172
2688
4005
491
2126
789
1182
414
5295
3501
116
129
2912
2712
1151
190
4524
829
1948
2619
3427
1963
1716
4934
4821
3534
1076
3974
2587
2644
72
4911
5162
30
197
4703
1325
576
4102
4917
4097
1504
967
1899
5421
4875
1013
3248
1905
2804
4310
3718
1956
2050
1097
1371
4784
2645
3651
3002
4927
833
360
4243
198
1693
1705
2101
1734
4891
3662
1100
3554
2138
1664
1626
63
4259
872
1065
4871
4231
2151
2601
3593
2696
4853
3890
855
1840
2996
173
1165
2948
5320
290
4599
1173
108
1660
2882
2560
2158
1177
2807
2285
5017
162
871
2710
523
4054
3100
1924
359
1668
5411
5127
2822
1654
4577
182
2120
1671
2393
3901
5468
965
2695
2468
1649
1621
309
1653
2287
1699
938
2265
4614
3738
2913
1126
2421
3419
2406
2914
2934
351
3145
830
1928
3140
393
4760
3366
5132
2374
106
3375
318
1625
5364
4509
4287
2706
4768
2385
1933
5163
5155
1960
1736
1938
3530
2254
885
2889
2443
1920
836
2233
3423
4978
3137
4664
1646
4882
2689
2054
1688
14
5180
374
5176
2387
2434
3252
4172
4324
1665
4363
2776
1314
799
4958
2618
3946
3943
2464
5363
3297
1943
1929
4953
1359
3897
2189
909
2994
2135
3403
4269
2329
1669
326
3331
2958
1679
1726
128
2222
2231
1944
2391
178
990
2169
5246
1859
1953
987
80
51
1827
4943
4814
4971
3880
4351
2488
2817
1732
219
2060
1655
103
4950
3309
4096
1708
931
3952
2073
3448
3772
2834
5184
1971
2314
2179
3693
2927
5404
4616
5130
838
1986
2255
1684
91
1657
4935
2858
3815
3956
1885
2206
3942
2960
2197
3461
3710
1981
5148
5428
5011
1777
1244
2482
3814
2170
1934
82
3969
4942
4650
2977
712
3372
1502
4712
1032
2691
4217
458
4849
4178
2809
997
1058
3896
4866
2967
4214
5426
3709
3286
1540
3096
2741
2823
2306
2953
4110
1804
4100
5142
3610
3829
4975
3616
2589
34
1821
2251
2976
1046
3034
2909
1996
185
4485
4580
2746
29
3057
2766
4994
5009
2483
2219
2211
4776
3797
3806
3117
4824
2983
4811
4694
4569
4570
4416
1936
709
122
157
3694
3719
3650
3971
813
2708
683
2252
4607
3818
2207
2238
2220
2177
1946
2282
3720
1910
701
2160
4025
2174
2099
2196
2923
2860
3911
2106
4019
3750
4982
4515
3653
4504
4812
4502
2114
972
5070
1947
4659
4507
134
1774
124
4325
2848
4778
1070
3688
1077
3322
4444
1939
863
2289
1471
3828
4528
1819
4349
2202
1950
2190
985
3881
2183
2014
2203
2159
2005
100
1915
984
2119
120
2094
4798
2069
2140
1888
2192
2145
5255
4233
2814
3888
2198
117
4014
2124
3708
4029
1926
2003
4782
4949
3857
3536
2703
2407
5457
15
96
1394
139
3670
3723
502
2981
3893
3290
788
3033
2542
2213
2204
1983
2240
2988
2171
4582
2191
1941
2161
2456
1000
4508
2888
1940
1098
1104
1942
3904
2757
4932
222
1108
4886
3756
234
1919
5207
4608
1261
1813
4747
4673
2748
3364
488
3820
630
2288
817
1350
5462
4678
2910
3544
4913
862
4774
4641
3984
2164
2609
397
1592
986
3873
1937
2165
2199
4828
4662
4682
2172
1768
1980
3547
2284
2258
3712
4976
2182
4816
4825
2907
1247
2441
2098
3972
2107
5464
4551
2173
1124
4979
4452
4924
846
4781
798
4844
2879
4981
4503
4643
1812
4708
3885
5211
2345
1872
3454
3824
1525
2208
786
3199
498
3795
2163
1033
2184
2178
2181
3825
5033
2180
2248
4764
4002
2833
4007
2147
4910
2886
2887
4869
4933
4858
2000
4977
4903
3702
1320
4598
4017
2047
3022
4010
4733
4905
1007
1628
4830
3809
4610
4596
3967
2863
2075
2259
3701
3932
1776
5027
2832
845
1922
2836
4838
4655
3877
4846
4918
4649
4839
4892
4872
4902
4870
3871
4919
4621
2853
2155
4867
4836
2883
3808
5447
4852
4799
4973
4907
4850
4597
3973
4606
3918
4908
3758
99
3874
3800
4804
4980
3716
5436
4001
2121
4854
4766
968
4948
2148
2105
4051
4859
4878
2401
1318
4837
4851
307
2004
2810
4529
2884
4889
4897
4792
4883
4888
4818
4620
4648
2874
4829
4884
4868
4898
2805
4802
4904
4790
4845
4785
4885
4645
4920
2870
4787
4857
4028
3731
4873
4498
4560
4895
2861
3464
4840
4589
3980
4644
4474
5430
4947
4681
3724
3754
4724
2082
4647
2368
4793
2037
4600
2152
5461
2149
4646
4801
2831
4581
5010
4590
2885
3840
4893
4761
4876
4780
4501
5452
4767
3865
4009
5443
4791
3962
4027
4775
3996
1970
4711
4727
2829
3704
3732
4605
2154
3982
3422
4021
3430
4604
3995
3742
4831
4037
4890
3734
5445
2123
4765
3796
3730
3866
1806
5475
3855
4068
5449
5466
4693
4033
3778
4473
4018
3841
3762
3752
5442
5438
4512
4004
4739
4714
3748
4044
5444
3753
4012
3746
4887
3843
4735
4736
4863
3747
4517
2862
4771
4748
3859
4757
2146
3853
3894
4707
3763
4788
4637
4751
3589
4796
4380
4003
3852
4638
3765
3997
3983
3729
4656
1979
4636
5422
4777
5427
3977
3725
4763
4742
4900
3994
4670
4538
4755
4848
3726
4652
4855
4725
4702
4022
4832
3760
4469
5417
4726
4841
4666
4754
4039
4842
4741
5423
4686
4657
4632
4750
4862
3784
1976
4043
3546
4026
4709
3875
1978
4921
4052
4715
4710
5480
4065
4058
3298
4660
4833
5433
4716
4691
4730
3959
4689
4675
4685
4718
4719
4700
4713
5451
4834
4669
4826
4860
4677
4695
4692
4658
4861
4827
4723
4879
4699
4635
4631
4706
4634
4705
4728
4729
4819
4756
4696
4745
4759
4753
4667
4847
5471
4472
5450
4731
4042
3805
2852
4744
4721
5448
4047
2113
4697
2153
4743
5469
5465
4279
3771
2110
1972
2103
1977
800
2065
2095
26
1973
2854
4062
4084
2100
3976
2092
2112
104
2751
3511
5478
2118
5446
1975
3510
969
3412
966
2125
3714
1931
2040
4470
5441
1805
2051
2036
3004
4672
95
235
2759
3613
2024
3049
3715
2816
992
1993
3991
2693
2089
2080
2109
2097
2019
4
2023
2049
1974
2057
2091
2061
2055
2063
2088
2084
1236
1245
2081
1857
3498
2035
3602
1246
2042
2048
1999
2072
795
2066
1989
2122
2041
2699
796
2843
2022
3312
1103
4661
2108
3938
2704
3306
2043
5424
3927
97
3483
844
5311
2312
2363
2029
2034
2010
2011
2030
2046
1238
2031
2016
1990
1237
2053
2045
2028
2008
1255
2692
2021
2079
1988
1235
2071
2062
1260
1289
840
1300
2694
2026
1248
114
2702
1249
2015
1280
1157
2973
2083
2713
2006
155
66
1921
3341
3542
2714
3032
1811
1281
3690
4239
1088
92
3940
1997
2018
1283
1998
2044
1241
1243
2039
2033
2020
1273
1266
1263
1107
1286
1105
1288
2025
2038
1144
1161
1264
2027
1275
1071
2737
2758
1149
292
2727
1807
2743
2515
1106
1267
1004
3707
209
2768
2971
1061
1005
3826
213
973
5315
635
2747
200
2775
1656
64
4332
1349
5143
2350
797
1302
970
981
971
693
2779
1930
1290
1311
2793
2744
2416
1769
1877
790
1020
0
1083
1010
2965
2734
977
211
3076
5171
2840
2813
2718
684
105
1066
231
110
2733
2711
825
744
1045
1304
2791
1295
2815
2964
1902
4077
3895
3041
3947
1268
1309
1991
2732
1992
2017
1906
1908
1296
2828
1301
1306
1250
1901
1074
1082
1022
2728
1056
772
163
2778
1091
3320
46
1907
715
1008
1297
692
666
1856
1348
5079
5099
1855
2458
1163
1067
964
2749
2974
664
1830
3819
2773
902
1773
1835
320
5286
659
2726
1086
2730
1512
1360
1287
534
668
2786
667
1837
696
2001
1145
2411
2790
2796
2770
752
1298
665
734
1364
1127
824
697
73
754
1865
1775
963
737
1269
761
1312
759
751
2943
5080
976
1770
757
720
2980
4439
1851
2753
756
1027
765
2769
3935
2844
4422
1387
760
808
1278
1354
769
2772
1884
1342
2725
1324
739
2760
2762
2763
2719
749
1340
753
1323
677
2761
2756
1333
743
4428
764
723
2740
708
1331
1060
1308
1251
1862
2774
2752
768
1313
1048
732
1252
961
2771
2782
729
229
2422
1401
1365
2465
1898
1538
2767
2408
1890
3783
2448
1023
1334
1044
1839
9
1307
1594
1838
1315
1916
1257
705
726
2638
787
1479
718
719
815
695
929
856
5186
2454
1519
1861
1339
975
930
671
2989
763
1094
2390
962
572
843
1853
5093
2409
1392
1456
945
1156
1377
4377
5183
5473
652
1647
2972
3832
2373
1852
207
657
1021
2544
5103
236
2992
1585
2503
1155
1138
5114
807
936
714
5121
1181
750
1399
169
2450
804
5167
109
2415
1604
2811
283
1589
1057
2546
394
551
1141
395
5300
168
762
3695
604
226
3816
345
2399
3773
3944
2431
81
4182
3060
5420
378
3812
907
417
5124
206
939
2430
944
1196
1187
2420
2380
934
1403
1491
4088
1627
916
2403
4436
220
728
301
2497
180
746
1081
2404
1186
1650
941
5181
5152
3923
3925
947
1575
5192
2926
649
1613
3068
785
621
1513
2432
3356
3790
590
2398
974
5196
1445
3276
2370
3867
1358
1487
154
2496
2388
1846
3001
2452
60
2987
3900
2471
2950
2410
2511
5116
153
1170
3575
2413
2402
2440
3280
1322
994
2570
3899
420
2963
5144
2435
2451
224
298
1864
3869
2417
5108
1379
1198
367
1166
3655
1336
447
1870
1559
4358
344
5318
2755
1199
480
555
2578
2498
2475
5172
2486
2463
1040
2412
2837
1003
2445
2461
1831
1030
2567
2501
1600
2453
1202
2405
2381
2428
1152
2439
1002
2382
5140
5209
2438
2424
2504
1197
1191
1663
2477
2377
2551
2495
2955
2954
1911
5161
4326
674
3042
2447
1912
811
2429
814
1204
3675
1158
933
5107
905
1193
1200
2494
2489
2492
5134
1024
2491
2510
1619
2473
2490
5115
2540
946
2984
2485
2481
5216
2472
2436
2484
958
5212
2506
2502
2427
2547
2476
2520
2375
1012
212
2386
2400
5206
2376
993
2516
810
655
218
2518
1142
5157
5179
152
2957
5201
2513
2936
1153
2522
2526
2500
2539
5166
2514
5200
5149
5150
2508
5154
5170
2536
2383
935
2537
2605
5188
2499
191
2549
204
2470
5191
2519
208
940
3678
803
1209
5129
5133
461
5141
2906
5220
2555
201
2924
5104
2925
1659
1662
3668
5224
1208
446
262
2598
146
1620
2528
1383
3823
1110
5175
5185
5215
1500
151
181
2529
2525
2530
150
3674
2523
387
5221
5204
5195
2576
3685
288
260
2521
310
1599
2637
2527
433
1501
4371
2543
2754
3673
1063
5138
5092
1178
5137
2568
2617
2554
2588
2825
5256
3657
2371
416
4238
5202
5064
2581
392
1495
422
189
1213
341
2524
147
382
193
4430
350
43
2582
1481
3555
315
2372
2571
4366
1584
2575
2615
3556
5139
2851
5230
4359
430
3
179
427
5268
415
2531
2573
2565
2850
1858
261
1549
4369
1064
2904
2812
1522
2559
2585
1580
2641
2621
745
2548
210
149
741
5292
489
3570
2569
2563
2614
2597
2629
2620
2631
2622
1535
2649
2628
2647
2610
1579
2592
3574
1829
1843
1586
1482
5091
2654
2586
2580
1578
1573
5174
812
5199
1362
2682
529
5045
373
6
2639
2634
2659
5098
2608
2590
2655
5190
2572
1842
1473
478
2574
2532
5112
364
1617
2626
4248
2627
2648
2663
2602
2603
2579
1596
1608
1854
55
2640
2646
1601
943
4350
1477
1028
2650
2612
2686
3420
2665
1319
2596
411
2591
778
1534
4199
445
5160
1468
3571
747
1025
2940
2651
1143
3166
3315
5113
479
3679
5252
5048
505
3073
1316
2661
852
3572
557
5128
1530
2675
2616
2633
2604
1560
1531
2681
1498
1006
521
460
5245
3557
470
536
5125
412
2577
5075
1384
3064
2905
5210
308
1517
4224
1179
1404
1496
1570
1583
1581
1571
482
999
5285
4207
5247
5272
5233
540
2584
1430
559
5060
1510
1506
5165
5319
396
3573
1018
2369
1203
1043
537
5062
5164
405
5264
1232
4198
1555
494
5257
2660
5284
1160
1882
448
5217
5065
506
849
5219
5274
5290
1876
867
3127
1542
1607
434
850
3431
406
641
1135
2931
170
1370
1201
1402
5333
1192
5120
532
549
312
3658
2671
1215
481
1516
3686
3672
5239
560
5222
1219
1220
1176
5244
5066
1368
1612
5328
1562
5250
5214
1164
513
4197
5237
5063
2928
5054
5281
5322
5235
5248
3432
3683
5173
5266
1169
544
2684
386
586
1132
1159
1168
410
5231
1205
2801
1494
3558
1117
2670
4194
467
5273
517
5086
1218
2680
1212
579
592
1518
5258
1475
5232
5283
5280
5253
5279
5334
2685
5067
5251
5314
5289
5061
5059
5262
5238
5298
3684
5313
5306
4193
4261
5090
5046
5236
5327
550
3681
2683
5177
5337
5275
2687
4210
1129
5189
1148
4196
4680
5240
1207
5254
5345
5182
4297
4219
1437
553
956
4202
1147
1146
409
5055
5229
5260
5241
5276
5479
328
4471
5259
317
3421
3804
612
654
1134
3502
1131
648
631
1425
571
721
556
1395
5
4236
703
327
1119
1225
670
5467
622
520
600
577
638
3031
1228
581
1230
1118
3174
439
1369
564
1337
526
5472
2962
4304
469
421
3785
1194
1455
2679
587
1393
578
565
1113
561
1419
1223
626
1380
1421
548
857
618
637
1386
634
1412
1590
603
1420
627
1221
588
1449
466
1568
5474
1376
425
861
1217
582
717
1453
1577
1224
1210
1409
541
289
444
4209
3161
629
647
441
3743
1396
1415
628
1426
1416
1552
1405
1417
1413
1410
1428
1418
569
1332
1226
1548
1373
608
543
1429
1465
1390
1231
1442
957
1411
542
625
1233
563
1444
574
1372
424
595
1448
570
617
610
1438
616
1461
562
1327
547
1423
1462
591
1407
1520
858
1454
558
1443
440
552
597
599
609
1450
953
1452
639
432
1561
442
640
596
419
1367
636
1366
642
428
632
450
407
2349
390
952
1541
1574
423
435
404
602
429
1615
449
1017
2918
402
400
1036
272
2902
453
1375
401
566
1618
3241
1533
45
399
268
455
44
431
2799
388
477
391
454
518
511
465
456
2
1472
3126
3244
951
3236
522
3113
3810
403
5425
1616
3097
305
3190
3545
199
3149
3849
184
2800
3065
5097
3957
5369
3733
4235
3527
377
2966
3492
3277
3051
2806
4268
3005
2355
3801
950
3047
3537
141
462
5243
3776
3413
3864
3532
3124
3128
303
381
3150
4228
3744
263
3735
4291
4179
3528
383
4213
352
337
3517
4190
3739
3058
205
3692
4189
3054
4175
4299
3260
3092
3066
3677
3267
3854
3114
3036
3232
3727
3078
3396
3115
5261
3476
4306
4069
3749
379
4061
142
4064
4188
4128
3467
5341
3992
3275
3122
2930
3074
5350
4091
530
4246
3167
297
3951
5323
4124
2903
358
4254
3614
5312
4185
4300
3879
3052
313
3030
3040
1
4227
5069
472
3696
501
370
4120
4184
3215
4071
3975
5342
353
4171
3780
4314
311
1051
3936
2921
4281
3676
4134
4284
2895
202
3212
4258
3230
372
331
366
3243
323
333
325
349
3158
3029
5354
196
3105
295
1047
4173
375
1042
4293
3256
3227
3108
1059
5340
339
473
270
4296
4267
371
3007
365
369
3094
269
4285
5331
304
3008
3102
3015
4292
356
5068
265
1073
3132
4090
4289
3205
3099
267
3235
354
362
314
347
273
277
343
355
346
363
3090
338
3085
3081
2978
3075
271
3093
322
3098
319
3109
329
3087
3089
3116
266
3131
3061
463
278
3152
3077
3082
3083
3218
3271
3219
5042
3211
3133
3063
3223
3070
3300
3021
4263
4183
5351
3245
5347
3891
3154
3269
3208
5356
4244
4191
3434
3586
3018
3751
3598
5368
5277
4180
3337
4308
3958
4181
4272
3201
3799
3915
5434
3846
4275
3017
5352
5361
3291
4024
3406
3019
3404
3450
4031
3391
3009
3400
3609
3323
3217
4082
3333
3607
3153
3359
3226
3410
3930
3937
3268
5357
3237
3921
3417
3142
3850
3480
4307
4063
4225
3418
5355
3246
5359
3207
3513
4057
3266
5339
4265
3176
4298
4192
4170
3242
4313
3604
3305
3889
4260
3769
3304
5344
3255
3281
4303
3367
3415
3441
3250
3013
3164
5360
3411
3186
3292
3379
3436
3861
3407
4256
4092
3954
3449
3860
3541
3016
3357
3691
3931
4083
4283
4273
3740
3262
4240
3010
3148
3314
3603
3488
4053
3395
4319
3311
4085
3198
3848
3955
4103
4059
4262
3882
3786
3594
3362
3134
4155
4089
4286
3257
3781
4251
4270
4086
4237
3373
5367
3862
4127
3194
3493
3531
3173
4165
3847
3469
3171
3489
4253
3012
3229
4154
3293
4087
4312
3399
3457
3440
3479
3456
3439
3466
3468
3478
3453
4301
3221
5365
3398
3876
3503
3500
3924
3020
3499
3509
3518
3307
4098
4161
3525
4104
3210
3308
4167
4151
3451
3508
4125
4295
4105
3526
3596
3394
4108
3414
3370
4099
3455
3383
3507
3354
3529
3608
4117
3336
3284
4132
3515
4122
3523
4131
4148
4118
3435
3506
4121
3539
3535
4158
4146
4305
4139
4163
4138
4133
4276
4157
4093
4135
4277
4140
3587
3283
3369
3346
4149
4137
4142
3392
3374
4095
4234
4156
3180
4245
4162
3390
3378
3191
3389
4130
4144
3371
3301
3214
3353
3388
4152
3386
3197
3188
4153
4150
3144
3177
4164
3340
3143
3384
3377
3387
3168
3163
3344
3181
3170
3203
3321
3358
3179
3385
3192
