164
57
68
239
1800
16
75
56
80
241
67
76
246
249
261
251
163
15
250
79
88
264
277
279
228
270
90
267
227
2582
2589
256
274
257
411
85
3290
2594
3529
2586
5628
307
4137
258
17
280
232
3486
3338
2923
2595
58
351
3484
2958
1405
309
275
236
3131
2929
2426
1406
4652
1747
5435
1251
1754
3483
55
537
552
668
4130
74
541
5253
66
484
1653
222
162
658
500
1707
410
3485
496
2955
4391
2809
4374
2856
2590
3309
1372
1683
3132
271
5977
3589
5969
1654
434
2438
5266
304
4311
5446
524
1246
2946
4410
306
1394
669
255
5906
217
5154
1669
4803
3786
4121
2150
4541
4741
3342
3540
5825
5480
4274
2794
1078
1362
5978
4478
1085
4401
5451
2787
3487
4232
4096
2778
2943
5632
2790
4118
3592
3530
2315
5292
4331
3681
269
3323
147
242
527
4152
5054
4696
2410
4256
2357
5191
5965
5241
368
2585
3712
5192
834
2307
4463
5858
6006
3704
3437
100
3583
1448
661
801
1693
2936
2919
533
548
2857
4645
4746
1203
4408
346
730
2308
1113
1348
4306
1361
2889
3528
1123
3343
1670
4325
5997
4543
5049
599
5999
3587
1323
2448
3721
5471
825
2893
4481
2905
1092
485
4503
2963
5308
4133
462
4761
2069
4680
4359
2126
5901
1376
4136
3720
5165
4414
3571
1569
2162
6004
2309
3349
2939
4200
4429
4135
5164
5841
4087
138
4148
4750
3886
4756
1511
4144
5323
4162
466
2061
1404
3572
4768
1243
5202
5230
5346
1112
4757
4581
2957
3588
3337
1520
4290
2953
519
5392
5946
4172
5884
5964
3963
1079
5282
3447
553
5922
1260
543
4450
5407
5805
4759
2912
4466
5624
69
4527
5929
5826
2178
2627
910
1608
1356
2164
1673
3
2418
3675
2408
1371
2116
1357
7
2234
1040
4358
1039
2803
5671
2129
4192
904
2822
791
5206
2873
677
1722
278
340
2626
2849
463
3730
629
2792
3898
5808
3643
2858
6062
5831
1636
1041
5917
1237
4336
299
1316
3517
1057
302
2616
1454
4489
4631
3865
5967
2366
4217
4422
3080
5343
4740
5155
4411
1480
3102
4210
1418
4815
6076
3892
3558
1682
5220
4804
3350
5305
1758
4424
4679
91
456
3221
3599
3336
4177
4585
3779
1991
5420
4158
400
6136
5242
5937
4275
5391
4097
5196
5151
4801
4532
1314
1743
1392
835
4407
3698
725
6074
1423
4129
5294
5486
5307
5503
3817
3446
1926
4923
3298
4856
2596
1902
2531
1881
5899
4039
3855
4854
4890
4898
4912
5674
3608
522
5711
1797
4848
1843
3992
4877
1844
4934
4971
4883
2518
6044
2675
5581
6037
2693
4959
5580
3999
4895
2530
933
2707
5055
4928
4711
4857
3230
1001
5678
2084
2713
4664
2645
3426
2076
4390
43
538
1895
3614
1868
3993
5951
3376
726
5824
2051
1812
1718
4731
2255
2343
2765
5834
5794
5742
5755
5816
2320
1692
6083
1393
5995
5911
2683
1375
14
1603
107
495
2228
2256
268
3625
4461
427
2298
638
1474
5796
2
4399
2954
87
5842
3163
2766
3488
4643
600
491
515
1557
1131
5630
438
2156
2269
3432
2581
83
288
5801
4884
4952
4901
4221
1913
260
1869
4896
3294
3856
4919
4712
1901
5544
5773
219
2552
3368
2332
5981
4036
1822
4046
1968
1910
1678
2697
5684
2903
5085
529
950
954
5814
3159
3985
1934
5726
5095
2599
3479
521
1232
1993
991
1193
2573
5348
5727
5579
5998
5072
5710
3965
1679
4713
3601
4963
4849
2475
3579
4894
4878
4913
2519
4799
3312
3953
3305
1071
993
5127
1923
1916
1924
1771
4926
1957
4405
3857
5093
2711
4074
4808
6020
1675
4948
2328
2701
6007
2570
3146
5078
1842
4796
936
1847
837
2652
4909
2686
1443
1858
2606
1798
5802
4198
5065
3981
2542
5039
3968
1849
637
1878
70
5588
3646
5232
2759
52
4443
928
6050
4354
3644
3912
3916
4416
1086
3563
5983
2437
319
3546
905
5157
4149
3543
5317
4821
2812
5498
1999
819
1639
4363
2884
4655
4150
5211
3541
831
5470
2420
5448
3880
308
3713
3183
2892
5367
3185
5945
2647
475
793
4114
5067
2890
1635
301
5417
3964
4165
4820
4816
401
4123
5968
4613
5436
5459
1686
1696
1690
5595
4823
5689
2825
3582
3787
4023
3982
4187
6049
4769
3235
3477
2495
64
5577
1859
3661
998
6038
3423
3532
78
5547
2658
5046
5660
894
2527
3087
6041
5683
2002
1553
6101
5077
3306
5669
2974
482
4734
4050
3310
5949
292
3600
4124
6019
6130
6132
6129
1867
2501
3594
3347
3318
4918
1880
1866
1888
1826
992
4911
2665
4886
3129
40
86
197
182
5512
4668
4974
926
2486
5373
391
1530
4673
1846
2745
5608
5609
1038
5490
5592
1853
686
754
1917
4724
2507
5787
5460
1199
4904
4295
2972
5068
5586
3029
4011
3617
2009
2512
1845
2099
639
4052
2011
885
4790
988
5300
5685
6026
931
535
849
1871
1834
4900
4906
932
1837
3994
3107
4917
2550
1819
2528
1838
1841
5571
96
2048
884
1959
175
2964
4445
1892
809
1403
1048
4633
407
2028
5585
2635
6098
4981
762
5015
5855
4517
1002
5594
2019
2885
2639
199
3122
943
3844
1521
1233
21
2526
4908
339
1258
82
39
1854
1855
3603
3693
2012
1368
2536
4882
1804
4893
4863
4930
2095
1861
5604
5610
1882
1104
62
63
59
71
60
2548
5484
814
2577
2932
4579
3692
4855
3303
3715
50
2523
204
1173
961
956
1967
4309
2492
654
4522
3313
2648
3269
5952
3166
2805
2910
983
2411
3719
492
946
216
2074
3073
51
119
4468
5545
3291
3947
2657
2638
2553
2557
2982
1944
1970
1990
1987
2990
224
1857
2093
5116
5562
2981
1832
2985
4079
5059
487
763
1828
6068
3511
3576
3733
4053
5114
1091
2678
1742
4875
2473
4745
418
3308
4536
5159
2687
1796
2897
2033
3714
746
5637
5183
4994
189
5554
3722
1522
4296
5130
5152
4806
1677
504
1425
5372
929
374
5115
1827
5599
4342
1439
18
5789
927
437
3025
1360
1808
2317
3770
431
2280
298
518
1455
1668
2324
4487
4259
731
840
5799
34
1319
2784
5286
177
2907
5953
4055
4258
4291
1984
758
3819
2130
1094
287
2264
1582
1415
2044
3413
4570
3091
1172
2390
273
1310
4248
1081
1555
1093
536
2615
4448
3335
2393
1026
4783
1930
3656
166
1013
4041
1325
1017
2862
1000
4873
1597
5731
2700
1962
3004
4355
6088
403
5900
1885
4888
1217
2198
2080
4326
102
4279
4199
1238
1198
4060
1225
3974
4057
2120
608
4995
1249
1813
2260
4939
1208
3098
2098
1596
2906
3654
455
2568
5008
1321
1099
4125
5099
137
33
5882
505
2998
1592
4324
1226
4924
2107
3108
5596
5141
4992
3454
1963
2104
5005
1195
1600
5591
1680
6089
5614
187
2042
2487
1906
1915
358
2096
962
3234
6028
1956
2999
4016
5170
6121
5584
683
2312
5990
5009
4389
117
941
380
19
574
4212
4215
1756
4225
3250
6097
5094
2106
2443
5535
4156
5531
2463
5928
2915
3285
5088
1369
2656
5124
2505
4404
2358
5984
1200
2506
4721
4732
4720
2504
5866
2219
5117
281
5146
2060
1966
1472
6127
643
5111
2300
1524
2538
3496
198
1830
6109
3152
441
1035
3607
5974
5971
3190
4329
3647
3966
2554
2524
1386
824
5358
5600
1221
5345
3125
3671
6047
499
5493
5138
4932
5112
5066
3066
1347
5089
5589
4962
3959
5182
5672
1995
5071
5238
3172
2133
3851
1414
3707
1012
3958
5548
5132
4427
5975
1207
6061
4861
2876
2777
5135
5351
238
5113
4237
3524
4676
994
2674
5869
4029
1235
4183
5613
3544
4020
5129
5696
5982
4775
1969
1070
1280
1398
4047
3212
158
2928
3119
113
6031
6016
2842
1191
5620
3872
5120
5681
4049
4993
4899
3182
312
5487
3648
3555
1236
118
3839
3011
5515
2934
5697
3930
457
4288
2679
2830
5598
315
2039
4868
4864
5327
3567
3564
234
807
2480
882
1358
61
3593
5621
237
2493
3612
3615
366
4188
2819
4044
5030
4278
1943
3110
5325
2262
157
1447
3385
5691
1395
1633
1433
3703
3697
2938
4280
2502
27
184
2282
191
5716
5705
612
2242
2431
1396
4725
1851
3875
5031
2105
5886
3812
4304
4382
2248
2898
2265
1972
2738
2059
5763
3241
2257
947
5607
2579
1271
5149
1278
2508
2909
2902
116
5109
5525
1387
338
1981
5783
1945
6042
4674
4968
4970
596
1536
3137
4352
5715
2685
5574
2453
2392
2509
2498
3710
5612
5782
4346
3868
2454
5590
6043
5508
230
36
1149
2359
1788
1864
3512
766
511
4813
4078
4689
136
2529
3272
617
3736
5659
5709
1817
4207
201
1757
5315
6112
712
2142
3053
1875
1483
2980
2031
852
190
1803
446
2283
660
1087
4333
5082
4154
3830
3307
3679
546
1950
1994
739
3820
1876
4802
4902
2346
2148
156
3279
1275
4690
1478
923
459
4316
1169
1159
3006
4818
2056
1983
8
1960
3003
5098
5732
5707
4509
875
5106
5862
4105
1060
5809
2535
3919
4281
132
4093
2010
5957
4956
4949
2724
159
1645
4847
45
2712
4773
426
3662
4844
4347
2491
2540
5481
2968
5491
2375
2988
5123
3074
4787
2541
4688
5353
5251
2734
165
4273
2522
131
4126
2752
2000
5795
5025
1076
5702
1764
160
2050
3017
2979
265
4439
3498
3717
101
5807
5803
2723
4764
1342
957
2117
674
3186
46
6046
4990
4538
2834
2547
1248
1667
5541
1897
5139
2935
4014
3838
5006
2232
406
5145
1979
2026
3691
1434
2103
1241
1535
5199
4588
832
4779
1167
4794
4610
5878
6057
3393
4378
4480
4592
5362
3922
4379
6084
4637
3293
3458
1655
2820
3489
3653
3651
5497
5754
4345
3891
2797
3821
3154
4810
1687
5875
3860
1089
3158
1605
4582
4700
5354
474
3130
2166
3208
2578
2814
489
429
501
3174
3923
3439
3688
5398
4826
4618
2733
1589
2949
4624
1899
1890
1874
1997
5950
4829
2598
5004
497
3685
5880
3231
5762
4376
2023
469
4817
42
1604
6126
4628
1016
4669
3573
4533
3939
5611
1992
2020
4507
1584
6051
3696
5563
2077
5178
4846
4535
4043
4553
5847
4252
3797
5761
4657
2516
5943
4572
5140
174
1949
3280
2024
4455
3943
4805
6090
5502
5264
385
4357
1978
3862
508
2029
3944
4639
4028
4269
6060
3300
3584
3575
4019
3388
4554
1544
1580
3445
3263
3829
1681
4586
5961
3254
1022
2490
887
2868
4228
3106
2993
3539
3932
4866
5479
155
5908
3633
3591
4501
4557
5324
1766
3792
2991
510
3716
3941
3686
379
3669
5857
3628
918
5815
2533
493
5045
3296
4936
4604
3680
6015
3629
1630
2497
1489
5740
3650
6071
4056
1785
3987
5907
1154
2562
1650
5766
3727
4073
2525
6122
1587
4369
4066
4315
1774
327
465
2702
4071
5248
5770
5970
1748
1005
5903
4935
4403
4853
2565
3684
1591
684
6087
387
5133
5963
3986
4569
3791
1894
1977
3509
1989
5989
6064
3228
5501
4111
5450
3995
3810
2337
3803
3808
5105
6054
3809
5993
3492
4907
3905
4686
3265
3690
3701
6040
3956
5205
3954
4914
3144
5923
5118
3304
4977
3270
5053
1738
576
447
6093
895
5516
4161
1146
5200
3929
3673
1192
4027
696
6053
4015
5506
5019
3538
3967
4832
5432
2592
985
5785
3136
5158
673
2888
3417
5902
3977
3884
3807
3806
3047
3725
3935
6085
3811
5233
3275
3937
3802
3906
5060
4109
4059
4881
6024
3481
3537
1164
4430
3952
6017
5650
6095
3837
5566
4082
1177
2994
2681
2771
738
4010
5026
3041
5465
889
1263
4373
2941
3742
4089
2799
2055
2500
4351
634
344
648
3453
5529
3551
4589
5467
3706
1390
323
4714
4531
6058
6036
3910
6023
1694
4865
4062
4727
1550
960
5070
3823
4018
1065
4072
3268
2556
3467
5518
6070
445
6030
3463
5453
3874
4364
3926
4168
5524
5119
953
4007
1507
4
796
5337
4973
4012
2101
3832
5712
4195
5002
1134
3008
5052
4353
3000
3827
3196
2927
3471
47
716
104
3274
1551
1537
1353
4479
245
680
4022
6035
773
3525
3124
3843
3972
2510
3513
3123
871
3121
2472
73
913
2496
2886
5496
4658
1381
2882
416
3833
1437
5662
3793
4788
4496
4146
32
4164
1627
444
5177
5213
3341
3258
4836
4303
3861
4671
544
3577
3634
350
3775
4441
4332
2038
4013
1961
3894
3893
4892
602
4514
4841
5033
2395
53
897
4323
4054
3815
6113
5136
5153
4034
3780
417
5806
4494
3796
3668
4293
4194
3915
4009
5753
5522
2916
6140
4068
3595
879
185
6010
3845
5401
3777
4024
3867
3834
3934
5517
5567
5142
1370
6052
4590
3075
285
2294
3117
3649
2032
2204
4205
4564
1698
572
5537
2976
3664
2933
3390
2243
2642
4444
2195
2144
2846
4017
3969
3774
3824
4058
5533
171
6091
3975
5864
2560
4284
5835
3853
4978
4979
3816
3776
440
4578
4476
4539
5029
6048
3187
2567
6029
5536
4021
3606
4626
5576
4108
4583
3622
3282
5793
5389
3497
1441
3361
5226
1413
4406
4755
4683
3133
1364
2514
2139
5239
1144
5423
422
4678
6134
1440
1187
2801
5804
388
3790
4061
4008
4619
5128
6063
4600
3940
3363
5122
4595
4196
6125
3883
4387
5437
4270
4986
6081
3602
5542
4504
5425
2275
4385
3526
3135
3140
4065
2494
321
84
5003
3494
5316
5748
4555
4765
682
1900
1190
3036
3613
3735
3805
2027
4677
5201
982
54
1318
3762
4139
1938
2800
4334
3804
4343
3271
1075
3913
3763
3873
4630
284
6086
6077
4753
28
3889
3801
5593
4465
173
4386
206
120
5736
5064
6055
6013
5126
3881
5162
5037
6045
1791
3976
1829
210
4493
1384
1402
3933
4574
103
2841
6011
3501
3325
1145
1152
4174
4184
2483
3945
1438
4617
3718
4556
6012
3869
5306
2996
4709
5257
5321
5509
3468
851
2539
3960
3895
6066
3927
3931
4428
4567
6014
3971
6022
2503
4785
4636
4776
2532
3799
4728
4784
3950
4464
4623
4216
5051
3888
133
4988
5021
179
328
4426
4708
5102
6067
4115
3962
4435
3191
4180
4991
4627
3917
6018
1189
1183
3764
1730
4612
4356
6116
6107
4178
3354
5334
144
4310
2978
4774
804
857
1162
1206
635
5219
6059
4599
4063
5020
3946
3885
3877
4067
4635
4738
6072
4064
6080
5606
313
5309
5038
5014
3907
108
4498
3911
4388
4729
4795
4070
5075
4116
4941
4684
5250
4287
3925
3431
183
4338
5474
3178
1196
221
2303
5265
4763
5877
458
109
4313
215
4206
3729
5721
1377
2699
186
5414
195
4091
4862
5960
5956
4603
4320
211
6115
5080
231
4236
5057
4117
5523
5830
3938
5859
977
4874
2422
4983
5016
4751
4048
4272
3176
5172
1222
6137
3901
178
3141
2325
3465
2558
5475
3627
5161
4372
5701
3360
4257
4490
5954
4602
3631
3781
2646
1649
4663
4824
2808
1691
2442
4640
652
2296
5849
2167
3998
3620
545
3900
795
2942
4457
5061
2559
5028
6131
6138
5322
4328
5603
6139
5539
5615
4777
4321
3849
5062
5342
4880
2081
3139
4502
4337
1676
3835
2322
404
1697
5171
1634
549
498
5329
5269
3767
4620
512
4317
4513
5110
5653
6069
3997
4112
5011
122
971
5959
2725
3059
2688
4090
3002
4348
4975
3364
5682
1197
5313
1575
359
5198
4327
6135
4349
3795
3660
3848
4596
2277
3846
3840
4339
6133
4621
31
880
4707
4265
4505
6128
4314
5231
4086
3863
4573
3768
3197
4632
468
4825
4486
5618
5101
4460
3276
4616
365
3667
3645
1782
4525
1171
2159
3826
4384
3365
5063
3103
4182
5301
4299
342
2730
1504
3672
2043
1163
4530
4558
1015
4758
4766
4518
4544
5083
4298
3836
4811
3783
5103
5108
3866
3057
5546
3778
5042
2696
3847
3207
4300
6118
4153
5024
3381
3831
3663
3828
3639
3918
4497
1160
4305
1184
369
4672
5948
3771
5939
2602
4614
1061
212
5442
4456
4110
4425
3784
3822
3547
5091
4662
4999
3358
283
872
218
3609
3012
5131
252
1138
3359
868
4506
5788
4512
3850
4341
3773
4526
4276
5043
4383
5530
3794
3859
5302
4559
3908
4976
5056
829
4682
4529
370
4361
1194
3870
4646
4565
4641
3147
4244
4550
5942
873
5036
3674
3782
1912
3694
4446
2650
4670
5314
4916
5069
5318
4277
4667
3225
2721
3731
5698
3245
2634
2780
4483
2662
5918
5850
1799
4318
1256
3769
6073
4266
4566
4542
3882
3724
3818
4491
4537
4552
4534
5931
4510
4580
4598
4094
3652
6032
4771
3143
4606
4560
5041
3702
4659
4160
4393
4511
5764
3705
233
4840
5144
5121
4730
4340
4260
4593
3871
2695
4642
134
4521
1120
4084
4687
3670
3904
4789
6075
4104
1155
4083
5357
1069
5642
247
3321
2887
3288
4607
4246
4793
4625
3858
4392
4605
4597
3687
4717
4608
3887
4289
4584
4477
4782
3864
2751
4807
4792
3909
4685
4594
6039
4344
3879
4081
4772
4762
5249
4523
5040
3876
5047
3678
5287
4767
4703
5979
4362
4420
3640
5285
6100
1072
4833
11
3741
3785
3689
5494
139
5718
5843
240
5658
4229
4449
3357
4434
3726
4245
5048
4243
4691
4508
5050
6092
3890
4654
4551
4440
4743
3319
3320
4470
4812
5336
4451
3482
4283
1067
4469
4226
5617
4459
4234
4540
3896
4611
4263
4242
5207
5890
12
4748
6002
4692
3444
3499
5938
5107
4666
4609
3708
5335
4985
5256
1151
4282
4760
4492
4264
4267
4193
3743
5750
5280
3723
3618
5273
4285
4268
4322
3897
5994
4233
3747
4335
4239
5010
4437
3514
6056
4519
4520
4240
4984
4421
4648
4499
4515
5252
4649
5227
4381
4409
4615
3215
4235
4330
4500
4516
3728
6079
5319
4209
3284
4452
4548
4438
4085
3382
4644
4220
3476
4482
5440
3549
3553
5861
3520
3348
976
3206
3236
5985
1182
4524
3758
4547
4528
259
5240
3638
5312
4368
5195
6001
4223
4546
4830
5147
4418
4230
3394
4419
3522
3289
3557
4651
3507
3632
3755
5058
3473
4033
4822
4360
1032
4549
5706
6005
1168
3590
3109
3302
1180
5852
3155
5779
1073
5837
5186
1097
3752
4128
244
1011
3218
3500
3472
3759
3757
4545
4366
5235
2740
5893
3624
5520
262
3641
5216
3100
3536
4650
3749
3734
3636
3502
3474
3761
3756
3642
3739
3637
4656
4819
6000
3699
4647
3737
4831
3745
3738
4681
5197
3586
3748
3765
3744
4827
3760
5311
3676
3605
5510
4828
5635
3578
3556
5988
3750
3753
3527
1140
3469
375
4241
4271
3262
3168
5667
4159
3503
3709
4675
3169
4255
4190
3317
3961
282
3464
3740
3746
3754
6003
3597
3516
3751
3515
4653
3732
4835
3519
3552
4797
3491
3470
3475
3570
3533
3611
3610
3452
3505
3448
3542
3150
3161
4069
1188
494
5919
3510
4250
542
1074
3156
3534
4719
5905
4166
5891
4432
5856
5521
4155
5551
1176
1974
3242
5215
4472
2563
5454
3504
5382
5872
203
5134
3145
20
5173
4262
4474
4397
4454
3554
5274
3397
4471
3550
5090
5100
4107
5889
332
4365
4380
326
4189
4095
6065
1185
2520
3120
5991
5947
5552
1170
5511
4173
3205
5898
4088
5868
4462
3373
5881
3118
4739
5553
3181
5310
334
3266
5775
5229
5293
4843
3523
3596
5295
176
194
4786
3153
5828
3493
4929
5578
5986
3199
4253
3193
3559
3203
5976
2499
3195
4231
3232
4171
5958
1156
4458
5288
4413
4698
4705
4302
4122
4292
5888
4181
1068
4431
1174
5728
5729
5262
5464
5930
4467
4839
5279
3189
4127
320
4442
2515
4092
2609
5221
3151
4693
5408
3521
5365
3209
4871
3126
2545
4423
4170
3227
3352
2109
5189
5666
4191
2513
4119
5987
5848
3164
4254
4249
4120
4396
4147
4142
4140
4436
4453
5972
4417
4695
4723
5160
4747
3355
4157
3626
3695
5208
4701
5829
5568
5714
5940
5910
5926
3461
4103
5973
5651
3548
5001
5209
5833
4098
5845
5557
5838
5328
4214
3116
5125
3201
5757
3372
3353
5527
4102
5550
5543
4842
5360
5222
4132
3316
65
3179
5507
4885
5904
4770
3957
5892
3173
5941
5643
5558
5587
3104
5916
5582
5538
5575
5555
5556
5895
4202
5341
3180
5564
4710
4131
5656
4879
5827
3112
5920
3955
5559
5331
5652
4778
4737
5749
4101
5879
3292
5267
3171
4706
3175
5644
5722
3682
5927
5874
4718
5751
4377
5234
5648
4694
5333
4208
5924
5708
5836
4997
3535
3188
5532
5867
5909
5883
5913
5894
4697
5860
5863
5933
3115
3157
4715
5925
3226
3113
5499
5813
5647
4704
5654
5303
5851
3138
4219
3297
4699
3148
3287
4702
4837
3165
4870
4716
5626
5692
5935
5738
5786
5184
5944
5645
5724
5639
3283
5717
5737
5641
3371
5703
5228
5640
5680
3170
4735
3490
5955
4197
3580
5812
5255
5980
3362
5723
5646
5844
5758
5655
5790
5936
3244
2664
5840
4859
3114
3531
3322
5767
5822
3233
5719
5752
3253
3351
5296
5873
4100
3149
5781
5243
4744
5817
4145
3545
5150
5818
2853
3219
5482
4400
4838
5661
4106
5800
151
5771
4394
5778
5472
3402
3518
5291
3604
5733
5489
3204
3257
3249
1139
4186
5299
1133
550
5759
3222
5743
5638
3198
3598
4099
5687
5675
5254
4211
5966
2716
5821
5290
5283
5190
5839
5188
2748
3202
3220
5371
2811
3223
4940
202
5765
196
5263
5777
5260
13
3224
1122
1181
5359
5281
2689
4138
5284
5326
5210
3105
408
3314
2818
5338
286
180
6025
5156
402
331
3411
5694
394
2684
1329
5297
5246
5236
5237
5277
5350
5163
5244
5268
5223
5271
5352
1121
5304
5330
5270
5187
5259
5245
5415
5218
3508
4204
5768
22
1158
5247
5693
5780
5224
4375
5148
2706
5704
2883
235
5320
5820
2747
143
3101
371
1147
4752
193
5720
3991
314
4176
5217
4851
4967
1118
192
5272
2705
5380
5811
3248
5792
5261
2736
5769
5760
5772
5791
23
5784
4222
5686
272
1157
5798
5797
253
225
5747
161
1178
5483
5819
1142
209
72
5167
5495
5397
3623
1135
4367
5166
3273
3326
248
5443
208
3346
5204
3311
154
3621
3200
1125
2601
2710
0
5734
5735
243
169
405
3951
3990
5461
2621
3327
564
5278
2720
1794
3345
5725
2610
1907
1795
1896
26
5810
25
567
5739
2704
3127
5746
3252
229
207
213
205
200
559
2770
2944
2763
3261
2672
3142
5447
3217
2789
181
3451
398
2767
3456
3256
5514
5439
3455
5399
396
399
3392
2546
115
254
141
5400
214
3281
2785
2644
3210
2673
3278
3267
153
5168
3328
5457
3324
4141
2744
2775
152
2737
1911
2781
2758
1009
150
3457
3462
2511
2786
3389
223
24
5381
2643
142
168
3369
2655
99
1014
4201
2791
188
3384
5469
2746
170
3616
145
5426
5384
3581
167
383
2412
3111
2776
1101
276
5500
1889
1884
989
3216
5476
4134
5473
3237
1130
4175
3412
3416
4185
1186
563
2608
3243
3247
409
2732
393
2896
226
2783
5492
1127
2793
5485
3441
105
5416
3344
330
3569
1150
149
1020
5477
5456
3239
318
1119
3211
3295
5374
5505
3429
3370
356
4998
2709
4151
5466
4163
1088
1018
1045
5488
362
3560
3128
924
2583
2869
2708
5387
1047
5431
1044
5430
295
921
2817
4113
2859
3238
3406
2714
995
3391
322
1137
5445
382
5375
3460
5175
2756
5390
2649
5347
337
5424
341
2755
3506
5434
291
5405
5339
5458
293
5462
3332
1019
5427
311
2835
2663
3177
5433
317
5449
2717
5452
2821
5444
5438
5366
3380
3438
5388
3333
3160
2788
3409
5441
2761
1879
5413
5396
1031
5422
2813
1109
5225
5418
2623
5419
1814
2600
5383
5406
5404
5364
1
5622
5463
361
3379
364
357
289
5385
3396
360
2829
5412
5409
372
373
294
4080
1331
5368
376
5356
412
355
296
2798
565
347
3329
488
348
908
3459
5402
297
5361
2703
363
2807
4370
395
1250
5179
3415
2631
3399
300
381
2860
38
1046
5363
920
290
5403
5355
1024
352
384
5377
5176
5393
5395
5410
442
5370
5411
5378
5180
5379
5386
5181
5369
5376
378
506
5344
5174
386
5421
397
303
3339
392
3419
443
37
3424
3331
5428
3330
3398
3356
3213
5429
3401
1332
367
3378
5394
2622
554
3435
415
3404
3418
1548
3421
2901
3420
2833
3334
3442
1836
3414
414
3407
471
3403
3410
3422
3430
3425
3427
3436
3434
3433
3443
3440
3428
413
631
534
1614
2754
2741
476
2731
937
2037
1786
146
1850
2447
2847
2861
2977
2840
2795
2521
520
1588
2871
2772
1021
1590
2348
1870
2611
984
1618
2828
1126
2360
2100
568
513
1512
3009
3010
4179
556
1050
922
2779
751
2478
1598
1789
1860
2773
2762
2660
2774
1023
2913
2855
1027
1807
2815
439
540
2831
148
310
702
2895
2823
2879
2854
2722
2021
2836
750
2630
2757
2017
266
562
1240
2810
900
2851
2843
1239
1787
864
2654
454
972
2878
2669
1646
2742
2625
2995
1533
1716
1028
523
708
2661
2342
974
1380
2469
874
551
1287
1124
1790
2824
2908
2617
2837
2894
2899
2881
2670
2692
2880
1840
1852
2633
2715
2632
2922
1815
2718
2838
2613
2620
2743
2671
2750
2691
2619
2832
2698
2612
305
1025
2768
2867
1006
2870
2618
1805
2659
517
2719
2925
903
2782
531
2760
2640
1719
525
2845
2739
1706
1037
1784
2641
1272
1129
2848
2629
2753
2877
2729
2727
2728
2690
2682
2917
2668
2749
1042
2827
2921
1656
2653
1708
2866
480
1839
2624
1806
1647
2865
1030
490
2667
1816
2918
435
6
1823
1034
1029
2937
1709
2930
1671
1662
912
902
1703
1234
2931
2911
502
1705
2924
2576
966
1651
1772
3045
460
509
514
2089
752
733
2090
95
2427
2064
2476
1702
2864
1643
1664
1652
2850
2920
558
909
1642
2947
2796
1672
2839
1033
2071
1657
2874
2066
1641
547
901
2945
883
1631
2863
2826
127
1723
1326
656
2210
734
2184
2085
1229
1658
2628
1724
843
2961
893
655
907
1695
124
30
1753
663
2399
1728
1062
125
1283
2079
2423
860
1493
1638
939
2176
1685
1648
1640
1036
1663
1637
2430
713
672
906
700
878
128
1632
1674
2381
2485
856
114
917
2146
2108
2465
2479
2068
2400
591
666
2082
626
2147
1778
450
2086
2806
863
757
436
2449
597
841
77
3022
3015
2564
1426
1565
867
1761
1937
98
121
2326
2962
1213
123
664
870
2046
1501
2067
2439
845
2489
1365
2451
665
853
2455
2432
2450
2344
2063
2482
645
659
2005
126
432
679
1626
649
1508
2966
3031
2457
4167
2969
2052
2446
2287
2960
1216
49
1541
577
3040
2417
503
1609
3016
472
761
675
1765
129
698
1351
2094
959
1927
803
823
2445
877
29
622
743
1527
2206
1116
935
2466
2467
2470
2461
2481
2459
35
1516
2488
2474
2462
2484
1715
2477
952
2290
3018
806
2471
2464
1701
2125
2421
1330
2123
1729
595
1767
693
861
2113
592
714
869
4169
911
2266
1745
2049
3049
1732
1513
1759
647
1307
630
3032
1252
1617
1717
1619
2311
653
526
2351
1525
1781
110
2239
2323
945
1746
2413
1770
1620
1503
2119
1624
1077
850
1980
1780
2004
1496
1750
2971
2261
944
1220
605
1269
735
2035
2279
2057
667
1996
483
2073
690
1542
694
1095
1247
1518
2267
2270
2152
1777
1727
2160
1768
1700
1343
1054
106
1379
2318
479
2083
2174
1699
1242
1577
1058
2345
1419
881
1388
433
1495
583
1628
710
2584
1529
2952
1733
2284
1625
1684
578
481
2593
1736
2087
1367
1734
528
1410
2959
420
951
1752
1769
651
1568
671
624
1773
423
516
1201
1432
2970
94
1721
1128
467
613
646
1136
1939
2110
1762
614
1570
3085
532
1755
1740
477
582
1929
1456
940
1427
2948
1264
1502
707
737
633
642
1629
1612
1704
1713
1712
636
1735
697
428
589
453
478
451
421
3039
1324
1105
607
1776
1401
1737
2165
2006
2018
1534
1444
1623
703
1266
2149
623
1726
2967
1223
1473
2040
641
2989
715
1218
1407
701
3023
473
862
1595
3034
1450
2030
2025
1098
2406
2268
3014
1464
2058
584
1711
699
1261
657
461
640
448
681
1616
692
1621
588
449
424
1290
2956
1327
594
616
678
687
1606
425
685
598
676
706
1262
1281
464
1779
452
1775
695
593
1497
1688
689
1514
826
1366
1471
1725
688
662
618
1445
964
736
1451
1515
1573
430
1328
1411
2022
1549
1409
604
732
1559
1523
581
1467
963
1607
1610
1547
1498
1560
1567
1526
1601
1602
1499
627
1309
670
1583
3013
615
1517
717
753
1571
1540
601
2950
644
632
1561
1528
756
620
580
1301
1460
2997
650
1546
628
747
579
1359
606
1545
1311
609
1295
1399
1431
1562
603
1563
3021
1378
876
1554
610
1558
2034
728
1304
2157
2951
621
1556
1543
1574
1566
1539
1586
1578
1302
1564
1313
1268
585
586
611
1289
5
1255
1270
1532
619
1306
1531
1267
587
1453
1230
1297
1519
1741
772
1315
1468
3038
2001
1391
2580
1429
755
1714
1373
1452
3001
1417
1412
2984
3062
1228
1344
770
1312
1457
1435
3024
1299
748
1346
2091
3035
3071
112
2173
898
1424
3007
3019
1466
2158
838
3026
1430
3044
2078
1469
1484
1462
720
1345
1231
3027
2987
1463
1212
1476
1389
3020
1436
830
848
1491
1349
1461
1465
1108
1211
1420
785
1492
1475
1115
1374
777
1059
1421
2575
1350
1276
1209
723
1202
1416
722
2983
1224
1245
820
2062
2114
3030
854
1052
1296
1481
1259
1096
1400
1479
1477
1428
1055
1204
1210
1317
1322
1053
1051
1219
1274
1227
1408
1103
1205
1490
844
1279
1254
1294
1397
1292
1488
1487
1986
1494
724
1422
1291
1277
778
1286
1214
1300
9
3064
1288
1215
3033
767
842
1114
1282
836
1928
2112
1449
3028
1485
1056
1298
2111
1284
813
1486
3054
1273
1308
1303
44
1293
847
833
3055
855
3081
3050
771
817
828
3043
846
3058
3048
1985
3069
3042
1689
729
768
781
3056
839
759
812
1509
818
3077
792
810
3052
3068
786
727
782
827
3089
1510
718
2014
3082
1482
790
2045
858
1998
797
794
764
3078
719
821
760
787
2015
740
1935
805
3092
811
776
2016
3084
1936
2007
3063
3095
765
1931
779
789
3090
784
3088
742
808
3096
741
3094
769
799
800
2013
3037
3046
2054
3097
2121
896
1973
1063
2385
1942
942
2102
2468
2053
2196
2122
2305
2154
2187
2145
2329
2177
2569
2572
2272
2161
1084
2194
2456
2433
1354
2434
1946
2441
81
2394
2368
2460
1064
2249
2341
2292
2289
1948
2143
2388
2369
2314
2414
2115
2367
2097
2347
2362
2349
2252
1947
1107
2382
2316
2327
1339
1383
2141
2428
2304
2321
2424
2402
2350
2401
2306
5455
2440
2384
2220
2138
1341
2370
2278
2396
2124
2383
1082
2205
2151
2212
93
2291
2288
2299
2415
1352
1106
2140
2163
2333
2336
2338
2118
2371
2352
2331
1382
2452
2295
2403
2281
2153
2404
1833
2313
2436
2409
1083
1102
2137
2425
2222
2188
1111
2135
2386
2179
2429
1333
2223
1335
2230
2379
2286
2250
2227
2435
2136
2398
2201
2273
1340
2244
2355
2276
2180
2226
1080
2419
2132
2185
2172
2199
2389
2190
2263
2274
1334
2155
2391
2285
2374
2387
2301
2128
2214
2364
2365
2378
2354
2376
2377
2373
2363
2353
2372
2208
2293
2245
2458
2175
2361
2356
2168
2380
2246
2200
2131
2216
2297
2237
2217
2271
2192
2302
2258
2253
2134
2213
2247
1336
2183
2259
2191
1355
2189
2229
2182
2236
2181
2203
2231
2127
1337
2193
2221
2218
2215
2240
1338
2171
2251
2197
2241
2169
2170
2202
2207
2186
2209
2238
