226
57
61
3771
67
71
224
4393
65
68
73
204
16
199
211
2043
195
2037
56
220
2484
70
2035
196
208
2041
4351
191
2483
17
77
213
3370
58
200
2491
4403
63
2458
4398
4396
1269
2036
2504
217
4390
221
137
223
3379
2480
1270
18
80
3489
3269
40
3227
186
219
4752
2338
3434
3274
2331
2045
4655
182
2214
214
222
3485
4014
2507
3433
2334
2652
3423
3431
3477
452
851
3468
74
1362
202
1764
15
1308
2857
4096
4758
450
4154
136
2765
456
1314
601
669
2341
683
2329
3359
4670
850
2216
4397
2651
1294
210
4034
3251
1351
2815
1034
4657
1753
4049
4157
534
1208
3288
2778
465
4273
602
966
2860
872
3513
111
4108
4091
4060
1101
2977
969
3015
2330
303
306
2976
3497
4182
3596
4674
4728
4015
3693
135
1776
4037
3674
852
873
460
1092
2935
533
2791
3417
110
1542
2978
4405
3351
2322
886
4137
1342
1064
4100
2482
1720
4062
2215
3476
4069
4224
3419
1768
446
4749
4095
4229
3262
3334
1104
2244
1042
1035
231
4022
511
60
663
4551
3592
2654
2777
1283
1555
1300
1311
413
1081
2047
4200
907
409
3413
656
2496
2852
3514
4649
1133
4262
1116
1063
39
3260
3407
2855
4637
1543
3675
2969
2934
4078
2548
3401
3303
1699
1665
1701
1700
4075
2205
987
4124
2823
1669
4063
1703
2941
4212
3409
1251
3392
4044
4021
1881
4080
4226
973
3454
3405
403
4148
2447
4185
1374
3222
2345
1220
236
356
4219
1282
2428
3064
4757
4671
2513
2849
965
2784
4641
4135
2798
1874
232
1131
2166
553
1297
2446
1290
1490
4628
4648
288
2650
2697
1147
967
4622
617
3062
2057
2635
1815
3708
451
1214
1822
1105
3060
2328
3444
1919
866
3069
4068
299
4215
895
1078
3508
1731
1530
1170
4572
4578
2856
3061
1089
483
2531
1491
3383
3583
3270
3522
4176
3255
3090
2213
2058
3273
3056
4208
3267
3623
525
2335
521
2653
230
884
253
1850
3346
3519
981
947
2212
3258
1329
3065
1781
2743
2323
229
1153
671
3550
2658
399
1174
1102
2794
2070
4
859
3521
688
971
239
4088
3641
1139
3009
1370
161
1821
4085
2400
970
4207
4329
4073
610
1222
985
1060
3194
1052
662
2810
2731
4120
960
4201
41
2547
416
4664
4646
2818
367
1384
980
4542
618
887
1775
1803
3210
4554
1373
3611
1670
3726
1343
2248
3703
4235
3327
4136
2530
2201
3057
999
1280
3509
3212
3412
3283
1825
254
252
466
1674
3324
3494
2200
4041
4264
1083
4284
1858
463
3467
1666
339
1071
2790
1281
3290
3071
3276
3691
2239
453
3709
882
1366
1397
1398
62
1410
4324
2511
3121
3804
1426
1431
1409
1439
804
22
21
740
1417
3784
3788
3892
4485
1446
798
1482
1486
4349
52
1455
1441
2279
3787
2063
2062
3115
742
801
3130
3922
3809
2102
2087
2271
1428
1639
1400
735
1648
19
3116
1450
1487
3893
1451
4495
20
768
2493
3929
3114
11
1434
3907
4479
3781
1392
2633
51
3179
3827
3818
36
4501
4584
3719
4442
2859
4430
4445
3768
3769
3878
3475
2603
2267
4444
2501
2497
1994
3786
2009
3360
3862
3785
3175
4188
2515
2662
247
164
310
1231
1378
4114
324
4076
3745
1802
3681
3067
4115
2438
2443
378
384
2029
2985
2353
586
2582
1202
390
3639
1333
3254
259
215
4164
4416
3435
3613
1782
4097
1136
876
1106
4113
680
371
885
1341
1363
3812
3817
3172
3807
3178
3791
1430
1449
1421
3707
1418
1423
3137
2081
109
3120
1456
3762
4429
3770
3758
2074
3515
2537
4350
1286
3164
3836
1992
3767
1973
4337
1185
2247
1459
3869
1184
2286
1531
3129
2022
3162
2134
1975
373
4325
3963
3158
3118
1460
3117
3766
1519
1462
808
2430
4467
4152
2631
4194
4490
3109
2865
3909
3207
3916
1984
1416
3732
467
2276
3933
1420
3782
2536
3806
2351
4192
417
3696
3871
4348
3206
3914
2085
3894
734
4601
4118
4464
2015
4560
2882
4600
3789
3790
3780
800
795
782
2661
1903
1368
1680
1659
1661
2563
197
4499
4504
4418
2837
4367
1468
1470
1463
1476
1505
1443
3908
3182
1252
3040
3856
3857
3486
4412
2869
2591
2576
2254
3111
1556
1974
4334
2291
2337
4546
797
1437
177
4510
1545
1547
98
4770
31
1657
1979
3662
1509
592
2010
2558
4642
1510
1644
3979
4743
1508
2512
4500
1527
4604
2639
2005
2361
791
518
262
1709
43
95
3173
3663
2604
2000
948
3027
1414
4012
4187
1583
3375
4011
1976
722
2012
3727
2510
3213
2462
4544
2159
1718
2993
3259
206
2783
3124
1927
2821
4654
3297
3566
4272
3426
3602
4668
2220
2980
3385
4198
2327
891
1820
3667
4639
1895
2698
817
1122
3666
2324
2412
1812
3552
188
2457
2926
121
867
3590
4227
2585
3580
1454
2990
2699
3165
2675
3097
4443
1564
1389
4433
3646
2632
4468
134
47
2524
1655
3876
4629
1407
1847
2008
1931
1568
92
2538
42
4347
2991
3816
1404
3180
3847
3607
4516
2888
3887
3970
3196
3778
794
1989
2051
2287
3073
2080
3941
3759
3801
3795
3017
4112
1900
4346
3078
1953
160
3653
2705
2701
2707
2543
2307
4634
2039
3237
748
3577
2960
3148
3993
4001
3393
1255
2095
2301
1424
1481
3811
1442
3772
3773
3797
1478
1930
1348
2454
2450
2252
3024
2562
726
1196
2677
2033
3649
2659
2732
4755
1271
695
2567
1205
3386
3197
2320
97
4359
1837
3984
4453
209
606
3141
3338
1512
1576
1344
4494
2006
4352
1888
3208
2120
2112
2281
4008
3366
3815
3946
4636
2544
4483
3651
2682
3284
4323
4010
4370
524
4345
2007
3579
1304
1988
2317
2572
1338
3242
4104
853
3032
1834
2303
789
4744
3652
507
3629
1938
1958
4511
959
4441
2014
3861
3006
4380
4000
2295
2283
1406
1536
1496
4474
2817
2004
1435
2489
2077
3743
2423
3901
1561
3917
764
4778
2432
154
2090
2302
2109
3086
4451
3110
3879
4586
3320
2017
4432
2472
1647
1996
4420
2390
1629
4735
3169
2381
1541
1429
2552
133
1140
2100
1572
2076
1385
4753
1587
1098
1866
1980
3005
1965
7
1253
4476
1285
117
605
281
4427
1950
2463
2741
1517
1552
1937
2002
2609
2610
2933
839
1386
3958
2690
2858
3211
4518
4760
1981
2683
379
810
2824
1161
1287
1230
2579
1660
149
1325
3756
46
3971
709
3632
4455
1326
4699
4463
1993
2082
1978
3748
926
2788
556
4007
3318
3928
3126
2964
2617
3317
2564
4470
1371
2105
3757
2210
2127
1960
90
1507
1630
1539
3865
612
4775
2988
4366
4132
2503
3535
3540
4656
1955
4322
803
2078
3376
228
1961
3581
4534
3718
4569
2388
2769
717
3586
3724
1291
4568
24
2311
44
2003
1577
4574
1518
4562
2114
2150
1982
2583
3047
4701
3846
2032
45
1413
3135
4373
3875
3563
3330
4175
3161
4517
639
1187
4362
473
4458
2559
1632
2703
2727
802
809
3215
595
3720
3881
862
3243
1563
3096
3934
3533
4712
433
4377
1649
103
2460
4573
731
4716
778
2685
4230
3532
2989
1954
3712
2404
1425
1926
657
2915
4341
2294
2626
430
4454
2605
2151
1155
1842
2136
1335
755
3677
1497
3021
942
203
515
1137
4482
723
1293
4539
3969
4209
4613
3151
1391
732
765
774
4541
1617
760
752
3654
435
212
4440
4419
29
577
3711
3685
1964
3023
2584
4459
4515
2146
1921
3995
3938
1259
2846
1656
4522
305
1869
2812
1831
2696
1112
1844
1256
128
144
4389
3868
3314
1924
4343
759
3529
1646
2574
3867
1966
3020
785
2692
105
152
1433
2629
2630
2695
331
4567
4561
187
3496
4326
3055
2996
2997
763
769
4330
1203
4767
2679
1905
1959
2624
469
3872
2680
4436
4683
1808
3746
3145
486
2541
1939
3153
153
1622
3924
2272
4301
4779
3031
3033
3492
3487
3511
4477
1516
4466
4333
724
4321
2800
2607
3715
2719
4772
1852
535
1929
3013
2245
2209
472
4205
2171
2161
3890
4299
1947
4695
2581
497
2425
1591
4496
76
2086
2155
4084
3168
3926
3895
194
4372
4686
2427
3911
3939
3461
708
3170
4410
4399
30
4776
1997
3954
2148
201
3483
3897
1902
914
1934
3912
2157
2223
4305
1899
1312
3104
1415
1963
4328
3919
753
749
1575
2268
1810
682
4058
4190
2092
1892
1943
426
4363
3985
1910
2093
4298
539
3940
814
1977
432
1856
3899
32
4119
3957
1332
1635
3217
4692
3323
89
4204
28
3576
3092
1303
1991
2444
4530
3380
1945
4382
1807
2088
2280
684
2274
143
2539
1870
2901
1662
1068
1284
4491
728
1683
1549
4487
2207
1928
1772
773
2488
1912
2540
819
33
2068
1387
727
2125
2149
1940
3968
2098
2123
2461
1364
2571
1621
1941
2218
127
1087
12
3004
0
1011
1843
2227
4139
2831
2619
2445
2421
2448
3390
2972
431
2265
3537
3087
2130
4414
1951
2557
2921
2107
4745
1540
1935
3012
4484
1879
49
216
3278
1359
107
772
2618
34
1889
101
1949
2953
1275
4509
3340
2889
2075
112
2143
1857
2535
4520
1327
272
796
1513
2393
3185
1995
2884
366
3851
1956
3363
4608
1598
1677
102
345
3026
3977
1262
863
50
1946
2179
1952
96
1932
2135
4599
1957
1574
478
2615
712
2890
2314
4147
113
163
4653
4659
3775
3699
2111
775
2570
1075
2761
2357
3873
3316
4651
2616
1944
1061
1990
84
2067
263
1836
132
3910
3855
1336
3996
3973
4327
3967
864
1968
1901
1969
1923
176
3877
158
1948
3252
1654
2588
59
4505
4595
3657
3311
145
4714
2367
171
751
1933
3011
4514
2434
4535
4756
3035
2836
4591
1260
1762
237
1936
1232
564
2110
770
812
3163
2104
1723
1558
1613
2416
1999
2122
1917
1682
3705
4356
2141
2843
2050
3474
1588
122
3697
4462
2101
4472
3874
3702
2131
1672
1330
542
2929
2140
4360
650
3637
3054
3349
2181
4621
758
1388
921
398
1751
1525
2133
4166
532
1239
3354
2118
2056
184
805
2186
2144
2160
218
48
69
2163
25
815
2176
3353
854
2182
297
1567
3190
4431
3990
116
439
687
681
1727
1839
2471
2188
170
2556
2751
1708
443
1277
3348
3034
2844
2594
956
1299
4650
3437
2195
198
3342
3399
205
421
537
1069
2091
2106
2142
1658
425
4446
607
2191
2189
418
4662
2121
835
4457
3749
2113
131
1554
2196
3355
1548
2116
2164
3959
2138
4422
146
3661
3998
1189
279
3915
4401
2426
2132
4681
3676
4167
468
2566
2565
2716
2319
3424
2119
4473
4526
2168
2089
2169
2180
2173
2178
2156
26
4615
2177
3249
64
86
2211
2137
823
2864
1571
3988
2001
1840
2170
104
4765
3904
1515
3779
858
2145
4623
1633
697
3923
3634
1535
4581
1001
4384
2260
3230
3205
2370
2554
793
4180
3932
1498
2128
2183
55
2154
2192
4627
190
2204
2184
162
2172
2194
178
826
4785
2202
106
292
2174
94
784
4054
4387
781
2288
951
786
1313
3656
2185
192
4585
4596
4447
4465
4428
4618
2622
2224
3741
129
692
3798
2523
3367
1349
776
78
2627
270
258
2167
954
2187
2117
2153
4576
4632
855
643
714
2621
2304
2724
2103
1942
4532
1514
4513
1501
4503
4174
3966
2712
3025
4129
2518
1578
538
2359
1643
3751
946
4368
165
1767
4788
3041
3049
777
1816
909
3631
1794
2636
2490
4769
833
733
1791
837
1891
2520
3315
2912
2714
562
3965
2084
747
1276
3313
3152
2634
2551
2521
475
1690
2620
3825
3710
4274
3305
1192
3962
179
1503
2602
462
1882
3925
3991
3728
4531
3310
1676
2992
3085
1876
2405
668
2623
2596
3647
183
3131
3949
1278
91
955
2678
2064
3309
2464
2595
2625
2866
1841
689
2768
3308
2613
1546
4543
4452
3849
2358
558
3981
2502
3760
2273
1748
3248
2555
4046
977
1059
1013
225
1533
2762
3587
2870
1200
1817
3880
4236
4353
2575
2126
2553
2509
1565
1022
3952
779
1562
1597
2175
757
3155
4625
27
2736
3193
1788
3304
506
1914
2542
185
4426
1800
3660
3731
2560
88
2165
4268
4203
1611
3736
3488
2275
832
4409
363
309
1829
2193
3138
517
2417
3235
3744
527
2025
2197
1790
1594
2592
4538
4521
4540
4598
2190
2198
790
4559
811
2206
2468
1853
3312
2628
141
2232
588
1645
1871
3819
1586
138
920
4032
4220
4358
415
2436
2065
1747
2486
235
4545
1761
1614
491
4606
4400
1337
2522
1890
2494
1880
4536
4421
2590
4450
2469
2506
2672
130
4319
4549
4547
1532
4460
649
730
4571
2199
3159
1590
807
2152
2129
2670
1602
2577
2249
721
566
4700
567
3900
1334
2348
126
1088
1592
495
587
3960
2772
4682
1212
123
910
2730
4619
2580
4610
1559
4529
2269
1225
3948
3214
2124
2598
4614
4533
150
314
1288
3306
3302
514
3848
442
822
3944
690
1182
4602
4550
100
1091
509
1640
3936
3352
4177
3682
676
4524
4013
700
590
3339
3980
3142
1967
3102
825
2668
526
2713
2710
3307
181
1691
4587
3906
2203
4548
3076
108
950
2744
148
1569
2277
593
3942
4570
4575
1489
4040
4787
120
4603
1195
155
799
3149
2673
3858
4417
3038
2230
979
2237
2517
3950
4617
4184
3100
308
3551
3859
4564
2550
3918
3776
2589
2158
180
167
172
124
193
173
2587
2465
2297
285
271
266
4566
2231
2499
3673
3891
3176
4611
4197
4425
1272
3
2721
857
79
93
274
3955
827
4590
4537
2737
311
3098
3678
1024
840
2229
4697
4647
2066
119
125
151
2708
4579
265
2612
4592
2139
718
828
2059
4558
2660
4552
3298
719
255
2061
1322
1805
3648
139
4528
2208
1589
3885
2099
3761
2240
2162
14
830
2226
4589
2219
2262
4553
2825
4361
2473
3664
3281
3030
1801
705
4424
2253
821
2069
816
2228
2278
2236
4624
2235
2315
2221
4525
2270
4612
2060
4523
856
260
4580
4481
4469
4565
2310
831
945
818
1324
2256
3189
3099
3860
3903
1971
2308
157
2987
1274
4364
1612
1972
2261
3234
437
674
952
2321
3479
2284
813
829
824
2298
4492
4493
4620
806
2222
4593
2300
4478
2293
729
710
2318
2312
1412
2313
290
652
1402
284
2259
4626
1401
2264
4423
4605
340
2306
261
3692
4415
4556
4645
2296
3888
4633
2251
3183
6
4413
584
142
744
2266
2108
2305
2285
2325
2234
2246
2073
2071
1719
2233
4448
3177
2250
2238
820
1273
2258
2072
2299
1292
1279
2255
3716
4555
2217
3166
362
716
3106
1405
1298
38
2290
275
361
3154
4786
2332
711
1301
4577
1296
1675
2822
4631
2994
720
2048
329
1356
1352
3777
2044
4354
3188
3113
3105
3053
949
1560
2340
4764
637
3191
3717
3688
2975
1302
448
3271
3706
583
1634
3889
632
3469
3956
3961
3655
4661
2839
2971
4557
1809
2021
3687
114
1606
1911
879
4133
3143
2809
633
3181
2049
4658
3083
2350
3050
3084
3184
115
3645
3101
4784
3046
641
597
4594
1913
2637
1566
2871
4781
2764
1867
3658
4316
1553
651
2369
4355
4771
1773
264
1813
596
3659
3560
4318
3224
346
2638
2813
485
2439
3975
3698
1793
3723
2766
1804
4665
3285
2409
3740
3599
715
3029
3850
2336
2973
3018
3589
3122
2819
4033
3016
3077
2549
3484
2391
3575
554
2442
1573
3132
3014
2835
2873
1258
4172
4704
3559
3037
670
4635
13
392
1111
3999
3088
3668
928
2470
4597
2974
2874
3028
3192
3591
3044
2970
3160
3080
3604
2656
4730
941
3268
3241
3644
2360
3045
330
2847
3585
4705
2546
3636
3704
2655
256
3068
4747
2854
3107
2872
3048
2545
4740
3854
2664
2667
2754
2053
932
2752
4754
4780
3003
1792
2687
4609
3074
3081
3665
2984
3127
2734
3753
3187
2020
3898
2979
2842
3609
316
3186
2816
3231
2728
3470
3043
2657
3093
2804
3416
3082
2516
3747
3603
883
3989
490
2907
2718
2811
4213
2773
3051
277
1785
4047
2568
3075
3300
3556
4680
1241
3680
3195
2597
2573
4777
4379
2527
3554
3465
3683
2593
3669
2904
2827
3146
2805
3420
3321
3523
939
3289
3239
3052
2796
3528
642
325
4173
3986
2378
1085
4171
4186
908
4142
3974
3722
936
382
2881
2561
4404
3233
2614
834
458
2775
336
3295
3555
3002
3539
2729
2981
3072
2841
334
2704
3448
2745
3734
3079
4677
3531
3008
1295
2606
3253
2711
4025
2666
3414
2897
1962
3549
2983
2466
3070
3545
2671
3382
2746
3466
3291
3240
3595
347
4741
4105
3328
4144
2780
3920
2876
4667
4746
3058
3000
3350
3672
3286
2830
3063
4742
2986
3527
3036
298
4582
2932
3089
4725
233
3612
4160
315
3292
2787
2645
4715
3828
3821
2808
3373
3123
2999
273
4678
2733
2867
4666
4679
2674
3565
3543
3460
2717
4750
408
3329
464
3643
4751
166
3112
3605
2750
3542
3362
174
3561
2885
2693
2665
3578
4718
3369
2715
3600
3686
3430
2878
3558
4411
2883
2834
2676
234
3714
2875
3236
2759
4707
913
2862
3264
3010
2913
2920
2833
3452
3994
276
4002
3493
940
328
3520
937
4783
2853
4684
2928
3447
2740
2738
3601
3633
3564
3517
3562
881
935
3557
3526
2909
2982
3582
4660
2644
3344
3404
3358
2911
3377
3733
2801
3530
4713
323
3610
3473
175
3421
3094
3331
934
3411
923
3147
4738
3567
2945
3247
2586
3506
3510
3364
3343
2877
3139
3518
3548
3534
944
3395
3546
3516
335
2868
3199
897
3536
459
2749
2706
3001
2939
3322
3332
3507
3408
3694
3964
3299
318
3503
3410
3128
2793
3471
4672
3541
933
2848
3725
3553
919
3403
3356
3232
3684
4676
3333
3502
3357
3525
3347
2845
4734
3524
3204
2799
3615
3140
3538
2962
4663
2459
3238
3418
2838
3275
3446
2722
3125
3505
2916
2748
4675
3429
3368
3721
3203
2795
2938
4748
3584
3547
3365
2735
2861
2956
2601
3397
3335
2770
2924
4153
3381
3752
3387
3372
3361
3396
3263
3391
3371
3250
3345
3608
3504
3202
4673
2789
3398
3544
2887
3406
3341
3400
2968
3695
2807
3389
2776
3445
2669
3277
3261
3134
2896
2774
3279
3402
3597
2895
2641
3729
3272
2753
3472
3459
3627
2709
2908
3265
2925
2947
2879
3200
3614
3427
2797
2937
2951
4721
2898
2782
3635
3133
2863
2927
3701
2918
3394
2923
3415
2771
3713
4719
2940
3201
2802
4729
2880
2966
3572
4669
2967
3621
3638
2893
3501
4726
3616
2894
2756
2914
3374
2649
3280
2886
3620
3679
2942
2943
2948
2944
3630
3594
2931
3742
2963
2957
3628
3571
2922
2910
2936
2946
3422
3569
3640
2757
3568
2930
3626
2954
2758
2949
3570
3617
2826
2961
3573
3622
3625
3606
3735
2959
3624
3730
3737
3754
2950
2456
2905
2806
2814
3618
3750
2952
2840
2955
3755
3574
3619
2892
3642
2891
4392
2803
2747
3326
3443
2829
2611
2760
2785
2779
2455
2792
2786
2441
3491
319
3500
2646
3498
2642
3481
3325
3853
2643
4724
598
4722
4146
3442
4763
2467
3983
4125
4774
2820
2739
2694
332
3976
2700
3490
320
3951
2725
4733
4761
283
4070
3499
4072
1199
3987
3425
4090
3512
4386
4099
322
268
4687
3883
3296
4086
4720
302
4702
4759
3245
3945
3937
304
3256
445
3852
1
2742
3246
4768
301
4691
326
4709
1987
327
4093
3478
3464
4042
3978
3458
3457
4043
4004
3495
3456
3884
3953
307
291
3440
3441
4029
3480
4689
289
3220
438
4071
3997
4126
4179
4158
169
391
312
4696
925
4710
249
3244
4250
286
381
4311
4165
3438
4107
2487
428
4407
4045
3450
3229
365
4079
3882
401
4169
4130
313
380
3225
269
2519
294
241
242
3209
4163
296
295
4155
156
4732
4739
4134
3287
3436
4151
444
3216
4057
4056
400
2534
3091
4723
2508
238
4087
4199
280
2647
4317
3451
2648
317
245
243
240
246
321
420
244
248
4009
3463
429
4406
4050
3226
3455
4690
4051
4035
4064
3337
75
4122
3319
3462
3439
4140
4159
4150
4145
4698
4161
364
82
4109
4191
4003
3228
4055
3428
4385
337
455
4309
440
4306
499
1193
4688
4131
4128
4036
3336
3257
4196
4141
4123
4168
4005
2514
4006
3282
4162
3219
4314
4143
4149
4156
4315
3218
2485
2028
4116
4727
4183
3453
4170
4178
4081
4024
838
1223
1194
4320
4310
4246
4193
4067
3293
4703
4048
360
1218
4065
4189
3294
4181
4357
4221
4233
4111
4094
1315
2529
4228
4247
2474
4030
4304
4101
1219
4243
589
4300
4303
4053
4102
4263
1204
4210
4307
693
4308
4256
1211
4061
1215
4052
929
766
2525
4313
423
424
4038
250
916
4195
1372
1216
4223
686
4082
1227
4206
3432
251
4019
3449
4254
750
4059
4251
696
4211
4225
591
694
4092
2526
4028
4027
4312
4255
4249
4245
4252
4239
4295
4257
338
4039
4016
4127
1210
4121
2479
4018
1305
1217
3266
2492
4023
1213
4031
449
4202
1316
4222
4074
4110
4089
4234
4117
4017
4020
4103
4218
4217
4253
4232
4240
4077
4248
4259
4098
4216
4258
4244
4261
2528
4231
4302
4083
4238
2532
1226
4296
2478
4282
4270
4265
4291
4242
1228
4260
4290
2383
4214
678
1224
3221
3223
454
4267
767
4293
4275
4297
2476
2533
4285
4286
4271
4237
4269
4241
4292
4289
4279
4278
2475
4276
4277
4294
4288
4287
4283
4280
4281
1328
461
1289
1307
393
387
2397
383
341
1221
1360
447
2034
1186
358
83
550
1306
902
917
2379
411
402
434
2040
743
1209
422
436
410
1320
691
1321
414
543
412
667
342
1176
1238
660
1191
508
1246
604
1177
901
504
505
1323
893
878
1367
2389
915
1179
666
1181
369
2396
2024
500
377
699
900
1261
1863
484
636
388
1382
1245
1248
1249
559
419
405
1237
661
9
404
441
396
1247
457
1242
912
357
528
1236
389
359
1178
1309
546
1175
2316
1244
406
492
2365
561
603
1180
2371
474
2449
2398
1243
1188
482
523
659
563
375
2364
1492
560
2407
547
1353
1229
557
397
698
368
541
1369
493
647
2373
1234
2376
545
498
594
648
370
394
1265
1032
2326
549
2380
1500
918
386
1201
343
2433
1925
930
2419
81
471
626
1544
544
613
522
1909
540
1493
376
2030
551
555
1754
2372
552
512
865
889
2344
548
520
531
1998
568
2440
888
1198
87
1679
536
1263
896
984
1763
1534
2342
2382
905
746
395
704
510
494
487
906
880
703
355
1006
1019
1838
845
1005
1922
385
1266
344
1173
3814
1028
904
2354
2333
1264
2352
502
501
2408
968
996
2346
477
1379
496
1818
2395
470
2356
1380
1786
503
85
530
892
847
1537
2435
2437
1771
1002
619
1681
1736
1624
2500
1383
1806
989
1875
1601
654
992
374
1381
1377
844
1376
2399
1832
1523
352
1732
1797
1811
1619
1623
1607
1579
1375
624
1826
354
1062
1615
1057
658
1845
2422
2403
1144
1154
1855
1893
2406
1692
585
860
569
1526
846
1854
640
875
745
1608
841
1678
2366
2386
679
1652
1650
1814
1557
1504
1828
1784
1827
702
1823
1859
2368
1600
1824
608
1074
1835
1916
1593
1664
1833
1596
1152
1830
1073
1580
1267
1551
2339
599
1846
1673
1642
646
1860
2394
848
1529
1819
1778
943
1653
1618
1190
2413
1058
964
1795
1636
1599
1641
1798
1581
1783
1626
1715
962
1777
350
1744
1625
1080
1796
1037
701
1010
1631
2363
1789
2385
1086
1076
631
1207
1627
1077
672
1774
635
2375
1146
2424
1609
903
1743
1018
1686
1097
2377
927
351
673
991
1907
1693
1584
1628
1689
655
1017
1638
1268
1724
1620
1787
2402
1120
2411
1637
664
2415
1094
1755
349
1726
348
849
976
1110
1145
1725
978
963
1610
1128
2418
1780
1015
1134
922
1197
2392
1000
961
1570
1538
938
2
877
1023
1595
1082
1115
1605
1125
1119
1717
1745
2410
1009
1090
2387
677
1127
1716
1100
1123
1072
1694
988
2384
2495
1117
1710
1126
1206
627
931
1129
2414
353
1109
1113
2374
911
1149
1769
874
1141
924
842
675
2429
66
1499
489
2431
1157
1696
1150
1070
1096
1118
1156
611
1685
1158
871
572
1138
1166
576
1135
1159
1095
634
2401
1734
890
1107
1124
1906
1130
1164
1752
2420
1162
621
1886
1908
578
5
653
1026
630
1733
1887
581
488
579
975
570
1915
1143
1759
1148
1151
623
580
582
571
1108
899
616
868
2452
2453
620
1970
645
615
1704
600
2451
628
609
1142
1093
638
1079
1169
1897
894
1904
1896
629
1041
1884
1114
1883
1712
1739
870
1894
1918
1103
1168
1163
1695
1862
1004
1132
1171
574
575
614
573
1167
1121
1160
1877
1873
1172
1878
1861
1849
1016
1898
1868
1885
1713
1872
869
1014
1742
1851
898
1848
1667
993
1067
843
1050
1671
1084
1668
476
1722
1740
1697
1758
1065
1165
1735
1066
1749
1053
1741
1756
1706
1765
1714
1688
1760
1687
1729
1702
1698
1757
1711
1728
1746
1721
1750
1730
1705
1770
1738
1766
1055
1007
1046
1056
1020
1033
1054
1012
1003
982
986
974
1051
1049
1008
1043
998
1040
1021
1044
1036
1038
983
1047
1045
1031
994
997
972
1025
1027
1048
995
1029
1039
