73
2819
82
65
234
2315
237
59
251
241
76
2847
2838
2863
17
242
81
2309
72
62
231
255
222
236
249
239
226
56
227
86
218
252
46
256
2999
2313
248
16
47
154
2818
4330
5396
3854
4004
18
2859
153
1838
2656
2054
1258
3953
1865
1578
257
4078
2066
1877
798
5045
4014
3851
3736
3997
3853
1341
4342
1254
3952
4783
4085
3985
254
3792
1564
5047
2852
1529
1518
3998
3968
2849
4005
2991
1554
296
3979
2010
1154
1270
3964
3944
5394
393
94
45
2566
1217
3943
2925
2547
1257
2628
5052
4023
1998
5494
217
3861
5323
134
69
2551
5489
683
3969
4784
2804
3737
4029
1429
3864
1995
2663
1292
5287
583
724
2077
2857
2505
2658
681
589
5386
2622
1373
5336
4645
1972
1949
2661
1138
1240
4272
2834
2865
2559
3752
4611
4640
4086
1241
289
1246
1141
2246
3883
790
2820
4560
4601
2303
1986
2305
374
2971
1530
3513
1212
2831
1004
590
4058
95
4047
506
295
2612
1536
626
3477
1119
2513
2332
3277
3206
625
2512
4375
5271
1032
693
759
3781
341
1574
4032
5109
731
4700
4688
2319
463
4816
478
1017
3088
1221
453
4299
300
1343
1584
2125
3875
997
1340
2133
4283
462
2924
4687
1210
3197
3871
5068
4730
286
3957
5249
2592
4271
3674
1985
3084
1400
3946
5222
3207
748
1418
5305
4341
633
2963
4924
2646
3271
3196
4101
4040
2817
5050
1267
3086
1496
2888
767
4702
2666
1278
3714
2107
970
772
1047
3079
2245
4238
2601
1543
3772
471
2034
4046
680
3441
1519
98
1948
4921
4080
2392
4559
1203
2069
960
1557
1298
4242
2508
1800
4863
4771
1487
728
2514
4088
347
1274
976
1337
1575
1335
1209
796
5398
277
455
2390
2862
1284
2046
3937
3835
3891
2473
2816
682
3700
3897
996
1310
275
1279
5495
3665
2807
4397
1625
3668
3653
942
4498
4396
5048
5049
5053
5409
3675
926
1619
5088
2697
2722
1668
3651
1853
3663
5087
1728
914
1857
5133
5005
78
859
7
258
5057
5414
864
79
71
2266
4493
1820
5184
1626
2698
3552
823
2363
3701
2298
3673
4651
907
3671
862
2272
872
4607
4349
2187
4347
1486
2757
1583
3803
5354
2630
5337
5245
3776
247
3107
3063
5306
415
2109
3783
3973
5330
5248
4019
5393
1580
4986
3134
1539
3137
1165
340
3125
3819
5170
2657
5475
975
4116
2333
646
2501
1563
2758
5127
382
789
4338
1312
2864
5227
3859
2334
3767
203
1568
2269
1620
4487
4501
2921
5134
911
2424
1821
2692
5177
5168
1843
4388
2726
2711
4445
1844
1752
2607
1739
4409
4295
2428
3075
4494
2262
1902
5510
2270
4666
5476
5171
1693
1806
3421
2377
1653
916
2381
4403
4477
1618
4461
5183
5192
4455
2308
1727
2920
2260
1683
4425
280
3487
2252
4486
4464
2251
1805
5158
4479
1754
5164
5150
4471
5424
4509
5090
4535
5413
2798
4025
1660
5430
4536
1777
2250
2267
1751
3553
3609
3182
5200
4462
2625
4422
4210
4356
5406
3681
4545
4406
4469
3816
1624
2265
3662
1785
2214
4502
1226
2485
3623
5420
4568
3696
3175
1946
1869
4483
4386
4453
5404
4496
5428
4472
4435
5102
4534
5447
3599
4392
4418
3607
3600
4491
5435
3680
4482
586
3624
5195
3615
4488
2357
5004
1939
1379
2352
20
4289
225
623
306
1808
4805
2824
2878
898
4468
891
388
5482
1935
5013
1710
115
5437
5469
2917
2412
4480
3676
4631
2731
1858
1424
1983
4880
4824
739
4932
1038
1317
2130
3707
4812
4829
3789
2083
3489
4931
3352
4041
2550
4558
1476
3978
3988
3501
2025
1572
3347
333
3502
4170
1277
4107
3186
2062
2347
3847
2247
761
1059
4679
3482
1305
3869
2075
1593
727
4531
4778
3350
1859
4076
4075
4028
4449
4470
3604
4473
4441
2253
4428
3385
899
5408
3420
4433
5512
3387
4485
4456
2276
4405
3422
4662
330
2935
544
1719
5426
5421
4465
4432
4670
2756
3548
4478
4398
2479
4481
918
917
2716
1604
5433
2842
5022
5157
2995
1778
922
1737
5120
5112
5105
3021
3472
2238
3433
869
4421
4414
4415
4427
4424
4434
4426
4436
2268
2694
1929
1913
3081
2099
1733
2900
1966
2882
2795
2194
495
4457
4420
3982
2052
1736
4167
3296
5415
1360
2832
3591
2147
1795
1064
2953
5444
3684
5136
5434
5101
5039
4145
4450
4917
1679
921
1463
2216
3151
2257
2684
2096
499
1129
3672
1781
4413
4146
2701
4475
4431
3150
3298
1213
3413
910
4171
4082
182
2263
3682
5008
351
2278
2811
3173
4714
2444
1439
2993
4365
1189
2781
3573
1685
2273
4990
1809
311
4770
3689
5104
783
4355
3072
5146
4682
3005
691
3040
2600
481
3551
3603
5457
2220
2206
4440
792
3652
3412
3172
2700
1700
2325
207
4391
4459
1385
5159
3894
3507
1740
4994
352
5304
622
4442
5429
925
902
1731
4221
1589
107
5322
1623
4540
3080
1862
3049
5341
355
2916
1705
1905
2708
4279
315
1975
2204
51
676
1663
3622
303
1832
1255
4544
4148
5275
3117
4597
5207
1664
4995
4466
5216
3679
2881
35
49
3057
4454
2880
2264
5439
2778
1697
1712
5474
3414
32
55
807
5254
2499
3608
5141
2326
3549
2369
611
2240
3497
440
502
3341
5511
5018
2968
2746
5328
2102
1868
1906
3518
2751
1907
3455
5082
4467
618
412
2945
1724
5449
4249
1238
1571
2730
3568
5256
2720
954
1826
137
615
2631
139
88
1235
756
2421
5381
191
3447
4255
5119
2307
157
3567
3
1842
4333
1460
1171
1316
3251
3471
1218
4378
3919
4520
1488
2405
5295
2604
5499
5363
4985
2113
1125
4213
616
5246
4260
749
44
5319
4273
2329
3828
2511
2503
164
221
143
142
821
879
2709
177
4314
5327
1652
592
5359
4261
2487
4339
547
434
5303
602
5281
743
3236
4141
3238
824
5116
2676
2586
1555
3203
162
4268
3432
705
5490
1699
1687
4228
778
5333
2959
947
2897
310
1591
110
530
2366
4447
384
5290
3242
5349
851
4156
5343
3538
1644
704
349
54
3276
4120
2376
812
1691
3589
2685
2549
5182
491
3588
2430
1681
517
473
1627
627
205
3328
4404
2165
3112
2093
4570
208
5486
4217
4546
1614
1783
2982
4458
4387
3485
33
1916
909
170
4446
1750
3431
1104
3299
4077
2359
313
3590
4385
4423
4439
2375
2378
1690
4123
3545
2918
3410
5185
1613
4410
1928
3379
3406
2063
3554
3411
733
5135
1183
3235
23
1923
5440
1510
2282
104
531
2901
2271
1734
2747
5031
580
2318
820
4308
1611
5236
2872
2425
4718
113
3948
2215
1628
5441
4668
375
250
3462
1730
2796
3225
597
1732
998
155
4149
5432
2461
3546
3454
106
3039
1729
908
1779
604
4628
3386
2100
1711
3295
4157
897
2979
2293
2292
2764
4869
3074
5289
774
4835
2822
978
3034
3105
1742
1617
2933
816
913
3423
2091
1345
2275
1932
3130
905
3677
4115
2598
4585
2615
1937
750
2286
1726
4180
1934
3129
1833
4297
2394
1746
4849
809
309
608
2885
1936
3536
4727
628
923
4227
4225
4310
259
989
5019
1090
103
1947
2936
1915
111
5113
578
1791
5138
557
3650
543
2960
4358
4538
1634
2707
1616
1224
3556
1873
3529
857
2974
787
2907
5194
2869
1696
1702
5468
4548
2930
596
1718
4993
4630
2029
148
1741
1943
2941
4368
2686
2024
788
2379
2887
1052
3708
832
380
42
2101
4372
3085
195
3994
5292
4595
1108
965
1722
2427
2426
5450
2408
3542
3972
4659
4870
1927
188
5189
2587
715
3199
1837
3252
3540
5285
5443
889
2397
4715
784
5479
1753
1167
2446
5407
2951
1673
1708
892
2462
3429
3428
1237
3686
893
158
199
1612
2161
2436
4215
696
3094
431
1747
3612
1945
165
1669
5234
178
4256
2593
5191
1633
368
1714
3470
2256
4113
1885
216
919
1764
426
5026
3340
4417
3508
3111
3463
4067
3233
1706
3473
3649
1792
2456
2994
2416
3562
211
2227
2453
2400
1717
1884
4569
135
2967
3093
183
2579
114
1963
2261
1044
1206
5340
442
3165
1941
202
4163
5065
2105
3310
127
5117
2223
3000
2734
3300
2294
1630
372
2675
4335
2557
1201
3405
5029
2988
752
4301
5015
3709
2950
1931
1703
1933
1735
1661
2205
1638
129
3113
346
2965
2296
2289
2762
4592
3160
3067
3001
523
3687
3261
3053
2840
3456
2970
144
4767
116
777
2104
5320
3585
1790
1392
2998
4419
3439
1559
2952
1908
3104
85
3389
3010
1362
4988
4547
4992
4962
1629
5035
865
556
4915
3064
1692
2989
1864
4966
2914
3008
235
3119
1674
1715
4977
2285
4407
4972
5172
1716
4934
4719
1725
4997
1707
5357
50
4581
3078
2947
5009
5438
3705
2990
4043
2455
4541
2753
4319
5187
1111
568
2079
1797
2695
3971
4316
4108
4953
3240
3547
2672
5402
1823
2284
3319
3486
124
4845
5007
2759
2674
3537
1662
2913
3070
5446
1759
3576
3544
4973
161
2946
1567
5477
2213
5358
4991
505
4647
1107
74
5203
3124
2306
480
3490
4539
4366
2367
5042
3051
567
4575
3479
3309
701
581
1887
4810
3087
1977
1110
1919
1443
1441
2362
1788
5507
2732
5084
3317
5028
4807
5445
146
3073
172
1701
5506
2868
758
5374
2929
5034
2445
1922
4525
186
5163
2001
508
825
5452
734
150
3475
4804
2932
2949
4276
1135
117
5442
669
344
5091
2259
400
2094
4616
5299
5405
1874
3365
3418
2166
490
4374
332
1431
4882
64
12
4836
1387
614
5093
5081
5103
5153
4292
5124
1745
2175
4490
5092
2374
461
413
214
5041
253
389
212
166
5107
4370
3531
2410
3327
4400
2673
826
2020
1667
4794
1930
2219
2222
3587
479
3880
2875
1640
2555
4589
742
5110
4565
990
5239
1762
686
130
4528
2349
3602
987
5051
5297
3725
773
4243
220
215
2437
4619
3863
1260
4553
5145
5131
722
173
3056
175
3263
2490
5142
553
228
5021
2484
128
940
946
4379
168
4574
421
192
2210
3759
4522
4970
699
474
1112
5014
533
3474
3370
687
3910
4788
524
2562
1045
452
5417
2623
4247
2217
466
371
1469
5115
2678
224
288
2399
185
949
1677
329
2361
516
5416
1698
386
2486
2387
634
4839
4253
3275
943
2009
4981
2202
4582
3311
1197
4842
5377
2089
4996
1493
1101
3014
457
3584
514
2642
858
3617
2867
5054
5118
1961
4609
151
4577
149
579
2255
3660
2280
5064
3683
238
4928
4733
2388
160
233
2442
1680
1684
2103
2411
2086
159
2476
0
171
3906
2358
1648
4311
4554
4350
317
2992
2396
961
4638
305
2493
1794
2841
2794
3308
1909
422
3453
928
1830
498
3488
3288
31
4384
1174
4348
4930
3326
2398
609
991
3927
3255
4660
2385
1404
4345
690
2723
223
2429
294
3583
2413
2962
145
1643
856
4949
3338
2417
4344
4343
4352
4782
4237
2729
1658
2940
3351
836
3397
3163
1458
43
1397
3419
4734
694
3464
4896
3388
3325
2414
167
99
3580
4661
4786
2353
469
2452
4328
2648
179
2419
416
619
2287
2288
5211
5387
4313
1256
4351
4363
501
1639
2443
3635
3484
174
2407
3156
1675
3364
1642
1666
163
5080
414
4325
939
1657
325
5140
1031
574
1645
5085
5504
232
927
5204
4712
4524
482
428
1670
1854
4791
5484
2258
5397
404
1050
467
2938
405
2441
3478
3550
3503
2934
2515
1442
632
3170
3800
1695
3468
193
1721
200
4497
4390
3461
4324
1651
661
2403
244
3695
2395
2067
2480
2469
399
2466
2354
75
245
931
904
1577
1649
5334
260
932
5230
1056
5176
1654
1063
3154
4567
1088
3812
2958
805
4800
4154
3637
3645
959
4353
5030
4822
1585
2435
4189
3495
3012
4814
2386
1671
934
930
451
3685
3009
3694
1636
84
4790
2498
1068
152
2415
887
860
1261
1083
1603
5422
3320
3321
3304
5046
5369
4774
3820
607
4579
156
4736
736
1899
5033
1411
4614
2826
1570
2404
2793
791
4526
2155
2356
1956
2208
1204
764
685
2218
2030
3398
555
2243
2351
10
3688
2301
845
3342
131
1810
1793
1635
4571
5111
119
1637
1656
795
287
4312
2712
1422
1479
2076
1382
5329
5351
2458
964
3729
3054
1863
4965
1602
977
5478
5316
5268
1272
5264
5001
6
5017
3294
5079
4838
240
138
2610
651
3981
4222
4745
3698
2049
629
3579
3586
2373
3691
1678
2391
3690
2500
815
1109
243
2434
4975
1665
2422
2497
326
852
3699
2248
2524
4665
5063
21
1391
3846
855
1358
4069
2782
4856
5208
4732
3636
3245
2851
1147
4584
3329
3331
5470
1150
3920
2715
3541
2922
4039
4329
840
5223
1861
2580
3323
301
2703
2143
703
2465
141
2478
3243
169
4259
800
2502
213
3043
3015
2495
2475
2705
2402
819
5130
2451
4021
5251
5220
799
2491
2896
1095
4408
861
3543
2727
4720
1089
2330
2543
5454
5492
4015
3136
2468
3630
25
4229
4230
770
1814
3539
4685
1548
2492
4223
2423
3167
37
2459
468
70
5167
3166
2483
955
802
5129
4224
3044
5225
2232
2506
61
854
3297
1079
697
5459
5108
1601
1965
2577
5367
2337
1766
3174
2472
1610
2843
3279
262
811
2188
4026
4112
394
1415
577
3534
392
3346
717
1423
4300
1041
5519
1988
5010
4908
1704
5011
4667
133
4275
4588
4320
391
337
370
3460
3703
4537
4219
3793
3512
1069
2923
3618
1405
1393
3140
3247
2432
3845
2321
4605
108
2207
4252
1609
1900
936
901
542
5099
3693
3155
527
3975
4618
3827
1450
3316
367
3371
3333
4265
830
4952
1871
4716
2355
671
1769
1445
401
2810
1426
3221
1867
4284
3118
1694
4401
5501
379
339
5294
417
853
4250
120
3232
1136
4290
5500
3596
1506
2545
3702
3459
3322
3509
3192
5122
833
5350
3098
745
890
674
3977
3229
2620
5128
4958
500
265
1981
1520
4412
3643
4065
813
448
420
948
1060
1537
2509
518
1062
2576
1650
4155
958
2912
900
4244
894
4144
962
5244
5123
5137
3692
511
2371
3974
5213
1546
3016
390
1102
950
2488
763
2132
3440
2229
4177
5380
3521
689
3575
2983
4519
3068
3966
5214
4117
672
2338
968
3146
1322
5144
2521
3378
1080
3417
510
839
1881
2564
2876
956
1414
3249
4302
5178
3212
5224
1522
4267
2565
835
2640
1608
513
2540
3408
492
1106
2926
5260
2372
2556
4285
2898
261
945
2464
24
3823
2997
2570
2393
1605
4576
2145
3272
2718
1301
641
4797
1829
3436
3908
5012
2007
4828
3993
4193
4138
755
5161
2078
229
3330
3449
3383
877
844
4430
5121
5174
884
5179
5098
2420
2431
2477
2463
5237
1099
2572
2467
5202
3002
5147
2450
2494
2541
1515
2368
3303
957
5162
3011
831
963
4746
4296
493
924
3361
3187
1784
1268
2234
1562
4750
5516
639
1091
2097
3528
5205
3955
3526
3582
5196
4851
2489
5210
3260
3096
2702
3444
4245
3710
29
2233
3581
5078
2944
2212
2474
2350
1523
2457
1383
5198
5253
5190
2384
4402
2336
3264
5241
2331
2534
652
3237
5075
2563
2235
2440
4251
204
3003
5219
2536
3324
5197
1896
2899
5491
2224
109
1299
459
398
4850
3091
2087
1541
1365
1243
841
3060
3052
2975
4521
5139
2957
5212
935
3013
2496
2254
5193
5209
1607
3059
1606
123
5228
3697
5215
5247
5240
5074
5151
5070
2633
5076
3046
4315
132
837
1055
4288
2343
2504
5309
5152
3289
5077
4264
3142
5513
1318
34
1067
1926
2228
1686
2170
850
1001
5169
4857
2594
2448
4922
953
1430
793
1659
5155
2370
2383
5180
2977
4383
5071
4380
5267
5114
2365
5266
4381
5097
3066
2382
2433
967
5307
53
2454
2964
5274
5262
2389
5278
5156
3047
2482
194
5364
847
3065
1641
4326
5243
5235
5061
5261
3055
5263
5201
2163
2915
5291
3831
1081
5436
5318
2198
3763
5332
5232
2176
5312
5345
5257
5335
5238
5296
5173
5282
5280
5255
2406
4382
5221
5186
1632
5269
2439
36
122
2978
1647
5342
30
5321
2449
5273
5331
5286
5288
2996
5277
2342
5229
101
5072
5259
38
5300
849
1153
5226
5069
2969
2339
5279
3143
5166
5270
3041
2181
181
3101
3806
846
2546
5073
5062
4248
5339
5252
5326
5218
5217
5276
5283
5067
5311
5346
5310
136
5175
5338
5389
5059
1492
5325
966
5315
2909
5382
5242
5060
5233
5265
1503
5284
2937
2910
5360
2911
952
1504
60
2438
2561
2538
848
5347
5165
1497
5352
5301
2460
1494
2906
4254
2178
4293
68
2530
5344
2481
5366
5258
5324
5348
5353
3285
1502
5361
5272
5356
5365
3007
5383
5373
2533
2340
1514
2553
3169
2942
2527
829
5370
526
2931
5384
2558
3282
4240
2529
140
3616
5355
3017
2108
4239
373
834
3141
3161
534
2528
1151
2225
2608
5378
3565
2537
2518
1074
2902
2571
2195
3162
2519
2583
2344
2348
2346
2401
2535
4262
2523
2578
2418
2471
1495
1491
2345
2614
2517
2568
2588
2987
5390
2569
2606
2341
2590
2335
2567
3283
2516
1490
3036
895
2560
4318
2552
2584
2603
4235
5293
3202
2585
5371
4274
944
3286
2617
2197
4377
3164
2644
4321
2635
5400
3755
2544
2589
2525
2624
2605
2520
2539
1489
2575
1556
2582
2597
2581
2641
5250
1513
2531
5376
2651
933
951
5392
3278
3253
2619
2650
2591
3239
1547
2196
2652
3274
1532
2660
3231
3227
3226
2645
2323
2548
4159
1540
2627
4307
3035
3384
3841
1051
1550
3042
2595
14
1549
1582
3139
1521
941
2574
418
550
4236
3020
1561
2522
4233
3606
210
5395
541
537
2618
77
187
3138
5385
540
1531
3281
1592
2639
536
538
545
2226
263
519
3357
3219
2927
3817
3185
3038
3022
3358
3949
2647
2637
552
969
886
2169
2209
838
1094
2159
3570
1552
3805
4234
3532
3259
535
3246
3218
2609
3318
2596
1560
2643
2199
3159
546
3312
5368
888
3293
2636
5362
5391
2201
3157
264
3535
3254
3363
3097
3380
5044
3313
3200
4304
4309
2131
4371
1371
4367
58
1087
2153
3302
4137
4218
219
5458
2192
26
1524
293
554
3893
3345
2184
843
3144
3301
2203
2111
3307
4232
3354
3183
2186
4334
3362
3211
1097
3367
1077
3168
4153
3564
3566
3377
3381
4135
3344
706
3382
3290
2134
4220
2189
4241
4150
3374
3947
5024
2164
3390
3152
2221
4337
2182
2180
4359
1192
2789
13
3644
4083
3353
3818
3826
3217
2139
4323
5181
2179
5020
588
3369
2172
3292
2185
3950
5401
3191
3291
3372
3929
4346
2144
4231
4140
3918
4336
2790
1085
3905
4281
2168
4139
3355
5399
4136
2190
2183
3176
2148
4364
2118
3349
3230
3932
3337
3147
4214
3223
1000
3195
2173
4206
4263
3941
1219
3928
4184
4278
3153
3574
3188
3404
4580
5423
3825
3951
2162
4182
3375
3201
3184
3368
3376
3373
3348
3360
4270
3305
3359
4376
3205
3213
3149
3210
4164
3189
3938
3884
3158
4331
4322
4317
4188
4174
3619
4165
3306
4298
4208
4269
5388
3356
4277
361
3571
3268
4166
3180
3336
3204
3194
3222
3959
3273
3266
4327
4176
3178
3465
1964
3177
3190
3198
3407
3572
3578
3179
3339
4203
4266
4216
4280
3902
378
3216
3911
3208
3181
3023
4195
4211
4151
3611
4173
3976
3100
3262
4207
4187
4199
4194
3220
4332
3965
3193
4205
3215
4175
3209
3706
4212
4209
4162
4143
3234
3613
3657
3945
4169
3343
4291
4181
2797
4706
4192
4198
3962
4183
4196
4197
4179
4186
4185
4161
4200
5515
4142
4158
4190
4160
4204
4152
4201
4168
266
4147
3148
4282
3610
4178
3037
3480
3409
4566
3811
376
3248
3335
3416
383
3569
3506
3395
2120
1103
3523
3438
3791
5487
3940
3448
3092
2904
2903
2231
488
2532
3443
3832
292
3500
3257
2830
3427
3457
3287
3280
3790
3491
903
4068
2961
3496
3127
4087
4126
3442
3399
4093
1018
3450
3467
2177
4102
3914
67
4129
999
2154
3019
433
4127
4128
3099
3228
3265
3123
2905
397
3857
3867
1771
209
5503
446
522
93
1223
4743
4095
4622
582
3214
4294
3396
3452
4132
3458
3122
3481
503
3866
4130
4097
3494
4119
3250
312
3451
3754
4593
4122
2191
1465
3437
105
4031
366
3392
3400
3504
5518
3126
3505
4064
4131
3435
5497
3445
483
3391
3807
2611
5023
4133
3058
2249
1034
387
3018
1222
5509
4637
4114
3605
1040
570
15
3597
532
3446
3394
3466
3401
3434
4098
4103
5517
3393
3492
4094
3882
3519
4121
4057
3865
3133
4091
3862
3403
3516
3797
3402
3896
206
4056
4562
291
3870
268
3525
3774
3881
4118
3103
3514
5502
3258
3315
5465
297
4055
3314
4591
4084
3171
4748
4073
3930
3498
298
878
5508
1053
591
5496
4106
3510
19
363
4624
4627
5043
3033
3796
3758
3900
3711
4105
3131
4018
3960
4109
3942
3889
3527
3426
3802
3858
5483
246
3026
3145
4615
3027
3090
3788
4563
198
338
5460
3076
4012
4100
3996
3069
507
5498
359
4099
464
3024
1
4602
497
3995
364
4013
3241
447
3515
5463
345
3493
3517
3777
290
3530
3025
3224
3083
4022
3031
362
3121
3120
328
3879
3116
57
504
3890
342
5453
3936
3901
470
3808
5037
327
529
595
3931
3922
3135
3999
4030
3522
269
4533
4111
3917
3115
3520
1462
3856
3958
112
4011
3028
299
489
308
321
316
335
3030
3095
360
320
348
3110
3032
281
3029
343
3102
319
331
322
350
3114
272
334
3855
3077
3071
267
304
3089
278
3082
3109
270
357
276
273
271
353
4608
3108
354
515
5488
395
3775
274
336
5471
3926
4561
3877
3860
3915
496
3904
4578
460
2803
2985
3961
539
3916
429
283
3843
475
284
1478
3878
485
476
4110
2895
430
509
487
3939
4096
3954
3837
4742
4643
3839
1100
4059
3724
282
2984
1075
600
1020
3784
2928
973
4653
83
3798
396
3804
5461
4691
2986
4070
4529
2805
4074
1065
2317
4623
4648
4636
4089
2664
3425
477
1036
972
2311
3844
1232
472
4090
1198
4641
2981
2948
4626
285
4642
2966
438
4590
3899
4613
4062
1082
1021
4633
5016
3892
4061
3992
3780
1188
2665
1187
2788
2655
2976
3833
4649
1234
4092
4071
4654
3721
4644
4045
1228
5451
992
2848
5480
621
1587
584
971
3747
411
1022
4599
587
4610
1849
1845
1772
4063
1467
620
5058
4060
1597
4010
3751
410
1180
4079
606
4761
1449
3876
2239
3766
3815
5032
3924
2836
2890
4066
3728
4551
558
1105
2806
4532
4634
4587
4050
2839
4663
4650
1802
3717
2956
1086
4980
3771
4621
2835
4655
4049
2242
3842
3990
3829
1058
4639
2244
1098
1093
1225
2799
993
1084
995
3726
994
2943
4044
4530
2973
1092
2972
3748
559
2241
1048
5464
3731
1480
3836
39
2850
1096
4749
4598
3991
1070
2844
3934
1078
4775
4987
1822
1073
4652
1023
1202
4969
423
1076
1374
4959
1812
2883
456
5025
1061
3712
1049
4976
3730
52
4052
3716
1066
87
4572
4978
3718
3923
4971
4017
3773
4556
1596
4006
4027
3898
2809
4982
2821
2741
4983
3935
1019
4964
974
1026
1029
2866
4048
2877
4038
3727
4081
4051
1474
3830
4527
424
4960
2802
601
1477
4968
1770
4974
4673
4543
3750
4564
4003
4998
80
3903
3840
3909
4967
3834
3810
3813
2870
3838
3912
3933
3765
3913
4009
3824
2955
2833
3713
3779
2800
3720
3821
3874
3907
4963
2846
5027
3753
4984
2801
4657
4664
3925
4793
4789
40
1599
4557
5493
3921
4753
4739
4677
3715
3746
1230
2873
4053
1227
4656
4008
4957
1525
4961
3888
3887
3761
3895
3762
3719
2855
3799
3787
3744
4555
4808
4036
4658
4632
3745
4728
5038
2884
2808
4603
4735
4680
4054
4072
4604
2879
4606
4035
3732
1033
3822
3809
4612
3886
4945
2861
3555
4583
3723
3987
4635
48
4744
5485
2328
3742
3872
4042
4676
4020
89
27
28
640
4007
3852
4646
4033
4674
4034
4542
2237
4016
3885
3989
3873
3986
3850
3868
4951
3733
3801
4000
3983
3749
2812
4675
4024
4707
3786
4802
3760
3770
1057
3598
4713
3814
4811
4002
3794
4672
3849
3768
2874
3722
2858
1071
4762
1039
3769
2856
4629
635
5472
3778
979
3980
4620
4798
3848
3741
3785
4708
3757
3782
3764
2860
3795
4683
4833
4823
3743
4671
4681
4684
3756
5003
4809
3984
4776
5481
4709
4711
2893
4586
2792
4948
4721
3734
4617
572
4729
4955
4795
4950
1446
2193
4847
4549
92
4552
4678
1454
90
4752
658
4754
4768
5466
454
4940
2654
1030
1370
4757
4710
2828
4724
2827
4758
4801
4722
4913
4942
4740
4956
4906
2814
4905
4944
4596
4933
2813
4935
2871
4820
4763
1427
5467
4747
2891
1516
4731
603
664
624
631
4737
665
1590
4760
1509
2892
4954
4860
4898
659
449
4717
2573
1014
612
4686
4690
2200
4769
4704
4926
810
4723
5473
4780
4779
4741
4943
4725
4781
663
4755
4772
4692
4773
4759
4792
4726
4766
4785
4787
4947
4693
4938
4738
2889
4751
5462
4765
4939
4777
4941
4803
4799
4929
4871
4918
3735
4925
4946
402
4936
4834
4705
4861
4830
4923
4694
4903
2829
4888
3740
4689
4550
4827
637
4920
4796
4862
4911
4815
4937
4825
4806
4889
4813
4843
4818
4872
4874
4873
4883
4855
4852
4695
4846
4893
4899
4900
4919
4890
4837
4858
4885
4892
4819
4865
4891
4854
4879
4848
4902
4831
642
4876
566
4884
2667
4914
102
4909
445
562
4821
2886
4826
4859
97
605
1595
630
4696
4853
4844
4701
4697
4866
4840
4698
4877
4875
3739
4832
4867
2815
2894
4894
4699
4878
4703
4886
4916
4895
4912
3738
4904
4910
4907
4868
4887
4901
4881
4897
2854
432
569
638
1179
666
653
443
610
561
660
436
655
662
2302
560
1211
657
465
437
450
2659
425
649
1233
1231
406
565
1600
2668
667
643
407
439
1461
444
409
656
427
636
1216
2
594
408
1013
1186
644
1473
1475
1468
645
1453
1452
1368
1598
1576
593
1420
1367
1544
1451
2653
1381
1464
1459
1501
2121
1376
1959
1143
1378
1333
2137
806
880
1421
818
1200
1756
1466
571
1447
654
1440
1369
1456
842
650
1448
1417
1444
1535
573
613
1455
1398
648
2662
1508
1457
1436
1526
2140
599
576
575
1498
1588
1361
1372
1377
1359
1528
1432
1146
1163
1384
1158
9
2739
1957
1215
1435
1178
1170
1481
1517
2072
1390
2724
729
2106
1434
668
22
548
1399
1419
1406
1425
1565
1396
1128
1401
737
1416
1581
2059
1334
1485
1412
1499
1553
1402
1166
1407
1339
885
1348
1184
1395
1484
801
1408
794
808
2772
1148
1127
1386
1177
1545
1325
1182
2160
1152
1123
2151
1410
732
1142
1860
1851
2149
1891
1827
2146
1898
1505
1433
585
870
1542
1483
1579
1124
1573
2141
874
714
1482
871
1500
1353
684
1394
2114
2090
1389
753
2116
2713
1534
1511
1190
1191
1134
673
1921
1308
2119
766
1512
2150
1566
1586
2706
1176
1199
2728
1527
1126
2738
2174
563
1538
1162
1304
1765
1413
1813
1155
712
768
1131
1357
1350
5
1140
564
1164
1960
1380
1356
1388
719
1774
2682
723
1409
1250
765
1330
771
744
1533
1354
1007
2743
730
1173
2135
677
1958
1319
1121
1855
738
708
1133
757
1815
2769
1195
2768
726
1349
725
2704
2774
741
2014
91
1168
1761
2785
2115
983
1196
751
1145
707
721
804
1824
782
1801
679
735
678
718
1351
2171
2784
713
1157
710
1208
984
762
2755
803
1122
1758
1847
1355
2128
1757
1760
2750
2767
1169
1139
2142
2719
1159
1269
2085
1836
700
797
2735
985
2745
779
1925
2122
1324
1347
1818
1314
2740
2787
1252
769
740
1328
776
775
1344
747
780
1352
2786
1831
1834
1297
754
1840
1336
1329
711
746
1767
1342
2773
760
1850
1807
1835
1015
2761
2737
1811
1149
1307
2760
1265
1839
100
1848
2777
1137
1997
2080
1903
709
2019
982
2779
1866
1003
2733
1904
1181
1027
1327
1161
1880
1856
1264
2092
1326
1118
2043
2771
1799
2752
2725
1816
1768
1331
2780
1251
1311
1332
2765
2770
1323
1028
2775
1889
2693
2766
1156
1912
2783
1878
2853
1886
1875
2754
1917
2748
1763
1914
1303
986
1172
981
1911
1193
1315
1971
1870
1266
1901
1294
1313
2736
1320
1984
1300
1249
1309
1160
2048
1120
1185
1275
1116
2721
1016
1892
1990
1893
1271
1293
980
2015
1969
2074
2006
1796
1247
1283
1296
1132
1910
1978
1282
1054
1012
1890
1248
1290
1263
1306
1115
1117
2032
1144
1295
1280
1288
2742
1321
1011
1302
1043
1897
1006
2055
1245
1273
1289
1114
1113
2044
1287
1244
1979
1281
1291
1262
1970
1994
2033
1888
2031
1046
4
1789
2073
1037
96
1010
1009
2045
1259
2088
1024
988
1242
1846
1042
1025
1879
1253
2110
1236
2056
1035
1876
1872
1980
2050
2157
2081
2082
1239
1968
1940
2283
2136
1005
1967
2127
2057
2041
1008
2047
2040
2084
2013
1989
1974
1991
2123
2035
1973
2152
2124
2012
1982
2129
1987
2022
2037
2138
1976
2126
2064
2061
1955
1950
2028
1952
2018
2065
2060
1993
1954
2070
2003
2027
2039
1992
2117
2011
2112
1996
2004
1953
1951
2058
2017
2026
1999
2000
2053
2002
2042
2005
2068
2038
