77
69
71
66
272
260
59
258
268
78
85
251
261
267
18
75
256
1605
249
248
275
67
2438
2947
17
274
4541
241
276
2439
87
264
5237
2445
83
394
1618
5238
19
266
242
3396
96
536
400
5232
3365
2444
488
3327
389
1709
513
5231
4012
2745
2965
467
1552
2944
626
2763
476
477
1558
2750
1665
1615
1645
1671
1594
2162
4371
2713
1518
1612
2612
252
1528
4402
4145
5051
2730
2758
502
3148
1593
1675
1670
1180
3391
3149
430
3322
48
2748
4852
2574
2751
1187
1478
166
2613
1520
454
1344
4185
783
2701
492
1663
455
5072
3338
1382
878
4782
4008
4436
269
2565
2572
3979
378
273
2046
1375
5495
2963
4497
5555
2437
3144
1075
2723
2734
3353
992
231
4196
4430
1604
1033
2636
181
3853
2069
3908
4053
4017
2847
1036
1588
1195
3863
1327
1580
1652
4202
2949
1609
815
4114
2889
4403
4477
4221
9
627
5505
4170
3067
4159
4233
1837
2756
3332
2432
5242
1433
298
3874
107
151
2754
1708
811
1525
1559
417
236
1028
2142
3059
4167
5504
4928
4432
4921
3424
383
635
4135
3425
5282
4232
3989
1470
3854
1032
4422
5636
1479
4010
5469
5240
3350
813
2071
172
1425
2618
1283
4220
4158
2524
1087
1603
3827
2742
2857
2106
3420
1297
113
808
4455
1622
2051
793
5420
539
4057
1219
4845
3382
3472
547
3852
2707
3328
5020
1471
3143
3530
1048
5419
3147
697
3486
636
2622
528
869
1162
877
4414
3058
4250
5440
5528
2614
517
5524
5560
1428
1333
4471
1410
1634
1715
3055
5641
2972
5038
2200
3864
5540
4171
601
3993
356
2127
374
49
1874
1878
1648
3901
300
2719
4106
1080
4984
3310
2743
58
3387
318
118
4219
2733
4948
359
4913
4245
4178
617
4022
4192
1063
2700
3051
696
2677
1207
444
2463
5521
4001
4115
5171
280
5552
466
4179
590
1717
165
5527
2156
1611
5037
814
710
2607
1091
2579
26
2371
2053
2517
3069
3395
1514
4021
3882
3401
669
3373
108
3285
555
1402
3919
3061
2144
748
1532
1480
5227
2093
1398
5468
3972
1156
4068
5405
271
4989
2591
4256
3791
2764
5626
743
3022
2659
589
1437
616
1453
2511
5432
5279
368
4655
1738
5200
1992
5177
5575
1143
4590
4601
4595
5668
2425
4758
2506
4904
894
5593
1144
92
3778
3716
1749
2472
1757
1965
4774
4772
866
1851
4592
4330
5280
4611
4612
4589
4533
3761
3487
4326
4510
4613
3220
2486
2490
4606
4602
5548
5208
80
3078
1786
2410
4600
4594
5206
4607
2429
1793
4587
5295
2409
1689
4651
1774
5270
1852
1963
1850
956
2384
1968
2398
4919
1932
2906
4694
5598
2389
2391
568
2380
1892
3725
1983
117
2418
2422
1694
4898
4878
2426
5285
1788
5332
1695
4561
4634
2878
2785
5224
5581
5580
1369
2767
4886
2392
5250
3730
4542
3980
20
1331
2433
1021
4347
5531
3246
3529
3244
4005
3250
4449
3838
3311
4481
3468
293
3135
4118
2202
465
2686
5235
4468
3323
2624
2914
4195
1270
1276
3787
3939
1564
2821
1608
4370
3274
991
4470
399
1341
1078
810
3130
623
3474
2211
1170
549
4313
2040
447
2642
4966
1385
1775
1733
3247
4509
97
5551
2416
1974
1783
1805
4266
1781
4549
1846
1877
5296
885
3759
2348
1801
2378
1745
2050
3747
715
4569
1798
3024
1753
2875
4715
1465
4641
5173
4640
1182
4618
1841
5215
5216
2476
2482
2301
1772
1759
888
4771
4578
3748
3742
2930
1795
5573
2340
2968
1776
2492
2377
2501
4673
4670
4558
1468
1728
1697
63
3678
867
3667
4905
666
207
4676
961
4575
5658
5211
4617
5587
2354
1903
180
2714
4958
5281
1879
5307
3824
5665
5185
3205
1847
1916
2360
5320
5306
4773
3405
2772
1849
3009
3945
5622
1876
2376
3693
3638
3714
1796
3048
5272
2945
5309
665
5582
5565
753
5360
1770
3012
1955
1956
3218
1953
841
840
2886
2364
1988
1943
1477
1114
1973
2919
4530
4543
891
892
917
1971
2527
2510
2397
4512
1736
3726
1929
3672
5386
1569
52
1778
2537
1726
5023
224
2342
3289
742
5175
4639
3643
42
5225
5218
5217
3782
7
4532
41
4955
5
27
4998
2984
4841
2370
4933
303
552
1839
4900
711
2123
2997
2967
197
1920
1867
803
2118
5510
668
3928
348
2456
443
5532
4753
982
2036
5168
16
5421
5463
1424
98
5259
159
2084
3795
29
194
5170
4814
816
4387
2871
1838
4865
2616
2026
1083
1423
5412
567
1875
5156
4722
4588
1927
5195
5143
1840
2971
2182
1705
210
2773
3075
5189
4749
161
716
5453
1833
1853
204
162
5165
4648
1019
4539
771
4810
2519
2454
5157
2936
2551
4874
5502
1102
2588
1789
217
5583
889
4706
5243
935
932
728
1703
1993
2887
5513
1758
5121
4743
4691
2366
2401
2387
1854
4665
890
4627
4628
5188
5203
51
2180
3777
1913
3378
5612
4082
1554
4703
5085
2281
406
767
577
4681
1915
1834
1495
225
3766
3765
3776
4636
3092
834
3370
1945
3085
2729
2927
927
2393
1104
1698
1693
4890
3858
4164
4210
4194
5257
2278
2285
4716
4695
714
2351
1555
5606
2346
5192
4586
3554
915
514
910
5155
2970
5198
2312
3625
3621
2336
1895
1889
2832
2983
4350
4456
2407
906
864
128
4894
5597
1799
5608
1800
2372
202
1476
4680
5349
741
5079
1235
836
790
1999
3434
4521
5492
3662
5297
2475
2138
2985
2396
5194
2383
2935
1739
5303
837
2981
4661
4517
5159
1486
2341
1181
765
1418
2592
334
772
1996
420
5276
2390
879
1688
4596
3570
5241
2934
3702
347
1906
4204
644
3364
3585
5610
2014
723
724
2877
4134
4622
1319
5361
615
4502
1885
1824
3165
639
3586
3922
3947
1055
3279
284
4434
5199
4744
1743
4669
2987
2991
4500
2414
3729
2434
157
1942
2779
2920
5335
4879
2313
5659
607
3737
4367
4801
421
2257
5201
5176
3573
3535
74
2345
4702
2430
572
2181
216
3891
3516
1674
171
883
5082
1769
1763
5613
5620
3589
1730
4723
967
5663
5310
4629
1347
3294
1456
3752
3363
2978
4499
2003
4692
5323
5331
952
4383
875
5302
4664
2474
1723
2441
1756
3762
782
4615
5340
1672
4899
5609
2436
124
257
255
2866
5604
2305
1630
1936
1352
2547
3969
4895
414
1372
3168
335
1755
1459
1332
2784
1898
4674
4836
2412
2778
5316
3105
3108
845
4501
560
4051
3028
2247
1754
1941
1969
5585
2002
1741
2403
2009
3113
1742
5346
1722
2347
1732
5567
2809
2421
4584
4914
5286
6
3708
5601
5145
2338
1990
1263
3118
2132
2116
4662
4070
2400
5602
1859
4707
2070
1949
2083
3704
5662
3008
2546
1972
909
3439
2493
5284
2939
3588
4822
1340
2715
1027
2417
573
1614
2503
164
4024
3538
4757
4039
1381
1233
4450
5630
2639
2918
4146
1174
302
1491
3142
3464
1275
4249
1151
3876
1152
3839
2660
2933
5514
3988
2367
4006
2072
1676
4165
1056
2683
3156
3001
1653
1531
3461
1487
819
2037
2690
1632
1536
5172
3344
3129
1565
2140
3783
2164
2602
1562
2363
1966
1655
2087
5364
1205
3733
726
3086
2814
5317
3411
2446
2358
3431
3029
920
2408
3889
2344
5356
1998
1473
3023
5186
1212
1666
1211
3004
916
3446
3440
3721
5345
5595
2395
5161
5163
833
5444
3036
3680
3445
860
2385
4514
4513
3031
900
2406
1687
237
2800
3774
3104
5377
863
54
1934
5611
1844
4638
643
4222
1637
4033
844
4046
2775
1556
3158
3540
1746
1762
1734
3033
2941
824
4394
3823
5239
1897
5371
2512
1606
3793
5614
1714
2522
208
960
1511
842
1134
1139
1005
1905
5348
1253
2310
4545
2879
699
1502
776
2017
4066
2720
3698
832
5196
5233
1735
818
1960
727
872
969
1639
4529
2528
2303
1636
5586
4882
2365
809
2170
2453
1893
2402
1980
3673
2885
670
4353
3760
919
5325
1765
4287
4461
4411
245
3041
1365
1380
5006
3944
1991
2955
177
799
760
3722
4950
1202
4962
3596
68
2173
265
3371
3568
3632
209
91
2335
137
953
600
2299
3383
1650
965
4540
4409
3785
140
3532
4528
1731
1247
2049
5144
5005
1707
1378
4197
2115
3836
2513
3492
1299
911
4755
10
4310
1544
2564
3117
1662
203
3552
485
725
407
4721
5024
3290
5123
139
1724
2980
4717
4902
4125
1656
2004
1505
5330
1512
2953
2102
1711
4553
1699
2899
1862
4538
529
3114
1861
4819
1368
5036
111
3125
2515
3013
945
4579
5319
3393
228
584
494
3528
497
5355
3797
5278
2563
2727
923
3196
5415
4688
3709
3551
2307
3412
3942
2989
1499
853
2621
5489
5283
4374
2924
4799
3210
4621
2189
1706
354
4072
211
1700
5294
4552
2998
5350
3122
4572
5357
5383
2223
1353
4568
1549
427
320
5339
3799
3894
5053
259
3050
5570
2480
2491
4356
1719
263
1457
5205
522
229
1880
4689
3119
2450
2440
253
3802
314
3167
929
4332
838
3157
308
3174
2471
4235
4526
3560
5569
104
3780
1466
3211
1392
4550
3713
2451
4547
3792
2415
4672
4562
2499
2843
246
219
931
1997
5293
3523
3769
1821
3030
333
5568
4659
3775
3524
0
757
3376
516
3720
3170
5368
4826
4884
857
1886
4443
1902
4324
2552
2337
5158
4675
2496
2768
244
3070
4725
1626
4048
4746
4315
899
938
2331
4043
1871
1806
1904
5329
2349
141
2560
4812
1815
2473
1810
1813
4524
3779
238
4701
544
937
254
3619
3112
5406
5553
1890
609
490
3433
2553
4817
5554
2864
4868
2245
1267
1692
4971
5305
5685
1362
5374
1690
2865
2797
2137
5013
428
239
3790
1209
1221
4766
5574
2289
2500
1112
3657
1020
4534
4531
2526
2495
3994
2531
4735
3403
5169
28
3124
5686
2368
2518
1061
4237
4756
4138
859
2483
525
3830
315
846
2404
2520
928
4908
4483
5052
5076
4923
3927
907
979
5149
4652
437
2595
345
5646
5579
32
2361
4358
1018
2544
3965
2831
330
3593
1394
4081
4769
5549
5590
2509
2534
160
1122
936
1691
5179
912
1712
2828
1587
1133
862
5095
4915
5277
65
5151
941
2125
3829
4023
2350
350
505
830
2179
5229
1395
2488
3686
3833
1751
839
939
190
3203
191
500
5262
4228
3728
4216
3959
1831
1510
5146
2094
2582
1223
1976
3349
5128
3219
1646
3042
2536
1641
2497
2562
3201
1984
708
3432
1216
1537
942
3011
1625
5617
754
3913
135
3519
2112
247
903
2359
5073
686
4261
3818
705
1989
486
4912
4760
2679
326
950
1255
2923
3277
3025
902
3100
1257
4727
3429
310
192
3577
3727
3697
226
3664
2819
4729
4554
828
3109
5618
4733
1660
5191
3902
4947
3330
913
886
1673
1668
12
5181
820
1959
1599
82
4366
351
1251
3906
4535
3027
163
5029
2783
1384
461
2214
3696
3254
4830
3278
825
4038
2420
3930
1542
5394
3416
4282
2282
654
1215
865
5629
3866
5152
3181
4696
2645
3710
975
2176
4405
3066
1417
2248
3903
2056
473
433
3918
2291
2599
2186
5016
3060
338
706
5292
1400
707
2158
827
1939
1519
3935
4885
4564
1944
3200
926
102
2788
770
5054
198
2555
1261
4856
4439
4200
625
2267
2284
349
4805
2283
603
3053
3005
959
5483
713
2237
1145
2687
546
114
5680
1035
2134
5369
2504
2498
1128
2028
2229
2736
3773
4525
2550
2556
876
4794
5389
3963
3815
4523
691
2277
495
2201
4940
4887
31
610
3954
786
2554
2321
5367
3447
1866
4241
123
4740
5070
5120
5314
2424
1667
591
2883
1515
3257
4767
1014
1894
1464
3920
309
2224
4973
4117
4793
3900
3834
270
277
2770
3690
3074
4037
355
5322
2355
2148
3941
3040
5130
3960
5050
1168
3569
2573
3784
672
2249
3964
3966
5001
3932
1504
3869
5028
5166
1509
2993
2129
1293
1351
1541
2695
3650
2130
4226
2219
1835
2559
1026
958
2150
3426
4064
1224
4236
4983
5048
1900
5644
586
5506
1386
5187
3915
3466
2541
5182
4566
5153
1539
30
3961
5336
3912
5059
5607
3057
2060
722
3951
3669
658
1237
5027
189
4985
5039
1483
5026
1922
2794
5219
1097
3968
3840
3230
435
4341
365
3154
751
5425
325
2120
5047
4214
2759
3937
5035
4316
1214
3962
5589
2268
1013
5136
4013
4734
5041
2539
3111
3943
3128
5154
3026
3670
3047
313
3924
4203
1496
2962
3123
2489
2001
1860
5576
4026
1025
4059
2343
2964
3438
1925
167
220
504
1113
5247
5249
2302
533
2470
624
4452
3225
766
976
436
4361
3413
5074
4660
4876
323
2549
5535
1964
5148
797
2290
5631
1357
4781
2584
328
3957
5592
2329
1345
1727
5341
3126
2976
4264
3083
278
1001
4458
3949
4322
369
922
1008
5588
5063
2538
4910
5040
1339
1548
2174
4726
4029
5627
3620
1179
4687
704
1146
898
1547
4861
2702
2076
4738
2777
978
4488
1938
512
2873
812
90
717
4684
283
3010
764
2294
3056
874
3837
306
924
329
2405
3116
1948
1704
2776
4889
2792
3187
4516
1720
2863
4922
2250
5031
5212
1950
4969
5004
4318
1865
2131
1074
1262
3260
2139
1115
222
3317
2648
2000
2545
1961
4320
5221
5043
3062
3553
5667
4906
2869
5258
5684
2583
4934
787
344
1130
3161
179
1657
3039
3003
2804
3430
112
4789
1713
2141
322
1686
4896
1896
3602
5058
1336
4858
1572
2151
5167
250
4968
1292
1306
4937
3179
3479
2835
1006
1240
649
5400
3014
843
887
5301
3805
1595
3007
5451
897
4924
1463
1644
1404
1199
35
2928
392
4338
2576
602
462
3599
3745
5137
4835
2006
2007
1926
3956
2765
1760
3950
3071
2005
5291
2974
2011
2413
205
1947
1591
1330
1516
3171
3087
5066
1647
312
5096
4873
768
762
1363
648
2956
1136
2732
230
1051
5075
195
14
4951
569
570
5643
119
1193
4413
4736
5248
5473
1443
2447
2561
693
4737
4522
1931
2532
3623
1981
64
2411
317
1291
316
3176
1135
2016
5236
3967
3814
1899
3006
1356
188
1141
1346
2915
2012
240
990
5033
740
1500
2925
3675
5591
4
4842
4851
3770
125
2728
2781
5407
2958
4713
2581
2143
5019
3806
487
3592
3043
5467
4086
2178
3127
655
4742
2982
3885
4798
5077
2063
1022
319
2577
2008
1023
156
136
4909
13
2494
2566
3096
4972
1303
619
993
994
5363
2540
847
3801
5091
1557
405
2356
33
2786
182
3140
3681
3597
3711
2585
2035
3541
4795
3215
410
604
4901
1100
450
2163
831
1419
823
3788
5078
4343
5650
593
4281
1584
2567
2808
2333
2521
2514
2535
235
158
2529
3763
3771
2542
4871
2590
3072
70
3415
2601
4832
1127
1590
5021
3120
968
1669
873
3049
2121
2292
5379
1498
3436
5056
3744
3740
3217
805
2633
1413
2183
3320
1406
637
2651
3103
3843
2332
2533
2269
3817
5652
2114
5328
154
5399
535
2369
409
4979
2580
2575
1129
2570
2606
131
2485
3091
1140
221
218
2609
185
155
3099
121
2326
5660
2227
5030
2675
858
4428
3452
5044
3224
3601
1561
4495
4498
703
739
3691
2222
3226
5269
835
576
39
34
2791
2604
1681
1823
3356
4328
2044
5476
5202
1230
3846
93
4732
2264
21
3938
2597
3073
3955
2598
2596
243
3162
2605
5300
1883
1123
2629
5015
2352
5251
2286
3155
1111
3191
5385
5393
5392
3689
170
974
2587
1376
3292
2311
3188
5290
651
2297
2161
4267
3572
1857
4100
1397
5124
2960
2423
551
120
4815
3428
5398
3207
4108
5494
2859
1239
3736
3700
2706
1856
2571
2525
5315
227
3206
55
2926
1918
3952
2461
127
2316
3810
3095
1842
970
2353
2225
4293
2893
3940
2594
2261
1246
3609
2619
1436
3692
2448
690
2951
2025
1596
3712
4482
5594
2184
1627
2328
3422
599
5087
5114
5062
2589
5413
5681
1578
4229
4929
4054
2081
2279
4974
5055
2682
2255
3661
5086
3936
2066
2221
5042
5634
4305
2339
2270
3045
3613
1120
1294
807
37
3953
1589
4857
2217
4788
2990
4243
3825
895
1501
4808
3684
2159
5065
5125
3141
2961
4786
3520
5012
1432
4804
2452
3933
38
2100
2019
398
2782
2058
1373
2774
413
8
4938
3407
1125
2466
1089
2992
3184
5049
2128
2374
122
2136
2055
2320
2018
2296
2105
2236
2024
1126
1321
2169
130
2043
213
1617
3629
5129
3931
1238
5025
3723
5034
2626
4654
2318
4843
489
3082
4359
2309
408
4211
324
2193
2796
199
474
1196
4263
949
4193
3214
380
3467
3453
2322
675
3121
4381
4077
2266
5133
105
1082
2988
36
1067
196
2023
2265
1624
1935
3444
1066
5134
126
1077
2015
2327
2399
279
1513
4139
2172
4741
2787
2075
2330
2147
4917
2234
2122
448
3175
2323
95
4792
2196
2218
4614
415
4098
2657
1117
5022
2325
5298
2298
5147
1517
2813
5139
337
2042
2334
129
214
2228
2306
2246
2300
2324
2031
100
2276
2260
2304
2231
1909
2232
2319
2216
2386
1317
2195
1024
5230
2253
2109
2032
5097
2152
2077
5127
2382
2149
44
2135
1592
2097
1910
5105
5064
2827
2275
1508
2271
2235
2187
1285
1607
3841
3340
2790
2192
2210
5138
1371
5122
1286
796
5088
1832
2034
2308
2314
2240
2317
2280
2027
2287
2022
2154
2199
101
2033
2220
2315
2021
2190
2038
109
1914
2059
2191
1858
2238
1475
2288
2108
2188
2146
2104
57
2090
1930
2994
2185
1855
2111
2155
1937
2204
5112
2166
2977
2126
5071
2061
5141
2230
133
2030
3107
2242
5060
2165
5103
2226
134
132
2029
2153
2212
2171
56
2215
2207
2205
1030
2133
2209
2208
2206
2213
2092
2175
2091
2045
2198
2168
2177
2117
2203
2088
2381
2078
2103
2256
1029
2160
2067
1304
2074
2020
2251
2052
1282
1284
2099
5599
2062
2252
1901
2293
2145
2119
1951
5098
2098
1034
2273
2239
1031
2107
2095
2157
2089
1305
2073
2272
2263
2233
1287
2057
2079
2244
1086
106
50
2259
2810
5140
5131
1288
5018
2795
4787
2258
4785
5017
2995
1322
5113
2839
2802
3850
1310
5032
2769
5061
5116
5014
5132
4784
4800
2842
3925
4796
2861
5142
1307
1350
99
5135
5213
5223
2867
5111
1038
5094
5046
5104
5118
5090
5067
5108
5045
3002
1349
2996
4797
2907
5126
5068
5099
2986
5092
5100
2798
2243
5102
2929
1323
5101
781
1290
2999
1053
5080
5089
5109
2801
2881
1338
5083
2840
5057
5093
1361
1295
1309
2940
3842
5115
2836
2807
1289
2854
5106
785
2938
5002
2080
901
2124
5107
5117
5119
5110
3000
5084
3849
2979
3845
1320
2110
2793
4809
1318
3848
2849
1328
1324
1308
2823
2853
1970
1335
1016
1311
2880
2826
1040
2805
1017
2838
2803
2855
2830
2825
2841
1037
2852
1919
2041
2811
1411
2113
2874
3844
1921
829
2870
2806
3851
2895
2890
4844
5578
1887
2911
1366
2820
2799
1348
1467
1359
1068
2937
1836
1928
801
778
1882
1041
1389
789
2829
2812
719
1917
2822
817
769
1054
2816
1201
779
2048
2818
1337
788
1485
2860
1300
2862
2896
775
2959
115
2837
1343
110
1358
4888
1364
5228
1015
761
1342
5621
4872
2085
1296
2851
1379
1390
1334
1870
1873
1326
2039
1575
806
1183
1153
1393
804
1052
2054
1830
1039
2824
1092
2848
718
973
1312
2856
1923
798
1484
2850
1494
821
1405
1489
1469
2845
1391
1256
2735
687
795
1908
2898
756
2973
2846
1229
822
1933
1121
966
1907
749
2427
896
784
4603
4604
1225
4903
712
1226
720
1888
2068
1313
4663
759
1355
747
1222
2047
2868
2064
1198
1042
1314
1099
1579
692
1506
1868
2884
2858
794
1159
1206
1264
2760
694
2817
1412
2888
1461
1442
746
2739
773
971
200
1407
4626
5619
3044
1171
1828
212
2086
1116
597
4859
1445
4807
1474
2844
1169
1383
2897
1881
1416
730
745
1401
1189
802
1388
1315
736
1403
1826
1249
1396
689
688
2882
1869
1234
1354
2892
2766
592
721
1829
2946
1488
1422
1872
980
774
729
695
2894
1227
1158
1243
1157
735
1178
1431
1191
1399
1155
1524
1232
1472
1011
1426
2755
1415
1208
1106
1507
738
1421
700
1387
780
792
1409
763
800
1420
791
734
1427
1370
1377
698
758
1218
1062
1012
1316
732
2876
1430
744
1374
1298
702
946
731
1523
1497
1107
3946
1046
1167
587
1071
3921
1064
1244
564
4883
1103
1521
1043
638
1242
1543
3235
2738
1172
998
1210
3316
3724
1492
595
1185
628
1620
614
1482
1173
1245
575
1009
1003
1455
701
1010
1007
1462
1628
2910
3847
1095
559
1573
1490
419
1613
1197
583
611
463
1160
1454
479
1252
1248
606
565
676
563
681
1440
620
1649
511
1522
15
509
3054
1616
234
5645
1105
1161
997
2912
1583
1166
1446
1164
582
1176
1447
1241
684
1434
1228
1049
1186
1236
685
1259
1254
605
1165
1177
1529
588
1538
1258
1444
566
578
1526
1266
733
1268
1452
1269
1664
677
680
3948
1540
1638
403
1184
574
1493
1110
2749
503
1550
281
1194
3159
579
3929
1175
854
146
667
434
1250
1260
1533
1535
1530
1451
1546
1163
1438
661
1481
1678
682
1449
683
1429
581
550
1435
510
663
1154
1534
650
1085
520
1190
439
142
1621
1597
659
558
1448
1629
425
1274
1108
3098
1045
562
1716
1002
1204
391
1827
295
1278
521
1631
1602
2435
1044
673
983
5678
1450
657
580
678
557
1527
475
2
468
1265
556
1601
519
647
664
416
671
1059
674
423
523
441
440
1659
471
1610
852
499
506
424
397
618
422
1553
622
1574
1441
1070
1568
483
3241
1109
856
3035
2948
1725
542
964
3132
1004
1680
452
527
2428
1600
662
621
453
508
478
412
634
537
848
411
646
1000
631
656
438
442
418
451
653
1273
446
641
630
1581
456
868
524
1623
2757
2761
480
645
1658
632
459
640
496
598
445
642
515
304
1679
531
986
2722
2684
709
3202
2752
871
1598
561
1729
3101
2731
1640
629
484
464
530
460
481
470
493
534
1582
532
2718
612
1718
469
541
449
458
543
548
2671
472
482
1567
1570
1619
404
540
457
1551
2746
985
984
2608
2753
1560
1280
1069
608
46
851
989
2689
2603
850
849
1566
2628
1710
2717
1272
870
855
1057
2709
432
977
987
988
1585
1571
1685
981
2969
2705
518
2623
3819
402
2726
2688
299
2578
2670
554
153
2635
1279
103
553
2631
2467
1740
187
3152
3909
2455
2620
1047
2502
367
1750
2762
1079
301
175
45
2458
305
1
1271
2653
2523
2569
2465
206
290
1065
429
2634
2942
2681
999
2652
2666
2641
2507
2469
1683
2725
2676
2508
4480
4469
2632
339
215
343
1563
2460
2649
2724
2716
3231
201
2699
2630
491
2931
321
2703
2457
1060
1118
2678
2744
1101
2708
2916
2487
2747
168
2449
390
2913
526
3189
3312
2640
393
2462
3131
147
47
3192
2966
3173
297
2710
2668
2654
2669
2704
2617
2741
2711
2637
2698
1682
2625
2479
2468
2685
2477
2691
2694
2464
2478
2674
2680
2638
2615
2672
2655
2712
2664
2656
2665
2644
3
2650
184
223
288
2627
2568
336
2646
501
2673
342
2663
2658
2667
282
144
3065
2610
2737
296
1058
143
2740
332
2692
2697
1684
431
2600
2661
2586
346
307
152
150
2647
2459
186
401
375
360
331
373
145
340
341
545
352
289
173
1088
311
381
148
385
327
287
366
3063
72
3110
3177
358
3064
3890
1073
1094
379
1072
3137
3288
498
3093
357
3245
2943
174
3197
292
3208
384
291
1076
363
3239
1093
285
286
1096
370
294
371
3221
364
3934
387
3212
232
377
372
3139
3115
3236
3216
1084
3223
3251
3097
1098
2917
3222
3198
3076
1081
3186
3195
382
3183
3917
3090
3180
3209
3897
3193
2443
2952
3914
3089
3178
3213
3163
376
388
3138
3300
5402
3190
3199
3229
3227
3232
3182
3079
3194
3166
2900
3238
3234
3145
3081
3169
3094
3172
3369
3018
3385
3871
3106
3240
3133
4451
3037
3299
3883
3032
3016
3887
3146
3255
3136
1277
3441
3102
3821
3237
3242
3015
3904
3926
5222
3306
3301
3886
94
3331
4092
4090
3262
3253
79
1090
3017
3381
3873
3362
3307
3261
3263
3571
3264
3491
4415
4399
5431
3490
4457
4099
5384
3990
3252
5366
3581
3803
3694
5253
5427
3809
3265
4285
3878
5411
3651
5373
5252
3607
4055
4991
4828
5642
4475
3616
5184
4384
4820
4351
3663
3550
4813
4040
5000
3611
4336
5625
5403
3134
4551
3408
3562
5672
5370
4295
3046
3302
4398
3038
3865
5577
5388
3633
3796
3612
5664
5362
5511
5404
4325
3318
4274
3800
4537
3272
4520
4990
149
3807
5353
3610
3705
4519
4290
3671
3822
5434
4949
3324
3820
4382
5003
4417
3337
4217
5178
3463
4069
4645
3417
4943
4378
5640
5507
3606
4536
5380
3249
3707
4389
3808
5396
3688
5344
5372
3756
3256
4518
5382
3676
3804
3706
4094
3021
3151
3813
4730
3811
5244
5397
4278
4309
3870
5354
5226
4527
5414
3674
3699
3695
3665
4953
4827
3052
3812
4259
5474
3450
3266
4467
4957
4685
3703
3683
4775
4961
4331
4476
3816
3343
5267
4161
4699
3567
4271
4385
4620
5321
3462
5417
3313
4918
4823
5416
3258
3576
3666
3545
4930
3631
4956
5464
3687
3798
5418
4683
3566
4445
3558
4276
5639
3534
4833
3533
5401
3983
2904
4280
4963
4829
3352
3020
4260
5647
3153
4709
89
4710
5442
4448
4294
3574
4283
4995
4791
5482
4292
4761
4487
4491
4393
5275
4273
5395
5512
5500
5246
3517
4897
4658
4739
5462
4976
4272
4850
5447
4397
3427
3546
3668
5544
3645
5615
3442
4790
4783
5438
3857
3267
4124
4097
4298
3397
3484
5566
4440
4686
5635
3563
2975
4978
4920
4643
5424
4959
4286
3982
3590
5391
5436
4149
5334
3615
3248
3630
5429
5656
5674
4945
5009
4967
4960
5616
4360
5008
4642
5637
5011
4004
4952
5454
3653
4944
4400
5069
3910
4198
4284
4975
5669
5376
4931
3617
3544
3584
4277
4630
5655
3345
3603
4999
4911
5409
4027
4346
3547
5426
3454
4986
4644
5654
4377
3648
3970
5337
4631
3580
4446
4546
4548
4032
3624
4977
4982
4992
4965
3682
4964
4719
3856
4777
4061
3557
4391
5682
4779
4996
3549
3644
4003
4939
3604
4348
3605
3905
3531
4275
4635
4291
5679
4993
4970
4288
3872
4308
4301
3646
4306
4289
4386
4437
3595
4496
4778
5638
4299
4076
4390
4002
3359
4925
3622
4181
3656
5496
4657
5318
3659
4304
4442
5651
4036
4408
4751
4279
4764
4994
4427
3457
4421
3660
4754
3587
3555
3636
3635
3548
3536
3658
4916
3626
3598
5677
4317
3641
4776
2903
4633
3634
5605
4302
4712
4700
3594
4078
4103
4333
5486
3608
4765
5661
4007
3443
4624
3637
4297
3614
4209
5673
4084
5653
4825
4704
3986
3875
3618
3642
4247
4248
3627
3655
4018
2954
3628
3582
3867
4102
3649
3556
3564
5671
3647
4337
4096
4253
4677
5632
5657
4429
4980
4327
4119
4300
4623
4314
3652
3880
4693
5675
4312
4763
4770
4619
4252
4697
4678
4869
4453
4406
5649
4668
4837
4030
4653
3987
3893
4311
4255
4941
3855
3575
3565
4708
3537
4893
4926
4307
4892
3654
5628
3971
4303
4335
4020
4296
4257
3542
4647
3995
3907
3884
4840
4258
3832
4877
4155
3899
4881
4821
4907
4269
5268
4768
3868
4803
3583
4848
5633
4935
3911
4123
4632
5624
4087
4319
4372
4246
4388
3543
2905
4816
4342
4853
3451
3406
4091
4321
4927
4334
4942
4340
3591
3860
4339
3973
4870
3826
4936
4932
4141
4748
3896
4762
3888
4223
4860
4044
3579
4867
4270
4839
3895
3881
4154
4052
4025
4047
4818
5623
4031
3828
4463
4089
4262
4075
4404
4345
4855
3861
4265
4073
3831
4080
4369
4946
4847
4093
4831
3862
4238
4846
4009
3877
4864
4041
4065
3898
4079
4058
4074
4019
4034
4014
3991
3471
4085
4015
4035
3859
4824
4111
4062
4016
4148
4067
4130
4127
4122
4875
4880
4071
4083
3996
4863
4120
3493
4854
3448
3998
4838
5558
4646
4169
4834
4136
3459
4849
4142
3974
4750
4416
4095
4806
4140
4454
4121
3276
3514
4105
4107
3975
4126
4137
4151
4144
4150
4104
4147
4344
4323
4109
4329
4063
4116
3455
4160
4110
3981
3423
4268
4239
3495
3477
4028
4435
3473
3992
4000
3419
3458
4182
4187
4438
4011
4355
4042
4418
4349
4162
3402
3494
3421
3997
3259
4447
4431
3513
3999
4234
4352
4242
4113
4459
4184
4485
4240
3418
4254
4112
4218
4183
4207
4199
4465
3414
4354
4479
3481
3984
4473
4705
4698
4230
3526
3976
3985
4173
4424
4490
4462
4401
4489
3539
2932
4168
4225
4153
4460
4714
4486
4188
4362
4474
4174
5543
4368
4143
4128
4802
4208
4711
3498
4244
3287
3478
4425
4157
4478
3286
4493
4176
4231
4189
4132
5546
4163
4464
4205
4180
4177
4484
4251
4191
5563
4172
5547
5289
4671
5534
4441
4131
4363
4186
5550
3275
4156
3315
5545
5537
4175
4166
4190
4466
4152
4472
2901
5299
4129
3386
5557
3518
3489
3150
5559
3977
5516
5562
3525
3505
3476
3400
3351
3511
5493
5274
5408
5542
3388
4365
4364
3379
3326
4133
3303
5536
3522
3336
5556
5561
5522
4492
5326
3319
4396
5519
5533
3521
5466
3978
3465
5538
3298
3377
3348
5443
5529
3283
3367
3354
3360
3293
3321
3515
3273
3268
3499
3308
5517
3305
3335
3469
5428
4212
3284
4420
5477
3482
2902
5256
3297
3019
5254
3470
3509
3333
3339
3282
3500
3374
3325
3504
3372
3361
3358
3380
3346
3399
3280
3496
3342
5541
3501
5523
3341
3357
3281
3334
3502
3497
3314
3398
3503
3480
3485
3309
3506
3507
3508
3483
5530
3475
3394
3488
3510
3392
3512
3390
3355
5518
5539
5352
5456
4407
4412
5480
5446
5437
5255
5365
5487
5433
5525
5488
5475
5422
5471
5358
5343
5342
5288
5375
5501
5333
5455
5457
5264
5266
5485
5465
5390
5273
5472
5359
5423
5265
4423
5479
5304
5260
5347
4201
5491
4379
4419
5499
5484
4380
4426
5509
4376
5490
5498
5450
5497
5435
5460
5503
5448
4375
4433
5470
5430
3600
5526
4444
5459
5458
5449
