69
247
255
63
66
74
257
17
3156
271
81
267
261
16
274
277
84
246
70
82
252
169
89
57
2460
244
3008
263
5683
2459
67
258
248
18
280
4152
80
5681
2464
45
5345
273
278
279
5347
265
5691
4992
1105
281
236
5348
2982
3013
2455
3410
1347
3142
1674
3922
276
5757
168
170
4324
1336
4543
4075
2996
4145
269
4970
1583
4552
302
1111
266
4313
498
3409
4090
1628
5061
2621
2
5536
3422
4233
3972
2653
3523
171
3950
3448
4055
5689
19
3072
5685
512
102
3599
515
1676
798
3246
2795
2899
4544
1335
4059
1621
1627
4946
790
4074
4999
46
110
2730
4060
1586
3124
3168
1087
1407
5000
5011
535
3443
2456
3932
4227
3743
3073
2141
3705
2655
1054
5056
5768
3698
4993
3445
1358
2727
1039
1351
2465
4817
2785
5338
3947
580
4973
2891
1040
2796
5135
4183
5673
2125
1294
1391
4057
4136
3955
1377
3657
545
2628
547
2897
5008
7
1431
1260
3518
3438
1401
3440
3301
3522
3305
3447
4312
560
4527
3899
2947
3530
1363
3526
3415
1607
1476
574
3307
3700
2794
462
104
1184
1119
2728
442
1181
1610
4400
4144
443
501
1579
3989
64
3253
4013
1637
5826
4030
460
4435
2713
5679
3405
3487
3646
1390
1079
1178
2377
993
4847
5028
1297
4987
4975
5137
5188
5538
1435
2475
2978
4240
1361
1483
1027
1155
1671
5042
3486
3113
4392
2478
5822
4158
4398
4166
2149
4736
5139
4
5102
4016
3996
3400
4357
4953
1601
5182
4317
1362
764
4800
3986
5592
3713
3298
5224
2463
3961
3790
4243
3249
384
4223
1630
3742
5236
751
1558
1430
4160
1591
4402
1389
576
658
4425
1266
4436
4165
1193
1338
275
1394
2067
3370
3421
3449
575
2949
1316
1090
476
2097
1158
1312
466
5675
2751
232
1849
1395
1276
1398
472
2651
4501
44
3898
1301
1392
4170
1162
3917
2644
2742
2733
4542
4355
1177
544
4775
1432
513
3719
1095
1596
5677
4960
4309
2642
4314
1568
5552
3175
4210
4510
3662
4247
4226
5668
3993
4008
4023
2648
5564
1582
4901
4938
1034
4635
3707
2692
5511
365
4462
3097
4998
3310
299
4184
3293
1089
3383
28
4089
1447
2368
4277
2744
5104
4348
1635
4021
3533
4251
2657
3372
4111
1098
3997
997
5823
5145
1791
1788
1812
5722
2934
2474
5522
118
965
3881
2414
2398
1567
38
1761
2404
4644
21
1806
4705
2461
1704
3163
1892
878
5443
5656
5394
5382
2926
1819
1826
2396
1799
1771
2833
1703
2423
4802
39
3165
347
4610
509
4689
60
2514
1470
1462
352
319
4690
1943
51
1765
1922
4692
123
4073
465
600
4411
4537
1031
5170
4177
573
1263
656
467
1559
3000
1293
2039
1220
589
2098
715
1070
636
2334
2849
3202
3923
1277
2093
4173
1226
2792
1616
1035
1597
594
1265
120
2747
5279
90
2764
27
667
698
1018
5189
3457
500
5477
5066
5152
2318
5682
5579
2242
807
2772
2756
1955
4653
2901
2529
2755
2762
4714
1756
4720
4694
1770
61
4704
4693
937
859
2392
1860
4760
1542
912
1986
4456
721
1953
4793
729
2812
2834
1910
936
2880
4850
5714
1445
2997
4511
909
4889
5393
447
326
640
4667
911
3842
1709
4660
4661
1865
2526
1790
20
4866
4749
3302
4679
5671
1828
4696
3848
3786
1963
4691
4716
1779
1660
743
2662
2425
5553
953
5299
2442
5378
1787
5323
5308
4966
1911
704
4856
1797
166
3720
2407
1707
5556
1912
3821
4579
2440
5420
3818
3749
2663
5019
5033
264
3839
1857
3766
2932
4752
5431
1549
1750
1659
4654
4668
4671
2409
3815
5411
5713
4633
4306
3935
4495
4179
4786
1114
2550
3174
4278
4526
4230
5645
359
1117
4192
387
4117
5051
1101
4271
4003
1872
3978
5065
4181
4413
1088
4256
4995
3188
4728
5108
3204
2633
4061
2479
4032
4498
4904
4555
3398
3276
3741
5088
1043
3371
4056
5652
5121
92
4516
3395
3981
4231
1123
4962
4316
552
2494
5782
4859
4371
838
3893
4789
4772
3836
5617
5294
3946
3179
5339
3356
4895
237
1019
2567
2022
1898
1777
5268
1696
5221
1885
850
5424
4744
5458
5775
4655
677
4754
4851
5301
3704
5290
4614
4707
5256
4941
4865
4857
4617
1629
522
2518
1738
3598
3885
4862
1795
3822
1130
1719
1735
1746
4828
1794
1774
3844
5726
4751
176
2895
4582
327
1725
4843
2394
5376
4639
1590
4766
5742
2472
962
4340
2426
946
3901
4643
1946
2205
5655
1846
2911
3807
373
2976
4138
5330
1745
1739
3597
2419
1798
4657
1994
4706
4697
2453
3886
3884
1989
5642
2357
144
3864
3748
4128
204
3817
5379
4715
5744
1730
4662
3830
4342
2917
5217
5015
2907
4366
5469
3668
688
3406
4106
2031
5298
3260
2467
2026
3596
998
1426
2732
77
682
1996
4606
2197
2194
4607
1708
852
902
4600
5313
834
4419
1599
1572
2444
4812
2758
3347
402
4907
4737
333
5110
1121
3873
5526
1173
1511
2975
4743
685
2317
4124
3228
2740
2749
4494
3802
2012
2019
4613
2540
5419
1120
3827
3639
1867
4520
655
1936
5377
3793
1626
1820
4530
1810
1809
1823
3346
4821
126
1420
2588
3519
3067
4197
5006
1667
2590
2557
4891
960
2435
514
1225
1229
5462
4909
1313
2578
4612
899
5306
3683
1741
4550
5733
59
4719
1053
2908
5484
2793
1400
504
581
2184
2161
1352
1283
5296
1368
5533
2066
1331
2077
1840
1124
3712
992
771
2170
2176
1449
4939
1296
4452
2105
3173
2780
1194
2741
1681
1386
4346
1022
3660
2373
801
1137
3308
1915
3591
3365
1006
4787
5166
5277
1454
2103
5660
173
4036
2645
1086
510
3352
5240
2167
1908
1833
1827
1831
1830
147
1967
4739
1670
956
1851
4784
1638
86
4890
1609
2853
1664
1655
1948
2471
3413
1623
2466
5253
4740
5487
3810
961
900
924
2462
4836
4845
356
1921
4027
2159
516
4339
4033
1886
4641
1940
1897
895
3134
3458
2919
2935
183
959
4710
4712
194
2894
2139
1949
952
2885
3152
975
977
1854
3061
5220
233
448
3804
3155
4722
2204
2699
2032
2147
2743
827
1624
2047
707
4921
3825
5213
1221
159
3629
164
4598
931
879
1206
4745
3082
416
2950
2052
4846
5776
4574
2991
3852
1786
3845
3847
1776
3841
1764
1769
1478
3824
5113
5208
2038
5312
357
4649
308
4573
5449
3095
2427
3733
2199
5549
3606
3725
5367
4688
1984
871
5072
2680
3711
5657
3775
2035
5392
1969
1957
5416
5410
4467
5540
2824
199
4680
1196
3084
5662
3677
892
4919
5516
55
5111
130
2212
1506
5545
1919
2229
4658
1999
2961
2826
471
3667
4430
495
539
2735
3603
2532
2244
951
2116
4854
3994
4562
362
5319
1726
4257
1977
1970
2867
4299
732
1983
2878
1560
841
2551
5233
3404
2247
3605
1723
679
684
1968
5614
2912
245
2814
2284
2430
4461
2748
4867
853
489
2667
4272
3659
3374
134
56
2711
5381
4609
4269
4522
5025
2481
4296
1408
3423
2033
793
4127
505
5504
4877
3041
133
140
429
3052
2904
2989
3826
4484
2537
4224
4196
2025
2547
2007
4885
1848
2827
239
1535
1893
5621
2913
4656
3428
2918
3062
222
1661
5560
345
4623
933
938
5479
2190
5698
5297
2603
4597
830
1877
950
3968
898
929
1711
1962
3412
430
484
1751
1938
5758
4518
5727
4940
2937
4568
228
926
2390
5389
1998
908
249
4686
1126
2553
5759
4738
3144
4666
427
3424
5289
5764
2424
2186
5422
4831
5753
4809
4088
2336
3682
3477
1346
1976
5731
5016
2848
2636
2754
3411
1767
4750
2054
5317
482
2185
5081
5597
4869
1952
3709
2156
2211
5315
2415
4274
5623
969
4632
2893
5349
5343
1871
2541
2528
4878
2972
2391
1944
3750
5038
2030
2344
4842
2233
2988
3220
616
2771
5432
4964
4253
2088
927
4672
1712
5094
1759
3353
1216
2823
1205
167
1934
4902
2210
4794
4888
4835
2254
1763
4822
4829
334
2561
5696
1923
3045
3233
1679
2582
5706
5112
4681
2355
2326
3344
914
907
5003
4203
2277
5309
2266
1028
2538
4896
5087
2078
5119
5383
5355
1844
1742
1748
2005
2403
5160
5048
2028
4899
1743
5430
3151
117
1537
1538
4533
5120
3869
5316
5678
5093
2234
891
5127
32
4401
2672
3402
2359
2943
4599
2770
1604
2422
4571
2119
664
5700
2051
5337
1556
3327
1736
610
5154
5310
2348
5380
1782
2573
2428
1856
1855
2887
2063
2974
2013
5403
4154
3866
2124
41
5606
3116
4235
4100
4695
4892
5360
1469
2865
708
4870
1974
1966
1495
4629
1411
2840
5503
1576
4685
1237
5209
3049
328
3498
674
2682
5021
4576
2227
3375
1722
4229
4086
4219
814
4608
3562
95
1505
5020
3255
5058
4774
3368
5067
508
1512
4997
4627
5095
1002
5176
4268
1267
3650
4375
379
4961
5561
3874
1620
2637
2374
1540
3359
5129
5507
3171
3949
298
268
4924
5748
43
1491
5577
1273
3245
3269
4204
301
4072
2714
2576
4424
2640
4928
3360
4130
2169
2564
2902
3791
2759
650
4799
3537
3108
3536
3563
4648
5361
457
242
4107
842
3386
366
3034
4123
3559
385
526
3545
4936
2820
1517
4038
5097
808
2360
597
2351
4945
5567
2552
2560
5709
200
5092
2624
91
3926
5288
2821
296
4816
5014
1924
4708
3056
592
4587
4652
428
3066
5734
3264
584
3282
4903
551
2698
3532
426
4146
4886
3564
4098
4590
4615
3675
3350
4134
5026
519
5755
1473
2086
4894
5024
2307
3681
1471
5587
1927
5045
2647
1753
2572
455
3363
4070
4853
2566
2577
5728
4115
5060
4195
1960
4776
2973
1760
5495
3304
454
361
335
741
3941
2761
3117
5287
3624
3672
2977
4525
1144
596
4187
2594
609
5004
2604
1800
4142
4762
4717
4823
5076
5057
1773
4874
4795
4906
3345
5105
4935
4709
5231
4035
3057
5090
1023
3210
4524
3291
5402
2356
256
145
3284
5063
3482
270
1379
421
5103
619
1721
4137
2017
4759
5555
4176
1749
4949
139
2618
3998
4956
4957
5812
3634
3855
4149
4747
5814
5138
897
4755
1734
4988
1876
3602
461
5100
103
4126
5421
2009
42
3544
213
3738
661
4092
5207
5249
5199
3016
3623
4563
3787
5532
4844
3218
1256
2500
3044
5607
641
4280
3525
1614
1793
5765
3889
3414
1451
2221
4540
2773
3390
1689
854
4804
2436
591
3664
5255
4188
4730
52
3219
3337
3227
1747
5293
1732
1737
3746
5064
1752
1625
5214
3557
5251
644
1720
1617
4283
2512
2024
2627
1866
111
2807
5716
4756
1539
4512
5434
5122
2674
872
5730
3687
2854
5244
1987
1373
2092
2100
4108
3235
5499
3943
5641
2193
2511
1903
890
3647
2861
3653
1918
2739
2081
2942
564
2148
4267
2623
5404
2502
3621
3694
3792
4236
122
2496
896
4281
49
1611
1874
1116
2810
947
4677
2214
2225
5124
2111
582
114
1718
5254
984
1021
1880
5084
3777
5453
634
888
2246
4304
3550
1724
5786
5017
5259
5205
3770
85
223
4622
1803
663
5229
5428
4778
5228
5551
1235
1223
4566
4974
2563
1210
4572
1702
196
5168
4937
981
669
2230
5436
5435
220
4565
5429
5388
1781
2222
2224
974
1697
5572
5252
5246
4931
694
1789
5212
2316
3262
645
632
4213
4478
1982
1733
3167
3501
612
647
2638
1020
3643
3625
847
4637
187
889
4288
4101
3778
5241
803
4503
1988
1981
313
5190
2018
2057
5250
5390
964
2195
2509
1645
5219
4596
633
5232
5247
3216
2534
675
3783
5204
4454
5218
1729
2115
2056
2862
4791
5238
5444
2402
3796
2405
886
470
3583
2128
3257
197
5096
2775
3860
1448
1553
1606
503
3721
5158
2787
4567
2421
5039
4395
2381
2217
5248
2256
1980
3054
5050
229
3586
5055
4640
2768
4763
5239
4626
5222
137
5391
5164
5062
2852
5049
957
4933
1643
2187
5664
1929
2200
2208
2736
5068
5171
5125
671
4466
2207
5073
1359
2847
216
3717
2962
697
5115
5459
3833
2365
4252
5079
2915
1415
2053
481
620
4458
2583
4336
5151
2970
5446
2158
434
5075
2153
4834
1930
999
2151
5191
5156
5091
4459
4625
3779
1843
5071
5159
5089
5427
5077
1878
5647
4678
2004
5715
2034
5134
4925
4873
5047
2595
5155
3747
5242
5118
1894
3871
5353
5352
4228
1326
5162
4508
3801
1025
2020
5099
1995
5474
2746
5117
2142
5483
5707
4069
1152
549
553
546
4663
1526
1410
934
4344
4485
5130
2960
1925
5059
5192
4932
2198
5133
3023
5451
5725
5720
4914
4012
5023
3820
4803
5454
5184
4934
3858
1334
1973
1972
1979
1149
2930
4266
1344
5261
2027
1065
5815
3859
4983
2206
5179
2610
2417
260
3794
2010
5227
209
5080
2134
205
1574
124
3622
3736
1341
5265
3091
5563
1550
5074
3540
5131
5101
4879
5036
4887
4930
3868
5237
4893
1141
5818
5144
2173
2071
5106
5225
5005
2006
2202
2021
5234
4967
1585
4944
2011
2160
3969
4929
3803
4620
4208
4955
3319
2294
5109
1683
4276
1349
5710
3317
1497
163
3162
1239
3140
3135
1879
5269
5132
646
2126
5396
602
3654
2220
2023
390
4198
2219
1875
2016
2388
2418
5086
1309
2003
4905
5147
5053
668
2410
5210
2002
1975
5022
2928
4898
1355
4474
3849
4900
629
1869
4275
4214
1290
4284
4991
3832
1261
5445
1937
3727
250
3612
3930
5126
3225
5371
3582
5413
1577
5708
4534
733
1971
2876
2877
3829
5692
5684
2896
1325
3166
4852
184
5082
4916
5069
5035
2397
4897
1965
4908
5202
5178
4915
1959
4958
172
5464
1350
2874
608
4206
4910
3703
4765
5173
1354
4969
4383
4665
4234
4080
288
2188
211
2143
5046
840
5654
3795
1701
2457
5674
254
1935
3429
3641
5291
5502
4965
4438
4670
2832
5791
1421
4273
2300
720
3086
1106
2870
5085
4883
5040
5437
4911
5167
4959
4757
5777
5387
5648
5027
1320
2909
5195
3867
4616
4186
5201
5193
1811
5701
5070
1873
5141
5506
3999
5216
3663
4190
403
109
5362
5423
436
5515
822
1850
1147
2371
3962
3780
1698
3279
3828
5172
5197
2250
5486
2819
4291
1913
2297
1457
2954
837
330
5721
5226
5187
5211
4968
2189
4917
5043
4996
3776
4621
5198
29
5181
5418
3768
5146
2808
2809
5803
5185
2283
5032
5194
5114
4211
2248
3055
5230
5083
5807
5810
3669
3147
3295
5568
2280
5767
4838
5245
4239
5285
3772
2055
5582
2957
1853
5018
4646
3744
1958
2953
5719
5235
2568
5044
162
5153
5646
5031
5180
4994
5030
5150
5174
5029
3929
5163
5243
4923
2990
4978
5037
4954
5169
4979
4980
5136
5140
5001
5107
5009
3982
5012
2554
4943
5013
5196
5149
4981
4483
35
5054
5400
2168
3670
5200
5223
5148
4913
1945
2293
5441
5717
5142
8
3053
4927
5034
4884
3928
5177
2213
3931
5203
4221
4052
3911
5143
5161
4922
5165
3927
4926
5175
2346
4185
2353
5783
4182
3028
4225
2358
4220
5795
4222
4768
4880
3018
4265
4881
4093
2175
4815
2245
34
4790
3798
4820
2050
5186
5616
4034
4212
4824
1870
2262
5426
48
2332
3074
395
3200
5804
5374
5806
2920
1758
5365
3644
5808
5799
4310
3909
2589
4118
4068
54
4053
2273
3933
2987
4818
4764
5711
5787
4734
5746
1852
4782
3907
4810
3908
4010
3745
5736
4807
4798
4971
2816
2347
4287
4952
4651
2260
5793
3017
5002
5493
4788
2232
5729
3781
2985
1695
3771
5386
4858
4825
2261
4664
5824
405
2364
1954
5665
4315
4839
3252
3728
4279
2363
3640
131
5784
4801
4232
4808
4094
3078
4950
2249
4193
2251
5756
3693
5771
4302
3944
3226
2575
4642
3951
5739
3755
5375
4132
3953
5819
5384
4191
3910
5792
1413
2036
2886
2048
2565
3626
1017
2818
3381
3921
5629
5702
2677
3601
4095
1942
5625
670
2570
4701
5513
1414
4416
2301
2389
491
4497
2888
4645
4814
4087
4209
5821
4783
4071
4942
100
3014
5364
1941
4207
4259
5703
5425
4082
4636
4813
4248
2548
3904
4470
5811
4049
4255
5542
4194
3863
4982
4624
3877
4951
5620
135
2108
5785
4421
4245
5704
3680
2314
4286
4119
676
5781
1699
2558
4246
2333
1905
4453
5790
4135
3377
2337
623
4112
4989
4244
5816
4592
3948
4972
5802
5409
4201
4735
3029
4295
4076
4947
4002
5778
121
5651
5779
4827
2272
3960
1917
2259
5541
2130
5258
5738
2313
2372
5788
3920
5774
3630
4217
5751
4593
3976
614
2367
3906
2400
5415
5805
3774
5794
4318
5789
2922
1029
5336
5544
259
83
548
5450
2070
3823
5817
5820
4771
4731
5800
3635
3649
4054
4218
4769
4270
5750
4732
3964
4215
4263
3696
4297
3330
3631
4290
4797
3427
3587
4109
3332
3954
2369
4832
4262
4482
4819
5406
3656
136
138
5737
2255
4785
5754
5780
4260
4833
5489
4282
2408
5769
4729
5565
5796
3752
3751
3870
2924
4733
4105
4058
4748
4770
4264
3940
4840
4292
4238
4120
4805
4321
4841
4237
4826
4216
3942
4258
4977
4594
4345
4335
3905
3975
3638
4796
4241
3617
5303
3618
3433
3939
5476
3331
5761
5566
3695
3575
3615
4200
4097
5304
3637
5735
5762
5743
3732
4113
4083
3003
5752
3956
3992
5440
3900
4513
3934
5407
93
208
5626
4242
3965
3722
3984
3692
3724
5760
3938
4249
4125
4199
4963
5773
4767
4110
5712
4156
3973
3718
3726
5749
2201
3985
4352
3636
99
3607
4319
3655
3574
3651
4308
5399
4806
4294
4347
4129
5740
4628
4837
4351
5772
4062
3765
3608
3835
3710
5452
3850
3735
4619
5741
5368
5770
5718
4085
5262
3685
5745
4300
3665
4254
5408
5747
4007
3578
3782
3723
3658
5825
4948
3645
4303
4311
5264
4250
3576
3809
3648
4393
3614
5732
3691
3834
3666
3024
3702
4876
4541
5370
3843
4455
5433
4064
3890
3837
4496
1399
3875
4557
5385
5463
3473
3887
3715
5417
3756
5644
5263
3788
2349
4150
3652
3963
5414
3323
5667
3699
3714
4332
3671
3579
4558
4326
3585
5546
4323
4618
3729
3613
3773
4329
3679
3620
4063
5643
5594
3611
4099
3819
5670
4320
3609
5669
4065
4343
4370
4349
5534
3595
3581
4472
5636
3465
4390
4493
4469
3354
4463
3102
3492
4380
4440
5608
2279
2298
3083
3391
5460
5583
5471
5622
108
1792
4285
4337
4328
3628
4353
3577
4385
3580
4334
4261
3690
3661
4327
3674
3708
4500
4322
3734
4341
2536
4514
262
5401
3805
3731
3584
3642
4081
3590
4143
4468
5482
5562
5596
4549
4487
3600
4147
5558
5438
4529
4388
5497
5412
5466
3471
5363
3816
3760
4465
251
243
4408
5398
3872
2607
2995
3466
2524
4330
2542
2626
2619
4066
5456
4077
4331
4373
5520
5580
3797
4325
3389
3706
4175
4078
215
5465
4374
3488
4505
5447
5690
4502
4464
4397
4159
2515
5661
2523
5512
3762
4488
4369
4153
3737
5397
3472
3808
3619
3689
3632
5595
4079
5500
5523
4133
4354
3883
5510
3478
3573
3716
1780
2611
5457
5455
4350
4084
4116
5442
4372
4358
5525
4140
2602
5485
3813
2546
4131
4376
5508
2581
3589
4499
2499
3688
3164
4102
3853
2498
1700
4114
5588
4384
5695
5584
2599
5548
397
5602
3338
4517
5593
4480
4148
4151
3880
4481
210
3757
3502
4356
3462
3888
5615
4586
3876
3678
5574
2614
3895
2643
5527
3673
4122
5369
5405
5559
5473
5475
2520
4399
3758
3878
2593
3882
3865
3759
5509
4556
5550
2622
5603
5705
2587
5528
2983
3237
3098
5609
5598
5531
4486
5470
5570
5624
5693
5554
3333
4414
5688
2510
5300
3489
5589
3527
5604
2625
4104
5517
4439
5581
3080
3491
2620
5585
5439
4174
3761
3701
3548
5547
5543
4479
5557
5694
5395
5575
5492
5638
5481
5619
5600
4882
4554
5461
5521
4539
4382
2522
4139
4507
3394
3814
5649
3339
3335
5632
5612
4091
5472
4506
2641
3160
2521
2580
4164
5498
4471
5505
5358
3320
3081
3789
4155
3764
5650
3490
5640
3396
4580
5605
3114
3077
3495
5610
5590
4528
5524
5576
5613
4067
3334
5659
3769
5611
5357
2958
3740
3812
5666
5639
3763
5633
5658
5637
3697
3242
4157
3469
5627
1727
4022
5372
5478
5359
4519
5578
4475
5591
5618
5573
3129
4490
2639
3468
4545
4476
4161
4409
3454
4560
2606
5634
3032
4422
3503
3118
161
3539
5601
3127
3143
4389
3838
1728
3436
3470
5569
4377
153
3496
4509
4492
235
2617
5628
155
4504
4548
3879
3207
4368
5490
5535
154
3500
5350
5518
5346
4491
3483
3453
3455
3467
3206
4047
1694
2571
5530
4515
3509
3358
894
4394
2484
4381
5631
2609
3159
3213
4423
5302
3510
2535
152
4564
2630
3408
367
4585
160
5488
3089
182
3945
4048
3199
2654
3316
4521
2635
3484
3508
973
4406
4431
3026
5341
3434
5340
4407
4014
191
3460
2605
158
4167
2385
2519
2569
3311
4420
192
3442
3178
3426
4096
3058
3915
3450
3616
3306
4868
1766
3157
3517
3030
3567
3214
2965
4449
2516
4103
47
418
4017
113
4386
1762
5467
4404
3106
3431
2533
4031
3572
2586
4405
4171
4168
4367
3499
4446
2506
3223
2629
3148
561
5272
2545
2967
6
4169
3441
3150
4163
3158
4441
5366
3435
3131
4403
4040
3485
331
621
3170
2555
3221
1772
4000
3367
2543
4451
4039
5271
3392
3463
3896
1085
3507
3063
4417
417
419
3145
5514
3278
5333
4044
4415
3153
5351
2964
5260
3107
4045
3161
4444
3007
5280
3022
4559
3031
3021
3314
3154
4447
2539
3958
3970
4426
4445
3133
4448
1122
157
2531
2592
3511
3185
3193
5686
4570
5697
562
3251
142
5529
5539
2488
3243
2596
4450
3149
4412
4489
4009
3528
2574
2999
3966
3979
1000
4538
400
1717
4410
4575
4584
3806
4011
3481
4551
2984
3128
4359
5278
3957
4172
5273
3027
4162
5276
4018
4042
2963
2968
3059
98
2994
3558
3506
2634
2993
2549
3529
234
415
4535
3039
3914
3123
3092
4427
2579
3076
4577
3012
2559
3075
3546
2646
3101
3977
4442
3566
3231
3393
3019
4443
2681
3571
4589
2584
4547
5275
3916
5274
2969
2971
3201
3001
3126
3990
4434
4591
3552
3006
2955
3064
3051
3569
5687
4043
3342
3432
3475
3048
3505
3104
3437
3060
2544
3565
3033
3555
3521
3516
3913
3112
2477
4418
3379
4432
206
4561
3325
3570
4360
4363
3267
3263
4588
2598
4428
3042
3094
4429
4046
3561
3312
186
2966
3542
3543
3321
3364
3538
3326
3037
4180
3348
4361
3355
4433
3549
3534
3474
4025
4362
3324
4365
3515
3209
4553
3380
3351
3071
3514
3349
3480
3121
4028
4026
4364
3513
3401
3093
3215
3512
3520
3399
3240
3046
4569
3417
3416
3446
3384
3407
3464
3439
3268
3181
3504
225
4536
3313
3387
3105
3341
3369
3385
3357
3376
5331
3388
3172
5334
3236
3361
3425
3020
3983
3234
3280
5342
5335
3397
3239
3362
1044
3987
2980
5332
3444
214
3892
474
3203
1050
2981
5328
5344
3182
3115
565
3238
497
478
391
1477
3198
3378
3176
3069
3991
3918
3096
3230
2825
496
3250
2612
3015
954
2483
1093
3222
3247
3366
3343
3194
422
4015
2956
3025
3967
3184
3452
4004
3937
3995
315
3137
65
3065
3197
3208
3217
151
3088
2615
4024
3180
3183
4001
3936
3139
336
3125
3959
3897
3177
3186
3451
3068
3309
377
3103
97
324
2601
227
1662
1
290
3261
396
3205
322
978
2616
3256
1525
2380
3132
189
3273
3297
3085
3136
3211
3087
1097
1521
2998
3974
3187
304
3130
3138
3952
3285
3277
382
3
307
401
3258
360
1058
376
3070
486
348
351
341
358
538
381
370
490
2844
3287
2656
568
289
286
446
2691
660
844
585
3275
996
2491
1175
363
2451
453
3283
2401
219
2686
3292
3281
411
3190
3189
3109
410
3300
3265
224
554
407
3288
300
238
2661
874
406
1094
521
388
2218
4005
212
177
368
409
337
2992
412
295
394
3196
344
1693
150
349
2485
241
2597
201
550
3988
1190
3294
2487
174
2679
340
955
2678
297
893
2470
3286
479
180
835
392
371
398
303
389
393
364
3290
1107
3270
3271
3289
399
383
408
149
3192
3191
375
369
343
404
3266
350
372
3274
202
1082
226
3430
338
2695
2685
971
2387
420
423
1145
1148
2530
456
293
309
292
156
2482
198
475
143
1096
1072
2585
2591
291
1139
2676
903
1519
1081
873
318
25
1134
321
511
1142
26
2632
2527
218
2600
12
2492
569
2658
203
450
2700
463
329
2476
2376
2223
15
240
231
2694
58
622
230
2800
1466
979
483
287
607
1112
967
824
217
207
858
2750
284
285
818
283
691
611
1920
2228
826
458
1515
862
1108
2386
1146
1024
342
2383
148
2378
1125
185
311
1131
1133
146
2379
1138
1132
312
141
282
310
1143
188
1026
1102
221
0
73
79
1127
2486
13
1654
687
1001
1115
2505
62
452
2441
2703
2608
94
2836
2666
1321
2720
469
666
986
717
1716
1740
14
1518
1931
689
439
1677
105
107
424
1274
115
2665
2631
2683
1270
506
2375
1067
1169
2413
627
2613
1310
96
1080
2799
71
101
637
653
2779
2049
1686
2697
2282
2668
2652
2179
2721
1584
1548
2087
635
523
1561
2448
695
905
1308
1916
857
1060
2043
2707
2806
2829
1950
910
2014
432
1482
2702
2722
1311
1340
672
2132
572
599
72
1118
590
31
2493
487
507
325
431
1939
1048
2235
1419
2704
870
652
440
294
2817
37
651
2828
2783
598
2452
485
2763
2841
1272
570
861
681
1288
129
1992
2782
1675
1632
1329
2000
2687
1479
2008
855
1684
2729
1613
2278
823
2831
1500
1015
1247
628
603
2454
1275
2458
464
30
673
588
1271
2670
1371
683
1636
680
473
643
678
1486
586
425
2715
2203
642
1884
305
2781
1489
2760
2215
543
1578
686
178
3919
1896
445
2802
1069
2839
2804
659
657
665
557
2274
1423
625
1289
2660
630
502
1906
2716
449
2774
2688
2443
477
532
2789
913
2788
571
649
2696
558
1262
639
618
662
530
480
1503
1269
441
2705
2767
2708
517
488
587
433
2723
613
1523
1668
2776
2769
595
520
536
492
555
2857
1631
306
1182
444
1575
527
2712
529
2734
2753
605
494
1200
2830
2798
1541
1163
2064
1888
1545
2837
2757
2724
493
1646
1663
2717
1688
1546
1678
2790
1622
1901
1665
1520
966
556
1516
2684
2801
1656
1653
2114
1490
2778
601
1551
626
459
1547
1502
1437
2797
2777
1652
2469
2765
1618
904
1174
719
2766
1374
1509
1424
1456
1641
1463
2803
1501
2871
1682
2737
849
833
749
1446
1356
2489
1498
1592
1499
1493
1690
1669
2726
1438
593
1504
1436
1522
1612
1615
2752
1731
1513
739
1600
1889
2710
869
112
604
1441
1900
1496
2490
2850
1633
1644
2916
829
1589
577
737
846
819
989
2845
631
2900
1268
1650
1442
1091
1460
435
1530
963
832
983
1588
1016
1642
2669
2906
1418
815
1484
1458
730
1634
1480
1619
1481
1605
831
1524
839
976
1440
2851
1464
2881
578
718
843
1468
848
1570
2842
845
1455
828
2864
1416
1452
1467
1474
1594
1890
1257
1603
825
1914
991
1569
2890
1555
1552
1055
1215
1433
863
4019
2875
1475
1836
2903
1202
2869
1251
2872
2191
738
2856
716
2846
836
2883
734
2882
1492
1485
1459
714
820
2905
735
1680
731
1602
2879
906
868
1213
2815
1203
883
821
1450
1557
1073
736
1231
2860
2889
1714
856
1587
1218
2352
2910
1201
272
1715
1212
711
775
750
1364
1593
806
980
816
1993
2192
1077
817
985
988
779
1245
1895
1598
2858
811
2659
812
1564
994
1580
2701
2690
995
1571
726
783
1554
2709
1186
810
1183
885
1562
990
2859
1068
884
2927
696
987
1565
2693
787
1902
2933
982
2843
1168
1713
1370
1581
1156
1164
867
1365
2718
866
1375
2096
1692
1199
1439
2446
1153
3009
1208
1099
2370
2411
865
2719
2725
1691
882
1563
864
2786
579
1899
1109
1195
5
744
1100
796
782
1453
713
1528
2069
2449
1233
1964
1113
1013
1037
1847
712
1198
785
1883
1007
710
788
1066
1227
1176
784
1243
1014
5270
5266
1839
1333
2835
777
1314
1057
1841
1255
53
2923
2083
1041
1010
703
725
1185
791
1369
776
2791
1064
1042
1092
1075
1191
2649
774
2931
1192
772
1011
1056
1252
759
1084
106
1842
1071
1074
1887
1187
789
1046
2951
1403
2938
1104
1291
1909
1378
2285
1232
2855
1063
1891
1051
723
1249
1324
794
1345
2258
1380
1337
1078
2350
1059
1103
1222
1264
2339
1157
709
1049
1076
1258
1244
1012
1009
1250
1159
1207
1224
1062
1236
700
1045
1061
1217
1209
1228
2267
1238
1005
757
1211
1242
2450
2263
748
1259
1008
1160
1165
2068
1254
1248
1837
1170
1388
116
1038
1303
2079
1417
1302
768
1180
747
2921
1357
1327
1387
706
1385
1179
2944
2065
1292
1332
9
1161
1366
1382
1367
1376
1339
1343
778
1372
1295
1428
1429
773
1404
2952
1838
1307
1322
1427
2945
1167
754
1384
1406
1409
765
756
1412
1348
1381
766
1360
2948
1166
1405
2941
795
1402
780
722
753
781
1353
802
701
1306
1330
2940
702
792
128
2946
1383
770
752
2925
132
746
763
705
1397
699
742
762
740
1396
1928
745
761
755
767
786
1393
760
724
1151
1154
1323
2091
2252
2340
2107
2884
2892
2165
1036
2312
2288
1286
2076
2037
2324
2342
2074
2123
2137
2341
2162
2265
1030
2216
2287
2131
2101
2306
2253
88
2146
2345
2171
2112
2209
1298
2183
2094
2106
2172
2095
2127
1315
2085
2061
2045
2231
2181
2042
2072
2133
1299
2237
2084
2177
2335
2113
2040
2238
1281
2150
2239
1083
2109
2058
2164
1328
2319
1279
2080
2117
2155
2110
2268
2166
1287
2046
2044
2178
1318
2296
2099
2102
2240
2243
2257
2144
1282
2118
1319
2275
2075
2236
2304
2145
2241
2163
2062
1278
2060
1284
1280
2059
2089
1317
2129
1285
2121
2154
2090
2041
2082
1300
2157
2135
2136
2073
1304
2122
1305
2120
2838
2271
2270
2264
2276
2281
2289
2328
2295
1033
2290
2308
2321
2309
2310
2303
2323
2292
2325
2343
2286
2329
2338
2291
2305
2320
2327
2331
2299
1032
2315
2302
2322
2311
