70
58
77
221
65
63
234
217
78
71
57
223
17
18
238
245
232
2291
2289
16
59
2294
79
242
227
244
4869
249
247
4873
457
2771
469
87
86
152
4870
959
51
224
2293
210
240
3784
69
4876
205
62
228
269
447
218
1987
1106
1277
1495
1081
3616
3680
1745
3683
1943
1193
1504
1084
3595
1776
547
2778
2770
3787
233
448
4126
1968
153
3824
3124
1541
248
3121
66
4866
3559
1271
15
960
3626
958
2580
4123
3684
2724
1529
456
1962
42
235
587
1958
2003
1394
2762
1486
3876
1945
214
513
2752
4111
4488
5162
3852
4495
5166
1094
4862
1998
589
2287
458
5165
2024
2751
1199
96
1793
1935
3711
3834
979
1527
4878
1977
2786
1020
5146
5163
1263
418
1407
1500
3713
1082
539
1101
2586
206
1016
1097
2704
1507
1961
1010
4635
1236
3841
3884
3953
754
3377
2789
2795
745
151
3881
2520
3110
3582
4090
4374
2766
990
4133
938
3387
3983
5152
461
1538
3695
3
1093
2298
1337
2906
2564
2680
3700
268
3241
3607
5158
1564
275
4505
702
3796
1352
1183
3686
1259
246
1385
4306
1181
1540
4634
1194
1948
1899
5142
976
3804
1107
2018
2013
2174
4504
1928
4464
5168
1049
1078
1227
2463
2537
4643
5171
4106
1498
1491
243
90
40
4524
276
1285
2027
1198
491
3622
101
4490
3795
3991
1012
19
2461
4649
2753
1100
3192
2782
4585
2002
2074
1312
3907
2022
541
1386
5113
2290
596
540
4868
524
1368
411
3113
362
2955
2282
1017
582
3685
3235
2414
2472
1275
3160
1212
3912
2519
5001
3388
2585
546
5255
1043
4092
1436
274
1747
386
2790
239
523
2575
506
1184
2576
3635
2666
2579
2951
3628
2583
737
3715
3558
4592
2163
2133
3694
5041
5167
5008
2072
2134
978
2171
74
1033
1994
3910
748
4657
2077
1003
2457
2536
751
4089
1841
3873
3584
3543
5019
4511
4509
4507
4496
939
3594
1028
738
4134
1365
5033
1019
2076
1408
4381
2720
3038
1989
1954
980
1252
1025
3911
2676
3242
3089
4142
5101
3731
5239
359
3651
3790
2887
2945
193
2464
4883
3174
3133
3021
2559
3024
1105
3117
2952
4117
3368
367
2953
3288
3109
3613
3621
370
1401
496
3296
4596
2495
2590
2728
3100
1986
2299
1520
694
500
3865
3070
4019
2545
2475
4417
646
3781
3864
3874
1926
3842
4632
1937
1243
1934
2036
2109
4408
4503
1410
1406
3849
1007
714
4494
1900
3583
2070
1978
4704
1472
1053
997
614
2459
3916
4586
2000
4353
3304
726
650
4311
4305
2785
97
3610
1006
2121
4604
941
3039
3705
1024
2014
1086
3539
947
437
2780
2243
4885
4207
4947
2757
4918
1698
133
4877
2356
4237
1588
1589
4820
3486
2247
2244
2620
2264
4034
4032
215
5156
172
1884
829
4905
2621
4238
4821
3494
4178
4909
3458
4318
4031
4027
4929
4198
3480
3482
1697
846
4241
105
3436
3513
4179
1728
4906
4184
4827
4242
4815
1694
4969
1883
4886
1602
1630
4185
4865
791
2598
2635
4978
4096
4215
4814
5201
320
3502
4040
4153
4920
20
2080
4926
4940
2404
1503
4208
328
4196
1788
1232
4928
61
4957
2273
3307
767
3541
2470
2303
2830
2831
149
885
5126
4315
2608
3301
4269
2990
1361
2361
2307
1457
4515
3665
5034
3197
3033
1397
2539
4071
2898
4155
2597
3608
1273
4692
4099
1358
4091
3043
2573
3204
1080
3380
5282
4316
1374
2413
1944
571
5039
5030
1482
2403
4518
1092
4867
3964
538
5032
2553
2416
3229
2319
2891
3669
1744
1359
2876
4823
4288
21
5013
4310
2774
769
55
2853
519
4977
52
5005
4319
1612
1391
4826
3832
1366
3459
2779
1667
2902
4298
1650
5178
4343
1868
2629
2603
2362
1711
1791
1488
773
4159
535
1966
219
2667
1583
4312
536
2267
4479
3469
1633
1505
1582
54
5061
4818
4157
3302
4212
1549
2250
1618
1762
44
2263
1832
2894
482
4946
534
331
1587
1313
4953
4075
542
3075
2340
5278
1669
2284
490
3408
533
2808
2845
2334
4974
4313
4245
3545
837
830
4104
4058
3904
4792
562
558
485
2811
4841
4267
774
1862
5155
5053
1777
3477
1730
4232
4234
4039
4043
1729
1201
4042
2641
2333
2988
4235
2510
272
22
50
1896
4047
4266
5021
4220
1559
225
3406
3567
1634
1741
1070
4740
768
1414
906
3188
3739
5015
1340
3034
2957
422
4927
4080
3977
5010
3732
2846
3300
3076
110
3018
4972
250
24
2996
4527
977
2686
4510
690
3536
735
5083
4477
1178
1071
1111
2172
3115
3557
1062
361
3067
1532
1923
2031
2179
4647
3601
1518
2094
1877
1371
3644
1279
1325
1435
4268
4482
1079
661
1015
419
1172
1096
1479
4964
736
732
3125
4470
1797
662
4559
1353
4258
3155
271
1693
3141
4824
1415
1461
3149
481
1688
4240
4248
4230
148
2788
1656
657
1553
691
2540
3509
543
4939
3532
1661
2331
1742
1733
2261
189
907
2235
5070
3058
4065
4045
3146
870
807
1898
2153
4224
3409
4053
2469
3508
3245
1072
3697
3422
4362
3944
3511
3156
188
2336
5062
3237
2729
3147
2364
1804
2847
3934
2332
3890
2296
4354
1531
1682
4414
800
4330
899
4852
3490
643
3915
4213
4216
4226
4225
3714
3945
836
3917
2208
1685
4204
4219
2349
3512
4911
1810
1691
4257
4813
3315
4506
5089
5098
2669
4244
4239
4205
4206
2348
342
3717
1256
1848
2654
3413
1807
315
3510
3142
4162
579
1420
1412
236
2312
1632
4628
2278
2203
3206
772
2869
1224
4858
3514
660
45
1306
5066
3504
3505
1740
3130
5054
4522
4011
2964
1664
1260
3193
3086
5186
154
2844
2419
641
4528
5160
775
1843
5257
1225
2363
5197
1125
4334
2832
4627
1800
1220
4901
4201
3652
4846
3507
2370
2253
3279
432
653
1915
2931
4223
2211
3645
4299
3493
908
4650
3941
888
176
988
4637
2388
3568
2807
625
2239
3938
4023
2998
4177
2648
1613
1297
2927
2929
1138
4190
3497
2850
1202
5215
4914
2230
3143
3500
1126
2352
915
4967
710
2747
2418
4067
1624
4175
3896
3087
2276
3412
3136
3848
3666
2341
1726
664
2182
689
5277
2874
5115
2365
1824
4944
2078
1149
137
809
1707
4255
770
2245
644
4285
5241
2835
1684
2288
4176
2924
2056
5123
3716
4189
5198
5180
231
2966
3465
2248
4100
2104
34
1775
1295
4050
4231
855
4256
1544
2626
2637
4968
569
5011
2269
3326
3309
3382
1176
1781
3144
1524
3083
848
845
852
993
5209
1462
4150
5200
4280
803
2375
2397
4193
3445
5006
2642
192
857
4922
4297
4296
4917
4200
365
520
3434
2392
4932
2851
2323
2279
2622
3211
181
1143
171
5045
346
3574
4609
495
1651
1662
1659
477
4130
2614
241
1778
4921
2118
2978
2912
2697
655
2295
2242
3814
108
693
3182
4026
4118
3074
2399
2717
4750
1622
1647
1621
1628
2357
4825
2322
3491
2754
4923
2191
2184
179
1653
3441
2803
2383
104
2210
2948
1579
764
463
1608
1536
865
2337
3937
1732
903
4742
2478
4983
3009
1629
3055
3085
2175
5228
805
706
2073
2254
2113
5272
309
3524
3318
2484
3317
213
3515
3150
7
2390
1683
2347
2371
2346
2385
220
1631
3506
1578
827
164
169
2376
1692
3968
1543
4845
3316
4287
3933
2252
480
1346
3479
3481
1347
4229
2659
2761
567
4284
916
4453
421
4295
2716
4904
5202
1673
1333
1655
1654
659
1646
4822
2907
3091
2868
3444
4847
1681
1615
2378
1677
1679
2369
1626
1666
3560
925
823
1674
914
1675
4209
2852
2977
1061
479
824
2246
1542
1539
4455
2227
4626
529
433
739
1921
472
2275
3654
2270
4271
2834
5149
765
742
3161
3065
1641
4793
4552
2067
3671
3256
1464
1282
2471
2372
2358
3817
2829
4337
3313
3374
3860
3291
3869
3620
4963
336
3818
2820
2922
3258
4015
2954
3580
4160
3979
1064
5170
3373
2571
4765
2320
2824
3232
4307
3381
3395
2124
3883
1068
3833
3591
3312
4530
3282
3994
3163
4536
237
4360
3989
3710
3383
4933
3962
4380
4000
578
4962
2940
3390
3298
4336
3815
5292
3855
3177
3780
4572
4367
3189
4839
4412
3851
1619
4382
3333
3816
4372
2420
31
3349
4341
2508
1073
4349
3176
3908
4270
3914
4069
4427
4272
1611
334
4788
5268
3405
1596
2961
1652
3140
1606
4218
4492
159
160
4371
3210
3325
1607
1614
4317
3829
1665
2330
1623
3843
3823
1600
1670
3518
4428
1601
1672
820
2329
904
1649
5291
1671
4789
4368
4395
2919
3786
3278
4325
3630
1577
2563
3454
158
2993
3342
3128
5262
1845
2970
2999
5281
3754
4165
2963
3356
2424
4357
3828
3809
4462
3187
4601
1658
898
3840
1575
2360
2971
1604
879
3310
826
1605
3704
1576
3220
3022
2989
2878
3748
4520
4396
3386
4832
2411
2896
5144
3453
3452
4656
4625
4652
2259
1721
2367
4899
2748
3366
3826
5207
3004
2283
4127
5203
3489
3485
2266
935
3205
3429
4831
143
3273
75
1889
2619
2258
2257
3372
1663
3011
4936
117
4931
144
5219
2962
2967
2746
3542
2256
4900
2496
1598
2880
4670
5148
3495
4079
4055
3403
3218
5049
478
5261
5265
1530
2760
1897
3889
4029
1058
1750
4930
3664
5110
2262
1708
5164
2862
2082
4202
2827
3517
354
1473
2236
4941
5179
5104
2052
2251
5059
2504
5183
282
4956
2405
187
3223
3014
3008
2911
3676
3872
2355
3959
1238
3127
5184
5176
3199
2920
4584
3060
3810
3118
3777
4990
5266
4984
1245
3212
1869
4942
4835
194
2204
3299
333
2744
3338
3897
2061
487
305
1134
3217
4551
4393
3027
1142
5190
5271
1789
4411
3319
4084
337
145
3154
3757
2317
1879
1873
4383
4951
4794
2916
3221
2393
3111
1195
5226
49
4413
4945
3139
3573
3531
2600
444
4786
3866
3114
3054
998
3633
204
4323
32
1207
3001
1796
1752
1574
1957
5121
1713
3354
318
4426
3365
1715
3461
310
4276
4887
3358
2713
1722
302
3261
5270
3051
307
679
4443
4540
4249
4800
2618
3516
2915
2818
3246
1847
452
4830
733
4959
4716
869
1635
863
4622
4853
2938
190
39
4738
1136
982
4456
4617
3215
3634
5242
1041
1771
5060
628
5216
3283
4324
316
4784
5235
353
4500
4460
5214
2837
1823
4461
4648
2384
4110
1856
464
3277
1200
1469
4227
81
2057
3931
1300
622
1203
2098
3997
4021
4568
130
2265
2814
2085
467
3942
4641
4136
304
2772
3401
3782
4197
3214
2841
1431
4282
2633
3346
475
3463
1849
299
251
3398
2425
3362
4760
1931
126
3946
1432
2409
5205
2049
3522
1316
4434
2959
3389
3649
5009
568
3012
4682
4624
4727
3270
4387
3474
2671
4025
3216
1995
4838
3957
3592
3863
5256
3447
3448
3157
4954
4615
527
2698
3340
2994
177
4293
503
373
4377
3538
3411
3416
4277
3384
5204
2833
3923
4553
3361
4191
4423
2594
1056
4083
3718
3332
4186
2917
777
1429
4809
4291
4290
2793
4279
147
4834
2791
4463
2096
357
5273
4614
4003
3029
3269
5020
4158
3092
860
2975
4322
338
4613
2787
4389
4955
3949
3737
1821
1434
4275
2932
3397
5196
4743
352
502
3329
1787
4857
3286
3407
3871
2305
430
5218
4399
3077
3888
4292
3080
4101
3352
2733
4410
289
1452
3168
4386
4289
763
5106
4430
4529
1475
2398
2663
2450
591
813
4400
1208
298
1859
881
1430
4401
2804
1042
4338
174
2609
4420
3950
3375
4407
3960
4378
3323
3925
814
4449
4278
4122
4976
5227
4811
3779
3967
296
4713
4512
4121
5136
415
3175
3878
497
575
1854
5210
1820
3280
924
4384
3072
3010
2882
3520
4781
442
3249
1416
677
4851
3813
2926
3271
4903
3668
438
1174
1508
5117
4138
5134
4819
3183
3341
3839
4046
923
505
1516
4132
4621
2883
4095
3868
3420
4036
5141
5145
405
4837
2823
1219
4124
2726
4281
5028
858
1839
5264
3980
3264
4783
5276
291
68
2881
2694
4194
1517
4573
4973
3364
4421
673
1393
4785
2207
3096
348
3367
4140
1502
5267
1442
2797
4137
3921
930
4131
4797
3906
3289
3472
1480
3306
5058
3053
861
3646
3123
3440
3287
2181
3396
4448
4737
3339
366
2958
4300
2802
5245
2309
3281
1370
4965
871
705
1758
1971
626
4331
2984
2232
2974
3265
434
2327
4388
4636
5044
3321
3359
4094
3336
3369
3360
3370
3885
3975
3919
3788
3251
796
4981
80
3376
3290
4616
3378
4062
3328
4054
3343
1512
3190
3330
3404
4406
3073
3987
4114
654
4304
4998
5003
3305
3148
873
1311
4422
4346
704
839
3846
1117
4116
3698
2268
2900
2908
875
3243
1218
4437
5290
2732
5017
5259
5287
3952
3347
5231
4548
5222
4436
4125
2836
3891
4442
2987
3112
5284
4476
3986
4526
3920
4795
3850
3958
4491
3812
4192
3208
203
680
4493
4764
3951
2745
3998
3858
1154
3260
4562
5217
3056
4415
868
4376
944
4143
4335
5181
3292
379
3811
3099
5297
5275
4560
3599
3238
2985
3862
4108
3426
5295
3854
3605
4501
3712
3870
3097
3311
3062
4630
3252
3462
5212
3961
3209
4525
4486
5025
4060
4002
642
687
5224
3322
3456
3976
3988
325
3575
3005
4102
5230
3042
3257
4790
5211
3050
3609
351
3106
4608
3417
5221
3350
3549
3857
3181
3064
5233
5191
3981
3345
344
4274
3116
3173
5185
5293
3353
4351
4320
3202
3427
4061
3995
3467
3392
4373
4438
4063
3402
5254
3104
5195
3845
4135
3836
3879
3295
3068
4563
3475
4273
2815
5084
4985
3057
3164
4402
2947
3266
2980
326
3079
5279
4358
4004
4097
4409
3990
3947
5296
3137
5248
3738
3902
3303
3550
3203
5280
3898
5220
3918
5249
4949
3207
3198
3363
3807
3867
3098
3978
4363
3603
3999
4829
3227
5294
3201
3294
3045
4890
329
3247
3984
3178
3808
3186
3153
4989
4828
5193
3969
5237
3066
3993
3985
3992
5250
3059
4008
3357
3892
3859
4006
3263
3887
3719
3861
4013
3170
3886
3551
3297
3379
3639
2763
3078
3752
3234
3314
3927
3623
3783
3255
3956
3268
3419
3169
3224
3926
4016
3577
4364
3523
3792
3913
4370
3853
3228
3966
327
3399
3180
3838
4787
3088
4005
5194
3084
3935
3794
3936
3880
3471
3213
4326
3061
3901
5182
313
4009
4024
4037
4173
3167
3267
3081
4012
4340
4081
3102
2742
4028
3185
3488
4017
4521
4327
3093
4098
5258
4350
3132
5175
3219
60
3262
4546
3069
3400
3996
4385
4001
3191
5252
5247
5208
4148
3107
4014
3259
4498
3063
3250
3236
4141
3254
4007
4018
4112
3877
3742
4038
3105
3196
3899
3930
4154
4391
3172
3090
3184
4152
4174
3793
3103
4022
3101
3248
3963
5159
3924
2722
4076
3982
5173
4115
5283
4010
3791
4416
4020
3972
3932
3533
5151
4169
4093
4085
4539
4163
4166
4164
5161
3492
3971
3293
4078
2725
3501
3528
4052
2781
3696
3797
3973
262
3496
5240
4072
3785
5172
3750
3544
4167
3770
3970
4066
3145
3875
3928
4620
4170
347
4074
4561
5229
4308
3431
3751
4146
3165
3929
5118
4073
3729
5169
4109
3138
4172
330
3394
5192
3955
3534
4156
3755
4070
5140
4168
3171
4088
4171
3393
3547
4056
3546
4499
5150
3036
4344
3965
3600
3721
3200
4057
4105
3624
3527
4836
3822
4077
5154
3744
3759
4068
5244
3159
3540
5092
4113
5124
5071
2904
3758
5139
3095
5251
2828
3015
3882
4087
2972
355
5157
4151
3954
3179
4103
5119
3529
4082
4107
5130
3446
5107
2973
3437
5153
5081
5082
2969
5143
3166
3530
4633
4987
3048
5099
5127
4379
2767
3827
5072
2812
3943
324
3548
5125
3418
4910
3856
4217
3682
5102
3052
4607
4854
5114
4487
5026
3016
4970
5234
4849
267
4925
4915
4348
4916
3726
4523
4996
4979
5080
3525
3974
5112
356
2983
5077
5088
3702
5135
4452
4485
5079
3617
4888
5132
2995
3576
4534
3922
3730
4875
3561
4447
4441
4450
4833
4855
4301
2949
2867
4446
3725
4605
3661
4861
3044
5232
3553
3041
4610
198
4812
3821
4433
4431
4440
3433
3432
4992
4424
5274
4361
4578
4638
5147
5094
4064
3032
3519
3606
4502
4432
4517
3535
3835
3806
4884
5043
2806
5199
4594
4606
306
4850
3108
2901
4405
343
3632
2939
3028
2910
350
4051
3767
5097
2918
4516
3640
5260
3733
4086
2946
358
4640
3030
4457
5243
4547
3020
349
4565
341
4439
3151
3013
264
4612
3619
284
2301
4882
2941
3119
3023
3026
2903
5086
2743
4587
2960
4574
3037
3905
3131
2884
2738
364
3002
3025
280
2843
3820
2872
4445
1
252
5093
3082
3618
4791
5016
5087
3468
4796
1069
340
297
317
2895
345
3019
3120
321
270
3158
2942
2943
263
2950
3049
2979
3637
3000
265
454
4303
4603
2857
3789
2769
5095
4444
2886
3800
294
2992
335
3798
3593
4848
2879
3466
2986
2991
5111
273
2925
5038
3046
2816
3741
3728
266
2923
4971
4982
4995
4986
2858
258
5000
1032
3805
2913
3678
5091
3677
2937
1336
5029
2956
2739
5137
2734
5263
2899
2849
3673
2888
3722
3552
2928
4966
4975
4419
5035
2723
2798
38
5253
3773
3656
2935
2921
4844
3765
2892
2731
423
47
2889
2838
404
2401
3611
3776
4619
3681
3762
3761
4991
2930
3655
3672
3667
3663
2871
3799
3662
3763
5027
3709
2756
5037
3564
2934
3753
2933
3746
2982
4948
4994
2817
3778
3747
3724
5057
3690
3641
3708
1031
2735
5246
2777
3774
2825
5236
3569
4803
3760
3071
3764
166
5068
4802
4902
2764
3703
5031
3691
2741
2976
2736
3736
3674
3693
2860
3556
3670
3734
4801
2826
3570
3749
2890
3566
3769
2740
3771
3745
3679
3775
3735
4804
2737
3723
2848
3768
3909
5018
2877
3692
3720
3689
4798
3643
3707
3675
3772
2866
3688
2775
3660
3803
3657
3659
3756
3687
3766
3631
3706
2859
2759
3554
4321
3589
3648
3597
4799
2799
3571
3572
2758
3555
3636
2805
3629
3647
2936
2875
2809
2897
3658
3625
3596
2865
3642
3457
2842
5023
3612
4993
4639
157
5069
4618
5206
5042
963
5085
281
5064
5189
4671
4473
4654
12
5040
283
5096
314
150
2436
4686
4935
4575
3638
2794
5138
2439
4631
5078
5122
4702
5048
3615
5128
5051
5014
292
5109
191
5103
128
5120
138
295
4458
28
4598
125
2432
4188
2784
3604
4475
4889
4541
4451
2433
5063
4531
229
5047
3047
360
4773
83
4776
293
2431
4895
4997
256
4623
4653
4778
161
5050
4894
2839
363
5024
5004
5052
5036
5056
4302
140
3562
4645
4980
4893
3588
4646
226
4597
170
199
2438
303
136
4721
4611
216
3699
511
253
197
156
4782
178
4651
1063
4588
4478
4730
4696
4569
134
2727
5065
5075
14
1067
4988
4602
514
4567
4454
13
2434
964
2437
135
4642
3585
3602
202
1964
2800
1051
288
155
3701
4558
180
322
1757
4555
2822
93
3825
4755
4698
1059
201
4684
4751
4769
319
2302
4508
196
2408
1806
2440
106
2458
184
91
4697
146
4187
4564
2417
2274
4591
4950
2234
822
141
207
127
185
212
211
312
209
2442
2453
208
2407
2821
4780
200
2644
4593
4693
4589
4549
255
167
369
4545
2249
4736
2455
4474
4774
4577
4775
3586
120
4556
4557
254
4840
27
100
2445
5007
2449
4489
4758
4579
4745
2311
2444
64
113
4688
4663
4731
2430
2819
4576
4590
4554
3563
5022
183
4600
4680
103
4533
4566
4570
2448
4532
5073
182
4581
4772
4497
4537
4580
4544
287
4519
4753
4759
0
4669
4538
4705
372
2426
4668
4777
4582
4480
4672
4543
4720
4734
4761
4706
4472
4662
4724
4571
4732
3578
4767
3614
4757
4550
4542
4748
4675
4583
2750
4514
4725
4709
4664
4749
4763
4483
4710
4766
4746
4747
4599
4754
4733
4728
4768
4741
4674
4735
2749
4689
4484
4717
2813
4695
3579
4469
4481
4687
4723
4726
4722
4739
4683
4729
4468
4466
4700
4771
4756
3587
4673
2429
4701
4752
4715
4708
4467
4690
4465
4679
4678
4703
4691
4714
4677
4718
4694
4676
4719
4711
4762
3581
4744
4666
4665
4712
4685
4699
4707
4667
4770
2801
2796
4471
37
2410
2255
2402
1725
165
73
2447
115
2199
2415
2485
2454
3627
3650
4891
4943
2231
965
142
123
896
2441
940
2197
2233
48
5012
4892
2213
2443
966
2237
26
112
2406
98
2339
2345
2240
85
797
1091
2221
67
72
30
1723
1074
1023
2944
109
1188
2601
286
2223
919
1455
1594
2162
2297
2315
470
816
969
33
1759
2241
2314
1400
2997
1216
819
56
942
1599
926
29
909
2083
2395
1045
2468
2217
878
2166
2225
884
2423
2185
285
1593
2219
2159
2220
1000
2238
474
2224
2685
2188
2117
2206
2318
2474
887
492
2222
821
1405
1724
2198
1636
371
2674
2702
2176
1751
1459
1444
3598
1603
121
1639
2084
395
2412
795
911
2368
2351
2218
2460
1768
1648
2452
817
2386
2338
116
2451
25
971
2456
1509
1039
118
1573
967
1625
1447
2214
2389
1458
1609
515
1790
2681
2154
99
2631
853
445
862
1627
139
2304
2350
1803
892
532
708
2373
107
2192
1876
1460
2167
2325
2321
2354
2465
895
2422
2428
2310
2359
2260
2421
2382
1610
2141
1572
2313
2130
2374
2170
877
828
2396
2344
2201
2193
1837
936
2168
2194
2140
801
1925
2387
1920
1550
400
2209
2097
1251
2195
972
2613
592
2132
810
2602
390
1918
902
8
88
1155
1571
124
2161
2180
2324
102
119
122
2205
2150
1617
920
2119
2196
890
2146
2200
2095
35
2187
2482
2638
1597
2178
2156
1595
2190
36
2489
1919
2189
1241
715
95
812
818
2690
2486
498
2186
932
1446
921
2151
872
1719
2292
1441
933
2177
913
1246
1474
2466
943
1616
94
2183
931
794
1438
2099
1244
1720
2164
1840
2498
2086
974
1437
2142
2160
1468
1050
2494
1714
1932
1197
2107
2558
968
927
2565
1451
802
2481
2158
2300
2477
2147
368
508
1229
1881
2012
2480
459
731
1917
1763
1851
563
949
1223
1210
1570
1526
2549
1077
934
2503
1825
1712
1465
1345
928
1933
2542
6
1827
917
2523
787
2532
2707
1815
2511
912
2684
1440
937
1234
1099
2560
2157
1535
1153
2528
1439
1287
1799
2155
504
1205
1171
2547
1133
2617
867
1858
1993
2584
2517
1499
2525
2783
2543
1485
1489
2526
2499
2544
2534
2476
2512
2473
2505
2552
2535
2556
1521
2483
2548
2581
1450
2500
1242
1448
2487
798
1484
1443
2516
1463
378
1534
259
1240
2490
1233
2518
2488
2546
257
901
905
986
1980
1487
2308
1924
1211
1511
2507
2462
1103
2533
975
2530
2522
2531
2529
2551
2509
2561
2555
2550
2514
2521
2538
2513
2562
2501
2493
2306
2554
792
2506
1206
1214
2557
1493
1501
922
2502
2572
793
2569
1456
2567
510
396
1467
2568
512
1449
1700
2591
1936
397
2007
918
2689
1922
1916
1567
1785
488
1857
2144
277
494
41
424
1116
866
1816
412
1076
1253
1882
1560
1546
955
416
2662
605
1281
684
2136
111
2612
1383
786
468
945
1046
1293
629
2145
1811
2652
1506
994
1929
2079
1914
665
2592
1809
1808
617
1308
1222
758
1769
1269
720
759
719
2596
2126
2212
392
1913
2148
973
1470
2143
1528
1941
1930
507
701
1855
2152
1075
1786
1356
1819
1040
2069
1364
1132
804
1798
1770
1466
1124
2021
1554
2108
1237
1276
1557
2683
382
1519
2623
1280
1065
2033
957
631
2125
92
2131
2640
1037
1052
2714
729
1145
1471
1893
1533
1878
2138
1270
2081
1239
2058
1057
996
2016
2137
874
1048
1217
2071
1852
910
1997
2624
2066
2065
1108
2661
730
1565
2011
473
1054
1850
2675
1561
2701
1871
1818
1342
961
1907
1805
1894
709
1264
2792
1985
1844
1760
89
1892
2286
413
606
1975
2709
671
1736
1863
1872
1886
1880
1592
76
1215
1864
1095
956
1123
985
1289
1885
1735
1731
1779
1734
1737
1112
84
723
1888
2687
1867
712
2100
1853
1247
2023
1792
483
1296
1956
2043
1030
1739
1558
711
2588
1119
1248
2120
695
1949
1008
1812
1861
1315
1860
2039
2017
1874
1738
1826
1817
2044
2650
1813
1891
1875
2030
1865
1887
1866
1749
2035
1772
2776
1261
1249
1266
1483
1204
2010
1288
2657
2040
1035
2110
1303
1591
1060
1299
1773
2050
1011
2051
2075
1756
4
740
2705
1979
2277
1835
2639
2087
743
835
1984
1254
1001
1292
1290
1268
1047
1310
1454
2128
2285
2054
2042
1255
2630
1286
984
2006
668
1829
2664
700
1991
734
1974
2029
1814
697
1250
2677
1294
1743
1906
649
1830
2651
2678
1795
1102
722
1939
725
699
1953
2149
779
1027
811
501
2656
1421
2682
1284
1996
1262
1291
2008
2700
2064
1231
880
1982
1128
1319
1972
1274
2112
1026
760
1965
1983
2673
2695
1278
686
1940
1038
2020
727
718
1765
983
1318
1774
1973
2041
663
2025
1950
1927
1305
2101
1761
640
954
1002
2693
2688
1701
667
1355
2092
776
685
1709
1955
753
1192
1988
1904
1189
2068
1755
638
1190
721
1976
1905
1960
1191
2005
645
652
1999
1267
1992
1902
1782
2712
2103
1764
1951
2009
1704
683
716
1912
707
1710
2111
2135
2691
1523
1784
2719
1901
1802
750
1283
785
1967
2004
2139
666
717
1990
1753
2090
1909
1903
1910
2106
2115
2088
2089
2059
2102
2122
1908
2091
2034
2114
2045
2123
2116
2001
2127
2093
2062
2047
1838
2692
2105
2019
2055
2038
2015
639
2026
1911
2696
2060
1703
746
2699
2703
2048
1895
1702
2037
2028
648
728
2708
2715
1794
1120
844
2668
1104
1780
1304
1301
2625
1938
1272
1298
2616
1055
637
611
1113
278
279
681
647
1699
2643
674
678
1525
2646
2606
2636
1321
1322
2634
1367
1357
1547
1478
1309
406
761
1029
2605
1036
749
950
260
744
1314
451
2632
1476
636
414
757
682
747
1492
658
2607
703
987
2627
1350
741
755
832
752
1115
782
9
1515
1021
1354
2647
2655
544
724
1481
1323
2645
834
261
2649
669
676
1320
1013
948
783
756
1137
572
1034
1494
1044
1159
1168
1384
675
555
2658
465
713
851
486
1388
1148
1510
493
1344
2660
2665
2653
2611
1343
784
10
781
780
833
557
1022
401
1339
1018
1005
841
1163
799
1307
670
953
1160
992
1004
843
995
1109
999
560
1014
1088
377
1338
1369
1317
1363
1562
1766
2589
946
1186
1349
573
651
455
43
1157
550
441
431
1083
1177
1147
952
517
1185
518
1085
559
951
1009
1131
1144
838
1089
590
1373
1141
580
516
1173
1156
2577
1392
1090
1187
391
635
854
425
1490
981
1390
509
633
446
2570
1372
1161
376
594
564
402
453
576
565
466
1513
1152
443
1556
603
1146
1169
1167
1129
1158
435
1165
1110
1179
1130
553
1121
1139
1135
476
1140
1164
1118
577
1376
1166
1162
991
545
1127
556
1114
2281
1087
566
1335
548
585
831
1378
1379
849
1395
586
842
1377
1180
449
403
847
1453
850
1334
1170
1403
1417
1514
1122
1348
1182
522
521
1098
595
1381
1380
1382
1497
1396
1387
588
552
2582
1537
1351
439
1477
2578
375
1329
554
570
1332
1404
530
1362
574
374
436
1746
399
1331
5
385
581
1409
597
1402
388
389
440
1548
1522
1413
602
630
1360
417
471
409
499
427
426
1555
484
2593
462
1545
608
380
2595
387
2574
613
420
1552
428
381
1327
616
1328
610
410
583
407
1569
1568
612
408
2
383
615
1326
619
537
609
429
1426
598
1566
1425
623
1428
1411
384
1324
531
618
1424
601
1422
604
600
1419
1399
526
634
593
1427
599
627
624
