73
87
64
78
63
284
263
243
279
79
16
250
56
71
96
264
277
255
258
278
245
254
93
282
281
241
17
2616
2614
230
271
270
72
274
2610
102
272
15
267
90
2605
253
5587
1664
261
5586
1763
249
2609
3
1652
3125
229
235
2942
540
2600
5583
3546
1244
2268
3158
55
1230
4324
3332
2604
1745
1354
1708
1680
2940
2289
1765
1362
5006
1756
1679
2279
2620
1685
4123
1334
535
4206
175
4328
1142
1376
1077
3426
3093
1674
1545
2204
1366
1698
3534
4327
3678
1689
2909
474
1757
4202
5145
1663
1751
4142
1112
2231
5582
1150
159
3348
4666
4134
1202
2240
3691
5014
4675
1669
156
3589
3364
1610
3561
3671
3668
2223
622
555
4222
273
609
75
3124
4108
3171
2634
4416
5766
3543
1461
1154
411
3688
160
3596
1759
2938
412
1677
397
5235
4118
1430
3406
1550
499
2182
1134
532
4120
2947
1136
613
1210
1309
1291
402
720
2898
2196
1021
1211
3346
583
4101
2365
1609
4205
4348
2784
5765
2316
2354
3585
2717
5130
2302
4116
5987
4148
1333
174
4487
1120
1403
4661
528
4115
805
549
1431
2236
4306
45
5243
2785
1145
500
4981
2359
5225
2214
1079
3698
4673
482
1144
4307
2301
3497
3403
4161
795
4405
2603
2922
3582
1421
1378
3590
3167
529
2799
3351
4540
1552
2916
3781
814
422
1767
3220
4126
2906
2708
4406
1209
3371
4138
5580
2936
5577
473
1493
3594
3370
3515
4372
2073
4385
314
4413
611
5789
4955
5986
339
4197
3424
5232
4481
4973
1546
1732
3523
462
3572
1203
2088
3297
5889
3076
3455
4445
5769
4201
1662
496
801
1977
1132
1125
4676
1821
2224
329
2220
299
2242
1456
4074
2300
1076
4720
298
2260
1382
3679
155
4112
2489
2758
5246
2839
1104
2247
2851
2369
2780
1130
3735
5247
4071
1299
820
1303
2294
1141
1316
1407
2273
1124
1379
4669
176
504
2314
391
524
292
5154
4729
1464
1290
415
5280
3405
3823
177
1983
2257
1222
3091
722
5035
1801
5538
4868
1932
912
911
5519
3970
3915
3957
4865
5535
5096
5527
3977
5563
1962
3920
3128
4853
74
4846
3956
3142
2692
2867
121
4763
4963
5542
5718
4814
1969
4965
4884
2683
4808
2675
4831
2125
5959
1916
4629
5546
5067
5541
4786
4938
5022
4928
4835
1790
1919
2960
4887
4897
986
4900
4895
4761
5052
1914
4896
3323
4787
5945
2973
5963
4983
1793
3316
1933
4817
4827
1930
4841
1800
2577
5934
5064
1799
5594
985
3143
98
1782
5059
124
3149
5565
5570
5533
4941
4940
991
2077
5530
3919
5670
4762
4712
3315
4811
1891
5954
2548
3180
531
4788
3931
4902
5936
1789
2651
4828
988
371
4796
4989
4809
4135
3531
4515
3537
3568
4320
4677
2660
4386
5809
4734
3535
4154
5709
4099
5713
3203
3376
685
4482
4453
5621
4429
2421
5131
678
4326
4522
5605
5224
307
2500
627
3835
4200
2926
1116
2800
4668
256
643
5723
5278
475
2899
5268
5907
2753
3498
3123
3221
2480
719
2853
4541
464
1584
2420
1673
4
1928
4850
1917
2574
3321
3965
2547
3848
4832
1966
3972
5610
1954
1955
4060
3969
1965
224
1988
2657
3386
5712
5596
4516
4816
891
3862
168
4790
24
5536
2110
515
5864
2030
2561
2669
1791
5857
2012
5949
2560
4780
1968
4659
1805
3964
5674
3953
2576
4521
3940
5656
5655
2557
4964
76
85
2135
3986
2656
2674
1984
2003
2549
4778
4802
4776
2567
4795
2571
2568
3992
4810
875
941
876
3930
5547
32
3955
3971
5960
2686
1921
4847
242
1525
4798
913
5633
34
1878
257
5681
577
5529
5520
2364
441
921
4781
3043
5603
3858
1114
5873
50
996
5500
4826
4830
2349
5071
3070
4789
5578
259
3077
5331
4813
2689
3917
341
2706
1979
1532
5559
3139
6034
4932
1873
1883
3227
5595
434
5637
3540
5002
1777
1488
1967
5075
2749
4341
4503
973
5055
169
2575
3130
4960
4794
3305
1964
4698
4842
5657
541
4986
2705
4843
3002
3951
7
1000
66
945
938
4886
349
4927
4383
3129
5539
5540
5592
5973
979
5544
2344
283
2927
5209
2664
3146
3007
1547
3829
807
5216
4359
1446
4638
5649
2027
2933
2317
119
3126
2233
4073
4672
5716
5104
2156
2303
1543
1746
4988
4150
2428
3453
1533
1313
3036
3856
107
1526
718
2159
2306
1608
404
4424
2298
420
4353
1651
770
4072
5304
5005
2227
1123
46
3852
5887
1736
763
4881
4926
5545
4856
5636
1676
862
2544
2726
977
3890
1540
2539
5543
2588
2583
3949
3758
1643
5548
956
2331
187
5086
811
5647
4689
3903
1953
130
3301
5950
874
1879
1931
4624
4498
2795
5948
5036
699
955
2100
2668
3400
2104
2092
2094
5692
3310
4184
1011
5438
948
141
2070
4719
33
352
927
957
5085
5937
889
970
3748
4695
1561
5699
4340
1305
883
209
202
186
49
20
3947
3950
252
558
3959
4529
4363
385
3138
3571
5676
6028
5602
5598
228
5564
1703
445
1695
1372
982
4604
3880
2085
1650
3474
1268
2355
625
3873
3774
4898
4892
4899
4969
440
3815
3804
2011
860
2964
178
5860
5645
4760
3827
993
1683
5926
4504
3954
2989
5015
2921
3311
1568
5497
636
1315
3174
4032
217
3295
447
1958
378
5877
5016
5891
3226
5484
2024
4863
5462
3756
4851
1314
843
559
5156
1516
4833
2587
1960
4248
61
1459
3914
77
5924
4815
1920
4824
4785
3963
4839
1792
4641
4587
5643
2343
4894
2105
2111
1524
59
907
3967
3966
4857
5725
4611
251
5012
2035
3997
4505
3141
2086
1918
39
3982
632
3976
3983
3980
3328
1728
1734
2907
5830
19
6040
485
4920
5249
262
2091
928
21
62
870
3881
3368
60
1837
2056
4755
3575
3778
2345
2767
366
1848
2866
5767
4852
3147
2040
3820
22
4606
1306
58
3235
3231
4528
3367
3958
1284
1826
3266
1190
2053
3291
5634
65
3083
1615
4754
740
1912
5635
1513
5537
3708
4507
2655
69
3478
3989
3469
3306
3388
5785
5480
3192
1940
5646
2417
2702
959
5962
1638
3152
2540
1172
963
2470
3733
3990
2637
846
4931
2528
4915
2149
3675
3265
5445
4013
3391
189
3952
3998
4003
999
3134
4749
4005
980
3075
3214
1831
5660
803
892
688
920
849
4605
1961
414
5562
2777
5736
5918
1556
4022
4692
2116
3256
4485
3819
3054
3234
363
1666
1898
1890
198
2022
5696
859
29
958
946
5914
2101
1832
1071
3913
2523
836
3876
1882
5313
4342
1894
4080
3058
2901
3106
1862
3991
2155
3826
4821
2520
5867
4592
2754
2982
136
5023
5100
5665
4948
5644
5697
5575
863
359
1364
3550
4834
5524
3751
1867
5849
3309
5984
5056
2579
5947
5512
3249
5493
4402
2719
2445
3155
2141
5662
143
2054
702
5102
183
1233
5703
2513
5933
5840
5753
4937
2341
3812
1277
4018
2703
1304
5938
4657
3584
3599
3579
3597
5672
1022
4145
3418
4043
4282
5782
4488
3547
509
157
1809
5752
145
495
4683
3414
4642
2794
2679
2504
2932
2789
4451
4711
5778
3372
5851
487
4289
4219
1542
5911
4097
2890
656
3350
792
2895
4319
574
2829
488
2363
1318
2429
3683
4444
1161
1654
2928
2924
4678
3697
3736
3563
131
5865
2857
430
431
568
3275
544
3480
679
132
3539
4590
4646
3420
3290
3649
51
1012
1963
3475
3536
976
4873
978
2911
3925
840
5858
3559
127
3434
2142
4745
133
3615
2850
3673
459
2882
5686
5623
3645
581
3942
3797
5630
4610
3392
2350
3868
3212
2874
3658
356
572
1872
522
2140
5866
3670
3387
5917
3651
4607
3428
3619
1811
4804
2330
951
5678
4708
1033
2892
3408
5969
2820
5793
120
362
3988
3996
5502
3349
4984
2147
2146
2130
1997
476
1017
1911
4476
2984
940
4878
2966
5814
3772
4466
1176
3999
1975
5070
81
4275
3642
570
2959
2469
3739
3117
2880
3156
998
4091
1910
1877
1913
5078
1863
968
1871
4621
5505
2569
4019
1838
3693
752
1816
3161
1003
5152
2120
4583
2145
6046
1741
150
3869
3202
1126
3900
2061
4578
413
3730
2658
4530
5513
1786
5486
5476
2311
5481
3237
246
84
3365
1503
1905
2735
5549
4501
3875
439
851
1486
1957
4499
3215
588
5853
489
1529
2645
2103
4644
3729
2728
1856
5470
1887
3482
3978
2075
1909
3749
3864
2736
1864
1876
2098
4584
4582
1874
4029
5487
5092
1840
3122
1976
4474
735
80
5704
5277
2652
4173
4015
68
3545
2124
3549
2389
5859
5869
2090
1292
2039
2255
5571
2418
5726
903
4057
3206
2957
5707
5920
5868
3466
561
4262
3302
2526
537
1855
1896
4588
5798
902
5734
5482
5083
2337
1903
4581
2138
1847
1870
898
5076
4867
4870
4877
5300
1246
3303
5503
3253
3233
2681
1900
5241
885
2811
3710
1884
4194
5946
1764
5042
4879
1206
3333
5870
4006
5930
5532
2506
139
3308
5490
1239
4192
2099
1514
1690
384
375
873
1269
1578
5844
943
3874
1839
1906
1858
1868
1857
5175
5653
3415
1834
5028
1297
995
2646
1660
222
1641
1902
5956
2759
3135
3720
3393
1066
944
1484
736
2006
3817
196
2806
934
1743
1216
5729
6022
5556
965
2065
2869
227
1265
2177
856
833
5552
2114
3079
4622
3682
4250
3661
1481
1388
5522
5935
1904
2106
4718
969
906
1851
2081
1895
1845
1178
1860
950
3938
3468
3084
3065
3071
2038
2045
1005
3616
966
3398
587
3805
1885
2809
2991
3384
1232
3324
3197
4000
1310
5516
1611
4615
3322
2082
4471
4750
3448
3871
3705
4190
1307
5557
5146
5511
5850
3228
2036
3187
5912
1901
4686
514
667
3425
616
4020
3208
335
1713
5931
2013
3195
3082
2971
4799
4717
1886
1286
3154
2023
3715
265
3165
467
2556
2665
3313
1185
234
2131
676
3477
1973
1974
492
1644
2020
2118
1052
3492
3439
5158
3327
668
2473
4272
3611
1567
2031
2048
3556
3017
1665
1511
5832
3866
4004
3530
2059
4767
1817
652
4387
3721
3288
4185
2783
3363
512
89
5710
728
2742
38
5845
1925
602
1095
2087
1989
2807
2650
2127
5684
3912
3136
3073
3190
4706
1947
379
2896
3109
2367
5063
237
2718
2069
5728
4226
5523
1737
3244
1718
233
3283
3045
3666
3272
3732
3798
666
6036
2987
2115
1308
2000
539
1196
1854
1804
4331
4539
5837
455
2169
2908
2287
5461
861
2150
5685
5073
3052
4715
3784
2004
5639
3731
4362
2760
4350
1712
6025
4680
5748
3260
1990
2741
323
3542
5874
5742
2627
2290
3825
1788
3312
113
5970
646
5758
4390
1001
534
5698
4702
3399
2019
864
4632
5902
2346
3808
1289
2444
918
5077
4696
4024
962
5047
1631
5855
1065
3752
4822
3690
1623
844
5755
1187
604
172
2648
2647
3847
5673
4812
2639
552
1742
2453
1009
2842
2972
2151
2715
5982
2071
2915
1859
5317
3144
4163
248
2047
1682
2685
2152
5957
2514
2580
3185
2129
5133
5079
1339
3529
5724
4921
4038
346
1738
3882
5690
3066
466
579
3300
4369
3168
5977
4591
2529
683
2508
1773
193
1193
1727
5694
1565
2552
2028
1560
971
5444
477
5964
2666
3175
5974
5951
2613
4233
2058
4636
30
523
4049
2582
5667
3207
682
1083
4082
4259
1706
1849
3750
4875
3902
2825
416
2113
769
2748
360
367
2986
5118
5940
2374
2913
5227
3795
617
4187
501
3905
1332
2954
2772
3893
101
4972
2707
6064
715
5968
2893
673
2413
116
2935
1002
1752
6052
5763
503
5717
6009
2593
5999
118
2581
122
3816
5631
1285
199
573
5794
2739
554
5473
4980
3279
2517
3630
4290
924
223
2372
3684
2586
4585
236
5250
1893
1018
731
4011
2822
6019
1841
983
469
4418
2868
3551
949
586
3470
1844
195
3610
2174
6056
546
244
1833
201
1573
975
3635
2638
351
226
185
190
4021
4016
635
219
5971
2765
197
3722
4411
4277
3404
4509
701
5900
5181
4110
4264
2693
2175
4990
4183
1625
2481
964
4465
5600
2462
4866
3285
3614
1959
937
2709
10
6071
5638
5341
3219
1687
2711
1825
4155
451
2732
3728
1571
4081
4511
2590
4580
3775
449
6051
2375
3377
1813
4253
516
5683
5929
3640
2499
3934
1972
4025
1624
939
2173
5498
2770
521
3325
6037
4742
6055
657
821
1553
470
2688
711
1629
3894
2477
3799
1836
5340
2132
2976
3245
2414
2216
5952
232
2291
3034
4299
5254
4305
2336
4308
4579
2494
866
1536
3051
5955
5815
1474
2863
1704
480
1661
5760
2589
3792
8
125
3813
3472
2176
158
5939
3381
3293
3394
1008
3652
3863
4982
3456
3859
345
6024
4506
5784
3779
3319
3062
2338
917
1064
812
4627
239
1487
2985
5932
3794
338
481
2958
471
1781
1365
4971
1346
3330
171
5153
4244
4146
5836
5373
2482
2427
714
5231
6049
908
1235
2472
2538
713
6015
6061
1167
163
4130
1828
3413
1319
6041
4500
458
4255
3857
4188
2930
5113
2990
677
3768
1622
1733
4461
3593
4274
3800
3085
661
3263
4296
1692
3851
206
932
650
510
389
3282
4288
1373
1476
3059
1053
3927
689
5895
1630
3631
2854
208
896
3150
5632
5702
4241
3553
2402
2615
3788
3773
4970
1942
4473
2622
5514
4012
660
2802
3252
3358
5797
4869
5568
2630
3865
3811
493
5981
739
442
580
3314
2072
5296
747
647
152
3787
5506
151
220
4722
6063
5786
2636
1956
4245
2562
2271
2542
3287
1585
3375
3632
5024
1648
4639
2074
2119
1994
1936
2856
3108
181
2555
3870
4189
2102
894
3088
4026
4158
3320
4524
490
6013
5744
3994
2368
221
4687
5058
929
2340
2342
5190
2543
498
4600
2521
4690
2981
4716
184
2701
478
1993
1776
3366
1039
1721
5272
1469
4107
2041
3636
2745
5901
5745
761
4705
212
179
2887
672
2112
2640
2885
390
1278
733
3033
4023
4339
517
1649
1614
2522
5733
1783
95
5650
5910
403
2846
3700
2861
465
4542
238
3361
1475
633
1770
247
5066
5909
5641
4180
2788
3680
4699
4458
700
4637
2512
1489
1101
543
2553
1280
589
137
3385
5189
759
5890
1996
505
5103
269
6050
3318
126
2879
3618
3711
4513
3236
2299
2109
3740
2032
506
2144
1275
2123
3407
2496
2551
4665
2286
2443
3409
2315
3250
5896
5080
47
2021
5861
5629
191
3383
4993
1815
4577
2923
1047
2356
886
4874
585
52
3884
2498
5820
1311
2431
1946
5393
5253
1945
4153
847
3115
3292
4063
3718
4061
1978
2293
6043
5475
2881
4994
4829
3416
919
3844
4468
1267
3588
1023
1635
2165
2128
2339
3493
888
5833
2554
31
2044
2493
2373
5244
5821
2433
5483
2332
2870
2491
3021
4191
593
4586
6060
4573
1073
3317
4484
2404
1282
1006
1072
5479
427
2143
395
3362
6068
1331
5569
1541
4561
1433
1496
760
2563
4291
2550
5377
149
3639
3028
4462
1338
5612
5746
1051
2392
2383
1156
5913
2570
2432
2479
2416
5425
2502
2439
2172
114
4771
2564
6053
5802
2046
2362
2393
2454
2468
2329
865
1127
3617
2025
1814
109
629
4096
4124
5754
443
4354
5107
5431
1501
36
1273
2107
5101
4237
3520
3417
1535
4930
3755
5958
4648
1564
4281
213
4946
3178
2333
5640
5625
5264
5521
3885
1835
910
491
2471
2503
2415
5410
3898
2360
2063
2388
2524
4017
3110
2377
2166
2451
4599
2371
97
2509
5961
2060
37
4962
410
3897
638
533
2440
1312
674
4284
2460
2357
905
5013
3177
3257
5906
2139
4089
3846
4446
809
3665
94
4450
2452
1987
3086
5652
4046
3354
1357
5335
603
1563
1846
2241
2405
1829
3271
1875
2370
2495
53
4654
2483
2171
5967
942
1067
1948
315
1424
5397
3210
2461
2725
4160
5033
3246
4166
704
1605
4169
4732
6069
1672
6072
4066
936
4227
2996
854
3771
3267
2963
4309
188
4268
5248
2007
164
5553
2183
4523
1300
2720
2724
4093
3255
1347
5803
3901
3831
5065
123
3296
1787
1646
507
4258
3329
2710
3397
4739
2505
140
365
144
2734
4047
2773
5881
4737
2446
2347
3734
2055
3378
167
2272
1600
3268
4179
4626
205
3056
2270
1264
5091
972
2062
3369
693
2376
2285
210
2713
3132
2394
3422
2016
2975
502
2714
3709
5774
631
4464
5691
1355
5928
5841
641
3277
1627
953
194
3929
837
3243
3430
2764
2766
3047
610
2366
3467
4597
4298
2215
117
48
2474
4094
4152
5790
1194
3274
967
890
2386
933
330
3127
4643
765
1384
2608
3100
4186
1697
1775
3444
4136
3802
882
2697
5722
798
146
2492
340
1420
3899
3580
730
871
867
3872
1570
3230
830
3148
850
5922
3251
1548
3747
4704
4549
2083
3281
3307
3335
1518
3299
626
3337
831
2463
1063
4723
428
4176
2419
4693
1191
2541
336
703
105
3359
2353
1575
4347
806
596
1557
2050
2510
3334
869
4514
1512
637
1062
5715
3662
1667
1353
5708
1995
4613
4062
1389
3276
3746
601
4623
931
2148
2751
5573
808
5829
3984
1371
2661
3205
5515
461
5714
4059
640
4143
2084
1068
2532
1500
4181
1702
1183
741
3107
215
3261
200
3209
600
1595
3436
2527
1555
3481
3421
1549
211
3238
4598
3217
4162
621
1691
1707
3116
4880
2476
1166
606
2721
2733
4317
92
1111
5271
5017
4182
5008
4175
3264
751
5601
1537
82
2033
3745
2478
816
1155
925
732
895
930
1075
5688
2403
4193
3015
3089
3336
1175
3402
3105
1179
3338
4770
3908
1189
3278
1607
138
129
286
2378
1162
2486
1103
3995
628
5510
4010
3449
909
494
2379
2837
607
2049
1507
1869
2602
1596
687
479
794
1171
4508
1941
1715
2838
3512
4912
2284
3830
838
6044
326
1626
1369
2005
2018
2043
3814
1985
663
2467
727
639
1182
128
1569
180
1934
325
115
2592
344
398
1628
2465
2994
1498
630
818
2456
3789
1099
845
3412
2068
2787
961
3763
624
4589
4525
4177
960
3839
3753
2737
6070
2949
4164
3101
3760
2872
5805
3111
914
511
5550
3239
3173
4370
2515
4238
1253
2108
135
456
1559
468
691
706
3360
3395
1558
612
426
1950
2034
40
1939
1213
1074
3843
2698
108
734
1589
692
2774
2536
433
644
662
827
817
1060
3040
1279
3273
1061
743
1
5030
2641
2969
5471
2979
5608
756
1810
2267
28
6023
165
4805
2426
2001
5329
5609
3451
3374
4459
669
3782
1517
665
435
1499
1508
4777
671
2680
584
2955
620
694
684
1562
3145
659
705
744
695
1325
1779
1888
457
697
1951
788
518
1506
3074
2776
1214
2980
599
897
1579
904
1823
3001
5034
1482
729
1637
1824
1370
1539
3828
649
5661
758
4645
3225
1604
1572
4228
1653
4807
829
148
203
275
1519
680
690
432
472
1586
605
1599
1509
597
1252
1754
1598
1574
800
655
1778
1195
3078
2762
2684
1483
5664
1577
1591
1866
857
681
686
1566
2535
2730
5677
497
2786
746
2743
1287
2117
1248
2723
308
3714
5619
2830
1991
2993
6059
2821
147
1031
1603
1675
1717
2631
1381
2740
3591
2998
1030
1024
1497
1606
598
658
1590
664
1580
2696
1593
2712
1744
608
324
1576
1582
1594
2752
675
2952
1597
2671
615
1686
2883
2804
1881
2847
2695
1852
5942
2798
1850
2810
5759
1587
192
1842
1238
653
309
3229
287
1495
1583
2843
2763
2836
670
1616
648
642
27
1478
1827
1658
103
1710
2956
2919
1592
2920
1554
1807
1749
855
2678
2738
2781
1780
173
1671
1034
2699
1027
538
2884
2727
590
1613
2914
2722
1602
2792
460
2672
2841
2673
2948
2849
1588
2771
899
1647
994
5626
1465
619
1766
1723
2635
2757
2778
1242
2951
2755
2805
2790
2894
268
1295
2813
1014
2844
887
1812
1523
1617
900
2826
5848
2700
2878
1729
2889
2687
1830
2642
1636
2769
881
2747
2746
2667
1843
2761
1263
2729
2779
2750
2860
1013
2873
2632
2848
1711
162
1025
2812
2682
2756
2862
1640
591
2824
2629
2694
2931
878
3223
2855
2877
2662
2628
2888
2833
565
2654
2917
901
2768
2775
1761
1485
2819
2864
1028
1659
2903
1026
2817
1822
2875
1032
2865
1042
2832
1019
1722
2670
2859
1010
2835
2793
3286
6
877
1820
2644
276
2852
2845
1619
317
2840
166
2791
1036
1656
2815
578
1621
2858
1620
1020
2886
879
1044
2619
1758
2828
2643
2876
2818
1808
1670
3224
2912
768
1655
1045
1037
2801
1015
1038
2744
2796
25
1634
110
2946
1041
1035
880
2902
1633
2803
2871
2897
1760
2797
5787
1645
1720
1725
564
1705
4156
1701
1750
1527
2953
2831
4483
2633
334
1748
310
1494
2934
0
450
1709
332
1762
1618
1255
582
527
536
484
1747
797
645
26
1184
1771
1168
1668
757
5740
5593
5693
5822
452
1632
1471
1245
3357
322
1231
576
2943
161
884
997
1612
14
2816
1473
567
1774
1177
773
3483
767
2
1515
947
1699
952
710
802
1551
154
1159
557
1463
754
1530
556
5
762
1730
5705
569
789
3280
3985
4724
774
13
777
712
2937
4595
1140
1225
444
737
4027
775
592
182
1302
1479
2537
1544
1170
1329
1684
542
2950
2925
793
1451
1938
425
288
1153
575
726
2612
153
437
1716
1694
1491
436
2929
5880
424
1224
560
11
2026
566
3352
1534
725
3063
724
1510
1186
231
1522
3557
1452
418
316
4709
1133
3218
1937
709
289
1138
1768
1657
406
5585
438
3064
2941
207
923
1538
915
372
1137
266
571
1139
1724
651
563
778
483
1772
104
634
804
142
780
1986
1173
717
313
1769
218
1324
3511
3304
1098
1688
785
260
1700
1490
2606
3716
707
290
312
3087
1096
1143
716
2905
1504
1678
738
3476
1323
1520
3445
782
766
419
3298
790
3026
333
1152
3213
3602
3247
3895
3259
3061
1492
776
799
796
1521
786
748
787
1505
755
2999
784
822
3356
3443
791
4744
4727
3447
3440
753
708
421
508
354
454
3067
3262
327
380
3240
405
54
3452
1181
1212
771
3373
2939
4730
772
383
1401
70
3012
1755
3526
320
852
1468
4323
2968
1164
1151
1949
3258
4576
3454
1935
853
3581
3431
318
401
3576
3446
1149
407
1740
513
1115
2530
3438
3450
783
3433
3601
386
3435
225
721
3519
67
417
779
3437
408
1999
337
1046
3050
3004
463
44
3030
4596
5916
1470
3284
3025
311
1462
3533
3055
4619
3269
3410
1432
1442
3294
1472
2281
551
4714
3441
3016
1466
4172
1330
1294
3583
764
4149
3427
3525
3411
1390
370
342
376
1105
381
347
396
1119
12
3565
3270
3072
3429
3419
3060
3471
319
1531
1328
2051
1128
3289
1944
1419
3719
5893
3554
2534
826
4159
2089
3432
5732
382
1148
4700
5884
2017
331
2944
4014
306
301
3613
295
216
3522
2057
832
1411
3022
5817
848
4008
291
305
3057
296
321
399
394
393
369
293
519
374
364
368
304
3396
520
343
781
294
562
392
3049
297
3896
328
348
377
3340
4725
1952
3038
57
3343
5669
355
400
547
5899
5921
3577
353
1322
3068
4710
1298
5919
1441
1528
813
819
3000
1467
742
3713
302
112
3379
300
4694
361
303
373
486
423
5898
3401
4688
453
3090
1326
4731
2977
3344
3027
5904
4095
5905
3390
3586
3345
3023
4114
5923
3341
3355
835
1223
828
4113
5903
3518
4735
3382
1207
3629
1094
3499
4140
3595
3712
815
1208
4601
4663
2009
2037
841
1477
4594
3389
4106
3103
4736
2965
5792
3011
88
5876
5908
5915
3380
745
3342
3037
3044
842
2067
5591
3339
749
3527
810
3347
3457
4486
3053
2042
4625
825
750
3010
3664
1998
4651
5847
3019
43
5894
1048
3020
3248
834
4041
3006
2995
3008
4001
3039
3598
5886
5791
1321
3552
1158
5700
4121
3035
3600
4674
5883
5756
2596
868
1992
1218
1069
3095
916
1327
3018
872
1283
1169
1129
3014
3080
5863
1122
1257
1392
1320
5810
3032
5648
5579
3009
5776
1146
1165
4111
4670
5788
3655
5737
3500
5606
4634
4738
3888
5885
3013
1395
2283
1440
5730
3081
5825
2988
1402
1439
1418
5761
3024
5990
1147
4452
4174
5775
1345
3048
3648
3663
1261
1055
3046
4286
1426
5824
5878
2008
3029
5852
5862
4608
4772
1097
5607
1460
4783
5764
4649
5807
2533
5777
5804
1160
5735
1428
5701
5806
5875
4656
1215
5813
4671
2319
4609
5762
5823
3222
5835
5831
5618
5799
4784
3501
1266
5816
1205
5839
4746
280
3484
1092
5888
4617
3092
3458
5687
5882
1274
1450
3513
2591
1380
1163
4660
5826
2945
5879
5783
4612
5871
5781
5812
4782
5779
4635
5795
5620
3906
5780
5617
4797
5843
3889
5872
5827
5808
5751
5773
4033
5796
4679
5757
5771
5768
4792
5616
5834
5819
5614
4035
4685
5772
5615
5818
4602
5828
5682
5671
5613
4040
5846
4747
1093
4616
5658
5770
3909
1271
3892
3911
1455
5659
5675
4031
5590
1110
3910
4774
5731
4773
4037
5604
4793
3891
4030
5747
4652
4620
3725
4221
2093
5741
1317
4431
1054
1250
1090
3541
1243
3517
4733
1050
1237
1276
1086
2080
1351
1251
1434
3754
1109
9
3660
1281
4427
2348
1258
1259
2327
3738
1415
1056
1091
1387
3603
3042
1447
3104
4137
1399
1108
1234
2326
3674
1445
3643
1241
1249
1049
1236
1221
1228
1229
1270
1262
1107
1404
1157
1414
1436
1220
1437
3528
1118
2358
2307
1204
1121
1406
2598
4454
4684
1226
1438
1435
1352
1386
1457
1458
2295
2188
2269
1410
2531
1423
4310
1117
1454
1100
1444
2254
1240
1254
1368
3633
3489
5572
3578
4593
2136
3495
2322
4220
4273
3488
18
1058
1425
1350
1453
1227
1427
1400
1448
1980
2185
1348
1405
1199
1260
1412
1394
1398
2205
2178
1057
1409
2584
2308
2192
2206
1360
2585
1349
1217
1200
1408
1247
2507
2597
1413
1385
1135
723
1375
2304
1070
2278
3031
1180
2992
1219
1429
1367
2219
99
1201
2235
1089
4092
1174
2002
1422
3516
3459
3650
1131
1359
2187
2179
2246
2208
2193
3041
2186
2318
3005
1113
2200
1198
1397
1416
2280
2309
3491
1102
2323
1106
2202
2222
1396
1197
1393
3509
3503
3465
2277
2351
3460
4147
3507
1087
3677
3659
4314
3702
3669
1344
3657
3937
3654
3685
2321
3694
3487
2207
1059
3496
3707
2168
3681
5944
3695
3506
3508
1377
4321
3514
2201
3696
3687
3464
3490
3706
3544
3504
3532
83
3502
1088
3505
3462
3521
3463
3510
2195
3461
3485
3486
1343
2194
1342
5576
1356
3672
2221
1358
3667
2232
1383
2181
3494
4566
3604
1391
3524
2296
4741
4740
4322
2334
3676
1982
2253
3704
3656
3606
4312
1341
3946
4133
2328
3624
2320
2164
3767
2310
3692
2335
2312
3605
3761
3686
1981
2325
2324
2381
3764
4681
5993
4559
3689
2167
2248
111
4538
2313
4655
4048
3625
2399
4304
5558
4316
5979
4560
3741
4278
4303
4139
4554
5980
2397
4640
3724
2292
4463
4478
4279
3796
3701
4535
5000
2297
1340
5127
4520
3807
4064
4252
3785
4650
4532
4318
2274
4235
3623
4631
4534
3608
3607
2382
3936
4492
6005
3904
3627
3699
4311
5943
4313
4519
4550
3790
2252
4078
6001
4209
3638
3766
3703
3609
3842
3626
4300
5992
5126
2211
3861
2234
3765
3855
4271
4551
4545
4315
2261
4242
6000
3097
3793
4293
5173
3102
2251
4141
2197
4472
4287
4283
4125
3620
4653
3759
4460
2249
4572
4239
3621
4552
3762
4571
4129
2305
3637
4574
3824
4664
4553
3935
4261
4544
4491
2262
4086
3845
3783
4662
4569
4044
4045
4280
2263
4234
4910
4567
4721
4575
4564
3723
4103
5965
4555
3832
4701
4703
4518
4558
4911
4497
3840
2282
4495
2226
4502
3744
3634
4959
4547
4517
3837
4713
4691
4467
2250
3939
4556
4548
4568
4489
4570
4682
4536
4667
4546
4563
4537
3821
4490
4543
4510
4285
4531
4302
3822
3612
4527
4276
4301
4496
3836
3924
3644
3094
4493
3877
3878
4533
4294
4212
4494
4270
4292
6011
3810
3841
5941
3786
4090
4210
4042
4232
4225
4512
3770
3160
3628
5026
4211
3801
3806
3743
3809
3776
3777
4925
3818
3769
4382
3780
3742
3791
4256
4240
4907
4295
4958
4269
4002
5983
4975
4914
4249
4908
4246
3737
4297
4050
5976
4088
4977
6035
4260
4247
5998
4231
4991
4267
4916
4470
4425
3850
5966
4456
4087
3137
4263
4658
4437
4224
4204
4913
4266
3928
6006
5975
2180
2228
4052
4992
5168
6027
3838
6021
4051
5451
4430
4477
4426
4381
6031
3860
3883
4999
4469
6008
6012
4404
3727
4254
5025
5174
4443
6054
4119
4345
3726
4421
4216
5989
4438
5194
5195
4423
6026
6016
6067
5456
1363
2288
3833
6017
6062
4480
6065
6048
5509
6066
4457
4207
5927
3112
5996
6007
100
6002
4479
4203
4223
2238
4178
1374
4909
5020
4439
2160
6018
4208
4961
3923
4447
5995
6047
4448
6045
6032
5997
2210
6057
4105
4957
4420
4104
6033
4346
4434
4475
5051
5128
5504
5003
2275
2264
6058
4987
4979
2198
6039
4949
4917
5180
4056
4435
3163
4199
2184
2384
3131
4919
6014
6020
4415
4455
2237
4433
2189
6010
5062
5054
2199
4067
2408
5004
5985
4171
2245
4918
4996
6038
2225
1361
4922
4168
3140
2212
5988
2243
2218
4968
2244
5574
4442
2209
2190
5093
5491
1337
4065
2276
5507
5508
2230
2239
5215
5151
1335
4380
2266
2229
3113
4436
4230
2265
2487
4395
4966
2203
1336
3186
5496
2163
2161
5283
4084
2217
5134
1084
4218
5294
4151
5010
6004
2396
4396
5994
2162
4053
4432
4257
4394
5991
2213
4379
2398
4412
4243
5095
4085
2411
5157
4410
4401
4389
4236
5439
4102
2425
5139
4132
2191
2488
2484
2475
5027
2395
4144
4950
4070
5263
5048
4374
4428
5140
4766
5046
2455
4449
3166
5031
5112
4069
4417
5365
5485
5488
4215
5501
2387
4117
2157
5259
2466
4419
4403
4229
2412
2434
2448
2457
2406
2400
2158
2401
2385
2390
4407
4952
2485
3200
4170
1080
106
2424
2430
2407
3118
2410
2447
1078
2409
2441
4953
4377
2438
5457
2437
5082
4422
2423
5492
2435
5081
4365
2449
4375
2436
4054
1082
4388
4956
4951
4128
4384
3183
4976
4343
4985
5018
3196
2422
1081
4400
5068
5327
5478
4997
2442
2458
2459
5019
5143
4368
5032
5090
4338
4398
4055
4068
5240
4364
3119
5044
5325
5404
3159
5242
4109
3172
5187
4378
5382
5285
5162
5364
4083
4360
3157
5207
4945
5348
4332
5413
4344
5429
4251
4995
5323
5098
5428
5978
5111
5298
5352
4357
4373
5448
5129
5312
5292
5230
5427
4361
5045
4337
5463
5089
4376
5072
5141
4217
5182
5060
5446
4397
4393
5321
5208
4399
4408
5159
3096
5057
4127
5142
5203
4409
5260
4414
5301
3121
5160
4954
4367
5258
5474
5125
4923
5196
3162
4058
5029
5037
5205
5094
5477
5437
3164
4122
5430
5472
5161
5426
2450
5265
5291
4131
3918
5434
5380
5273
5115
5467
4165
4352
5400
5307
4392
5972
5116
4335
5449
5459
5469
5468
4924
5458
4791
5464
5392
5447
3114
5423
5441
5309
5361
5345
5381
4198
4157
5466
5442
5406
5375
5184
5237
5452
5374
5465
3201
5416
5275
5454
4334
5435
5114
5396
3170
5551
3133
5318
5183
5366
5417
5401
5284
5387
4333
5316
5414
5239
4079
5108
4196
5402
5293
5403
5418
5436
5407
5432
5424
5419
5420
5443
5412
5405
5440
4371
5359
5415
5395
5376
5357
4075
4076
5455
4100
4077
5218
5388
5411
5460
5408
5450
4351
5176
5372
5343
3176
4349
5144
4214
5350
4336
5342
4098
5394
5351
3193
4213
5390
5358
3169
4356
3151
5204
5197
5360
5287
5344
4355
5169
5356
3194
5270
5109
5097
3204
5251
5119
5339
5106
5266
4195
5453
5261
5167
5370
5355
5314
5336
5191
5369
5347
3179
3188
4325
5422
5368
5276
5267
4358
5319
3120
5433
5330
5389
5305
5409
5349
5353
5383
3189
5163
5279
5262
5214
5202
5288
5110
5303
5138
5398
5256
4330
5328
5346
5201
5245
5384
5105
5117
5289
5363
5295
5338
4947
5297
5302
5310
5421
5311
5399
5386
5354
5124
5371
5332
5308
5299
5337
5378
5269
5333
5306
5362
5122
5334
5322
5290
5324
5281
5315
5326
5123
5391
5120
5379
5385
5121
5179
5255
5238
5188
5200
5165
5172
5226
5274
5136
5186
5147
5132
5222
5149
5137
5219
5229
5228
5150
5135
5212
5213
5221
4329
5166
5210
5185
5234
5220
5192
5198
5223
5211
5148
5233
5177
5170
5252
5164
5193
5178
5199
5155
