1744
1689
1799
2011
2621
1668
2051
1782
2277
4922
1392
2328
1631
4021
4062
1649
967
2160
4321
5225
2555
4617
2113
13
3807
4306
3258
3832
837
5283
65
2525
4778
3642
1294
3616
1557
2721
977
3833
1296
3003
1963
2138
3699
861
3566
3603
1493
781
2289
3546
3818
3976
2612
2306
3519
1449
3946
5276
93
671
4779
3612
4344
4788
915
1652
4011
4687
303
1951
3701
978
4564
9
936
1968
4972
3951
984
2100
3656
899
3952
4311
3381
625
2086
869
4260
3738
2003
2714
268
2165
2099
2527
4720
1169
163
948
3576
3563
2838
1940
302
1433
2597
1395
4060
4913
1536
1428
2642
982
1306
4910
1094
2350
836
1855
3665
4479
1953
1675
1119
2297
1920
4966
2875
3323
997
2012
3639
996
151
3261
1044
3909
1929
4282
1453
2735
1838
1795
3848
4283
4275
1040
3861
4763
930
4049
1396
2285
1556
603
3722
4824
4746
3898
2723
3948
1038
2233
2025
2971
1008
887
5109
1069
1426
2001
3849
483
3585
2734
516
1886
3568
269
1494
4272
1299
4607
3636
1946
1664
1895
2041
1230
3397
4608
4811
1985
3594
569
1533
3065
916
1205
2137
1036
3570
3696
3053
890
1007
3275
3
547
2438
1479
2500
3720
840
628
2831
2616
4944
1558
4908
4064
1544
4934
2622
4094
1487
3650
615
4308
4588
993
2293
3329
1362
4643
2331
1308
1746
3727
3975
1364
3828
3791
1671
4332
1534
76
4947
939
306
3697
2592
4048
247
1473
2317
21
2296
4812
2345
1307
1434
3545
2098
867
4831
4789
4063
4727
913
2970
2890
1240
3712
1291
3860
4799
3718
1289
1561
4029
1203
1974
1791
2115
4830
1394
846
4574
4546
1909
4414
2093
4961
2002
5242
4642
4454
841
988
2696
4378
946
2119
3637
4350
1346
2611
1684
922
672
4919
1387
4541
4220
265
770
2521
3514
3344
1773
830
970
1650
3372
2384
198
2566
1642
3335
4233
4419
496
4042
1462
2570
862
1186
3316
998
1759
3700
1398
1499
3963
5166
2281
1236
3395
5025
902
3694
4597
543
677
1173
1768
2455
1996
2492
3721
2518
2737
642
3702
1956
1162
111
4307
4330
4868
4845
456
4810
4796
1037
1670
1292
3835
3312
4355
4322
1091
1472
2355
2219
2575
2605
1284
4818
4269
1745
5288
3940
626
3955
2199
4668
571
2708
3886
621
3141
457
910
1283
1383
4046
3950
1192
5281
4573
4387
3743
3660
2312
1060
5250
2852
1930
1967
4926
3598
1496
4424
3368
382
1645
2953
1309
4267
2765
103
1919
4216
3625
4793
1978
4988
1553
4342
1582
3122
3222
5219
2643
1608
1972
2004
1980
4175
3969
4022
640
1354
4235
604
3540
3800
737
1041
1763
1897
2087
4662
2274
3369
458
3824
1999
2192
1752
3873
4595
5067
3224
3130
3941
3708
2667
3267
3303
4236
878
1057
2829
2265
1287
1003
2246
4310
1343
141
1275
3332
1087
666
1071
1797
3507
3128
3307
2944
4315
2949
3752
1212
2104
1798
3717
1295
3153
581
3525
2951
1907
2576
3741
369
3234
4982
3850
1014
2571
3644
5314
1065
2139
4590
3558
1223
3651
2065
4975
4731
2141
1150
4563
3750
3544
1425
2153
4632
1889
3543
4452
2303
489
1842
3627
3755
2158
4015
2169
1935
3614
3653
1943
2111
4674
1562
632
2754
892
2663
2127
1560
1311
4559
120
1698
1202
2359
868
2222
4839
2140
3762
1400
4258
3698
3288
4192
558
2961
3510
4032
7
5075
3198
2562
1300
3954
2827
5237
1540
5009
4921
3518
2639
2497
4945
2509
3967
2617
4512
2434
2601
3399
1692
1219
2991
3270
1302
2520
2456
2964
602
1489
3652
2699
2342
275
1568
4411
992
4031
3962
1092
471
1177
3333
4093
4136
935
811
3253
596
2939
3104
367
6
1876
5042
5315
1334
3363
420
153
334
4389
3426
4653
3430
2982
3163
3591
2783
356
783
433
2728
622
376
2445
4146
3814
488
675
3092
3483
3482
1152
322
3906
4556
4555
3080
3485
4709
1865
293
319
1739
4495
745
3254
598
3437
3255
912
3171
3500
2905
5306
1811
4710
3449
5185
3798
75
4583
425
1733
291
3673
4499
3535
1627
3370
1872
5008
4406
1271
2447
5157
19
2557
3074
2717
295
245
3354
3778
2897
760
243
3630
3480
3351
3929
2460
2917
45
1700
260
2649
512
4466
3887
610
4742
3111
2361
4318
4066
4538
991
2292
5205
1102
4844
2151
4613
2307
2120
2161
1614
4744
4960
639
2074
254
519
842
2565
4625
3533
1112
4670
4616
3871
879
3775
3619
579
2395
2228
271
1843
3210
1654
3845
2339
1156
1682
1086
4938
2874
1043
4816
1056
1954
2990
4339
3049
1320
3923
2942
5171
2633
738
796
1326
3494
1848
1485
2936
4405
4507
3257
907
482
1260
727
911
473
68
388
2989
179
682
4352
5216
2923
2925
2940
1252
1857
5043
139
1254
3274
237
2891
4877
691
82
3856
2880
1215
2550
3486
144
1495
2941
5175
1321
69
118
127
2830
3246
2209
3046
24
5045
4712
3283
1577
4695
746
5149
3454
3447
321
4707
2812
824
2513
414
4125
235
2791
449
4115
757
3436
2088
3168
3169
5111
4204
4509
2662
4485
391
3170
1245
4110
4523
4402
2810
1418
3256
3293
3200
3194
71
3142
1255
2418
447
1388
353
2383
1825
3497
3139
2594
1166
2429
3132
942
145
959
394
3412
771
3484
337
810
1233
1839
2743
3895
384
4534
553
647
2417
3068
1644
5268
814
1656
3066
2453
1374
2997
3055
58
945
1341
3899
2469
5279
1338
1322
499
3161
404
2591
4480
445
4297
799
4154
2729
128
4287
4313
2030
3106
2353
2268
4126
3774
2354
112
4077
131
2628
3172
2792
2650
2807
2731
4025
346
599
4832
3464
2996
3465
2892
2802
535
5006
4940
2210
326
3810
2803
701
25
1047
4584
122
3739
1159
688
281
1775
1163
4017
4699
3285
4582
446
766
3441
3203
2987
5127
437
4858
4441
4291
4656
3211
4447
1751
4170
4317
3855
1828
283
4003
2332
2986
3822
2901
3175
4525
1288
5001
4009
126
2425
450
316
2833
5304
742
5141
3244
1945
2894
3004
1199
3320
3912
3134
5273
3190
1730
4900
664
5168
3621
4955
2975
4055
3313
4631
4946
4997
2573
3802
3242
1335
22
1424
5090
1694
2403
2849
3093
4646
1143
2379
1214
1356
1405
368
4606
359
1529
455
2467
2921
3580
273
4865
129
1280
1913
4572
4594
5180
1538
2516
459
3731
2446
2836
1110
1066
2552
4443
1871
5190
230
759
5200
2808
102
813
3148
1867
2542
583
4229
2266
2920
2475
3202
748
2709
542
1502
2585
5022
3383
110
754
1866
3166
361
3180
609
3422
3463
5287
565
1272
716
2494
548
3783
5134
125
4080
2396
236
2881
3000
2679
3888
552
2930
1870
1628
3784
1266
2584
3355
324
5187
1436
934
5224
1723
5123
4285
520
3793
2980
515
4706
1901
2678
2846
5188
3306
1639
1259
3668
2828
5094
803
1167
5105
1457
4242
146
1023
3434
709
2733
2793
5321
5197
4719
1852
4407
749
3808
3083
2700
3669
974
3358
1020
3453
109
2208
4325
829
370
3002
789
4985
176
778
792
804
2669
5158
5155
816
2658
4998
782
174
4005
720
3086
949
521
3179
2965
4241
897
3877
3918
3532
4280
2744
3654
1826
1419
3157
3812
263
2916
2323
2483
1316
775
3282
4553
1646
3269
2032
900
448
481
2583
210
2580
3910
2406
1882
3301
3113
52
3852
740
1377
4041
3252
4667
3870
3419
2725
2960
4530
2148
5293
827
72
4673
417
1595
3431
929
2879
4191
1422
3353
510
1824
1829
444
851
5151
4500
2451
4334
4990
5096
3445
5013
4510
3471
821
4056
790
5320
3016
2299
491
2442
4596
3732
4159
3455
3173
2640
3184
2915
3781
4981
311
2440
5128
4527
60
4967
4928
2686
3116
5099
2028
3160
2948
3304
2818
2820
3710
5201
3916
1470
684
172
3145
3167
4899
5266
3681
5021
3015
5300
1237
2079
2031
825
5068
3220
2443
578
4976
1917
4067
627
636
3461
2029
4432
4462
2581
1944
2749
1442
1955
1441
74
4521
1846
2760
1157
5037
3035
1158
704
1836
3027
1856
2984
2983
4519
4531
5179
5181
4505
4503
2240
4498
1905
1879
1161
2924
776
725
724
4475
779
2932
4470
4463
476
472
4493
3038
2759
2402
345
1776
685
683
3907
1788
3911
2816
49
26
335
2815
297
298
363
366
323
294
4396
5083
4030
4104
5198
2740
2913
4622
1891
73
140
143
1325
262
5148
2489
2539
4497
4410
2654
1513
1333
586
3084
2437
4836
4207
3079
3769
2470
954
4842
4006
2692
3806
951
5291
2560
4892
10
64
486
1032
3581
3309
3094
4453
5012
2206
4070
1111
2017
4996
3678
3705
5222
5177
3277
347
154
2787
348
5184
854
98
4456
1881
5309
3326
3314
2255
4637
1375
5257
3671
5169
3295
3733
3131
1439
4219
117
3138
5130
5018
3999
1884
1261
5270
5124
3075
4033
1793
5269
3629
2313
1247
406
2767
5244
5275
5085
693
1370
2327
3838
2185
3188
660
3391
2479
5091
1546
2038
4224
2741
5145
3014
752
5144
932
601
2325
3001
2993
4655
4649
80
927
3823
4365
833
3020
4544
3676
1660
5296
5261
3011
5260
3998
4165
2335
4234
4142
5202
4051
2871
595
4173
2819
1115
3418
1585
4118
2235
1708
5044
1750
1025
1912
3182
4893
4026
1340
5114
3481
4382
4381
2579
4124
138
3087
5220
4023
3988
3903
2826
5259
3462
2851
1706
3477
1830
3709
2904
2854
1948
5284
2435
2465
2269
1104
374
4316
1323
4336
3110
2320
2701
1297
4276
668
4449
2173
2102
4314
1328
1620
4734
3346
3564
4059
4957
1565
1637
931
2128
3843
4794
3893
4834
3913
1827
4696
1184
3949
4412
5318
4549
2155
1547
3770
4962
903
3024
774
4800
4415
2036
2279
3878
4437
1925
4300
3766
643
4226
4279
686
249
5290
3390
3761
3076
3565
3432
4685
4703
4420
3457
2204
1860
1381
2336
4937
3051
242
3983
3904
2163
2764
474
5076
1653
1518
2400
3779
1578
3259
1151
2558
3440
2671
4298
2202
3785
3985
4567
4231
2261
4467
4399
3799
4371
517
2922
5263
3567
3030
2582
4312
1890
3674
4723
3328
3443
4633
1013
211
5212
4147
2477
5015
2772
2391
3442
3450
2547
3156
2201
4599
2959
2295
3495
3508
29
3149
3438
2184
3273
1490
4476
2381
3479
2758
3232
958
3008
5226
2713
4697
1281
1618
762
1121
3829
3103
5019
700
1456
2374
2059
3136
5215
239
5081
5070
3048
2340
4222
546
212
4218
3892
3133
3672
3715
4181
2822
2799
2064
5079
479
5062
2751
1464
3579
4050
51
4098
4492
2063
2488
373
470
168
2039
2912
2637
5100
495
2895
5262
1993
4532
2675
396
4148
4383
220
3376
2517
2071
4303
2688
3657
36
3205
3098
3894
2033
3435
1031
1114
3124
3891
357
1363
426
2108
3090
4108
822
4380
3745
4103
5285
794
3837
318
1503
3780
5272
2531
4692
2732
4867
1512
3296
213
5101
202
1049
1196
4149
5023
1958
3225
1809
193
5024
1831
2481
1971
629
206
3428
5072
431
3364
5084
3841
4733
124
1634
3183
4128
3606
338
5253
801
4469
362
1792
600
2077
5027
831
2154
530
3176
2809
1685
4088
2377
4851
5292
786
717
761
5125
2276
2981
768
5103
3827
1256
5191
1
5254
4859
1728
957
3920
2586
3679
3970
18
541
2736
2318
3388
747
3865
4134
1263
5238
4047
2603
2943
5011
149
1267
4626
4327
1506
5110
3658
5271
1711
3993
5003
3782
1201
5223
2674
2564
3196
1357
3343
4473
5307
1715
1757
4372
3342
59
4445
315
2341
2164
1390
4247
3215
834
5245
3415
4013
2249
2254
2641
2245
1923
4036
1630
1528
255
896
5078
2352
3359
1716
750
3357
4225
3193
4299
3262
1270
3618
416
81
4265
4948
4202
1726
4659
1740
1488
282
753
634
4054
1705
3538
194
5203
4035
2044
3099
487
590
4176
4624
3042
994
882
4764
267
3165
1515
4876
2280
351
3489
1021
3792
4680
148
4255
3064
3413
419
1367
5176
5232
3117
5280
733
650
92
331
4359
251
4435
4417
4127
3938
4160
2619
2486
3502
4398
1369
4502
4591
594
1368
3091
2069
4786
2872
872
3472
1317
865
3981
5147
4180
1176
1683
3882
1794
300
3583
1274
2945
5329
694
4931
401
4012
2804
644
1128
3392
5316
2957
2950
11
1348
4151
2194
3876
1002
1051
2805
3433
501
3928
3308
1712
3924
1279
4496
697
2236
4517
1327
4296
2796
2007
4431
4724
494
4958
1632
1337
2788
2371
2768
3411
4458
5080
3375
3478
2545
2954
2683
276
933
1800
2367
3840
2811
62
2782
1415
1710
95
3164
3078
229
1766
641
2257
2252
4468
2388
5294
5325
3680
2370
1815
1874
4129
4729
132
5112
4605
1355
3230
5241
4007
4244
165
415
1780
4823
3468
4939
2013
299
2661
177
5256
238
3063
4718
1446
3921
4871
4422
1029
1507
533
115
3019
1138
1353
1786
2472
3082
4477
203
2978
1989
3571
2426
4963
1837
171
3054
439
826
3473
1522
614
312
1673
3249
2143
1004
526
3226
1903
3187
795
1576
5113
2861
1099
2885
96
554
1497
1080
99
3577
4690
2045
1753
525
630
1784
408
475
1702
2814
514
20
409
531
188
3498
1262
3043
1393
2866
173
3201
2476
1238
1729
183
258
4075
1774
308
266
3501
3460
5172
4698
2234
2704
881
5313
4784
3885
3100
2790
5319
1875
4130
1957
3632
4337
453
587
555
5020
2401
1916
2985
386
4102
2893
1216
886
4897
1414
272
432
2652
4100
3195
341
2963
4429
2651
2657
218
3009
5217
4374
1873
3467
421
4340
5295
838
788
532
663
4942
508
3310
1174
4249
1641
2769
5189
5228
1820
3661
3470
423
925
3979
1438
4754
4618
2262
454
1904
5243
310
4270
4568
1563
4427
539
1386
2101
405
661
3071
3444
917
4755
580
5107
1548
1676
787
4137
2540
4404
4101
5038
108
4188
1804
2781
261
5235
2745
3362
5073
248
3115
3517
1900
3206
4338
4737
5282
4004
3026
2091
3057
2598
1248
1748
1717
2062
187
79
1466
3777
3119
4883
4262
4610
2484
1765
718
160
3526
270
5278
3400
3158
259
5247
4039
4019
680
1324
755
698
2761
290
3050
1636
758
2666
2795
2072
4749
4150
182
4717
1469
2316
2742
1603
4196
5115
3120
4169
4114
1171
4253
1606
2360
250
2536
4989
5106
844
3590
2205
2496
3127
1006
2817
429
3505
4829
3317
1612
3192
155
4290
3524
5193
358
5195
3367
119
2304
4057
3529
3189
4506
1001
3036
2777
4915
4001
3560
390
3007
687
3315
2909
3033
3337
4189
2103
2609
2693
4891
681
3305
3341
3018
3416
3407
4037
150
1731
161
3380
403
3338
104
4320
4390
2588
4274
4257
4256
744
101
4186
3028
3439
3896
1609
3790
3385
2073
4395
4363
1950
2962
2931
2055
2738
707
3384
4040
4691
4198
5298
4490
3121
4223
2590
1319
2090
3088
2837
4526
2648
4873
1200
427
352
3410
162
246
3248
54
4078
464
4554
2825
2334
2719
1146
894
2955
2452
2972
635
2606
4123
4099
443
378
702
676
4765
1107
1521
383
1417
465
5214
4020
5255
4061
3250
2248
4936
5098
999
3152
3118
377
4161
2938
1315
135
5311
4953
4708
91
5289
2864
3974
3980
1053
3279
441
659
3414
2094
1835
870
4780
1125
706
1626
2928
1290
2910
1611
413
613
589
3366
4043
2578
2967
466
708
5227
397
649
4073
527
3319
5240
2726
256
2999
654
2919
1880
1669
2636
410
1358
305
1602
3475
780
330
3409
845
4199
1725
3239
1360
1250
4206
4722
3458
8
4448
858
4119
4014
2305
2798
389
5178
1601
4038
3423
4069
2321
3819
392
5218
3371
2763
2632
703
4292
820
4483
3350
2695
2083
164
1227
1373
3890
1402
719
3425
4016
2774
1709
2672
228
222
4245
1211
4329
4524
41
349
690
4442
657
4579
1662
4783
4672
3994
1539
4681
1019
1106
4929
1039
1243
205
3528
4821
166
3973
226
2863
3162
3159
656
4305
808
2862
4179
500
769
3013
4511
1147
4487
1378
4760
807
4481
4401
538
1619
3853
2189
2577
1679
2677
1210
4044
1505
2685
2706
4155
57
658
1520
2213
1285
1079
1659
3559
4193
1790
1638
3862
4592
4901
4228
4623
5050
1738
1714
3875
2599
2623
121
4628
3541
4918
4010
3868
264
638
1454
1344
556
3126
3456
285
2589
5221
2625
3378
850
1724
181
2152
3592
4837
2902
4185
2992
1412
5236
3318
1635
3243
2191
1451
2845
4167
1643
557
253
314
4654
157
1541
2873
4111
2610
3278
1849
1459
529
4246
2824
3977
1624
3327
1498
4052
3209
536
1484
4168
950
2832
1401
2624
4172
5274
4309
1447
2095
4323
507
5129
1389
1351
1460
2998
646
1697
4529
4627
3379
1500
692
5206
1691
711
2995
1231
451
3684
3830
921
551
4183
4141
83
1657
3401
3550
5058
4058
5014
3549
5204
4053
1410
3047
3056
1761
3137
4197
4158
4874
4203
3077
1413
4072
4969
1567
1404
4250
2857
2884
137
4394
1318
134
4295
3469
3513
1559
1770
860
0
4436
219
1407
1416
2855
524
611
2347
3404
1382
655
4117
3114
5143
1564
3634
2294
4450
3212
2835
1408
1403
4074
5210
4397
1409
1411
4379
1406
5055
4413
4065
2176
1696
3349
56
3151
4951
1615
1680
2346
2785
4122
1384
4071
3655
4112
528
5161
1365
1687
2311
4113
4933
4190
4200
800
2847
5117
329
1580
990
2373
2687
3972
5208
1640
3365
2529
136
3231
4326
461
462
354
4091
2117
3417
4375
1658
1665
1622
371
3387
3662
4289
5196
4347
2865
1655
4367
2300
4096
2613
1366
4566
387
328
3377
522
279
1633
3476
3398
2302
3516
156
637
1005
2380
2697
3982
4368
209
1385
5104
3548
4174
618
1523
2739
2839
2358
5005
4163
1621
4171
5199
1587
3017
4968
734
4109
2462
169
2448
4357
2629
4418
1160
2778
2868
4097
871
1796
1463
4376
1616
3374
1806
1610
2553
4343
4451
3960
4872
1566
3805
2903
4984
90
5040
1372
1012
5004
4896
2089
2976
2471
4107
3772
3872
385
1437
4239
191
4027
201
2780
1475
5059
1661
3466
2748
5010
1629
5087
4045
2644
4950
4425
32
3991
5033
5052
4421
2310
1399
3311
204
4515
5267
4875
534
4895
1154
2655
678
2408
2301
2929
2554
5026
123
4446
2243
207
440
2290
1517
2170
4221
4894
5139
2324
2753
4881
1749
4351
2458
1789
1509
442
839
2314
2587
2645
55
5061
2856
333
523
714
4259
1758
1707
327
4095
2291
4254
2548
3719
5039
393
2724
4927
1397
2283
4230
2630
4999
4484
278
2681
2556
593
3966
3334
4438
4911
5074
4090
4952
3102
4906
1822
4932
2620
3294
3839
2372
2538
3953
631
1532
2607
87
2973
847
732
4162
4426
2244
2631
2544
2635
3251
2626
2859
133
2710
342
1427
3217
620
1478
5002
2404
78
1719
2698
2411
4540
307
3405
652
2348
2966
4331
4083
4923
2974
1969
197
3219
633
2368
5121
422
4658
5192
2409
4266
1336
1666
2412
2282
2860
428
2568
1476
395
2533
592
5034
434
2602
5017
4358
597
1695
2503
715
1501
2596
2952
2369
2755
1081
1688
5152
23
2823
670
4243
5051
5053
4085
5031
339
3325
86
2680
2653
4227
1467
1769
2676
4987
2058
4217
180
2480
2407
4356
147
2502
4328
5154
4971
2474
2510
94
2757
2490
5057
4993
2534
673
2526
105
1492
3101
4362
3503
2627
5049
645
2794
2326
1625
5297
1361
3714
2278
5146
4991
2511
2399
4979
4116
304
4994
12
1455
2286
2419
1448
4138
2485
3241
5327
2414
1844
1461
5317
4214
1756
1816
1090
1677
4002
2994
667
2659
2702
712
1471
1482
1483
1465
1045
665
2230
2463
2673
1468
2821
1755
1371
5153
3487
4082
2867
2532
4209
2450
518
1574
4904
1762
5183
5150
4281
399
2682
2387
2390
5230
227
2505
651
4166
2656
2362
2444
5056
3216
4131
1573
2665
4084
5060
616
2906
3097
3509
2574
5135
1537
1445
5142
4983
588
2393
1486
2357
832
5173
2487
1310
189
2267
843
2535
2507
5118
607
1678
5299
2337
100
1474
852
1535
1600
2813
3382
1593
3961
2364
5167
4869
3968
2284
1713
4761
2424
2468
1575
2439
2524
3499
2853
2563
2493
89
3547
3512
2416
2495
1519
560
2541
1435
2421
1524
77
460
2668
5007
2423
2567
1581
5248
1779
350
2528
605
562
3511
2572
2349
2363
301
2508
4377
2436
2660
504
3272
2449
1452
2968
2394
2386
3396
2389
1312
5032
1526
2214
3959
5028
4423
4973
1760
1508
1026
2498
2
14
1510
402
463
2392
2431
1313
5029
1703
1516
2378
1182
2561
2375
1304
4252
1314
2569
1305
1704
4213
1072
853
5326
1024
4364
1293
1555
5047
561
1423
2519
5
1420
591
4455
2415
4995
1421
2482
4273
1298
1342
1699
3965
3683
1481
2522
1331
1570
4277
2514
5126
3123
1301
2691
563
1054
2422
1022
4345
4261
3956
2260
617
2537
4935
1450
4268
5156
3964
4263
1530
5082
5305
2287
3942
1911
2549
2747
1552
2457
5016
5160
5186
1592
3944
2270
2464
15
606
5095
4907
5069
2333
2530
5035
2258
2840
4087
1847
537
5137
1018
4360
5328
5088
2356
5077
4187
3264
1551
3265
2430
1000
5041
3506
1511
1430
2344
2385
2271
4121
5000
5322
849
3943
5170
1531
2515
1429
4294
1772
70
2273
1597
2272
4977
2512
4905
5046
2506
4271
5323
274
3666
2722
876
2264
287
2705
5102
313
1432
1554
215
4
2330
2647
5066
713
2338
728
5063
66
84
5132
2756
4949
3373
1605
2054
67
4980
4092
3957
4284
4964
3971
2343
4943
2773
4909
3298
1525
4920
570
1055
2504
4956
3218
1009
5163
5086
875
566
1947
1747
4986
5097
2559
2351
3271
1741
1010
975
5119
4293
5159
2034
5324
503
5207
1011
2499
3667
4903
1048
4278
1017
1067
3520
5174
5164
874
4916
5303
1061
5133
2841
190
3321
5065
3596
3515
1276
4248
2491
1431
5093
53
1015
5116
184
1273
2171
3330
4324
1604
1973
3889
37
3934
1648
3290
467
4416
3958
1265
3927
195
962
1617
2797
960
2878
2082
1286
185
192
1376
4464
5064
200
2889
5108
5120
3236
3947
1059
1742
16
4652
2501
469
3926
857
873
3932
3263
33
4439
3880
1264
199
941
3281
158
2229
3864
3620
3858
1204
3609
4212
976
3863
1542
1527
3695
4028
1187
584
2844
2842
167
2850
468
1068
3531
2178
4238
3233
1347
2843
3229
2898
1074
509
3931
159
5092
575
4000
3527
3299
3992
572
2869
653
34
4585
1785
3394
1303
1444
4705
2432
1116
3945
848
3670
3223
3523
3659
1902
484
3713
4120
1131
1918
3633
1764
1330
1350
1651
574
186
4773
4304
3725
3640
1329
214
3987
3268
3235
1349
979
223
3393
3522
3996
3986
208
1812
4902
3760
648
1093
3521
576
1228
4205
2707
577
3611
969
3322
4520
1118
980
4798
1108
3649
1034
3995
3728
2078
1737
3664
559
1082
3276
3601
3012
1257
1117
2047
2220
4855
3289
1933
3925
4465
956
3915
1064
3754
918
1035
3692
1120
955
1543
3647
1095
3730
3575
944
3260
2789
3584
895
3748
905
4715
1100
3593
85
4428
904
1033
4578
1123
4864
1084
502
1132
3690
859
47
1922
3935
3691
3759
5122
2162
1083
1052
4604
3711
3747
2217
1078
2224
2784
1109
4857
2876
1148
4861
4853
3764
3703
1127
1101
1282
1058
3937
2215
3753
3939
1268
1136
1803
953
1133
3879
1122
1135
2218
3744
4866
1129
3756
3641
989
3933
3763
4856
966
2877
3726
3600
4863
3646
3554
3771
4860
3553
1185
1042
4797
452
2848
3767
4747
3749
2216
1113
4089
2211
3622
1130
877
3737
3608
3555
3768
1140
880
3645
3635
3602
3648
1103
995
2212
1126
987
973
1070
3631
981
3773
2703
3663
116
972
985
2225
1258
1075
3693
2227
1124
3628
4862
3842
1545
4847
964
928
4854
3613
1253
2221
3765
968
3706
17
3867
4817
3557
4781
4772
490
1960
497
43
856
1246
3140
4657
1982
4745
2000
4580
2008
1771
1896
3562
3919
4686
2226
4457
1998
505
4635
4807
4650
3339
3789
2132
3716
3834
963
4641
3776
478
1888
3884
4565
3883
3751
2190
3854
3811
3331
1767
513
3788
573
2022
4551
2150
1175
3707
3742
3143
3724
1197
3787
3109
1783
4569
3147
2042
3746
1139
4756
2712
1218
3129
3291
1249
3723
4620
1088
4548
3534
1926
2010
3736
2116
4725
1097
3905
1134
3572
3758
1941
3734
1098
4801
4827
568
544
567
2009
1077
2179
4460
2319
3795
3735
4614
3936
3536
2050
4612
3930
477
1137
1172
3874
1142
3626
1242
4587
4758
4645
3537
1964
2195
863
4552
4661
1073
1226
4677
3869
3573
3605
4648
3624
1144
2018
864
3729
4638
4545
39
2157
1085
4849
2035
1224
1141
4644
4586
4777
3686
3587
4689
4835
1997
1983
4759
1992
1180
2118
1105
46
3836
1089
1179
3794
3574
1893
1977
1076
1149
4665
1145
4802
1096
1198
4676
1155
1991
4806
1208
4714
4822
3826
1966
901
4813
4602
4803
2112
4640
2172
3617
1209
4688
1936
3881
855
1190
4767
2040
923
1195
2006
4671
1921
4678
4634
3589
3796
4675
1191
1251
4660
4669
4795
2019
1235
2181
4683
1229
1189
1965
1892
1908
4558
1959
3831
1910
3846
909
3542
4716
4664
2081
4682
1990
2037
914
4561
1181
4550
4808
4593
2134
1934
4679
1961
2200
1221
1928
4775
1976
2053
4776
2193
4547
2180
4743
3688
2110
1241
1970
1988
2052
4636
40
2144
4825
2188
1939
4782
4805
4575
2197
1987
4785
4589
1942
4766
4621
3687
2186
4814
4562
4560
1975
4730
1894
4576
1981
4828
1979
2080
2005
2187
4735
4769
4542
4629
2149
2142
2203
4809
4598
2168
2092
4639
2126
2105
4557
971
3689
1170
4543
2275
4694
2182
2026
2159
4615
4804
1962
2014
2016
2121
4768
2015
2109
4630
4787
1994
4666
2023
2020
1995
1984
1932
1952
4684
4609
4815
1986
4603
4651
2183
1931
2131
2096
2133
4726
924
4848
2084
4846
4841
1207
2196
961
4740
2174
1063
4792
938
4852
3897
3704
1217
2057
1046
884
4840
1062
1178
3638
2060
4833
1193
1220
4843
3801
1194
2043
3556
4790
3610
883
4826
1914
1924
3851
2048
3561
4820
4819
2061
2175
940
3599
2066
3569
937
1898
1232
2076
893
1028
2097
3859
3615
908
2085
885
888
2056
3604
3586
3597
2146
3607
2145
2067
2136
3588
4750
4762
4581
2166
866
4771
943
2135
4752
889
3825
4774
2124
3844
1899
2123
4539
2070
4537
1188
2106
4739
4753
1915
4728
4536
4738
3685
1937
4751
4770
4732
4721
1885
2114
1887
4577
