4154
3665
4207
776
5027
5120
4226
4711
4014
4022
634
2258
3033
2305
4013
816
4418
4046
3477
817
3991
4719
786
2263
1726
3199
4752
3088
4029
4037
4082
2151
4388
2152
3938
1878
1790
4210
4126
1409
4155
1656
2234
3326
1524
1792
4834
4387
3198
1451
4052
5119
4378
3021
598
1848
3092
3626
1265
1163
4433
4303
3363
5118
4522
3763
1666
4084
3036
3674
1730
4097
1881
4061
4095
4887
4883
4818
1667
3740
2319
2316
4116
900
4792
4373
4389
4392
1188
4727
4017
4375
4086
679
972
1820
4407
3076
3608
815
4780
4408
3141
609
588
489
526
2254
3482
4788
3493
3074
3996
3708
4368
4027
3677
2205
4866
3867
3548
1088
1762
1822
3365
1462
4821
4385
1511
3376
3422
4424
3603
3625
1784
1949
2138
4564
4725
4864
4751
4826
4067
62
3046
3183
2222
1515
3638
2268
1095
3622
2169
541
1380
3079
3132
3744
486
3655
579
4048
4059
1796
4578
3741
138
4225
4186
1754
1718
3343
1859
3684
1178
3481
4827
3342
4455
605
3307
3077
4645
1601
4781
729
4060
2196
4041
3661
3724
3480
4763
2186
4457
3118
3737
953
2236
4193
2937
1009
3731
4358
317
3607
3920
4820
4393
1994
3680
2125
4334
4803
7
3604
4552
1064
2388
4215
5082
4839
5069
4401
1574
1812
1259
4209
2182
2174
2334
4474
2162
5031
760
573
1805
1217
678
4888
1794
4383
1844
4396
1071
524
4056
4793
5096
2133
4570
2608
2034
1427
4103
3531
2963
586
3863
1725
4778
3692
4602
2377
2541
3940
4858
2405
3736
3034
4108
4371
2003
4076
774
4117
1951
624
4064
2192
3503
613
3726
777
393
1256
3024
2409
4281
4021
2548
4425
1200
4377
4100
3025
1840
3083
4366
308
4700
3492
4142
4814
3778
2127
3472
3628
4369
4440
618
4415
3685
3488
1850
3601
1350
1898
611
2030
4409
2172
458
438
1444
3064
521
563
3641
4817
3679
105
2155
1868
4794
4361
4394
1348
3035
3946
3732
1847
5104
4745
2329
3392
3328
1472
1098
2544
4729
1786
2004
2179
1829
1007
1379
3739
3197
2032
1788
3069
2490
2952
1149
4704
3678
522
3949
576
4551
1389
592
1249
1550
3636
4789
3483
1979
1439
2271
1468
2002
3133
2000
4718
1819
4293
568
630
2293
2210
677
3554
3200
52
1761
1841
3688
1181
2453
3318
1125
1944
3648
4715
4562
4053
410
1271
4435
1551
4434
1785
3878
1832
3799
3742
1162
4531
4345
3621
2485
1470
1849
2474
1816
3484
1456
4842
3471
4478
4038
5061
3417
2189
2262
3643
1306
2191
1631
4341
1830
633
3637
2342
2013
1560
3534
3541
3314
3549
3735
2554
3476
3712
4047
2265
3810
1476
1411
2193
1357
2547
620
3928
667
2019
4828
1176
4019
4049
4810
569
1755
4075
3668
2324
3624
3671
2229
948
3040
3605
3065
1258
527
1400
3039
1090
1421
4733
1782
3333
4563
3617
2495
4735
4468
4106
4574
3682
1412
69
3193
2278
4400
4568
3394
4158
1806
4323
1978
4599
3028
1963
3071
631
513
1140
772
445
4077
4083
2150
3497
391
1639
1988
3206
3711
4741
4343
3864
1980
1164
4836
4813
778
1657
2430
4111
4441
2001
1821
1771
4349
2253
3537
1645
3124
599
4743
4152
433
1094
432
5109
2049
520
1274
3495
3672
2275
4445
4119
3367
4766
4447
1646
2085
418
3332
1721
4747
1843
875
4846
3381
3718
2272
3955
4708
3068
3704
4438
3513
4877
3866
3620
5037
4335
2938
4372
1860
2184
3308
3051
779
4148
1086
1463
1334
3733
1787
1084
4297
3650
4484
2427
5083
3518
3978
3619
1124
1995
595
3135
4582
781
971
3523
1182
2198
4550
619
561
3697
3158
3121
2024
4534
994
601
3865
3992
1000
855
3047
1255
2270
1973
3054
4655
1758
2317
3087
4351
4365
1970
4737
988
1177
420
3086
5020
2510
1102
1096
3698
3479
812
1987
4065
4058
2372
2341
1372
2420
758
4856
2746
1466
4292
2183
2772
4855
4098
4090
1659
3997
4033
2167
4822
4805
3915
1353
4910
1572
2394
1435
4831
4057
199
3964
327
3187
4224
1555
149
676
880
2180
4777
2353
764
1891
3178
1869
1384
1632
3208
2277
4860
109
1558
365
6
1589
2641
1538
2688
3397
2201
346
1674
1748
2739
925
3578
919
1547
4871
211
1057
1036
2158
3756
3277
455
896
4620
2845
4955
3234
1474
338
2846
4652
4181
168
145
289
726
167
1049
2701
442
4990
5012
4923
3252
1458
2916
2911
334
76
3580
2965
439
2111
689
4989
4245
151
3583
153
254
3171
4296
256
3464
3913
300
551
3194
485
2892
1519
3855
3856
3575
4770
18
3403
1688
2926
2563
1141
202
1704
3236
5048
2899
2880
1027
2500
3237
3282
203
362
3250
4290
4329
2941
2867
2099
2695
2723
2550
4180
2903
2901
3008
2844
671
2967
252
4280
2736
10
4260
2506
378
5006
3268
1501
435
3584
719
552
1325
5034
190
336
84
5044
1074
2870
2747
296
806
4644
302
4584
2679
198
2515
3227
1678
2064
3372
315
3762
818
4283
923
3657
1920
3041
1622
3475
4362
2124
562
4359
1202
5085
2964
1193
2081
3819
4406
1216
1772
2743
3496
2156
4395
2446
3611
3027
2538
3927
540
1975
3600
627
3084
4322
1436
4357
3091
575
4489
3494
1286
3687
3031
4533
1808
1160
1087
4558
1777
1961
3774
4411
3438
3220
4278
3911
2462
5005
881
1586
4190
3173
1077
3290
4689
2437
883
2588
212
2826
2680
402
399
3172
3460
2700
1693
2443
430
4298
3547
2881
312
2076
2074
4954
4500
1585
90
2692
165
171
2890
4491
4054
2809
2200
694
821
1063
2971
43
377
2940
4671
4892
3195
4999
2687
2014
4264
929
2821
2120
4285
4199
2452
4956
2764
3995
4886
3455
2583
354
1320
4232
2461
309
2586
4134
1897
2908
4202
657
2912
4318
2050
1235
872
3281
3924
4177
5003
4957
3338
2339
1921
3014
2834
3016
3010
4528
4934
3921
4677
4609
2487
2989
1510
3567
2730
4970
2046
372
2804
889
907
1029
414
4891
1543
2483
1581
78
1604
1682
61
371
376
941
823
3431
1494
284
1694
4129
207
3585
3515
4265
1597
702
3147
2587
3278
288
3219
2801
1345
3571
5026
2053
1191
1580
3849
373
2761
866
1175
3256
837
3428
936
3001
3396
4940
3000
2828
4684
4938
1611
1767
4507
2227
1535
2884
4920
4984
1877
3160
3432
4437
4694
4261
2036
942
3251
4237
2617
2508
183
915
801
3042
4941
4662
828
508
3334
505
2841
214
1591
686
2017
2693
2997
156
3598
2808
3007
4325
2807
2551
3854
2691
2611
944
2686
2408
176
2869
75
856
1679
428
1653
688
635
1906
3881
2814
174
2519
213
1039
933
4255
1643
790
1459
3238
1051
5040
3374
64
347
4188
2865
2991
899
1689
3447
1480
2849
1028
1553
2830
3826
3303
934
4686
2672
2559
2091
4932
2909
462
2857
4592
3635
2748
4115
4634
1690
1696
5066
4657
457
314
2567
1361
752
4150
2078
2726
5056
3258
3196
1106
2203
2878
456
2893
1031
4950
181
4607
2882
2299
1464
3462
2833
3530
368
1561
1985
1254
2348
1309
2416
1358
1399
3932
625
2655
2037
4815
5029
2310
3994
4922
2935
2654
4244
2335
1826
2398
5065
3004
1107
1373
4710
2187
204
230
3186
1401
2144
2419
2336
3895
1147
3499
4786
4001
2129
1010
2161
3702
2318
1316
4012
1264
495
2020
4690
1242
1171
2724
2623
144
1236
1335
287
2824
3011
628
179
2328
2847
2810
868
4178
3879
3409
4696
2116
2214
2649
3264
19
2954
1227
4664
1403
4861
917
286
258
9
3757
3265
255
3786
5068
5105
110
2960
3270
2621
3983
3931
2675
2791
4642
2897
2885
2105
2755
1737
723
194
68
4653
2287
860
1174
4646
2160
3315
3874
3013
2470
4630
2699
685
2928
117
507
3595
2805
910
3755
2651
4905
1349
1628
681
2822
4987
3420
1066
4121
1724
2148
1873
724
2674
3897
382
226
4247
4241
2057
4643
2097
4194
2751
4605
1131
2883
70
3830
2706
2744
238
2768
440
2460
4165
2395
1482
2677
3370
4738
3875
361
4665
747
1282
4943
2088
2598
1448
4675
836
4236
3923
2861
2873
4513
102
104
4332
1513
5058
158
1507
5047
231
229
228
224
3060
3059
1533
159
4333
4354
1592
3572
1376
275
829
846
0
2084
2087
4659
2518
3288
930
45
928
2511
46
39
40
3297
2564
4663
3249
1746
1742
3588
3586
2696
3230
3233
2697
2702
3254
44
1617
1603
2565
1595
1590
16
17
2703
1180
3437
4949
77
237
1283
2858
825
783
3300
319
2385
501
1187
3242
1658
1540
731
2944
1295
384
4911
5039
473
4981
2521
3693
4139
1714
24
42
3433
3266
3179
3241
3957
5074
4240
3985
4907
2143
2628
3843
3981
307
918
4023
1497
4172
129
239
1700
643
1469
1068
3979
4586
1248
1506
2479
2188
4321
4963
4688
1288
386
1743
697
3330
3284
2261
3510
4615
2025
359
699
2145
3832
1801
3174
2095
3848
4600
323
966
1708
5099
394
1520
3508
2902
2527
2719
5077
1499
324
5052
924
370
2800
1195
360
4742
3882
2173
1649
833
2465
4026
4482
2073
5021
1635
217
335
2069
245
3218
2980
847
1733
842
403
2773
240
2996
636
533
1319
4030
4629
1487
1779
4641
131
5001
3873
4714
2775
260
2006
646
3223
2021
1302
558
4833
1567
4275
4869
389
1321
5046
4204
116
259
886
809
1281
4942
2745
4951
37
4068
375
1250
4312
1599
2493
1968
2494
2602
623
739
861
784
3105
695
3427
294
3961
3168
3771
364
4965
241
3948
381
148
1314
2750
1650
475
1065
2610
2667
3551
4913
112
3450
2529
2512
4235
143
2476
3468
1894
277
3429
1198
2868
1953
937
877
2707
3378
2793
655
3556
2851
1395
865
429
182
2456
2681
1406
4912
4036
2648
3295
3361
3457
4460
1517
1651
2326
932
4422
1075
4850
5101
321
2694
4094
1707
2023
2854
4078
2721
969
2
397
4167
1310
2094
186
2645
725
2082
379
1896
3750
1619
3851
791
175
891
3886
3467
839
720
2440
2838
2758
2917
3839
927
838
1584
1290
2643
897
1430
344
2393
4315
3520
852
4509
1390
4975
665
4927
4183
4868
797
4010
459
463
387
1934
1261
1498
3406
218
2933
1296
984
4976
4557
4505
536
249
3514
1418
3804
4791
2742
1070
2859
3500
844
832
1308
81
4132
4994
1072
1042
2984
1019
1769
2454
2919
2489
744
3837
2471
3189
3388
1740
4830
2770
4008
3779
2874
2090
2058
1681
1569
3579
5075
1364
3941
3853
2285
2482
4580
810
348
4691
2836
2811
2780
2478
2658
4034
1272
1950
4453
2011
1999
840
2031
1452
4273
3596
2190
5070
2194
3491
4878
2644
3316
5079
2242
1277
4535
2065
1238
1862
871
2257
1880
2344
1615
4767
155
1773
471
3738
4524
1157
2414
4835
1484
2218
3968
3473
3729
2239
2235
1807
1962
4628
2250
1415
3898
2106
2231
4596
808
2792
4565
2219
57
3359
1928
101
23
2577
2661
3749
3444
1346
1699
2035
4163
4015
4230
250
843
3408
4168
1989
2157
4870
1222
1965
3751
895
2569
792
5050
1731
1575
3440
4969
192
2998
4946
416
4649
3528
1097
1677
4525
4656
2066
3509
3543
5032
3883
4516
1668
29
3469
2438
4254
3259
4356
4203
187
1870
983
4597
2108
1640
1490
1757
704
629
3899
1800
3166
2718
5011
1887
4829
5017
3859
118
2351
2165
3148
1067
4808
2979
2295
306
992
266
4346
1229
4617
4442
584
448
2769
939
2988
2459
2754
5025
4982
3311
160
1291
15
94
3352
2445
3841
3519
157
1457
1312
803
2877
1720
3257
2619
3336
2540
3844
3581
1370
854
1445
2653
4768
2259
1159
1766
3327
2604
2491
3574
1915
3093
3127
2370
2797
261
1371
164
845
4968
4977
4906
2669
3845
2682
1340
4271
550
4603
706
2950
968
1562
2927
1747
1732
4170
1223
4716
746
1293
1557
3454
3912
3760
3792
2784
2514
1889
1727
270
5097
3987
2976
1318
4779
4166
1276
283
757
3459
1008
388
1467
4141
1977
2410
3435
2113
2609
1687
3812
4825
2423
4289
162
139
2579
1221
1313
4731
3840
1002
222
3709
632
2566
5035
2930
490
412
2537
1347
2562
799
4919
3003
916
3903
1179
2480
1613
1647
1158
3324
3767
1776
3426
466
3177
2378
1960
189
1030
3434
1344
1940
496
5100
4157
3191
3192
656
650
1025
26
2481
5018
2523
4079
3990
884
800
103
1304
1676
761
1781
2534
952
4149
2473
2990
2647
3754
814
2999
3430
2498
709
2698
200
641
2507
1311
47
4018
1220
2589
2509
470
4436
4320
3149
1942
221
1473
488
58
264
65
4687
2642
658
2526
2970
3909
4143
201
2652
2765
3918
2968
3005
2455
497
11
2114
2499
669
2220
480
1298
1565
2496
2839
2749
1053
4651
4212
4420
3847
3889
1299
1937
2532
3452
4112
2568
2948
5008
4517
1062
2384
2290
1904
1382
1123
3758
1073
4862
5042
5063
3794
1972
1275
3502
298
3748
413
2441
3766
233
4554
4184
419
2823
2825
4109
1938
3131
3451
4973
4218
2368
1884
1305
5023
1397
2722
316
1407
3222
1738
4062
1672
4246
1307
2492
493
4259
4699
951
318
1351
3181
1228
1183
3821
2421
299
2399
2092
2026
1993
4242
3128
1895
4693
2951
2659
1866
5007
1685
4485
2484
4566
1292
1828
48
3175
1240
3852
4324
4192
452
4635
2638
1225
2176
4096
2387
785
71
1602
93
4055
467
4091
1706
511
639
1664
2028
3293
1954
4205
1739
1713
3780
369
392
4105
4639
2042
1014
3802
469
4610
4648
4085
645
4144
4099
4590
4302
311
3501
549
3781
5053
2866
2863
637
3401
2093
2418
1055
4676
4311
329
647
3400
4682
2932
5030
4135
4185
2022
4473
4287
3263
2898
2226
244
4772
2450
2528
3673
728
3106
3143
5049
4896
444
494
4217
3246
4011
3876
1735
1536
1624
4221
3285
3240
2033
4490
2663
4140
3594
1126
1050
4035
4762
3144
2685
339
2048
4228
1983
4310
4088
4448
4300
3785
766
2776
1556
3225
3150
4288
4104
4638
2083
4020
908
2255
4471
2735
2741
4120
4107
737
5057
4071
4845
4572
2039
1901
2829
3212
3775
1554
326
114
123
1583
2096
3184
2994
3154
638
4404
173
831
1722
60
133
1630
2753
1420
2497
5107
3393
3386
4569
1958
2729
3761
4761
2140
5113
142
963
4672
1531
2052
3056
1447
2843
279
2612
3860
2417
2796
5073
3645
4899
1048
474
3209
4481
4577
331
30
4138
3836
2975
4093
2958
4918
1266
788
2060
2051
3157
5043
405
873
1279
2458
4299
2207
4753
265
499
2556
3835
2720
3558
2055
5106
5045
5067
2364
1026
4159
4947
407
4915
3353
4145
4223
274
3842
834
1446
3153
1504
1189
125
4213
1226
2757
3134
4750
5055
3152
1022
2613
4583
3294
2386
4305
640
858
2360
5087
5078
3999
3115
2738
1408
1354
1578
1336
1926
2995
1234
421
1170
1262
4219
3146
2045
2920
3943
692
411
2286
2709
3701
1663
4811
2164
1941
4964
349
4626
1587
3348
2664
451
3055
3123
3156
3094
3824
3145
5064
3138
1907
3140
330
1331
4313
3116
1579
973
355
351
417
5062
3142
3114
3095
2603
2918
1343
1885
135
1854
3833
4623
5092
857
2660
293
3302
3130
3350
3255
4824
345
1058
215
342
4979
115
1913
1289
4229
4269
1038
163
1425
3100
3769
390
1932
787
50
500
2684
1016
3110
1224
3151
1910
867
5019
615
3936
3107
835
1359
888
4137
4673
4972
1564
3190
894
12
2627
1270
2777
876
1392
2109
3681
3139
2429
4131
3313
2488
1577
5089
2676
3813
2535
548
1143
4559
4486
1702
1413
2502
4102
1381
2362
3248
3329
1252
3321
1626
1391
3424
3423
267
2292
1168
5080
532
914
272
2530
99
3103
3745
3640
404
4087
2779
2969
3919
169
4640
1365
696
2978
2115
4863
3117
705
3204
902
180
127
3126
5095
1247
4902
4206
1703
3793
4669
1398
1300
2439
269
1021
3442
2137
2457
4092
2503
2993
3125
960
1440
691
2992
789
216
2981
5115
278
498
745
2314
2433
4740
3834
478
3618
901
2350
1356
341
3818
172
3267
3746
197
1576
3299
1251
3271
621
1301
4405
4546
461
3304
2468
1719
2983
479
2931
491
571
3822
476
482
3805
2525
2404
5090
546
3102
408
460
3045
2447
2934
4050
2987
3568
2486
4286
1269
3082
668
1548
547
644
1232
3038
3412
603
1588
268
1660
276
3623
1267
21
3942
2312
911
1443
1609
740
2585
1196
1433
2322
72
502
4683
626
1284
1285
2369
3573
2725
1260
554
2923
464
4985
1245
1244
1172
5033
332
4156
3829
4571
343
2977
51
2436
3891
770
3827
1481
3323
4962
1294
4162
4549
1219
3800
1205
4133
3753
3988
184
2315
4314
805
3414
4308
1716
3022
670
3136
1489
1280
3838
3782
1432
3049
1278
3752
3809
545
3784
3828
3960
161
396
2400
350
3808
325
3783
271
4660
1233
1709
3825
1641
5084
3803
492
2432
3954
1903
3052
1404
617
1634
2986
487
5036
768
3814
2375
483
3966
5110
3815
862
3349
1367
3831
4231
3798
3807
3820
3816
3974
3811
3901
3817
3806
3823
2666
395
3788
2972
3120
5091
1374
1633
4234
5098
2424
539
730
2985
2545
3791
3787
2402
363
4695
1638
4720
3050
1330
2365
3053
2434
2431
3773
5116
3686
1396
5117
1337
4081
2435
3211
863
5086
337
2606
1669
4661
3858
2356
2345
4898
543
2520
5112
3319
5038
1627
295
4253
1385
88
4658
3023
4208
5114
3113
140
3122
2373
2357
4044
1190
2381
680
736
2668
612
3298
3026
4274
3910
664
2517
885
935
3129
1273
4929
1355
120
4317
2374
2531
3790
2389
3418
2605
4042
890
2524
1620
3947
3070
2403
582
2331
608
3112
2121
2280
5059
1502
2251
2303
1717
2343
853
3986
5111
82
1253
940
3081
3772
2063
4996
2872
3111
616
1386
750
5094
398
4924
4045
5102
754
3048
1670
1378
2154
2522
3030
4739
642
4771
3078
3072
3032
3073
2415
3089
3063
4604
4948
3261
2392
2304
2301
1623
3090
281
3101
2288
1728
1394
2338
2428
2323
4706
1213
2367
2355
756
1169
755
3085
1323
2366
3137
3109
1710
280
2359
2426
3552
3387
1416
13
1410
2346
1573
3098
4722
751
3119
1637
531
759
2379
2354
2407
2376
2382
2397
2422
2657
1297
4900
1329
2361
4852
1388
1431
2252
1366
2244
2391
1369
4164
1328
2358
2600
1629
3097
4124
765
2412
4926
4707
3176
4901
4790
2396
2390
4211
3210
1429
3411
2413
2170
5072
4755
3700
771
4983
1434
597
3279
352
4726
2371
2347
2327
1333
763
2168
2153
4800
2325
2123
2296
767
5108
2054
2313
2320
2352
2306
4897
1449
2256
2209
4843
3982
2217
4070
2321
1393
2279
666
4812
2337
4874
273
1600
2247
773
2240
1368
2542
4909
1549
1426
802
749
3795
2130
2284
2599
1341
2199
1332
4758
1450
4802
2134
1570
4101
1552
132
2132
4769
2221
4832
769
2211
743
2704
4795
3180
2233
4838
4051
4151
2171
4031
2266
762
4122
4894
5076
2333
4798
3339
4080
2297
3998
4759
4773
2282
4799
3977
137
5088
4749
1383
4937
2248
126
4005
4807
4847
4823
4697
2142
2311
4712
2181
4702
2241
2131
2185
4040
4239
4857
4195
2136
2178
2309
2273
2204
1453
4705
4723
4748
2281
3320
5000
4730
4760
2228
1488
4006
2163
2135
4734
4876
4806
4895
2245
4921
4113
4816
66
4703
67
673
3747
4128
674
3283
5093
4980
4801
4854
4724
4765
4784
4200
2243
1546
2636
4746
3205
1500
4797
1455
2607
3306
4744
2139
4161
3305
1525
4069
1461
4875
4879
2122
2463
3868
2237
3914
4837
2215
1493
3970
3020
2615
3861
4709
253
4917
2147
2875
4853
113
3380
4160
4732
3887
2308
4787
2212
2283
2177
4782
4783
1362
4974
4007
4698
3885
660
4089
4125
4130
3916
2149
1342
4032
4004
4196
4944
4118
3272
2216
1571
5
4713
2264
1478
1437
3872
4074
1527
1405
2816
3869
3892
3971
659
3972
4848
2159
2340
3956
1352
2349
2206
2815
3926
2614
2671
662
1479
1486
3965
2820
663
4904
775
1441
1566
3296
2943
2126
3962
3862
4849
3908
3286
3984
4003
3182
4110
4867
3884
73
1414
4073
3937
1518
3969
4890
3975
3325
1460
1509
3952
1423
3958
3310
675
4039
4796
2276
1402
1339
780
3287
2812
4889
3870
4840
3203
1529
3185
4764
2300
2260
4063
3953
4914
4776
2230
1471
4000
3301
4028
4819
3907
2269
4844
3201
3877
1492
2202
4978
1477
3322
4971
4717
4959
3929
1375
4721
1522
4774
2232
1496
3893
2238
3904
2223
3945
1422
3871
3309
4893
4859
1544
2166
2246
2146
2213
4908
4728
4872
4024
2267
3959
449
3951
3944
1428
3939
1508
3890
3777
2038
3935
446
3764
3317
1303
1006
3768
3487
2966
468
3402
4016
2956
606
3544
3104
1606
557
3765
4390
959
2945
3725
1044
5103
1104
2007
4426
1032
3478
3715
1
4429
1838
3075
2616
4002
3796
2936
3560
3550
4257
1004
2959
3555
465
4884
3719
2957
1167
3335
982
3371
2939
2425
1239
4249
3569
530
1729
1387
3743
3723
3557
3337
1246
3710
3564
529
4250
3728
3714
3675
2059
1933
3717
581
622
1759
1969
1791
1516
610
3963
4496
4488
3563
3696
4220
4248
1485
1505
3542
3566
3037
4263
1539
3545
4270
4227
4243
1780
3546
848
892
3559
1642
422
4262
591
1899
4191
3703
3421
3716
523
1166
604
614
990
542
538
2027
3705
4256
1203
1017
3539
565
2921
1654
1208
3526
1804
1890
3399
3108
425
409
2946
3512
441
600
3529
970
423
999
2922
2553
1263
1045
4998
3346
3536
3553
424
3967
906
3524
2555
2953
1033
3532
2539
1041
1011
3517
3734
1194
3538
3525
566
1173
1201
2924
4363
904
974
893
515
528
912
1037
587
1023
1165
1024
4625
1003
986
998
991
3511
987
3485
3533
3504
3505
3486
3522
981
3498
1206
2549
3506
3516
985
961
977
958
1218
975
1155
593
964
1151
976
3727
1184
574
1212
3354
1204
956
1237
1192
1186
3720
1197
1608
577
3474
938
3099
1210
525
1851
3707
4344
519
567
517
1215
516
512
954
514
1199
585
1211
583
594
555
572
570
1214
1207
578
560
590
955
556
957
607
564
596
3029
1091
589
3695
1799
3561
2043
1610
1185
1133
1879
4364
4593
3634
2029
3602
4540
3489
1929
3357
2516
4187
2047
3721
3096
3344
793
4476
3616
945
967
3663
1146
1150
1824
4589
3362
1749
4479
3384
4536
1916
1871
4631
2018
1138
4430
1922
4483
1833
1115
1114
4581
1082
1990
1161
4498
1959
3
4462
4556
1099
4480
3527
4622
4382
1982
1117
3690
2010
4347
1122
4452
3341
1886
1981
1911
1765
1943
1935
1763
2056
1945
1967
4636
2041
1966
1991
2016
4588
3340
1811
4555
1105
1883
4336
1750
4537
690
4567
1872
3591
3565
4606
1112
3722
4413
1152
1100
3676
1936
4532
822
3383
1673
4576
4575
1760
4541
4355
3609
1914
1118
947
1857
1711
1955
4579
1992
4587
4591
2012
1931
4598
4594
1984
4515
4499
2552
2008
3366
1946
3627
4417
1971
4595
1876
1060
4348
1947
4495
4561
2536
1778
3507
4391
4523
3610
1831
4304
4508
4439
3669
819
4432
1856
3706
4560
1918
3730
3345
950
1127
4521
3630
3699
879
4539
3364
1132
1874
1789
4463
1751
796
4510
795
798
4416
813
1078
4529
4585
4
4547
3689
4520
4467
3535
4553
1101
1902
980
4493
3670
3615
3606
1145
1723
1893
1924
1753
4444
4410
3470
3631
4538
1842
3713
1756
3662
4497
849
1079
949
3664
3644
1837
1764
1810
3649
4518
3683
1153
2009
1948
3633
3639
3653
1085
3656
4542
3632
3652
3360
3654
1964
4454
1997
4384
4370
1976
1103
3659
4543
4412
1986
3694
1809
3651
4503
1120
4492
1974
3614
580
1116
3647
3646
1142
1827
1113
2015
4374
3629
1134
1144
3613
1998
3660
4494
3368
1110
1770
3612
1121
1836
1137
4443
1109
1139
1129
4477
1092
4459
1956
1917
4530
4367
4544
602
1111
1093
3642
4379
1957
1156
4545
4423
1845
4527
1136
1130
1815
1996
4470
4504
4339
1089
4519
1930
4526
4338
1128
1752
4402
4340
1875
1888
4427
1154
1802
1119
4465
4360
1864
1818
1823
1813
4376
4337
1834
1865
1846
1683
1912
4475
4380
1795
4472
1612
1867
4342
1081
1839
989
1925
4461
4397
4450
4399
1793
1797
996
4421
4466
997
4458
1148
3490
1861
4431
4398
3666
946
1001
1835
978
965
4414
4449
1853
1775
4381
1803
1825
1798
1900
1817
4456
4419
4386
1774
4446
1855
979
1080
1083
