803
559
2334
3151
4513
1992
4381
4329
1721
1516
1756
3344
4335
3732
2129
4370
1184
856
763
4457
644
3052
4506
3026
2208
4776
787
2221
3157
3039
2241
3586
4105
4710
3403
3776
4083
1521
1434
3369
4035
4109
3365
3317
4453
628
4709
3323
2265
3747
4407
2468
1595
3320
5001
1473
3408
1140
2234
4392
4365
4361
2273
4718
4777
1471
4688
4393
3370
4331
1968
1634
2228
4525
2216
3345
3405
4694
4758
3363
3627
1358
1645
3576
3725
1342
1670
810
4163
4386
2319
3703
3401
3404
1969
4690
2235
1679
997
484
4049
3321
1638
4176
2245
2472
3032
1707
3718
1223
2125
3691
1520
3137
960
3505
2204
3518
4382
3545
829
3626
4484
3340
541
603
1546
1863
4716
3536
4356
1513
2382
3388
4930
1846
3339
2386
2152
4014
1345
3433
3420
955
1580
4779
853
4362
1264
1218
3686
4405
4778
4641
2519
1695
2469
805
4326
1772
1570
3786
4147
807
3755
2320
4743
799
2282
4112
4094
4744
3031
4408
2310
4517
1393
3504
766
4379
3525
3593
3078
2293
3647
1482
3402
3200
2203
4177
3490
4348
4755
860
968
1983
2307
2205
2495
2362
4794
2325
1183
954
3487
3450
984
975
3759
1023
3415
1343
983
2309
3893
1392
3185
3731
3681
1197
4377
4130
456
2255
3635
3549
861
4914
3715
2328
1057
1215
1873
1830
2184
4684
3416
1360
3224
1120
2189
1878
2353
5094
4514
3305
1601
4467
3788
2379
4091
4739
970
1124
3102
551
4573
1542
562
4357
817
3514
2139
3362
4445
3178
804
2459
1856
3387
4419
1588
3884
2294
554
4749
4325
4085
4149
632
2169
4093
4068
413
4834
4034
1529
1892
1361
2839
4516
786
1572
4013
3527
4947
4934
401
951
1134
579
3589
1581
4547
3756
3201
847
4053
2915
3754
3492
4687
3199
3761
3741
4957
1263
3333
1006
3581
2250
3319
4023
5089
3688
3496
2918
3325
4375
4951
4702
3051
1530
3486
424
1464
4086
4391
3744
4800
4530
1855
4257
1260
3906
3378
1348
1079
3230
2342
3409
3628
1874
806
165
2388
3301
2193
2259
4974
2308
2329
1387
2035
2385
1149
1533
4048
4753
4103
4319
2396
4098
3661
3602
4374
1827
3537
1667
524
1214
3094
1378
2247
3105
4421
4327
3535
801
1841
2170
3669
3587
4733
3640
4124
782
2484
3295
4512
905
4113
798
3690
7
3443
1196
4787
768
4403
2916
444
4771
442
1077
3066
3343
4689
4539
1229
3861
3025
1025
2346
2338
1865
1189
4508
3045
1843
1573
3019
1185
2175
1307
1918
4926
4406
2182
4846
322
3942
4175
1227
427
2231
3852
4347
2318
3752
1781
2244
377
1826
516
2365
2123
4016
1982
1561
1156
3697
765
3607
3821
1191
3597
5007
3516
1813
3375
1341
1207
3309
3506
1202
3639
1003
3384
2944
548
2480
3595
998
1793
3034
631
3799
3204
846
3898
582
1475
2117
4677
2130
4436
785
3421
1192
1347
3579
1365
3692
3367
3749
1633
1786
2538
3646
4100
4088
1493
4022
1383
3311
2191
3885
1822
4879
4070
1977
1584
4223
1669
3298
434
4675
4692
4043
398
3753
4045
4962
1635
1794
4059
4074
2296
2666
500
985
3827
1807
3542
4108
959
1942
3563
957
2295
2233
510
3648
2345
4389
2891
4928
3638
4593
1938
1228
1090
3508
4423
1179
1958
1288
1168
3629
4001
1198
1440
4532
5066
2262
4415
2301
3684
993
3931
4399
441
544
1344
2275
912
2200
1199
1848
3511
3489
4438
4906
4851
3364
1176
4409
3544
3641
2300
3881
865
497
4042
808
2414
1896
1853
3561
3637
1834
2134
4051
393
1298
3129
4584
3426
3184
1074
4720
4845
820
5093
1472
3130
4064
4106
2168
2180
4084
1204
2284
1430
1310
2103
1915
4110
2254
4123
1722
1002
780
1488
1216
2559
2410
1265
3723
962
1127
4825
4339
4203
760
3181
4538
4676
2684
2223
2211
1100
1945
841
3351
1775
3553
1957
3696
2732
5100
4518
499
4237
3372
4353
3198
3897
3529
5070
253
4416
1277
4996
4785
3663
1352
1339
4524
4402
1015
769
3300
2089
2034
3068
741
539
3750
1396
5102
3543
462
3077
1272
3356
976
498
543
4248
4981
3399
950
4118
3828
411
4087
3746
3312
4474
1251
390
2121
1308
3001
1395
2277
859
3385
3571
2269
43
2317
4089
1201
488
1334
755
1900
493
3708
1309
4095
4809
4563
306
2253
4786
564
2313
3813
4797
443
4097
2220
992
3463
4763
2285
3770
3772
1193
1571
4414
282
3539
3324
4482
895
3534
4258
3590
3442
3451
4450
3208
3950
3211
3951
4126
3678
4490
1842
4373
2240
2370
4746
4874
848
2896
924
1503
4364
3139
2924
1129
3940
3660
3803
796
3353
1712
1991
2044
2071
4529
4612
3932
3499
1939
2402
797
1426
757
902
1525
2343
1130
1540
855
4708
3809
3386
2192
3837
4806
4679
3361
2173
2741
4717
1445
4062
972
4452
1034
971
2949
3
1799
3740
2835
1517
3794
2007
1653
1170
1463
883
4446
300
5105
4992
1261
3800
4613
646
1052
1068
4069
1409
3989
1406
1838
1245
3769
3914
4965
4832
3905
3565
3079
3318
2521
3218
4967
3182
2450
485
3212
2185
2417
629
3096
3132
833
2331
3084
862
888
2527
287
4893
4782
3093
876
2855
3945
1979
961
3569
1337
4678
2644
1367
3745
4394
4328
5009
4346
4854
379
1046
1276
1422
1338
3118
3991
3217
3235
2734
325
3159
167
2647
1895
3121
215
660
162
3258
512
2585
2634
50
3789
4242
2739
3250
2976
658
3254
1876
1552
870
3460
2981
1760
2603
1082
1487
38
2972
3996
4301
4184
169
332
63
3047
2501
3165
1203
673
2371
921
126
311
404
140
3264
2463
1208
2207
1583
4586
112
719
125
3279
1912
368
3453
1084
1885
3020
5014
22
2959
3245
3807
2582
1233
3959
4459
3480
2970
254
3244
1585
2963
3976
373
1718
5018
612
671
2651
4590
4295
115
5069
3611
2568
4610
2965
1515
620
4552
2443
1579
4456
659
3455
3177
2629
3214
3176
2727
3716
3958
708
3145
2953
940
2960
4302
1893
1035
907
3088
618
153
341
3236
452
2515
792
4252
5045
3089
155
1518
3471
79
2243
4278
2428
2880
2052
2102
2055
2980
264
4531
2898
349
272
3268
2504
468
4262
3777
1692
4071
4642
3046
872
4037
2330
1773
1061
4355
1666
4336
1676
4152
2920
1022
4344
1235
811
826
2702
3863
606
4047
3306
1142
2209
1819
4719
4894
2116
3850
4830
3765
1091
1936
2133
831
3379
4030
1815
1085
4837
3664
3572
2177
1596
4712
302
1043
3131
675
3141
2717
1325
1331
2104
3780
1589
2493
1727
2877
1761
1372
2927
677
338
3617
4219
116
3796
3797
276
1098
3479
1607
64
2620
213
1523
1626
3822
2565
15
2215
2678
2631
1551
4303
3246
263
3242
2596
2840
1188
118
5051
6
128
3984
89
223
2517
3109
457
214
917
3280
3282
4619
3160
3221
1562
3175
2964
120
5056
942
1171
5002
3232
2347
3222
2909
909
3864
1719
1887
556
4204
193
702
4243
2893
2560
2073
34
3806
5057
3619
1625
1683
312
1283
4231
2195
3036
908
2429
3188
423
295
1133
4247
2615
1312
655
283
568
2613
425
1681
2553
3895
2854
1714
2667
4680
4239
2547
4627
3632
3738
558
178
3104
131
2832
1642
1319
371
221
2188
129
4304
479
920
4941
1286
2845
721
1608
2714
1746
1114
1274
3060
2665
5012
2803
3603
5016
4010
4975
3654
33
2533
2412
3338
3074
2967
2436
4269
3135
3087
3163
2812
3327
4659
166
3014
2758
5096
1150
297
4345
3441
461
5046
517
1805
3795
3875
2581
4145
275
2826
4232
3067
1477
2932
2753
1280
447
431
880
4486
4137
577
1507
1701
1611
303
610
4261
4296
1998
4250
3832
1330
666
2583
2810
127
4665
2040
2435
4922
3882
3634
1125
3651
1668
4173
19
4185
195
4564
3271
4829
3125
5006
298
3166
3172
3215
1763
1545
3063
684
695
1630
4230
697
696
1527
4183
3594
3213
4442
1994
2672
3376
4646
4643
2616
5050
3371
2814
2022
249
448
1894
999
2076
2381
1966
2456
3918
1073
4316
1697
3464
181
2505
329
3008
422
4571
607
3952
1404
3134
720
4666
429
4860
4615
3969
3700
2766
2589
274
4726
2166
3377
3961
2606
4158
2628
4469
614
3474
1549
1221
3857
2988
2132
978
2489
2373
3314
3427
1858
4268
3374
2120
61
5074
2276
1906
432
2375
138
3936
3082
4949
3183
3500
2013
2119
4944
3304
3497
990
2978
4880
2483
4900
2283
4780
1411
190
1553
2792
1094
1857
1222
756
2004
4076
2158
4473
3302
4388
3247
3004
1680
693
149
27
150
1603
1122
4980
3808
4470
3798
4527
62
5004
73
567
3018
3226
3887
1661
269
4264
1687
1715
209
566
2147
2850
717
2142
2657
4705
3168
3859
4653
1273
3276
3673
1749
750
369
3923
2427
4350
1148
3899
1660
1329
2841
3924
438
2847
2440
3310
2075
3844
2770
3253
5035
692
1255
3824
2380
2070
5011
2763
663
421
415
4012
1287
4735
3904
3124
4479
2082
933
2989
1989
4224
4897
3069
3423
3675
216
2562
2764
2222
1640
711
419
159
824
665
622
1870
3604
2611
2179
2607
4495
2444
903
1356
3347
1266
3147
2460
1285
3015
3266
1732
2395
2096
5065
4057
922
1522
362
591
625
1959
2050
5067
2985
2348
2864
4985
593
2025
1609
1478
4499
3896
3133
3288
4208
3870
3432
1136
458
2710
1111
2604
451
492
534
1398
2904
2804
3076
1704
1647
1729
2608
267
2958
2095
2567
3174
2488
4229
4157
4582
3620
2883
144
4842
4767
2148
326
3972
5054
122
3073
783
3285
1241
260
4550
343
4572
4360
3915
3787
930
2069
1402
1535
3154
934
1423
4927
3494
688
3278
1685
1637
4315
3847
1771
2971
2798
781
2475
1247
1970
2730
199
1160
1452
5034
3111
2718
359
3144
2797
1751
2507
2020
5101
3149
2682
2194
3270
1740
4160
1384
309
1869
3366
1768
2807
1159
1451
3988
5076
1194
218
3136
3243
2617
261
4317
1860
2823
2822
3240
3249
3262
2796
4154
142
5068
1738
3286
3801
4661
2051
3016
1730
3656
4652
1933
1555
355
3070
2722
3009
1711
3933
3687
2773
2999
2659
3107
340
3117
161
1354
1355
1242
4775
2457
2452
2447
2446
2888
2889
2995
2894
1152
1153
2962
4768
337
3992
2895
163
3825
168
3469
3467
284
1373
4471
1119
668
474
518
4589
674
771
809
2588
1511
48
471
1519
3722
3706
1576
1577
1615
1618
1619
1764
2106
1922
68
1929
3729
2750
2038
2749
2591
2655
2656
289
290
197
9
2502
2498
192
186
2708
2715
191
2490
5081
2743
187
2746
2744
3717
2464
206
3438
3010
2912
2736
4988
2853
4534
5025
4844
2987
1837
3472
2083
4367
2401
3081
2586
2590
2587
2078
2000
3095
2677
4595
58
2026
793
3964
4658
2059
205
4788
1303
2781
3225
3228
3233
3234
906
2534
3092
2039
238
823
4923
3878
5078
2705
5000
2993
2010
2973
454
445
3219
5058
5008
4649
3676
2829
536
4635
2824
1110
1795
4891
2340
2683
4824
2046
2263
4884
3782
2934
3390
243
4282
334
4647
1169
4953
3956
314
4650
4171
2785
2229
4751
2901
490
2087
2748
4032
2511
1510
4500
2098
4307
1814
3002
2998
2092
3349
4645
927
2109
2990
5013
4639
4298
146
3007
45
4935
574
80
2862
928
3853
467
4101
2836
320
1399
4289
3470
1735
2088
3858
2996
4634
42
2774
97
4822
324
2906
3892
3615
2114
4791
245
926
1971
4213
57
2478
916
1897
4333
2982
296
408
3005
2820
2790
2842
347
141
4905
2084
1275
2865
837
2983
2725
2712
5052
3457
2868
416
463
4480
4441
16
4019
3064
5061
4828
1294
3057
1967
3248
3901
557
4909
3059
1759
2687
560
3171
2163
4628
3143
1237
3431
1693
1911
509
158
1209
196
3609
2778
592
667
1810
1734
2834
4078
3103
244
3142
918
815
4141
3867
3633
407
1115
3685
4283
3193
2704
4136
2928
2409
241
2787
182
2037
200
2474
2939
3042
4494
3831
2605
752
3880
4026
2903
4952
3977
219
1234
3814
412
2012
715
2462
3946
2441
5022
3653
1249
2500
3350
2776
1696
4562
95
5049
601
5044
465
1410
1200
4575
511
3960
3173
389
1744
4581
2694
3122
3478
1132
183
1252
4214
5062
1259
1004
4818
1582
3709
1733
2676
3476
3913
1376
1101
4769
2496
948
1258
2649
147
4334
3702
3054
3085
3112
3065
4279
4200
5092
2506
3954
3838
2772
3947
3705
598
3180
3033
2074
3674
53
14
597
2602
2068
1167
4496
5037
2876
2063
3115
1689
2756
2081
259
3616
20
4876
5028
3146
2399
730
2405
4211
822
4838
2561
1301
1388
3907
3140
2884
503
1496
2057
585
521
137
4354
2711
4199
5033
5020
494
3679
4314
103
5043
3876
4902
2946
2552
3289
1743
2806
2541
2358
2021
4892
2351
3296
1662
1963
4783
600
4848
2049
3968
774
4567
4249
1698
2141
3862
78
1243
1161
650
3075
4644
4443
1262
3900
4337
3778
2522
5055
1550
519
4993
2537
3169
2323
2043
3006
2031
2699
5015
1253
4488
2531
2899
239
4541
2062
4338
1279
1320
3411
480
1389
2931
1011
1368
1706
3330
2926
240
4671
2637
1066
1691
418
2061
4477
2609
3417
3462
2977
4290
2067
956
2418
1469
5031
2091
3856
2036
3414
227
3058
2907
466
476
5032
301
1324
236
4340
2685
3872
1657
3153
4313
1960
2
1059
515
1239
2494
844
2627
4713
4271
4263
4305
123
1135
3868
2881
1486
3869
2047
1731
2054
4466
3498
171
2933
177
4107
2482
849
2554
2897
648
3994
2451
2805
307
5030
2992
594
4574
5029
331
4205
751
2802
4121
3773
4321
2816
1231
2783
2738
580
1322
3873
589
875
315
255
3871
2520
3359
392
1674
542
3774
3854
4498
3735
3866
2879
2723
3955
1317
3030
3846
514
3000
4497
4017
3860
2857
4116
4181
1
333
242
3830
5040
2986
2852
3192
1448
3086
1295
3011
473
257
1326
3928
472
2784
256
2930
4990
2437
230
2791
587
460
2438
495
246
2513
2860
893
1327
1438
2851
4366
3614
3981
2975
1755
3348
1121
1292
881
1509
21
705
943
3425
1690
4256
852
1281
4270
1742
3393
2917
4294
1187
409
1108
772
464
2957
5039
2701
1990
4385
5060
436
133
321
4178
273
400
1158
323
3158
5027
1713
247
1736
2945
3982
3621
3406
173
864
3053
2003
3978
378
376
3851
838
3618
410
2885
134
588
3148
4565
299
184
2991
814
342
773
2729
2681
1076
449
364
3209
2686
2720
2827
830
2846
1075
4989
2018
363
3329
3357
5019
1468
1504
361
4156
4342
3328
3600
1078
4987
72
5005
1694
1705
947
1752
1700
4265
2997
1658
1931
2558
4620
1297
964
156
1928
2574
360
402
308
3953
469
1664
3818
470
113
1965
1311
391
4135
3748
4425
851
4390
989
4598
4533
816
2403
3475
3677
3205
636
4065
4433
761
2693
3138
2815
758
2849
3260
1413
2157
2024
1817
5053
4994
2636
56
2525
4127
4594
1987
3272
3650
4700
4412
3657
647
753
4631
1954
3655
1314
3775
569
1154
4816
3418
4274
4170
857
4286
1461
2060
4781
4201
3495
3291
2943
2543
5095
4002
1455
4560
2009
4998
3307
4696
2299
1702
3267
4805
2072
2011
4036
4629
1999
4310
1563
2549
2425
4117
4099
1531
939
172
1995
3957
4750
1591
3974
4683
3911
4904
2844
4748
4056
1675
4549
2914
305
3934
3491
1728
4028
1665
66
1832
4972
3161
3551
652
4895
4714
3943
1547
4578
4862
4081
3123
3559
2426
2911
4986
1467
1063
4600
868
748
4359
90
3737
1062
2571
2570
3360
2384
1225
4150
1593
4991
3299
3277
4847
3526
4701
3912
1871
4792
3925
3294
1649
4008
3114
3889
3189
1641
4672
4685
2311
1443
3944
4903
1246
2913
2332
3274
365
387
3269
3290
1925
2867
1123
4570
3930
2162
386
4764
4462
1599
268
1663
3908
1651
3666
1770
2642
3028
4770
2535
1899
3029
67
1305
1930
729
3308
3820
3284
1652
3695
2555
2144
637
4384
4827
4007
4732
854
3699
1092
3293
148
3256
2199
3083
3734
5098
5087
4267
270
4738
4703
645
3027
3874
3038
4979
2546
1072
2167
2424
2210
4917
4189
4885
1029
4968
4449
2227
4221
4887
1829
4821
2548
3721
4104
1602
1353
3446
4820
2545
1747
4931
1444
4072
3297
3883
4839
4698
3949
5103
3941
1304
4833
3119
3849
4162
2544
3890
1673
3596
2910
2225
4161
540
4228
2542
4227
4458
1244
1889
109
1405
991
4215
4400
818
3150
3948
3768
3203
4840
4082
2512
1465
1113
2297
3926
4766
2786
3979
4728
4856
789
1177
4040
2612
4901
3843
3263
3736
4831
827
4795
4814
4870
4682
4111
4447
2190
3922
2449
3990
526
4823
4164
3422
60
836
5
4159
54
576
2856
3519
2652
2230
3894
2232
2528
4114
4883
3458
2159
3322
3303
4734
4299
4131
4729
2291
1424
4727
1644
884
2258
4907
874
4796
4044
4757
1470
4704
734
1548
4858
1508
1632
2268
2354
2126
3921
1397
4801
2217
1267
4819
4731
5082
4752
4859
3316
4146
4119
3891
2122
745
4910
4790
825
727
4737
4869
1560
4803
3886
4691
3910
4784
3187
4857
3186
850
885
367
2248
4096
873
1400
3767
4018
770
4182
4697
4102
4836
4759
2610
1574
4092
4799
3040
4804
2339
65
2212
2302
2238
2721
1514
863
4349
2344
1379
3197
2151
2271
2256
2260
1357
4875
4138
4813
4027
4686
2336
1485
4864
4722
353
2316
4312
3196
4143
1559
4180
4715
3642
1421
570
1412
2187
4080
4872
2155
4865
3528
4670
1040
4060
4140
4760
3743
3517
4120
1490
2376
583
2315
1567
986
2118
4852
4912
2196
4863
4817
2261
1374
740
4798
4238
1230
4756
4808
2257
1346
3207
4765
1554
3080
2270
4826
749
3804
643
2149
3071
2251
3202
4921
2213
2289
4155
2246
1420
2242
4681
723
4695
4745
2697
2178
4504
4774
4741
1586
4167
3727
2274
4850
2197
4133
2324
1489
4911
1195
2183
4015
2140
2278
744
1219
4179
2161
1474
2143
1575
4802
1363
2150
4761
4789
2201
4866
4871
4025
2135
2214
2218
4888
4024
4807
2236
4041
4148
2171
2377
2172
4835
2136
4166
2127
4812
2306
2817
4867
4861
4740
4020
2160
2176
119
2239
4129
2153
764
4711
4793
2267
4815
2264
2137
4706
1211
4725
2321
2131
4724
2181
4877
4889
3179
1466
2252
76
2124
2128
1600
635
1484
4128
1481
3935
2392
4841
651
4707
3751
1401
1497
549
2249
2198
754
1370
1364
2224
3206
2298
4674
1433
4855
626
1385
1556
4896
4899
4898
2219
1350
634
4881
2355
2266
4038
737
2366
1597
1212
4723
2368
1494
2479
4233
4924
2470
2288
4122
4055
4878
2337
3313
941
1391
1417
1428
1419
2303
4936
1349
4772
1483
1505
4079
3762
2383
4075
2432
4919
487
2272
4811
1432
767
2335
2304
1302
4929
2421
2695
2508
4073
790
4730
2415
735
2359
1206
4046
2367
2341
2280
2312
2292
1382
4942
2416
2391
2305
1369
4937
537
4063
1224
2279
2356
1390
742
4067
1232
1437
1506
2333
2281
1534
55
738
483
535
4959
4052
2349
627
1351
4868
2286
2290
4955
4958
4882
2360
83
538
3758
4039
3757
532
553
958
759
4890
2550
1366
2485
4172
1427
794
2352
2374
4925
1449
973
4913
1414
4886
2419
1335
4969
2411
1315
1296
1415
1656
2390
4954
1217
2327
486
4915
1300
1381
915
633
2420
2431
1336
2423
2486
4220
1103
528
2398
1220
1431
2706
1439
555
2408
1386
1375
1450
1457
1318
1362
1213
2361
508
1321
2407
4938
2400
1456
2357
1436
1435
1403
1447
1454
2372
1394
1380
4061
1377
523
2404
1453
4050
59
1446
527
4977
1442
3764
501
2434
1441
1293
936
157
2094
4948
4673
4973
1024
1636
995
1313
1340
1306
1291
2413
935
1282
994
2389
1271
2364
974
1210
502
2237
4964
988
4945
3552
3538
4956
3493
649
1678
3524
1118
563
2698
1659
4960
3043
929
923
3760
575
3771
531
3101
3733
1238
3939
3999
496
3456
1028
1174
1654
2387
1975
1047
2674
877
1007
2393
3515
3720
953
3445
952
977
5063
1032
547
904
969
375
3546
4640
2394
1270
1131
2079
395
3354
890
565
1180
1009
4638
4908
1173
1155
1257
795
3436
1020
891
3481
4422
1163
3533
1820
533
4982
3429
1226
4637
4976
981
2673
2481
2406
1030
4978
428
3468
1172
1026
3454
1036
3465
910
1102
4460
4920
4630
1017
775
894
886
965
1836
1186
3352
3556
4226
1250
913
897
914
1804
1256
1008
3763
1016
1018
898
2085
899
889
420
3437
2557
414
3440
1166
3041
1809
1289
869
1031
1783
396
1099
384
2809
385
1014
1116
1019
1278
3523
1000
867
1005
3522
932
3791
1284
1010
3509
3712
982
1757
987
1053
3711
1013
1067
383
397
3742
802
843
399
1021
1027
2001
4448
3568
2942
4417
380
4961
1069
1181
4404
3704
879
3719
4451
1071
4369
1825
2499
4210
4939
4395
4943
3128
4410
882
4950
1806
3562
1839
4424
3557
4984
3558
1033
3391
4363
4209
405
1058
2956
1165
3845
858
5104
4431
3567
3512
1044
4544
2941
3564
1162
3428
1039
1796
3608
1147
1144
1164
845
3829
3573
3554
1139
3713
828
3398
3389
963
1913
4476
835
1096
3578
4396
2940
3583
3382
946
3555
812
2923
1812
3698
3566
1128
1055
777
3336
1784
1883
2952
1048
3424
3601
3108
4397
878
1049
3599
1070
3574
3381
1851
800
1845
1097
1060
3701
1106
4351
2572
3501
1937
842
3585
3397
2948
4285
949
832
3575
1051
3995
3577
4371
821
3816
1868
779
3355
1932
4383
3598
776
3582
4277
1862
3435
1065
4430
3373
4378
1107
2947
3331
1038
834
4343
1802
4554
4434
3671
4537
3714
3810
4003
1941
4411
4555
1847
1157
1801
3805
2863
1269
1631
1821
1741
1054
996
3335
1859
3484
1951
1877
3848
4487
3540
4437
3605
3836
1927
3812
3840
3835
2919
3488
1750
3584
1920
4444
3834
3670
4428
3613
4372
2573
3541
967
3341
1001
2951
1780
1782
3826
1861
3334
1943
1012
1720
3649
979
4618
1956
1831
3855
1045
3400
4463
966
1850
1934
1050
4320
3665
3513
1089
3503
4522
3507
4427
3680
1797
1854
3630
1823
3588
3521
4387
980
3645
4358
1774
4588
1849
1175
4413
4511
4492
4483
1105
3707
1828
2065
1980
3689
4535
1835
1986
3560
3659
1916
3532
1104
3625
1866
3580
4493
4454
2019
1944
4579
1917
4429
1890
4426
1833
1151
1852
1778
840
4556
1042
4526
2014
1840
1898
3412
3643
2045
2041
1908
2575
1984
1985
2006
1800
1976
1902
4520
1779
1914
4585
1981
3395
1789
3413
1879
4604
1792
1818
784
3396
1086
4507
4553
3658
1790
1996
4607
1088
4623
1844
1798
1905
4401
1952
4485
3383
1997
3368
4509
945
1787
2556
4608
4502
4341
4543
4510
1973
4583
4605
4491
4559
4521
4617
4
3520
2002
3623
4569
3823
2922
1978
1988
2955
3483
602
2017
4536
1811
1777
1882
3819
2921
3548
3668
2859
3531
3631
1613
1612
1964
1776
866
2023
2015
4609
4548
2033
1910
