5078
2179
1477
1599
4174
1601
5076
1602
4773
1580
4042
2189
4040
4103
4758
4188
1488
4035
3823
4752
4067
3802
3214
3156
2648
2171
1603
459
901
1376
1472
1587
2174
4289
4326
1542
1147
3957
4125
3331
5123
3812
4092
4255
3351
4819
1509
4195
3520
4095
4432
4258
5084
4135
1155
3471
4288
3125
2154
3352
4105
4642
3987
1251
3082
4181
5131
4031
3337
4122
1696
4294
4175
2247
3867
4790
4177
4789
2201
4187
4276
4189
2490
4542
4139
3911
2862
3869
3350
3660
1752
4420
1475
3916
4417
31
1268
2173
1600
3777
4050
4813
3340
5129
4384
1817
3109
3081
5083
2525
4361
2488
1462
3334
4364
3407
3044
3459
835
848
2459
3053
119
4368
3842
2624
4426
4804
4401
1530
4757
1473
1582
4192
4740
3145
3047
1823
4036
3793
4614
2744
1609
3817
1342
4753
2082
4265
4127
1311
1091
4106
3787
4624
3640
4612
3069
3558
3539
3489
3965
883
2393
1641
1678
3121
979
2650
1730
4041
1838
794
3466
2580
4119
4068
2020
1146
811
2051
3658
3419
3893
3341
163
266
4459
1378
830
1896
3467
4450
2516
1923
4456
4091
3355
4237
3383
3095
3143
1524
1720
3322
3740
1400
4884
4301
4766
3689
3149
4193
1685
3205
3700
1364
3165
1562
3960
1242
2526
3035
1674
2613
2527
251
4053
3153
3513
1547
1466
4045
2125
982
4618
1428
1185
288
3519
599
4974
4600
2612
3747
471
3382
4065
4399
4054
3444
3839
1893
2288
4083
2162
4553
4596
1131
1884
2638
4410
2006
3772
2058
1811
1424
3163
3060
1846
4487
2325
4109
2177
3838
2093
1691
2593
4640
2046
4569
2290
1314
4382
3827
4583
2004
4440
3470
1566
4756
4134
4033
3756
1914
4
1716
3863
2589
4427
1948
1502
4293
2270
4751
480
4905
3364
539
1290
3959
808
1114
1568
3332
4123
926
4282
3392
94
4914
3152
476
104
3565
1372
3872
4104
3534
2126
2642
3866
4115
3115
1312
5053
3333
486
2597
1455
4263
1125
2222
3051
3887
3746
5117
81
4183
1116
1941
1093
3683
3536
3656
5044
3684
3659
1227
1871
1832
4585
1894
4404
5089
4433
1224
4471
4602
3436
4365
3135
3404
4422
4150
3102
4468
2039
1856
3106
1703
4254
32
673
2292
4869
1118
3644
3107
5041
3870
2508
1299
1793
3385
1026
4641
2121
1537
3712
133
2515
780
4046
200
4386
931
1924
4793
4812
3808
1303
3655
2142
3834
3524
3972
3908
4423
1413
1358
4084
3093
3455
4032
487
451
3571
2175
4022
3345
2962
1129
3507
3393
3451
3118
4722
5027
3228
3127
3811
63
1279
1485
4485
3786
3516
3475
4180
2753
3991
1506
1456
3694
460
2416
1343
4138
1344
4360
4548
3402
4570
4654
1695
4590
2497
1172
1756
1834
3389
4415
4637
1787
2786
2092
763
2067
4380
5068
2083
491
4452
944
191
4795
587
3529
4563
3131
5052
1680
4623
4070
1670
4078
4411
2750
4545
3886
4749
950
921
3664
502
1341
4066
4491
4649
4635
3943
932
1029
3092
3873
3456
3329
3342
1888
131
2933
2160
249
1111
3818
3543
3328
1572
3703
2919
4030
3040
1202
3902
3874
436
2205
3323
4499
2867
1852
2399
3198
3788
820
1999
4094
3807
4779
816
3008
3876
1815
4416
4059
4434
4403
1223
779
1320
1013
1348
4580
1946
2137
4413
1623
581
3445
953
467
143
837
884
2749
3967
2479
4414
1854
3854
3844
3831
834
4453
4472
611
3481
4428
3804
5118
4163
2531
947
2167
1246
5130
4480
4658
1613
3496
3765
4913
992
1697
3805
1747
2461
4210
76
4179
4589
4419
4086
4735
4842
2169
1933
3540
4825
2190
4116
1925
2016
3567
878
490
4828
743
4586
1337
3977
289
2291
4659
4732
1171
3661
3848
4518
3213
4588
2061
4508
4610
5081
3435
4695
3197
4950
4443
4636
1255
4446
3585
4592
3368
3782
3343
2404
4763
3642
784
3986
1315
809
1128
1145
3978
3200
1382
431
3881
2698
1812
2850
1240
573
1611
3511
4457
2385
3792
624
617
605
4445
4136
3224
4478
1241
1217
2628
1127
1715
1869
3734
4978
3126
4393
3648
4025
147
1394
3682
1317
3566
993
2754
2759
4455
2475
3687
1184
3054
379
3612
305
3627
335
217
2736
2817
1189
1503
1353
3189
4160
2924
3276
2873
309
1969
552
2342
2840
1401
2477
1076
523
3979
684
1186
1437
2341
3268
132
4108
2338
4991
4212
731
640
2729
596
3709
3418
2283
1479
3623
362
736
882
961
366
642
2741
2296
2289
4621
3260
1022
647
635
728
900
2764
2297
4358
2760
3012
437
3211
377
3595
887
2747
1021
2301
1390
2952
748
1507
2467
1031
2529
2807
4023
3359
952
738
1107
182
3013
2756
3185
3275
951
4202
2318
1271
3610
4216
3176
3057
2149
720
1789
2015
1790
3011
1791
3059
1758
4781
2069
3784
349
468
2084
493
1978
4247
4071
61
2055
2997
1794
1140
1497
1930
2056
4560
4405
2159
627
1360
4510
4003
4539
4477
1997
1458
855
2319
975
5064
1988
3168
1874
1432
4503
1163
2970
3388
3138
896
1137
2615
5008
2614
641
2
3950
1622
392
4020
2229
1786
1331
3239
1873
4286
2236
4988
3166
3945
2321
4906
299
144
4870
3939
4233
522
4249
655
4016
4338
4868
565
693
50
3232
165
127
1287
801
1236
2788
4345
854
1000
105
861
1558
4319
4348
2778
5016
1203
3416
1813
2476
989
2803
2394
3257
78
4072
1454
2804
1198
357
2746
4948
4309
3250
1778
1826
3241
3027
4727
398
3298
1080
1977
1961
153
2098
1197
1735
2864
1300
5031
1686
1014
1084
2805
990
4952
3961
758
3917
2732
1047
2498
706
4300
575
1439
3261
4199
871
3110
2717
194
4203
699
652
4669
408
176
1316
2616
2433
2442
2434
694
4226
4971
4351
1387
1151
3584
1496
828
439
4537
346
344
2587
2656
3442
4748
1484
3434
818
3019
745
2830
886
2900
3592
5090
3426
2618
2377
5005
1754
3258
3252
3251
2829
1422
361
2739
643
4680
3188
4675
67
689
38
40
53
2706
177
4354
1476
51
4990
2889
3266
2353
1615
43
4252
3294
2436
5030
5102
1141
3897
404
2975
1684
1068
296
3620
963
3009
2890
2679
4770
723
1187
3853
1291
521
1213
4323
613
1427
1090
2431
302
4082
1211
3196
1522
3929
697
2469
1470
3336
3555
3548
3116
3783
2851
1637
5096
4823
2848
783
2533
4957
1544
1463
30
3923
3801
4972
2945
1248
1610
1222
777
3849
1592
3762
1591
4069
2275
4772
185
3526
3159
3755
1620
1389
2633
2561
1395
2449
4824
279
1206
4933
2839
1297
115
1210
2180
3999
3820
3244
10
737
505
1239
5036
3997
3076
3157
4863
2859
700
4927
3373
283
2790
2866
1012
56
5092
4908
744
3983
2415
197
367
4211
4218
2145
2660
36
1492
542
1305
2225
129
506
2253
3295
193
755
287
2276
3958
293
3063
2557
2810
4342
4911
375
2563
822
4656
405
3194
4715
2316
2313
3363
2951
1126
4256
68
1762
1532
1392
91
4928
3613
2050
1770
4995
1269
2584
2676
372
4932
3425
4001
268
1774
1627
216
1527
447
2831
3283
957
2255
399
1508
3412
1441
2314
3796
2302
4620
2487
4550
2474
455
831
3570
1733
3227
3598
508
2468
2228
4285
5017
3633
3926
4221
1052
2897
1169
1571
621
601
949
5047
847
242
3944
284
3690
70
4346
350
3546
2443
2091
550
4194
4312
2263
2707
48
2806
1336
356
1430
574
3601
4436
5004
47
4999
92
4994
100
4831
3058
2908
1247
5001
2903
3236
2738
2730
1334
1335
2661
5000
3263
3193
2651
4826
4817
273
291
321
326
371
374
4355
4352
4350
507
509
4213
534
4064
4057
648
686
687
3800
749
2427
2435
742
1677
2347
2336
1668
4964
2360
4876
2462
3249
2250
4633
754
1624
3217
3353
3980
96
2144
5046
1363
2688
4985
3256
2967
637
3066
1073
3495
2134
639
2232
85
1258
4734
4699
4856
2878
417
1035
3941
1563
3273
2809
2641
3497
894
1086
716
3576
2458
4953
2899
2099
1322
729
3974
556
698
4665
2733
5097
351
2066
3962
1767
3994
2070
2334
5059
169
2398
2818
4666
1067
3006
413
3621
34
325
1512
4922
4743
4469
996
504
2742
4344
1498
88
1487
285
3278
387
691
294
2080
1560
1464
1179
888
4940
2298
2303
702
3724
2256
3218
4370
3992
2905
4992
426
2118
5095
5012
1645
1534
739
4511
2240
1740
3895
2523
427
790
1963
432
4691
2787
2875
4714
2798
3935
3231
3790
2192
2088
1725
678
1180
3018
2011
4967
364
1228
1482
938
290
4794
4648
1346
2885
1435
155
2489
3953
3411
3799
3372
3287
4060
2827
334
2801
4201
4894
2893
4200
1266
3096
3417
676
4944
1008
3409
108
5
2972
1499
2072
4777
3654
3472
4336
2293
2534
1196
4705
970
2671
4058
3611
3589
2980
1037
511
5054
1664
3988
4853
416
1065
337
355
275
1523
4002
3735
4007
175
3743
2701
368
1040
4760
3593
843
4438
1284
5061
4997
4747
3597
3192
1905
1096
3099
415
2926
323
1095
1589
4246
2902
1549
4090
1158
3745
4709
4519
4079
2451
3073
1505
3420
4223
630
1748
4170
1354
4056
1672
3675
2544
5109
1912
1984
3641
4098
892
840
419
4546
1878
3339
4685
1101
1282
1814
826
3680
1514
1875
2887
3697
4864
265
929
1156
1761
2973
1934
1907
3394
4412
17
2370
2992
1167
1891
1850
4492
1110
1927
3729
501
4668
483
292
1139
4604
4421
0
1962
1819
2472
3599
859
1094
1818
3604
1768
817
1165
3380
3696
1257
3685
2825
579
4324
4651
1150
1718
1949
1250
4340
4689
962
3361
1642
2022
899
4686
1046
4530
1764
3453
80
4117
348
650
3785
478
717
865
1057
1841
3810
4314
1447
304
607
456
2139
4674
3615
1781
3424
911
1260
4379
3005
1070
1446
3822
2854
3366
5073
4010
4409
1876
768
2869
2101
1516
270
2562
2553
1309
985
280
827
1369
213
278
3321
2669
464
4881
547
906
1134
4073
4874
4356
24
3184
805
5038
2734
672
2775
735
450
869
179
282
206
1292
4315
445
3624
25
2870
2033
3686
904
2874
2715
1132
2036
2410
1416
3852
3112
2355
3400
560
4708
832
1666
1453
2188
1469
2846
3930
654
4329
1015
123
247
2421
218
725
4841
1061
240
2713
354
4343
1998
1349
238
4744
481
1495
5035
4850
2031
228
1209
724
802
4887
201
2773
2681
719
2025
2333
4061
3190
235
851
4227
2378
2085
3996
3723
2522
2460
448
2640
2245
3583
111
1072
2437
4653
5029
382
2824
2691
37
4845
3482
2348
595
1263
1892
5034
4965
5039
4219
726
245
2343
1737
2372
1504
2332
3731
2042
1374
2884
867
891
1153
2272
4215
3091
3130
2407
1181
823
5007
857
2708
4166
97
1646
4371
2068
638
4132
2266
300
1617
3285
3748
3906
1038
28
3247
1901
82
554
1017
1755
1673
470
2663
858
330
813
230
4396
2231
2700
322
3216
987
2543
1083
4214
1701
4143
4259
2888
1690
2440
2762
1953
1296
2352
799
1945
2910
3901
1821
5094
5066
1285
5070
557
2868
3028
116
2575
3736
4267
3741
3699
400
1003
2727
3354
2872
4347
527
1555
4925
2858
1931
3662
141
42
3726
1452
4660
380
2677
1810
4837
3617
1176
2453
5105
2156
1909
3379
1032
2129
671
2306
3491
4465
1736
401
829
1445
4703
4575
4534
3262
1840
215
4679
1866
4197
2672
3508
3721
4788
636
5040
741
2948
2305
1908
381
870
4983
3209
1115
2151
1149
1535
4865
3582
3406
3376
5079
3172
3174
1103
3594
1108
1375
409
3579
4619
3089
3254
2963
449
2985
429
209
4832
2693
3898
2071
2666
166
237
3676
3396
997
2178
2386
4011
2026
353
2007
2662
915
2844
1238
2974
609
3931
2507
205
658
1995
2682
1868
4248
1867
2894
939
3410
3
89
4451
5101
414
964
895
4711
2537
3899
2683
220
1634
2545
1655
4759
4878
3590
2912
4357
1636
1262
1974
1212
1704
1397
1377
1494
1805
2241
412
1177
3464
2960
1075
454
4526
4532
340
4505
64
2238
1036
4710
4603
2665
3114
75
875
3708
4613
2246
4521
810
15
174
3422
35
908
2654
2254
2120
2381
2886
4587
4081
928
3460
866
3468
3179
1056
1245
4332
1414
83
125
2049
4362
3480
841
2217
2397
2267
4274
4308
4253
1556
2834
3272
3347
1981
868
4694
2781
1769
2711
2896
2925
941
3457
1404
2751
2743
2226
2579
45
532
4662
3522
3487
2857
3237
2197
1579
212
4318
4912
2608
1431
4827
2492
3618
1950
646
4893
3483
4146
3614
836
74
2183
1940
4818
1164
4489
1201
2881
1525
774
2783
4606
1932
2793
1964
4684
933
3023
3242
2748
39
937
3413
923
918
225
1148
2322
331
664
2634
2452
1302
343
1955
181
549
5021
3984
5051
224
4236
462
2657
1557
3253
1097
4009
4118
1709
2680
1973
1367
4855
3861
2181
4523
4284
1829
358
2194
479
2647
3738
3219
5115
146
4857
4038
2447
168
548
2820
1693
190
2369
2765
234
1966
1418
1123
3993
4871
2308
3626
2724
4209
347
2532
711
2782
3307
2577
1259
2721
2279
4768
3484
196
4719
2224
363
1879
1750
4676
537
2932
4483
6
2959
3975
3674
946
3981
1048
403
4196
390
4717
3033
1069
1042
4156
26
1639
3357
1820
995
1745
1142
469
4462
1739
1399
113
903
1780
457
603
3843
112
3233
461
945
3499
1635
33
4647
1539
232
1513
1751
55
1576
4517
3007
4650
1839
2005
2625
1478
1004
4849
1016
2582
3550
4716
1886
90
3038
2135
2203
2684
4014
4861
1722
2780
1575
2841
1738
20
3308
3465
683
1136
1808
1102
838
160
121
54
503
649
1541
1033
1782
1732
954
4283
1098
586
3707
2536
1261
980
4910
2444
4883
2337
2350
2819
2637
1628
1717
3384
850
142
2365
207
65
3948
1833
4242
383
345
44
4234
909
3492
879
29
2216
316
1143
58
2901
1849
5018
297
1631
1625
489
3551
495
2823
62
4142
1124
3486
2767
2044
1373
3835
2202
3797
4801
312
1957
57
3186
4916
2826
3698
3267
2172
2811
324
4646
4921
4599
2777
4017
1749
4806
3427
498
1304
369
3381
1254
2089
4482
1357
315
1806
2130
4024
553
5048
3147
1531
3681
881
936
3502
3026
4723
1006
5009
815
3673
4848
1860
1728
342
2312
682
440
4898
1723
3170
4672
1816
2891
793
2686
2799
259
712
4840
570
3087
2123
690
2140
3259
3477
1109
4128
465
2883
1044
3365
4162
812
2439
3461
3523
466
965
3715
3493
2622
2564
3271
301
2057
2073
4273
1775
2690
2364
388
800
1776
839
2155
1726
1836
3608
4873
4943
1440
3636
4693
2021
1406
120
236
5091
3732
2428
1166
2157
2335
4305
4376
852
472
1009
1267
844
1763
2882
629
4395
4673
2755
2041
298
2077
2535
3688
3469
4325
2059
4262
981
314
1135
3399
3479
496
4909
4470
3956
3647
4372
4394
2880
3704
145
250
4461
4018
2143
2961
4552
8
2853
4473
13
2076
1904
159
3310
4467
4424
272
475
4447
2768
313
1890
2792
1918
2053
458
271
2034
488
4406
3587
5082
4220
3695
1018
2062
2038
2852
1889
3506
3816
1188
3629
856
2570
21
2043
704
1842
4615
2048
2692
5020
1294
1830
3982
1825
1419
4796
1759
4514
1951
122
3177
4764
1286
473
1087
3541
1895
320
2052
3395
5098
3559
1887
1807
3505
4574
1121
3443
1851
4431
2981
1994
2966
3728
2074
1078
1996
842
2991
4341
3706
2578
4391
2802
1885
2911
4204
2572
1936
1857
1872
1958
4304
3607
1920
3577
239
3920
3360
967
1138
3995
3181
4643
4407
1862
3650
1133
1113
1898
1804
1880
2979
2090
1865
3652
1864
3653
2978
3390
1967
4558
1859
1853
1882
1858
1845
1077
2895
846
3596
1855
1954
4390
3631
3976
3825
4475
2065
192
3408
2847
4005
3358
966
2965
2030
4513
1809
2986
1104
3669
3670
1917
1843
3691
3667
3668
1112
3651
3649
2969
4392
2977
1848
2855
4476
4464
3528
4437
1971
1837
3616
1281
4383
3860
2990
2988
3671
4463
2955
2821
4479
1711
1828
311
4317
3552
4497
1870
1643
4425
2037
1771
1835
1100
4544
4013
2027
807
1800
1827
3857
3713
3562
2425
3421
4398
3865
4891
4460
3452
3602
2063
2837
1640
1638
4418
2927
4439
1902
3014
2994
452
2054
3415
4488
4536
2942
2842
4008
2060
3369
1795
2035
1074
492
1170
1105
4690
2576
2627
2944
3646
1644
1844
588
18
3441
4161
1803
845
2566
3568
4718
4481
4522
3000
3015
2929
2040
499
3001
626
3367
863
2931
872
4573
494
2538
3711
3828
3405
4190
2989
1152
2928
3591
3403
3638
2861
2105
1986
1942
2843
4664
4334
4269
3391
2658
19
2984
2907
1935
4783
3739
1993
3643
254
3718
1960
4515
2032
2087
2906
4682
2573
4571
2956
2552
4644
485
3588
1863
2102
1785
889
4369
4564
3020
2024
2567
4687
1784
2571
4572
3603
2539
2835
3010
2982
3905
1434
5032
1910
3846
3397
2551
2574
5013
4531
3628
2045
1564
2569
3837
1916
1272
4408
948
2949
3463
803
2939
198
999
3423
3922
2097
1273
1928
4458
4628
4566
1727
1071
4549
2028
341
4980
4989
4901
3440
860
806
2096
1824
4493
2012
880
1938
4374
4205
2699
1195
2018
1883
2943
3705
3448
4742
1117
4400
4373
4667
3547
1979
633
3503
4541
4529
4567
4366
3677
2008
1010
4655
281
2001
1939
1982
4538
983
1989
4367
1959
2002
1980
1792
1822
814
2017
1913
3527
1983
1926
4363
4500
4555
1099
4507
1308
4986
1788
2010
1921
4578
2009
4524
1987
1657
2432
2023
4504
1937
1799
4378
2029
2163
3722
4543
1919
4551
1106
1797
4568
1798
1801
4359
877
2000
1992
4435
4554
4501
4495
1956
4496
1929
4520
1991
4557
3387
3639
1796
4512
4506
4562
4484
1965
3164
833
2941
4528
4561
1972
4611
2100
4490
4385
3504
2620
4591
4527
4616
4474
4639
158
2106
4607
4726
2565
873
3665
3429
5125
4565
4381
2702
912
2685
4631
4822
4670
4377
1968
1985
2079
3437
3386
4577
148
4632
4547
3625
3476
1911
2103
3720
4540
4663
1594
4617
4584
4576
4634
3473
4593
258
3701
4630
913
4582
4678
1976
140
2086
4494
2546
4397
767
2014
4601
4608
2064
204
2915
202
2075
2013
1742
199
4629
3447
2047
4375
2548
4645
2107
4627
4559
4661
4652
4626
4264
4597
4595
2547
1199
4533
917
4113
1947
4605
1352
4454
157
2601
1702
319
4688
4516
2109
2568
4015
150
2550
2611
2363
2560
651
2114
210
243
2832
1766
79
2655
4149
1173
4725
2549
1741
4638
135
2696
2376
1712
4429
3077
248
715
4525
2559
707
2424
1089
172
93
352
1881
3356
101
3925
4581
2215
130
262
1510
402
2110
233
1773
1288
1900
3230
2607
5074
4291
4389
1861
1200
4126
1753
3037
4923
1710
2357
3985
2913
1605
2111
110
1511
4598
864
2113
4225
750
2794
4890
1402
893
2710
5010
3501
4982
2918
4729
2583
4683
1521
1612
3277
2791
773
2998
4535
1420
4077
255
1906
5056
4051
410
1468
241
1614
968
4885
3533
3438
4153
1332
3928
2541
4998
1345
3575
1386
126
3564
4176
4888
2808
2132
853
3560
955
3450
1092
2930
2208
2917
106
1450
4942
4322
4129
1467
1347
2165
1064
2586
4838
1391
4780
2235
3462
969
164
930
3079
3919
3826
4846
149
117
4681
1540
109
2987
692
988
3449
2359
2441
5126
3208
4043
2327
4502
1362
2512
5065
604
2996
4671
223
1423
2609
927
73
4787
3187
170
2983
959
3378
1412
1274
246
1626
2603
2117
4892
3798
1583
3672
657
2019
1915
4448
107
3478
4449
4866
231
1689
4844
1350
4442
1154
4241
3071
1208
1465
920
976
2639
544
395
1519
497
2645
4746
4097
16
2626
3065
2520
114
2466
2554
3634
2186
2141
2600
2354
4121
4934
2704
675
2277
463
2668
2602
2592
4165
2953
2324
1760
186
701
1724
4207
760
1079
942
4931
263
1425
1597
4327
924
1687
4272
4028
3314
1130
1681
1088
3120
571
1403
910
4879
3270
3990
4224
4745
5080
710
3320
1313
433
4251
4099
5121
4839
4979
3229
4260
253
4762
4039
4112
2695
751
4266
1449
1366
1731
1581
4102
3544
1408
1368
4706
2379
804
3942
2621
1683
4110
3370
4904
4833
2795
4270
2725
2697
4677
3549
4087
1265
4860
2274
4290
3535
484
4178
2771
4328
329
4231
4303
2719
2448
922
102
4776
2185
3578
3474
1903
2594
2209
2946
1692
2128
1426
2714
4761
2221
2104
4085
1551
2687
2131
178
1744
2300
2993
3845
1590
3545
4320
1415
1545
184
2161
4960
2999
2590
2528
1719
1574
590
2770
709
3847
3377
919
2722
4089
1182
4141
925
2649
4899
2252
2610
1231
3952
2481
274
4120
2670
4277
916
4402
4335
3946
2667
1632
2635
2219
27
1277
4235
1448
2187
2776
1410
2249
2191
3191
825
151
3964
3538
2264
2995
677
4275
4145
4306
665
11
4080
1020
978
3973
4037
4926
1460
4311
1633
4805
3586
2198
2340
2445
1371
4915
1721
4765
1765
156
5072
2652
2632
2170
2388
4704
4924
3933
770
1578
4509
3581
4702
1665
2182
477
3791
1554
4152
4935
2150
756
3064
3199
1333
3173
2384
4498
5014
705
1593
276
764
4261
2643
1538
2718
1757
4171
3052
1706
766
681
1660
2491
3003
307
2195
3142
4158
4173
1577
260
3346
757
762
99
628
4101
1370
2212
4799
2694
4168
4802
4137
2395
4807
656
3840
3004
1417
3222
1734
2800
1459
2223
4882
4257
4299
2588
1529
4111
4750
2689
2259
4791
4737
4144
2220
2206
1548
1520
2211
5058
1598
2213
663
4148
4206
1429
4814
1518
1669
4771
4769
2856
1533
3912
4172
3864
1567
3934
1461
4034
2281
2193
2176
1490
2916
4816
4164
2796
4155
1411
2909
4774
4720
2914
4184
1569
4786
3132
4730
4222
4889
3024
1586
4093
5049
4741
2199
4114
3002
4029
4063
1355
660
2166
277
3894
4815
4736
4107
2779
4851
4958
1559
3288
2631
4238
3280
4731
1339
4797
2248
3290
3936
2310
3202
2623
3971
4055
4810
4738
4027
1204
1280
5002
3966
2814
1471
3830
3225
3947
4835
776
4821
4792
4820
2351
3203
4728
1329
2273
680
3963
4784
256
4154
1585
3814
3207
2257
1264
3234
4159
2122
3136
2362
4076
4919
2470
2371
1351
4088
4026
2486
2646
3824
3324
2617
661
4133
4048
2391
1396
1584
3316
3717
2789
2674
4012
2285
208
1144
4945
3832
1398
2349
1256
171
769
1289
2785
2214
9
3313
5060
659
2822
3161
4228
3223
3215
2457
775
4700
4785
1053
2315
3927
2138
3767
1474
3326
2940
3338
3291
3056
3206
173
4902
3113
3299
567
2513
3819
3097
4278
2400
3274
3050
674
2368
3955
2596
2503
430
252
3574
3896
3719
4809
2456
3195
3286
3733
3150
2396
3892
3201
3055
3335
3302
2112
782
3122
4872
1694
3309
3049
3297
2323
4151
3317
161
2484
4295
4701
622
3072
418
3180
5057
2373
3167
2761
1653
3043
3914
3108
3021
3910
1659
3094
2387
3171
3292
3305
3319
1421
3243
3289
3300
3303
3304
3327
2382
3296
3306
3074
3151
1380
798
3293
4310
4707
991
3279
2383
14
3162
2595
3204
2286
2505
1630
3348
3301
3220
3330
2331
3086
2375
3325
1407
994
5124
3104
3841
3085
4941
3311
3836
3518
3045
2244
3034
5128
4949
3221
4975
3344
3851
3312
2950
3046
5088
3485
3088
3951
5132
3813
4920
3090
3871
4956
3678
3833
4182
3078
3663
3103
3970
3083
5077
2136
2268
3084
3859
4951
786
3862
5067
3048
1340
2419
2813
3036
3101
4970
530
2510
703
66
1831
183
2412
4243
4721
5127
4930
2269
4075
3140
3134
3517
4271
4946
4959
84
3537
444
4947
3521
2409
5069
5006
1405
4387
4936
3766
4186
3657
4966
2374
3061
5050
4939
4962
4963
3532
578
1174
1043
4185
4917
3679
1606
1034
2367
3779
1049
3080
1480
3062
531
778
4074
1005
4981
795
2366
4977
3569
3903
3500
4969
582
4937
528
3514
3561
3904
2358
3515
1050
3512
1058
2403
977
3375
1388
2153
3781
137
1007
3556
3573
824
791
512
3542
1207
1054
998
4968
3774
3557
1066
593
973
1190
1045
3580
3530
2390
3525
3742
1011
1039
1002
986
1698
797
943
1220
796
792
1214
3749
1216
558
3488
3754
2152
3572
1051
1024
3510
3761
3563
3773
1649
789
4388
3374
5107
3553
2380
3554
2542
514
559
529
516
821
1662
5103
1682
3776
2524
1699
3490
517
2392
1365
3780
1604
788
3245
1651
772
3775
3771
3770
1700
974
2389
7
1667
1221
2402
956
1658
1229
3039
1671
971
1295
3764
561
2413
540
3778
3969
1608
1385
1661
2401
3768
4217
2408
1675
960
3752
3750
958
407
781
5116
3727
2521
1168
2418
2282
1607
515
2506
3716
1679
2495
4307
1215
564
787
1218
5122
2420
525
2784
2280
518
538
2499
2496
2405
545
3753
3751
3760
3758
2423
3759
2464
3042
623
3144
3041
3757
3714
2511
1225
2502
569
591
2518
1356
2417
602
2480
3098
3117
2509
2514
3141
3133
2454
584
5062
2938
618
2411
2463
580
555
619
2455
592
541
3744
606
2471
543
3068
1433
589
608
1
3155
3123
524
1451
5111
577
5104
3158
3737
3070
5063
632
3128
3137
5110
3148
3105
5112
5100
5108
3725
3146
3124
616
5119
3880
600
5113
3139
598
1306
5099
597
3067
3154
5114
3160
3119
3129
3169
1323
1019
1001
3100
3789
3918
3111
1326
3022
3031
3255
1324
3212
2812
3030
1321
1298
1319
1235
3883
3954
3882
420
3794
510
424
425
3879
422
3868
1328
614
2934
3884
421
3875
423
3888
2530
3795
3032
3889
3885
3877
1318
3937
3891
1310
2935
3949
1234
2936
1283
1243
1327
