3181
5022
4958
907
4392
1636
539
4225
4920
5208
2320
910
4157
2633
988
1507
2325
867
4237
4917
2611
4247
1711
1965
3063
1241
50
1057
4197
4206
3303
4208
2782
2362
49
4166
4952
3839
4969
1509
3506
1471
3832
4922
4833
1508
3156
2361
1219
3069
1576
929
1454
3731
5150
4944
1857
1784
1082
4190
1731
1854
3736
3240
881
4474
4577
3319
1227
956
4169
3730
3598
190
2268
457
4949
3029
894
3059
1605
4256
2276
428
4182
2353
600
1287
1234
3636
4664
3057
183
2896
4235
5017
1215
1874
3252
4223
1958
578
952
3588
1214
3081
3113
1257
4228
2453
4137
429
426
4995
1059
613
4393
1049
3619
574
3851
1207
3833
919
4178
4242
1138
84
4288
1462
168
4205
3316
904
159
4220
5215
840
2010
4336
1867
2330
175
3439
5016
1058
1068
3728
3444
853
3272
4843
2292
5255
1280
1673
2290
3253
3451
1369
415
703
455
1497
1689
302
1313
3267
4346
5211
939
5232
4931
3323
4960
661
4230
1634
517
3645
414
4189
4933
4231
3261
841
1639
4912
2615
2415
2253
4299
4890
538
585
3632
1069
2359
892
1745
1075
4955
4186
3548
5122
4191
2346
4824
4264
4477
544
594
2345
3096
1237
1226
3080
3526
3828
160
559
4204
70
3868
3056
4215
1080
4923
1346
441
4924
1044
4165
3199
2244
3318
1368
5124
4224
948
1208
174
4175
2056
4387
2207
3665
1942
1182
189
2358
3568
3320
133
1066
3740
4825
3004
4895
2322
592
5199
1325
1166
1298
2635
4909
4293
3188
4016
1586
3154
3850
4908
1730
3033
797
2331
5061
3264
3508
5238
1026
3559
3892
3079
3514
531
4156
3852
5115
3866
3180
1915
5170
529
2349
3077
2302
3579
3465
1981
1010
3413
4110
1726
898
3231
4879
446
1230
2335
3136
3794
4963
176
4823
1599
943
1580
5006
3715
4911
1563
3652
2641
1466
1872
1172
545
1749
928
4173
2007
3456
3401
1885
3431
654
4313
2231
1719
3115
1910
3496
2407
3464
169
586
5103
1221
3031
1976
4211
2623
3891
4583
1461
3650
5020
3643
582
3664
1834
4941
985
3300
193
801
2251
916
1247
897
5198
796
1524
1864
3766
882
3945
3438
2301
5049
4779
1928
2624
2796
4588
5043
799
5216
1178
5202
3030
4563
2328
4202
1195
4107
1033
3397
3768
906
1744
1584
1316
946
1929
3846
5190
1014
2458
456
1167
3821
1153
3010
555
293
2512
1013
1023
2296
2339
1858
251
1500
3651
3536
304
3580
3644
4943
580
827
1948
4946
3729
3498
1177
292
4219
3072
4268
3442
2502
4606
800
1250
4163
1931
4789
2369
450
69
1329
999
4838
3856
1025
788
4177
4144
2334
3773
2628
3661
584
2153
1727
875
1922
2323
4300
298
1258
3112
1647
1297
59
3467
1009
3513
1305
2005
3905
938
3618
2636
4232
1456
2604
5253
4145
4607
1794
5018
4303
3557
3468
3624
3324
3925
1339
4928
1997
1935
1162
2156
1379
819
3325
3327
4200
4187
3532
876
1650
1597
91
954
3723
3867
3649
4201
182
5032
4549
3301
1244
3304
923
5151
5014
1491
2264
1308
3924
1067
1501
2853
4248
3671
4174
3062
1020
3874
4900
1591
2311
3522
4732
1450
2612
167
161
4214
5195
1510
2229
3114
895
1087
865
3515
1254
1084
4961
3977
1053
4964
4893
4679
3511
3007
5118
4094
1225
990
4625
687
3804
925
3893
873
3470
3895
1306
581
3443
806
2363
2052
3742
2340
1687
3611
815
2473
4158
2863
3339
843
2845
4618
3107
3289
3861
3118
3844
3890
2817
4378
1377
2575
1029
1220
2459
3326
2286
1307
2639
5037
2111
631
4227
4932
2248
2329
4181
525
3857
3499
1387
851
1260
1232
1416
3415
1837
1235
2476
413
2627
3317
3250
1370
2726
1299
4168
2481
3617
4954
2337
3654
1693
1301
490
1064
2343
1158
3648
955
1632
409
2208
984
1952
5090
3616
4498
4086
1795
3902
5119
1320
198
945
2046
596
5212
3203
4593
4408
2043
4023
2033
2629
4136
163
3809
1251
918
3626
2858
567
1179
934
3530
4971
4291
2269
3067
105
201
5075
2625
1728
3322
3245
4820
908
1147
4993
1173
1252
1133
3743
1908
1154
4176
1610
2071
3084
1127
2012
3441
866
1001
4903
4459
1757
3293
5036
2924
2260
2351
2368
396
3638
512
1932
936
1801
3153
2
3620
1017
4100
2403
5001
2925
1913
909
1034
4959
812
2578
3642
2598
3663
3074
1552
885
4473
2289
4832
3790
583
2409
844
1712
4185
4997
134
1788
2372
1560
1503
2607
3555
2354
5181
3447
2640
155
577
3869
780
1947
4594
1169
4950
3257
2008
4030
3155
2223
3827
1890
920
5034
4773
4008
416
82
1211
1092
1134
864
597
3
1199
4966
3295
3494
1487
1954
4880
4355
273
2379
4453
1492
1956
3535
440
1000
4047
3405
4996
4836
3949
2120
971
4708
4716
3227
5193
4743
3229
2656
2929
3281
483
2676
12
4721
126
2655
306
3392
2675
761
4486
2688
4674
550
4413
2515
2834
4807
3484
702
2062
2785
3780
3370
4750
4465
3409
2980
2707
65
4308
4029
3210
349
3940
23
3374
3404
2713
739
332
3232
2513
3311
1283
3966
4669
3688
1458
2114
4021
2821
913
3207
4797
3677
1144
4638
3923
4115
2877
2753
4109
2118
373
3092
1847
4744
283
1830
3971
4739
1791
2057
2546
1676
79
3167
3247
4632
3174
4534
439
3176
1424
2450
2752
1164
4734
4502
1171
4814
3660
664
1052
3249
1061
5029
2496
460
5096
887
3105
5079
4915
5116
951
1440
5026
3028
2841
2810
5159
5023
3621
5050
5093
1937
5080
1422
166
3690
944
4085
4229
2902
1793
130
4827
642
3855
579
4894
1946
3058
3104
518
5057
1293
1160
3571
2259
513
2265
1722
478
1781
2720
401
3964
3361
4445
3974
442
2790
770
310
205
2736
329
3549
1583
361
2084
2711
2558
5086
280
4770
2495
1535
4718
3082
3927
1774
1451
4309
2432
3719
4730
3955
5077
3687
1820
677
551
713
4040
4752
350
4735
823
4753
4333
1079
651
462
3701
477
486
3481
2126
4106
1709
3183
710
2144
430
5222
1729
3947
288
2165
2548
3349
249
372
3371
2588
461
421
405
4353
3539
2161
475
5231
4089
1817
480
3375
4785
10
2177
2519
1088
333
2087
2151
4382
3408
712
3605
3140
5230
2998
4279
3248
3695
4342
3692
2083
4491
4774
3338
4045
1418
2766
1621
886
1123
1725
2681
3037
2124
497
5145
2652
192
4462
4423
2701
4054
64
3898
2583
235
2430
967
4105
2718
3400
655
116
2680
3702
274
3403
2890
2537
109
4749
1631
18
3273
323
2081
2408
2923
324
181
3696
3705
976
3366
4121
3707
3075
3760
4628
3710
2435
2800
4468
4694
3041
765
3759
4466
3972
3260
2770
3223
697
2421
1702
699
3287
3802
3480
142
877
2123
1464
3363
4757
3978
4554
3355
4417
1240
660
4504
2677
715
2091
3097
143
1494
2941
225
5053
975
4518
2894
2702
760
4641
2674
4351
3813
507
1582
1115
5160
2911
2535
66
3725
3221
727
2802
4719
3933
2869
1859
2443
432
3917
1682
1607
4506
2840
1143
5054
4613
3354
4411
848
2708
4761
2540
1672
257
3380
1489
4464
1406
2970
3398
3196
5192
41
3071
2705
363
2581
2402
4488
1737
5144
78
1290
4681
2843
2995
250
1433
4699
359
371
1457
1595
4489
3254
3904
2870
4095
2654
2719
3202
3970
5071
2511
3799
3975
1542
2577
3412
1670
4063
2461
2884
3900
2023
2939
203
2983
5065
5113
2606
2543
5174
2988
199
4668
4571
4876
1889
4939
2608
989
1126
87
1511
1620
313
1065
2962
484
2294
1255
3099
621
3218
2412
411
4556
4677
5052
2336
1094
83
3630
2484
1587
2492
891
4128
4479
2360
2054
1246
992
270
4297
1921
4203
2341
4600
2892
4172
3765
2014
903
1093
4945
1968
2552
4784
724
2525
3886
3542
503
2181
2916
3771
754
2471
4682
2610
658
4709
3770
2684
1041
3178
2308
3801
1077
3152
262
4403
4751
2309
285
5243
3914
4160
738
2965
4746
2723
3420
728
2068
48
3150
711
4011
1310
659
1814
748
1384
4535
4738
1853
5248
3095
1663
3477
2101
1619
2168
4435
2921
3185
473
4424
2298
102
3779
3102
3424
3934
4799
3669
1823
2982
3795
5105
2164
3165
4918
4899
4396
4103
2942
1825
1662
606
2871
2413
3840
4019
11
2872
4406
370
5010
3482
2141
2285
3953
4733
353
4861
2022
4667
2477
3396
1303
2806
4881
2522
2746
1428
2561
2531
4448
2026
2885
3676
1446
3222
2447
1796
5136
5073
4755
5252
3243
191
2112
37
2113
2433
2438
32
2672
200
118
2745
2737
268
266
2671
4328
4330
4742
4331
123
4329
1736
2108
3791
3826
756
4112
1638
4458
2271
3021
4956
766
132
4307
1822
3599
2905
2381
365
17
334
3613
5147
2956
1478
704
4689
2799
2773
4028
2449
4521
2374
1734
2772
3602
2171
3351
4496
2160
745
2542
2420
1106
1100
1047
4578
768
4412
1273
2780
114
650
4152
505
3194
769
1668
341
1622
4041
1675
4696
2261
4505
543
3959
62
3379
700
2556
3094
3418
1398
3510
3224
2994
623
1318
4524
4871
1770
2131
2098
241
244
4643
4102
4984
3879
2595
72
1278
575
1883
2758
2987
4495
4604
4091
2567
862
847
2061
1536
2692
4059
2638
4642
317
2974
4360
1642
4575
4020
4574
1752
3385
4367
1851
1311
4940
4035
1136
210
3148
5094
4627
4062
1839
1704
3899
4898
307
696
5114
3753
1824
2464
3378
3873
2163
2749
4934
4494
4794
1918
2274
4078
3958
5051
576
4053
4061
3422
1986
4978
1895
701
4285
3781
3475
2793
3177
707
3754
1919
1658
3581
5169
4905
1924
4098
2787
2158
1764
4463
2222
1344
1664
5247
4957
3083
3313
2735
4017
2557
4510
1463
3577
949
86
3674
1790
1579
3280
2659
2136
496
972
501
2831
2829
2660
735
3922
4616
3915
2828
4381
120
376
2679
973
1572
2801
375
3205
101
2254
2568
4354
2410
3897
5157
4655
821
202
2657
208
822
3608
216
3606
3195
3762
1105
1104
212
180
4114
264
89
96
2776
1390
1391
4119
4639
178
2754
2747
4533
2730
2724
162
4651
171
698
2538
3208
706
395
4503
1786
4717
4722
1625
1628
721
31
33
34
5221
348
5217
1556
46
1565
358
1571
30
1575
716
1681
1754
1755
1821
469
463
4327
4419
4449
330
74
1532
4428
2876
2851
340
2804
2805
325
339
2816
2854
1528
2815
2875
2396
5121
125
1526
2946
2028
3277
5083
4311
5228
173
3932
3633
2070
4660
4661
4648
608
3983
3128
1028
805
3279
2703
4619
2150
4859
4701
255
58
4787
3003
4358
3876
3713
1685
2602
2596
277
4292
4284
1039
3772
4322
829
2429
4425
4608
342
804
4671
3189
2714
4037
1109
669
1341
1048
1128
2827
3120
4988
4542
1295
1163
2444
2997
1573
3452
4088
4150
614
9
3389
1806
1417
3040
2145
1679
3764
1710
2079
2764
828
1482
4645
3726
3171
4882
3968
2036
2187
2441
4481
4143
1828
4572
3147
4407
4120
3750
2426
1714
2532
2422
1746
3835
2326
772
2133
5165
1640
4687
2996
128
2991
157
127
164
3192
2119
52
3100
3046
4429
3918
2195
2240
3994
1891
824
1103
2088
4766
1326
4319
1131
1540
3708
3219
4640
3875
4079
2425
1267
3275
1699
4690
4455
4921
3993
1512
1371
4480
1780
5098
2792
4727
1304
3836
3653
675
1715
4388
3278
4610
1808
5030
3944
2564
3942
4548
2097
2979
2490
2018
3931
5220
1473
863
4670
2090
783
3537
880
3308
3149
5111
2555
2148
1848
3043
3042
5155
2931
3908
5092
3556
622
3590
3233
1309
5106
3741
3679
3880
857
3017
3215
3066
2127
1381
2398
2279
3417
5112
5138
1765
3751
254
5059
3870
4104
3946
2917
4539
2262
3459
4257
5102
3543
3184
825
2225
2786
4979
744
681
1352
2550
357
4427
1415
4614
1210
4695
4039
4798
3700
1792
4930
2614
1600
729
95
425
2427
2972
4151
318
3505
1401
808
351
3540
5226
4492
1804
4559
2480
4576
1085
2530
836
2662
282
1159
3474
22
3682
5087
452
968
4125
4569
1543
1004
1490
299
694
6
4129
3820
2470
730
3129
686
2203
1432
615
1778
5024
3032
4691
2209
424
4550
619
2184
4778
4531
3455
1564
4519
3807
4274
2486
2250
2239
4565
500
4509
4840
71
4338
751
2221
3758
1423
368
467
4501
4087
14
4906
224
2757
2388
3049
1324
2295
3909
3377
3646
679
1198
2169
1659
3476
5048
1671
3752
1132
4341
4883
2865
771
1569
831
1414
4599
652
965
2414
1984
3777
1522
757
4249
2257
5060
2189
810
4170
3172
4400
2180
5031
2645
2009
2237
2246
750
2399
1601
4845
3778
1991
2297
3330
3206
150
1989
502
719
2985
2436
5256
338
2811
2373
4936
2134
4081
3478
1194
4076
1590
3997
3960
3995
4754
5184
1056
2712
1365
1314
1202
4444
1985
4777
3286
2741
5039
220
4776
1484
3735
2293
1359
1677
253
4935
1617
1358
4806
2020
2514
1812
4768
1190
5095
3718
1317
4007
492
3704
1276
1300
1521
1332
1514
1568
3130
2900
1603
1871
1140
2584
3585
4914
2092
1097
2039
1785
678
5007
4302
3963
3523
3990
1880
226
2579
552
4471
1892
3501
2154
2305
2650
2089
4846
3814
4700
1769
4140
308
1861
2227
957
1907
4704
646
1121
3126
493
2580
3987
3996
1809
4442
16
1869
2256
3493
2616
1627
901
2957
4631
3337
2751
3805
1623
4127
1348
4022
4692
4332
5245
3193
902
4138
2594
3982
911
1343
3023
2030
5214
1748
3988
2423
3991
2064
2049
2463
510
1554
3137
1350
4259
1936
1700
2117
119
3381
3139
2589
1292
1905
117
1758
4683
1717
1832
4741
5067
471
4566
3064
4981
3111
509
3088
4740
4162
4359
548
2445
2467
947
4767
1927
789
3689
3926
2472
4541
3266
5063
1551
522
4552
3786
1904
4434
2664
4728
2533
269
2172
589
4315
2159
4872
129
5254
3382
3213
1747
1480
1362
4261
4301
4083
4775
629
611
4058
1425
1706
4209
3573
3309
5194
1567
2478
4460
4118
3756
3020
3782
1481
2386
5013
4526
2524
1469
1364
3299
60
1078
311
2734
2651
1113
3746
4126
4800
3291
382
695
4537
3151
4043
2880
3368
3302
504
4099
5056
3343
5149
5148
3564
4357
4558
4318
2377
4340
2497
2912
4384
3521
5187
3943
2021
5141
1055
3133
2926
1312
1321
778
1024
561
2183
4878
4810
3872
1120
3258
1923
197
624
3399
1437
4275
2404
3920
3865
2192
3051
4134
1062
289
4402
3034
2199
3992
1098
4013
228
2152
3984
4374
2190
1962
3026
3235
1898
4805
637
932
410
4672
3085
3244
4003
1394
3550
4326
1175
2597
3342
3421
2456
1361
1156
4680
2411
2882
2906
2040
3458
3615
781
2565
2232
4765
2868
4676
5164
3877
5161
3255
3296
3060
3463
482
2909
3497
3225
4831
3985
1753
775
4829
3629
4000
1842
2166
653
3885
2919
2338
2961
4592
3887
5008
900
3122
4363
5069
3457
3862
1405
36
5002
3078
832
5240
4188
3531
3011
2571
3237
3668
2419
4493
1902
2893
2162
2895
4461
3341
4830
3440
5015
3087
1413
3864
1838
4133
3757
3019
962
1101
2534
1150
458
4858
4507
4352
740
2366
2454
3015
2086
1875
4048
3006
3509
2862
835
2554
3228
2201
4323
3093
2469
2601
2065
958
3775
4771
4783
3954
2826
1076
4684
3684
4523
4532
4073
4485
1099
1402
4520
3365
1330
3614
77
5100
1667
3884
3022
2038
4998
3896
4113
4298
2042
1776
4042
3453
2666
4508
3348
3722
3594
5207
4344
5179
2648
346
2024
2001
2182
3335
940
2314
603
3520
1089
4362
1015
1386
172
4942
3262
2149
2053
4255
3724
4273
2137
4772
922
3179
4527
1354
3070
3787
4457
1866
5186
2999
4688
1096
3714
4305
3290
3414
1863
1197
4781
3998
263
4475
2228
912
4729
1692
4271
4447
666
2475
657
2825
4065
1980
3834
5239
1724
3567
1410
931
520
3546
1829
3091
3727
3336
137
272
4483
1886
1239
3721
1030
1897
3134
2592
1349
94
207
1289
1977
3426
4046
2993
4390
4500
3604
3076
2820
1042
2569
2521
5176
4536
3012
4130
3209
3500
4015
3967
1879
422
3783
5229
3450
3328
4647
4397
4377
3683
4304
1453
2922
1170
3609
4780
998
2284
3460
1222
2904
3956
3009
5244
523
3999
1868
4398
1196
3144
1174
4983
3285
3755
855
93
1421
1294
3005
2742
3298
1434
3492
97
281
1703
691
1036
2155
563
1920
2907
1090
1040
3191
4180
4817
2964
1903
1110
4793
4154
4375
4596
2417
3217
1363
4605
2394
3623
4371
5201
3016
4822
1431
1333
1231
3913
4212
5224
3211
3332
2937
5206
1815
297
3391
3544
4665
400
3169
3352
1541
1967
1644
1901
184
1
5040
1943
1951
2383
2076
1970
4347
2981
3939
1443
2060
2913
5203
1925
3485
4790
1893
1315
2833
776
1933
4634
2950
1900
4441
1760
4132
1209
5140
4131
3103
3353
1718
1479
4595
1268
1862
1877
3749
2013
818
1888
3912
2003
3163
546
515
5072
1139
737
4678
4122
494
3360
4589
3035
630
5249
2709
1470
1527
1412
802
1269
177
3673
3018
568
5163
1912
1878
2307
4369
4348
2019
2066
5028
890
4478
1124
858
4658
470
595
4685
2903
3373
1286
2135
4051
834
4886
2002
4239
1351
3198
3204
3694
4795
1161
3830
4295
1966
4055
3251
5178
2306
3146
1998
4117
1995
1939
3612
3888
1407
2789
4686
5035
3512
4270
3838
3376
448
884
1906
1404
4036
4545
3271
565
4179
4482
4546
3236
296
1206
68
1971
3471
1181
1938
4184
1472
4980
3346
508
4528
4953
489
4644
2267
4646
271
3587
4159
2830
4710
3981
4564
1876
4598
1684
4514
1940
3910
2455
5019
3334
4253
4513
3849
319
2850
1530
1265
2944
2823
4705
3160
4865
3086
1060
3952
4031
1550
1334
926
547
1331
670
2437
1360
3491
3858
3164
3747
933
1987
2000
1284
5012
4834
4183
4391
3449
1275
4841
4454
2263
3584
4258
609
540
1392
3748
3282
2287
4216
3489
1979
2448
4654
959
1616
2762
3583
5011
734
1266
314
3628
3541
1982
3437
3903
1081
533
3263
2609
1336
644
861
5076
1274
1660
1646
963
2835
1873
4265
237
599
1282
3930
185
4345
1969
5191
2130
1513
4585
4147
2620
4276
869
625
914
1849
1448
3853
1803
837
1217
1436
1447
4603
1357
4361
4399
3132
5219
2572
532
2213
1302
4862
2599
1151
3734
549
3517
1732
1813
2048
146
1142
1189
4233
3168
4334
2364
1688
2603
2027
2462
1356
1218
1894
1186
1400
3859
3738
3860
3937
4652
4024
5109
1810
5047
4148
1716
1598
1187
4198
1950
3986
1347
3699
209
618
3008
2384
3116
4243
627
970
1983
1999
2938
3935
3503
817
4587
872
1477
3504
1990
905
598
3502
2080
4573
247
964
2504
1960
4379
758
265
1713
3919
5180
605
3039
1345
1602
1775
2803
2696
980
4788
1683
4142
628
5
4551
1385
1520
859
335
2235
3106
5139
4383
4210
1955
2949
1773
1961
1656
4394
2910
25
3357
587
3950
4947
2389
5137
1836
4499
3315
537
4609
5210
4139
4290
1288
4813
2690
1944
1259
3014
991
3127
2842
4584
4194
2198
2637
3656
1319
4579
5097
1934
2507
987
4389
842
1063
1978
3883
534
5158
602
1911
4622
1930
1896
233
2881
435
3516
1802
1270
588
1941
3359
604
571
3329
4626
2072
1909
2069
2074
1743
633
1884
635
2509
1833
1271
5213
5241
1787
3837
593
1145
601
1957
1071
3691
2781
2619
4343
3667
3435
1216
638
2050
4547
3430
3678
3640
1772
4612
4567
4476
4529
1697
1188
4014
3159
4649
3744
1844
2622
4325
519
1691
4516
838
572
3733
3347
1856
4238
3002
2808
1180
3145
569
3061
4568
782
1949
1441
4985
451
1148
5196
1212
4675
3305
921
3822
3622
4702
616
1993
2173
4522
1031
1645
3806
3980
3562
3534
4155
1155
3789
1149
3841
139
3055
1805
562
2375
2058
3560
2004
1865
3792
3563
3434
28
1917
1203
620
1767
2503
3574
499
2483
1846
1005
612
3737
560
1741
1756
1019
1740
2029
2211
1988
99
215
1845
3739
3488
4278
3565
3190
4149
816
4591
1328
2249
1137
1375
524
1696
1850
665
4976
794
1963
536
485
27
2011
1996
2006
1006
868
617
4511
1959
136
4221
846
4656
4263
1964
4916
2587
1467
4472
1185
149
3518
4657
1337
3545
1070
5185
3162
4192
1200
2591
1926
1125
1073
1975
98
2989
3108
1116
3333
232
570
3558
3554
3847
556
3157
468
541
1899
554
3815
3803
1835
4538
1972
1654
5038
1193
2634
4395
1678
3767
2700
1882
807
3533
889
2031
1229
1135
3507
527
4602
917
1192
1119
1887
1117
930
2856
3582
4582
1223
4199
3525
3659
1396
3788
345
138
3938
1916
2697
4002
3842
3462
856
3445
3672
5175
3854
1914
4484
888
526
3848
3610
1152
3241
3331
2032
3911
1279
530
2122
1191
4590
1544
1953
893
4630
3878
3916
1228
1881
937
1130
1114
3796
3845
1168
2312
3529
3843
2324
1973
4653
4018
849
5146
4252
4167
356
3810
443
1027
1111
3631
2226
1661
4910
3706
2059
1141
883
1281
833
2094
2044
1102
899
2100
1086
4816
3073
839
218
793
2045
3784
978
4254
4277
1496
1165
3818
1176
3461
4241
3101
961
4141
3685
5021
915
3425
4312
1723
3161
4877
3446
3816
3785
2220
3345
4698
3490
820
1475
1201
2934
3817
5064
3666
4272
4240
4164
2927
5044
3625
3469
1146
3647
3639
3466
4850
1648
3110
5130
3823
3824
2813
874
3658
3495
3634
4973
896
2966
811
4245
433
3627
1054
2174
870
1624
809
790
4287
3686
4837
996
3929
4068
61
981
2034
92
4452
4884
1566
792
1016
528
1574
3561
3528
2930
4218
2774
3586
759
2266
2255
303
3448
3052
4842
3570
4244
3681
5068
2300
389
2699
398
4281
1549
3065
234
4497
3054
1233
5078
1037
1768
4286
803
107
982
4977
4975
431
1373
5070
3119
1248
4236
2282
231
1611
557
3297
2879
4025
4226
1555
437
211
227
5027
3024
1498
1035
4246
2691
2304
2212
3637
5110
3524
2303
4217
1609
1505
3519
2761
2258
521
1641
5134
438
2727
1502
2452
4847
4543
5123
558
4929
5088
3769
1438
1012
5046
3641
2794
222
514
4962
2852
4888
2928
2332
2891
663
3675
1264
1091
2217
4925
1506
1643
2241
4851
2380
4870
4515
3882
2245
2431
4044
2367
2434
4306
1340
4994
4860
4902
4868
2317
2272
2242
2243
662
4999
2355
2395
2460
2356
684
4919
417
4146
5142
5091
3808
3889
4913
4849
1783
516
2440
2319
4848
2252
1032
4889
1525
5107
104
4839
2291
4857
2387
4991
4234
4864
4026
2468
5003
1589
2392
4972
2238
4835
4874
4867
2270
1531
4970
2204
5128
1374
854
2215
4873
4885
2348
2236
3321
4844
2508
5042
2342
5127
4875
4901
2219
1439
2310
1238
2288
4034
2281
3429
5082
2385
2992
1007
1243
2897
1429
590
2401
4853
2273
3025
4349
1499
5045
403
2347
591
2344
2299
993
2466
5209
4193
2214
1588
1519
786
4863
5233
1383
4161
4856
2318
258
2721
4283
3774
4990
4222
2224
427
1615
1516
3717
3121
3595
4557
4938
1236
1245
3428
3068
2986
3720
2333
3655
278
4207
1585
4512
4171
2350
2798
3432
4195
1518
2506
2632
3048
4544
1533
3635
2499
384
2618
2485
2474
2405
3863
3200
5025
412
5108
3201
3143
3894
2479
2370
3423
634
3212
3662
7
3158
1517
3670
4904
942
2482
3881
4101
2382
5129
5251
5133
2352
2510
2516
3433
4296
4948
81
1296
4852
5189
449
1548
3358
667
1256
2393
1045
2698
2202
688
2357
4992
860
1465
2797
1022
1397
1388
1205
845
5009
1118
1493
1485
1486
2371
2494
1183
4071
2365
960
1184
4
1690
5085
3045
56
953
2487
1408
1378
1072
5131
444
1376
1870
2283
4821
1495
1476
1366
1698
995
1380
1420
813
1003
4828
1074
1018
1338
2731
1504
683
1262
994
1008
2642
4010
1367
1213
418
1021
689
685
1263
2205
5058
1427
4553
2901
1261
5000
2206
151
690
986
511
1707
1204
420
1224
419
1107
1108
2315
347
1445
850
4989
4093
2695
4066
286
4009
2908
287
2694
5135
4070
2915
4075
4818
5101
2914
3416
3310
2647
2886
668
5132
154
153
5126
152
4092
328
343
5125
2378
1372
260
672
671
5084
366
983
2491
4074
55
4826
2278
5117
852
1046
2424
3013
4819
4937
2488
2500
1002
2631
879
1011
542
2630
3306
2613
1253
1249
3098
305
367
322
1242
2200
