1784
3727
3665
4148
1429
4199
1900
2213
947
4200
4011
808
1643
1980
3619
1934
1671
2952
1240
2108
702
1955
1340
4264
1272
3649
3929
1314
3651
3293
1996
757
494
1658
1513
1927
1871
1873
680
1479
3371
734
1050
1983
4263
2972
1034
3567
1008
3632
3756
1442
458
1313
3612
2023
1912
958
3947
815
2802
3650
3573
3944
3949
690
1616
3575
4280
3588
3171
3629
550
2107
623
2054
3928
3677
1606
1579
407
929
972
2576
3255
3320
1243
422
3952
1424
2015
1701
2963
1552
946
1492
2018
3915
944
832
1238
1381
1681
2025
3370
3605
4155
3314
3669
3599
1453
2991
3974
1536
3645
2186
3657
1398
2889
3325
1993
1537
1972
1376
1019
833
3934
619
1276
3653
3071
3583
2016
4310
2038
3318
1706
324
3286
3334
3695
3921
3989
4400
750
1234
1923
810
1529
3316
4185
3322
825
2021
4269
3930
3197
2062
1607
3978
1881
1086
548
1482
742
3936
3142
2665
841
3065
1969
3644
2624
828
1224
1866
3624
1621
3659
1968
1025
1126
1946
1004
3300
4170
3581
1577
4223
3935
2212
4379
1997
2237
2341
3674
1987
953
628
1739
3889
2040
1867
4169
1371
1450
2009
1998
2148
2147
1562
3672
1229
49
3319
674
4349
4206
4075
418
3973
1765
1760
3276
788
3488
2035
4037
2981
3100
3336
820
1901
3332
1902
337
3864
1164
3927
4361
3433
3600
813
3446
1785
4294
2197
719
3789
3242
508
4564
3923
1139
1647
4033
2047
3758
1917
2000
2698
1564
4202
2700
2960
1299
824
939
433
3585
1734
3690
4445
2145
1071
2718
4444
1094
626
434
3670
4372
2100
4171
4446
2904
1049
3597
807
1626
3660
3924
2969
1937
3590
3603
1253
3111
3534
3890
538
837
1691
3026
847
2711
1362
814
961
4426
4387
2130
3115
2920
195
1893
3986
2184
3705
2623
3445
2209
1657
3662
4350
3613
3284
764
971
1558
3315
2143
2893
1878
2800
2092
4432
3268
2115
3162
2079
432
1237
2070
3943
4317
3129
1423
3733
323
3868
3085
1275
1773
2866
426
4300
959
4526
4407
4051
3130
3951
3127
1038
2122
3013
4587
3958
3975
3601
4286
1648
3090
762
710
3358
3147
1791
2962
2029
4579
313
3598
709
4590
2078
1357
425
2921
826
2044
3264
1051
957
2997
1394
2469
3961
4232
804
3213
4569
1395
789
351
730
4241
2605
3968
714
1392
942
3704
3307
1889
3630
2895
536
3661
697
3283
1221
1330
1581
4352
3643
3726
1914
3652
501
3713
707
2848
4214
1470
4357
1965
2165
1678
1290
2901
481
1590
4210
1228
3903
4425
4060
3682
2936
1707
3049
4262
2242
758
3137
3562
2692
1248
2652
4522
2666
783
4359
4069
2134
3169
2596
2918
2985
4311
1822
3156
116
3212
2117
2882
1958
3330
4345
2598
1028
3165
4198
1771
4419
3305
3093
3204
3044
945
1815
4485
3078
454
439
3953
2222
2201
4066
3885
3772
816
954
507
485
1081
1780
1924
1750
920
1694
3594
549
1091
1030
1387
3666
466
3770
1747
2193
3217
3642
4239
155
1457
3029
4566
1567
3937
720
1903
1508
811
4340
2728
3025
4082
3464
4150
1880
851
312
4561
4358
221
2955
207
3301
4132
1722
3141
2075
877
490
3136
787
2133
4283
4211
4193
4224
2995
1015
3620
727
3102
3639
3384
4413
2676
1052
4442
2017
3297
2002
2188
4424
2031
2434
3313
4585
3800
3688
3081
3173
3138
3873
3671
1742
1668
5
3969
2953
1667
1700
1580
4347
3641
1195
2741
654
1455
2085
4251
2342
1586
806
3920
1296
689
638
3059
1443
3579
2081
2005
2591
3931
3362
7
3697
493
3199
3824
4524
1644
817
1906
3074
1951
117
46
3298
4381
1437
3775
3084
2710
647
2982
2343
3933
3335
3941
3764
3034
2966
4395
3891
940
3108
4568
3309
3338
618
3938
1042
632
1919
646
3685
2987
2014
4554
2693
1258
2979
3725
1027
2667
1935
1982
935
682
664
726
3668
2278
4375
2599
3900
1076
2167
1183
4364
2236
1425
805
3626
1669
3361
2187
1944
624
495
4488
3780
2019
635
2200
1463
4233
1593
1385
1596
2394
3673
1749
713
2650
2348
4462
1489
3633
2914
1291
978
2986
1035
2951
812
1601
1461
2135
4338
4059
3234
3175
3792
1136
2026
4388
3784
4031
4371
3251
3070
1073
1074
4002
2090
1217
2691
4492
3133
1055
1101
676
1599
3
2940
2659
4339
1783
3906
2815
1106
4471
715
3962
325
2661
2364
2444
206
2755
1124
2617
2449
2228
1415
4331
1904
1527
3351
226
1841
341
1271
3763
1003
491
1614
3379
2805
2392
435
2609
1603
1111
1512
2468
819
1156
1194
1117
2818
3628
2172
1764
1177
127
3556
3191
2470
1930
2685
205
4538
4044
1602
2357
3723
2411
1089
1525
915
4429
2608
2490
281
2567
3781
4477
4517
2308
35
3786
2910
1837
773
2933
725
2533
2437
1288
2495
2925
3676
2607
3282
3430
2405
124
1084
2746
2807
4003
4308
1979
4217
4366
3442
3576
1337
1388
1660
239
2722
3515
873
3413
2812
659
3420
2526
3577
2636
3910
2906
220
4560
684
2769
620
3107
3180
296
3712
2716
3258
1943
2080
1167
1199
1688
2048
4401
1885
3005
3761
696
633
604
471
2594
4320
1070
1020
3386
4087
1795
4140
386
2749
453
4491
2043
2773
754
1283
98
997
3647
2189
1604
2888
1130
3275
2517
385
60
63
4256
1067
2518
1179
2288
3388
4234
898
2766
4235
3452
1641
1082
1568
3750
4231
3398
3374
2628
2421
1763
414
3181
4535
3656
765
1674
2447
3383
3884
1704
1072
1978
280
2618
340
3385
2300
2390
3109
1857
3424
4186
3739
436
4493
2347
2808
3178
1144
1293
1565
367
2651
1818
2476
3407
2066
1413
4392
2424
2924
1261
3587
1088
3858
2479
1168
2417
3382
4527
2345
3429
3711
2683
415
1790
4501
314
3738
1011
4054
2344
1236
2182
2686
4516
267
1494
4091
2556
894
4162
4576
2757
2456
4160
1855
3862
3401
3039
3348
1115
1816
380
4144
430
4489
472
1100
882
3350
4406
3394
228
344
835
389
3816
4017
747
4541
3617
3179
3359
1500
1755
384
94
989
1246
4549
4038
3408
1860
3416
2123
4100
3640
1320
148
4363
986
1138
480
214
1894
132
4184
233
2097
4004
500
1108
64
2967
846
943
3326
3105
3945
3254
3287
1174
3101
3024
3083
1254
3200
3125
1775
3058
3227
1225
3233
3956
2664
4430
3087
829
2028
2050
2137
448
2089
2961
2061
1677
796
1047
111
2575
634
3103
736
112
938
295
3886
4201
1302
4355
3517
3822
3500
4464
2703
1589
1456
4393
1615
4402
1098
3512
2004
4335
3720
1105
1323
373
4314
2695
3308
1345
3658
2919
2978
2034
2082
552
3684
1519
657
4332
1485
1557
1563
3121
4337
1649
3333
3279
3184
3091
475
3210
119
2998
3560
2733
2358
3465
2139
2990
3022
4173
3993
1646
625
3018
4466
2116
1045
821
3911
4531
2530
636
2943
1655
4010
1014
3448
1716
4081
2083
2593
3310
3167
1611
809
2845
2349
3119
831
4584
670
4055
366
3565
2334
1235
1530
1687
2550
4190
3950
1702
240
1870
952
2649
3570
4318
4563
3679
2984
1584
2232
3365
1683
2922
279
4333
4238
3241
4324
1689
1295
1506
2917
3280
914
3265
315
1176
3991
1884
4586
4130
741
3769
3236
1820
4567
1170
3667
322
1471
4218
2207
122
298
922
88
4089
1490
1135
2049
3203
1811
1393
903
1370
3999
1163
2118
3089
3622
4365
2884
2076
2063
968
4244
3340
1031
4420
772
1446
3016
3260
4342
1631
2431
1436
3708
1426
2538
728
3033
803
2239
1574
844
4225
3623
3678
1006
1770
1058
949
3032
2113
605
371
1277
1400
700
3902
2637
905
3410
2831
3572
3699
4452
3454
3555
1609
2497
1075
3916
3785
2947
1746
2928
1057
2883
3970
840
1214
4309
843
3514
1464
1877
3797
3151
1940
830
2810
3185
3270
2660
4079
1344
4436
2561
3237
1204
2563
2569
1794
1524
3088
2152
1959
2903
4525
4245
1012
1905
2190
2211
3841
1928
3960
1724
1778
2959
4507
924
388
492
3243
4484
503
3415
3574
1021
941
4284
2001
4415
4071
3511
1247
4289
2971
3207
3317
1349
2902
3095
661
4015
3023
1566
2124
1899
610
3486
3692
1319
3417
4216
3696
759
1975
4571
2516
3635
1659
1477
653
1097
4007
2621
3777
1635
4275
857
1402
2244
4196
3302
2654
3875
4496
1613
1636
4030
1281
2801
1187
4368
723
793
3092
974
2743
161
2742
927
1989
3218
1801
2658
3752
3030
1210
1496
213
4273
1663
1257
3805
1995
423
1624
3878
80
1160
1132
629
3209
2725
4172
3017
3324
1093
441
3918
2179
1198
4261
3940
921
795
3880
489
3163
2057
1892
2892
3922
4374
1334
1528
3249
3047
1888
246
2717
3073
1080
2127
2968
419
2283
1743
4322
3621
4141
378
2731
2835
3041
4058
3489
3372
1673
3068
3225
4398
3831
223
655
4438
4469
2671
1480
3606
737
2574
1315
3440
1327
966
1418
3848
4036
1310
1751
2627
2935
3701
1654
3295
330
185
513
3202
2496
2740
3303
2657
4168
2564
4544
3939
2941
2930
687
2332
1575
1054
1498
1680
4326
251
3376
1875
3128
1024
1945
2696
4208
4572
4088
2452
802
1129
4449
123
2958
1300
4523
1970
164
1297
540
3061
685
2027
3378
1828
256
2491
3580
1458
1173
3066
777
3003
1378
4529
2045
1587
408
937
679
2588
1686
4382
1478
409
2451
2994
3124
1454
964
2324
1656
1305
4460
1465
154
3080
1090
2965
1628
3548
1974
2633
3235
4189
2735
3783
3392
3055
993
3052
4369
3959
3592
1133
2897
1956
2435
3663
2983
537
546
2270
3094
3586
3072
4346
2243
4354
2008
3563
4433
3035
3367
4553
3120
2055
1933
842
4416
2240
2828
1023
391
2813
4257
2227
3228
4589
2241
1555
1165
2946
2794
3000
512
955
33
3865
2715
4076
2877
2204
2663
270
1215
2568
1890
640
4288
1428
1652
4583
3150
2900
1942
2582
2032
4243
2096
3428
827
4410
3917
3541
4143
3053
4268
4299
459
3134
3912
2626
1883
2459
3152
1594
462
2590
1044
3655
3614
1774
4408
461
3238
1744
3759
631
2475
3946
2354
1085
951
2098
1723
1622
3157
3851
4343
14
510
1939
3063
3057
845
1703
3064
2908
3011
336
2558
4292
2128
2101
3470
2583
420
4480
4383
861
3155
3139
392
331
3481
930
1869
3377
886
2003
1026
452
4418
2463
2192
2830
4551
4510
3076
4053
3506
1868
1233
411
4028
2103
3499
1481
3977
2586
354
645
1985
3457
3892
3607
2562
3529
1639
2737
1032
2970
4203
699
1046
2705
4068
673
3182
4052
3172
2784
3220
335
2114
4246
1941
1354
2279
3337
551
888
879
3847
2340
3544
410
2989
2915
3098
1282
2898
215
3983
1384
343
3205
1666
4221
3882
3877
1693
2
1571
1957
3327
2896
1285
3289
4247
2761
798
698
136
711
2464
2611
257
4476
2053
1600
3438
3905
505
125
3277
2088
1211
4129
2129
208
2022
3368
916
3161
2927
1448
782
3174
3948
3168
2492
4139
1375
3967
2119
3551
3043
3312
2551
129
2870
3604
4329
4259
3571
1971
3266
4373
4175
2287
1433
1491
2505
3996
79
3160
78
456
785
1950
643
216
2954
1849
2120
1692
3231
3306
3591
141
651
1585
2430
3550
3224
2694
4467
644
965
3513
617
3118
3901
4236
1403
2185
1203
658
131
2701
1665
470
3062
321
703
4403
3219
3888
4456
735
2206
4176
544
1627
1632
656
2931
660
320
745
4077
1675
1865
3230
1605
752
3045
1651
1634
1638
677
786
4237
1633
652
1891
2102
1976
2730
4482
860
2537
483
3919
58
639
675
2106
3143
1738
444
504
3331
3164
1331
147
4255
2276
2803
2804
443
442
775
2945
288
2926
175
3145
3154
694
3867
738
4465
2999
3020
3740
3441
2367
3106
3149
3140
2350
3435
3114
4158
2402
3056
4580
2597
3476
2203
1061
3546
3060
3269
1278
3263
558
1695
3274
1406
3248
3135
1804
760
2361
3866
3001
2409
2485
113
3545
4385
1926
4378
184
278
3285
4285
1140
2571
533
3524
356
3602
97
678
3226
3593
3714
3434
359
3675
146
99
2453
2457
799
693
686
683
649
2360
114
3245
2322
3281
3292
3345
3396
3557
209
284
1949
153
115
3246
1953
3568
3610
1726
1696
1682
1653
2295
3793
3802
1488
1476
1401
1365
3992
2099
2104
3498
3997
3008
2809
3132
3144
3208
3211
2750
3387
3389
2462
2450
2443
2304
2210
3496
3503
1284
1679
2876
553
4443
498
662
338
463
4536
467
316
706
668
4532
881
889
3913
2603
383
269
1209
224
4537
563
497
2873
2336
3311
496
1504
265
2875
1728
86
2632
2824
4434
2514
4219
3976
2612
518
1812
2330
3294
2798
1831
2461
130
1227
2138
387
994
482
4242
45
3608
2642
1265
2779
1316
2379
1355
1369
349
3473
3418
3414
1531
2791
2806
2131
2010
2752
3079
2578
1789
4404
4396
1617
1582
3346
1540
1757
4212
2208
913
865
557
880
2509
8
2482
756
4013
547
984
987
2529
4105
4111
4103
1514
1834
1662
1672
2523
2528
895
712
2912
3272
1040
1048
3745
3747
3731
3721
1029
1043
1063
1122
3718
1068
1143
1145
3715
3700
1095
3687
1102
3680
1114
1118
1064
1069
0
3754
3810
3808
3804
3390
1216
438
1759
1212
2166
2719
2720
2712
3762
2723
2159
2158
2724
2156
1208
2726
2162
2153
1001
818
4271
1561
996
2697
3553
823
4265
1570
2977
3082
998
2704
3262
4258
3559
999
1226
457
1009
1010
3595
3097
1913
1608
3518
1898
1188
2680
2679
1542
413
412
4272
4274
977
3771
406
405
4277
4278
402
2674
382
1526
4295
970
771
3957
1544
4290
4287
393
1535
3963
763
2673
3776
2937
980
2689
1711
2732
1925
1583
2112
3998
4220
3995
1148
4574
4577
4104
1629
923
739
2614
2198
4138
4137
4134
1472
3054
2606
4133
1469
2820
748
3051
2600
4351
311
310
309
3304
4353
306
305
2619
539
2622
304
4303
2909
3795
361
360
722
3988
357
2635
3067
353
4313
1876
2890
4548
4559
2739
3637
4019
2891
1149
1151
2595
1705
688
1161
3826
691
692
3827
2585
2584
294
1166
3828
2580
2579
1708
671
669
4022
4024
2647
911
2645
641
642
2141
2871
4042
4041
2872
908
907
906
3801
4035
904
2863
2817
585
584
581
580
577
576
575
574
571
568
589
565
562
1938
4106
4107
4112
1947
4120
4124
4126
2787
2786
4102
532
4084
595
1842
663
2862
2860
637
2857
2853
2851
2850
2849
2846
4083
2843
2841
2839
2838
2372
245
243
4405
1383
235
234
1380
1379
1556
3869
3870
1374
225
1372
3021
615
614
613
2527
2547
273
2546
2544
2543
1399
4389
792
2536
259
3857
2534
4394
3859
2531
3861
260
217
3328
212
181
180
178
177
4453
3194
3509
157
1311
4174
3344
3343
4457
165
166
2629
168
170
3520
4451
1321
1322
1823
1325
2060
1328
4166
2474
186
2064
188
1814
3113
4468
150
120
121
3189
2438
2255
2254
3117
128
1805
3421
4479
133
2065
134
2248
3468
2448
2829
1650
3009
3010
1333
1336
1338
526
524
192
519
197
198
203
204
1359
780
3844
2834
3843
149
144
1786
1264
3491
4504
107
110
4494
1797
704
1280
1289
1292
4475
4474
135
717
3908
4470
142
4062
3840
836
82
4518
4521
77
3381
1419
1551
71
374
67
372
3483
1427
3479
370
369
2267
4539
56
2268
53
3627
52
982
2383
3646
2548
2549
2690
1521
1520
2554
2091
2557
1255
2401
3638
2397
4183
2565
96
1017
2573
91
44
3399
2386
43
3412
31
1741
29
2273
2274
2281
1990
856
2316
3397
859
2309
2382
1992
2306
2313
2303
3833
3472
