612
5298
5302
3297
4725
968
4024
4394
5201
4420
3838
3191
4349
4346
4364
1889
4704
4397
3282
1771
4437
3324
4559
929
693
3194
645
3652
1774
513
2394
3148
3653
4343
1552
1299
1251
4341
1949
3527
1946
4558
4595
4259
456
3190
3905
3790
3567
4171
840
1333
3560
1307
3305
971
2344
3551
1957
3657
1545
5313
3559
4624
1290
2092
3149
4598
3891
3086
1039
4733
908
3352
4249
2066
4389
4903
4348
5017
3911
5284
4556
3822
3921
5141
3695
885
2608
4599
4613
3926
872
3906
4955
4102
3909
1950
4738
2088
4269
2437
2590
2091
509
3189
4342
526
5028
4709
517
1319
3973
1247
1331
1867
3195
4833
4234
3353
1504
1026
1240
553
4154
449
3561
2544
3696
3807
3843
4344
3798
3542
3679
3687
3923
4592
4658
3213
3203
2107
5105
3069
4271
1045
2297
833
918
2362
4602
4216
4396
3079
4403
4574
4703
3683
3686
1918
1914
4622
4625
4552
4537
4
3978
4276
1906
4976
1938
1298
713
3237
4605
4261
1313
3571
5211
591
4621
1291
1995
1490
1713
4247
4000
4750
893
1975
4262
3089
1159
4383
886
1472
982
2413
3945
4204
1939
2553
894
3722
604
1933
4435
3269
4443
1881
4589
5007
4525
2441
1283
4235
1482
954
4897
2414
5273
4426
5153
2238
4972
4238
1292
3927
3667
3196
4213
1439
3552
4046
4184
4030
1409
4414
3681
2415
4015
4382
974
3550
476
3710
547
2277
3080
637
1447
2331
1019
834
1869
4270
2345
1114
3916
2428
1744
3672
4391
3645
1328
1
3526
3785
1996
4946
4251
48
3823
4603
3646
2698
1225
4568
4570
4195
3546
3541
4043
2761
1187
1902
4173
1286
871
2856
1273
4528
3737
4381
4707
609
5011
2479
3728
1967
638
2319
1961
4560
4200
5014
3914
3736
839
3525
1353
1773
4887
4519
3572
3750
1188
1060
3472
5019
1413
3917
3159
1578
419
510
2308
2554
2342
1371
1665
5172
4883
1279
505
1452
2
4340
2916
3837
3360
2355
3955
3935
3697
1358
2228
3847
573
2410
1941
5050
3283
4132
3512
1288
1839
185
1120
4612
1412
3930
4615
4567
5097
4003
3222
4521
1743
2029
4357
2013
3524
3290
3849
3568
923
3928
3179
5311
938
5096
2656
844
4566
4277
4591
2483
4487
1131
3698
1362
3514
4140
2416
2936
3212
5043
1866
469
3685
3142
152
592
4214
1565
1534
4643
4178
750
1132
4628
860
1910
2036
4573
1231
2495
2589
3825
4218
1912
941
1886
5299
5255
3688
523
4250
2402
549
4283
4201
4356
2231
1138
3988
3739
4185
4408
2302
5074
4929
1366
4915
3704
4252
2471
4284
426
3236
2259
2293
3487
450
4168
4167
4050
714
4937
1750
4365
4425
1020
2323
4719
4926
4256
2265
5135
1127
3694
2468
4239
187
3535
2075
2108
1911
3573
672
1900
1955
1903
566
4445
2081
153
1976
3999
4633
961
1974
663
1923
4540
1966
829
1556
4647
4555
1383
4876
1863
1275
4008
4912
3224
911
4803
5075
944
1381
3276
922
4561
1028
4536
3720
3913
1175
2049
3654
1904
464
4642
4483
2513
3505
5263
4909
4160
4935
3715
3971
2448
3504
4027
1834
1546
2336
4006
3625
3931
3964
318
4038
1561
2278
564
1417
448
2225
2605
1267
1644
1430
3991
4845
5018
1276
3712
3658
2398
3177
4044
437
4477
4108
3622
3306
4131
4019
3250
4029
2073
2649
3929
870
3555
1024
1241
548
3548
3765
3782
3848
4275
570
895
4786
912
926
3839
3503
4572
3668
2054
5118
4289
4712
2012
2496
4179
4237
4905
154
2223
1023
884
4233
5272
896
4244
3385
879
1224
3850
2098
199
646
3885
4428
4449
4182
836
4355
2632
2850
4718
528
955
2273
3674
1845
3969
1491
3221
3727
3277
2449
4057
4904
3192
4100
1191
2919
3334
3483
462
3204
1259
2358
1029
4393
4879
2542
1753
1932
4121
3706
1526
3703
2232
1378
3088
3910
3258
1347
4021
1064
4902
3333
2268
2348
3947
4220
2917
3746
4452
1320
3235
3223
2536
1376
1382
2298
3707
2129
4331
4587
2241
4584
1947
4988
5296
2134
1991
4575
1931
1082
5006
4551
925
1825
1154
546
4646
1815
1073
2438
656
5198
1416
495
4198
577
5208
4696
2235
4777
4434
1812
3767
4740
4267
4311
4940
4166
5281
2267
3286
830
701
1921
1116
2378
4458
4544
1984
1951
4611
4041
1057
5010
3081
2339
4700
1772
2457
1146
5217
2258
2289
859
3987
2387
2501
3721
2222
4969
2405
2334
2224
5064
897
1169
522
3873
2194
3924
4884
1287
2133
2349
1289
3980
480
1536
4169
2325
4159
4741
1192
2518
917
2290
4402
945
3106
3791
1645
288
1040
3225
2638
71
2769
3390
3207
2997
1703
1580
421
3643
25
2740
308
4852
3381
796
2035
2556
2741
4509
1609
258
685
2042
3395
333
3640
4386
405
368
4971
190
1237
1271
3328
3035
3208
203
4779
4880
3424
4686
4823
2799
92
1566
3863
789
3897
2767
100
3518
3041
3139
3147
1870
2852
687
4620
2060
4246
3845
690
4272
3187
5193
1525
2011
1985
1917
3484
5286
3940
447
3496
4026
4023
1230
1438
3296
1049
4724
1857
519
4693
841
4596
3473
1998
209
3956
516
3188
4526
275
521
3476
1811
1293
3593
539
4010
2071
2482
3729
1456
3082
4535
2834
259
3438
1655
725
2844
997
1856
3062
3768
586
2140
1255
4376
2950
3876
2731
2717
4989
269
3834
163
2770
4815
2746
1725
3329
5305
3375
2136
2711
2887
556
4987
3771
5179
362
4058
2748
555
1851
175
218
2754
2956
2749
1374
4456
2737
3048
3063
2756
2677
3420
3388
2149
2687
2045
759
2109
99
381
237
4861
3441
458
2689
3446
2760
3871
310
3391
2986
196
5295
1833
1852
2200
3406
353
403
397
427
4795
265
1838
4784
5293
1357
19
147
3413
3436
3456
3437
1572
765
4125
375
102
367
1584
2800
431
5157
2411
3919
4799
2311
2312
3972
959
2272
972
5147
3690
2314
5047
1830
4202
1119
4590
3800
565
910
3649
463
4830
5015
1069
3608
1778
2610
4210
1928
3576
4263
1334
4886
3680
5032
1200
3841
143
2392
1056
608
1587
1124
1079
460
1367
1544
4891
1206
4436
4181
4512
3117
4806
4491
457
312
783
3183
1012
1420
2668
4409
281
3412
1194
2120
2780
2186
2490
4959
1401
3422
4326
3004
1876
3372
1854
2952
3220
2802
2854
473
41
1261
4463
1183
2889
2885
740
3315
4479
1166
776
2673
2828
295
784
2905
2187
2801
1235
34
9
3228
2059
1684
37
5250
1220
161
1004
370
2498
3408
2199
139
5213
386
1724
1828
2901
1318
40
4697
129
5254
2870
2890
1583
4760
5279
1875
4645
649
754
3369
270
1595
1167
1827
72
1008
980
4639
1091
3407
2941
3440
5230
3598
1003
2819
2104
3954
1005
3895
3198
4634
2757
3813
5207
3831
1848
1500
2755
2765
2773
3113
2929
804
5169
1437
1803
2620
1824
2169
228
1616
1612
1600
3833
1589
2007
2846
2857
2820
1805
536
752
746
767
4533
1446
2716
2705
4064
4141
5285
2631
4359
1209
2125
3343
2822
569
753
2048
2864
1802
644
240
4868
137
1888
2762
3421
4755
1704
2294
343
1243
786
68
4465
5297
1792
410
262
3347
806
338
2732
4982
140
4766
481
3883
399
624
1433
3124
134
2381
1909
1002
1915
4792
1894
2985
4310
3094
995
1593
4194
3160
97
828
3032
53
4333
2587
1174
3439
3386
2999
4716
4764
365
5181
4789
3389
1761
346
3116
3083
2585
3434
2409
1034
4813
2164
344
3888
2795
772
766
2690
2835
2702
2704
3633
3881
4728
470
3330
2595
3009
3321
2064
5231
1329
688
1978
486
119
3366
4352
172
1096
4504
388
2212
46
2873
4500
1431
352
4228
1503
245
2419
5253
2242
4804
2168
4667
3320
1441
1564
1207
2473
5159
3451
2282
1306
3577
3859
3092
531
412
2594
3754
2196
2860
1972
1264
4790
2877
2874
1470
2137
558
4754
2782
415
554
1481
2829
1847
1662
180
3210
3361
207
260
1248
4944
433
3531
108
5277
253
4550
5312
1956
2607
826
1186
3993
4546
2805
3284
4542
4432
1258
3354
3485
5115
2531
4107
4300
824
3829
3920
5266
4313
3280
4209
1463
3260
3759
3193
1078
1295
1326
5245
2973
1469
2264
1369
4892
933
1407
881
1478
4094
2020
1340
4980
1455
1940
4079
3008
4548
242
335
698
3796
204
272
2883
498
1487
1679
195
2214
2867
3005
950
2798
4564
2906
191
2899
3613
5051
4563
855
661
2902
2797
1090
73
198
1649
334
465
2745
54
5107
3097
4448
47
1836
2718
1784
3199
1474
1681
958
5282
411
3443
208
256
3459
232
2891
4222
247
435
2907
4106
55
3637
956
3122
2505
3025
506
2909
392
144
4838
3365
106
1769
5220
78
727
2477
3882
4690
2630
2965
3279
5226
2849
1489
2880
1785
4501
815
4370
4113
1520
0
771
2031
2193
4047
883
3426
60
128
2928
5076
3780
1516
679
4973
3392
1554
794
77
329
294
4965
2581
340
1250
778
3012
3262
3594
1738
2502
3158
2699
1321
188
3781
4421
597
23
2779
1473
1249
4071
1221
2812
3253
3430
1511
2724
1813
2979
2730
3384
1819
384
3387
380
2838
374
2124
2793
3432
3431
3429
124
792
1011
2300
2386
2555
2670
735
2039
736
2671
4827
2547
3844
2817
360
3855
4826
601
2661
603
373
4821
4820
684
2615
4773
2251
4772
2565
3835
2676
2154
3013
2862
2135
2865
1661
6
4844
1660
1659
4860
3024
3030
2043
5306
3031
2141
2148
27
756
1643
3134
264
261
2286
4390
216
3256
4413
2667
1335
3626
2751
1804
3042
1483
4649
5219
5265
812
1182
4746
4756
4762
4694
3815
1492
4205
146
1098
3414
1532
3444
5061
395
2474
2159
1184
4065
3540
1549
854
2548
252
1757
4451
4842
2560
2886
2395
224
4377
737
1576
1777
404
3107
1309
2764
535
2983
305
364
2454
377
572
356
2896
560
2010
3095
4485
173
3944
2923
525
3886
2994
1780
382
957
3058
4119
1575
2018
2211
3896
5031
1109
387
3744
2642
282
3465
3468
631
416
1077
1009
2743
1171
467
5259
5223
3151
393
700
3093
5236
189
3111
1368
327
1010
5199
31
181
813
12
2003
4735
5187
1971
3868
2988
2739
219
2461
459
511
162
4411
2995
4150
293
11
3941
2138
986
2682
785
2103
1751
5283
1517
357
2105
4839
1723
4713
1337
4787
3862
2318
43
2033
1108
4675
667
1733
4835
241
2863
2893
1444
1700
363
2898
182
5249
4771
221
2145
2664
742
1850
3167
3317
1142
4836
1180
856
671
2484
2283
1925
4685
991
2897
3348
424
3052
5203
268
2675
3892
3809
348
3761
2185
1502
1960
1688
1055
4306
867
2142
2139
2783
1342
1497
965
3865
2635
2162
2157
250
2884
20
205
3156
5070
1776
1197
51
876
2155
3937
1611
1140
5138
2051
3967
4176
1097
1806
2317
827
5267
396
1746
1787
1084
1800
5216
4921
5057
733
1099
4631
201
2911
892
5164
1518
2978
231
1710
13
3326
2246
1697
4292
351
493
26
2153
2876
4849
4635
3719
2871
3241
3762
4301
5274
3975
1324
2076
2009
179
3452
4082
1468
2574
683
280
168
3021
2422
3449
192
299
1198
5041
4227
2128
263
4401
623
3128
4075
212
5184
2329
3976
4103
1147
2130
664
3170
816
4656
2969
1766
371
1123
1607
3788
3489
4671
2365
3098
4801
4148
647
2015
4129
1168
2924
21
3803
4362
407
1031
2541
171
2552
4104
2628
2963
1158
4818
2968
314
3603
739
1559
2666
4791
1373
1678
4917
80
3604
1196
1476
3299
233
2508
2582
1585
3010
4111
313
4796
2989
993
1048
1377
2786
1425
2967
3380
235
1496
3861
3049
2695
1898
4492
5244
3022
2030
16
3453
409
4077
2393
940
3123
331
4583
479
3402
633
977
488
862
1222
3110
4822
5065
197
230
3108
5099
1211
675
2953
1788
4457
3162
3218
4579
5029
5003
2229
5260
61
2807
3773
3166
2347
49
717
2052
1479
799
2722
4582
3323
4304
1542
2808
243
686
838
4981
732
3442
354
2572
4680
831
1762
5271
3292
4429
4375
2982
2539
5185
2597
3349
58
4281
4060
2563
1143
1486
2725
3427
4191
4517
4954
3254
3126
3331
2624
5190
366
4241
414
4781
4424
5218
2023
2938
1624
1817
3585
730
3230
1529
378
1749
4674
1981
2102
676
5278
3416
1715
798
56
2158
5188
5197
3382
1494
2217
2788
428
3119
4663
2827
400
4014
2806
1895
434
2763
4105
193
4753
4994
1999
3206
2191
2636
1129
2375
3265
492
5088
1618
3263
1317
4118
1370
3240
4128
5196
651
5200
468
1133
4875
3267
91
4977
3003
494
3339
88
2588
217
2619
2195
1948
4142
2612
2626
1265
2444
3448
4510
2488
2533
2993
2404
1764
3804
69
2804
1501
1699
1837
866
2942
5034
1435
1515
655
3055
484
1465
1239
1130
585
989
2987
4172
4353
3517
5155
634
2562
4122
4153
5054
504
167
4146
2458
2423
2609
507
627
5269
1930
2710
669
5233
998
4768
4206
3061
30
390
4660
990
1480
3154
4498
2925
1330
2147
2022
5310
4255
4369
2843
1145
3469
734
2561
3309
4759
2591
5067
5246
2046
2440
4036
2382
4155
2559
5062
4439
4664
2034
1442
3129
52
2096
3293
3949
587
309
336
2079
2198
3146
1779
2374
4092
907
2888
5008
2481
4232
3634
1569
496
1728
728
3066
145
2712
3662
682
1349
3270
1113
1980
3141
4502
436
4745
4427
3860
3307
4097
3019
298
2201
2652
3016
3995
2571
101
2570
2601
4087
1676
2821
3574
710
2830
4763
406
4193
4734
1790
277
4162
2008
2976
716
4363
345
3756
1926
74
4943
1696
2926
499
780
1877
2537
2174
2778
1360
2167
2499
4368
5175
4069
2713
3806
3371
62
3587
1274
2442
2532
2584
1219
4549
2340
2551
279
7
3252
1799
1505
987
5194
3864
2629
157
347
4417
4461
743
4360
451
35
5087
3027
3181
931
3812
2991
1365
795
3264
5202
3120
2455
271
1475
4440
206
532
1632
4130
3304
1399
304
4123
5009
1522
4074
4295
803
962
1672
1573
3186
2097
2734
3904
376
1731
3104
278
155
1423
3007
3216
322
508
133
1711
4482
227
4073
1386
2041
4109
537
534
4254
22
1449
4013
4086
1457
596
5079
611
1964
4730
1630
3624
3396
3989
808
385
3378
4161
1398
5162
2733
4505
1126
4947
4843
660
3763
4190
2586
1199
4682
2469
640
1829
5171
3757
545
4761
2598
1325
2644
1979
4231
805
1488
215
680
764
4242
223
3231
630
2954
50
1716
2611
3877
266
5222
1232
79
3011
5275
2810
2640
2921
2918
5020
639
1687
1246
529
3164
2021
4028
358
1682
3481
1323
715
3491
4814
3731
1445
512
681
1350
3397
1683
2930
3246
729
2577
3075
642
485
3133
3209
3575
3867
3470
5288
4117
2955
1372
3373
158
70
3435
1391
156
2931
246
2288
1734
3288
2583
4484
983
616
2549
2080
4005
4666
1796
1720
2958
1297
4012
2543
1493
2708
1622
2087
629
5038
2287
4133
4137
3132
220
1213
110
3457
1343
276
2980
3797
668
2932
2014
372
1346
3294
159
3495
4689
793
3623
323
3303
2569
444
1395
620
3127
1361
1394
650
540
1768
2809
2736
3243
85
4124
2082
1238
2388
3114
14
4138
3513
4072
3370
4782
1345
3958
801
4468
3760
289
487
2839
326
1388
107
524
1354
503
5247
283
443
1826
3130
3002
1832
1651
568
2095
1809
538
533
2912
2634
674
3109
1256
1686
1670
3351
4219
3205
4778
1193
3830
4144
4143
825
1461
2146
2443
2576
1460
1650
5206
863
63
4076
625
3970
234
1122
5243
2209
4175
1393
1783
1379
3261
2984
1387
316
600
543
1348
1336
5212
864
1223
4848
1389
5257
5258
445
2131
176
3313
1820
4462
648
3217
1303
3202
4049
4415
5228
689
4055
515
2960
5234
3340
2602
4506
3319
3979
576
2234
5210
1135
1436
811
2557
4136
3271
913
1296
1397
3404
1301
4078
5224
673
588
4442
1403
321
1344
1390
2166
4084
580
5256
1229
4651
662
584
3157
652
3273
1451
654
659
5237
3268
1136
1533
337
653
4230
142
3067
2596
702
5248
1748
4203
1392
819
5091
1727
1356
1756
1364
4366
2156
2688
2910
4316
2621
1226
1484
3143
542
1308
3245
518
4324
3219
583
3312
5204
3943
4466
691
446
3994
1375
1531
3281
1512
3215
541
1384
1791
3150
3816
2939
502
3853
4223
402
115
3214
3173
3248
1351
4004
287
3400
3409
697
1176
2990
3751
2121
1528
3137
4018
1332
2940
491
2616
3295
2974
3984
3300
3289
4009
5262
2728
3211
4116
5308
5261
5276
5264
3287
2613
3983
5280
3996
3274
3291
3138
2593
3136
4164
3145
3990
164
2937
4149
4001
202
3957
3997
527
2614
1294
4033
501
3272
5268
3125
1205
2913
3974
641
2540
2813
4177
3078
2892
2600
3310
3311
3298
3140
3285
4152
3308
4147
3939
3952
3278
658
3992
5270
4020
3301
3259
1810
657
3175
4017
3064
4095
3169
5167
4035
5235
3163
3981
359
3966
3982
1380
610
4016
1355
3257
3000
3772
2934
694
214
3938
5227
4011
178
1807
3302
2971
3144
2920
3936
3153
4031
3073
4034
4032
3934
4002
3077
3932
4022
3074
4392
3933
5232
2654
3322
1454
3968
1717
5174
3101
2207
4496
3076
3065
3985
4054
4089
4096
741
3068
3247
4007
4480
582
2791
3053
2578
4025
5191
2653
4347
4721
2065
5205
3998
581
2637
4433
1551
567
2024
2943
2573
3325
4939
4859
2641
2774
4405
3467
1310
4993
2493
1427
4093
4127
4412
1429
2935
2421
5063
3344
4543
3034
3854
5287
1007
3244
4609
1432
3826
3475
5241
3172
1506
2951
3171
4743
3962
575
1466
5012
5066
5165
3764
602
1440
1775
3617
2648
3418
4294
194
4384
8
3590
614
2643
2959
477
66
3341
3234
1315
5036
3570
3466
4530
3118
3836
677
1471
665
4688
3232
5001
1339
3368
5092
1871
5209
5303
1277
5113
1149
3255
3001
4385
3511
4676
4776
3583
2399
5304
423
857
3112
4925
1795
483
4870
2160
290
4910
5084
4455
595
1125
109
858
1001
1405
4898
65
5229
3006
150
861
2521
2650
3795
2016
5192
4302
4687
1112
3580
964
963
177
1721
2333
4668
3539
3249
1510
5252
4486
3553
3602
2514
4296
4157
593
4717
1450
3639
5037
2418
975
3521
1338
2646
4112
1148
452
2709
3621
307
5042
1823
4315
1513
170
1101
4841
3607
4532
2706
211
4061
3632
4418
2132
2511
988
3778
4531
4337
4045
2558
4672
1908
4293
1942
3619
3018
4581
84
2519
3482
5058
852
2100
2520
2452
2515
2647
1530
4070
5026
2354
1164
4454
4399
5035
1272
1675
4042
2651
2826
3563
453
4695
4914
3951
1637
4744
3338
3084
2072
3471
4829
3597
5109
1027
3020
4321
2044
296
2534
4983
2694
1458
1763
3037
2492
2206
4837
4380
474
3611
2040
3734
3510
5182
3894
1527
3520
3718
3723
4834
4279
1269
2550
4720
2447
4290
3908
942
475
1760
2803
3589
1884
2465
2427
3197
2176
3738
4678
3901
4217
3948
3961
4714
4702
2350
868
2050
2178
4727
2180
551
2183
5166
978
3026
4758
2341
1714
317
3745
960
3716
4684
3650
3358
1477
4679
1139
3898
2568
2453
1092
3562
4545
454
3965
3099
5110
2948
5103
3040
1103
2655
2535
1801
613
330
5145
2179
4091
4828
4997
2189
3776
2184
4692
865
482
1509
3588
3014
3616
2038
4840
4197
1498
3033
3799
291
628
4942
1406
1414
2173
999
3545
5163
4808
3612
4677
5128
3592
905
408
3522
5186
3717
1755
2470
4648
1089
4661
2019
2151
2055
17
4732
891
1151
3523
3045
2143
4037
3519
4807
1327
2161
3039
1782
2028
3251
5156
3474
3102
948
4571
292
1712
3758
4775
3741
4770
4640
3493
1172
924
3946
2170
4565
4278
1363
4287
2175
851
389
2026
3497
1896
5101
594
899
3644
1047
5170
3359
1567
5021
5052
1102
606
3537
3659
5013
4992
2144
2945
875
869
3528
952
914
3070
4793
1202
4212
1858
3591
2118
1144
930
2627
3578
4557
915
936
932
4769
946
874
2114
5005
2106
3447
845
992
169
4597
2077
877
3554
4248
2451
4090
898
563
297
1088
5161
5086
1887
5090
2715
1729
2462
3631
1072
1359
1990
5124
3543
3609
3586
1083
2067
1893
2445
2123
3176
906
2032
937
3538
981
2084
2069
1189
2500
1185
3890
2057
3805
4742
4669
1897
3596
2027
3606
873
3556
3595
4163
132
2768
5027
429
2524
1677
2426
3492
3233
928
3477
1118
562
2489
1217
2771
4576
949
2197
890
843
3599
904
439
919
927
1201
574
973
920
2431
943
889
903
4516
3516
3558
3601
4726
561
4099
4751
3614
1218
394
1203
4529
3856
3879
3536
4657
1087
1195
947
953
878
210
3610
4701
1789
3821
5106
934
3820
4404
4098
2101
2525
3842
1094
4749
3
966
472
4673
3507
4711
4683
4708
3530
3627
4515
3529
1885
1141
2085
4767
3044
1117
2068
3664
5114
853
2002
1014
4731
4691
1181
2056
2944
3579
3581
3569
2093
4655
3884
1170
3874
4757
3054
1236
3766
1859
2181
880
935
2529
2122
3713
3840
4378
4626
967
438
5046
2070
3857
1212
1208
3647
4654
921
916
3663
3819
1257
3669
3824
909
3900
3732
846
3880
5117
3584
1252
1732
1404
3818
4662
1410
3828
901
1128
1000
3506
1860
1216
5142
4334
3912
4610
3915
4211
4593
5158
1066
1160
1080
1464
10
5151
1524
4948
4893
3730
1067
3494
3565
3866
3666
1100
4650
850
440
3566
3515
3893
1071
4706
3180
3615
605
5178
1018
3636
1741
2182
5149
4527
5077
2450
1153
5291
1745
1137
994
1989
902
2434
1448
979
3544
4174
4329
4081
2487
4936
1260
1770
5000
1737
550
2412
3357
1523
2510
5143
2310
93
4314
3907
2466
5122
3648
1591
985
1041
1075
1284
3753
3499
969
5016
1668
2503
2226
1032
4927
1270
5307
1037
5160
4387
2299
888
303
1411
939
703
2433
3498
5104
1954
696
5123
1053
1519
1043
2472
1086
1244
4932
1115
3705
4729
5025
1017
5030
5119
2429
4243
2947
976
1920
1074
1107
1104
3564
1059
1062
1038
887
4388
1052
3630
1076
4165
490
1036
3651
1093
1280
455
5060
1021
1278
5111
1285
1282
3899
1952
1253
3878
1035
842
3755
2776
5290
2512
984
300
1022
2657
2227
3665
1063
3534
3735
1030
5309
3922
2467
5137
3700
618
1042
2359
1266
3533
1044
441
5154
1485
1281
3342
302
3689
1228
1054
2363
1051
3684
1068
1070
4600
1058
4170
1015
5176
3925
1673
1314
3655
3676
5314
2476
4431
3582
3733
5136
4039
3547
5053
5126
5082
2526
3977
2408
2435
2475
1046
2480
4562
4586
5144
4594
3178
4048
2527
619
2491
4040
5180
3549
1061
116
4585
3711
847
848
3743
442
3656
4871
1033
2509
64
4345
4607
5140
2460
3464
5183
5131
2494
3673
3677
1025
3671
1111
3801
5120
814
3661
2390
3749
3628
5081
5177
5152
3675
3500
2233
5083
1016
2507
2522
1754
3777
3356
1050
5129
1722
626
3724
3071
5127
3660
5150
3678
3960
3708
3699
4398
1736
5146
5130
5133
2459
3691
3072
4395
4430
4444
4226
2485
2659
4419
4407
4873
3740
5132
5139
2417
4438
3335
4968
5148
2516
4882
5004
5168
3087
5100
2463
4608
4580
5116
1312
3670
3682
4547
3918
2486
2714
5108
5094
4406
5095
5072
3618
3726
5121
3532
849
2401
5093
4617
4623
2425
2639
821
4151
2360
3752
5049
4985
3714
3702
5069
3742
4941
1586
1081
3085
719
1614
1740
4900
3725
5056
3502
2369
4877
2254
1929
2406
3693
4963
1419
2230
3709
4423
5024
4918
3337
2407
3747
3692
4601
4618
3748
3827
3501
3701
3793
3794
2260
4638
2353
2250
3817
807
4062
2356
5002
2707
4922
4986
2337
1959
1535
3802
2327
4999
1590
724
2389
4208
4908
2366
1610
2391
2351
1739
4975
4945
720
4978
4354
4052
1577
4215
1415
1539
4895
5134
3478
797
1163
5251
3480
5238
5089
4199
4995
718
5045
802
809
723
721
817
722
2430
4253
2372
2420
4063
4919
822
3792
5033
1408
4266
4984
2236
4478
1582
2357
4924
5068
4998
1562
4056
2304
4888
3355
4896
5059
4291
2220
5022
4923
2504
2370
4881
2285
835
4189
4319
4224
4962
1421
2324
4964
2367
4350
2332
2338
2321
4991
2384
2221
2403
2432
4967
4053
4885
4083
1424
5023
2376
1434
2307
1685
2396
4907
5048
4901
823
1579
5085
2377
3486
4970
2305
1599
2270
1633
2320
2383
5044
4894
4229
2400
2361
1625
5040
832
4297
2368
2292
1735
2240
4874
2316
2439
2279
413
4188
2296
5073
3479
2303
2343
4282
2252
2380
2315
2371
2248
2373
4257
2719
1541
350
2266
1548
4956
4974
4913
2309
2322
2269
2328
3028
1606
1816
2301
1635
1653
4930
4274
2424
2352
1613
1646
4952
1642
1602
1752
1540
2818
1626
818
4288
2506
4990
4878
1594
2271
2330
4890
1627
695
2284
4996
1663
2276
4303
2243
1652
2249
2306
2313
2658
4192
2239
1543
4960
1742
1538
2326
4920
2291
4225
2263
5080
1537
1557
4889
4273
5055
2245
4183
704
2295
4285
1571
2280
1553
1640
2446
4260
1570
1634
4335
1418
1560
2247
4928
1615
1641
2274
4186
1758
5
4899
1422
2257
2456
2281
1547
4953
1555
2262
837
4307
4180
1636
2261
2237
2244
4327
1603
4916
4187
4298
2256
4309
4330
4312
4264
4268
4240
1620
1861
2397
1924
4322
4938
4258
1905
4518
3787
3810
1916
1907
4699
4196
1944
1178
4305
4616
2086
4308
4336
3363
3364
4236
1658
4221
4325
4245
4328
4280
4265
1747
4207
3362
4299
1654
1880
1890
1179
3783
1157
1878
1879
1919
3789
4541
4619
1210
3784
4520
4539
1882
1899
1156
3786
1943
3808
1177
1190
4538
1161
1162
2063
1965
1155
1883
1868
4524
1968
1953
2053
4722
1173
1983
1892
1969
2083
3811
1982
4737
2000
2001
1864
4705
4723
1992
1970
4627
2062
4553
2099
2061
2090
1977
4629
1891
4747
1862
4523
4748
4604
1986
1936
4710
1963
4630
2004
1937
4522
1945
1973
1865
4641
1927
4698
1997
1922
1958
4652
2005
4632
4578
1994
1962
1901
1913
1988
1987
4606
1935
4577
4588
4569
