5091
3754
3147
4122
3060
3843
3157
4336
1489
5105
4097
3084
967
3774
2239
1401
4764
1265
4759
5120
3569
4403
3162
2095
911
3780
3519
3085
4079
2263
1352
4726
3423
5108
3836
5116
3781
4041
3806
4422
3753
4358
3094
5063
1000
1688
3345
3322
5072
778
2552
4778
1177
2004
3460
4139
2297
4909
3518
966
3058
4528
4749
1258
2727
3895
3687
1200
1195
1803
3763
4037
5043
3542
669
3161
1332
3730
4736
4197
667
3777
1271
4382
3474
4567
3068
5100
2255
3043
5129
4481
3059
4038
3560
1213
4193
3251
5131
36
113
3077
553
4231
3716
4418
4030
2641
861
1288
2298
3321
3844
1908
4195
905
2198
5097
3349
1629
5114
4415
2411
4844
4198
1246
2193
2307
1016
783
567
574
3523
4983
889
422
2366
4813
4788
3567
4703
1217
4384
4728
4404
582
3530
4817
2241
4867
4199
3532
5039
4389
4405
34
3070
1861
2265
1491
3918
291
3222
3196
970
4056
1536
600
4701
3169
3141
1241
3411
654
4727
2121
3812
2763
1588
4408
3462
4412
1551
4838
2107
2269
2469
4976
4026
2296
3481
3513
2457
1272
1451
1869
1898
5124
849
3591
590
2780
3461
1883
5008
3575
2415
962
4977
1264
2246
2427
3543
1301
1239
3199
3063
32
4883
2777
1186
4140
1199
1358
1215
4815
4029
1257
3352
5064
2320
538
3515
4773
805
3834
5017
2106
563
973
3073
1197
3197
2264
907
2432
3313
4401
2440
4608
3382
4480
893
625
1159
4832
2128
2124
4413
201
4064
3170
4870
4783
1160
4134
2964
4622
4556
3791
2858
3646
3808
4179
3042
4807
454
5044
2691
4144
2130
4799
4244
2295
1858
3069
2210
879
904
1261
919
3198
3807
4792
3434
914
1584
2260
3821
5073
2380
4784
3686
156
3771
4919
2422
514
4086
436
817
3229
528
2706
1004
4929
4396
4380
1003
115
1284
4898
877
4305
3596
2796
3200
4152
648
2966
4532
1761
3838
1192
3111
4933
1801
4071
1464
831
3126
3383
797
3086
646
3446
1963
4450
3099
1386
1685
1796
418
961
4069
4825
4768
2671
2286
2294
2161
4837
4138
1539
1826
586
3139
4849
3129
570
1334
5085
4261
3847
4468
2449
3497
2438
4785
4568
560
3761
4881
4836
1278
4059
771
1204
4489
4897
518
445
4710
4467
3840
4204
3378
2860
350
4959
1632
2275
3083
2105
3695
3049
647
3964
3880
1969
564
4628
3669
3568
2101
2399
3590
3792
4272
1560
3517
5081
1809
781
1007
3389
1769
2965
4791
1001
4055
1130
2022
4709
4094
3541
4737
2630
451
4913
4458
2274
3536
4720
4477
2031
4196
986
3748
4042
1453
2527
2028
2720
1315
1986
2312
1102
4562
2487
4600
4102
491
4803
4288
4715
4252
3729
1274
2122
4090
4775
2125
1188
3050
2308
2368
4731
2068
4748
1384
3882
2387
4092
3093
2166
1017
1643
361
995
2466
2739
3920
284
2064
580
3171
2060
3489
1240
2353
3948
1196
532
1540
2483
2882
3173
4868
4717
4421
3096
4362
992
1760
2017
2984
1036
1138
4831
1837
4888
4258
1864
2094
1214
2499
2545
1607
1818
20
1165
4021
2236
1806
4544
1955
5130
351
733
4074
997
3773
3769
4239
1805
3119
3742
4131
4476
4504
1266
4882
2273
1293
66
3233
3899
4417
3439
4557
549
851
1063
826
416
495
1250
289
2555
1238
446
3612
469
1558
346
2902
689
229
1978
3299
2810
1410
1230
493
1122
236
1624
807
343
2685
129
3292
2731
489
785
2100
2805
3900
1399
3410
4220
4841
521
2656
1287
176
3008
3644
177
1072
1528
4790
3823
2773
4578
4968
4908
171
3830
4711
652
3582
4317
981
4780
2271
3520
927
530
3252
4542
4400
1361
2318
3594
4120
2151
3051
959
1333
4209
3463
3586
1397
2692
2792
3204
3571
4958
3799
2034
587
1480
2878
3071
4899
5035
435
3061
3640
3337
1181
1424
2809
5003
4647
4953
340
3318
4597
294
2927
1496
441
458
4008
2769
243
311
4354
3588
3752
1418
3618
103
1123
333
220
2649
3298
363
2639
1254
2462
2564
1706
4805
596
3718
4355
3295
2881
1909
438
1150
2582
212
202
1184
2930
838
323
4649
4007
1144
697
360
828
1747
2597
843
3601
250
432
2655
5080
1061
749
74
335
4018
235
466
354
2626
1756
1139
2891
1068
1067
1501
355
1743
510
1056
1824
2075
2914
4003
465
1959
4993
2908
636
2911
1411
629
2841
850
1256
863
368
613
3090
964
680
1719
237
487
307
568
3917
3980
1828
508
1581
3284
4515
2624
1206
468
214
1203
25
139
3185
3080
725
1005
338
1347
4923
68
2683
659
4862
22
747
3030
283
3293
2836
4618
2519
2533
132
3997
65
148
2774
3288
4350
377
742
1622
3289
3020
2082
3188
3245
4637
251
3675
84
300
1731
3009
3228
2900
4167
1073
2928
2737
244
852
199
3734
2672
597
637
2160
3557
2752
2502
2684
282
548
3750
706
1328
3359
1612
703
665
336
559
3898
1175
3928
633
3862
4928
2396
498
347
1077
878
5037
2658
1082
1740
3709
3666
2251
3849
320
4392
4399
3113
54
3953
3054
2460
4287
3663
3453
2266
1285
3702
3371
3075
3372
1601
4527
1473
1348
4713
2126
3682
2309
3713
4697
1790
1764
1659
1875
854
3399
1011
594
1975
960
1866
4128
2405
2245
4503
4486
955
1661
2667
97
4303
4260
1637
2112
2924
5018
3248
1048
3628
2654
3361
1648
3630
470
4294
1593
685
3291
55
2991
1140
2640
2110
2089
4269
4369
2652
496
4347
1431
3074
1928
3023
2071
464
2206
557
2088
222
3450
3297
762
3620
4525
339
4370
2629
619
2974
1283
1224
846
3401
482
2862
1062
1724
3939
4658
3102
2959
1080
2590
4216
908
2670
3810
3243
1201
1485
4772
4634
4922
1615
3604
3235
2701
2355
3820
1829
2829
28
3992
1279
2648
4781
2584
1874
1425
3078
5057
2678
7
4005
3263
731
745
1289
1290
3357
4290
4905
4517
1626
4705
1774
1281
1417
1592
2901
53
3506
3013
462
1164
3550
4312
1231
1156
4796
971
1030
2801
857
4924
2877
4487
3961
2894
2886
5068
3853
2115
2766
3116
372
1129
4236
164
374
1065
2038
2912
606
3314
2636
1683
353
317
2846
1779
1991
348
3656
1738
2831
1085
4794
2637
2650
4093
760
492
2581
4499
1669
2874
391
1619
2764
3261
1136
1099
2893
114
3319
4564
2758
4598
520
476
81
4482
4426
4716
789
2700
160
1115
424
2413
337
1292
4010
819
5101
1932
383
3266
3556
3038
1227
4435
4443
891
3285
5019
3012
3242
1414
3483
2615
2681
2695
2842
3965
1021
277
1633
644
321
4052
2444
1087
3104
302
1143
1603
1595
1308
3653
328
4558
87
2838
1229
3290
2799
2832
2481
4429
3904
4991
4653
3046
1582
2424
255
1252
887
484
3546
3565
3583
4997
998
628
4625
624
4460
2365
4599
1051
2023
1792
197
547
1522
426
185
246
4100
814
2578
3778
166
3246
26
150
3993
1822
17
2879
3869
18
3353
3363
1670
4902
512
80
4990
2182
2875
15
3801
4226
3330
1646
109
3824
162
3932
3343
3344
3137
918
3990
1901
4475
4068
3097
541
3177
533
75
5071
1811
72
4129
3480
2168
3525
2995
1092
3473
1364
112
1830
285
247
982
3347
1600
1879
3827
3905
4372
2146
883
142
1664
187
782
2118
941
5031
3095
3740
4718
3915
3699
591
396
400
3308
163
847
399
3167
4151
8
3089
3273
4848
3272
3672
4371
3988
1799
2852
2854
248
224
3159
376
3120
1897
4324
1269
2751
2669
40
497
256
876
3973
4266
1655
200
211
578
2802
179
3987
239
972
800
2475
3327
2958
4174
1084
145
2759
3310
2480
4339
1300
2761
2747
579
788
158
3079
2513
2703
357
1268
4735
1097
1708
395
2369
2957
3333
2822
3837
3469
4935
5107
1996
153
2933
2072
3216
3910
3505
3448
4574
1678
1823
1294
2517
1132
4543
2827
1228
3751
4310
1248
1884
3508
3190
4615
389
3984
4212
524
3978
803
5084
2849
3845
4170
1967
3858
1318
1222
1079
2791
5067
2357
641
2446
1413
1299
2511
3105
110
1954
4511
4680
1985
3305
3607
718
4442
1255
2080
1276
987
3974
3577
1728
921
2702
1369
2142
4654
2196
3572
4254
2869
3613
3894
3609
1736
193
380
3727
315
2920
272
3878
3606
2171
2694
4173
5062
1233
3443
1890
4688
3902
186
736
4548
1737
4563
2343
2571
686
4702
2674
4998
3415
382
1330
1237
3082
1441
2892
4471
429
1910
2152
1575
1121
3558
3998
4840
1718
3029
1178
1128
3103
1109
2194
2679
645
2762
2867
3072
1327
3766
3975
2826
1152
4754
1337
2903
2538
2058
827
11
3416
3158
3336
753
1730
684
1316
3901
1091
763
3943
1773
1434
4011
734
228
233
1625
3408
728
3187
1429
4298
696
1620
4322
4229
2165
1590
5026
711
630
5075
2081
3426
523
95
3015
3010
91
3004
1934
522
2997
2996
3215
2663
2788
506
504
1918
4676
2657
4681
2988
4684
267
268
269
1937
1939
3033
3034
1618
4521
2794
1614
693
664
663
2783
167
4531
4535
3134
2981
699
704
640
3595
184
3597
2909
392
2926
375
299
50
51
1722
2915
3257
1725
3270
366
293
2972
415
3256
3274
3241
2942
4190
2921
3247
2979
386
2350
440
387
3264
741
717
2356
3265
2969
2973
279
722
479
735
4051
483
2967
4118
1699
3633
4275
1845
1131
801
2514
4155
394
2823
1573
456
1022
806
63
3007
916
4221
2559
4491
2045
1173
3121
3811
4390
1153
4987
2200
1925
1542
1423
3354
3533
2205
4916
2859
3435
2259
196
1950
2234
3346
404
4588
1070
3635
1168
3440
2589
1841
2018
290
398
1778
2337
1638
1368
3414
5053
2865
2736
3877
2890
2977
2944
2283
1010
2203
2342
3409
2143
1057
172
3118
605
1086
5042
143
397
4153
3989
2150
4187
2013
4106
2847
3065
3657
3578
4367
140
1172
4296
4655
2448
767
1477
459
3534
1892
2201
4855
296
4439
388
3600
2948
2808
3706
4246
1825
1520
3689
2561
1689
3057
4496
5011
3403
2876
1639
3179
2568
4931
4657
1729
188
4975
3994
2913
1432
1557
4651
122
1357
43
575
573
2437
602
3183
5079
403
4926
3962
47
1391
768
1498
571
4414
1977
1259
3282
4409
4232
1521
2577
126
4561
70
3863
2756
2566
262
2961
1682
502
2765
2990
3916
4856
1794
4309
3437
4019
427
2906
2015
2537
1735
85
3035
662
3325
3438
1376
4760
292
4886
2917
2834
4331
1831
2493
1784
3433
5054
4540
583
1979
3296
4326
1031
4001
4619
1309
1182
298
3952
3320
5102
2567
2477
3745
4533
4706
4585
4679
5029
2989
4304
2003
2998
1651
3464
822
3855
1716
5128
3294
2819
1971
452
1066
1905
379
837
4237
2697
2041
2741
2929
3678
4484
3938
1793
1906
2002
2073
4321
543
1900
3405
2207
732
168
2754
1198
1039
356
1565
2665
5023
2392
1119
1380
371
1775
3303
2784
3937
3277
4859
4352
4488
584
442
1690
3047
208
4553
840
2233
2070
1616
4437
105
945
2450
3732
710
5119
3638
5098
2789
3871
1344
4537
258
4689
4493
1957
668
1147
2760
107
2164
1517
1987
678
4765
2818
4222
501
1780
3641
225
3841
4604
615
2868
834
3184
1569
2797
1511
859
480
1966
152
1945
3708
2148
35
2099
2474
2467
3891
146
1193
3267
4328
5069
2642
342
3587
4301
4644
3488
49
1810
4591
2039
3323
1672
3316
3377
1033
231
4995
3398
2354
42
4228
4494
1649
3800
1671
3818
4512
2923
3356
2709
3472
1212
2732
3360
238
2016
5046
16
1307
3486
2880
130
1942
3749
3114
73
1466
3428
1789
1878
621
770
3206
4851
4351
4028
1395
790
312
5076
4388
165
69
417
1763
2280
1994
4387
4378
4639
431
1471
213
2889
2102
1089
748
19
3946
2987
325
1313
2970
216
897
1856
475
4581
1733
3067
3711
2837
681
3643
2740
2602
4938
4677
3365
1839
1572
1090
218
4842
730
82
2212
1514
4194
4432
1865
4927
2339
373
3813
3396
1311
1392
2226
890
2340
345
864
1611
195
4431
3966
5087
3127
1807
4434
2037
3230
4276
405
825
2451
276
358
232
3868
52
3671
4580
3639
1993
765
3956
1244
1833
4461
2389
2873
322
2587
1359
3432
4348
980
2844
2897
2315
4771
2453
1525
3944
3764
3885
1930
2500
2757
1782
1312
2548
2418
2008
2600
4610
206
1674
1885
2428
2377
4411
3138
5099
1531
3922
2048
562
3458
2646
2960
2363
3498
3232
1862
2386
2096
5021
1108
3887
4739
4630
1726
3767
161
2753
3968
3194
4666
2653
2332
4278
1516
2580
3649
4085
3445
3374
2062
3603
207
1180
1924
3140
2793
3176
3861
2938
3087
3622
1537
3131
3615
2744
4936
2588
4164
2362
3002
1556
934
2540
1046
3186
4156
1530
2574
3890
3665
3743
1137
1604
4444
3758
5055
3224
1436
3610
2605
1034
2036
1609
1375
1917
3287
2690
1440
928
1857
5115
402
2051
3151
1151
2705
1702
1545
2707
3262
1948
2585
227
4189
2745
1394
3276
4146
2821
1606
2557
999
2994
1059
2344
4744
4130
4067
2943
2734
3036
2135
5083
2941
737
2092
3819
2956
1426
4048
4306
4374
2482
38
1183
2539
3452
1353
1546
3253
1176
3466
4529
2055
2520
2061
1630
1608
2953
5078
1662
2825
4672
2872
3205
4017
1687
2749
4088
4002
5016
3881
503
1654
3626
932
3146
1262
1305
2501
2723
4219
341
3832
3048
1587
1113
3278
332
4206
3419
2939
1207
4669
2710
542
2007
2011
3163
3192
1964
4611
4145
1247
3018
4333
5013
3039
930
3637
3991
616
2883
2456
2596
5052
1704
37
1306
3302
1907
3912
2090
1116
4078
104
3268
3809
3211
3782
2820
4356
4016
2035
4335
5034
3168
1487
2178
1749
408
3132
3623
3128
2488
4230
1372
926
3493
2861
2025
2786
4846
3642
1251
4979
349
1310
1762
2677
1715
1100
4448
5048
2634
3876
3954
3152
1232
565
4357
2576
3677
892
5027
3888
3148
3214
1697
3573
3258
3142
324
3936
3866
4462
192
3149
1260
1125
259
4664
867
4616
3659
4725
792
230
4377
1389
4917
4650
2103
3358
2772
4077
4643
4365
1580
3174
3081
4632
181
5104
2999
1999
3076
2439
1360
4424
3254
2699
4203
2904
1304
4009
4774
1291
4593
3654
2093
1157
2174
4040
5065
4939
3668
3775
1691
1422
1162
3884
612
4518
4686
1335
5112
3421
1408
2755
3422
2442
1321
64
1298
3355
3234
3100
3165
2056
4251
3429
5094
900
2833
3892
4292
2359
5123
799
2077
910
5088
2828
5090
2592
1623
4243
1921
2379
1842
3829
2950
3636
3136
4027
1148
270
675
3723
4576
3430
2931
2494
3220
4648
1325
3064
2293
4334
5002
3865
1377
1886
4084
3955
3011
1002
4661
2803
433
4032
4024
3024
3872
3259
3794
3857
4033
3893
2490
3155
2795
4031
2549
2644
4662
4291
3873
2374
3037
2521
1442
5126
3860
2955
3688
4176
4259
3022
3867
3875
2951
2962
4184
3889
2352
3852
2711
2729
2479
1563
5059
3471
1877
118
3608
4208
4175
3045
4944
3614
1319
2712
3854
4678
5024
3244
5095
3859
2510
3856
4200
1320
4256
3088
3191
2441
2458
2688
2866
3797
2815
3236
286
3828
5022
1602
3150
3793
3924
4992
3178
3942
4967
4440
3798
2952
3886
3817
2459
1412
769
3317
3454
3026
151
1448
303
3724
3239
385
3796
3896
1098
1406
4308
4313
4667
1135
3133
76
4472
3710
1403
2835
3627
642
691
274
2591
1365
1915
1597
2916
318
2814
4572
1249
1981
4613
287
3846
4314
4101
1723
2032
3226
3154
219
1101
2503
3332
1133
3108
2708
4470
4601
2518
4980
1882
1980
620
2348
841
607
134
1870
4127
3231
1110
1114
2508
3903
2506
1860
4524
4178
4062
3851
4096
676
5040
4366
4627
4136
608
0
4114
209
245
3195
751
4606
3404
1554
3658
463
5020
1854
1083
60
1161
3667
4207
1642
674
853
1508
2358
4162
5038
1472
203
744
4592
1732
3605
1952
117
3721
4054
4363
2104
3694
5033
2686
4012
3676
1367
4502
2633
3212
4570
3728
4169
715
1867
2091
58
1421
4386
3719
4104
2052
5028
2496
4614
719
1949
2586
3436
1777
1505
601
3795
4281
3021
3624
3670
4160
3960
265
137
1107
2899
3368
2570
2014
4626
3632
660
2484
304
4465
713
3684
757
754
5014
4687
1798
4478
3611
2043
3683
3424
4596
2622
94
4188
381
4075
988
4485
1960
2662
4337
30
791
2937
1167
2046
4671
309
316
3692
4573
4420
4161
2012
3166
92
77
1876
1621
4073
1362
57
314
1420
56
721
2108
108
2509
2419
4360
2006
2804
4547
1390
123
111
101
2361
1170
2491
626
2057
4617
3731
1771
4135
2402
4587
2053
2606
4464
4500
3735
4397
4006
3715
4550
1832
1583
4516
724
3175
1703
1407
3717
3512
4495
3693
4483
1342
2067
106
2811
2191
909
894
2364
1686
2382
5012
4150
1366
4546
1947
3340
2065
4113
2020
3156
4586
818
829
1534
4505
525
3726
1679
2372
1187
1439
1863
1903
2436
120
1081
4423
3044
5061
4498
2140
2033
4180
4126
1926
2059
2473
4202
4492
4756
4519
3451
133
2027
4579
3528
1739
902
3393
1445
1631
1868
1627
3309
2029
2376
1893
310
4833
48
1381
444
4612
1820
3712
3970
2718
1785
1054
4490
2063
4741
888
1953
447
1543
1324
1541
5070
1859
1920
1647
2019
4900
1791
3757
4117
4091
1989
4406
1117
71
1720
1141
2005
816
3112
1127
3661
2238
873
1821
764
4559
1819
4227
1684
3704
1847
2735
3441
539
1836
4293
4070
1096
872
121
4508
3783
3456
882
3685
1126
4247
1968
4463
1974
4633
3484
2492
1787
2054
1273
3394
1896
3392
824
3366
1834
2349
4381
4379
3385
3390
821
1835
4359
4530
4534
956
3395
4447
1913
4629
1992
1965
1088
3691
4640
884
3384
4375
3386
4522
4554
4609
3511
875
4225
4433
4391
4638
1853
862
3679
3698
3442
4538
3648
3101
4416
4566
1194
4446
870
3647
4646
798
4577
1852
820
3406
5125
1783
1929
4569
4620
845
4526
4590
2000
1106
3634
4583
4430
957
1990
3397
4407
210
901
1998
3388
3412
3681
974
1093
2725
3413
1094
3510
1467
4419
1995
839
3674
4373
3367
4441
1872
1815
4428
1816
1970
4624
4971
1941
1142
4603
1851
4584
1891
3929
2042
1812
1827
1904
4469
1843
3425
4427
4631
1814
3447
1840
1894
4466
1899
1887
1914
4457
4394
1786
3703
4449
1795
4425
3697
4455
2848
4456
2001
3123
1050
4452
4436
1788
3391
1817
3431
3673
1849
4545
1804
1931
1766
1145
1850
3509
1976
895
1772
4191
2470
1171
1838
4607
3705
1922
1767
609
866
4395
1095
4383
1961
430
1469
3387
1770
3645
4402
1880
1895
3629
3589
3459
3540
3539
4376
1656
1463
4438
5103
848
2512
3714
1958
1363
1049
4262
4123
4268
1765
881
1155
2306
3475
4192
1888
1962
1692
2523
2963
3822
958
3592
1768
1848
1605
1396
1911
1599
2434
1044
5082
4385
793
1280
1378
443
2371
4107
3210
868
2188
2351
3526
1103
991
860
2078
2404
1058
4045
3585
939
1169
4081
1154
3444
3341
460
1988
714
3660
3765
1014
1781
1628
3503
1468
1038
4755
4080
2083
3842
886
1013
1295
3839
3598
3400
455
3599
3602
871
3574
3364
3584
3427
1297
419
3831
856
1023
4733
1586
3552
2945
4103
1549
4065
1015
1409
3826
4255
3747
2157
3976
3555
3996
1356
3529
780
2158
1385
3680
4914
4159
1190
885
4147
2407
4961
4270
1355
2817
1529
3949
1006
2978
3514
3551
2373
4398
1382
1336
2360
1041
1042
2153
2375
4185
1379
3941
1383
297
1666
994
784
4121
2384
4872
4921
4777
1374
2204
4797
1024
649
3908
4115
672
581
658
3759
3203
3467
3950
3784
3449
774
4946
2185
2175
3788
929
3376
4125
3700
3662
3787
3914
3940
4109
3736
2395
4143
3909
1561
3935
3967
1189
2393
2214
3930
775
513
3927
1267
2378
2400
119
2328
1502
3790
2346
2986
3911
2550
2208
4989
2381
4879
3934
3516
4652
4738
3981
2347
670
2335
3971
448
2409
3379
2211
3052
2401
1538
3921
3275
4878
2367
3351
2313
2715
2329
2331
2330
4957
4915
1373
3172
4890
3455
2716
990
2390
4854
437
2398
4950
2394
4149
2388
2327
1571
1459
903
1653
2698
2209
3
2403
4920
4039
2216
4911
3906
976
993
773
3564
752
2326
3776
577
4891
3933
4877
3342
423
984
135
759
1341
2319
3315
750
2257
2117
2383
3907
4925
940
2325
2322
2717
90
6
3280
3919
4769
1026
566
4996
3304
2935
79
1552
3098
100
4869
4824
4034
4047
2228
3522
3579
59
3053
515
1104
2524
3733
3225
3055
5113
1387
656
1234
1338
2300
526
4970
657
4904
2522
4821
1808
86
2181
2133
2213
3312
4250
1444
2936
4061
4887
2613
610
4960
4940
3207
2975
4937
2661
4257
979
3548
4793
3547
4942
3570
4839
4060
1566
2558
407
4762
4789
4700
4806
2839
4242
4233
3913
5001
4763
4820
144
4761
1402
5117
1797
3963
1019
5005
1032
1323
434
4692
1346
2726
4809
1322
2980
978
3664
1446
2235
3945
4656
3559
4240
977
2949
2288
420
969
2612
4952
5121
1393
2728
4133
4245
2525
2693
912
2199
4116
83
1340
4798
3760
1329
4770
2610
650
3926
3947
2425
2284
1018
2433
2287
4978
180
4945
1509
1012
2323
1028
651
4963
4948
3334
1343
2429
2256
802
996
5007
3208
3535
1027
2544
1025
1040
4930
4036
933
2410
421
4201
3040
2069
4099
4889
13
2553
517
173
4695
2719
4954
758
4730
531
5050
1644
2227
4035
3338
913
2408
3479
4814
2426
2435
62
3500
3478
779
3482
3549
3465
3537
906
2249
4999
4693
595
923
776
3375
4746
4965
3701
61
1008
2609
963
3553
3527
1029
1020
3329
766
1345
2412
983
2647
3492
4847
2431
813
3785
410
4752
2423
3202
810
899
3554
812
1009
898
3524
4972
1660
2607
924
4941
2311
4248
3561
3041
4947
666
2301
968
4253
809
3335
3576
811
3470
3494
4986
3485
2
3490
5004
3107
4955
2076
4063
3562
4964
925
4876
2336
5000
3381
3380
4951
3563
9
4966
4095
3772
4694
2595
4956
4083
3201
4087
4724
4981
2608
4757
4111
2551
3219
3786
3741
1253
529
4745
4861
3779
4066
4835
519
3770
4871
2420
4843
965
4238
2217
1450
3737
2534
1483
2087
777
2170
4962
4750
2290
4895
4132
2279
4072
2421
3373
2560
4696
3491
4708
67
1492
4973
2406
2414
938
3495
2542
1526
808
2334
2385
3502
1210
5093
5106
2611
2149
1465
2276
4158
555
46
2223
3756
985
2546
2237
4263
4264
4112
931
4786
1221
1105
2244
2526
554
2310
516
2536
556
4860
1449
4800
3504
3789
1562
1452
2231
561
4698
4782
653
2314
2317
2258
2541
2250
4853
4969
2268
4894
2528
4171
2391
1220
4699
4823
4994
2302
2281
4880
4845
4241
2247
3106
537
2136
3350
2219
4834
2190
2120
2176
4168
1567
4858
2304
949
2840
2278
3755
4812
4776
2333
552
2303
3499
4714
4712
2225
2515
4082
2397
2305
937
2299
2532
948
1216
527
2220
1202
1208
2184
942
655
3328
2261
2119
2229
4810
4719
1457
4137
4734
2289
4043
2272
3348
2144
2262
2338
2222
4098
1476
4044
589
1507
2535
1512
2221
1470
4758
3221
2134
4822
2531
1205
4779
1461
4852
4893
4826
2292
4827
1454
2277
1748
2131
2186
2137
4753
2127
2154
4124
1458
2132
4795
4089
4766
3768
4804
4057
1495
4808
2145
2240
1475
3218
2138
2183
2141
2187
4108
1350
2270
1515
4829
4828
4722
2162
1519
1460
2504
1354
4
2169
1474
2155
1484
4865
4875
953
4148
2224
804
943
1506
2172
1456
1499
952
4723
2167
1209
944
4154
2197
3762
