4693
3453
4071
4079
4379
2461
3446
1304
995
3759
4447
4397
1241
4123
4902
4403
3681
4113
1326
2694
753
4127
4398
866
2023
3350
4344
4580
1463
3689
3853
3658
874
3391
3817
4435
5192
2325
1209
4407
1315
2037
5305
5187
4749
5273
1162
1009
5206
1895
4714
925
3812
4887
3835
939
1741
5181
3813
1127
3714
5452
3728
1092
5492
3352
3705
1626
3849
1014
3811
3981
4438
4884
2678
4091
4431
4726
4935
3839
5151
3660
4694
4895
5172
731
3698
2172
3947
3851
2182
5215
3965
4420
4434
1077
1942
926
65
2058
2068
5135
980
1018
1372
1101
4907
5269
1323
5202
4184
1348
3441
1426
5314
1465
1919
1367
3706
3457
3826
4214
4062
2009
4361
4046
1518
3690
5080
3270
4956
3855
4446
3368
3628
1073
4790
930
1025
4585
1804
3510
1320
3337
5255
75
4107
3231
3703
2607
2449
1996
3721
2485
3771
86
1855
2594
2744
1549
3949
5102
4784
3378
3659
1432
317
2365
4934
4888
2164
4918
3624
5180
2222
3697
2161
3758
1383
4118
914
3440
3750
4690
4363
2212
3351
4601
2766
923
4122
5173
1913
1878
3630
4145
1090
3661
124
2642
2688
487
4532
3885
5195
2424
3
3964
3397
3686
3459
1097
1300
198
5472
1210
185
446
2304
3846
1414
3915
1031
4035
1406
3688
3657
4715
1533
3844
3338
280
2328
3884
3637
1079
1384
5507
84
2489
2443
1233
4990
671
3966
5193
1838
1094
4096
1110
2008
4085
1598
3859
1789
1825
2148
3700
4388
2989
4753
4083
3508
5150
3671
5156
4584
2061
3719
981
1554
2491
2519
1464
232
3702
580
1665
1802
3439
2794
5092
1220
1953
1890
2765
3876
955
2862
4047
4144
5171
3015
5363
1093
4041
4078
4433
1360
756
2176
2320
581
1720
5508
1078
1466
5506
4313
4411
2381
3894
2624
2180
4799
2
5164
5503
2480
4729
1411
599
1128
2591
1271
3396
5163
4043
5157
480
941
4712
2165
2215
4785
3880
3940
2072
2053
1066
4602
2326
3654
2506
2397
4109
1968
3970
3509
4173
1065
1328
1112
3946
4345
316
2351
3484
1431
2173
4758
4930
5083
2477
1989
1668
1581
1507
4771
1268
5501
2158
2337
5140
1447
3622
5263
1311
1247
3617
4559
1987
1336
676
5318
1775
3830
3866
4428
1105
5210
4199
74
3816
5194
2869
1019
2683
1291
755
1510
5061
3432
956
1408
2389
92
482
1119
5227
3832
3845
3969
4442
4088
4017
5225
1437
1752
1676
1091
5291
390
184
300
5205
3452
3488
5059
3016
1136
4163
3753
3757
1584
2931
954
4304
1585
4342
3980
1982
4689
2218
1742
625
2040
3683
3687
1047
2232
894
2168
924
2378
3925
4382
1981
4711
2088
3891
5217
2005
2748
2523
2403
1722
1305
1906
2020
2383
1021
994
1462
649
5082
3339
2145
2341
5497
884
2584
1999
963
3908
5142
1946
4117
2252
2470
4018
1519
1063
3942
2894
3410
4437
3814
4518
870
4016
2409
1427
1088
887
5274
4156
2534
344
3431
4187
4430
1373
3815
3639
3229
2420
2332
3864
1034
1645
4095
3486
4505
1526
2697
2689
5412
3287
3883
1368
2373
3821
3747
891
1813
3485
4152
1709
1606
4728
3407
2370
5189
2039
3205
2467
4436
3704
2625
1121
2648
4924
1239
2244
1983
4036
3691
703
2362
3989
4179
475
2431
2553
1601
2062
1401
1834
277
2063
4840
5236
2241
4092
2460
2551
3722
1010
5200
1108
880
2768
483
1349
2143
73
4756
1206
895
2758
4495
2680
1095
3057
4147
5064
3677
3785
582
2605
1352
3945
1076
2505
2777
2323
3783
2427
3462
3383
4623
2374
627
4502
64
2288
4421
1045
3650
1371
1701
3334
2596
3685
1522
1737
5073
4032
4149
3487
5327
3196
5324
5022
1590
348
2612
2356
2073
1731
2454
5131
692
1952
1324
5084
1150
1342
2379
4413
3651
979
5265
1527
2497
3653
4465
3770
1502
4727
950
3054
3506
929
2582
2200
1434
732
943
4808
1309
1266
4607
3724
1082
935
1399
3008
4789
4776
4503
295
978
3188
5342
4946
2043
1176
4747
3888
1402
1284
651
4478
1515
3369
4224
1446
4072
1169
2844
4188
1994
1075
2606
2056
5354
2543
4010
3662
5252
1529
3708
3635
5212
4464
3670
4519
2475
5231
2839
1481
2979
2327
3124
656
2057
1435
5183
5374
1289
2992
4301
4520
2432
4019
5063
4508
869
2329
1100
2530
3421
3633
3634
2920
5275
5490
5071
1800
4724
4255
3349
2453
2131
2193
3505
3416
5079
2559
5025
4561
4427
3436
2641
2516
2531
1109
282
4110
900
5382
3961
1508
3735
893
4150
1963
4722
4053
2645
3879
3663
4828
2174
3764
3002
1026
1441
484
4742
343
2155
2858
3854
886
1002
4767
4
1423
2546
5148
3746
3341
354
5364
3707
1377
4779
962
3868
2015
5306
1969
5030
4159
4232
3230
2048
1085
1248
3872
1428
2213
2455
3451
5186
3382
3400
2494
1721
2613
3636
3791
5018
3796
1654
1321
2369
913
160
4288
1811
4385
2239
5199
4943
270
78
1153
5179
2289
5209
4068
1318
1198
5066
5286
2955
3937
5221
1340
357
4314
4954
2666
3089
5152
2763
2321
2508
738
4509
1319
2104
536
186
4238
4919
2550
4739
1860
88
1285
1347
2142
4049
3132
1225
4741
1812
881
5496
1455
3833
5451
3342
1158
2010
1438
735
4593
4787
2513
2049
3715
4571
4389
1586
2094
5299
2935
361
4029
655
1564
4786
271
2524
3720
2129
4013
4146
2141
3640
2216
4128
2038
1440
4137
2937
334
4171
2441
3836
496
752
3321
2767
1070
4211
5190
5101
5106
5088
4226
1163
3333
4108
2567
4378
2507
5321
3445
1412
1249
4368
2011
3998
1517
1754
2585
5160
474
2233
4506
1548
3782
3480
3843
1971
5377
1696
5141
3820
1672
1681
3059
4493
5075
4024
3848
4164
2122
90
4733
2478
178
2504
3774
927
2969
161
751
3823
1212
2227
4770
479
1492
3840
3652
279
2663
1060
3979
4190
948
4606
2437
2996
4752
4755
3988
3769
4933
2579
608
2209
917
2132
4202
2444
4723
4084
2054
3250
76
2775
169
3033
1579
698
5489
2171
2761
1055
4467
2563
3667
1516
3943
4193
2557
1826
1714
2433
4906
3818
552
4402
4901
32
2796
3990
2664
3497
1122
3870
2472
2835
740
3738
4223
1298
3214
3052
293
3819
1106
3737
2412
5234
862
921
4504
4225
5184
2601
3656
1525
4500
1669
2614
1155
3837
3869
1125
5248
5283
2468
3507
5330
2498
4136
72
5322
5191
2413
4176
2024
1988
2118
3971
2044
1416
4763
3808
3430
607
4969
905
2231
5232
1698
2985
62
590
4881
1430
1313
1753
4769
1931
1415
970
596
2875
4874
556
2042
754
5493
2511
2144
3694
5467
4751
2006
973
2643
3115
2445
899
3695
4306
191
2974
2731
3482
4772
5505
534
1986
1469
2592
2466
2816
4450
1087
3394
2845
3422
7
883
663
319
4237
4231
2828
5298
2401
2771
5143
508
1297
2076
4859
3380
903
4734
1104
1195
3798
3850
2459
2502
5481
3448
3620
1071
3056
3090
4980
1310
889
4986
4738
5168
4384
4725
1343
4246
4220
501
3340
391
2282
1255
1713
4473
2045
5279
4817
3897
2396
2668
4212
2399
1949
3865
359
5270
3717
456
3831
2181
4348
985
5089
1718
2156
4417
614
4692
3842
3682
1494
922
1333
2451
50
1129
1226
3955
528
2388
1170
2410
4158
3098
3254
2186
360
3532
1006
3003
5244
262
1536
3646
176
3944
1599
772
773
784
820
2652
2886
2864
235
796
2808
30
2266
202
4660
766
2895
782
611
1181
3066
1364
1923
2650
3374
1640
3523
4655
403
4999
2661
812
3472
1936
1186
3032
3516
669
725
421
218
6
2903
2649
309
4614
765
808
612
4657
1192
1937
1763
4643
3025
2874
2873
806
1614
3164
4708
4644
3010
3019
310
8
2801
3314
3525
1820
617
3103
502
3583
1257
3172
2855
311
804
3067
379
788
1296
4536
2806
148
42
3091
813
3155
3544
1882
3093
1783
4683
667
4803
822
2791
5468
3429
3553
82
3474
3347
3534
1868
1922
3602
3929
3581
1992
5357
2499
566
2737
4138
1445
4101
4189
4168
3765
2442
1341
1351
5276
3336
2452
1166
1380
56
4757
4073
3218
2545
1828
4130
1074
3778
5128
3381
977
5410
3766
5208
1501
1615
4191
2997
4947
2965
3233
2434
2590
541
4806
644
4087
2014
3112
5300
2228
4198
1449
2615
626
549
2264
2798
3156
4809
542
3533
4116
3566
1736
308
2891
3257
825
2906
249
167
571
4686
4668
5002
3575
516
17
3005
775
3470
3361
2899
255
61
5414
1651
3157
3354
4121
2750
833
5480
5028
4533
4521
1280
646
2882
4512
465
1900
3159
4703
2792
3355
3153
20
3587
1801
4534
3014
2272
1824
4653
5295
3178
1619
2799
2802
3152
1396
1592
1911
1505
3775
830
413
3559
827
4320
489
1862
3388
1712
1479
3177
805
2800
2809
3569
5411
724
768
3589
844
5402
3151
570
3027
778
3264
5390
3259
1883
567
1048
3020
809
791
803
797
783
3473
5461
3366
158
510
3160
2943
1677
2769
401
3500
5034
5495
2263
5404
4617
3306
3365
1889
4854
3541
3127
814
4680
3317
1894
4104
2268
603
3268
518
2114
3271
1243
5229
2871
2781
776
2785
770
4538
1250
3305
2125
604
395
3179
792
3140
5446
135
592
2972
1256
1282
854
3072
1281
2256
3502
2820
2185
4570
4461
1370
24
3118
818
368
4910
3296
5470
3073
3574
907
3586
1745
492
3567
4448
623
705
466
4513
4701
4479
3143
1785
4871
4981
2251
4530
1688
2273
2669
2085
2924
9
810
3748
4951
392
2782
2890
1140
5422
4812
3590
3166
3163
3208
3481
657
3437
215
244
3576
463
301
435
4777
207
3137
3375
125
1768
4709
823
3517
1635
4834
1816
815
3595
3503
3173
5139
4524
2262
1016
2877
842
4634
693
200
1910
711
5424
346
1484
4866
3327
3095
25
2878
1955
5439
1618
3226
4707
5301
3779
5462
3142
2966
2314
1864
747
21
2246
5430
568
4026
1818
5213
4362
2255
3022
4015
771
4021
3299
3535
415
1293
420
683
12
2940
3329
2918
2090
4057
3478
340
294
307
2851
288
2837
15
41
4860
387
2662
3605
4604
832
779
3521
5395
5001
2676
3308
2253
574
5420
494
4404
251
4592
709
339
3562
3552
1267
1782
3291
4241
353
4315
3135
618
45
4552
1251
622
4162
1593
769
4605
1767
2660
721
4958
3134
149
3996
3606
1262
2861
2312
514
59
1636
513
3417
3387
2971
1245
2818
3145
706
4878
2712
2976
723
4589
4008
816
452
4460
18
1623
4491
289
3359
2284
919
3367
4289
2279
5459
4215
2654
4761
2600
3860
3723
3483
272
3824
3627
313
4275
4058
4002
858
1358
1278
4982
3924
5393
325
4132
3841
1538
3950
2298
4773
3711
444
2450
4820
504
2679
2490
2983
2211
3493
3479
743
1573
1959
2349
1379
1327
1809
4155
5471
1400
4869
1765
5416
4543
3373
3251
520
4624
1887
3315
5409
4105
3900
4662
3344
564
5415
411
5375
3419
4161
4889
708
284
5498
4257
132
2259
3501
208
2303
847
1843
234
312
2707
3038
3307
2787
1382
4620
4523
1630
1567
3364
3514
2900
4259
5417
3423
257
515
5024
550
2859
4488
3170
3106
1553
351
4670
5499
4621
5376
834
4405
2653
470
3312
2686
2967
3787
302
4695
3607
811
2265
4618
165
4745
3527
3255
1213
3262
3238
3524
4856
594
672
1628
4850
332
48
4638
5008
1410
3568
400
1513
4517
1859
2830
63
405
4514
2863
5146
4672
2727
3353
93
4669
4675
5044
848
1363
3551
4794
2824
4679
5261
3518
4870
3563
114
3594
4636
1369
4227
3319
3071
3564
1609
216
645
3530
4065
1497
393
4439
2952
5392
3896
4646
3107
85
4357
5109
4663
3547
4639
3195
423
3467
2659
3146
2665
347
619
40
4432
2939
3558
2395
4673
1566
781
406
1856
3599
620
3550
1940
3069
4616
605
780
1858
3613
2819
331
684
1231
3001
837
1762
5456
2258
5474
824
2123
5419
5428
1852
1514
5026
3537
4936
410
4811
2627
2651
785
4603
366
2315
1480
3598
5290
3273
2271
3938
3281
3674
69
5132
997
3313
4666
1917
5041
2317
2250
2619
2925
54
3625
49
2747
3756
5356
1903
2360
5103
4633
497
2728
3278
2657
4610
3994
575
4511
1417
433
4923
851
4567
4228
3767
3515
1389
5358
3283
5385
1794
19
39
4531
4911
3119
2860
3958
455
4265
153
4393
1710
1627
1679
5249
1756
2138
3471
5136
746
3222
3260
5317
2346
2797
2387
3402
144
23
4014
4471
4197
3678
210
137
4781
2942
3110
193
1631
356
3161
2841
2944
3139
4685
908
3591
2718
715
688
1711
4321
3356
1909
2555
3555
602
1042
5006
2677
3011
696
587
5005
1007
5398
3531
4501
5051
3104
1552
4296
4608
493
2254
3109
3584
714
4126
3348
838
3290
4702
1500
3468
1930
43
3190
2780
777
1914
266
267
2783
464
1331
47
4826
1727
4945
203
2852
728
3461
490
1424
1792
3997
4791
3265
3597
5447
2548
4975
3282
3426
1317
3240
5350
4476
3097
621
1385
2684
3018
3300
382
1164
1877
2790
2696
4953
3360
653
407
3363
3302
3557
1270
3078
5429
5407
2565
835
2825
5004
1880
1269
4681
1639
3175
2681
375
1663
5053
3579
233
105
4541
2687
5418
4848
1661
3311
4474
3376
4852
4819
4627
1867
787
523
1682
1229
1853
3593
3604
4100
1273
3588
677
2746
3847
1187
111
1049
2419
4587
829
4995
3116
1419
2295
3957
519
3556
1798
836
1418
845
971
533
260
2290
5353
2822
2225
2779
749
3194
3215
2733
613
5182
1001
467
5483
1274
1873
3129
1699
14
31
4630
3184
4942
4671
4103
4477
4903
4539
5007
5406
1038
3171
745
1876
3289
136
998
4419
3120
462
4892
2012
44
1353
2640
3074
3399
1425
3026
2814
2812
1496
5137
1613
5399
3983
3546
4837
2705
3573
1870
220
2339
2962
5372
5020
2293
2111
664
1550
4994
4529
4131
1835
2866
3309
1234
3105
4628
5482
499
4522
1562
3975
505
1242
5343
1012
3428
5037
491
138
168
3477
5396
3284
142
1948
3561
790
758
2162
352
975
3294
305
3276
850
1146
4651
1657
3138
498
1204
3992
4358
867
2703
4843
181
3358
2075
1671
4611
2576
4997
4598
2305
3476
2692
3572
736
4588
558
4544
839
2146
5487
1881
572
3403
3168
250
2945
1648
3499
5431
4022
2706
1652
122
5085
4836
151
2821
4810
4650
192
119
3055
915
1040
1335
2711
632
3490
388
362
3004
2912
3733
1795
4920
4904
5038
1844
3372
2795
3580
807
5010
4575
3934
3582
128
5031
2938
503
2670
1803
2817
2984
4340
2124
4674
4563
3542
3409
3141
4705
2998
3318
5000
2400
2810
1191
1897
3121
5104
2572
485
1216
3235
345
3165
3543
5015
398
3053
338
4898
229
223
4294
2896
3935
3554
511
4847
695
1837
4074
152
5436
4577
2833
3496
1796
52
109
2789
4066
5032
5403
37
2098
3049
429
355
36
1023
4746
3162
4221
1174
290
2889
5011
530
4861
5048
150
760
5391
1778
1227
1167
4555
4497
3549
763
2682
3046
2716
3206
3701
399
3612
2842
274
2901
2721
5435
3386
1173
1375
4678
3330
3585
3469
3237
685
4341
4867
3012
1629
1004
3498
3075
526
4921
3050
3892
194
4102
3644
3592
3209
2885
306
3529
2735
4339
4540
417
5239
2300
242
3528
569
4449
241
5161
1295
4978
2908
2184
636
634
1774
4375
3560
4979
3272
2704
562
4996
367
1547
1275
2667
2269
1558
2278
3316
5260
2963
4365
1755
336
101
3065
1729
2309
4527
2905
4976
374
2080
1184
3526
373
4192
2617
2281
2292
478
2911
2310
2311
2960
3280
4200
3539
2554
1760
4194
4574
1770
5485
1643
4230
3158
1000
4596
2238
201
916
1405
96
3362
3780
3051
1960
3912
414
256
219
524
3070
3174
4386
4793
5294
2130
4863
3068
276
5040
987
1766
761
4064
1733
3221
4141
4963
5070
2564
2840
579
764
4862
2848
5310
4070
5425
303
577
2784
1781
1965
3684
690
2715
1292
748
4830
5272
173
4988
2166
3676
5315
3976
2736
718
4989
565
4063
1005
4550
1030
2616
3460
521
341
2093
647
3202
3464
3077
5387
3126
3693
180
263
702
60
1524
5389
1667
2870
408
1991
1961
573
1215
1495
4845
576
4387
2261
4857
4974
529
3343
1941
990
1483
3331
3414
2306
561
3995
22
795
1956
2981
2774
5421
2226
188
1863
4307
2275
4290
3081
2245
1902
1378
441
2065
1570
304
742
2159
1422
3435
4135
286
3064
2552
4706
4310
3111
3203
2995
3292
3326
4195
3219
3320
4965
3217
1450
1451
4111
426
548
2127
4950
2270
4526
3520
551
2206
2764
2813
3108
477
4154
3540
4134
4553
1376
1898
3548
1258
5437
3266
1891
157
4406
4631
1354
4626
3745
4968
5466
992
3600
155
3614
4858
2526
949
2230
3736
495
4849
538
5394
912
1793
1874
476
3099
3475
3463
1443
1478
4987
1787
3346
3449
4324
419
4578
140
1429
3741
409
578
5049
3974
1202
5046
156
3411
4841
1541
4835
4537
4846
3154
4097
2220
252
2898
5293
2927
5016
3252
1926
5454
4165
99
3345
4664
4667
3834
3236
4242
2195
2644
4196
1561
2316
2751
2702
5434
1912
2973
183
1871
4816
2698
4186
3094
2909
129
5443
1398
154
535
4569
2243
2240
3248
4377
3034
3987
4274
3062
1622
2916
624
3906
3045
1823
3669
2991
2853
1355
1409
4864
4112
3136
849
4456
5246
4515
4677
5112
3904
5368
221
2392
3279
1142
2717
4303
1621
385
3147
5111
363
4622
4882
2982
958
5469
4992
2776
4139
2729
4174
4281
3101
3731
5047
3761
2147
3247
3286
2713
337
3207
2187
1544
2755
3393
5323
1420
643
1678
3114
554
4459
2695
4329
4330
1571
2907
2710
1159
287
1932
1896
2210
35
3926
4931
4642
5502
2778
2725
3909
259
174
226
2219
3465
4573
171
3522
800
1893
2249
4928
5500
224
2941
1810
3301
1433
933
4932
228
3466
2999
4185
4247
3149
350
2929
3285
3220
1240
3000
2701
371
539
4599
3939
3295
1357
4525
1015
3006
716
3227
314
1723
4312
5014
378
5444
4256
1761
1757
469
4401
4044
175
3223
214
3009
4985
269
358
166
3039
2229
3786
2854
2936
211
3102
1381
4868
517
2961
964
2739
3304
3037
2934
2964
555
600
3100
4317
547
268
2954
5455
840
1807
2933
4322
2198
681
2968
3277
4879
222
195
2202
4142
2178
4292
4291
957
2296
4020
689
855
4832
4959
4905
2221
425
418
3455
4938
1230
959
686
4971
3017
2709
4967
3029
1020
196
4941
4119
246
258
2110
2189
2846
1839
4297
204
560
4966
5009
3665
261
1780
4891
4957
2951
4984
3130
638
5388
3444
3288
1512
2741
918
3245
2119
4973
2872
934
2188
4912
5003
4568
3919
377
248
2247
3007
3023
2786
397
372
264
179
4961
283
4120
384
2136
2734
2183
3144
4853
427
225
4916
2217
238
2160
3021
2248
2260
4917
1557
4833
2199
67
4600
4027
3993
2175
3122
182
4613
3385
2149
2115
4844
4114
2754
402
986
3028
2757
2849
68
4893
4831
4927
3031
3117
3024
254
275
3036
273
177
265
2993
481
3013
2990
3030
239
245
236
5042
434
2223
3727
4937
2134
2179
3040
1390
4855
2977
2815
1397
2823
559
3425
4915
4704
2214
58
4991
285
2242
4890
4093
1442
4821
4896
4922
699
2793
1908
2647
3415
117
4948
3035
2646
2980
1407
3973
4098
3458
1939
2234
2135
3405
3805
2152
2970
2133
2700
1172
701
1600
1779
662
2235
1362
3734
1929
4944
2107
2203
591
2087
4180
4338
1773
2102
16
5478
4972
1403
2112
680
4034
4897
4822
2204
3447
5484
1815
1725
1506
3696
4023
4169
5438
846
1299
4615
5494
4949
5039
3303
349
4510
3044
4560
3042
2752
2105
4998
4839
704
4177
5043
5036
4181
2095
4886
3048
2237
4952
4913
2691
1404
4872
700
2116
2190
1693
1395
2807
3921
2100
4759
4157
2932
1521
2953
278
4697
4699
729
4001
4649
1772
1350
335
4266
2224
3041
4031
3822
707
794
130
1520
2167
2113
3806
4899
4166
2163
3930
5067
1907
4323
3679
3852
1444
3913
1537
1751
1279
3298
3680
3713
2887
4542
4264
3047
2287
126
593
4880
4151
4280
4282
3061
4939
4960
744
1758
4962
3454
145
3804
3828
1393
4006
2919
1857
4248
5460
5348
589
4838
1217
4740
3412
3716
2128
4028
2196
1958
2126
2723
799
1439
2101
2738
928
2139
546
2826
5450
2120
1388
2086
1985
4004
3519
1759
4914
2150
3809
4900
4827
141
3438
2902
2017
1448
3951
3726
4558
4160
3128
342
0
553
2025
2762
1569
1976
1261
1604
5458
1203
5476
4696
2208
1199
4825
2883
1966
2205
4926
3803
2170
2169
3827
2194
2033
4940
1473
2099
127
2236
2201
4925
1954
2106
2192
1253
1950
2117
2121
2091
4885
2002
974
3456
4970
4877
904
1228
1945
984
199
1067
2957
3742
1201
1957
4691
2153
972
2978
5448
2191
1064
4792
3968
4698
1211
1915
1272
3807
960
4875
2177
1205
2151
2097
1944
2089
4876
1277
2026
2140
2108
1993
1951
1259
1098
1972
2154
2084
4731
1947
1003
4908
4766
1224
4710
2083
1964
3982
4011
1303
3649
3959
1276
3910
2109
1905
3977
543
988
3730
4590
3645
170
5486
4824
1260
4768
2685
3668
4883
1200
2096
4030
1970
1689
3732
2930
4814
2069
2000
3967
4507
1208
4815
1488
4774
892
2032
1232
968
4842
4909
4754
4037
4801
4778
2001
902
610
3956
87
2051
2926
4929
4735
3404
967
4765
3293
1967
4326
4038
447
3991
694
5442
230
1799
5449
172
1920
952
3792
4328
3063
3941
3434
2074
3932
3972
944
3933
4676
4873
4800
3948
2157
938
4977
1885
3953
2986
4716
654
4788
951
540
3952
890
4719
4718
1194
1980
1764
4823
4760
3920
4804
691
4813
3131
679
3210
5029
4535
1265
2928
66
1543
1338
2003
1290
3274
500
4360
2103
380
4025
4737
942
1099
4595
253
1582
965
1214
2674
4783
3080
386
4012
1356
1283
532
937
1179
3225
4005
2050
240
1068
2019
4750
1183
237
3239
2036
2029
2092
4713
932
1133
4730
1124
3954
1973
1997
100
1413
4720
4557
5479
4325
3918
3768
4656
2276
2714
2066
4000
1819
1028
1374
2690
4797
2745
5366
4033
4007
2046
4795
545
1178
2067
4318
4736
4172
531
4170
946
3692
4829
3269
3710
4153
1975
4744
3931
3917
3960
1161
4748
1990
1207
2740
936
3647
2064
3275
3936
4332
3928
2016
1219
1995
1160
1747
1141
1244
509
3655
2257
468
2030
383
4148
1190
601
3825
1145
4183
966
544
3986
1132
3923
2007
4167
3922
1116
3927
1188
1171
1189
4775
2027
1984
1102
931
945
2047
1977
2028
1086
1177
901
2018
3911
2055
3916
4721
1175
897
1978
4335
3709
522
1254
1083
1069
1113
961
3914
953
4805
2035
2082
3261
4003
3810
2059
2004
1218
2041
2022
3267
436
1421
1235
4762
4780
2034
2077
2013
1168
4807
1182
506
4796
1386
2070
4764
2078
4798
1998
2031
3712
4802
3191
3699
4143
2060
896
3228
4648
4337
3167
4327
4743
3234
4124
1134
1788
1886
1786
2071
1288
3249
4528
4201
4782
369
898
3169
4319
4445
3901
940
2868
507
2052
1193
4094
4331
2081
2021
3256
512
5370
4818
443
3200
1157
4334
1574
3978
1974
3176
1287
4178
1037
453
1151
1572
3212
2197
473
3873
364
1117
4182
3985
1576
595
588
4129
947
1236
1156
1013
1832
976
999
1394
650
1453
1865
2079
1740
3180
1738
1565
3079
4042
3861
1120
993
1563
5465
1147
472
3729
442
3242
1149
1115
450
3999
3211
3984
1559
1126
1805
3739
1387
3962
27
1979
1884
1841
1246
1197
2535
1361
217
4218
1943
2847
13
471
631
3907
525
1587
1221
4594
1829
1392
3392
3253
1154
996
1791
3725
1436
1670
2724
1139
1674
616
1135
798
1827
1847
1872
1842
1237
1830
1904
1846
1854
598
1849
1833
1264
1252
615
2722
205
1477
1238
1866
697
2759
1578
4582
1821
1454
1845
2547
1892
5457
2720
983
3224
370
1307
4045
2207
5033
4581
2753
2913
94
5379
1695
1551
424
1325
146
1022
1131
394
2308
1817
4894
4516
2893
3076
1748
1546
4955
1103
1148
1655
2655
1222
139
1165
1744
4175
1568
1535
1391
3755
843
3450
1749
4099
3181
3570
865
4236
1851
1879
2749
3760
112
4234
4554
4472
4591
2742
3902
5441
2756
875
852
4572
786
5453
2949
5477
1152
3675
296
3536
3863
3424
4632
4423
2946
448
734
2865
1346
227
3492
1223
431
2540
5384
1539
1490
2368
1143
4050
3148
802
4551
1555
3332
1196
5280
2732
4286
1540
1575
4133
3512
451
3538
3631
134
3443
2917
527
5381
281
206
920
2857
2623
3133
674
291
1504
989
4483
2730
1814
879
4048
1597
38
3648
4556
3899
3903
1719
1263
678
4416
1486
1489
1475
3882
2549
1301
5433
1694
871
864
2879
637
315
2827
1024
3371
3610
853
107
1656
4056
5426
4059
648
2948
1647
2675
2539
3887
5351
4270
4082
1056
4205
1664
5228
5464
3611
326
118
4400
1653
670
2609
115
3377
876
1542
298
1934
1750
859
1644
609
1577
297
4060
3325
3433
856
292
682
3427
3615
1532
1302
3601
5475
4295
1334
4308
5341
3608
4466
1476
1130
4409
1650
4494
4055
5178
5292
3418
1560
5226
857
5281
4271
4278
737
1790
4284
3389
4545
4422
3113
131
3629
537
3335
2638
437
104
4454
89
3185
3442
4039
4309
3406
3357
4300
2888
3413
430
673
4305
102
120
1
3058
1831
3420
458
4302
3408
4268
1452
4222
3618
2884
1503
2544
3401
486
5373
4311
457
3384
3626
5068
4293
5491
299
412
2904
5400
4619
1545
4061
213
4251
4480
1739
4586
5445
3390
4269
3577
428
666
863
4299
3621
2829
861
3616
5380
3609
661
3379
4210
318
2831
4336
2910
5378
4207
5463
70
5230
381
2708
2958
1684
449
327
4298
2533
4470
4370
4717
4499
113
5432
1595
4394
4054
2618
2363
1286
4244
4258
3123
1666
4597
4547
1499
633
4489
4243
1534
4206
1848
322
642
4260
4283
4253
1732
5094
3596
1138
4267
4359
2440
5147
982
3263
2897
5440
4249
4463
5162
2630
4455
4009
652
4700
2537
1523
1137
4415
1583
4272
4429
416
2376
4381
1638
1734
2372
4040
422
2342
2959
4469
3751
333
1612
2384
4140
1509
4562
5243
143
3489
3513
4583
4376
2947
4277
4485
4418
4579
1686
741
2484
3082
2352
4612
5218
2406
4233
1339
4239
1474
3125
5288
2522
1467
5214
3776
5297
3495
5130
5264
2481
4440
83
488
4366
5069
2836
1468
2760
1730
3370
4081
739
3246
882
5159
1459
3829
5013
3718
2474
4369
2391
2347
3603
2850
1498
5233
5331
4086
2367
2569
116
1861
872
460
2832
5349
2843
1605
320
2693
4262
1528
2463
4352
1715
80
1634
5369
5188
1594
583
4235
1728
4208
1596
2561
4051
3213
1617
4462
877
1602
3642
4273
2527
5371
2541
2637
1491
2355
1458
1808
4067
4444
2880
5504
1717
4498
3199
5333
404
2488
4484
2375
4453
2583
330
1144
5427
868
2479
33
4565
5401
365
1456
4240
4414
1366
5326
3186
106
459
5175
3088
2639
5329
1580
5110
438
2876
4424
187
5251
1308
873
4263
103
1461
328
5177
969
878
79
5319
4391
3905
5423
1530
885
5055
121
5219
757
3060
2538
2987
133
2635
4217
3895
3204
1485
1472
5336
4410
110
2515
5256
2371
98
2558
911
461
324
2599
4351
5359
2359
454
1716
2560
5304
1850
660
5284
2457
5287
1487
1084
2483
321
5340
3395
2405
1743
440
1457
5332
4203
5254
2610
5220
2542
4245
1806
2573
2492
5250
329
1460
5167
2495
2574
5328
5174
2620
2629
597
2528
1470
432
1365
5170
95
2633
4486
445
2521
3511
860
2587
3838
5242
1096
2581
1797
2586
2575
4576
2520
5207
1746
4219
1345
2593
3963
5224
5335
4732
2476
2556
3743
77
439
2439
3494
5262
5216
3875
5325
2435
4392
3623
4395
641
5093
2568
2532
2571
2509
2471
4364
1344
5345
1107
2598
2562
1493
5056
2566
1332
2626
2632
2622
5057
2621
2446
5123
2510
1329
2570
3890
3619
5268
2462
2529
2631
630
3752
5134
2357
71
3491
4373
4285
2577
5201
1611
606
1118
665
2469
2418
5308
2336
1123
2496
2834
5346
5338
1511
2628
2458
2636
2634
639
640
2464
4077
2608
5
629
585
584
2597
2487
1322
2330
2422
5198
2456
5203
2417
5302
759
628
2482
2603
1471
2486
2517
4333
2335
4075
2426
4481
2503
1642
5309
2493
5117
1081
4564
2429
5096
323
5311
5169
5211
1620
2525
5155
2338
2423
1646
3878
1658
5165
2428
5060
2385
2348
5166
123
2334
888
4426
2416
1662
2394
2382
4408
2340
2333
2436
1607
1608
5339
4458
2580
2500
4468
2438
5127
108
2393
2512
5307
1704
733
5081
2501
1080
2465
2473
4374
2421
5153
4383
586
1316
4354
4080
4443
4390
1337
5245
2602
3632
5065
4254
4475
5120
1685
1659
5100
2915
1591
2408
1637
2324
1482
4451
2914
1294
2448
5237
4425
1610
2344
2415
5133
1680
5235
5115
2322
5352
4441
2407
2286
2354
1114
2343
3201
5154
1616
5072
5320
1673
4076
4396
1089
1039
4261
5077
2838
1822
2578
5247
1008
5222
5241
2377
5122
2536
81
4452
2425
2353
1588
5097
1708
5078
2361
5289
4372
2277
2274
4349
2331
4399
5023
2518
1632
2345
5074
1703
5113
5099
2285
3643
5098
1589
5095
4412
4216
5204
5257
2414
2358
1633
5087
1697
4367
2589
910
5019
5086
1707
4287
4213
3638
2404
4353
5316
2514
1306
1312
1649
2411
4496
5108
5238
2447
5062
5145
4492
4457
5278
5282
5240
5126
5118
5277
5197
5125
4343
2366
5129
1726
4549
5266
5258
4347
5259
4355
2350
1054
5116
3504
5091
3789
5149
5058
2390
5185
4204
1641
3784
3862
5253
3773
5090
4548
5158
2595
4052
1625
5076
5176
5267
4346
5107
1603
5296
5271
2364
2402
5144
2380
2430
4350
2386
2398
5105
4069
5196
4089
4090
3772
3322
3777
4279
5124
1111
4250
3182
1072
3893
3641
4276
2950
5337
2588
3858
3193
3323
5362
3189
3324
3889
5312
2604
3216
3192
909
3856
2280
3083
5344
3867
4209
5313
3198
3183
3886
4380
2611
5355
3085
5365
5367
5223
3197
5303
5360
3086
3087
3232
4546
3881
3084
5334
4252
5361
3243
5285
3877
3187
5114
3874
3871
3898
3857
2956
2922
2994
3398
2921
3740
1314
1050
991
3749
159
3744
3801
5021
1044
55
1051
11
3762
4964
3754
1061
1035
1330
1011
3790
1017
3797
163
1052
3794
10
3763
1032
1029
1043
3672
3781
3788
3673
1033
57
5017
2772
1062
1053
1041
3802
1027
1058
1036
3800
3793
1046
2923
97
1059
906
212
164
3795
91
2988
189
1057
162
3664
197
3666
5027
3799
