1194
3141
562
2134
3950
1791
3951
1776
5038
1851
2139
1830
4678
1817
1173
1816
2189
3430
4023
4026
4189
3254
1812
3874
2280
4350
4688
4105
2179
3012
3660
3431
3437
1127
5049
3264
1033
3356
4073
5047
822
4321
1112
1814
2188
931
1151
1116
1808
4368
1417
3375
4359
2176
4355
3455
3140
4108
555
1058
4107
4049
3999
4217
1762
3474
468
4768
2181
5036
4014
4349
1820
1182
960
4157
1181
915
4736
3456
3262
4825
766
1803
1442
1941
5032
2980
4344
1177
3438
4338
2171
942
1221
3126
3948
1807
4313
1239
3040
1157
4353
1051
4207
1696
4277
2967
4304
5052
1428
1108
909
4001
1813
4704
2985
3990
1144
4702
3142
3588
973
2124
4050
1122
4316
1473
1156
1781
1983
1605
1099
1683
783
1825
3683
2117
2197
2133
2137
4000
2174
1165
2273
3021
4697
1431
2163
4075
3480
1555
1321
3263
928
3700
2184
3590
3058
4580
3251
1840
767
3432
1113
3428
571
3252
3712
3704
1989
1848
911
4371
4373
1045
1798
859
1104
1861
1435
1797
1847
1416
3358
4327
3980
2984
4028
1780
1264
3502
4017
4748
1620
513
1779
3701
1766
3507
2217
1437
2254
1153
4264
4462
3949
1001
4016
2215
1557
1415
3461
4665
1698
908
1170
554
1160
3440
3969
3959
3313
4161
1857
3009
4628
3337
914
4061
917
2132
926
1822
3469
4201
3991
4752
1145
1110
4640
927
1965
4010
905
1423
537
1065
3228
4377
4456
4796
3260
2125
1064
1429
368
870
3465
4348
1017
4484
1103
4008
1482
3457
1901
1824
503
948
3974
495
526
3464
1969
1598
2195
4778
4474
773
3258
1527
1229
4333
2979
500
3296
2160
1973
7
1532
984
1875
930
1528
916
1202
4281
4079
962
4085
2158
4265
5012
2142
3152
519
3463
1764
452
3436
3139
4009
5051
3776
1961
3656
1745
4390
4112
4383
2965
2151
1204
814
264
3446
4214
813
4357
4989
1427
853
3899
1795
1792
4784
4162
2196
3049
3445
4458
4750
1100
2481
1988
1831
4004
4794
3052
3433
4698
1209
2260
1168
1146
3365
4100
3404
4666
549
3788
3572
1801
4314
3657
3787
4125
3606
4298
980
3451
4328
1300
1063
4033
4652
3822
3988
933
1963
3827
2110
3761
1769
3566
4184
2263
3472
3466
3038
762
525
1461
5019
3119
867
1979
4072
3699
741
1426
1003
4819
2550
1623
4661
3956
3348
3322
4777
4027
1478
3715
1957
4710
3729
514
1014
5
518
4216
4382
2155
1425
4766
4717
947
1022
1424
1793
4773
4692
1811
1066
2141
2289
797
369
3981
3243
1521
3510
1718
1148
3279
2245
2150
520
4391
4410
3353
1841
221
985
1872
4897
2445
1619
3434
4005
3062
1836
1870
16
3696
5046
3391
547
4259
4476
819
4149
3312
2014
2149
530
569
3
4798
4197
1243
1115
4374
1859
1972
3305
1914
3084
3439
1804
3693
4450
3298
1878
912
3608
1895
838
476
4635
4035
1481
4749
2224
4106
2123
1591
820
3282
3294
1117
3697
3377
1049
1538
3045
4724
2274
2267
1057
4111
2223
1114
2170
3546
1119
922
1790
2120
4536
3454
2966
263
3067
2278
3945
4761
881
4280
4209
4764
694
4894
4364
4786
2256
4037
3643
2983
4457
1760
4505
1937
1784
1815
521
3552
1071
4422
1842
2015
52
2718
1653
1936
3504
3789
1802
761
1106
1829
4263
3345
4404
4985
1949
3288
1007
854
4472
799
3570
4343
4823
3523
1763
3272
3357
1074
1267
3319
812
3354
1551
1094
94
4624
1084
4347
2
1061
4059
1149
3441
918
3026
366
2148
4022
1304
3125
3982
4044
1441
4800
715
3794
4185
3039
4715
2362
3692
2205
4782
750
1135
4679
1522
3691
3079
1548
4
3435
2261
4858
1418
2542
2109
966
719
3147
1465
2534
2154
1176
4859
1253
4080
2441
4356
1658
4385
4993
4175
1606
1093
3625
508
494
4393
1075
561
782
1787
534
1133
3650
1865
4463
925
3790
1823
533
3450
4378
3792
907
538
4384
1716
1477
950
3568
4387
4132
3616
3467
3613
1082
1839
993
4972
4334
3144
1694
2746
2907
979
2680
2178
3710
5037
2259
2116
830
2162
1501
3359
2434
2266
1172
2249
840
3536
3694
4253
1494
2138
1362
891
2306
3291
2500
376
751
803
4055
2016
4586
4720
3339
2277
3921
716
2094
272
4594
3459
4006
1174
4502
3027
3475
1912
4312
2118
3957
4210
2234
2412
2705
154
1998
257
2554
406
2798
3796
2893
4538
4942
258
1290
408
2740
3579
430
83
2567
1951
704
651
103
2800
286
3937
2776
2927
3816
1390
3235
2827
2344
1594
1673
288
1699
3068
357
31
1350
2429
106
1631
1032
4345
2915
1359
4543
226
2821
4826
360
3168
412
4968
3939
1008
3968
2413
2600
1493
1608
4557
246
1408
3156
393
278
4941
2905
3007
3106
4466
2623
3332
4861
3203
4154
672
2544
2543
3352
90
158
1158
3054
2858
64
592
4178
4465
449
3926
590
4297
3315
244
3174
1292
3718
1197
1727
1915
1974
3306
809
923
1123
3425
3245
4828
1778
237
1890
1867
3462
4806
4278
764
4180
3744
280
1581
2272
1947
4762
4351
4069
1356
3518
3529
1920
1086
3530
4094
3268
3714
4459
902
837
3057
1140
3443
1274
1263
4199
4695
3811
2506
269
1399
1403
2808
876
328
2587
4969
2875
3772
769
4503
4171
4238
3727
3925
363
3193
663
2817
2076
2602
740
3996
4468
712
3930
1227
362
201
2857
3030
3161
2801
2436
4145
1391
2645
2747
2847
4842
2848
735
4550
778
3749
1188
2961
3178
3767
2811
3768
248
1960
4432
4565
1592
1322
3042
273
2075
2770
3186
4115
833
2859
3211
3059
4308
3832
3216
2603
1566
213
15
4479
3223
2391
4938
1687
93
2720
2917
3419
424
3576
67
4537
634
800
2804
3218
4617
3886
3183
1319
1659
617
3035
4513
1068
2081
1208
3442
3090
573
3094
3778
4218
2981
4425
4083
2477
856
4741
466
1533
2487
5024
1613
3002
4114
2976
3719
3381
3249
1083
510
1603
2407
1469
2299
1236
4380
995
3883
2164
3995
1849
214
4043
4039
250
2264
4040
4646
550
845
4658
2780
727
92
4733
3647
4165
4944
2547
3154
4219
428
2937
3109
3089
640
3854
4205
3104
66
414
4975
1330
2102
3865
4160
2417
4208
2717
2240
587
4232
1682
225
1672
1081
4151
2479
3973
3747
462
1337
303
343
2836
4021
1414
1285
2788
564
200
3722
53
516
3785
1164
1186
335
110
1233
2784
1531
613
670
3171
2378
2365
2324
2598
3070
3160
2972
3884
1348
2555
220
3394
2842
4332
4526
2328
359
648
458
161
457
790
3520
3756
312
3008
575
355
4306
3227
3927
4478
2374
4836
1314
707
3522
1
1265
152
1278
2619
4956
3213
2610
2973
2320
2840
3128
2402
1749
2370
2026
1240
2660
4255
3078
416
4213
2605
2340
3018
2764
2737
4176
358
2382
3915
5028
2367
2874
3910
3387
3525
4233
2639
1213
4648
1663
3923
392
274
4360
2482
3196
2349
4562
3904
2715
639
3299
1275
2765
423
2891
175
3896
3894
2488
1462
254
2368
4860
3644
4837
3558
2568
3637
3366
1382
586
3237
659
4246
2049
1953
437
2318
410
4831
287
1234
3893
2621
4841
3997
265
1055
3071
4439
3202
796
1187
135
2607
3236
4173
1257
4623
5014
2010
2527
3473
3605
3531
1059
4139
4844
4645
3274
3399
3281
831
3783
559
2986
4301
2229
3674
453
970
3673
3485
718
1542
1862
1768
3675
2050
3587
1773
496
3614
3720
1850
3736
3355
2275
3335
3678
1724
4337
3593
1908
1491
3965
4843
3753
4878
194
2471
2496
1352
1475
2283
387
3775
3085
1810
4997
5003
172
3003
2880
717
3513
1995
2632
2672
706
129
4827
2959
490
576
2113
3564
2048
2759
3389
4376
2701
1270
4099
1203
4847
3005
1401
4413
3031
2338
4776
2035
3398
39
4982
489
4996
2462
4978
771
3774
4928
81
1366
2284
2783
581
2939
2375
2087
850
4962
4200
432
3895
625
2082
1665
2410
3935
1225
63
302
4990
2380
4876
113
96
629
1669
3184
2570
3560
2253
1578
3209
1251
174
3550
4974
1975
3897
1198
2322
2457
1219
2911
3181
3041
4177
4392
4818
4871
2870
2706
1016
4563
3000
2856
2988
4896
2426
209
4850
987
1220
779
4534
184
4276
2697
1206
2439
4110
2345
4011
1376
3759
4971
2638
459
2369
1369
685
1214
3266
886
2403
1844
3920
2614
123
816
4579
4573
2446
1305
3247
4687
1039
1993
1529
1226
4568
4191
2107
944
1982
570
3360
1918
3543
1806
4799
4288
1067
147
4630
4609
1534
4981
388
2300
2093
1020
2167
4473
4282
1101
938
2775
4855
4068
4607
1025
4137
1505
1642
2208
1421
788
1638
1708
3273
969
4602
1387
1805
2433
1445
3092
4604
2097
4258
2042
3180
1748
742
3470
841
1302
2039
3757
949
1923
2100
3620
4566
19
3960
4269
1503
579
2738
1741
1230
1707
4931
1386
1072
23
1728
1141
3064
3162
656
444
4598
3987
3609
3652
4319
1667
795
1846
1586
18
2008
2080
1976
4220
4611
2079
2028
1680
4270
3760
4524
5033
20
1602
4130
1930
4544
2409
4485
5026
1649
2531
5044
3626
2450
3938
759
4444
4851
3773
682
3013
1159
2727
3784
936
2177
839
1324
1905
2455
4163
2058
2787
62
2018
1786
1486
1582
4546
3069
1567
1629
4504
1584
1643
4433
4940
2761
2653
4979
3782
4252
1617
3871
4603
4272
4549
1260
2561
676
2317
580
4430
40
2427
2931
643
179
2473
3210
2002
1597
3766
4222
1565
2648
1630
1056
1433
3872
1485
5031
2975
475
1650
3073
3881
1449
4442
1607
1526
4118
4236
1394
2301
4144
4117
1569
292
2853
3149
4138
74
4423
4548
622
2503
1036
3983
2833
2483
2948
4012
1444
4086
1205
1932
3081
3483
4224
4045
1689
1256
5009
2458
3671
756
223
3972
2381
2884
35
3610
2519
3933
3900
1715
1986
2497
3087
3619
14
885
4707
3544
3338
4755
21
3540
1372
934
4805
3750
3547
2540
497
3709
4672
2489
3501
972
1880
3538
3551
3702
1640
3024
988
3521
4647
3325
1028
3143
989
1853
2298
1782
4369
4639
3584
469
941
4709
4469
1516
261
3484
4680
22
3541
990
4683
3086
3145
2898
1407
4320
3043
38
3690
3110
834
4879
1294
775
4833
467
2667
481
4889
3411
737
2516
2252
4584
3998
792
4271
378
4883
1325
2909
705
4274
3328
2478
3635
3708
380
5039
3922
1092
480
3542
777
4267
1098
2883
1015
407
1013
1343
485
3347
4581
342
1259
4908
566
1898
3001
3336
2213
379
2882
599
3028
155
124
3829
869
4491
5034
3725
978
3855
138
3917
1615
3548
3821
630
1211
413
3233
2342
1596
3343
3509
5022
857
1889
88
3516
3121
4882
4553
3508
3914
3123
3503
1654
3514
1000
3858
2913
3122
3076
1926
3129
3074
3493
4512
4933
2562
1701
3873
4881
1888
1977
3667
3033
3687
176
2502
4046
1693
2065
991
3728
892
3382
1344
1216
3934
2242
3239
1029
3500
4292
4856
3096
2978
2054
4902
3479
681
3944
3020
3905
3524
3257
3240
4930
5050
649
3763
4905
895
3072
3876
2992
3561
3856
3879
1666
1611
1459
3684
3014
3888
141
824
3860
4919
4884
4256
602
4910
2003
3101
3866
3498
1968
1120
4395
1371
2881
3403
3023
1468
1886
3025
4447
3563
3170
3276
4877
5029
2422
3931
2994
1599
488
3685
1709
3488
1370
2504
3046
1677
2616
97
686
4203
3490
3680
2969
2904
2901
4164
4921
2982
4977
3688
5005
3642
5023
4610
1612
4229
109
3682
2288
4150
136
1005
1894
4104
4168
1571
3151
397
3406
4076
3733
4156
684
2926
1646
4486
3175
4863
1884
4914
3589
2689
4835
3665
633
4109
3453
3476
1277
4495
2597
1684
864
3975
3629
2626
3916
3034
4567
3010
4601
4361
2265
3758
3506
1946
3267
3793
4266
1169
4788
1238
2529
1647
3177
3489
4904
4152
3022
3818
3670
156
3898
4898
421
680
3686
679
4167
3019
2258
3645
3630
1358
2691
3372
3841
4179
1244
1651
3964
4866
4020
1246
4907
4727
1027
69
1559
943
3581
3721
5008
4857
4795
3913
3486
2906
3409
3324
1558
3850
3380
456
3597
4638
3707
4062
3661
3698
4143
470
605
3634
1742
1845
2539
1956
1962
1457
5007
1047
1261
1125
4331
132
4285
4723
2020
1964
4081
552
920
818
3383
1456
108
2221
4379
338
604
4311
332
2398
1635
1834
4729
3809
4399
4653
4287
763
3417
2257
4779
1785
535
4626
3309
835
4174
1950
3961
2470
2920
1161
2899
1948
511
4547
3083
1136
4370
1833
2199
3137
3971
4211
720
1656
1308
4078
4429
1338
3801
2233
3985
2823
3847
4994
2085
3863
1480
2251
2887
3271
3677
1361
3535
3659
3751
536
4299
1476
4188
5045
1695
1722
4490
2230
4984
2692
3075
1038
1634
3534
2311
2396
2218
3786
3810
1550
4943
621
3308
2183
3636
2238
4732
1048
4522
4756
472
1375
1719
1111
3653
1671
3795
3112
3599
2541
1271
43
4809
463
2227
3716
3617
4807
3056
3963
3127
836
2111
1616
1310
1232
1720
1992
1714
3843
4467
4025
1284
3779
3206
3628
2954
3799
4986
568
3803
1303
1130
1128
3248
626
3499
565
1668
1712
1255
3918
3111
374
4057
1685
3877
3798
4488
3851
3158
5015
4988
3113
3808
4289
4801
1645
2424
624
1562
1107
3618
862
1874
1703
4689
3833
4082
527
1282
2924
1247
4181
1588
3875
2089
3114
1639
1626
1580
4815
1560
3148
4074
3800
4048
2634
541
4636
1731
1655
4097
4042
4087
2456
499
4998
3639
910
3253
1190
1627
4196
3421
793
4228
1835
2492
4731
1711
1134
4363
3333
4029
4133
725
553
3361
515
877
4088
1283
1276
4091
544
4030
1237
2510
4098
3583
2522
3259
1902
3603
619
594
1193
556
3037
4829
4790
2126
2432
866
755
502
473
1192
4663
4024
3867
2507
1614
131
3615
551
3301
572
2211
240
182
2703
4407
4725
1855
1109
3941
3640
1069
2501
3146
1353
563
3943
1771
3992
2244
1241
3812
3730
3363
1096
531
2115
749
1470
714
375
1819
542
847
239
2313
2631
2393
1037
2523
982
2493
1553
1717
4487
3549
2401
548
1518
3853
4326
4121
4532
3826
4303
1746
4318
4572
1466
1931
471
1556
4885
1450
512
464
4814
4726
1089
2347
880
4053
848
1777
1210
798
478
465
939
1090
1637
1783
4657
1137
4713
557
1772
1506
1139
181
1524
4031
4684
1883
1934
1757
3752
975
1866
2524
4737
823
373
1422
151
2530
1147
4089
2128
1142
4365
3297
2072
12
2239
58
55
289
2795
2271
2734
296
4706
2774
3341
180
794
371
1326
507
3481
732
781
852
3290
3631
3318
56
262
3600
13
2169
2235
2877
3280
454
1349
4629
546
509
2063
1183
236
825
871
2538
1446
1299
953
4787
59
2180
1077
3604
903
3444
904
4302
3302
4506
4500
3370
1078
4735
2012
1088
3284
3307
4418
1775
1050
4077
3304
1043
1907
2168
1079
1091
3283
4656
2051
3378
1060
2041
2146
728
3373
4477
971
921
2250
1940
3567
1985
1046
1545
2190
3427
4501
1451
3303
1062
4625
372
3825
173
1744
4591
2777
1163
2873
4808
2127
2135
3976
4772
1297
4315
1031
4095
3422
4839
2130
3327
739
3393
348
729
4682
4745
4846
1944
1166
4414
4675
3364
2335
2395
2005
4054
4169
4400
2228
1357
4769
3482
3317
3954
955
807
609
964
2535
4060
4632
2119
919
381
1006
1180
4494
4633
4674
4738
1138
1042
2056
4810
1933
3557
2518
874
1070
3970
251
4789
3519
3740
532
2363
1868
4056
2822
3711
4509
2494
601
1132
2036
3397
498
4519
4015
3330
1860
2153
1873
4677
3275
826
1175
1430
3401
4681
3477
3713
2521
3852
1023
3342
935
1750
389
3668
1564
2191
801
4352
0
238
4460
4643
4659
382
4804
2198
726
2361
4324
1458
115
958
2040
828
1024
3448
620
3955
3321
1009
1554
2372
1438
4699
4330
2023
976
1796
3369
2187
1924
1143
27
890
3946
2243
1984
2000
618
4832
483
2749
3624
3349
2663
1852
3695
981
1004
2173
365
3460
4575
1052
3573
765
3966
4064
4317
1171
4019
2203
3346
2408
2069
4448
4664
3731
951
4705
1636
2688
4694
4341
3255
4654
2310
1514
808
212
3289
1034
2143
1743
802
4388
4895
3632
4588
4508
3612
4493
3703
545
1618
4660
2161
3418
4066
2287
1498
2106
11
1579
1991
2960
1121
2855
4621
4480
4397
2890
2611
3415
2666
4888
1085
1913
451
2930
3277
61
3848
937
1657
4718
3705
945
3447
3515
2786
4763
2360
4279
2255
1994
4845
2537
4751
1434
855
817
2397
3953
4510
2664
2315
3586
2686
1799
3823
2357
4767
4701
1512
2670
2212
3413
2309
461
832
1223
2356
3278
2282
3864
2938
954
1887
3386
889
3952
2186
2193
3323
2078
1420
1217
1938
3468
1179
3741
744
3292
1129
3300
1131
2532
1080
46
3662
3820
2661
4514
3537
3310
3646
1755
2373
1832
2773
4714
57
811
3311
3124
1492
2914
3565
4070
2752
2724
2350
2201
4760
3602
882
731
4781
4215
2910
900
3395
2297
2296
3449
2046
2677
2159
1877
2165
3585
3293
4322
203
4481
1939
3512
3574
4300
3658
2286
45
4417
780
2037
3374
4325
3824
2067
897
4520
10
963
2214
1105
4783
2206
2236
2302
884
3835
3120
2007
1095
1432
486
946
3191
730
770
1126
1511
2291
2348
1320
3408
3452
3407
325
899
1010
4286
3594
2019
4436
4449
79
2073
3340
3596
215
224
4489
3651
1919
1759
2038
2001
3595
1118
1893
1916
1896
1587
4461
4492
157
1843
2916
1876
2577
3663
3592
702
4590
2004
4284
4595
4529
747
898
748
893
2331
2319
703
1971
3781
2578
2572
3344
5041
2064
4394
4398
2066
4403
4290
4589
2071
2068
367
1838
1073
1641
4402
4774
1496
4389
3526
1624
1906
1788
391
4743
2950
2323
450
4747
344
446
3706
3607
324
323
4644
2576
314
311
2864
1288
2513
2785
3857
2750
1536
1507
2997
2333
2636
2156
4592
4587
4583
2549
3676
3689
3681
3669
821
710
2024
1018
3458
529
9
666
6
524
425
3326
671
660
2662
1150
1306
2013
1573
1019
1011
1625
4194
484
632
506
2192
1761
25
4872
2565
5001
641
2846
3978
285
638
2355
4797
2359
2387
3351
688
2921
398
2268
3246
2276
4034
4712
2903
2285
2290
2922
3533
2295
2894
2892
2886
3545
1124
351
349
1610
1609
2294
2314
403
405
4122
2993
482
2987
4622
477
2210
1044
4650
443
404
2946
2941
4671
426
3497
3505
1652
4685
4686
1087
4691
2945
4358
2269
636
2430
2009
3388
4582
932
829
929
1747
2739
2418
623
2435
2021
1751
1752
3118
4569
2029
206
610
2031
1495
210
2400
3633
4483
2744
4455
4454
4900
2699
4170
2140
2463
2702
2461
810
745
143
144
145
4293
4918
300
150
4917
940
697
2841
4758
2838
2131
2835
2834
2832
149
3672
906
2829
4770
306
305
304
4498
162
1419
165
2440
3892
743
3426
696
1858
4452
3423
102
3420
2656
4948
4946
118
2771
122
2449
3265
126
772
1381
299
294
259
4852
256
4849
255
872
253
724
3734
3737
1335
4223
2797
1331
2596
2595
68
2594
54
3220
3742
51
692
1327
983
3745
2593
700
1342
75
875
2809
1540
1541
2812
2813
3556
3562
723
861
3061
3060
3569
2624
3571
2618
708
3371
3368
222
1323
695
878
3200
3179
3192
3189
2055
2337
32
30
2343
3176
3805
3802
3172
