4086
590
5032
3155
4441
569
3180
3860
594
143
607
5013
4837
1921
4416
4030
1255
1874
3330
1951
2016
2467
3755
593
4594
4146
5113
3429
4544
1853
5009
961
5069
1845
3501
915
561
2203
4549
1212
5120
3848
3028
1856
0
1836
2478
4537
3439
1248
4131
3063
2078
916
1087
2485
1504
4382
842
962
532
2024
1191
5007
399
1873
3148
3573
1204
976
1295
4396
5067
4453
2289
401
3037
4397
910
3431
3395
4369
571
4550
2185
1814
1480
1984
5029
1142
2172
3548
400
3678
959
1253
4781
2942
2468
2298
142
4763
4686
1938
1994
3650
1852
1993
1999
4384
1947
4545
4383
1156
3662
1091
4417
4560
1884
4538
1165
3377
3338
1973
1971
843
2182
3083
1800
3464
953
1922
1950
3640
1802
4734
844
3181
4561
4426
3380
4578
1812
1941
4768
4577
1194
4118
992
565
812
4563
4572
531
2280
1700
3133
3442
459
3727
3506
3440
3579
3708
3670
1679
4053
958
913
1251
1305
4777
3762
2177
3521
3038
1267
387
4801
1694
3649
3508
4376
867
1143
1246
528
1101
3705
5110
4418
3535
1260
2282
545
3453
1200
4387
1809
1150
840
3648
1872
1552
1608
2187
1149
1090
3656
1323
1842
606
1648
1778
4367
3407
3637
2000
3374
2001
1879
4532
1983
3697
1818
3657
786
420
1986
1813
4427
3671
2038
1073
945
3930
1209
490
4428
3403
1086
1799
608
1985
4758
497
1875
1573
1892
1620
4462
1298
3653
2317
4372
4122
3771
589
3554
408
4185
952
2202
3507
3445
956
917
1214
985
986
491
3072
3768
1586
1258
2283
2442
4659
503
3669
3527
4412
2425
4774
4043
903
4543
122
1035
2226
1923
553
1164
542
4539
926
4
3691
4377
3503
2379
3394
4378
3748
3526
4095
808
1788
3409
2002
457
1051
2181
4483
4583
3408
1782
3455
3147
857
3869
3
4529
1684
2015
4569
1974
1099
2507
2579
4132
3676
4147
537
2189
4617
892
4531
4371
1863
2008
3036
2174
3326
1795
1891
2009
3418
5074
4083
862
3143
1908
1192
2400
570
3025
2939
3642
4390
999
2381
1135
5049
4406
3500
1043
968
965
4117
4647
1695
4732
1234
1619
4741
4121
3559
1000
1567
5039
1207
3703
3456
1243
4133
874
4238
2014
2209
4386
837
3764
797
4143
1133
4712
3781
864
3463
1822
836
4793
2943
1067
3504
4028
3528
5112
1173
3883
1373
1819
880
489
1301
559
1829
2143
3937
1420
1871
3687
4609
4541
1998
1482
3672
4370
5119
1831
1821
1830
4490
3732
2164
1837
1293
4240
4567
1832
4062
948
3801
4432
4725
5017
3760
1841
3462
1785
934
1089
1911
4914
1105
2372
3029
4119
3772
886
2215
2170
3510
3459
3027
1159
577
1472
4590
2412
905
1279
4785
3119
4709
2020
3364
1471
1593
1254
4379
1262
4442
2303
3871
598
795
3562
4158
573
4845
2295
1100
2150
2599
3674
1413
5079
3515
3756
3767
3099
989
3505
4182
4582
4127
3666
3537
4470
3862
4527
2728
514
2035
3337
1048
1991
2043
1992
761
4528
1787
5082
1170
4292
4566
1939
1134
1126
3729
3563
1231
3692
1050
1789
1052
851
502
946
950
4465
1206
4522
1117
3355
599
1319
3339
4380
3673
1569
433
3876
4461
2135
3071
413
2026
877
1583
4943
4138
4089
3449
4136
4628
2698
1675
3731
2193
3336
4186
1565
3365
2169
1160
2040
4727
3641
409
3053
3894
4098
995
5059
520
2277
1284
3775
1864
2273
1034
2345
667
4415
4770
1012
4394
3870
4183
2580
1118
3389
1125
4759
3540
2210
4350
982
4092
4595
2010
3346
393
4556
901
394
1987
3476
1110
5008
1912
3710
4596
463
1138
1080
3420
3695
2050
4581
1796
3615
3645
3419
1833
2044
3344
4551
2019
3720
3474
1437
102
2023
988
418
4398
1096
2041
1865
3428
4411
4360
4564
1728
3888
3137
1158
4784
3353
2149
4113
279
2249
1220
749
4693
2402
4805
1384
2635
1422
1883
3531
4172
1650
3045
634
4827
2417
781
656
1447
2376
4769
556
939
2496
4666
1905
500
1739
2329
3631
1909
4843
854
3073
2432
1824
1719
3578
4187
4034
4222
5096
4067
2214
1407
2290
4676
4536
3834
1263
3514
1734
4052
3701
1289
3667
1292
3773
4526
4348
4385
4420
2483
4518
2935
2598
4184
1828
4404
4391
1008
1621
4403
3658
1228
4407
4094
3831
3639
3491
1288
1129
1314
1229
4519
5109
4058
3582
458
1009
1146
974
4521
3858
3343
4548
1825
996
4102
1766
4493
2613
2874
3736
173
3174
2811
5011
1848
2884
4514
645
3861
3424
3287
3972
3224
2595
414
4939
4926
3306
266
3220
3966
4670
1765
1533
4331
2584
5108
619
2406
696
2665
368
259
3058
1523
2451
2568
3243
2853
1741
4997
1336
4959
454
4340
3075
2244
3319
4224
4229
1181
521
1557
3087
736
3089
2562
3321
1102
595
4279
540
3994
3808
2316
4825
2318
870
1632
4719
3128
2042
2517
3255
1174
5003
1645
4803
4876
3890
3524
3555
2235
1242
1580
3721
4358
2495
957
3827
4765
4130
3239
1588
3716
4816
734
2675
4513
3293
4296
2813
2845
1599
282
707
161
3619
2126
2836
3276
3254
79
2954
3934
4263
2351
1219
97
3282
2591
127
2980
1380
704
3107
2753
128
115
839
3024
67
3033
4638
2740
2762
16
2672
4303
3185
2795
3084
5056
1738
3412
345
4019
326
3950
4794
1601
4984
3310
4642
2711
2068
4903
826
256
4982
88
3154
4945
483
269
1250
1623
3131
3237
2869
2096
3635
402
18
2320
4792
1768
4674
5103
3470
275
3002
312
95
4631
2708
2384
306
2453
4017
3250
2048
4081
375
4973
4076
274
4287
5071
578
3851
1151
3205
1131
1901
1797
858
2307
582
1230
536
5016
2944
4446
1109
3054
3173
1057
2427
1148
3030
2262
4471
895
1281
1285
4413
1666
1308
1076
1318
2133
3542
391
1893
1786
5073
1111
1095
3709
2030
1011
1324
1882
3880
4111
3610
1108
861
4142
1722
1742
4986
5114
3997
441
3817
281
2491
5048
3122
632
480
4975
671
1433
396
3311
4756
3125
1888
2558
940
4271
2175
340
2920
725
2979
3400
3953
2832
3601
775
3900
2624
1479
3106
4921
4916
920
2643
3979
423
197
684
4474
1163
1794
2805
4176
3978
4547
921
2968
2767
2346
507
1400
55
1672
3485
597
4485
3980
2981
1332
3108
1670
744
1441
1077
140
243
639
2121
3613
253
3482
3719
475
24
550
2548
1876
3406
3285
4994
3835
1896
1605
69
2378
2674
4889
1502
2385
4904
2710
2616
222
3215
48
224
1755
4278
1335
4160
4454
136
1955
1512
1457
3300
2780
4162
4505
2854
4657
4236
260
5097
2751
5086
262
154
4502
4902
476
5061
3184
4510
1753
4802
2609
4918
1498
4509
4345
56
2383
2481
405
261
3624
2488
3158
3324
171
303
2736
3264
3905
4911
4511
4330
3626
172
821
179
1363
241
813
1536
2921
71
688
3906
4910
3275
3198
3918
4334
376
3241
1539
75
2420
2597
1353
3044
3175
1927
4235
2192
2956
2100
3283
3846
2520
291
2842
1442
1338
20
2950
1524
2569
2583
1604
2414
117
320
10
883
1456
2371
4855
2336
3062
4989
3770
4478
1390
3247
57
4682
1415
4237
4031
508
1203
893
2373
4452
3824
4070
156
4356
4139
4023
3651
2506
5088
616
2292
2268
818
635
654
4209
1514
2645
3322
1030
2272
2194
4697
3520
4499
1578
1120
4061
3086
4342
4881
4472
450
4477
2744
2745
3936
738
3454
2721
4065
479
3312
1259
2896
1667
706
4993
2765
3358
4438
4255
2431
3866
2820
3357
3797
2829
2691
2712
2966
772
810
311
1658
2894
3977
2118
3949
705
2399
620
4246
3975
2518
1438
3286
2522
3925
354
2838
2847
2523
3958
3743
2448
191
2120
2424
2669
64
1907
4745
1965
3253
2977
3879
4250
4950
2993
2421
2668
1793
4171
61
2704
4103
285
2113
4772
527
1449
4326
773
2735
4000
5000
2069
1628
190
2333
3976
1861
3056
3076
2306
2304
336
3363
1976
3249
271
2856
3742
3896
4104
4259
3893
1614
1211
1444
3271
4643
2369
2555
3096
3168
3307
104
1294
5070
4891
4159
1277
3909
1952
3737
4151
4780
4105
4735
3921
5051
1724
2986
5
4276
3360
4601
3595
2052
4736
2167
4506
2259
2437
4056
3284
5054
4888
422
2969
3150
1167
4730
3211
1963
149
1236
4268
425
3245
151
1637
4001
4362
1924
4298
4072
4179
339
1189
682
2360
106
4839
1329
2217
4703
3103
2012
3553
4606
4315
4007
1651
2284
1662
1386
677
1718
1327
4795
665
2003
2971
4941
584
74
3238
1688
123
1937
3443
1021
3437
2264
4644
4099
2462
4436
464
2696
3434
1392
3525
2072
631
3246
3195
384
3421
4764
3659
3620
5014
385
4402
1104
1634
658
1201
4610
421
2085
3010
3682
3541
1084
755
2067
3839
2218
581
1190
304
1039
785
3738
1127
5026
1979
4274
769
444
801
371
58
5091
1423
2475
777
3845
4084
659
3142
1929
2106
369
3197
2934
2729
2246
672
319
3130
2251
1416
2477
4675
1395
2312
1064
5041
2134
3112
1899
3468
1508
1290
2239
1371
750
718
3944
2552
4591
2102
5076
1995
2058
2501
1607
2546
830
3962
758
2834
2129
689
3969
4035
4207
1381
673
3316
3139
5040
713
1609
4208
3825
3405
723
1663
196
4168
4608
5025
5094
2473
3191
4264
3625
2375
3208
4898
4285
4153
3809
1166
2510
4661
4672
4645
4020
4341
1633
2799
698
4312
4625
1671
3715
2404
3225
4165
3270
3892
3201
2533
3272
4667
3828
1678
2398
3279
2130
211
4309
213
3315
2519
3144
5035
1193
4167
2996
4242
4004
983
82
2413
4073
628
4673
3323
163
4616
3689
2556
3159
896
1399
2386
407
3606
1273
3833
3584
5099
1439
12
3955
1378
5002
4960
4045
4006
5117
4055
613
3646
4750
3248
4241
1798
4046
1168
1455
3891
3947
2530
1346
412
3617
4218
1188
3140
404
5095
3209
2377
2415
4860
3171
4692
5038
3908
754
3730
685
1534
748
3700
5010
2196
5068
3328
165
2649
1945
3335
4041
3874
1948
4277
4552
3160
3102
5090
3109
4252
3234
3165
535
4248
3065
3105
3141
2459
574
215
352
3259
2452
1516
2768
3090
3163
695
1418
4655
1617
2859
331
1147
2124
93
4701
4964
3074
2798
374
3723
4150
2439
4090
3984
526
1843
4455
495
2160
94
4928
666
3019
3166
2681
2654
4141
1890
3818
4388
3712
863
1844
1855
3458
4232
445
909
2331
787
3782
4751
1062
1776
3759
1877
868
4622
4934
1902
185
3471
630
860
1141
1690
2335
2117
960
1754
4833
2236
2411
4875
833
2743
3769
4431
1554
4085
3668
2255
2293
1240
643
4897
3135
2097
4651
4900
1737
3136
1756
3465
2099
4809
4791
4649
2589
3120
1691
2387
2541
3761
1222
1492
3460
2105
551
1660
4967
4923
3690
2846
1239
3410
831
5028
4981
65
443
4282
2486
2484
2270
1244
456
4822
4912
2287
2450
3289
3079
1959
395
4886
2071
3457
4210
3483
2114
2328
5015
1996
4864
5036
2536
81
4813
1503
5045
1202
3261
1264
2093
3752
4225
3302
3765
4671
3822
592
869
4721
3952
675
4908
101
766
1652
1867
4992
1055
1157
1889
2634
2349
4669
2232
4704
726
563
2101
3149
5042
655
1137
381
3368
21
4688
4042
3746
1199
1309
657
3078
2357
4211
1720
1606
4755
2657
4668
5101
3774
1208
2352
3587
1510
2028
1115
2702
1898
588
3790
1172
3170
2505
2243
4749
2260
4720
4757
5027
1757
1485
4866
4231
807
4885
627
2554
2532
4443
2571
4731
935
4425
4307
2941
2188
2648
3612
4354
951
1278
4445
1116
4025
4615
638
4079
4440
4584
1904
1276
1956
2955
4126
2636
1709
4520
255
4346
2881
3591
1990
2722
3373
3498
2021
3546
2659
3496
529
3842
2581
1144
3675
1132
4300
3654
3811
398
4129
3354
1321
871
257
3802
4974
3223
4705
4976
3821
3820
1340
1269
1275
855
247
4641
4295
4302
2191
2053
1725
4473
4662
1646
1074
1838
1374
2340
3509
1440
501
4611
1280
2800
3156
432
63
4220
933
1807
702
534
248
1112
4604
591
884
4524
3055
297
964
1256
2967
4557
1705
1673
1816
3945
4281
118
1300
3757
1075
1302
4408
1065
1079
1744
3598
4570
1408
1078
5104
5100
3047
1119
1098
1642
3832
4558
3383
1070
1696
1085
1187
1935
4066
3814
3390
981
1522
3145
4517
4599
23
3751
4223
3968
3841
633
5006
4627
1475
4602
1081
296
3998
3146
2535
2077
3686
816
1182
3929
2790
4534
1322
4016
997
1969
4057
3803
2011
1693
2178
3091
4654
4605
1727
847
4288
3604
4123
1630
4573
1656
2922
4600
313
4409
841
2157
3793
473
3826
3569
783
1296
1180
4612
3744
3066
904
3393
2032
164
310
5012
1361
1445
3218
3854
4503
697
4423
2472
3545
3794
615
4620
1491
648
949
3441
625
3823
710
5106
3217
4626
5034
4060
4323
3745
1033
2084
3183
1045
1072
2027
1957
1152
3384
3844
3704
3469
3046
4392
4623
2165
4574
1389
2542
4032
3630
2123
549
2148
1484
2245
1506
875
2267
240
3538
1900
2233
1847
2305
2147
3878
2661
575
4444
1880
558
908
3375
2538
3331
873
1529
4450
2932
3041
1431
4063
2171
2936
2216
3110
4771
975
2279
3788
4033
390
2872
4193
3557
2200
2256
4233
2570
942
1225
1826
3777
3864
2443
4838
3806
1555
3207
510
5062
782
557
462
4230
587
2990
1521
4228
790
2254
4044
791
4051
2438
519
4148
4715
378
4140
2957
1071
3423
4013
4733
914
2840
1594
2247
2156
3194
2995
4580
552
493
4029
4766
2924
2208
918
4796
2388
1699
3487
515
4752
4191
3314
4826
2281
3101
2146
2332
2447
751
2549
3332
1649
1655
907
770
3899
4226
1661
2380
1382
4819
601
2544
2687
814
4788
3855
1216
2227
1553
3359
114
1638
4163
2248
1247
4977
998
3857
4194
1784
4069
4173
1486
4106
2963
2444
3320
4137
1345
1677
90
2356
555
121
1591
1411
3974
1701
4134
792
1383
4458
4156
1561
3001
2173
1574
4857
4707
541
4024
4188
4059
468
1466
2049
927
1528
2311
530
2325
586
1562
757
2261
4157
2258
3863
2155
144
1107
3556
3819
3785
2938
1405
546
2033
4405
4381
2652
4395
3728
3519
963
3356
3568
2631
3560
1032
3351
1014
2651
1177
3532
973
1140
1068
1917
3600
3352
838
3378
832
894
3644
1063
3722
3698
2576
3647
3565
3495
3607
3575
4846
2389
383
4368
3655
3499
3580
1161
1352
3605
788
4847
1810
2928
1427
1470
3778
1232
1417
388
4799
1053
1505
4915
2062
890
1241
2205
3204
251
2
4694
4946
2151
3549
3522
3534
308
4698
4776
3467
4439
4433
2358
4451
3550
2727
4419
3571
3518
2403
4357
416
2734
389
270
3784
3766
1004
3566
1981
4399
4761
3513
2426
3529
1989
2083
4858
4027
4245
1377
176
1103
4457
3387
2294
1018
1171
3643
1858
3589
1122
859
2007
3763
876
2089
1224
2394
3696
4614
1233
4221
1641
2338
1915
977
1560
4958
2658
1047
3588
4414
3444
4621
1061
4429
1972
1532
1221
4491
4422
4738
2344
3113
548
4154
1010
4848
889
796
4374
2929
969
1811
4078
1779
4850
4924
92
1997
3558
3628
3865
263
767
4434
4806
1136
4953
4927
2666
2204
3396
2309
990
3003
1227
759
3680
3713
1494
1291
1926
4100
4486
2353
1541
932
3448
99
4872
2435
3714
3345
1092
386
4435
1344
1515
2158
1918
2234
1781
2428
2678
3210
4082
3349
429
882
59
4714
3652
3849
1024
1026
1169
2274
3922
3435
1885
3804
2423
3536
912
3577
1093
4817
1736
1342
2201
145
4931
4639
1780
4093
1477
3009
455
4048
4821
4080
2464
1006
2080
987
1823
3134
778
2677
1954
512
2926
1343
2407
1007
4352
805
3450
2401
4568
467
1023
1364
3681
1595
4836
1820
474
258
1916
4026
3094
4359
3100
4349
4115
1210
3954
4152
784
1834
4022
4664
3594
4748
1226
1849
2022
4814
3798
1040
2223
2153
1545
4870
4320
1317
2362
4401
3898
3872
2166
1463
1850
3334
3991
2323
182
1928
991
4247
3951
2577
3597
2025
4192
2197
1894
3739
823
554
469
2676
2163
3786
3413
167
637
2229
3206
3081
4936
1654
245
3043
1467
4834
2183
636
3850
2056
2206
3523
1217
1362
1265
4530
3050
4811
4484
803
4244
4711
2809
1299
4728
4087
809
3596
2878
4175
2637
3787
1597
2301
776
4815
966
5001
4778
3007
4665
1640
2937
3000
1579
1124
3663
3574
2422
4624
4466
4823
3082
872
498
3907
1175
4753
780
4101
2047
583
1715
1056
2630
4037
1060
1059
3931
762
1815
3847
5077
900
466
4824
1960
2313
4068
1435
2276
1421
3451
2703
3724
4842
4097
379
146
1197
1476
3516
2004
3570
2082
2074
4696
4096
891
3397
2366
972
3361
3040
1325
4987
3006
3011
2582
642
3021
2618
4482
2910
2419
3430
4588
2253
1398
4929
4737
3683
3711
1547
5044
3433
1857
4597
3875
1154
4830
4559
4879
2405
3533
653
2327
4375
2528
276
4812
3039
850
3733
3567
568
2221
4873
798
3985
978
585
4196
4227
4219
1490
1698
2222
4592
2111
994
3379
2061
4540
2907
1686
4700
3026
1801
4691
3301
3881
2628
993
1835
4145
2060
828
2054
504
1748
824
3843
3638
898
1887
43
2322
3665
1464
1044
1968
799
4170
2300
3493
2508
3425
5058
2288
3369
2446
1685
1307
1683
2269
3702
1235
487
3466
181
186
947
567
2716
822
3494
2715
2625
44
1462
4355
2334
835
4743
4525
2441
1066
967
4496
2324
2714
1804
3544
2321
3552
2629
1961
1886
1881
2823
1017
3877
3783
86
2885
2348
1328
4786
2211
1015
802
2086
2090
1610
3370
669
9
2091
2063
1846
1982
849
834
3725
1088
3341
3382
2633
2930
3685
3517
1121
3694
4469
3609
2632
1162
3660
3350
1020
1139
3706
3614
1114
4353
3398
2563
1401
765
4389
2887
1029
538
2354
2350
2639
4854
576
1186
1316
745
1393
1360
4373
2888
2882
8
3633
484
448
486
2593
3816
286
287
442
2592
2902
2903
899
3973
4449
1946
544
4351
3636
350
342
1914
566
1970
499
4200
1365
4587
5080
2610
360
5004
3753
2079
2916
166
2572
4985
2997
2991
2792
4120
40
1001
2685
4637
218
922
2827
2368
3004
1535
4613
1272
4005
1481
3280
1775
4652
329
451
1542
349
4710
3933
3070
2575
533
4128
4050
4504
4576
2195
2179
2961
2965
4754
419
2460
1659
4744
4054
3583
4036
1643
1183
2302
1185
2949
397
2337
2945
2341
2342
382
1627
4011
2330
438
4722
4724
524
2224
4125
4124
2228
513
4116
2238
505
1106
1714
2252
3020
3018
481
1473
1978
1958
4166
4161
1790
361
357
4810
2900
2899
351
348
344
343
1396
2891
2905
334
2883
1581
2880
2374
2875
321
1575
2892
338
2908
3622
4189
2176
2180
3475
2186
3486
1042
1046
2213
2906
4695
4708
2271
2275
3294
1613
1612
1611
2911
4840
465
5102
5098
2619
2065
614
612
610
3132
3126
2098
3116
572
560
3098
2141
2865
4841
2858
2857
2855
2839
562
617
4546
4542
699
691
4480
3203
3202
681
4488
676
4494
2018
664
2029
4512
650
649
2036
2045
3162
4533
294
2835
4869
703
227
226
223
208
2726
2731
2732
2733
3452
1223
1453
938
3948
815
4347
3347
4337
4336
3446
2750
4328
2755
2436
4954
2757
2433
3348
3938
2470
1443
4197
4198
1261
4365
120
4364
3260
124
3747
1429
3923
954
132
133
1434
135
137
138
139
885
2480
3932
2474
192
2775
2794
77
3887
4942
866
73
3884
2789
1777
4938
1369
2524
3677
5064
5066
3267
1499
3265
239
2627
3263
4933
1268
1975
4270
4269
2831
2830
2688
3422
2686
1808
771
2679
3303
2776
2673
760
3298
2810
105
3296
756
2808
752
98
3292
2804
2418
3799
4467
30
31
203
4925
1349
36
4920
41
210
4919
201
2605
212
2608
4917
2612
1966
2620
2622
4906
2779
2784
2606
27
35
2565
2564
970
2553
984
1936
25
4460
2759
979
