563
5109
3848
581
1863
2736
4185
3072
4998
673
1733
3162
4074
570
4258
4226
1203
540
3096
393
1896
3690
790
606
1884
1213
1011
394
541
2294
2365
1988
2027
975
1806
1883
1031
4051
2291
4125
3063
2264
2236
2014
474
4557
3884
4566
2285
1022
3053
3677
4707
497
1183
2218
1835
639
1476
1209
5104
3064
2056
2198
1233
4096
4
3636
2267
2377
828
4525
2282
2150
4164
4786
3641
1099
1272
4023
3126
2187
3056
1190
643
982
1202
983
1187
2225
3642
4108
3082
2156
4067
1885
2235
4058
1683
4723
3784
3492
4189
3091
4575
3643
3495
3206
788
3447
4735
3450
1097
3501
1822
3065
1810
1234
4790
3751
2499
3737
4357
2330
4838
2472
1232
4769
3857
4081
1892
2269
4719
1184
1845
791
968
1881
3194
1493
1200
1107
4834
996
1828
4859
4403
792
4687
3790
789
2550
1824
2046
2709
1035
3714
1606
2502
5102
3535
4090
288
4941
4732
1196
2037
1106
4368
4385
679
1995
1221
2163
5007
2309
2180
619
495
2503
2249
4093
817
4871
3500
4029
3526
1282
3420
3798
4112
1216
4961
3640
1175
999
3593
4768
4572
1811
3725
2023
2268
1543
4022
3442
4798
2753
963
3908
2251
3763
1098
4773
3766
2271
4359
843
2555
1194
3786
1997
3785
964
4050
1866
4812
2184
4415
1849
761
1195
2167
3696
4041
1517
4797
1276
3320
3810
3529
4713
552
3847
4548
3567
3336
1129
4705
1018
4761
1262
1003
1353
3589
1087
4413
1795
2158
3994
972
1267
4404
4530
1973
1569
864
2287
446
2468
1028
4879
4034
2569
1922
3691
2152
969
146
3644
559
4117
3373
4552
4376
3433
1015
3413
4743
2202
1984
1356
2300
3748
1279
2463
2234
1708
553
3109
3328
4813
1889
704
3648
3037
3155
1176
1275
4420
2950
4120
2203
2464
3713
988
3527
962
4758
1925
958
1508
1110
4027
4958
145
3498
2326
3689
2744
1542
2438
3496
3530
1056
588
4004
1167
1861
564
597
3209
4815
4805
1154
4367
769
3083
2019
4700
2045
3544
2206
4531
2359
1833
4024
1237
3542
4523
1535
3645
849
4422
3741
3458
2171
1838
2297
4375
4752
4532
957
3818
1210
586
2551
3534
3586
4381
500
1403
3347
3508
3207
3776
4406
4780
1602
1109
262
772
5084
3409
4718
2000
1044
3138
1572
4363
3844
1084
2028
3533
4399
2435
3057
2193
5068
2161
3854
2192
3855
993
4084
3768
4221
4478
987
4908
3511
3671
4059
4269
1653
3753
1250
1230
970
4729
1004
3454
4507
1788
4335
966
1525
4691
4891
2305
1270
4062
4417
1143
4849
3904
3437
3543
3754
644
2018
3467
2417
3410
3352
2370
3525
4759
4421
4339
1825
5066
2568
1821
4412
1946
1114
4747
478
2410
1856
1486
402
4954
2029
1642
1231
388
3429
2572
4102
2155
4903
1807
3797
3986
4428
2067
3898
1123
499
3436
2290
1206
2953
4344
1112
3363
3504
1105
3217
551
1875
2507
1905
1032
1855
2058
596
959
4843
4678
1036
921
2346
4094
4119
1989
4008
774
3490
2106
3536
960
3491
2252
4811
3513
3360
793
3134
1601
2452
3563
372
4971
409
1165
2266
4068
1192
3709
2212
750
4039
4561
3767
4712
3660
2004
3118
4860
4227
27
3018
3891
1452
971
3485
829
1204
868
4107
2256
4400
4340
1809
1919
2016
766
1222
1912
815
3624
4401
1117
1873
1904
1528
1225
1915
2331
3665
3793
453
601
3596
3424
1149
2467
1005
555
395
1985
1255
2541
1675
3372
4342
3815
1867
2277
1223
2003
2228
2260
825
1100
2200
3683
3917
4682
4581
4650
1389
755
1454
2403
2635
2712
3107
909
1045
1009
562
1626
1017
575
4014
3919
4519
3462
2239
1021
3052
2444
3330
1253
4778
923
965
635
2515
558
3664
2229
2164
2043
1874
1174
1715
2247
3537
1467
764
4408
4343
3539
4881
4681
1396
4733
4685
2057
1831
1827
2009
956
2516
529
1079
5020
2168
3380
4092
4480
1119
4259
4585
4547
770
528
1804
1986
1103
4710
3663
4706
847
2509
1977
1790
5031
2001
3210
1996
2153
3165
4042
4469
3081
592
3351
1146
2492
814
4506
3623
1132
4841
4332
2280
4426
511
3765
4686
2951
5107
2957
4937
2360
3755
4143
3092
4766
2339
598
2357
4781
1469
765
1218
2154
2270
3321
3094
2413
4704
542
1029
3493
4088
1303
1229
2913
3861
1815
1937
3566
1890
2366
3232
4804
3417
4449
3446
4827
4205
1643
1367
2543
422
1371
1185
4267
1239
4948
1297
2923
3323
2768
3649
706
4398
2589
3591
1893
2272
1765
1089
1498
1463
4035
438
3747
5094
4516
2087
3486
3121
300
3657
1068
662
992
1531
17
1906
1494
663
1235
4301
3058
2458
3304
2556
3787
3538
460
4378
1990
2454
576
2286
2332
767
1820
5080
4414
2011
2634
4394
4369
888
4089
1014
3507
2313
4078
593
4458
3749
2017
3573
2205
1309
4358
3519
4405
1854
794
4774
3110
4970
1553
3407
4026
3587
3952
1102
2349
1697
3015
980
1502
3512
816
3560
2352
1814
1355
3487
1983
3416
4390
1257
4222
3853
1359
3860
1999
634
1712
4106
1224
3382
1173
4001
5053
3154
501
1716
1263
2182
3531
637
2469
4695
1878
2728
979
5086
4331
2274
3054
3676
3153
1586
4134
5010
1273
379
3327
1012
1338
4883
1307
2334
3718
543
1178
4746
3588
4352
3728
4155
3607
524
134
2766
932
3016
943
2921
4455
3365
2850
186
3262
2839
3364
2407
503
756
2626
2485
3246
256
323
4497
2997
467
2624
73
3299
2084
2870
3228
334
4305
415
2840
4319
2641
188
3606
229
77
202
2604
655
341
1
2729
1752
2859
2969
6
2853
4690
3829
4694
2307
417
3349
66
4636
2963
915
1549
2005
4511
1115
4897
4082
4847
998
3189
4806
455
4515
4692
4775
91
4540
1730
4504
1464
1898
873
3873
1096
2201
2160
1981
3415
1682
869
3317
2062
2071
1357
3131
659
1455
664
3039
1351
4789
2369
1720
2039
2995
3181
2517
1086
3022
135
235
3074
2933
435
2983
4726
2020
778
1760
4465
1938
3079
3603
4294
3241
2958
3244
2795
3233
1674
2978
1318
3978
2603
2146
3279
311
1742
2602
2311
5008
640
2830
2827
2916
3708
340
1580
2891
2681
5067
2400
626
3238
1639
3248
1935
3000
3044
2761
5001
2528
3782
2909
5035
97
4591
4755
1926
3122
688
1440
2583
3173
404
933
3257
3466
2697
3128
3088
928
681
1516
1628
3112
805
1248
210
2382
4610
2698
3939
312
3699
4237
2691
1802
339
676
1340
4997
2764
5097
4003
5098
4356
2574
5060
3441
3646
1407
19
3211
3743
518
3757
1818
3937
571
1197
3143
1219
3212
1074
978
4701
1076
961
1652
2367
830
1211
1156
4326
1155
496
1698
2230
3911
2299
3893
1673
1145
4407
2558
4623
3731
3041
4037
771
4850
905
727
4076
24
1756
8
5024
3414
4521
3133
517
2565
3934
633
3334
530
950
1551
1171
265
2886
3841
189
1930
266
4621
5002
2817
3020
2982
187
3338
4969
1782
4257
71
3099
719
4894
1669
1571
41
2015
290
2389
3272
3176
1741
148
4917
3826
179
4795
2139
1991
2986
232
4146
432
2724
448
2379
3024
3825
2947
1948
163
1910
2796
2793
1717
2741
3379
2801
3292
2876
1429
1900
1959
3259
326
1944
1397
99
4617
665
434
3001
763
242
1608
3315
2421
192
1779
4324
3225
4905
3294
5076
1621
3459
936
2787
1651
1998
325
437
4327
2948
515
3949
279
1774
5048
4612
3129
1439
3059
110
3999
949
951
1413
3905
3721
4211
4669
810
2890
2962
2646
2399
283
3482
3264
236
2486
2904
5041
3293
272
1278
3268
611
2665
1435
185
4183
1039
5054
4551
1077
4647
1433
3921
4485
440
812
1637
3267
412
4195
1962
4328
894
1591
84
5039
1368
371
1065
4256
3605
2961
172
693
724
1772
4137
4197
2600
3834
1093
3948
4702
1595
3836
85
3760
3947
2931
492
3151
2689
1618
2643
2783
72
4560
2804
4270
709
3456
699
1063
1718
2763
361
2705
2388
874
4402
2619
2615
2614
2597
848
4293
3632
2428
3098
1426
1671
2702
3483
2700
3801
4135
2593
48
1913
86
2771
1685
4152
255
1775
4365
4318
3101
804
3085
2075
4888
1748
3028
49
4285
383
1969
3114
2099
1515
2683
2390
2391
2968
2372
2649
2628
2627
4633
920
1755
3116
2426
286
136
3277
4015
3356
3827
3161
3310
2976
1499
1139
3960
2837
3381
3152
1285
248
1581
3035
5089
4646
2687
1199
3717
1287
3759
4588
31
3890
2140
1519
2275
79
3156
4273
1342
258
3694
669
670
2645
3835
1805
2846
4144
2208
3811
1121
3342
4360
4742
1736
854
4630
1344
2581
3509
1108
1060
773
1343
513
4920
4975
4114
4083
1839
2151
3777
3867
4896
4429
4371
3967
3553
858
846
2224
2273
4549
1442
152
4762
3497
3924
3568
3674
3149
4438
3284
4373
1812
1816
1316
250
3517
893
218
2098
2814
5017
213
3982
4055
4031
5042
3722
4196
1482
4635
2459
2924
4520
738
2511
1310
4840
4659
1629
489
4424
3576
3132
910
3013
4642
2564
4066
2812
3221
3927
1075
2813
3618
3174
2204
4064
2521
4845
1081
4987
3033
3256
5055
701
3712
3800
3850
823
782
4310
1731
3014
2616
2803
2932
151
1411
2937
3148
3287
1615
1333
3185
2977
3843
4100
2872
1495
4045
4992
3933
177
80
1539
4466
1734
2663
687
2875
4900
702
2540
3633
4348
1579
277
2594
5064
1757
1514
944
2802
1127
3125
3071
2533
473
2769
295
3141
46
456
3845
742
3219
1701
1625
2323
4468
4833
122
1320
4171
795
1611
2041
2063
1290
427
2434
4567
3516
5100
4754
4500
1612
1314
167
2810
4502
2856
2398
3202
2519
2630
2879
3229
675
239
237
3281
132
4349
3230
2411
470
2534
1928
411
1066
1749
2998
2035
2723
1692
2899
4996
4559
2482
2889
3076
2860
4542
3075
631
2750
2755
3124
1269
1694
2374
2033
3720
429
3877
3597
1559
2737
4589
1693
1487
414
3971
4911
2471
3127
3297
1058
139
4624
376
3991
245
2714
2240
3637
410
4216
2527
4568
2123
1047
875
3359
3004
4476
4214
4275
270
2429
3608
4592
3788
3570
2996
2094
945
2896
5019
1053
5056
1124
3061
1635
1781
370
4245
4829
2778
3794
2716
445
4605
4254
1372
1644
3252
2320
4128
3814
1945
2117
2050
1061
731
3353
4248
931
4229
4616
2883
3585
4333
3629
5047
799
650
285
1949
2598
117
3111
3929
3724
3795
310
591
2733
4281
2432
3046
4473
2584
784
1563
420
2884
3887
3164
1364
711
3306
4433
2498
2623
2196
1466
2207
741
4495
3817
1640
3158
2545
2857
636
2684
4921
2325
4279
4190
4861
4472
1600
3778
3115
1497
2496
466
615
3371
882
3048
1071
2126
4308
574
1300
349
654
342
301
533
405
667
3809
1327
937
3201
613
5006
4950
3226
1719
3406
328
1252
2386
3701
3443
4727
1723
3842
3411
1840
2233
103
181
1159
3157
4047
1599
531
4080
3941
989
4594
2668
2922
2657
39
3184
2476
1567
651
1292
3011
2159
3655
1148
399
3167
826
614
2708
4180
4278
1585
616
5037
1550
2031
1506
4543
3142
725
5000
802
2936
863
3582
3027
1613
4603
2446
2920
3831
3852
259
2051
4627
781
3779
4665
4999
683
684
3183
4188
3702
4312
878
4156
3822
426
423
2667
2505
450
3243
5108
3693
3942
4913
1507
819
3856
252
652
686
4601
3849
3160
431
4490
147
1501
1111
3923
1182
2036
4040
1848
4366
3715
3723
1490
264
2340
4862
1304
532
1365
419
638
747
1409
1321
1130
2526
318
5015
4608
1381
3703
2514
1319
2777
1869
484
3970
2847
4658
834
1880
1870
1330
4470
4868
4033
3358
1245
3398
2522
2513
3357
447
3007
754
3200
3036
2495
464
2102
294
3955
3617
4604
4463
4517
3080
1710
3005
469
2965
3017
3957
5027
1336
3700
1311
4166
461
4109
302
1244
3863
3773
4194
3928
3187
1274
2822
2648
2772
3010
3066
2945
4634
3179
4670
4598
481
4290
2489
4213
2024
3422
3335
2483
2734
2480
174
4573
3962
4175
4131
324
15
3234
2599
4388
4639
2959
4663
443
5052
45
1743
4048
3367
1324
1323
2629
4584
3009
3851
1993
4574
4235
2474
2944
3006
743
685
4456
1094
2138
4095
536
3186
4579
1384
4105
1046
5033
4655
396
2073
1254
5022
2713
436
1054
1562
149
3150
260
4223
3478
3775
3140
3859
3774
3865
477
1326
4609
4629
3868
2943
3770
4613
3866
398
3862
3870
3864
3771
330
3858
3871
4595
3772
4587
1332
3869
401
3580
2942
2473
1437
1328
4661
1529
3034
291
2490
1837
3634
4110
2141
195
4638
1395
1844
582
1241
2170
1369
2972
3471
762
166
4489
4508
4622
1317
400
1329
1242
612
1135
1240
261
4274
3117
1322
1950
4626
1296
2500
2747
2127
4828
5063
4430
4208
760
1306
860
3396
2575
579
1857
1358
1909
845
4425
4322
2361
3615
798
59
4325
198
568
3388
5059
3393
1488
4526
2874
573
2066
4576
2064
836
2074
889
348
2576
1420
3220
3976
4271
859
753
3045
1091
4280
4631
4483
2026
844
2967
1147
3686
2068
1380
1964
2292
589
4283
3290
1958
3368
4625
4184
3282
1421
976
2532
1965
783
3995
1537
2984
1122
4142
3395
757
1610
2506
1038
3426
3577
3979
2059
4565
4558
2563
1656
1798
2044
1193
1128
4915
821
2566
2935
1492
1953
1799
1070
1868
4645
1817
4851
841
2652
1897
4524
3163
2013
4580
1305
3147
3399
4803
1647
23
855
1302
2537
4431
2895
1385
1678
1649
36
156
3123
2538
1168
2588
4282
3638
3616
3619
138
2549
892
471
180
1180
4593
3621
1800
840
4637
1721
2546
879
165
2731
47
4644
1676
1951
21
3799
2918
647
1797
1281
1131
4262
2385
22
3791
4192
1961
1661
1510
3021
1796
25
4481
3716
955
1207
4885
3102
1761
4513
2424
1681
2038
4491
4346
4492
3804
2077
4061
5044
4019
304
1142
2082
1475
1616
4569
1308
164
1689
4046
3998
1153
4397
4528
838
861
4252
1684
3823
4578
4488
223
3340
1293
4599
3812
870
4056
4345
4486
3319
1085
1766
3452
832
4550
4337
303
3489
1753
2052
1974
1826
898
1847
1665
4536
4596
4628
4240
2093
4170
2060
4546
5077
1007
3682
4153
4562
173
1125
2034
3302
5014
4600
914
380
1205
2885
1271
4471
3300
2030
3405
3166
2762
1080
4141
3710
1667
1164
3926
4011
2061
2585
835
2191
4730
2144
2743
2582
4512
583
1886
4150
4124
4161
1243
4127
1696
4160
4464
1836
3383
2072
4147
4544
3609
4852
3387
2021
3453
3820
4347
856
4720
3444
1943
1157
1638
4126
4554
3888
2172
1771
4866
364
666
3808
1416
2065
4556
3308
1846
1832
4085
605
2189
4220
247
1181
3135
112
1288
2715
4503
1791
2542
3440
603
1170
1283
1414
113
4539
385
1064
1120
3872
297
3914
1163
3376
4072
3598
3461
4151
1152
871
2955
1158
4232
3600
507
3675
822
4555
3604
3981
1566
1301
1646
3997
1277
602
4002
1294
1470
4423
1794
4000
1161
4570
607
1672
729
3654
1605
1404
1088
1291
4545
1363
912
1169
3651
4387
2237
4878
3652
3089
599
1289
1188
777
4722
121
3673
1298
2032
1172
141
5062
787
4935
1166
3476
1994
4981
4434
1133
1140
3639
2375
1136
600
1418
1908
539
5061
642
3622
1423
3679
2878
2216
1141
1251
3803
263
3704
3672
1417
604
3987
2956
1215
1264
5038
2393
1589
3647
3705
3659
608
1118
3903
1533
3915
3635
595
645
2353
1104
4372
1286
1073
1069
624
3631
1189
3594
2631
1049
251
278
3412
2288
2394
1484
876
4901
3892
1312
154
1162
374
2397
3192
3193
3692
3650
3906
4379
1431
3630
1415
4364
3283
547
322
4453
2080
4383
745
155
306
368
4355
4445
4721
1126
1345
2380
359
3936
1238
2217
2487
1405
1852
1882
4709
3599
824
153
331
981
1260
1362
1434
4354
4132
5075
1101
1858
1430
1280
4459
2086
3662
1457
1090
1834
4419
1313
5072
2
354
2304
872
1460
1686
1871
1934
4393
3146
1724
733
4924
857
896
1236
1428
1489
4912
3661
4032
2570
1095
3051
4684
2289
4193
4246
1876
1186
3670
4801
4272
1699
2402
891
126
1151
1842
1570
4467
1534
3505
2257
3038
3730
1016
991
4770
4989
4933
3520
1879
1390
4688
4832
3499
4892
3514
5099
4087
4176
3734
2422
986
4808
2419
4943
3569
995
4880
2420
4830
2265
3524
3197
4179
911
4679
1026
510
4818
4118
908
580
1008
4939
4069
4693
2302
1043
2441
4070
526
3876
5093
2636
1019
2530
363
3996
3552
1023
4012
2838
1478
984
407
101
2587
5091
514
565
3316
1663
3874
3055
527
369
649
389
1588
5082
4955
3733
4065
3086
332
512
3263
3208
744
2579
4168
1481
4783
4978
2590
585
2475
4177
2338
548
4857
2644
4169
1256
522
3103
1391
5081
2559
3104
1614
2301
569
578
2553
498
3902
4086
4217
3095
2157
2449
4982
75
4057
1378
566
3213
545
775
807
11
3656
3896
3275
4053
806
3043
4210
776
3084
3093
3329
661
521
967
1776
1462
509
3684
1532
1037
2223
897
3706
3097
3745
1584
880
3474
4956
2238
4944
3727
4984
3439
5087
660
4206
4734
2310
3764
4974
4054
3681
886
4212
3469
2165
3480
4951
768
1144
3198
3735
4785
1408
2244
2100
2148
3040
2560
523
3108
3769
2209
4802
3758
2833
4792
4744
3313
65
3325
2226
3451
4104
4148
2190
1574
3468
3707
4848
1134
4925
4178
508
2284
3067
2181
4936
3736
4952
3218
4932
2213
3326
4826
895
70
3761
2547
2243
2356
3427
2735
2378
4699
990
4839
3331
3362
4683
3678
1137
1561
4904
4953
4005
4825
977
1150
2188
2656
1479
4043
2166
4643
4711
4934
2222
3742
3540
4091
2215
2327
1370
1565
2199
3434
4983
1214
4666
4867
2255
1521
544
1471
2293
953
2221
4113
3515
4006
3333
2544
3270
1540
3419
4244
4877
5073
4123
4784
2308
4967
4010
2433
5069
1477
4787
3719
2834
2210
3556
4739
884
4807
4902
1208
4697
2699
3739
2194
4760
1564
1690
4931
1777
1354
2176
4009
1375
2283
2427
4962
5078
4842
4060
4819
2261
2610
4749
2197
2442
3950
1520
2162
2638
4741
3964
1841
2259
658
3732
4947
1402
3502
2175
4985
4864
4964
276
3738
2439
1374
3668
851
1850
4457
1902
4204
3958
4514
1903
4440
3562
4418
2460
4538
1914
62
3390
1872
4260
4452
2328
913
1823
1808
1932
1921
1931
2940
3969
1055
2451
916
4370
3343
1918
3546
3532
4437
3584
3579
4353
2112
2316
1891
1785
4537
4446
1927
3389
61
4389
1894
1001
1666
392
1987
2450
1013
2012
2113
3980
1438
935
1000
2431
5
3750
3369
1450
3883
1024
1729
3990
4680
1658
2022
2002
3977
899
3403
3374
2536
1784
1603
877
1010
2055
3455
1975
4510
3494
63
3916
3344
7
3756
1787
994
3574
375
2108
60
1406
4963
273
1347
2639
2092
2329
1947
1735
2355
4731
2404
4165
3401
1819
3985
3375
2116
4856
1393
3592
4821
1978
2573
4796
4865
3578
416
4377
4218
2423
2557
1920
2114
1899
3195
1911
2655
3688
2939
3430
4751
4411
2371
3680
4149
818
2760
2263
4823
4374
234
1352
1113
1339
2242
3404
4079
1940
3932
925
3346
2042
274
3402
2341
4853
786
3940
439
4689
934
4025
1177
2296
4820
4529
3391
3959
2462
1379
4918
3286
16
68
3541
4409
4432
4980
67
3882
890
2586
1830
271
3548
4799
2571
2637
4649
4386
4995
4837
3886
3899
1480
4927
4782
1865
1503
3341
3550
3935
3425
2312
4919
14
1907
2111
1888
3090
4986
4097
4745
2659
2381
4447
2835
1654
1641
4450
275
2548
906
4738
3595
4380
3943
3910
3988
4115
4675
1593
4140
3
1459
1575
917
4914
853
3385
1179
216
222
2169
1458
3571
4103
4959
4957
2245
4028
4906
4651
1513
900
2183
4099
4435
2335
2440
3583
4776
2303
2254
2608
3309
4872
4929
3946
4966
2344
4122
1917
4444
1862
2109
4728
5106
1982
1227
4922
4392
3740
646
2253
4676
4791
3350
2973
2443
1864
3565
3989
4928
887
1226
1725
1400
3555
1346
2178
3332
2105
1392
391
4717
18
1025
974
425
4946
3816
4907
4887
5083
4052
2110
1670
4889
3954
1645
64
2185
367
2248
997
3361
803
2276
2101
3449
3626
87
2342
4854
4740
3551
2318
4341
808
4172
1116
3318
1859
4875
2295
1518
1020
76
3558
567
3488
2262
1895
4336
1067
2343
2120
3400
3438
3792
985
2466
3752
3807
1042
4255
1786
1191
1468
2281
3564
1444
1348
3190
2578
2436
2121
801
2418
1002
2350
4361
2211
3953
2941
1220
1976
3889
4410
3370
4391
3554
4940
1432
796
408
3191
3130
406
2278
1954
3188
587
1853
2531
842
1509
1523
1527
3625
4239
4219
2465
4007
3276
1456
4938
2952
4505
2561
4174
4976
4231
590
4173
4266
3384
4441
525
4949
1228
4930
3572
577
1041
584
1217
4338
1027
2554
2552
2298
4203
809
2915
2333
2089
4261
4243
4253
3602
3922
1361
4157
641
4553
4287
4291
4292
4315
839
4350
4384
4396
3913
718
713
712
707
700
697
1360
694
692
4284
904
907
4263
3901
1249
1247
1212
3975
3983
4020
4075
1034
1033
4163
4199
4201
4202
3894
3885
927
4479
918
3627
820
866
865
3628
1078
852
867
4794
337
336
327
2881
0
2894
2873
316
2871
313
2314
346
2900
305
2994
2990
4696
2987
2985
2981
2980
350
2975
397
390
387
2910
360
358
2903
2220
4831
281
2852
2732
2742
161
162
2746
2456
168
2447
5051
5045
2688
2673
485
1394
2670
617
618
3669
620
2122
2408
623
487
488
627
98
629
4923
78
2654
1793
1792
2720
2650
3278
4498
196
3880
1383
2412
546
827
2721
4973
4654
2706
2703
4535
4534
1541
1738
1739
1538
4991
2129
4993
4496
4994
2425
3251
32
33
1583
1754
3237
209
2719
2651
2686
214
3247
1966
1636
1967
3250
2811
3253
3254
2620
2621
4898
2791
3258
1803
3274
3265
1783
30
3235
268
3506
1530
1916
9
10
668
1620
4487
2376
1744
4620
4641
1634
2679
2368
4615
3223
