1032
1710
1277
4095
1261
3891
2072
2393
4367
4066
2060
4953
1273
67
4075
4480
2349
1047
1683
3367
1229
1503
1212
4773
4345
1505
1589
2005
3808
1615
4429
2035
5071
3428
1373
3863
2386
3885
1390
4115
2366
4770
5090
761
2387
1211
5251
2751
3336
1649
1734
655
4003
5170
1071
1213
3824
701
1324
1342
5083
3403
111
2441
4865
3426
4301
3501
4934
3858
1283
470
1794
2339
4749
3321
5384
3751
2761
1621
1120
2173
5085
4413
1657
1611
3622
2461
1975
1613
1336
163
1326
3203
2404
3871
5
2715
4369
2064
3805
5148
4297
3243
2384
5490
5139
4058
2045
5128
1065
1101
919
5393
1594
1999
952
4614
597
3366
1207
4119
4774
4642
4823
1132
1431
1770
4155
4654
922
3932
3309
4896
4124
690
5183
5375
1581
3820
1587
3294
2009
855
3876
1070
2391
3716
4388
4114
3955
1514
1590
2602
5088
3837
4376
1561
3832
1627
4727
5073
3826
1687
1244
4750
1073
1692
1817
5189
2306
665
49
1427
1243
1089
1241
1986
1233
3475
4559
5086
5053
1345
3418
4742
1871
1280
1087
4194
287
2664
4945
5135
1580
1595
2156
1331
4444
3935
28
1232
3948
1985
4070
3844
3807
1127
806
2388
4734
3804
644
119
4422
2334
3646
1126
728
3320
3468
4985
1002
2467
4455
3394
3707
3892
731
4201
3328
1168
530
4473
3432
5127
1588
3272
1963
3825
2569
5101
4723
4035
2449
4086
3797
1457
3867
334
4758
3744
2344
5352
101
3688
3933
1037
4585
3860
2511
2309
2426
1340
991
4399
1282
2363
3233
1274
2942
4812
4037
1666
103
1310
4799
1430
1601
3561
2750
5483
4087
3657
3746
1732
581
918
4352
3823
3799
941
2205
1592
1609
1460
3
1148
496
4897
631
1012
3952
1814
3978
82
2023
4719
1884
2907
2453
5302
1102
1138
1826
326
1007
2291
4067
3122
1603
4109
3759
2445
158
1256
2394
3970
2480
1333
3987
4110
434
1994
1841
3843
2061
1982
3878
3957
4764
4520
1637
1528
4711
5358
4726
3896
1960
3850
1865
4094
117
1116
3745
2794
1519
3470
3587
3199
2067
4
4899
4725
5072
2037
898
3200
2370
2326
5122
5100
978
5129
5202
2807
3379
1708
2362
427
486
4287
3327
4254
3842
2446
2378
3979
2730
2161
1829
303
2436
2320
1636
3669
3482
5462
694
3356
2440
1670
4788
1264
1226
5174
4564
699
643
5481
4464
3996
4130
2147
451
2188
2497
2011
4046
4302
4275
3402
5169
5103
5075
4342
1206
3370
882
3712
1385
1319
4065
5117
4156
4481
1086
1092
4339
5147
2034
4535
3853
2620
2338
2027
3814
3738
693
4767
3551
1506
4452
996
3664
2299
4712
3150
1731
5328
2512
4755
1515
2010
3697
4492
2357
969
455
1416
2042
4414
4425
1214
1104
1465
3713
2518
4049
1078
3874
2300
3220
3727
4916
3847
5263
4816
1962
4083
3354
4299
2573
1919
398
2415
5154
2752
2462
1019
1335
1329
762
4649
1041
1295
4404
3450
1644
500
2390
21
4795
1337
4283
1236
2416
3605
2319
409
4926
2324
397
3101
180
4434
2707
3668
1740
2934
1596
1944
4255
3610
4553
1034
5336
5109
2134
4011
1997
3670
4650
1384
3750
2435
5192
3852
1584
5435
4142
3383
4874
3796
4707
4047
1571
133
750
4635
4028
3677
4721
2580
2282
5409
1142
3747
3425
1227
4225
3975
1703
1134
3743
4624
474
3715
4735
4059
942
3803
2721
5496
3016
4036
1974
64
4033
1730
3993
1074
2769
5111
87
4139
593
5292
1511
4731
1959
944
2605
4428
68
4361
2409
3219
4154
4005
3723
2036
4010
1450
1438
5450
4401
3827
2833
4081
3615
3244
4688
4826
5489
1030
5485
3845
580
3617
4626
5120
3493
5262
1309
4801
1725
1762
1344
1220
1808
1586
3086
3838
4695
2423
1038
2439
3616
5244
4757
3742
816
1699
4904
2564
5133
127
4873
3916
4738
4281
4145
3323
501
1023
2448
4875
1926
2385
1095
4603
1248
4710
4261
1507
5497
3048
4907
2226
640
1215
1996
4262
3886
4729
1255
4143
966
1370
2021
5404
3469
1072
1250
1338
863
4709
5445
1562
2410
2485
903
1247
3575
4507
1973
4041
2747
1099
3937
1268
1281
1219
4943
1565
2365
1853
767
4892
13
4513
4341
3794
1842
5223
2312
3392
4551
3358
5350
3435
4237
1350
26
2493
2716
4191
5274
5329
3708
1812
1421
3967
4359
4728
4182
2322
4082
5416
4184
1536
3771
4656
852
1360
651
1513
4366
2669
157
1140
468
2377
1593
3440
5050
3866
3647
3701
2008
5488
2203
75
4015
1887
4295
504
4771
3628
4389
2020
1602
4790
2906
2059
2992
2137
5395
173
1500
4872
1178
3230
4746
1009
4385
2444
3973
1302
4150
1325
3063
4594
4060
4421
2400
3974
5151
2108
3645
3371
1726
4030
5453
1896
5383
4713
3329
4137
1205
2455
2533
1084
1822
3735
5140
590
939
881
3549
5165
1541
1591
4531
689
76
4918
3741
2590
1389
2562
5153
849
893
2024
704
5064
2601
1235
983
1115
1772
1712
5394
3692
4554
5311
199
4718
4394
2483
5060
4863
132
5134
4063
1554
987
3307
3478
1135
3365
663
3372
3757
4340
4055
3991
3939
464
3375
2881
567
795
1315
411
311
3052
3011
388
4776
2719
1806
3144
431
3143
2875
308
2871
419
2880
712
2223
3140
1749
3153
1750
3393
803
4947
2820
4619
2157
351
2999
395
1949
2110
3102
2805
5255
2119
322
41
1933
1935
1758
307
4545
5008
5470
5150
2800
569
3818
4781
4164
4134
964
3934
5028
3703
921
4736
4167
1289
1993
3385
3691
3859
2925
4196
297
4029
4273
2187
2510
1080
3377
2031
3678
5126
4817
1106
2281
1079
1646
1005
1784
1228
3568
2246
937
1459
1987
3218
2183
3953
925
1083
327
5273
889
5280
1538
1534
1555
3801
3758
2233
801
6
3116
4940
2866
2727
5371
50
212
3681
255
42
3461
2228
1419
138
2571
3159
2938
2581
570
2720
4955
1442
1422
808
619
45
2868
817
770
172
247
2657
802
714
392
5344
4216
1348
202
1661
513
205
4939
2644
2667
275
1878
3547
2587
4959
4552
3258
1727
1721
369
4702
4930
3305
2292
719
3080
2818
726
1917
4141
2910
2816
4398
781
4431
4659
3055
396
425
2209
4312
587
60
1157
2861
2239
824
2787
2656
3335
4335
3566
5388
1946
309
254
603
2219
1918
785
1773
3579
324
4854
3303
105
775
1873
1883
4599
4510
3182
3567
5279
4324
3539
744
305
447
371
295
5426
4993
5423
820
1951
1950
449
5196
2128
423
5386
819
4541
832
3488
3127
1357
3334
2981
1901
4813
421
389
3374
273
3454
4503
1744
323
796
5347
115
4567
3453
391
3531
608
3456
5238
234
746
724
552
5272
361
5379
378
545
448
518
1851
576
2795
831
228
139
1916
3206
1162
4533
5359
402
3546
381
5200
2260
340
4860
141
2699
2774
3249
4960
3123
1156
2044
207
332
372
1743
394
2945
4845
243
3637
510
3897
3574
3018
1165
2723
382
1180
418
1688
3569
2121
2935
617
2693
3033
3868
2691
2753
112
3890
2560
4748
3088
4363
4321
4893
2659
1496
2468
904
66
5258
1840
2918
647
4944
5051
1802
4465
3822
3809
2438
2318
5403
1259
1885
2447
4192
5221
4104
5440
3508
1845
1060
4111
5097
4438
1897
3347
3607
5219
5155
1435
1677
2663
3215
1125
1651
487
2626
2651
436
5277
2253
4648
3235
4316
417
2232
2152
3149
176
851
57
1623
276
5235
854
3126
4632
3135
3687
774
1867
5256
3458
214
3168
4684
1201
174
5227
2561
3682
390
3430
2248
509
2729
109
1453
484
1810
520
3577
2184
3222
5247
2844
365
791
1714
4610
4752
4646
4317
4356
3209
773
772
725
1196
677
252
407
1932
3944
4819
623
3042
4768
3389
383
4113
341
2458
294
4090
379
3915
3560
4763
3148
4843
204
3902
2709
408
3342
59
219
2983
348
498
452
564
4117
265
1502
4680
5476
2974
266
491
931
2900
3387
2929
238
5367
1954
566
385
3103
5364
562
4459
264
2885
1967
4931
4125
823
4159
360
2937
2676
2734
4515
890
2611
4151
2259
537
3840
197
96
2142
1388
4714
3098
5265
3164
4655
1947
4927
3406
723
572
216
125
4983
2154
3962
3917
1936
2206
2847
1830
259
2778
2039
4956
2806
502
3004
5360
4381
1909
2112
1877
1800
3559
1787
4053
2167
2220
4025
2197
670
5348
445
1640
2222
4215
2788
3457
3184
5320
2894
4859
4548
2618
258
1910
5242
1943
4525
5366
3538
3050
1872
224
3131
1185
4839
2613
2258
4861
78
1977
2013
4208
4488
4461
899
1546
722
4612
4526
438
406
2899
4616
826
166
5067
869
2742
3232
1198
4214
698
2317
4862
220
353
3684
3073
1650
5381
794
1645
4516
1396
2471
2772
3511
2665
1569
3705
586
4762
3835
3907
1752
2316
4540
3266
2652
5039
716
556
600
577
429
1674
2245
4972
5022
1759
715
1194
354
386
650
4451
1625
2464
2982
4443
3779
4645
4396
4886
3451
4253
3125
3217
3596
4608
9
1257
3275
2075
1237
2913
2831
4686
1314
2414
4251
954
2762
1222
4514
1076
4416
4079
5334
656
531
2276
4021
4802
2530
1809
1271
4019
5293
3851
1117
853
3535
3733
1483
3310
137
5113
4796
764
1724
493
3032
4532
3008
5016
3095
2920
535
3988
4556
3696
3270
2834
814
2572
2789
550
1952
609
505
3015
3186
3251
2930
2967
3156
210
3092
2973
5300
3316
1716
2835
1927
812
3516
4772
2771
2792
2302
707
3007
3533
4661
20
1679
2962
3630
538
284
3012
4693
3054
2842
5310
3056
2851
2675
2777
2936
830
887
2532
1912
4284
892
1764
2504
1955
740
2132
5411
3350
263
270
404
123
1786
2808
1900
3118
3227
3517
1374
3240
1343
3661
3051
1567
1690
680
3581
1754
422
1907
1451
2869
3624
995
432
1579
5215
150
2307
5063
1781
2218
2826
5410
2970
144
1409
547
3304
2679
4524
3438
747
3911
2768
2126
2859
2513
1193
2783
972
4856
1728
267
2782
561
1472
253
565
1941
3006
1504
4108
4976
3785
1548
4810
3589
1040
4990
3599
3010
262
2985
343
3761
5195
760
2133
4878
292
3315
1436
4652
2396
3396
4121
1160
2546
442
256
251
3585
574
1293
3355
4628
5019
4370
4569
4668
4368
734
410
4006
2186
4769
2689
5188
2194
2837
5424
844
2116
2078
4263
970
169
2264
2849
54
4427
3030
711
633
1183
630
363
3982
777
1308
2466
2507
2637
3285
4853
2211
1169
3898
380
2804
783
1081
393
1854
549
2823
1913
222
525
286
3025
211
3523
5021
4870
3555
364
4439
2287
2824
278
1572
1445
261
2630
3245
4598
4622
5290
350
312
3234
1702
4699
4213
2144
3145
3097
4450
4606
4309
4620
613
2666
4715
346
2583
602
5224
4247
3115
285
4814
3755
4120
187
657
375
557
357
1868
1939
3096
1875
2921
821
2959
4696
2796
3373
106
437
3225
4266
4942
2238
3035
483
193
4697
842
555
503
2175
542
695
3553
300
862
3108
4089
4849
5024
4957
4466
5206
2254
140
194
2926
3317
901
681
2993
2845
2109
2964
490
3333
162
836
1665
349
1517
40
3173
2217
5438
441
1940
2655
39
217
4639
2553
4998
1632
3160
3109
846
55
635
3003
5390
370
90
1349
1166
2622
3641
2948
4994
3423
5307
2922
321
2227
3295
1479
4007
2641
2989
3455
2585
335
3302
2298
3005
3899
2593
4448
3183
2594
3909
3908
5011
2698
957
2893
478
3024
4909
4298
3061
553
136
4831
2968
1753
4631
1475
47
1276
4418
4987
206
2380
4307
3157
2731
678
527
5205
215
4908
77
2832
2240
4474
3606
909
5270
356
4615
676
4951
2526
4133
5376
1478
3638
376
2870
3904
1542
745
2891
147
403
807
3023
3318
2905
2214
1361
620
347
5035
4149
339
2681
2822
4318
236
4484
1799
1367
51
2688
413
3499
165
1096
4409
4407
588
3829
34
1882
2640
3536
591
3459
4995
2809
107
368
104
629
4221
2712
612
5471
4453
4975
2779
5391
3239
5437
5452
225
2437
3780
479
2354
4027
1761
515
1493
2165
2139
2174
1171
58
4424
4778
3413
3901
4667
3254
1914
1020
2498
1891
242
5119
3563
793
4807
3136
4919
5044
4374
3000
1886
15
5363
2151
1903
4016
1937
3189
771
800
1836
2987
231
2085
2877
1765
2791
1956
1574
1394
4334
1174
2971
3473
2315
1100
3749
2314
1184
304
3639
5030
3752
1036
5091
1748
4093
416
2708
61
272
3479
1741
3449
5230
4592
73
2802
2271
3620
5431
4014
3288
5400
2944
2650
1618
3029
5430
3314
776
387
2714
3120
2491
1859
5482
5414
459
2977
221
1402
5032
5316
3388
4647
4879
2244
666
2250
4308
955
3267
5456
443
3146
84
4319
2210
2310
4630
302
1470
1694
3409
5466
4967
3405
279
5408
511
5121
2645
517
4815
3927
3113
2180
2764
245
1306
2991
2684
195
446
5037
2358
2051
2738
1635
4529
1684
2359
2234
2140
1988
1861
5253
2549
3963
4257
92
979
5295
3238
3486
3532
3931
3548
4246
4670
2515
543
1755
828
4460
2088
4031
2102
5018
4462
5406
3541
2741
3261
480
4469
476
3552
1499
3416
3921
3731
1647
1434
2612
2990
167
2040
5014
3636
3480
3155
5234
2235
1803
5068
362
4293
2895
62
523
799
5464
4867
183
1532
4627
5142
232
16
128
1711
2335
2153
3462
475
2986
1656
465
1539
4825
3306
4415
1444
3665
3002
2711
2897
2961
2402
960
1930
1990
1075
2117
4229
3231
373
1669
599
3265
4485
5106
2012
5157
4430
1864
2966
3724
3550
2006
1301
691
741
229
1720
1097
5402
301
1312
4741
3977
4234
4965
2261
2490
2903
3021
1447
1791
2025
2995
1931
5378
3014
1827
5243
4471
4828
668
3542
3195
359
3034
2096
1779
367
444
1922
260
454
4581
3965
5341
1397
181
3339
3635
616
3130
1173
3276
3729
5484
3556
3419
3489
2520
277
2654
249
3019
2976
977
4348
571
3193
5001
839
3504
2373
3228
5370
4887
988
2946
5415
1757
74
495
3256
1491
3573
344
3945
3520
2838
3192
2811
1631
2776
645
2854
333
2705
3224
384
539
798
5491
3353
2212
2124
4584
2825
1667
2695
2166
607
3926
3821
248
1811
4148
5212
4981
2917
3528
412
5478
1624
2836
2295
3399
4419
439
1989
3001
4674
4761
2998
3529
3194
551
4857
19
113
2670
697
3534
5362
4000
3662
847
1497
1908
1495
3401
4980
2150
5264
2048
2696
3719
1362
935
3437
4043
2115
1498
3293
482
3158
1418
5327
2185
962
1795
4315
512
1381
4542
3683
5023
4732
1626
2939
2813
240
2469
558
2367
3107
3020
3633
3106
2683
129
4202
4617
415
3176
2889
3094
99
4618
788
880
244
739
3527
1717
1600
2029
4989
1892
4328
1355
1719
4472
2994
1410
2706
3521
3781
4346
2941
729
1433
3278
2610
1485
4267
3349
2284
2176
2242
3736
2247
3395
3391
2797
1890
2495
4091
1655
337
1545
2193
5146
2668
2001
1846
3460
4963
2947
521
2671
4423
2177
2522
4783
4824
3297
4653
1487
2251
516
1746
5463
0
3351
2379
3065
4511
4961
1938
4582
1942
481
667
2181
3407
813
4364
4986
233
3811
1575
2224
2793
1807
4169
2104
3301
4885
4103
1400
3522
1614
4595
450
2145
3287
185
12
3525
1452
1566
135
5029
3411
5158
2408
86
36
3260
1736
805
4703
4820
2241
2735
5036
1768
534
1925
2638
1833
928
3332
1454
4195
4678
1066
4903
2775
4146
3255
1263
4325
18
5161
5372
1672
5176
4207
2202
4971
2803
1844
2350
4170
152
1316
2092
4171
1347
3259
3494
1774
3223
4530
3081
3998
2739
4938
3711
548
3506
1443
4852
3283
3445
3121
5422
4313
859
4991
208
1119
2103
5451
3446
1299
682
598
4573
4064
1376
2120
3300
3262
2798
2237
1815
5467
933
3775
4482
5448
453
3198
4669
3026
926
2765
1182
2955
2873
3151
2049
3057
825
3421
2201
5125
3083
3695
3308
2313
118
4797
2969
2940
1372
3721
2263
4997
3376
2781
226
3815
766
3253
4633
2643
5434
1577
17
63
250
1689
4500
8
3510
3119
1098
145
2958
3067
1723
4948
5031
1313
2555
3485
4042
1144
218
4300
765
5033
3410
5248
355
2784
2198
469
3031
3041
192
1139
3247
4753
1775
610
2221
934
5396
4537
1934
1167
703
426
2810
860
4538
4996
4869
4855
3467
4848
3299
1662
289
27
1915
5449
3512
3444
2773
1838
237
3839
1869
2169
2308
4555
4314
4061
488
5009
4238
2636
4864
1179
2740
2118
2257
3959
3774
5479
3900
4900
2230
148
2262
4822
2957
3443
1832
857
4512
709
2062
1874
3642
1488
2931
4895
269
540
32
2914
31
4818
2216
1894
1290
3884
3514
2054
5461
662
1862
5252
2724
2996
3524
1170
4023
1054
5427
5025
1739
4230
2195
2687
3248
5428
271
5419
5027
2874
1905
2413
196
3134
69
1902
1792
2882
3570
1876
4040
2285
3519
4671
4882
3079
664
3558
2975
2030
4679
2733
246
2231
4698
3464
2867
4517
2710
1801
1608
298
4840
4898
2923
700
352
2079
239
4588
2963
203
2702
1767
1837
4922
4876
4829
2296
2294
3221
2814
4523
1695
3352
2757
2646
48
1393
778
5446
2311
687
4928
4651
4611
1383
1778
3490
3439
1923
3518
1518
4915
4586
4911
2997
4096
3382
4808
3513
3213
4681
3282
3509
89
546
2249
5020
3111
4637
4871
790
4571
4836
4174
3281
2924
2758
3537
1825
4851
897
4999
1426
120
4673
4640
4866
3190
4501
5160
306
4294
3058
3400
804
4583
5043
2728
1439
5473
4605
257
673
4565
3062
5412
1742
3404
5004
3036
1172
2865
3290
1307
1288
529
5399
841
2111
1763
1254
2266
366
659
3905
2736
1620
4660
4663
2170
3147
924
2916
2746
2841
1387
1969
171
3663
4138
2125
2767
705
3505
5005
4561
5454
2297
1856
1881
710
1898
1633
5377
3348
3252
325
4830
3427
4894
506
2749
3447
5420
1369
2277
3436
1921
3345
708
648
2106
4051
5325
684
1516
3084
1520
3341
3100
4118
2883
4391
2098
1000
3643
3415
2595
1924
886
4833
4508
990
2848
126
1617
3452
2190
638
2225
5429
2603
3162
5439
5385
683
3154
5472
4657
2984
5413
1660
5447
2812
2204
5421
2090
3362
1970
3292
1189
1805
1888
4506
1769
95
3540
1375
4354
2954
2114
4846
2488
5317
1122
5373
3861
858
2843
642
2093
4827
1366
466
4638
759
2690
1847
916
3919
2252
895
4024
2286
2614
5468
1199
3632
2182
3196
1858
467
1110
5460
3507
3170
4665
97
33
3448
1035
4392
1278
2570
3398
1187
3286
3644
5493
2369
5387
3593
784
2007
829
4147
2076
3420
1107
5271
3717
3530
1659
2743
917
3208
3408
4832
4973
2956
1953
3040
4437
1798
3343
4045
319
727
296
3071
4949
2091
3543
2978
1192
2107
3346
338
1272
280
4621
5442
5465
3268
492
1713
102
2293
85
3417
929
2138
1824
696
3137
4950
1064
5498
405
4881
2192
52
1043
122
4966
1531
3674
671
4387
1501
4842
2678
5335
3487
5000
2105
2141
315
4186
758
3279
3028
1428
3433
81
2928
2653
3330
5474
1831
2901
2288
4932
93
524
3263
1777
877
4841
1354
2101
2290
2780
1834
5331
3257
4636
3284
1270
320
4798
499
930
2960
2898
3039
3918
3714
2932
1013
1906
4682
5432
2080
5417
4178
614
4740
2577
168
4613
834
5173
201
1979
433
2658
2770
189
3586
2647
3557
3429
3226
1380
1828
4677
4168
282
2301
2283
1351
3431
1705
4672
4099
1737
1540
4179
3212
4305
1406
4644
1893
3340
4291
22
477
4123
342
692
4914
4204
1217
38
4905
2071
2303
3946
1176
3038
4209
4534
1401
3236
1510
2927
131
4925
688
4497
3296
1751
3969
1425
65
4502
4144
345
4175
2933
130
1441
4458
787
1413
1879
536
2700
170
3526
1839
2908
4977
927
2305
463
685
1437
4085
1202
177
1852
2790
53
4494
316
1130
3597
4570
4858
3271
4522
872
721
4056
4181
4759
4800
5499
4217
1240
1011
2718
896
1131
4954
2000
1186
1889
4161
4172
494
4519
559
702
4173
611
283
4153
560
5480
3059
4575
1509
3912
3686
4129
1476
2737
3338
1816
2095
4088
88
4026
5443
2950
3142
3269
4578
4550
2680
1652
961
3214
2704
5433
5374
5017
2952
4432
3424
1153
1870
2697
5015
5494
435
639
1492
686
184
1417
4549
1407
4136
4235
3013
4084
5425
100
281
2701
1576
1353
2919
4493
4327
4310
4288
679
4180
4166
3167
46
4643
1123
1560
2732
3515
3205
2888
1533
2158
293
1820
822
143
4562
4106
414
1320
288
526
4112
3138
1218
4176
5321
1550
669
3693
672
763
4634
4127
4730
5495
241
4080
1446
1352
4185
4160
1639
1855
3047
4177
4303
1432
3044
1429
4140
4158
1346
3037
1411
1448
1404
1386
4252
3049
182
4372
1420
1553
2624
4126
4311
1563
4231
946
3072
1
4929
318
743
5407
1424
2598
507
3060
5477
2686
2685
1260
5457
2725
2087
1197
1414
200
1405
2855
3204
1412
1415
462
4268
1408
3264
1403
1634
1423
1508
4243
3085
3099
1382
4487
940
3753
5382
124
3105
4269
3197
913
3914
4132
3545
1958
290
850
4157
878
658
1175
1398
2965
4629
914
541
738
2022
4357
4406
2879
4163
3070
948
153
4135
2113
737
1069
1482
4410
5405
1191
1392
1365
1371
3132
4105
4097
3133
3229
1181
945
4116
3117
654
3068
3128
3139
968
3964
3069
2692
1358
3172
3928
1399
3985
3163
3211
953
4223
1378
5246
5354
3471
1664
4244
5041
3380
2896
4152
4625
986
4563
2191
3588
2143
3700
2863
1262
622
3064
3680
3767
5418
1149
4131
2528
4101
3178
3906
1359
1364
4597
3910
5353
3947
1978
2524
3087
3363
891
5040
3175
4098
1850
3171
3689
3472
2063
981
3414
3422
3180
3412
4496
1377
4323
4326
142
3903
3384
4022
5458
1018
2346
4467
1494
3169
1821
3274
1158
1945
3129
2099
4604
1269
1242
4835
1583
2
1155
4278
3216
959
1068
3280
2902
2529
1161
3895
4456
2122
5486
4188
1114
4393
2953
3441
835
2642
1266
1793
589
1216
3114
514
5324
5357
4107
4187
5337
1440
3179
2634
632
4593
2563
3273
1267
5361
1771
1363
3830
1063
2829
3994
3943
3924
3598
457
2213
4373
976
3331
3291
5076
5397
1722
374
2168
4913
596
5345
1284
894
1305
967
3082
4579
164
554
4236
4786
3043
3434
4751
3368
866
1747
706
4868
871
973
2074
3730
1648
2609
1010
1004
2649
3990
4183
179
5288
2084
3999
2073
3888
1249
4838
23
2229
98
2255
4240
2243
5349
4884
1154
2329
1062
1530
4001
3849
4782
4978
3718
3922
4609
1368
4988
1258
985
4984
3671
3739
2069
1234
1489
1203
3465
4013
3983
2077
1535
2619
2164
980
2100
1210
4054
2852
3651
4245
4964
4958
4558
3961
3763
1738
4888
2148
2274
485
1046
4902
2786
755
1681
317
4891
2639
4218
4917
5214
2149
4946
1976
1804
3740
4700
3732
3942
3848
2082
2196
3702
4937
4933
3690
4837
4020
4804
1391
2136
2052
4982
1300
2538
1474
2135
4038
900
1980
3816
4924
4805
3768
998
2178
2159
4777
4906
4691
4883
1317
3685
3798
634
2081
4050
3655
932
3709
1001
1559
4576
2002
1318
3397
902
3676
2200
1188
3725
4923
2155
4008
3940
3976
3672
3710
4969
2172
4018
3679
1948
4809
4009
1177
956
958
3648
1204
1223
4877
947
4694
1296
3675
4901
3984
1297
4787
2033
2066
4704
4821
915
3828
1252
2017
4717
3812
1279
3856
2171
4048
3795
3667
984
1929
3649
4683
1294
4970
3650
3981
4044
4789
4017
3673
4974
971
3722
3980
1286
3960
1265
4743
3810
3704
4811
2163
3793
3936
3958
4935
2097
3995
4992
1961
4004
3694
1230
4012
4032
2162
4890
3792
1253
1246
3941
923
4002
3720
3997
2094
4692
2086
2146
3938
1251
2070
4760
1285
1231
178
3951
1275
3989
3992
3966
3791
1239
4747
4744
1971
920
1245
1238
4779
2123
4705
4793
3813
1225
3289
4689
1965
3466
1998
3277
4685
1111
4720
2083
3925
2545
2397
2014
3699
2053
5087
992
3968
2713
660
1067
4320
3777
3698
2540
471
3782
5444
1785
2199
3841
4521
1788
594
1968
1328
1292
2028
4190
4706
584
994
3954
2089
1003
2383
592
4349
4690
330
3756
2279
1843
5441
2356
2275
4539
5303
2911
3889
4057
5002
1696
4936
1564
4380
3361
235
5309
1523
5368
1715
736
1698
5318
1159
2755
4039
5355
2606
3360
5436
4069
3364
1473
653
2038
4478
864
627
4491
5304
1547
4577
1995
649
4468
1964
3381
3369
2909
4358
3748
1209
1449
5365
1512
2552
4264
3564
461
3027
2360
2633
80
4403
3188
4189
1642
3602
646
1490
5301
3565
2629
2621
5159
2759
3572
5306
5314
2589
71
5260
4784
2943
227
3971
1668
3817
5168
2632
2050
14
5138
5299
2608
94
3074
460
2631
1224
3621
3603
579
4122
626
4733
3324
1471
595
2627
3483
1682
628
4792
70
3595
2748
2442
4211
188
5112
2722
2756
5392
3873
1208
4052
2745
3319
5312
151
2856
2600
1578
4248
3986
5130
4708
1707
4239
2347
868
213
5006
1481
2904
2278
5313
1653
3359
674
5346
2884
661
3625
583
4068
2341
3590
1756
3497
3326
3325
735
3594
2041
3789
5455
4722
3583
2597
756
4220
1341
3576
4479
3654
2371
3972
5315
865
458
5286
2579
329
2949
4259
1486
2500
5061
2892
1835
1017
2494
5297
4382
867
2047
186
4274
2503
3311
155
1221
1026
108
3582
83
3580
5102
5283
870
4210
2886
873
4395
5245
4383
5013
1745
624
2951
4258
5123
4590
2505
121
3584
2542
1339
3491
5095
2472
4277
636
3618
2853
2519
1468
1630
223
4495
5084
5342
2407
1056
3481
5007
2265
5137
5226
1599
4589
4724
2325
1521
5201
5281
4078
2625
4477
5401
1469
1895
2635
2332
2398
4379
5284
114
5099
733
3357
5074
2864
2623
3174
997
2331
331
3787
2617
4400
4445
3502
1680
2501
2534
4347
3609
4397
2272
3788
4536
79
5282
4128
2268
4574
1058
1823
3600
2342
1638
1146
3191
5308
1537
4745
757
1332
1619
4766
3784
1709
3765
2523
456
2496
191
3790
874
993
3378
4544
1622
2766
3503
1691
2878
1981
2539
4436
3077
1112
4402
7
4371
936
154
3626
5096
4557
2616
4034
5171
3241
1022
1813
4286
625
4483
2830
2588
4420
2596
1582
4074
2744
5275
2273
4250
2492
938
4489
3322
4490
1607
3834
4077
4076
4411
5197
4566
3390
2509
1598
4547
5211
1780
943
1549
2451
4072
4440
4449
1467
2432
1641
754
1573
1782
604
5114
2351
4687
1147
5093
5164
5236
4476
1654
1673
1093
1556
156
4350
1330
4754
5209
2599
4306
1334
4344
5257
2839
4498
4447
2421
2068
2443
3578
2915
2375
2478
2559
198
5145
2330
4433
4197
4330
4454
4442
2065
2591
5289
2473
4100
5356
1129
2046
4343
2361
4360
5298
2056
4203
2043
2321
4560
5062
3872
2340
2348
1544
4756
2489
2427
5094
5268
2568
4405
1136
5182
2392
5319
5167
5220
2754
1733
4780
582
5118
2434
4256
2543
2389
3496
4272
2016
4765
2015
2019
2057
1972
2026
1991
2004
1983
1984
1992
4737
2055
2018
2566
2003
328
2535
2482
2353
2395
2420
2454
5152
1704
1658
4289
1461
2429
2828
1597
1612
1585
5199
5339
4417
1629
4224
1464
885
4580
2584
2574
2912
2558
3498
1463
5172
1466
5332
2333
2481
2586
4205
2565
1675
5338
578
2506
2592
2827
2484
4457
5089
3076
1118
4365
5131
2554
5291
2537
2352
1462
5066
5250
2372
3476
3075
1606
2604
4384
2430
5110
3185
2476
5241
2403
605
5222
2582
5162
5322
5107
2477
3631
3627
5204
2463
2328
2479
876
1605
5194
4331
5330
2499
3477
1628
4222
5294
1604
2475
5175
5047
5269
883
2486
5232
753
1729
2474
2376
5124
3492
2401
5323
4193
1616
5217
1456
5078
2470
751
2487
4242
752
1526
5487
3591
1676
3619
2337
4233
3181
2381
4329
2576
5492
3800
4337
5065
1663
2527
879
1458
2457
5287
1077
1558
2465
1088
5326
1105
2536
2567
2575
637
1455
5351
3623
5237
2551
2547
4232
5340
5166
856
3601
3614
5203
3806
5092
2516
3629
4200
3611
2459
1091
2760
5333
2355
1085
641
3613
5259
5132
3656
884
3337
4260
4375
652
5181
4270
4377
4285
861
1524
3833
2615
3819
4265
5233
2508
5305
3802
2460
3612
5343
5179
5208
1090
4568
11
4280
4279
3078
2548
2550
5213
875
5177
2557
4276
3608
3604
4271
5046
2556
2323
4378
4355
1525
2456
5115
1552
5216
5285
3474
1557
2544
1551
4212
5079
4412
4390
606
1848
5459
5049
1103
3592
3202
508
2502
5469
1113
2521
4791
1094
1568
2336
4386
5059
2382
4546
3854
4226
4241
4249
473
4292
4290
4353
3950
2517
1137
3237
5210
5218
4351
5058
4219
4333
5249
4332
4198
5207
3250
4206
4282
5104
1570
1152
3836
1121
1327
5108
2525
4543
3495
4227
4362
5231
5198
4338
5048
3956
1693
4199
1298
4739
5144
1291
4408
472
5081
4499
5261
4486
5156
4446
5105
2428
5184
5056
5082
3187
5057
3949
3857
5240
2399
5180
5141
5229
2433
1322
2514
1303
1109
2452
5149
4296
3500
5239
4304
1311
2405
5052
1287
3881
5185
2541
5136
2763
5055
2417
3880
2345
5077
3855
2450
3312
2607
5187
5225
2531
5178
3313
3887
5475
5070
3882
5190
5191
2374
2412
2419
5116
5186
5228
2424
2411
2418
2406
5193
5163
2327
2422
1701
5143
3864
3760
1025
4073
1304
1783
1029
908
1860
4062
1163
1321
3764
3786
4979
2270
1024
907
1053
963
161
999
2256
190
1049
3773
3201
1027
3831
3770
160
3772
1039
3766
3879
3659
3875
3778
1045
1048
1044
1051
1042
1052
10
2280
159
3776
1050
906
3653
1057
1055
56
3652
905
1059
911
1128
3783
1033
910
3883
3658
2267
974
1133
5010
1006
1108
3769
2269
1145
1124
1150
3865
3893
3762
1014
1141
1031
975
3846
3706
1021
1151
3734
1008
1015
3877
3660
3870
3726
3728
3737
965
949
989
3862
950
951
