1737
1594
3154
3152
412
4857
4709
3394
3862
862
609
1219
4126
4386
1255
4582
2594
4248
3521
1314
3655
969
5024
3537
518
1833
5116
2151
3527
3938
3230
429
3321
2113
1997
4150
1217
2264
3043
5127
592
3471
3558
4127
4773
2192
2219
5077
3223
3524
1515
462
3952
5030
3057
3517
1226
3652
3986
1271
1815
5085
3741
992
3656
3543
4775
2231
2435
1494
4069
5119
433
2964
1851
3742
2484
7
2366
546
2198
2309
2191
3079
1828
3768
548
3229
4320
3061
1097
2367
3758
3391
1260
3759
3574
4121
1996
2269
2133
3205
1358
3712
3089
4389
5097
4434
2436
3528
516
1884
4735
4066
938
577
3064
2255
3424
3661
2214
2298
1352
3164
554
4384
4723
1698
1024
1222
1841
671
3055
5048
1798
1900
968
3381
4757
3920
547
276
4100
2949
2181
4742
3340
4453
2318
4160
975
3533
4853
4200
3163
5087
539
3594
1001
3889
2176
3560
4843
3715
4784
3071
1114
791
505
1118
1006
1201
5072
3827
3099
3616
1010
3400
3536
1102
3774
3885
408
4205
3044
3944
3605
1034
1807
3430
4362
1236
1855
3070
1870
2150
3364
1036
3544
3601
3651
3063
807
3377
4804
4779
692
3350
2400
1191
1288
3344
4729
1194
4836
2143
1899
2406
4565
5120
2145
2190
4398
4159
3964
4440
5125
4711
1840
1824
3480
587
4874
2271
1344
4978
3747
3145
4359
1115
5038
475
1103
5131
1806
5093
4431
5012
1032
4798
4562
972
3777
4439
2252
790
3708
3563
3692
3446
2241
3753
4039
1420
966
1014
3523
3553
2106
5015
3129
4792
3618
3546
3909
996
3449
3784
1671
1003
3518
4769
1414
1412
3928
4721
3729
4252
912
4448
1819
472
1112
3104
3169
3614
4422
3837
648
1202
4543
3529
4747
2258
1902
1371
581
290
3392
4577
1151
3168
4736
144
3876
1279
3387
4146
3668
2209
1722
4436
4886
3367
1
2486
3360
3718
1795
3973
3115
1920
4197
3761
1893
564
3415
3962
3621
4409
806
4429
1989
3748
2002
3399
2128
1375
2702
3312
3479
2966
2292
2890
1508
3347
3569
3776
913
3930
515
1287
1308
1700
2248
4368
1208
4152
4369
4361
507
5132
3812
4206
3891
1597
4133
2539
4051
4052
1845
3522
2559
2358
1039
260
4437
3352
2148
3884
2965
4463
4786
4169
531
970
4982
3077
479
847
569
3797
3060
1231
2447
1234
2035
601
1809
1766
1962
3542
1106
3887
3110
2158
865
1853
524
1837
3728
3615
1033
3609
397
3562
1973
3519
3822
2230
4399
5041
627
2497
4410
2986
4458
3978
3752
3575
3906
3976
3078
1408
3841
3677
2080
4147
2611
4459
804
1214
4424
4
2947
3828
519
2976
4273
4834
2203
1353
3779
1394
1563
4704
4360
3111
560
2756
506
4243
3133
1510
1465
4141
3853
2415
1905
5111
1656
3953
2778
3786
528
4705
1911
3818
2409
4835
909
4989
2815
1146
5128
1023
3785
4084
3512
3118
558
3103
1254
1811
530
88
2236
1813
877
3781
3819
983
837
3737
413
3989
623
3927
1292
3875
2316
470
3587
3552
864
1715
5142
1889
3815
4430
3397
3407
809
3090
4108
610
3371
2094
3622
3611
3917
1361
1810
2827
810
2085
3105
1961
1311
3559
1040
3790
917
2237
1944
4954
4894
4971
1808
4067
3062
2166
4144
2171
4110
1392
4165
1188
4373
3411
1578
3200
4726
1444
1598
1251
4182
1706
4435
4245
3686
3330
1285
4867
2127
3858
621
4707
2403
4166
4097
3833
1980
2135
3954
2273
2293
3740
559
651
3997
3101
4090
2886
4198
3485
4746
1294
4407
836
3190
1210
1048
1839
3670
4573
3693
1868
4253
3773
1850
897
3883
4000
986
1791
3787
3461
3336
4566
3824
2984
4283
1238
4396
4534
1765
4583
999
474
2038
3829
874
973
1774
1038
988
3977
3514
1270
4847
1196
3671
2026
3894
504
1767
896
1831
5088
1008
4388
3673
1407
5139
4947
4718
2650
532
2368
5091
4826
4143
3766
3967
3092
989
563
3775
2615
2130
5018
3915
4799
4074
2914
1258
976
3417
2453
622
3972
3161
3813
760
4936
2444
4927
4118
2398
3868
4003
3080
2816
3199
2229
3993
4203
3770
520
612
2259
3363
3680
4760
3573
4054
4462
1844
3877
2218
4640
396
4048
4650
4441
3366
121
4145
1388
3669
483
3800
3474
2317
1866
3382
1020
984
2956
1882
94
3750
4085
3087
1459
4420
1861
1207
3357
669
3760
4027
3865
2344
752
1379
998
3395
4392
1876
1041
4852
1205
4400
4082
2048
2129
2550
690
4207
3744
4556
3054
3957
196
4259
3130
1978
3473
1773
2525
3157
3532
2700
3756
4863
1220
4092
4535
3739
1301
145
4840
3472
3934
3214
2360
3419
4859
2416
3047
4693
4363
4096
4224
650
1212
3244
3886
3042
3721
3233
5136
1221
2266
1096
3603
4660
3660
1832
3390
1975
4402
3466
2504
1190
3445
3591
822
2163
1587
269
3585
3576
4734
4955
355
1789
1167
1816
4411
1826
1100
1867
3456
3370
1328
2434
1000
3300
3580
2957
3723
831
4451
1072
2251
3918
4445
1320
1872
904
3991
3378
3735
3447
5074
303
3029
1523
3015
261
2235
2342
4086
3167
3144
2277
4561
3936
576
2199
489
3863
4186
782
3881
4777
4385
2202
1646
598
987
2270
2799
5040
2182
2165
3869
2243
1227
4733
3921
4009
2491
3778
4877
3864
460
4732
4790
3245
4167
2072
607
1430
4741
329
344
136
724
2194
3194
4102
294
1528
3259
4550
4297
2676
3069
177
2693
3265
318
2863
2975
242
300
2903
701
4356
2538
2901
2442
2336
631
1644
4229
275
164
4330
217
3700
1259
4539
3234
3306
4233
3463
264
4357
2922
3222
744
3267
4507
61
4267
2321
1337
908
3270
3038
1061
2941
5011
733
274
2928
3250
223
2821
2731
2809
732
3
2599
282
3275
2600
954
3240
2646
2625
3932
2968
2570
5124
5121
227
2639
1964
1731
2335
272
322
1276
2068
2806
3256
2853
2864
353
665
4354
2571
2586
1186
3470
280
2058
3292
1749
2898
3810
2598
1534
4678
11
4073
44
4633
3236
4269
1360
695
365
3269
4262
4756
4970
58
153
4592
3239
4017
2915
1053
2226
2891
4819
4088
499
2622
374
1247
277
2992
1721
389
2311
1630
1460
4225
2887
271
2063
4346
1782
2628
2882
2089
2814
2776
30
1739
2656
1095
90
3304
2025
1283
309
216
2092
1907
70
1762
1933
4288
1694
175
2987
12
3274
2772
2527
1433
2592
220
246
922
2146
67
354
2780
4900
726
2869
2883
72
2052
2370
900
176
1994
141
647
1533
96
6
2665
878
5114
25
4019
1128
3503
1083
1957
366
2848
306
580
2573
369
4232
4124
324
308
4014
2348
1262
4023
381
2098
4889
555
2798
2803
265
1275
747
3499
3831
197
4635
4803
2610
4938
307
5057
390
3817
2580
2456
4181
2805
5005
431
823
4234
1134
405
3566
2004
5010
1665
1195
4926
2473
4070
2475
3422
4418
3914
5092
1069
3995
4567
55
4538
4545
4427
4536
2282
4235
1189
1230
3707
3526
1667
918
1804
3772
2804
1137
5089
3331
3458
3289
2283
3383
5026
4885
3690
3994
3854
3534
3492
1225
3114
1411
1229
4345
2459
424
418
4114
2736
835
844
5065
1297
4992
4812
2791
388
762
3498
2424
2124
2875
2030
1781
3984
4310
644
813
935
843
461
2624
2452
2036
4001
4109
514
2157
4340
5059
2380
2289
3221
10
4489
238
4744
1368
436
4672
4990
2717
4139
4324
1632
3253
4018
4613
48
894
3476
1399
159
2867
3202
3782
993
348
2752
266
104
3757
5062
2070
630
4238
2603
3317
75
2994
3836
2458
796
325
435
134
4230
3273
4270
2930
4193
253
632
1787
2682
1666
3072
19
1535
3441
2767
84
1054
2201
1999
1417
231
943
1161
2174
2263
624
350
1440
2069
387
3903
3011
228
1904
4585
79
1310
4679
3834
944
1703
4301
4103
2381
2223
2763
4331
2824
4314
1281
173
3820
2759
174
126
4318
65
4646
1249
198
3457
3450
2985
203
1732
2727
2735
3258
1963
1172
83
239
4111
1520
137
316
4119
4332
4334
710
326
2583
1058
4062
688
2582
1062
689
1756
1755
707
4107
2667
2907
1554
1545
680
748
1599
2819
4195
681
2908
2820
1485
641
637
634
915
311
2674
335
684
2561
751
4521
346
4519
4527
85
1955
1143
132
2341
193
1736
179
4639
3638
1887
41
640
4156
69
1960
866
4275
1711
4059
3626
857
1451
339
4783
4476
4308
945
3040
4601
5016
3431
933
4579
1165
4277
1640
2010
1355
455
1607
2889
765
194
4056
2455
4781
2347
3180
2699
2605
1730
1726
133
3970
829
1170
4113
2272
2643
1439
2734
1605
1823
952
4333
4030
3113
100
333
2737
636
656
3531
2784
951
5000
3290
2083
1610
4974
312
4563
4763
2040
297
3314
3478
1473
1552
3682
3106
1329
5113
495
4637
2870
4352
1558
3910
39
4787
337
74
2364
2808
1448
1929
2938
2114
778
289
2775
4869
1452
2548
2850
1147
1266
855
1240
4005
4140
343
3288
2842
1854
2265
3643
2111
3081
172
2673
736
1278
4239
2872
251
4701
2739
4688
2338
1717
3851
4323
230
3539
407
655
3284
1386
3291
4596
1557
222
3649
1397
43
4669
2782
281
850
1446
2631
1326
2939
362
3403
863
3309
4897
2468
235
2029
1727
3469
2332
1696
4116
2389
4184
3900
2319
2350
4731
947
2709
4122
4972
1313
2320
4175
1416
3198
1633
224
3849
3107
739
2137
4013
3816
4351
347
939
32
2916
4401
4151
4134
1569
480
852
4564
4768
4655
2326
2110
1681
3003
2078
4104
3433
4178
590
1784
451
1405
4503
4750
1595
2954
3024
1315
658
5049
180
456
5122
893
1525
2353
13
2172
3710
3227
2818
1431
2899
349
3874
443
4395
4684
1777
4670
124
1381
1401
3039
2770
2704
2897
4043
3252
3525
2932
2998
3640
1800
4881
3809
2287
2675
2944
1293
3507
1908
4922
1282
4438
2786
2697
3286
1648
2902
1916
950
4967
4548
178
1027
2369
3896
1248
4588
936
3177
4952
3237
2257
1237
3675
2653
4078
440
3495
2722
1518
2723
1296
1600
1068
4771
1245
491
40
5067
2861
3859
501
2859
0
1993
956
2847
2000
3985
2022
2422
4058
1725
4302
1484
1865
47
2449
2278
5068
4551
1453
2959
8
4789
3684
225
2708
854
980
2712
299
4560
1842
4674
1502
468
4322
2478
4766
4307
1927
2713
3482
4129
841
3343
706
2210
2995
4211
105
149
2689
143
3033
1627
1621
2096
2365
662
4602
3374
46
3806
236
2715
2275
4510
1691
2429
4353
3002
1347
4956
2793
1793
3947
2361
3327
385
4615
1303
4893
3745
742
3996
2418
3295
437
205
3847
1953
4212
2836
208
2926
52
321
5014
1746
4791
3124
477
1566
2993
1783
4594
1764
4305
2810
2811
1176
414
4795
1252
2520
131
2334
2865
3021
2460
2041
3196
2637
3217
2385
3683
5056
1486
3803
769
62
106
2211
4911
1733
1104
2050
3905
252
4647
2482
291
2159
5101
2383
4523
3150
2761
359
184
4643
1101
3028
119
3197
2593
1087
4466
2823
4174
3203
705
4041
148
1011
981
2088
816
42
2152
2685
1406
1200
2997
824
4917
885
1327
449
1638
2408
2541
3505
797
3765
3034
4509
4064
1984
185
4569
2349
3451
4348
315
1972
2896
1316
3961
709
4095
4337
2450
258
3719
4171
2671
2007
5029
3260
3432
2043
4614
3579
3339
4576
1995
1387
442
2608
788
4004
2333
1898
1336
884
2905
334
2670
3131
2011
4123
3247
127
3764
1940
2356
3992
2792
1093
2790
4617
2623
643
1763
1060
2857
851
2634
4700
1064
1335
2754
4608
3323
2505
2047
3100
80
1628
4336
3074
1786
4153
4916
3094
1956
2284
5053
2506
3109
2067
1859
3016
3035
3171
3870
3801
2779
2411
2543
566
4300
2310
686
166
3901
2115
4505
1925
2441
2773
4905
5034
2785
1568
5013
3440
490
2960
3843
3007
2009
87
4584
1910
5118
780
1324
1160
5080
1713
740
4520
117
1948
4958
2579
4187
604
2155
3000
818
1519
995
708
694
4191
2013
4044
1213
2626
4772
4213
3307
2262
1952
3082
2305
4946
4629
332
3008
2787
3283
2509
2958
2794
183
287
2660
3825
3084
2753
2256
1108
4656
452
3802
1709
3835
3257
879
4423
5109
613
313
1930
2738
1305
3195
1177
4474
2049
1425
3631
2542
4079
142
2718
401
1341
1390
114
233
3646
4915
3826
2664
1369
473
4214
1653
210
3014
3856
3902
2879
2654
3065
2788
3066
2822
882
2183
152
1714
147
279
3867
2871
1089
2696
2481
59
3699
2640
2526
5098
3012
4076
856
1059
1779
2466
314
508
4294
858
1325
2983
4703
93
204
4609
393
18
3358
3907
5129
4467
2443
77
1467
78
189
2940
2645
403
2918
873
262
376
2448
2245
458
2613
2885
820
683
3010
4658
1442
4896
409
371
4966
2895
828
3125
4263
214
199
1455
4631
2053
620
1302
649
770
1606
2397
3893
4482
4493
2345
1981
4619
5112
3310
2545
3215
2757
2015
2244
2508
4909
2843
1334
2711
2357
2296
476
2535
1551
2719
3018
2849
1572
1976
2888
4849
4606
392
5033
4598
1319
2750
776
2268
4060
567
4011
1647
1643
1692
4848
890
2855
1544
2873
4969
3349
2288
1748
5130
182
2021
1372
1582
1740
187
2008
1466
2006
2952
3023
2743
1331
779
2746
3878
5028
1366
4591
745
2488
66
2730
4223
304
2616
2894
659
4575
1521
4008
2267
2651
1547
4183
1668
1753
1070
288
4719
1157
994
195
1471
2751
4105
653
1718
3484
1664
1971
2
1434
3173
3630
1267
2074
1716
2747
4950
1919
2741
542
2511
1744
3009
5046
3022
1966
4891
2521
1669
4921
1370
4605
1735
502
3313
256
4808
1273
4311
3408
3494
3648
964
977
2197
2107
2714
2044
3017
5117
1923
4942
2051
4089
1357
2575
373
4607
4231
756
4306
2240
1818
2039
3420
1178
4580
4841
3860
1306
1409
2740
1612
571
4817
2567
3026
3004
4920
3641
4045
5123
2648
729
4638
3373
4977
432
2766
1340
400
493
3467
3488
657
2789
2421
2238
2077
4189
4162
484
3262
4128
4654
1457
876
4115
1159
1456
4837
4508
3093
4985
1091
2728
2037
4002
3174
4264
1090
3496
4657
2878
3879
4117
370
423
3895
3634
4176
2748
3271
2817
1926
978
2177
165
375
5039
3716
2706
1474
3650
1939
2732
4347
4865
1941
1086
2193
1947
3658
5075
3842
1272
4190
3814
454
4632
4295
1080
2379
803
2781
830
2325
2362
2856
802
4042
3355
1244
2707
3830
3644
821
482
391
3031
1239
1330
1481
3888
1321
3946
485
487
2762
1322
478
2924
139
3695
2095
3036
2553
3345
2081
419
5022
761
3019
2695
2745
4764
295
4961
2160
2920
2222
1951
4957
4697
4254
3850
283
792
4063
4692
89
4827
2703
2844
3030
2082
4673
2705
3807
2102
2691
2606
4661
416
140
3897
1125
404
211
457
4973
2465
4675
95
444
4219
15
3175
3178
135
1687
2982
1686
4112
2729
1586
1468
1092
3020
4289
35
3243
4012
3356
2540
4281
2175
2097
146
76
2862
4499
4256
2581
2454
465
1332
2565
4266
2419
3639
2116
4530
4217
4913
4666
2701
1728
2989
2507
3176
5070
2942
1596
1954
2551
1133
2686
2657
3375
3861
635
1269
3166
212
2046
4246
4033
2953
286
4664
3085
259
3873
556
660
2974
2173
4131
2413
629
3636
4923
3305
2961
2532
3714
1183
4665
1424
3804
4683
1246
2502
1655
3186
3248
2962
115
417
1323
1775
2627
870
815
4680
5076
2496
3697
5066
3025
2518
1663
2795
2749
151
2377
2868
619
4645
4313
4912
4931
1539
4552
1187
161
3839
3188
584
4237
3153
3303
1192
615
2655
500
4618
257
2390
1153
545
3623
459
5045
2471
4154
3376
840
814
1677
3443
86
2911
3308
839
4611
1991
102
3898
9
3006
2845
682
3172
3183
5042
1620
4540
1803
5106
1693
1065
4241
2372
4526
3141
5073
3866
2569
3442
402
1421
1604
4754
3322
2955
4020
5090
2851
3871
1398
638
2123
4624
5060
3216
4586
691
1391
3184
3979
5054
1462
3083
1373
5061
2860
3798
2487
1307
3249
2437
2951
4767
447
5044
3882
4291
3892
3857
2652
3799
1931
2042
2554
3899
4220
3726
2555
1654
1441
4286
4316
1592
3155
859
543
3032
285
5031
3179
5083
5069
3187
3005
3189
1182
5079
3805
646
5086
4268
5020
1734
4222
540
3448
2825
1415
2105
1720
746
5058
2483
2629
1295
1312
3698
3137
2184
298
3162
82
2828
3855
541
2846
4028
2546
4571
284
1423
192
3165
1776
2925
1685
498
3158
3147
4249
4694
5047
3181
5064
305
2479
596
406
3963
1935
2494
2492
2493
2104
5110
3126
1555
125
5035
4698
5094
2001
2513
1938
2826
3156
4533
2839
1619
1593
1427
2108
5078
2858
3808
5023
3968
1382
4106
5055
3013
2474
5019
4010
3135
4083
1990
4689
1678
2588
2118
5032
2119
2120
605
5051
1965
2489
150
4682
4695
1758
3736
3769
3132
589
1148
5107
5021
4335
3974
5102
617
2027
2515
1932
5100
2971
3122
2445
4610
2533
2090
783
4652
1304
1613
588
868
1689
5105
273
3642
2220
1967
3880
600
1043
2681
2498
2519
536
2522
2463
625
5084
3353
2438
5104
3341
4199
3530
2032
4209
3146
533
2028
1055
517
467
4648
1094
889
553
512
3076
4634
1674
3990
1998
1697
4247
4208
428
2033
1992
1088
3120
4024
4271
2979
1145
1670
1107
5134
4034
3633
2495
1875
3075
578
2514
537
3138
2529
628
513
4210
4255
5103
4157
511
1684
880
5135
3832
3838
2031
3418
602
4036
3148
1977
2638
3134
3299
3645
593
522
3627
3354
787
2835
1922
2556
4068
4663
3404
1085
5037
1979
4148
3965
181
2207
941
1609
985
3475
2884
611
579
930
3647
3732
891
1936
3121
3318
1280
948
2537
2943
3435
2131
1081
1171
425
1223
819
1211
3955
4895
4016
4098
4179
1603
3211
3922
4878
614
801
4274
3108
2224
3767
2534
3140
1121
5071
1163
1903
1546
4887
4986
4968
4512
1127
2564
4007
867
805
1723
3052
3139
3762
3159
4242
3998
1378
3421
3405
1136
1345
1750
2076
4838
3325
3328
4094
3326
1641
2528
4832
4842
2607
2935
3704
594
2547
1126
3149
1099
5082
753
263
572
5126
1917
2227
4484
2179
4040
4265
2302
4244
4979
3929
1141
3948
1074
2188
3342
3212
3053
1198
3051
5096
3791
3160
4370
4677
3049
3073
3943
931
2132
3232
5143
1657
3128
568
319
3050
2297
3727
4055
1149
4077
1109
2838
4872
1228
2328
2147
247
1140
1119
2304
4668
2531
1987
3904
672
4185
2510
1543
2720
4630
529
4202
2874
2644
4258
4861
3794
3119
4406
4892
575
1437
4201
3095
2544
1166
1912
4032
3346
4725
2524
2003
1232
675
2204
5006
1743
1120
4793
1699
4240
1631
3754
3780
1878
2079
1478
2929
1896
2813
384
5099
3334
2837
3733
1209
3231
5007
3783
557
2395
5081
2386
50
3848
606
1206
1105
974
949
1608
4908
3351
5138
4884
2307
991
3335
1649
1131
1928
1615
4975
4287
5017
881
2499
4875
4251
3796
1679
3942
4821
4976
4904
1659
4995
2387
3452
767
4999
2388
3763
4935
2281
1169
4022
3123
4988
570
3477
1377
871
2635
4138
3301
3771
3329
4676
3316
57
934
674
4883
3908
4155
1184
3324
3613
4941
4031
3789
2609
3912
940
4049
4093
5108
4708
3987
2099
942
4818
2125
5140
2212
5141
800
1224
4959
2371
3988
4802
4902
1662
3982
382
1162
4260
2536
3102
616
771
4765
3460
2301
3143
3333
4914
1616
2934
1645
4890
3097
5004
5137
2363
2937
270
591
60
4854
3751
116
3296
1204
5133
4882
2217
4870
1274
4006
4164
1573
4204
2432
1402
3088
957
582
2233
56
3127
4728
3911
158
2134
1185
3795
772
1122
3348
4778
2936
3506
603
4871
2337
550
595
4025
766
4823
3315
3749
1617
4776
3319
757
3117
1614
3213
1175
4172
549
599
1418
2423
3091
4844
3956
157
4053
4924
525
3554
1215
3116
245
3332
4816
4825
1583
2721
608
2250
4918
1393
4780
4026
3755
3045
4907
4820
2410
561
4839
3975
168
573
583
1256
551
1261
1419
510
562
2433
574
2428
2430
2426
1426
4810
1218
585
565
3547
1250
4814
4710
2247
1436
4037
2261
2242
2407
2323
2330
4712
4770
4830
2291
3046
3136
4029
4714
3540
4797
4713
3792
2314
2412
4898
4824
1477
2253
907
1343
2375
1445
3225
1529
1479
4953
3545
4939
2300
4715
774
5003
4774
932
4980
3151
128
5001
3565
2306
4862
2141
4822
1522
1503
3502
4944
4807
4888
1672
3538
3557
2279
1629
4299
3170
2469
3925
380
4864
2404
4879
4937
1516
130
2274
2663
4929
1536
4815
54
2340
2215
3913
1497
1346
4080
2140
91
4981
4794
3297
2286
4416
51
2312
2612
4943
3204
2154
4964
2352
1495
2162
4951
4996
1490
3056
2195
4930
2376
3966
1475
4758
2331
3983
3923
1429
3743
2139
4910
4800
842
5008
4949
2200
781
2313
958
2308
2221
4261
3226
2260
4177
1500
4136
2295
4099
3224
2276
4250
1480
4785
1488
4919
2213
1683
905
2254
1512
1570
4928
4868
1476
4149
2690
4855
4282
53
4762
4858
4290
2382
4948
4047
3520
914
5
4811
2246
775
2374
4285
160
2206
1362
2329
4716
97
2558
2168
1548
3486
2178
668
825
773
1498
4751
1470
4158
2280
1501
2346
1354
1487
4899
597
1575
4050
4142
1504
4813
521
1410
4173
1472
4782
523
955
4934
3337
4057
4722
4046
4727
1532
4196
4805
1356
670
2678
923
4132
2170
4194
5036
73
2614
1565
4759
4743
2185
2396
1574
1561
2180
1550
4740
1580
2208
4749
1559
2249
4706
711
4880
4720
4081
2164
1493
2285
4724
463
763
4188
2339
4125
1491
2359
2142
4906
4730
2138
676
764
4901
4738
667
4075
4761
1400
4965
3208
377
4748
2167
2617
4755
1564
4932
4364
4873
2351
1581
1376
3338
4876
3999
2153
4137
108
2299
888
2392
3931
827
3098
2322
4960
4940
4717
2136
1277
3210
3713
3058
4962
2417
4745
1556
3916
2401
4404
2950
4933
2384
2126
3951
268
777
2394
1384
3945
2549
2144
1403
1396
4161
1037
1155
2755
3937
4945
3059
979
3958
3949
3919
654
3950
1349
3959
3940
1413
3206
3981
4903
3971
3207
1404
1057
1203
1642
2967
3980
1351
652
2324
2420
4038
1435
2391
2834
2393
2425
1443
1463
2414
990
3504
2427
967
399
3567
1350
921
1447
1367
1422
2687
586
1348
3209
2355
789
267
2431
1233
1022
1253
2071
4993
3564
1454
971
1181
2832
3459
1299
4983
3823
2716
3509
1197
2402
2833
3379
3439
3734
887
1042
1071
3438
1199
395
1180
1052
3501
1710
1179
886
4544
4284
946
394
3464
2688
872
2399
3731
1113
1286
3491
3508
4603
398
1395
1438
1047
1002
4997
421
1449
808
3510
434
1450
1374
1013
1339
411
1025
1389
1639
3746
1173
1044
1009
446
1193
2831
834
426
1383
1031
4035
4653
167
1046
1018
3845
3725
1432
1051
3589
1704
3468
3516
4984
2990
3426
26
420
1778
848
1958
883
2973
4994
4987
5002
3570
3578
2980
1005
1015
875
3722
982
3586
916
920
1026
902
919
929
811
928
3455
927
4667
2948
3676
1030
926
924
2724
903
3462
3483
965
3583
3481
3380
3489
3487
3840
892
911
2972
3551
3596
2945
4015
3437
3427
4408
2963
3939
3730
2991
1298
1056
1045
3409
2830
2557
4279
4651
3384
3549
861
3401
799
3724
3706
3453
2061
469
3703
453
3632
3550
1836
3635
3599
1017
3582
3369
3385
439
3598
960
1142
4471
833
4450
4021
1049
4636
3720
3416
826
3571
4371
4621
1888
3685
4604
1084
3612
3428
853
1785
3444
2020
1077
1078
832
784
1079
3454
3555
3410
3600
464
1174
1946
845
4403
795
3606
1812
1768
4376
445
3590
4627
4525
1116
846
860
3666
1754
4372
360
2946
4475
1168
3691
2017
3434
1130
448
3386
4600
4380
4578
2019
1983
849
798
3402
3389
2023
3637
785
1969
1235
438
3425
1790
4587
4589
4522
1988
3572
1772
4513
1164
4616
1847
3597
4555
1974
2018
1138
4553
2014
1154
4590
4375
1123
1942
3362
3924
963
4496
3617
1860
1858
1959
1986
3711
3372
2016
4405
997
3593
4547
3625
3665
4625
4572
1821
4581
1895
4599
4365
4557
1814
1985
1769
4595
4554
1968
4558
4559
4419
4541
4620
1771
1770
4537
1874
4546
3406
1801
4623
4542
1921
1802
3602
4515
4504
3592
1849
3653
4511
2005
3513
4470
4387
3595
3541
3561
4415
1144
4495
4367
3846
4491
1827
4497
1132
3696
1124
1098
4486
1886
3679
4469
961
4480
4498
3702
3624
1915
4501
4492
3515
1150
1110
962
1035
4494
794
3694
3396
3393
4460
1117
793
3687
1004
3361
1012
3628
3412
4502
4472
3709
4490
3672
3717
4390
3511
3577
3619
4488
1007
1156
3568
1152
1066
838
1029
3413
1028
3414
1076
1805
3588
1021
3581
3429
1139
3620
4344
3608
3398
3688
1019
3667
4444
1111
3535
3584
4478
3365
3659
3359
3674
4383
1788
4381
3607
1016
3705
3096
3610
3604
3678
1796
1135
1856
1794
3657
3548
1822
4506
4443
3681
4391
4500
3654
959
4446
4425
3663
4382
4393
4452
3664
4394
3662
1835
1792
1871
4426
1914
1913
4457
4485
1906
1897
1909
4449
4421
4468
4455
1862
2812
4432
1817
1873
4447
4428
4414
1838
1852
4487
1883
1901
1863
4413
1799
1890
4464
1864
1857
1830
1825
4417
1891
4454
1880
1881
4456
4442
1846
1820
1877
1892
1894
4433
4412
4465
1829
