3627
4711
4839
2103
1316
4558
4316
3664
1287
4842
1217
4451
1241
5451
4597
2173
3819
4356
2042
1813
3979
584
1491
4793
676
1242
4456
3626
4796
3395
4937
4375
4761
4130
966
1256
3848
4932
1780
3624
2170
5089
4430
1317
1863
4390
2018
625
587
1060
1075
3818
1311
1388
1857
3210
4440
865
4692
752
1837
867
1617
2406
1264
4439
4785
1232
3502
4416
2166
1702
1204
1226
1304
4649
4792
1731
4414
3417
4283
4762
4041
1842
1061
1262
3388
978
4549
5087
583
1984
677
1265
1268
2202
4753
2036
4018
4102
4407
4836
2211
2014
4034
4343
4419
5140
2228
3975
4344
4420
475
1618
3918
2002
4163
1624
5104
4613
3980
4816
1079
4404
4365
1538
3335
3040
1575
1421
4834
4689
626
4742
3748
3715
4434
1788
1310
3841
670
4015
2180
4425
3650
2131
2156
4405
4927
3481
4468
1634
2048
5153
1203
4202
4746
2006
4698
4799
4745
4797
3443
1260
4452
3448
4004
3427
5143
1313
1184
1849
4051
1413
3691
1303
3475
4732
1252
1305
3630
1496
664
4012
3346
942
2247
2604
1285
4396
2056
1292
1319
2193
4008
1321
4058
2407
1280
1386
1255
588
478
4780
4902
2071
3905
687
3705
4014
773
4155
4445
3730
277
3328
4169
4782
2358
3501
2333
1980
1661
4395
4431
1997
4427
1698
1374
1261
3506
1410
4539
2626
3440
4991
4768
1109
927
2787
4895
4403
2623
4461
4002
5060
5496
1360
1403
1765
4907
991
2044
4421
4726
828
1278
4073
3959
1962
4915
4409
1246
1527
3712
3749
3665
2213
1172
4083
685
965
4413
2174
1422
2035
2325
1730
4205
1279
750
1222
1239
2412
1312
730
4060
2017
2005
5142
3649
1674
2045
5162
4069
2118
868
1591
4855
3228
731
1852
3364
1468
3732
2337
1240
4369
4204
1945
3391
5474
3430
2053
1535
1384
1600
3930
5276
1531
4737
1680
911
2987
959
5092
3939
3456
1838
3034
4995
3995
1177
1464
3674
4019
2205
1274
696
4394
4129
1971
4601
3327
3911
4623
2310
1715
973
4052
2055
1523
4833
3828
4122
5151
3989
989
3738
4374
629
4448
2008
3212
2133
539
4358
4372
585
1291
5210
4622
4082
4544
3957
2078
4020
2072
728
4931
1248
3230
301
586
2028
4417
1994
1442
4228
2409
628
4426
4444
4361
4373
5230
2974
4626
5083
3461
4171
2468
4340
1503
4165
4564
2262
1690
2387
3505
1664
2497
1297
3984
1633
3716
4446
4029
3211
3418
3983
1281
4001
3802
4410
5048
3757
4750
1612
1826
2615
1298
1827
1275
2753
5179
4733
3044
3898
3450
3673
2217
1366
4472
4817
3431
682
4950
1978
972
4975
681
3721
3374
1791
1230
2789
968
1271
1372
2063
1740
2054
937
916
4093
1251
951
1424
1328
1327
2074
1247
3339
3625
2334
4727
3696
1965
3331
4713
1990
2188
3713
1235
4382
2216
1871
3671
644
642
3613
4348
3348
4239
4011
1577
5090
5204
3919
1744
4522
4360
3446
4175
3857
1691
4035
2342
3045
3840
2422
739
3653
2108
2026
2734
2032
2964
1323
749
4246
1608
3336
4026
1601
4030
3699
3258
1651
1408
4115
1581
1456
982
607
1774
2229
4007
3813
2449
4794
1571
1967
4585
748
2961
981
3442
1801
690
1043
1133
3915
636
50
4756
4381
4837
2107
2257
4988
967
4575
3741
4005
3484
2183
1315
3264
3820
1113
3845
639
1200
624
3641
3413
2178
1509
2191
4164
2701
4432
4148
1799
4806
2146
4690
3652
4770
5067
4913
3447
3392
1199
952
649
1266
1296
373
1270
2249
1505
2435
4084
3107
5074
1237
3746
5494
2687
1400
1058
5240
4065
1487
4555
4469
2940
896
2286
3628
5073
971
86
747
105
1028
4138
738
4861
5101
3508
879
2475
1286
5158
1720
5326
996
4056
5186
1419
1387
4624
590
1211
2405
4397
1712
1520
2306
1415
4000
5124
4769
1295
3803
2743
1076
984
4027
3962
1183
3826
3805
1935
4996
1979
4318
1102
1150
1779
4589
4831
3435
1106
2198
2016
4053
2050
1832
3451
1320
4017
3229
1833
4290
2068
4714
914
892
2037
1989
2327
994
1258
3874
3629
1514
2746
2207
3739
2206
1940
4953
2723
4923
4037
1088
2939
4879
1992
1486
4141
4498
1803
4146
2397
4889
2222
1534
1477
3048
4453
1263
1599
5076
3337
5394
352
2957
1957
2876
3207
1176
4392
1697
170
4488
5133
5216
1798
4524
3344
1259
529
1131
1
1478
1584
4153
3393
2502
3807
3947
4306
3912
622
4470
4309
1148
988
665
997
1288
1541
1884
2423
165
4810
1301
2134
2235
4710
4771
5450
3858
3964
3372
1981
5052
2251
1950
2442
4800
4783
1011
4454
3837
1497
3444
3383
3455
2150
3835
2089
593
4755
1108
3376
5075
5252
5173
4747
4013
2033
3844
3758
3765
2161
5100
1741
4897
3428
4778
5459
1282
4987
4437
5443
1299
4010
4568
2624
4103
1412
3731
2461
4158
3060
2858
1380
632
3695
4371
1046
3651
4038
1859
462
481
1181
5232
3504
1236
4429
957
2693
2090
1077
4142
1532
4582
3993
4884
5477
3290
1322
4579
4077
2189
4040
2520
3800
3863
4321
4563
2022
1404
4046
4604
1243
1308
4497
4070
3647
3643
3996
5020
727
2653
1112
3269
1144
431
3117
1893
2455
24
3366
5095
2094
700
3623
5102
2182
1049
5168
1047
2361
1513
1302
1425
2171
3707
3369
2952
2353
5184
1540
3868
4433
1370
1846
3407
4872
4391
1504
643
661
3881
272
1022
4367
2556
1140
327
974
1530
1284
2467
2606
2902
4670
3449
3445
4661
1182
4586
1831
3683
2162
1273
2227
1201
3394
4088
4639
1082
3634
4882
4823
3005
3046
3292
999
4611
1562
4850
2352
1219
4460
3639
1224
4803
4134
4078
3371
3326
1958
2464
4045
2959
3401
2126
884
4801
5455
3924
4636
1220
923
4475
1939
4911
3985
1300
3728
84
4619
4224
2903
2750
2689
1528
1354
4400
2338
3438
733
732
281
1137
4583
2457
4731
5082
3686
2181
1647
2616
2060
2526
5126
4323
4016
467
2772
4418
1034
1746
746
3945
110
1991
1428
2344
1742
549
4918
631
1145
4354
1325
987
1119
729
2897
4422
4845
1245
2430
4174
2200
909
2151
5007
2049
921
3772
5018
1107
191
1094
491
3791
3786
3159
4983
4114
3208
4870
4946
2149
1017
3847
1841
4728
893
2332
2158
1946
3933
970
1307
2184
2282
4022
5499
1985
1904
1728
3838
3365
1635
4703
4838
288
3871
2837
4941
1179
537
1289
37
4893
4366
3377
1637
2434
2441
5501
5498
5051
4335
2866
4157
2663
3483
695
4203
4297
1942
683
2484
3033
4133
1090
2958
4479
2038
2393
2895
2600
5483
2587
4345
283
4615
4023
1361
4230
5387
4280
2860
869
2357
1065
2322
2144
3832
3817
4376
2372
199
4466
2622
5379
3433
2324
2473
3585
2983
3568
368
2596
493
211
119
160
760
2647
2639
718
2602
3597
391
2580
3593
412
759
439
4529
2658
406
1197
2599
323
5273
2582
2578
2597
418
2798
2583
810
804
371
3588
2842
2601
1447
5364
390
3453
926
3311
77
1816
3605
3578
1829
1875
5307
2559
767
75
382
3471
3526
1905
4684
5311
1713
318
2904
270
807
3192
2614
328
2857
2640
2818
766
433
3490
295
178
202
2892
5317
228
2819
5383
3088
2305
4599
434
1699
4333
504
3196
404
296
5282
811
2888
3603
5422
5056
4308
2785
2593
42
2850
378
369
1883
356
3047
2814
2494
2875
2793
3083
2915
2933
291
3544
3479
396
3309
5432
2776
3469
152
2594
197
124
2543
1882
2972
5291
201
3342
5244
2528
4284
5024
1900
5484
5337
359
604
204
565
1648
2955
5245
5270
3137
5302
4193
263
777
2841
2807
413
4683
5281
1793
5415
5479
3596
4518
1770
3595
3922
3909
672
4814
998
486
4739
4059
5026
800
934
3378
3902
2199
4802
2064
4962
4693
2208
2934
4906
3888
2086
4738
3424
3742
2179
2081
4074
691
2221
4843
1844
3436
4921
4808
3657
2288
4784
2052
468
4857
4101
3349
2196
2153
409
4917
3793
969
1411
858
2007
4916
4048
2252
5327
225
4537
11
4888
4605
1192
1911
126
1195
2057
388
765
313
60
3540
3548
435
2735
4648
815
3056
429
266
209
559
2620
2242
153
737
3362
1954
1912
5335
1930
79
2646
452
2984
4561
4286
4298
3530
919
3029
1718
847
2255
118
3004
4671
3703
706
2627
2970
769
279
3598
3277
3549
512
4591
3459
422
3482
3206
230
832
408
5226
2791
2843
2563
5371
3168
436
513
2813
2631
2996
1190
3154
3493
3480
2398
4003
4616
5099
4241
4862
1920
3541
3611
5385
3020
5425
4398
254
4976
2851
667
5472
808
2611
2159
3063
5188
311
3028
43
2139
3955
157
2796
203
3405
4314
5321
1721
2862
3386
2574
5367
3465
2316
5423
2804
5487
358
5363
930
3215
3081
3021
2511
3071
3079
3053
208
520
70
1196
3066
5264
179
2566
2742
3037
2853
5412
3101
5493
4707
526
4595
2539
5283
538
4678
2041
4687
556
3198
2840
3007
888
61
5342
3361
4136
214
3017
4042
4271
95
443
2550
4303
2725
3566
3009
5486
3176
337
1578
3467
3297
115
5038
5243
544
338
5238
4062
3360
2946
4277
3464
4757
558
376
172
711
2803
1903
2127
4632
848
2128
941
603
2801
3118
4507
3478
189
297
240
3248
2492
72
307
519
2981
5219
3161
343
3172
5374
2914
499
2516
3131
4682
5198
3545
2570
2937
5376
309
3953
5439
1821
1771
2110
350
4199
410
23
2845
1776
4257
2901
5209
108
3130
1606
3539
405
3310
618
3587
1704
188
1760
3460
4865
3452
5406
3513
3555
355
4680
335
3136
2883
407
183
798
2403
3126
5353
1570
511
2879
2777
5301
3385
4287
2854
3064
2104
2290
4341
5299
2729
3261
2931
2433
5372
5414
3289
3202
395
5297
2571
778
3135
4758
4229
5368
4353
1657
521
2881
287
500
5035
2829
4482
4511
68
3166
317
3403
4380
533
2284
1443
5139
2963
2907
1563
2923
492
57
6
3293
2531
4181
4352
2195
5361
3075
1461
5402
2299
3535
5174
3589
1918
210
1154
3114
4559
2311
367
1777
5147
1598
2767
4744
150
3012
3016
1700
3057
47
890
4525
3090
3527
1480
2115
1448
419
5366
4528
305
4334
2493
268
1814
3426
194
249
2312
347
4637
1885
3725
4249
501
841
5471
820
107
2521
1329
5349
3010
2366
2488
2573
5390
4534
1595
1850
5156
2416
2558
4764
1908
497
148
4666
2625
3976
3167
1580
4105
1038
247
2240
949
3174
20
2443
3474
2489
5039
4185
357
964
3051
1576
2517
3026
3253
3006
3942
2476
1899
3116
1008
2549
4609
2535
5169
860
4631
5045
2152
816
1775
2721
3565
5478
5034
243
789
3200
5058
1732
3157
2415
5175
2061
2770
2605
447
2736
881
3522
351
4305
145
285
218
8
4663
4660
3358
3523
2944
2824
4252
1926
365
5085
654
2480
226
3232
3170
4675
1678
4530
5280
2737
5256
64
1498
2567
2733
2553
4944
2073
1362
5375
2741
4235
1988
2637
1835
2918
2633
97
5408
722
3600
1470
763
2130
1757
4647
5214
398
3563
102
2815
3494
5424
2828
5331
2820
258
1901
3387
4526
236
2748
5476
332
2988
2117
1968
375
2485
273
3000
3574
2816
5263
4658
2491
455
271
5292
4653
4594
2445
3201
2832
89
3160
3969
567
605
4788
1847
416
306
4279
5098
3592
65
424
430
5271
3533
2367
774
3195
5491
5033
3586
958
4676
1848
3569
2893
3103
4269
4296
2031
3579
1889
2534
2882
2258
3580
2749
5358
4787
125
2855
5218
801
4291
1549
3570
5255
2141
794
4795
67
5438
726
136
175
2823
5407
2726
840
1694
2920
1767
3615
4487
2808
3234
2652
713
855
442
1666
5257
5413
4982
5041
3546
3147
2285
3055
2657
834
2634
756
2308
5403
2863
3332
1872
364
2945
781
2755
1676
140
3528
2867
3397
516
2976
3150
4971
4379
1685
3547
772
2636
3018
3733
4635
3030
3027
4247
3667
3954
2669
393
2317
1913
10
2454
381
5336
3416
714
2124
2810
4634
1749
768
2106
1645
4517
3296
5365
3345
2274
1667
4990
168
3352
100
4560
5192
2771
5084
239
2589
4934
4250
294
4543
5324
5492
5434
570
571
3217
3538
3205
2906
26
2951
1623
2967
1193
4325
1620
4571
724
698
1656
2577
4109
3967
4643
2745
3529
3952
2935
2140
4858
2873
3171
4547
5242
2564
2802
94
3189
3162
133
4948
776
122
1544
3499
4588
2487
3179
1056
155
5027
4538
69
4766
3774
770
4267
176
3065
1590
5176
4124
716
48
5290
2572
5046
3343
4901
812
2280
3163
4098
1705
2275
5233
1948
5427
2991
4735
2297
3468
5431
5405
3531
3307
4730
5409
3035
2713
32
3254
2168
96
3554
2267
2643
2176
2659
1819
4132
3591
2302
2887
4570
598
3003
5187
4652
3575
4847
4641
4200
5392
507
1906
2065
63
2954
5338
3169
372
472
1756
2278
4577
517
217
1681
233
51
3165
5032
3550
1117
3599
137
3127
962
4282
1589
2635
758
4767
2680
3054
3516
1812
336
5463
2930
1710
2478
4256
563
3244
530
2160
3125
5395
4301
219
383
3607
4270
2942
4765
4049
2965
4602
2427
4606
3357
3963
3303
308
5164
5054
4458
3156
5447
2239
4221
1792
180
5430
2720
3011
5077
5348
269
171
1619
423
4509
33
399
5275
562
824
646
5063
2575
3280
645
4986
5480
3100
3099
5396
1811
4192
2868
330
2105
1205
5436
2542
5138
720
3023
5399
4076
2651
3551
484
4128
4550
4849
5362
2313
2947
5215
3259
4743
353
4859
4160
4535
387
4657
2997
5170
4572
3186
1382
223
799
471
5137
2565
925
292
2254
104
200
4285
3408
370
2927
3267
929
3472
762
2569
675
2938
5296
3558
298
4686
2833
2977
360
3604
2632
3519
4180
666
4705
2392
4190
3398
3552
4329
437
2608
3151
3317
4565
5433
2097
1357
4779
238
385
1727
1755
4258
4195
441
4645
4786
3492
3956
267
3015
5310
2536
1773
2718
3737
4654
174
1853
3144
2822
195
90
320
3263
1928
1931
440
4198
3314
1660
1013
3564
417
4813
106
3120
3852
3138
2671
1809
3014
3619
611
4776
3688
2910
2827
4039
62
2111
4473
5370
231
344
1614
3233
3419
5401
4521
594
227
3534
4853
5277
4201
156
3368
5303
5086
3288
2905
1553
2681
4072
4702
602
2655
2584
3214
463
242
4110
3132
2766
2992
3255
3498
3105
3062
3340
361
1363
3024
3252
551
1572
523
5457
3074
1450
4332
1733
1437
5400
3070
976
5456
1679
1604
1206
3839
4324
325
4191
3142
2644
566
2538
4312
5343
3146
5355
3094
5381
1524
3241
4958
4644
943
5250
2544
2381
5384
1518
2486
349
4266
1536
2953
3203
5318
3583
3001
1914
36
2666
4234
2545
2673
3610
3282
1368
712
3236
5305
4515
950
5458
5111
5465
5205
3216
58
284
3470
1441
4552
4307
4150
5350
4455
2799
5298
2386
4912
3042
3463
1869
5378
2884
2628
2890
5249
2165
5031
5467
1794
5029
4177
5246
205
216
979
3283
3935
1856
1786
2898
2648
2995
1364
257
3514
3242
456
2880
235
3032
1375
2482
3008
289
4952
4178
5344
4099
3286
4438
3104
5346
5213
3406
2993
701
4320
2384
3025
830
2296
4523
1185
2872
635
386
4493
4331
3353
5284
4265
55
1007
3019
710
3338
4362
3238
196
4213
1949
5121
22
4618
2885
3049
2896
3153
312
3102
2830
3581
4149
4551
5428
4681
1324
1761
333
340
755
2859
3491
4832
1069
2649
4614
4255
414
80
167
1351
4183
2909
621
2985
2800
555
4188
5354
2848
5097
5185
4650
2123
5300
451
186
2568
5224
4162
44
315
1371
1983
956
1966
5351
4182
3084
2865
3038
276
3390
321
1890
5352
3316
1537
1369
244
5442
2886
2586
245
293
2122
1444
4186
3904
3122
5495
2728
4627
1817
2522
250
1350
4527
4054
2529
71
764
403
1435
1194
4748
4501
127
3860
2943
2561
524
1782
4302
5388
1466
3173
3148
3273
3155
1446
222
4172
2900
3432
3098
4304
4216
528
4113
3262
193
2706
3302
1669
862
1616
3466
3121
5377
144
2444
2668
2379
1687
415
3359
5440
2744
5159
3706
3556
4075
4254
5382
4095
1294
940
4706
3767
4490
4435
4278
2760
3532
4940
1764
111
207
4276
532
3031
945
3609
4492
2382
275
5485
2192
4232
3111
458
3092
1706
3486
2928
4275
91
5309
3281
2470
4094
3285
2321
1916
158
5418
4841
310
5308
4184
4508
2674
4496
278
173
5445
4548
4699
1396
5061
1147
4590
5191
252
2369
2852
3473
3638
3350
4342
4789
3177
3351
5449
1035
4868
5193
5220
354
3239
4268
5475
3520
4167
4187
3110
4090
2932
4166
4151
3488
74
5278
2683
261
3043
4281
4449
5221
232
3245
339
4510
3420
510
5454
5404
3072
4243
3128
2817
139
3300
342
3525
4226
2555
5452
3190
2722
3231
4085
947
1743
3354
4145
3093
5444
4173
2618
215
4503
2738
73
5132
4089
3496
4274
4156
4168
4176
4092
4262
290
4300
101
3515
4220
4100
2856
286
31
3614
3180
1439
4295
4423
4144
3129
3512
1879
66
151
2277
2989
4061
420
259
1365
1683
2847
3143
3184
212
4143
3069
3795
192
5460
4154
2968
1557
1231
3265
1438
2645
3396
4951
2982
1891
3462
4159
4179
282
4299
114
4194
3221
4240
3537
112
4294
131
3013
93
3489
3313
1878
4118
3222
4259
237
2304
2979
85
2788
614
5441
3278
5397
121
3306
5453
4211
3112
5180
4516
3191
4520
2899
3454
99
5429
3632
4135
3073
2846
5222
5042
4140
2715
5262
5157
5325
213
4242
4273
4091
4328
3291
3315
5319
4108
3224
1785
613
5500
4161
4260
3425
87
1784
3036
3271
1383
3633
3140
253
88
3270
4587
103
1806
2911
1389
4330
241
4106
2941
4542
3246
1414
708
334
1766
5339
255
3411
248
4227
3937
3152
3052
251
56
3308
744
4450
3086
3524
2825
3145
4313
795
3041
1748
4581
2950
1855
345
2768
2877
5411
5269
2962
1787
4629
4545
5419
518
2320
5323
1866
5289
569
483
2707
2790
4546
49
4393
4263
924
5489
557
2675
5380
3193
302
1747
3608
1972
280
3076
2292
2889
3367
2762
53
4319
3109
4593
5141
4827
3410
3050
2315
1539
98
2691
2826
4238
745
2709
5055
1385
3218
4554
2702
3080
3272
1545
2697
4272
4854
5030
4513
4289
4638
4500
3219
5357
3134
3209
4292
3068
818
5120
3521
5047
3304
3439
790
3602
509
2301
4592
2603
1431
1807
3194
1378
3197
4104
1708
392
4772
1030
4261
5446
4231
3487
4447
2831
4485
5237
793
3108
5258
1750
3096
5288
3434
4476
2679
5322
1802
784
5254
3113
826
5248
4139
873
4489
792
4576
164
1860
3139
470
9
3384
187
1343
1828
5195
5108
536
775
326
260
2667
1951
3164
4096
2437
1602
3415
5435
4514
5069
2732
3178
4264
1834
2641
780
1762
2642
4212
2708
4363
3560
5207
473
803
2739
2975
224
5359
3618
5330
4288
3067
4656
2913
1611
2966
1471
3091
1476
5398
3256
5122
5253
2490
314
572
809
552
3227
2969
5293
825
944
2335
319
715
2287
3181
1862
2551
5329
448
374
3635
0
2087
1432
1473
725
3298
3123
796
1463
3542
3275
4603
3276
411
234
5473
4442
3133
3002
5340
2956
4086
3268
4217
397
1751
2994
457
742
831
1783
5068
4215
2971
5393
2978
3557
5113
2761
4120
3511
3363
2719
3158
2546
2684
1407
4424
3507
787
1418
2874
4251
3616
5171
4401
81
3495
2861
4152
1423
5466
3305
3039
3124
2560
3584
4384
1892
5386
5201
3185
1753
1626
2378
2710
198
522
4121
2703
4326
3220
5223
2537
166
3644
3341
1420
4245
129
5332
3518
3097
92
5149
454
2431
1586
2692
5464
2607
3294
3251
1915
2894
4556
4117
5482
4322
4411
1356
4477
1646
5016
3115
2869
3187
324
2532
3510
5127
2426
2355
2547
5229
2717
1684
5202
5469
4674
3814
1406
5037
459
3925
2765
2453
4640
1682
2371
1373
3636
5274
1436
2548
4504
1445
1670
1349
299
3606
5312
3299
1652
5356
2527
2714
2323
655
2891
1594
3237
4223
2512
29
5189
650
3223
3509
1726
2838
2592
4387
1695
3601
78
822
1658
5148
4207
2508
5112
132
694
5313
4339
3621
4600
2870
1605
2350
835
1565
2345
4569
5259
5057
5420
2446
4225
5206
704
5334
1501
2809
1546
1752
3631
5123
4197
3576
1526
1392
5462
1769
4480
1843
806
875
4370
5119
4930
5093
5040
876
4385
1815
5028
5177
4464
5373
2498
2421
1653
5190
4248
4633
2472
2686
2495
2411
3590
3620
3476
1717
2469
3078
113
5234
851
1641
4553
5320
1734
2462
348
5091
5163
5194
1559
4610
554
788
1346
5107
1629
5416
1854
143
4668
1808
474
329
5421
2960
446
854
453
2456
2463
2619
4347
2496
135
4495
5062
2375
1533
1402
4494
2318
1636
4630
220
1662
4350
1554
2591
3637
2295
1627
2973
4412
4233
469
5065
839
1592
1677
508
2650
829
1716
2925
1339
2376
2598
1665
1398
4467
1548
2414
1465
1433
2399
2349
5217
1790
450
2370
2364
5333
4097
2383
2356
449
5130
2917
5181
2504
2428
1649
4607
1655
2389
880
2417
3612
5247
5071
5241
836
2
2912
2385
2540
5235
4478
1654
2585
1597
1416
5165
5200
1692
2447
3617
1582
844
5265
5116
1613
5208
2562
4346
4311
120
740
1650
2388
866
4210
4337
1510
5064
506
5129
754
1688
5261
4351
3485
2418
2328
5118
5066
2424
5239
5152
5155
2519
2377
2507
2440
2373
2413
5251
5131
2391
4463
4349
3199
2374
1596
2319
4388
2419
4359
2331
2400
1663
1703
1693
4443
2438
5144
1593
5145
2465
5236
5199
845
2410
1462
2450
2505
4336
4206
5227
2630
2343
4465
1628
362
2429
5172
2500
5183
4459
5178
2329
850
4471
2510
1722
1610
2439
1585
1631
5136
5110
5125
5114
2395
5135
2420
123
2458
5211
1659
4441
1689
4208
4386
5117
4462
1492
4389
2459
1603
2351
2451
1638
1725
5260
3503
1754
5070
5079
5150
1851
2363
2452
4457
2362
2408
2483
5128
5115
4406
4355
5088
5160
5105
1768
5134
5106
5078
5072
2554
2432
1714
5081
1460
1924
1609
5
1673
2336
2360
2394
2436
2425
2609
2340
4244
2339
5094
1508
2501
5266
2404
5197
4483
2499
782
5059
5096
2396
2621
2477
1615
2541
4357
2479
870
445
2533
1668
2756
4368
871
1707
2503
2524
1644
843
2390
2354
1516
5196
1459
2612
1574
2514
2346
861
2359
542
2509
1583
1522
1621
1625
1483
1630
838
864
872
1521
4219
1810
2839
2513
2466
2368
2523
2676
610
341
4327
2474
859
1573
2330
1529
2326
4377
4408
4209
4573
2694
2525
2448
1642
2711
2695
857
2552
1455
833
1517
4628
2341
1502
1449
1579
1512
856
2506
2665
5231
863
2530
4315
2672
4253
2806
1485
1454
1568
1909
1796
1607
1482
3355
1453
2471
849
5050
1457
1344
1818
3087
1500
2289
2678
83
4566
1340
5203
4474
4378
4557
1567
2682
2999
1467
2309
384
1922
1395
1542
5212
1341
874
1429
1494
877
2908
1543
842
2836
1507
1475
1569
142
1515
1488
846
2712
1525
2699
1342
878
853
4087
402
1440
4310
1417
2581
4502
652
779
1409
1452
1481
1458
736
753
4718
1836
1391
1745
1564
1489
4562
4584
703
1393
2677
1830
2610
2747
5488
5049
1917
852
1479
734
1499
735
1495
1484
1353
1519
1474
54
1426
609
1550
2704
2690
1493
1561
2700
2696
2688
1348
1430
560
1472
4512
1552
2588
2936
1427
3141
2660
1490
640
1390
4662
1434
882
630
1399
3301
641
3257
2662
3356
1352
1763
4402
3324
1345
1469
1381
2557
4125
1511
2781
2300
3287
4399
2298
1506
515
514
751
2705
1379
4131
4112
1347
1367
2613
651
2811
802
545
2698
1737
4338
494
2990
4236
4428
4383
2949
5490
1874
2757
4126
2794
2779
1558
575
2576
4317
2727
3421
3409
547
1547
1701
548
4486
678
1005
2730
2629
1845
606
1326
541
1736
601
5437
595
2724
4612
674
476
5417
1355
638
303
3399
648
1023
1405
3347
1824
4170
4665
680
647
4237
1898
4920
1337
3441
1032
3687
4436
1566
169
2752
5426
4107
2924
3553
38
3323
550
4869
525
3320
4642
366
709
3325
1026
2271
1919
1397
692
663
707
3400
4596
1189
4119
671
1738
488
1394
546
1795
5497
620
2740
3334
1556
1739
4147
3769
686
1229
2929
612
673
3429
633
705
817
531
3929
684
1896
623
1031
2754
785
574
2051
1907
1551
2303
688
1064
1257
4567
300
2784
786
3968
3755
1214
1880
1358
246
2926
1272
702
4137
2864
3876
576
3274
637
653
1215
619
1332
1335
689
19
304
668
946
1331
3796
596
3622
82
1877
1376
2664
377
3928
660
1933
983
3932
2812
2269
543
18
2986
658
2844
1186
3763
331
479
697
15
1338
1074
960
1333
2661
3321
4608
4079
400
3913
2786
1876
2590
1048
3923
1977
498
2751
5468
617
4667
600
662
693
380
591
669
477
4506
3204
4081
3260
1072
4840
495
4621
2758
2279
535
5448
346
1087
1976
5228
2276
4651
3831
3412
4050
4851
1956
4505
2685
3727
4111
464
3295
577
4933
1309
2270
3183
3402
3811
1858
1139
4664
1359
7
3645
5461
1216
1839
3240
3284
4036
3333
1778
4679
1180
1212
161
485
1098
4123
3689
503
2293
1868
4943
540
4415
4578
4900
1789
627
1188
1085
2203
534
1187
3889
3423
1277
487
4848
3669
634
1306
4805
163
4127
679
3825
1888
553
4898
190
573
3866
1334
1276
1068
1861
3226
1952
502
461
1870
316
659
4625
1401
3279
1823
599
527
2759
3812
1171
1083
578
3414
1881
206
3250
589
1451
2948
4719
3437
4033
1054
900
2025
3926
3853
4293
1143
1042
992
1053
3808
1797
2088
963
5347
490
1089
3318
3894
3872
1170
1070
4574
1269
4820
1052
931
489
1804
1191
1336
3921
1129
482
3718
1318
2030
4980
3789
3771
2027
579
580
3897
3322
899
1840
3877
162
1021
4945
1163
1560
3225
3249
1100
3404
1004
1820
2260
1283
3061
1800
1027
3329
2764
3735
905
1015
3235
4697
2075
480
657
3266
4080
3662
4057
1735
4066
581
3458
1864
30
1168
1164
2281
1033
1055
980
1142
14
3792
3379
2617
3934
3661
1067
3762
1330
3859
3790
3370
3690
3783
2795
2922
5021
1041
4715
3773
3389
1084
1073
1006
1019
699
1104
1101
4116
3931
898
3740
1066
3887
1887
1267
955
1110
1012
4860
2980
4659
3660
1955
3457
3794
1040
1051
3752
13
4055
3658
17
3781
3659
3780
2069
3782
4067
3777
3785
3788
1039
2921
4826
5025
1223
2283
1805
2003
1016
4043
2268
1178
1050
4672
2878
1132
901
1097
4044
3836
1961
3778
1213
4024
2272
1036
904
3830
908
4541
1037
2120
3422
1029
1781
2266
3717
3779
1045
3787
907
902
3776
2797
903
3784
1044
3770
1025
906
995
1024
2263
3833
4068
5002
2273
2919
4791
1293
1020
592
5023
4025
4804
4886
1244
4979
5022
2261
2154
3754
883
990
2265
1126
4790
3723
5014
3815
465
4063
3946
3213
4864
1314
1290
4967
1000
4499
3982
5003
5013
4031
466
5012
2264
2805
1010
5019
3869
5017
2780
4812
3750
3829
3702
1014
4533
4818
3666
3965
5005
1249
3809
4875
961
4807
3849
3856
4925
3806
3764
2059
3865
5001
1921
3775
3761
3760
2223
1103
1115
3768
1923
3850
2043
3882
5015
933
3890
1009
887
4822
3851
3247
4673
4821
4984
3824
5009
3966
1002
2029
4999
5008
4028
4021
986
3663
3722
985
2259
3711
1063
3873
3724
1018
1111
889
3753
1123
2039
1086
3864
1772
582
3861
3375
1128
3759
1138
3986
3997
1996
3843
5010
2021
4876
4998
938
2085
2047
1001
4540
1228
4992
4959
1822
1124
3949
3927
3920
1250
4863
948
3380
3903
4717
1152
4032
3726
975
3875
4961
939
4989
2095
2119
2020
3382
3747
5004
2248
3330
3640
2232
993
4811
3743
3720
1254
2145
4064
3373
4009
4926
1175
4071
4708
1227
5006
922
1377
1999
1116
3885
3823
4701
4734
3972
1136
1118
4532
4696
4677
4580
4617
3899
1099
3880
4721
1121
1081
932
3906
1135
3907
3891
3694
3883
2083
2001
4
3895
1975
2015
3886
3745
3999
4954
656
1166
3698
3709
1155
1157
2116
3719
1122
4997
4974
912
1096
1173
1134
3810
5011
52
3648
4704
3693
3916
4752
4969
3842
1161
2040
1127
3381
3704
1120
1151
1158
1153
1149
1162
3884
1141
1160
886
1062
1146
935
3901
3756
3684
4047
460
3319
3734
1970
1156
3646
3744
1080
1167
3243
2256
1105
885
1095
4716
953
4798
1174
3936
2167
3990
3893
4006
1210
5000
3692
2000
2093
1130
1159
3992
3900
4825
1165
3971
4856
3736
1093
4835
1169
891
928
3879
3896
3892
2013
3948
3950
3870
3970
3951
4867
2112
4809
1253
4700
1114
4828
3678
2169
1092
1238
1071
3668
4883
4985
4773
1125
3988
4908
2121
3878
3961
2244
4846
4963
4720
4725
5080
2070
4973
2092
4891
3978
4981
2243
16
1234
2214
3642
4751
954
4966
1947
3867
3854
3914
2253
3974
2177
910
3654
3994
3908
3804
1963
4881
4722
4815
1221
2246
1953
2004
4894
4754
3681
3910
1207
3077
913
2197
4695
4691
3998
2009
2201
2250
4965
2187
4873
4824
3987
2058
4955
2011
3685
4723
3751
3714
2237
4903
1208
4994
1959
4877
2241
2132
4829
2230
3766
2204
4928
4947
1995
4736
3816
1209
4939
3943
1003
3855
4885
4956
4949
3729
4978
4957
3801
3655
2238
1969
2113
4964
936
2024
1960
894
4935
3917
2218
2763
4970
2245
1091
3846
2023
4960
2210
1225
2082
2079
4919
4830
1233
2209
3940
4890
897
4694
2019
3991
2091
4844
4914
2212
4938
2236
2096
2186
2234
4929
2233
2225
1078
4709
2185
2010
2219
3701
1202
2220
1057
3862
895
4936
4880
4724
3697
2100
915
3938
2231
3798
4904
1943
2084
977
2109
1998
2172
2215
3700
920
4896
3682
3680
2224
4922
3973
4899
4909
4781
3677
1059
3672
4763
2077
4968
3834
4887
4972
2194
4942
4910
2067
2226
1944
4977
2143
4924
2142
2062
2155
4878
3710
4729
2175
4993
2080
4871
2034
3799
2102
4874
4852
2099
1964
3708
1938
1941
3676
2190
2163
1973
1987
3958
4775
2147
3
1974
3656
1218
3827
4819
2076
3822
3675
4688
4892
3821
3960
4905
1982
4777
2137
1993
2136
3679
1936
4749
4712
2164
2066
2138
2157
4740
4741
2148
2046
3797
4774
2101
4759
3941
1986
917
1198
2135
