1762
3969
4519
1761
5396
4881
4400
4427
4445
726
3545
3939
874
3527
4399
5404
1697
4027
5351
5128
3310
3398
1690
1499
4882
2278
1383
4235
962
2026
4036
1811
1312
5196
5208
645
4409
4836
4337
1195
2023
4440
2025
4433
1823
1787
1958
4846
4755
14
1953
4694
1107
5412
2279
4029
3319
4466
1062
1482
5405
2822
1094
2068
4262
1683
3940
1300
1833
741
1824
1481
3803
1957
1934
1636
1293
2721
1674
1064
4470
724
5060
4471
4439
727
3684
981
4013
5015
3180
3407
4022
1637
4431
5079
4472
4416
1198
4692
4651
1194
5410
1451
4748
4650
1647
4756
4189
1058
4953
2289
4531
1299
601
3897
3345
3356
4435
3908
4452
1660
1199
4014
725
3596
1502
2769
742
2775
4379
1000
195
1956
5422
4860
4330
4448
4389
5449
2369
5227
3340
1602
1788
3751
4006
1309
1912
4404
2735
1836
4886
3674
4047
571
1705
1101
2940
2030
1356
1526
4082
1400
5406
4055
3589
4844
1968
3734
5417
4700
3686
3299
3995
3949
4885
3195
3770
1778
1321
1938
3925
5112
4872
1736
4549
4422
942
2051
1964
2363
2457
1996
3471
1749
1613
4028
4348
3591
3962
5135
2034
1473
1594
4695
1512
4730
1040
3691
2029
5388
4012
2424
5438
4319
162
1117
1816
4325
1233
1700
1073
4059
2274
1686
4068
4375
4696
1914
1515
3331
5035
3414
2321
895
2733
1646
2147
4321
4948
4
4038
4024
2786
1693
4851
2758
589
1011
1984
1587
2042
2277
2823
1459
1715
3587
4652
2349
3731
1201
5215
3464
2028
4020
3775
1373
1597
2890
1054
5454
3
4052
3367
2766
2288
2088
1477
4703
1019
5414
4741
1979
1212
4050
1411
4689
2247
1684
5430
729
3920
1415
2900
869
3298
948
2435
3814
1821
3370
1935
4491
4677
4155
915
5125
1986
1727
2897
1408
2009
3640
3785
3717
1004
4127
928
1307
654
2904
4428
1804
4391
4334
4295
3375
1317
818
188
2332
1607
2371
196
10
3318
899
1412
3745
1390
2212
3841
4412
3594
4274
1726
673
2451
1284
2901
2433
3898
4492
4123
4030
2484
5424
5140
3911
4941
4873
4746
3452
1381
1462
3358
4724
1227
4210
4077
4919
3718
3170
1504
5416
3171
4355
1215
1096
4390
3943
4699
1659
2695
3906
2337
1978
570
3693
1981
644
5036
4935
2728
4672
1495
4349
3692
4051
167
4366
4144
1061
2409
4558
3675
3842
1511
730
4570
2408
3739
3599
4232
3531
1066
3795
1015
1497
2131
4894
1999
234
2237
4922
3293
1687
2811
4717
1396
4574
5436
4370
4481
2315
4434
3410
4246
2938
4054
30
3802
5072
5197
4449
4341
4989
117
587
1514
2038
4202
1520
2903
4487
1389
1854
1161
4465
4322
876
3766
3442
4415
1802
4385
2339
2952
2354
5051
2176
1382
2185
1936
2290
3722
4542
1286
4161
2590
1368
4333
2738
1941
5155
4653
1963
2129
3297
687
3913
1009
2747
4808
3292
2110
4704
1112
5336
1929
3642
2035
4751
3788
5338
1308
2228
3910
1508
3958
4686
811
901
1124
4709
3929
1014
4725
4732
1200
2357
2189
1480
3456
3704
883
663
4942
3838
3412
1641
1100
2489
1505
187
1125
4902
1575
1577
5387
4380
4154
1739
4339
2439
4255
2895
4056
1268
2326
4031
1020
4585
4992
4706
1281
2929
3921
2442
3774
4138
3443
2744
2324
4126
4092
1122
1730
1889
4307
4394
2444
4386
4395
4534
1620
2725
2329
4384
4271
1301
1588
4133
1428
2177
1510
1464
5103
2947
2708
1923
5041
5291
4739
633
3364
4762
2372
3284
4795
4215
3801
3946
1489
4955
4926
2108
3626
1197
4687
1393
488
638
4674
2471
2746
1977
614
637
3329
1792
2149
1728
4847
4982
2693
1524
1092
1994
2079
2208
1503
2910
1954
990
2175
667
4797
4040
2179
1080
2141
1557
2001
3376
3771
3919
2942
3182
4124
3185
5043
4369
3786
2273
1487
4353
1275
2270
3753
3700
5054
546
2429
4398
157
3796
3738
3746
4442
1494
3893
1318
4053
3881
3772
1779
1965
1090
3660
4410
158
4436
211
1519
210
1376
1057
1586
1829
1629
2743
2547
4361
2275
3777
1630
4547
3749
1338
464
2896
5443
2085
2231
1516
1656
4244
2045
1951
4880
658
3401
3793
2022
3928
3399
1414
4757
5046
2037
649
2011
3309
1831
3448
4308
2681
4195
3687
4890
1132
2155
4787
3787
2171
4727
3597
1530
865
4242
5088
1976
1479
2187
1598
851
2378
4259
639
4840
2041
4690
2345
1287
423
705
946
610
3307
4187
3891
2781
241
3428
807
3514
3137
2232
435
3233
334
375
1652
520
593
9
2633
95
420
4618
425
1925
2787
3496
3208
178
346
4287
558
436
1943
335
451
3253
254
114
3430
2827
3234
2977
3236
798
1392
419
4237
2622
87
3218
2770
3883
1315
985
2406
82
4432
3730
2263
5013
1010
2930
812
5203
2797
5243
4184
3703
627
586
1460
1093
1269
2819
4037
5346
917
4834
3625
3583
456
1059
1397
5408
4512
5238
2260
1544
662
4387
2434
5122
3475
1429
1056
2464
999
1966
939
3706
995
4049
2724
163
609
224
245
800
332
441
3215
3239
3162
2866
444
710
4199
3634
4192
4209
4665
804
282
4670
3508
381
3054
906
263
2677
784
3134
3066
1927
3266
2112
3551
3313
793
3062
1385
442
3080
256
3128
2652
403
339
3321
3077
4186
1135
5446
561
4814
5160
508
1767
3501
3383
3502
3252
3060
2767
3499
176
4075
4961
171
181
920
3023
406
3563
2511
1344
2832
4475
4511
2427
3145
410
299
100
1873
2428
3027
3277
565
3224
2515
3248
1305
2621
808
326
4721
754
3509
497
3279
2642
3230
1365
57
2296
2481
3871
2367
3981
494
3857
1784
1110
1701
4731
4754
582
1418
4526
463
471
1342
468
4418
3680
4728
4548
1735
1590
4365
3959
4554
4740
3623
4845
3783
3384
4843
858
1273
3931
4684
2582
2012
4017
3922
4437
2238
1452
3909
4342
1431
2637
3620
955
1498
1628
2741
1565
1087
465
3584
3812
2459
3782
2318
3435
820
5028
88
4821
5070
814
349
29
1948
4377
1353
2251
830
433
1611
1635
3649
1154
1627
4964
259
4010
2561
130
3109
3100
3159
4975
5248
3360
4817
511
110
1773
3260
779
5333
4936
3212
3664
485
2753
790
785
3047
2752
3003
1149
4122
543
1554
534
1875
1774
2043
1786
2050
439
3045
4609
377
173
3008
623
1223
557
2661
279
2922
3032
446
3042
283
1797
3799
72
1371
4800
2253
1501
3124
2564
4598
4604
3005
1733
954
697
127
2998
3173
3143
3226
3229
801
2152
4602
4613
2678
3336
3515
2418
794
93
3240
1827
1461
829
2999
1689
3325
5376
3493
2911
4100
1466
3536
661
2220
257
5390
1379
4827
709
583
5394
454
1238
3205
2927
5342
1449
3061
1532
3202
2656
2254
2755
2519
137
4887
1138
3110
3099
3899
2926
2529
3503
3368
923
4591
3263
199
3543
5367
1535
904
3068
805
3141
2954
427
40
430
21
1360
3320
345
1445
5179
363
5254
1348
2854
2840
516
2362
294
4550
3089
3378
608
308
1485
3980
1187
1826
554
3262
3269
344
2783
3091
421
2993
239
486
415
364
4636
1766
3494
3843
3632
5219
736
3549
3497
5411
3324
3491
5256
2616
4965
3808
3754
2697
4104
5393
1862
5030
1737
2476
3026
5020
16
4269
1688
4904
720
5444
4174
1748
4363
4076
1328
605
2405
5222
2754
4193
1815
3747
2909
1468
3287
871
602
3365
2810
192
4382
983
4025
2824
1789
2322
1573
5159
2566
1980
1282
616
1323
1076
4035
4414
847
1855
1741
3154
1467
1347
136
5326
250
301
1783
1845
1358
3015
290
578
4071
3305
3982
1750
2771
2835
3275
5298
428
2686
535
767
260
3132
1643
3152
3175
3265
404
328
1886
5354
5180
5345
1609
2893
3868
5052
5323
3135
5008
3002
3209
1163
3483
76
3882
2246
438
491
5228
4197
2502
459
4648
562
1901
789
369
1884
3144
978
3138
680
3079
3427
1799
4171
750
194
5164
849
3108
5242
4988
563
168
179
206
567
1131
821
2836
4461
2215
5283
3429
522
3492
3605
357
3016
3878
4780
2624
4094
547
4639
341
3916
843
502
94
4224
5266
3558
3323
3123
822
3565
3512
1134
2760
696
4473
4163
56
55
786
400
3232
3235
853
3256
3268
3227
3167
3120
3155
3149
3133
3272
848
3093
388
3082
3067
708
792
3046
3044
3166
3273
3223
3274
416
20
4614
413
4621
19
611
443
209
2500
2361
4805
3322
4960
1752
4345
3217
1068
5305
3525
1853
1193
3862
1849
2508
755
4612
5319
50
5224
4603
402
1639
1917
2105
3107
5232
2875
2626
3556
2974
2432
140
693
1892
356
4579
5111
5220
458
3436
3147
5303
2885
1947
2257
77
699
4530
1877
5068
84
5193
698
2106
612
155
4194
1622
3537
3876
1374
149
75
700
2276
3053
3867
323
3656
5268
4963
940
537
3934
1882
3051
2802
1895
3488
2935
1378
3917
2317
3606
5150
3415
74
3447
4807
2983
3504
751
1555
2761
5420
3875
4299
1742
4749
54
5148
1386
2789
4839
3433
4644
2679
172
5082
3009
1618
2924
2687
2763
3432
116
772
4158
2949
3997
4074
2360
2240
4573
86
2164
5409
4408
2536
1692
4812
4130
2458
395
411
4944
198
336
3604
3461
2798
312
731
3389
4459
3510
60
396
634
2468
965
2542
2239
1571
3176
3533
4866
1902
1808
4456
3864
2683
1961
4179
5377
2676
5428
5027
3569
1173
2132
3915
2595
4469
4649
215
2647
121
1045
938
2286
4261
5069
2342
2117
2573
3264
2402
445
1667
3835
2560
170
1399
878
2111
4575
2205
3348
622
3036
2118
3366
343
2415
5294
5109
3877
2782
80
501
384
2748
2749
1616
330
2477
952
762
81
2976
331
3237
268
3438
971
5350
2857
5340
499
3715
1450
1817
2333
5253
701
3918
2765
2996
3004
1224
6
2847
4336
3203
4405
2965
3254
3220
2886
2124
1302
4777
4213
202
3489
3884
2858
2594
4793
2256
3200
128
2674
5310
1484
2720
2629
1179
2817
4624
3895
514
3485
2918
5245
3040
594
5005
3140
498
4222
2600
631
642
683
1771
1351
4093
2737
888
424
2447
3038
5154
3993
5000
2631
262
2700
222
1851
3039
3479
2842
3064
2331
3349
490
5007
916
5334
15
4663
1150
319
1387
5120
3078
1772
3055
4003
322
2479
1104
1581
3019
5358
3114
3425
515
2712
5365
3246
3126
390
3012
815
3361
2200
2544
4344
933
298
1145
1114
5107
4631
2704
4016
2667
1945
935
3670
2846
4205
1539
2571
249
3088
686
4682
1120
3179
766
5235
856
3853
3048
342
1069
4771
4774
1942
2620
2874
882
2299
64
4105
544
2230
2056
3392
2543
1264
462
1143
4500
4297
1801
1285
1985
4109
4676
4719
2448
1141
5399
1077
2599
4693
3758
4943
4338
4685
613
4912
1805
1777
5453
466
3907
2271
4923
34
4712
1650
1253
885
5
1103
1024
2393
4425
1604
3791
473
4713
1793
3193
1584
713
2024
1866
2513
966
1119
2609
1731
1139
553
552
1350
2578
4497
4720
2915
5407
657
3818
1677
4863
510
590
476
5246
237
4769
360
4661
1192
4716
972
1165
5214
5385
3210
1208
4782
5257
4761
759
2850
4125
1567
354
1775
1868
2083
3805
3974
347
4838
4160
4823
5172
551
306
528
5009
503
2366
3222
2140
1488
3631
2773
2833
253
107
3090
2261
4977
4079
3304
1118
2865
2052
392
4593
3249
5185
3419
2970
3136
3484
4190
2485
2577
1680
5189
1170
1053
5401
4966
4572
365
3250
105
3098
3849
3214
2645
3495
2095
4638
629
309
4266
154
3434
4106
3416
905
524
27
881
186
190
1364
4298
2994
2985
3516
2244
908
165
4085
4601
932
3826
231
1911
3936
2718
2750
1070
4883
4214
4280
2867
455
5006
325
4576
3888
73
1876
3473
1572
5344
2376
4292
5029
113
854
153
1747
2351
1746
3242
5363
391
4914
3832
870
4284
539
2863
4541
4991
770
1570
2245
817
280
1606
5241
4239
5315
251
2913
4714
3513
205
1444
5327
4441
2209
2988
5080
3544
2186
5100
5375
4223
431
828
4217
1206
2934
5173
2216
2460
5321
3373
4813
4715
307
2174
1172
2948
434
2804
4908
2843
2512
1891
1562
1654
2526
980
517
1904
5317
4084
3763
111
2884
1263
505
2101
2446
317
5218
2520
2689
2617
4091
2992
2694
4588
18
4939
2707
1758
48
3540
492
4243
1569
4837
1129
379
3160
5292
2258
529
5284
3198
124
4249
4005
4474
2579
3511
5440
78
4619
5034
1427
2928
2137
3721
2882
484
5174
3106
2663
773
536
3258
39
3564
3562
3116
4628
4826
4167
3892
3153
191
2170
393
3566
3839
1694
2648
3800
4647
5065
3554
2791
3848
4698
682
3118
91
408
1867
2295
4799
2123
3797
1384
5331
1523
5081
5288
4820
0
8
2987
1563
1398
5277
2972
3122
376
4198
548
2146
1531
3860
1434
1367
2658
3650
184
1420
3070
147
3396
2192
4117
4495
1483
2777
2235
3817
2084
4750
3681
3694
4571
1769
242
4587
3638
277
5448
452
758
2346
5058
1181
1536
5099
3411
3001
273
3103
252
4517
495
3255
1924
3201
1225
457
3069
504
4062
5260
3041
4015
5001
4516
2436
3059
1352
3901
1919
4496
1707
2107
4729
795
2061
26
2002
271
2869
3859
872
4927
1819
737
3261
2262
2031
2856
193
385
677
2121
3937
5282
304
3548
1442
4450
507
3013
4850
4784
3197
2343
850
2421
3130
1860
1292
2538
3902
3092
362
386
3811
3998
555
5104
5265
3437
2650
4852
1744
1525
1157
592
370
4917
3022
1310
68
3035
1406
4522
4742
3131
2685
2776
4681
2493
2298
2523
2255
3206
5127
5335
1760
1865
1666
4185
1176
2452
4309
1219
1800
4502
1337
5400
765
2989
266
3426
855
1491
1722
59
2990
4987
4632
1265
297
296
559
5395
3418
3011
763
2705
4103
1319
3711
4623
337
919
3439
3530
1518
5286
4553
5233
2971
3362
968
98
2166
85
135
2672
1083
4557
5003
4458
4999
412
1916
3469
3056
3890
5182
4058
4535
5023
2668
3648
4533
3698
947
1710
953
5339
174
1084
2671
4980
3397
2919
922
3665
2145
2917
3029
519
5389
5209
1790
69
3588
432
2779
1171
717
61
2979
5391
2980
4646
716
2302
2921
1147
1401
378
3654
3828
4645
5426
3712
4622
2703
4580
802
4172
4707
1394
3863
2554
2630
3413
4343
5304
1331
3462
3157
4586
3316
2806
3379
3111
768
3007
3369
1794
1861
373
2646
4227
2641
1640
2925
1529
3608
5050
512
4310
3933
4758
3350
3161
1258
3854
5033
2563
4633
3986
267
5371
4783
3460
4830
1075
2553
5162
2638
4642
3312
1156
4166
5352
1850
407
527
216
585
2
2217
2003
180
2280
327
3991
4101
2133
3953
3482
244
2015
4135
832
287
4954
5429
4829
2632
5083
3441
4111
4089
4994
3748
4097
2441
1813
4318
624
1355
4188
4329
5093
4875
2431
2539
3874
3572
875
4788
3480
175
4507
606
533
1910
3568
2680
4974
1871
1296
150
2126
2382
1002
2401
4157
3935
4113
538
3084
1803
4128
685
4115
3006
4120
4413
272
166
2545
42
2673
1922
4018
2839
2065
1060
796
3454
4315
1960
1478
1440
2829
2314
3954
1033
937
481
200
3278
3388
4159
1593
246
1055
2103
212
4099
1908
37
2878
2958
2505
3858
4328
5378
4744
2830
453
4248
35
3829
976
3957
2696
45
96
2301
679
2438
3470
5247
3213
2062
133
2291
4364
316
3579
5231
4957
4254
540
47
1432
1651
5306
4061
1472
46
2635
1671
5275
2739
3192
3618
5183
4108
3655
4543
4098
1205
3840
1840
506
2933
5110
5421
3296
3561
131
5380
3351
3151
2907
3844
5264
4069
4136
3190
4141
3354
996
2377
2534
4499
2292
2628
4976
2154
1682
3798
5145
2816
738
694
3424
782
4438
24
4874
4620
3552
2122
134
314
5384
635
5437
2684
1148
1756
291
5144
3074
887
880
3247
769
2898
715
3327
603
2196
4568
5397
3987
2688
4532
604
4102
4503
879
4483
2139
1915
4002
4824
3914
4539
1235
4772
1123
2265
1592
3612
2837
144
99
474
4498
214
746
5314
5129
2521
285
5026
5141
3570
5285
207
213
217
1190
530
2785
4134
1723
4011
5415
4959
483
541
1678
3178
4811
1782
619
219
3188
988
3406
475
1049
4504
2920
864
2666
599
2527
1839
1770
4510
689
238
783
5169
1159
2975
2608
4809
3342
3421
4870
1743
2293
5175
2659
4201
2732
2820
3387
4468
461
1128
3903
3672
4753
569
3659
2194
5337
2047
143
71
542
2375
1558
3221
351
1847
2596
2639
4501
2682
636
2341
1734
3417
2077
2978
5130
3685
1097
3486
4096
2455
1136
4611
1887
4888
3955
1893
4802
1509
3990
2294
4335
1939
1005
1600
97
2407
201
4617
1564
4145
3889
1578
532
640
518
4678
2327
5332
595
4911
834
4903
1625
2552
2936
5366
4019
1553
2305
3037
2287
3017
3518
240
1907
4513
3405
5204
4290
228
977
1880
4775
656
816
4625
723
690
831
1071
4110
4819
2504
973
2742
2734
371
5382
4796
1343
5098
398
1051
3635
2891
4118
4856
1897
4995
3404
5392
944
5047
368
1703
4279
1395
3381
2507
5234
986
3975
860
359
1844
1863
1003
1695
65
204
3607
2845
1869
5117
3148
3257
5143
1012
4801
2908
1295
4990
1661
1006
718
313
4578
1913
4023
4403
2532
2740
4752
1621
1993
2264
1413
1899
4892
5419
2726
2486
1725
3377
3673
2267
2931
2982
1402
3049
160
3355
2853
4478
3403
1410
2040
3887
1183
2916
4536
2953
4973
1039
1052
3440
4493
607
2259
276
3395
902
208
3083
2868
4555
926
4477
2303
5116
840
1970
4381
41
278
4563
227
4137
4317
664
2968
1207
2509
4200
1807
1152
2877
1191
5442
1918
3627
3652
2102
1370
1691
3956
900
3689
4815
3628
1048
2871
2272
4981
1046
2864
1835
921
409
1038
3630
3629
1044
1028
4984
1029
2986
2800
2937
2945
366
4577
3688
3756
958
2981
896
2250
4789
3727
2961
1417
4421
405
982
4131
4985
4528
3850
2283
3018
3701
4462
2881
3311
4551
2355
4484
1174
4997
2593
108
3702
835
2729
3740
4958
1018
4986
1030
2912
1765
236
960
3653
329
4565
4979
2906
4546
668
243
11
3822
4489
2808
38
3728
223
2932
2941
2959
3900
159
4008
4090
5381
897
353
1878
959
1035
4683
1043
197
230
3873
3690
233
3666
1209
1336
4968
3382
3172
235
2636
781
4564
2973
220
1026
3757
1031
3075
2950
1032
2939
2964
2966
3755
2774
5011
185
4983
2960
1027
3752
4641
352
3761
2799
1768
4488
4352
2751
221
5002
3759
3385
23
36
3861
1037
2902
1920
3735
49
2285
189
2905
3827
3669
3668
2120
2943
598
4996
987
161
3894
719
1164
2967
2778
989
4480
3733
3624
13
3408
2963
3682
460
3393
164
3339
4485
3699
951
2946
3830
1294
1047
2182
2772
482
1189
678
3613
3420
2269
2702
994
1864
3610
3303
3762
28
270
3683
2706
3671
4770
289
1036
12
1155
3374
4952
1290
3294
1843
3872
774
274
4486
3402
218
2951
4978
4773
3824
3616
3615
4629
2756
2268
1169
925
1832
4078
1247
3821
1078
3609
1798
3760
1210
1111
4627
4112
5447
2957
401
1162
225
1404
1753
1754
2304
1870
4060
3846
3705
4640
4525
1231
3960
5445
2759
665
1042
5330
2736
3651
3789
4086
3394
591
1361
2284
655
1099
4482
3866
1881
4540
1252
3661
226
1167
4906
2788
4514
3328
1738
1160
761
1349
5313
929
478
17
4697
2956
3886
1303
597
4592
2297
4849
1921
1271
3697
2796
775
4494
4635
4479
123
7
2969
70
3219
2794
487
3535
1837
4095
4523
1909
5356
4560
3852
1109
1969
1017
3658
692
714
1098
3944
3295
1277
3614
4521
1151
4828
1992
496
1291
3667
1102
4895
3948
1852
3945
1113
1211
3870
2768
4119
4234
5427
3317
397
659
311
4515
1250
1274
1218
33
945
3371
3567
3819
1644
3611
5361
1144
2080
4129
2606
500
5278
146
1278
3976
4252
964
5372
1168
4545
3923
884
5403
1115
3678
1879
4544
3677
2612
1140
4073
3807
531
3845
1357
1949
4538
3177
949
1809
1105
1906
1001
2044
845
733
4088
646
2692
3855
4680
3057
2368
5312
2803
1971
3813
1617
1548
112
3952
4114
5360
3386
1298
5096
1270
3187
1166
1126
3617
1226
1133
4007
3810
318
1240
1130
1261
5364
1121
4001
3912
1391
3784
1997
4508
1820
493
2498
889
4277
4764
943
1237
1405
3528
5296
4803
5181
2014
2826
1279
3359
1454
1259
2058
630
3409
4552
3335
1180
3390
688
4000
866
2955
4679
3837
4278
139
3988
890
1106
1241
4004
620
1377
674
1366
970
3865
1537
941
1859
5230
1280
3879
3815
993
957
1232
3932
1781
4203
1662
2013
3938
3999
1534
1266
1127
3836
1251
950
3794
1681
3851
1153
1267
886
1272
2583
3809
1063
4070
4283
1834
1542
1088
1297
3519
1712
1822
2607
1896
2675
3522
1304
3571
1262
4326
2046
1988
4296
1230
3391
2567
3769
4562
809
1363
3825
2531
1806
3714
4520
956
4267
934
3557
1041
819
1256
1288
3639
3679
4506
1812
1543
4087
3816
2601
1614
650
806
4505
3994
3744
3194
338
2091
1108
2665
2074
2316
479
4831
4039
5398
588
681
621
1375
660
4247
1369
580
3983
4402
1828
4228
3380
3578
3725
3636
1359
477
4263
1959
975
844
3856
3992
1074
4041
1724
691
2625
4270
4862
734
979
1552
1260
2730
641
5413
3720
927
4139
1795
4021
4509
4083
791
5106
4810
3737
3337
3768
1476
1306
2032
2506
1246
898
836
581
2516
3580
1362
4583
4233
5152
1469
672
1021
1547
788
4293
2336
2944
852
1372
4231
3806
2859
967
837
2690
1568
1513
4067
1522
129
1184
3030
1116
545
5452
3577
1818
1380
4447
275
156
358
4238
3590
1276
4275
3742
3291
3400
3996
2386
1177
1560
119
5439
1388
4140
1561
3476
3449
5374
991
3585
2053
4429
2499
4276
1574
998
4444
4998
2162
1013
3724
3710
417
1566
4132
732
4288
4291
4407
1137
315
5379
4561
5187
4424
120
3085
2572
3985
1546
676
2556
1095
4464
3779
1443
4463
5042
3847
1067
5300
1780
3831
3021
1142
666
3581
4236
1289
5056
4294
3542
281
4581
4220
3547
4388
3574
2568
4226
3707
4212
3302
4260
1550
126
1657
4258
1507
584
2472
122
2588
1022
4178
3450
5194
3553
1455
1458
450
5318
1796
2602
1007
4221
2548
5325
4211
2496
125
1316
5084
4993
3524
3453
5115
3804
104
4229
437
3743
3869
448
4181
4191
4175
3834
3301
3719
728
3792
1506
3034
3709
4268
4272
5267
1453
3593
2589
4443
1664
4569
2570
5343
3732
4273
4286
577
5373
3586
3741
1545
3523
3726
4282
3472
1626
5108
4453
5055
5237
1407
3372
5226
992
752
5290
3465
2503
3024
4164
4264
1333
749
1605
4256
4527
4257
4250
2540
3601
4281
4340
2876
145
5272
3467
4241
4251
5249
5066
4743
4359
824
3444
5329
3695
3343
3520
3582
1721
1416
1025
4537
2655
648
3028
1320
5320
5295
2501
1474
4218
2335
4204
2838
4383
5433
4313
5188
480
4225
102
3602
148
141
4476
670
1082
3713
3603
4566
3445
4451
3534
5199
4430
4180
5133
4362
3780
1717
5262
1456
3446
3466
4173
5255
4397
3600
5200
1034
1354
5225
1403
4265
1475
825
3595
747
3778
2848
3790
4066
1
2809
2887
4559
2851
1711
115
3781
3196
4347
3750
4372
1091
3165
5273
4072
1632
4518
5031
5176
1709
5211
5274
152
5359
5085
5101
1409
5064
4170
5263
5299
4420
1283
1541
4354
3539
3474
2834
4371
5276
2603
4323
1493
2392
1696
5259
5251
1838
576
5293
3560
2389
4454
2719
2699
1322
1653
2584
2535
1698
2470
4351
2576
4879
5432
4368
2475
5186
2494
5192
5086
5092
2757
2487
4350
2443
3736
4406
867
1603
5076
4183
1335
2463
5087
4417
4376
5059
2587
2379
3468
2391
3546
3592
2701
4316
2416
2413
1708
2385
1713
5309
1424
4312
2325
2518
1669
573
1729
5156
5078
2528
2669
2585
2411
842
1332
3555
1842
5123
1718
2383
4320
2320
2384
4373
2555
4358
1591
53
748
2358
1608
2855
2899
1457
4331
51
4423
4374
868
1668
2597
2530
4401
2580
4393
5163
4411
5138
2340
1079
5212
1330
5132
2495
4490
5435
2604
2591
4302
5022
2598
2592
2387
5418
4324
1085
5062
4467
5236
5369
447
5213
2657
2353
1492
4360
2714
5067
2344
52
5271
2400
1716
2586
2849
2664
4332
1441
132
1086
2488
5202
2713
1675
2605
651
2514
5121
4367
5095
2844
2533
1470
2558
1615
2861
2562
5198
4208
3776
2870
1706
1314
5206
5053
652
292
671
4327
2821
321
3538
63
2841
5097
2397
5077
2557
5038
5017
5289
1631
3031
2403
745
2879
374
1465
5280
2575
5037
626
324
846
5252
618
1704
4457
5161
4396
2894
2323
1329
803
5210
3458
5149
1486
2524
4311
5089
2723
4356
1624
1327
1858
3286
2370
2334
744
1326
4446
5137
5269
1648
4314
3532
2873
1649
66
1599
1642
1528
1601
1663
826
2610
3455
2319
2412
2551
838
3526
5073
1685
1672
1538
2889
2356
1490
1496
2581
3559
877
320
3521
5024
1699
1324
3033
5105
2862
109
1579
2398
2614
2611
857
5025
2801
1719
2814
632
1589
288
5061
2559
1533
859
4419
5074
3457
1463
2541
2818
2546
2565
2670
722
2352
1521
873
3529
2569
5171
2825
5119
5090
5166
2807
5223
2549
1551
1676
5165
721
2510
5250
3065
2537
2396
1596
62
1583
743
1334
1619
5032
4426
2328
3300
4304
4346
2716
4357
2813
5217
1585
1595
841
2394
1638
5063
2480
617
863
1612
5168
5048
2330
2395
5014
2348
3451
5205
2338
3169
2812
2364
2350
1556
2374
5075
2410
5040
740
5039
2422
2483
2880
2423
5151
2399
5270
5240
2347
2445
3598
4301
1714
4165
5049
5184
2373
293
1890
2710
5018
2440
2312
653
4305
4168
2722
2381
1830
5170
4176
5131
5229
2094
1576
4253
5139
5195
5431
2469
5019
5021
4169
2715
5425
5281
2815
5124
2497
5134
4032
2462
2490
2745
5118
1325
79
5191
2717
4033
2308
2419
5044
2465
2430
2359
2365
4034
2454
5207
5102
4378
2425
4392
2404
2474
2417
1081
575
628
1673
3281
5301
2307
2306
3357
4556
4300
4043
5158
2453
5147
4306
5201
5153
1580
3773
862
1313
2313
5157
1582
4046
3283
1065
2311
2437
2698
2461
596
5113
643
5302
3285
572
5146
615
3338
5114
3330
4045
2310
574
4048
4042
4044
2478
2466
5091
2456
625
5136
5423
3282
5190
5126
2450
3344
2473
2727
2691
1645
3333
5142
5451
861
4303
3347
5016
1311
3363
3353
3346
3289
4026
3332
3341
3352
4182
5316
3326
3288
4196
3334
3290
600
3723
4905
203
2020
2097
2098
2709
1841
1874
4734
2266
2115
2125
1008
1016
1257
1785
1245
2016
909
1203
2183
2027
1023
1422
4855
2055
549
4778
4654
3973
931
1239
912
1213
2219
4763
1243
2134
4668
310
1940
2191
1987
2241
2089
4766
4736
969
1950
4150
780
2008
1439
1089
4915
4791
4701
2087
2135
4768
4659
4841
4833
2036
4776
4869
4667
4121
1421
984
2248
2081
2073
2210
2072
4708
2086
2157
4792
3767
2066
4671
4691
2075
2076
4779
2007
4759
2082
556
4765
1937
997
3984
4711
3463
4737
2181
1944
566
4723
2069
1437
1202
4656
1249
3820
2099
1419
4962
2064
4913
4794
4767
2059
4660
2226
2148
2144
1204
4864
1435
4781
3644
2104
3947
891
4705
4818
4747
2054
3961
3708
2163
1423
4702
4785
1222
2049
1982
2006
4733
1995
4760
2010
4722
2063
4673
2067
2090
2005
2021
3924
1983
1220
1242
1217
4688
3965
2127
2018
4921
1989
4675
2070
2048
4718
3619
2033
3930
2792
1471
4832
3979
1974
4745
2116
3989
974
4949
1339
1341
2071
4804
1425
3964
2057
1991
2078
3696
4146
3971
1973
3966
3967
4790
3977
3716
3978
1254
1952
3951
3942
2004
3963
1990
1244
2113
3647
1438
1248
3970
2109
3941
963
4666
2793
893
550
3885
1216
3927
3972
1214
3765
4107
4142
892
3276
4143
2000
2153
3926
2221
3050
3621
1196
1072
1236
4149
3950
2201
3905
2100
4956
4156
1962
1229
4147
4057
568
1221
4151
3181
3184
3183
4148
3280
4152
4153
3186
1426
1430
472
467
469
470
1433
2092
1228
1975
894
3764
4726
2039
3663
2169
2136
914
2128
2167
4662
4657
2204
2161
4900
2096
3904
2199
4861
911
910
1967
4930
2156
4947
4842
2172
2168
2207
4655
4710
1955
1932
2093
4658
3657
4931
4786
4928
4899
913
4857
1930
918
4896
2222
4867
2198
4868
924
4853
4897
4909
2178
2233
1928
2188
2211
4891
2197
4924
4877
4865
2190
4898
4950
2184
4889
4893
2151
2762
4918
3641
2225
2206
2158
2180
2195
2159
3622
4938
4901
4854
2130
2142
2143
4878
2173
2150
2019
4835
1931
3662
3643
4937
4907
2234
2224
4951
2193
4945
3646
4858
4925
1933
3645
2202
4876
2203
2214
4859
2242
4910
4920
2213
4884
2165
2229
2236
4932
4916
2227
4940
2218
2243
4933
2223
