877
4365
4252
871
3003
3588
865
1699
4034
3300
2973
832
3647
903
4021
4202
863
4029
1161
855
2391
2422
4656
4376
1936
867
4035
3977
3939
1506
1852
3020
4039
4936
1470
3936
550
1314
776
2127
3698
577
3027
3747
3656
1524
3723
825
370
1589
3055
874
2188
3657
3779
4026
1327
598
4616
4644
1611
3990
4050
2274
4283
3447
4047
3257
4284
3304
2078
4852
3474
4827
2266
1081
4041
5015
2379
1462
3981
3966
3573
728
1522
3962
3085
2963
3942
3930
1938
3667
5022
3961
3700
3945
4725
2216
4012
4
1640
1534
4444
4285
4030
3283
1718
1790
536
2209
4309
3952
1230
1765
3687
2218
2180
2230
3982
2181
4334
4623
2096
821
2203
3368
3562
2571
4025
837
3697
4015
1873
4042
870
4933
4842
4632
4366
3691
2977
4707
4653
4305
1656
2169
1533
3574
3437
944
2448
4689
3678
1929
4094
5019
567
3150
1700
3577
483
466
4020
2292
3456
3476
1096
3696
3031
943
3724
1758
3132
1774
4018
4190
1738
1768
5021
4270
3376
4092
887
3489
4316
4299
3460
2443
4344
4804
1160
3985
2876
4319
3334
2318
3954
4787
4003
3745
1516
4949
636
4652
2234
4661
4251
1234
4835
3074
3384
1537
4014
516
1398
604
4738
3443
926
1532
2092
4684
1097
5
2213
3968
4645
3245
3685
1794
1303
3662
2370
3651
3428
1417
1789
4040
2307
4276
1338
1767
4348
3006
2289
3435
4709
811
4642
3431
3335
3439
3281
3381
1836
1755
1419
1756
1989
3581
1186
3755
2221
2202
4731
4375
4354
3979
3305
3467
4300
4275
1069
3673
1067
4315
4338
4325
3457
491
882
4721
1208
3774
4586
2076
4019
1784
2853
384
2498
4077
4789
2059
3684
922
3997
3674
2129
3453
4667
4820
2030
3262
3382
4965
1627
1143
4057
3665
3969
2399
3989
2069
4056
2306
4911
2268
3646
2174
803
842
2302
4587
2199
4036
518
806
4821
1165
544
3663
3996
2972
557
4737
1336
2401
3433
1180
2255
1818
1497
3466
1754
3004
3717
3970
2323
3244
1157
3488
1828
3306
3303
1831
4606
3628
1056
3038
4746
1748
1053
2231
1867
1773
2980
3590
602
3160
4845
3831
1822
1185
767
2381
3967
4254
2976
2355
1437
4628
3430
490
712
1762
3613
3256
2877
1759
1825
1788
820
2247
3483
3971
4914
1436
3621
3558
1528
4326
3686
3396
2147
3672
3444
3958
4663
529
3650
2165
4079
931
1786
765
2204
2337
3617
2294
2514
1870
3291
2468
3980
3640
4716
3348
3317
2246
3683
4646
1215
711
2175
4052
3681
3664
3365
4589
976
4613
847
1520
2262
3337
2261
3336
2118
1639
4368
4383
3597
4980
3480
2875
3740
3731
3399
3128
4352
4269
967
4310
1469
4833
2371
4353
2192
3592
1213
4369
731
3051
3454
1686
1753
3931
2215
3569
3434
619
4322
102
3949
2083
3951
504
2988
3754
3976
1791
364
979
612
933
4065
3641
603
846
539
3998
4713
2210
2089
2194
4715
923
1164
1220
1131
2365
3344
4699
924
2226
4742
722
2846
1465
2189
2171
4744
849
465
2075
60
1770
4060
1509
2088
3429
58
1144
624
1944
3995
1981
4750
2198
3965
719
4727
4063
4828
4730
4488
1418
4858
2080
3322
2331
1133
593
783
970
808
3134
1830
978
964
1210
1761
830
4331
1805
3173
1536
4390
3034
3421
1515
705
1724
2622
3615
4271
478
812
1839
4308
4489
798
2865
1980
1810
3677
4027
4184
3137
3561
4008
600
1792
2297
1820
1777
1429
3115
3694
1368
3401
1477
3766
2314
2979
3388
1227
3575
4602
925
3372
1424
3450
2084
4560
2074
3129
4668
147
3357
376
4724
770
4805
477
1219
1734
2478
2031
2326
1760
4864
3506
2548
3290
1066
2101
1982
3669
2087
2299
3635
2746
2386
856
5006
4103
886
3960
3452
1971
4631
4081
121
1351
1716
2125
1326
56
1291
1859
576
3948
4590
3440
1663
948
4456
64
4458
963
4177
156
1976
497
3959
4379
524
3622
4093
1782
4143
4506
2090
2349
4678
1979
2187
2497
1072
1952
3999
1074
3591
3448
4784
4630
3963
3837
3516
2277
3671
4728
4345
1629
4382
482
4855
1204
4714
1829
375
2279
3436
1630
1253
4959
3689
2768
3692
2173
999
2200
3680
4792
4431
1055
1189
4704
4595
3699
4624
2874
3682
2164
2032
2024
4342
4313
4359
1811
1459
2932
3844
3676
4370
4732
2139
3039
1235
1540
2033
3610
937
4016
4395
225
1307
1163
3109
1438
4811
3438
839
2260
1382
3383
873
4657
4580
3131
2077
2332
2072
4844
3746
4022
3255
1016
4763
3493
844
181
861
1551
3025
369
3758
2882
1420
3014
3005
3636
1426
875
3796
345
4095
2549
1916
4471
4927
3323
1052
1819
827
4920
3301
1930
4312
3284
4363
4414
154
4301
4287
4286
4871
3658
2128
1801
1279
656
1355
1874
3586
715
1778
4967
4327
4272
3407
2156
1341
3347
4705
983
1651
3570
4298
55
155
2305
759
2079
3240
3469
4046
1092
3475
3106
1136
1394
4843
489
3117
2267
897
1299
2488
4879
1083
956
4634
1225
4559
3112
739
2500
1297
4875
2540
4001
3512
4635
3984
1687
534
1495
1147
1624
2338
3264
3690
4720
4943
1523
1153
2293
2280
1558
929
819
3346
1005
1251
2881
3846
463
4647
4979
4618
3619
3855
347
3249
2110
4134
1719
2969
3139
4739
3389
3
866
1347
4607
1427
4087
4885
4854
3789
2207
4109
493
552
1340
4583
3199
733
4304
730
3993
2858
1802
3227
1543
4604
1582
146
2211
4563
4733
4691
2229
762
4139
3068
1518
4958
589
801
37
3897
4422
2699
1827
325
3540
425
2523
2937
324
2757
3101
2992
1113
1090
2728
4520
1039
3361
1999
3924
2585
1206
4896
3157
2675
4899
1808
2727
2748
2827
2841
1040
4696
214
4994
354
316
2997
24
617
2197
3103
2690
81
69
1995
2806
2687
1997
2813
3035
974
294
1723
1983
4415
3660
2710
4564
3268
1095
4332
3168
3296
2633
1487
3491
2469
684
4394
293
969
4440
1453
2758
3349
1422
2445
716
2951
511
3410
3534
2913
3424
362
909
283
1102
3634
1580
169
4534
1722
1842
3441
3531
2947
1670
2712
702
1142
2389
1288
678
3451
2581
3022
795
1568
2948
393
2883
6
2668
1218
1892
4481
3921
1685
3753
4222
1887
1567
781
3511
3708
327
1370
2984
1578
1285
3533
2711
2849
2740
3288
65
746
3543
1414
3080
396
2602
3974
738
133
757
3556
1939
4478
4133
1365
4522
3768
3797
2923
780
267
838
1552
3624
3259
1851
3043
4836
1824
3375
2871
4465
3598
4176
4848
5007
528
1078
1064
2970
1451
2603
3780
3978
3654
4769
1769
1109
1275
2870
1967
1238
2301
1282
2029
4759
3732
2395
3638
4576
2991
1032
161
4527
451
4514
4530
5003
447
286
773
4490
4170
1879
2388
1265
446
745
2686
171
1720
2019
4372
2472
1730
2816
3535
2774
4974
3882
4192
168
533
633
2431
891
893
2760
3231
2661
307
2410
2922
4960
1957
2829
4573
440
4535
1884
3062
230
1226
4876
3093
3420
373
562
1125
4897
1381
1174
4838
1117
2741
3180
616
306
681
1926
685
1211
3218
4480
5009
1330
2620
2446
4984
2954
1637
2527
1111
3525
4962
2999
3351
540
4454
19
385
422
3782
2525
2843
1031
4412
2896
3204
3318
3417
3148
3089
322
3086
3459
1361
655
2014
4453
176
4349
1671
1940
3314
563
4987
1659
784
2148
669
2676
2723
295
4511
3510
3220
1366
1934
136
1049
2778
1150
2416
1605
4006
4136
138
704
2885
2009
1701
201
2390
3893
629
601
571
4294
3144
3066
1028
1325
1585
3143
3167
1847
3099
4171
4163
1848
3536
1018
498
1127
2265
105
3310
3175
3529
3600
1357
3140
2665
3237
2418
3761
1045
3095
546
1264
3608
2450
411
1858
581
2287
2566
3609
566
1404
4221
2588
1994
1597
1272
1970
2929
185
754
4411
4361
350
2291
4572
549
1379
2866
248
3081
1485
2635
2545
3465
1308
4473
1572
4468
2646
3851
1283
1441
3387
2023
3950
333
3712
2283
1116
3886
3063
2098
2432
3230
4550
3079
3478
4909
3082
4771
4237
386
3024
1834
289
2819
2562
2272
2934
2825
320
3713
3892
1177
313
358
1013
3594
2738
2393
3163
2695
1707
4609
3775
2143
4447
823
673
2134
1669
4125
1583
4479
1641
749
972
3933
2798
3859
3875
2800
3849
628
1728
3872
2872
2921
4188
4554
4500
3741
4998
1075
3076
3364
355
4765
868
4736
4694
1903
1928
3928
4764
810
4562
402
3232
2237
3496
4822
4148
2643
4683
506
2138
954
2447
2385
3432
896
932
835
957
857
148
3845
2350
2259
4886
834
2561
4011
4655
3040
1305
2145
4010
3293
513
3867
3092
2383
3865
2348
2375
815
802
3895
2593
4168
744
3158
4508
1388
1410
4261
4178
4435
2021
786
2627
1354
1889
3817
2933
2692
427
2309
3552
1239
359
4044
200
1139
3071
852
1232
2281
3711
1517
1464
3860
1168
4781
195
2891
670
432
860
1233
4486
1073
274
2632
401
4434
4484
4430
1134
1124
468
1121
4540
1181
2914
2563
1246
1961
850
3328
1252
3350
1130
2629
4461
2004
1564
115
43
1623
2747
2879
3216
428
1796
2451
3312
2831
1387
774
3083
3156
130
1094
1192
1329
3073
457
1642
1620
2503
1846
2769
4940
1017
1110
3781
3265
312
2867
2684
128
120
259
3514
4417
1402
1244
3341
1138
209
260
4292
788
1415
210
472
2149
3580
1450
2025
3776
4761
129
2654
1412
627
3530
4859
3498
1194
4997
4698
459
2996
2789
3326
4682
3898
2193
4154
1647
4791
4585
2027
1242
3825
816
1245
1216
3486
4615
1745
419
2745
1231
429
467
437
1795
474
2155
583
4108
188
1832
404
535
4501
3589
3994
1741
698
5016
3050
3185
4493
1574
1764
2926
67
2617
1048
507
3235
4004
4499
4255
4086
1375
2927
665
2206
2783
2569
1223
2775
3555
2814
2168
2402
3738
2939
1941
420
2755
2462
3596
988
1606
3188
4311
1674
382
3311
1403
3572
3929
1598
2731
3808
4529
1313
3501
843
1736
2184
1280
2455
3623
1880
5013
3414
1883
470
2915
3809
3668
2005
1339
3133
3548
2638
3276
3896
4598
2930
4531
2931
2453
4498
227
2495
4905
3583
2869
560
2001
1625
1868
3648
1080
2974
3404
3729
1807
4121
1677
3397
2511
1973
3857
1993
1255
4102
1490
1619
2832
1345
977
1990
416
1088
394
3316
794
2512
2471
1888
1617
1263
1613
5001
2645
4174
2920
2957
2649
2958
215
2935
3788
3790
1411
453
1266
1063
435
2936
2513
1091
2753
1284
1986
1991
3922
3705
2925
2919
525
1494
3777
1826
2956
3192
3645
431
3785
3770
3920
1276
2060
4999
2533
2546
234
2772
3000
3722
1693
4517
4281
1386
3883
2754
3798
3702
3795
3799
3918
3800
2945
3052
2863
1269
2786
1668
2868
380
3642
2423
3914
3873
3077
4809
3706
40
4538
279
1547
3784
460
4449
3703
3760
3794
3728
1277
1595
2899
2640
3791
4075
4918
3787
3704
1949
1256
2028
3215
4512
4840
3625
537
651
1273
2862
1270
2864
1259
2496
3069
3792
3772
3709
645
607
1385
1372
3778
1956
2607
1
4278
644
4277
3060
1844
4226
3762
4919
485
1771
4274
813
3151
1295
1992
1908
449
914
4751
2592
3118
720
1393
374
2223
1902
52
3719
3121
35
4542
3894
4929
3209
4603
626
4633
304
2964
4346
1304
2120
255
4427
1480
2341
1812
1806
365
4392
3679
3744
2480
3135
4135
4078
906
1443
4557
1853
913
4320
4768
3116
622
3225
3067
2
2978
1787
1837
1688
884
3807
3823
4658
2481
1000
1850
2070
1302
2091
3413
3416
2245
2482
736
2637
734
1260
2477
4062
4625
488
3246
3286
301
3618
25
2598
109
4510
2409
4307
4295
4568
4104
4935
2442
390
520
49
1869
532
2392
3810
1502
4088
1342
1843
1644
4336
13
3866
4986
790
1027
4937
4448
4265
4100
1445
1201
555
3549
878
2132
1195
1726
570
3094
4975
718
1212
4238
2600
4101
3354
3047
1207
1657
2707
4548
3595
4659
2594
1334
2847
5000
777
4671
2610
1352
543
4159
452
4450
2387
3352
4279
2577
4555
3773
1833
1996
3340
3852
2112
438
4340
4972
1838
4577
4910
4494
779
4776
951
1969
4976
4048
1965
799
1984
1966
3839
1885
4957
876
3941
1881
4396
1022
2599
747
2016
1059
2413
4777
841
4117
1998
3353
4066
2167
4002
184
3742
1781
4128
1491
2606
775
1514
1684
3471
4549
2012
717
4991
2438
499
4966
4913
2008
4541
3107
1943
785
2113
4610
278
2178
4502
2214
4912
1919
4931
4043
2398
1968
1876
4053
4267
4051
4339
4055
4939
2253
426
4942
2998
2475
4758
3630
1661
817
4401
1872
4257
4617
287
756
413
4681
2616
3739
3736
1955
1681
2554
4400
4413
3170
3065
1731
4938
1975
4923
3105
2270
10
4377
2955
3764
1344
732
4031
4660
1488
2971
2924
4790
4296
2003
895
4495
348
1346
4605
1959
4865
2082
3828
88
1905
5011
1920
3519
3278
4200
3926
4620
1622
4072
4119
2264
4611
1472
1104
3863
3829
885
3629
3078
495
5017
1727
3571
1159
3947
107
2884
869
2949
4182
4129
725
3853
2507
1478
4524
1917
2105
514
4455
2093
1149
921
3091
3972
1290
2797
4505
2752
469
4393
1311
4436
2140
2662
3944
4971
455
2212
836
1293
1222
2170
1262
2895
2796
4907
4282
1237
1132
3333
509
1198
1631
1735
4297
2235
1328
4080
1197
829
3604
1172
1964
4426
2196
1425
1431
1024
4491
573
1923
1209
1037
4594
4248
521
2131
2142
2485
679
3756
1906
2163
174
4083
3832
1746
1184
1507
1271
3937
3675
1673
3616
3332
1932
1914
3748
2982
1112
2547
4437
1895
2295
3054
1931
3733
1243
1229
3983
3356
1702
1800
1860
4772
4457
471
3136
1950
3223
303
2122
1655
4600
4451
4466
4474
4596
473
5010
2835
2219
510
3445
3637
531
5012
481
1348
3935
3718
3881
1752
3302
2596
4470
1953
1742
826
4337
4443
4710
708
3934
4289
4009
2490
106
1062
2550
1924
4676
4105
3272
4064
3927
480
3299
361
833
3030
3940
1904
1166
4862
569
508
4754
1690
1945
3652
1120
1060
484
3426
3644
1799
828
758
2487
2097
1715
3217
4425
4250
553
512
548
917
2086
4069
3072
3557
3564
726
247
2604
919
433
935
1813
3601
2470
938
4262
4954
2183
2130
940
3759
3037
1086
158
2160
1672
4463
2782
522
3479
3252
1935
2652
4303
918
137
3938
2981
4528
4857
4179
1148
2115
4432
4058
4127
527
245
3036
561
4000
1367
243
4706
797
4049
17
3848
4640
244
1785
4638
1542
545
2162
1493
4280
2842
3576
2845
4023
1463
1071
3127
4654
3012
2085
2634
2106
3282
3250
1089
4293
3943
2232
3309
4757
1703
3986
4268
1545
319
4061
4247
4098
724
1776
3280
4692
1058
4783
3932
2176
4664
4005
578
4673
3138
4996
4037
3308
748
1694
4675
4636
4672
4033
2135
1057
4601
4622
4629
4588
1504
2119
3818
1546
82
3321
4780
2114
4024
2109
3254
3325
4711
3422
1604
4341
4679
4608
3208
86
1633
625
4719
1704
1549
2457
1498
4643
3524
3607
2108
3279
1667
3324
3953
4138
4802
3307
4702
2186
3016
1548
4167
4371
2152
4872
4082
1682
1296
1772
4734
1476
4096
1432
1428
87
2989
3236
4701
3835
4924
2767
2205
1804
2107
1849
2133
4089
1737
3044
1554
3338
2201
1521
4639
3213
3251
4815
1512
1544
4621
1433
2639
1675
4686
1508
2144
3242
4932
2146
2493
2158
1076
5020
4593
2099
1316
62
4718
4145
2228
45
2123
4669
2121
4874
742
3239
2339
4651
4861
769
3566
4748
2208
3253
2489
1845
2137
3957
3582
75
3411
4173
4851
4196
151
3504
3503
3402
153
4800
2887
3826
3463
157
150
85
3693
3522
1343
3842
159
1126
95
2316
4785
4735
3369
1743
59
268
4565
3815
68
3507
3814
2491
321
949
57
968
3500
1065
3502
961
2311
845
2962
1310
1248
987
2324
61
4888
4760
4824
1319
950
4904
3611
242
3513
822
3802
342
2250
152
2161
3329
3550
3515
608
51
621
2222
4156
4729
94
3261
4817
2736
2803
1321
1187
768
3492
4743
3487
2382
1082
2022
2466
4826
2644
723
3812
3207
4870
1324
1228
4291
2861
4097
735
1557
3763
4775
1004
3045
1409
713
2801
4810
1312
2764
2651
3765
2037
1448
1652
4556
721
1458
368
1135
3649
3509
2579
605
2335
4741
479
141
79
2284
4144
609
3485
340
3331
3473
2544
4773
3840
2739
1301
1653
4592
606
3913
517
1300
2094
973
4834
2254
1068
397
805
4317
53
249
2987
2224
2071
4766
1749
143
793
300
2860
3725
3701
4841
1553
4829
383
415
1047
2642
3912
3405
2501
4894
994
4877
3819
3267
3904
2878
2844
144
2303
2336
4146
792
336
3362
3862
4889
741
3721
4306
4302
3559
4374
4362
4356
3560
1747
1817
270
3565
4314
1757
3567
899
2276
4343
3415
907
1866
4849
911
766
3406
2329
881
443
910
889
872
2330
1856
3578
1007
4837
3403
1006
3358
864
990
980
3378
1588
444
2346
3408
4351
256
1857
4360
2369
3911
3964
4788
2966
2319
3021
1155
2300
3015
2286
2354
357
2035
1182
804
1162
3002
3666
4806
3010
2241
3013
2040
257
1349
851
2376
149
1362
2328
3813
4206
3294
904
930
3392
2352
3497
4552
3009
858
2358
752
2248
3008
947
840
3110
406
751
2347
927
928
7
1751
2034
912
3464
3871
2584
831
3908
991
8
4132
73
611
2304
4561
1332
4887
372
1151
1855
4347
388
879
1337
142
4151
16
4767
3007
145
456
356
1821
984
2459
3462
915
2195
166
4191
4726
1444
4808
1439
1678
1816
2334
2325
1865
848
1783
2658
381
3059
934
4157
3455
4867
4197
2873
1203
2227
3461
1809
898
908
3385
42
5004
310
966
4860
3864
523
1915
763
3371
1010
4131
2220
2898
4384
782
4323
1169
391
4799
3409
4249
2570
982
3042
905
1178
791
971
3477
4873
3427
1009
3442
3339
2315
2317
4364
265
3568
750
2285
1014
3838
941
4795
2344
3395
180
2363
164
3400
367
3612
2269
4798
1555
3850
3816
258
2150
4863
4712
2257
1457
4147
3289
1562
1173
4152
2251
2217
3033
3880
213
140
2364
901
1680
3830
2366
2343
3019
1446
3113
1183
998
4770
4321
3345
4895
4807
1309
4831
4891
1440
2244
3472
280
2351
2278
880
3366
1152
1775
4183
3688
1739
264
2531
2528
2529
4106
2102
4803
2356
371
1188
4794
2859
2190
2182
3248
3274
2298
4823
989
1601
4878
854
2574
4814
1156
4847
3901
1335
4273
3490
4813
2900
3373
3360
4850
2625
2897
3553
2308
2903
3879
4856
3727
4818
3821
862
2275
3716
1034
3847
204
1033
2312
2894
2242
3484
3868
2320
2288
2759
3593
2961
3579
986
4745
366
2345
2766
3114
3386
1766
975
3585
395
2321
4868
3243
3394
993
2854
2856
2855
3603
2626
996
4753
3602
4335
1863
2624
2552
1298
2322
2333
620
2504
2494
3584
992
1002
1003
3605
3606
398
2713
1586
2081
2407
2909
3161
2397
688
647
3923
4389
4385
694
3804
3805
591
4380
1864
1740
4137
1717
4391
4149
4747
4324
1750
1779
4373
1763
2415
3890
623
3390
2722
2729
2730
2258
2405
3393
4032
753
193
4866
197
198
1200
202
3905
2394
4839
206
4150
2735
945
4869
3126
3856
3655
660
659
4421
818
653
2890
542
2701
1054
1084
1077
4329
1098
4916
1898
1154
4228
4225
4223
4216
2749
2750
4213
3032
232
2373
237
238
2073
4536
251
252
229
2036
2378
584
2460
108
1408
116
117
3125
119
2655
4915
124
2659
2664
2666
2669
2670
3098
3097
162
592
4260
590
588
2535
3468
331
1891
335
3449
4084
4685
997
1610
942
4110
4111
4124
1664
2136
1665
958
894
314
309
3833
84
1363
3841
96
104
2631
4722
2776
2780
272
4752
1011
2822
1566
2828
254
3695
4153
2941
3191
693
692
3189
3186
641
642
3193
643
4558
4582
2575
3203
3169
3212
1911
3211
3210
680
72
1708
32
33
3177
3179
674
1925
3174
3205
46
1711
2986
1937
2519
3238
