4114
3553
4087
1631
3920
1330
1256
2215
3143
5
1806
3439
2208
3954
1610
1190
1802
605
4014
4016
2176
2175
3863
2956
3245
2112
858
4891
1848
4027
3937
3044
3092
1780
2104
2252
4587
1309
3088
409
1601
3212
2283
2194
4659
2209
2181
4002
4238
4696
1644
1852
3238
1259
3251
4746
2360
4603
3823
3973
2500
4593
2128
1277
3152
1511
3053
4003
1762
1629
4586
1638
1288
3045
2232
4329
4142
1697
2216
2240
3984
769
2115
1790
3985
3925
4043
4721
3760
4727
1048
3995
1201
1064
3084
1857
1434
1608
720
2226
3755
4237
4129
471
3039
1549
2200
4308
2493
721
2639
3020
532
4005
1842
4689
1032
534
2210
1343
4327
1220
1082
2343
4752
760
411
4867
426
3563
695
921
810
1872
761
1289
7
2218
1428
2161
779
1667
701
3940
3768
117
2955
2079
1283
3947
1693
4578
3425
2138
4792
3659
3258
2238
1292
4634
4806
4710
4282
4801
1517
2358
2086
3919
4598
3436
2959
590
716
3562
1812
865
1798
4072
1371
3979
1810
3195
1813
3144
3959
3216
3442
1402
939
1487
2081
1426
3201
3996
708
4
4328
4907
4295
1829
1634
3765
4029
1065
2160
3606
524
365
2273
3418
2787
3131
4006
1983
516
2146
2096
589
2298
917
2774
3570
2187
1600
4071
966
867
4313
1178
1172
1950
1302
1196
612
2272
2199
3244
3692
3378
3921
4754
1394
2423
1413
4773
3130
4725
4573
1075
4022
4307
3977
1162
4645
3249
1090
1859
3257
2946
3950
987
1794
4618
3229
1
3085
1776
3966
4040
1778
3587
3453
2106
1890
3854
3936
1851
2231
2190
540
4263
4673
3962
2075
3259
4717
4697
1525
2082
1791
412
3653
1550
1423
1182
3146
3250
2604
4464
922
4734
722
1262
2182
3767
3795
2332
3664
2168
1381
2651
3759
2260
707
3771
2321
1284
2329
3997
1252
4253
4610
3021
1676
4004
1104
2130
3420
4616
2149
4736
4039
3460
2229
3967
3338
4613
1287
4619
1866
4233
3677
2124
4236
3581
1327
4321
2180
1038
3874
1642
3155
1105
2213
4239
4349
3955
3843
1896
3149
3424
3254
1864
3343
3444
2947
1154
606
1332
919
3689
907
4969
898
2189
1452
4079
3366
3980
3797
4362
1835
3476
2
3128
4625
1839
4795
4010
1258
3648
1824
3582
2135
1305
3605
2234
3413
4722
4591
3363
1257
1418
1264
4830
4631
2142
1704
2151
2469
3680
1607
3778
4664
614
2235
4065
4760
4649
445
4753
3203
3780
364
3728
4447
2201
911
759
2154
55
4073
4310
2150
2756
3633
3978
4303
4751
2134
4794
1041
1408
4458
1046
4994
4283
714
4279
3022
1208
4268
1657
4335
1993
3557
3427
1036
3447
3440
4026
3939
920
2335
2163
1551
904
3227
1054
3665
4050
3404
1092
1632
762
4118
3993
852
3382
4650
3389
1651
2265
2087
3989
4611
1128
2941
2152
4599
4136
1789
3028
4621
4656
1643
3426
556
4277
4729
3769
4671
1370
2227
3746
4035
4810
4278
3299
4666
2023
1737
4264
4234
4340
3214
2193
1189
3253
4740
2942
2098
1422
4781
4695
3935
3792
4122
4223
2153
3091
2084
1352
3786
2962
3695
4646
1796
4708
4609
4296
4813
2735
1441
3658
1133
2499
1457
1290
4637
1207
1984
4433
1894
1701
4430
1276
2652
4449
2195
1811
4249
1169
1034
1586
1008
1637
1254
1076
1689
830
1235
4530
3617
1251
3241
3321
462
2129
3736
1767
2867
2145
4067
1640
1779
4647
1132
3949
1047
2110
1744
4318
3684
994
957
739
1194
3220
4241
3089
4461
4009
2173
3661
3
1494
976
936
850
706
4738
712
4123
2253
3599
2136
2147
2202
4758
718
1724
4583
2249
1466
2172
3347
2936
3142
1424
4999
2241
232
3974
1763
2105
709
3709
909
3398
938
3971
4013
1596
3395
3081
3535
2896
973
603
3200
246
2483
3500
1181
3491
2479
3507
2048
579
4839
2407
3017
1578
2057
160
3326
2516
270
584
1102
2877
2678
354
2847
1375
71
2866
1273
4856
385
1582
4350
580
3430
1191
4755
3731
3232
382
312
3224
1320
2854
2035
1929
679
558
1581
293
2951
4359
3555
2888
1832
1106
3647
4008
3679
1068
3013
1988
2497
2596
3126
3698
4472
3475
3121
4957
1228
1141
2993
4261
3578
893
299
4579
931
3770
2487
2772
2192
430
3739
1770
3764
2597
3410
4258
4299
1825
1268
3073
4641
1260
3558
3409
1117
3037
2878
622
506
2010
173
196
3901
1989
2432
553
14
2375
387
1694
4509
3613
2055
296
4401
2328
126
2472
2726
334
218
1149
4353
1986
2900
68
2768
2714
798
592
793
3334
275
4250
170
805
162
4836
620
375
107
3503
4531
999
3897
2340
4878
576
3510
259
1709
3119
4929
4137
541
2783
2566
1474
1611
3136
2958
448
1719
3070
4144
3463
1717
2744
888
1965
2913
2386
2510
4100
4214
4745
133
1575
2576
581
1569
1066
1916
1060
790
2348
1659
3116
4315
1295
3118
3737
45
4521
298
828
663
599
3198
776
64
3209
3311
2429
335
2978
3167
4675
156
875
1913
2713
869
2844
2795
2169
3481
2406
1365
393
1225
1539
2041
3328
1822
3171
1572
381
2679
4861
881
4686
206
3601
2463
1833
1095
4171
2361
3784
693
1501
3976
372
2297
2303
3035
1348
3800
4632
4989
3401
2155
4703
3354
724
3917
2816
4481
1641
3087
4973
2191
1143
1206
3211
4502
1145
2492
4585
3205
2930
2266
3927
1545
3873
4456
2205
3729
525
2089
1410
4719
2220
2491
1176
2421
4119
4319
2637
806
1221
726
3449
3094
1401
2319
2734
2540
933
2044
645
3335
443
1574
1351
1622
4432
338
2719
3236
4210
1130
2729
1580
2436
1140
1670
4828
1231
1692
4940
2698
2311
42
2371
1025
224
2484
659
4769
4761
3495
3246
2250
121
2258
578
2838
47
3911
832
1335
4776
3298
4478
2837
3498
56
3206
1121
2832
3697
1369
4486
4967
1862
3662
2764
2954
1987
72
2066
4563
2610
25
3486
2771
449
3260
3207
2987
570
1690
3725
2047
230
3346
350
757
1808
436
2944
4265
3477
3010
756
2315
252
4245
13
683
3953
2349
4911
891
3474
3026
3019
1710
884
1253
1377
889
2859
4846
3109
2536
3489
2565
18
194
2402
205
149
1407
1751
1356
4648
17
725
4871
1390
4614
4927
200
2277
2401
1669
23
3379
257
4866
4537
4706
2366
2519
4681
3965
2644
2889
2336
602
542
3219
1312
2823
1436
1376
4545
233
4951
2445
3096
1399
2506
3373
2785
265
3840
3318
169
597
2159
8
344
1679
2632
4571
2827
3316
1628
4849
2647
1982
784
3186
2342
1421
4523
4601
345
2312
1148
1599
1216
4037
3196
3193
249
3065
3294
2984
4099
4562
2502
4235
1681
3123
1042
3986
3822
2485
4331
1293
4326
1772
1898
3603
2013
3473
1261
2222
1419
562
4995
2140
4297
3877
4379
3124
3992
1168
807
3819
1972
1319
965
934
1880
1015
4901
3086
4053
1912
3707
940
1783
1093
4732
3390
4320
4348
3129
1052
820
3101
130
560
166
4371
440
950
2003
1696
2794
360
1197
666
3776
859
4138
2754
930
4211
1367
4242
3154
4121
1263
485
1179
813
3934
138
3851
1217
433
163
4835
2014
1310
2758
4372
172
508
2310
941
1930
3001
131
3376
1030
1002
1236
3190
1248
991
975
4160
1652
1714
419
6
1458
2374
789
258
3615
1742
2441
2582
2004
2989
905
4444
3184
697
4540
2271
3861
1733
2740
3054
3652
2389
2839
3060
4677
2741
1663
2814
4520
667
216
4511
766
4184
3076
1229
4945
3846
420
2822
2620
3062
3139
3734
4156
4231
1924
2762
4096
803
3097
2438
3268
2681
2042
2467
2831
3177
1175
2038
1333
3636
3104
4837
4095
1417
650
211
1583
4934
2760
3174
3541
3350
2807
2022
3922
203
231
240
1874
1459
2019
2006
3849
4132
496
1522
797
1239
4572
1743
3730
12
2459
3411
1285
2425
2601
1942
1137
4410
237
2990
3693
2969
3280
2692
2873
1393
254
1209
3385
2121
4281
4414
2435
3204
4910
3164
3516
499
4012
551
3775
4169
3077
816
3400
114
2071
145
3691
3325
1910
3773
4483
1478
406
264
4175
3336
3120
129
3859
742
3157
4525
4103
4547
4522
1707
1357
2593
2612
2052
4451
3302
1200
3267
3869
4892
3708
1308
549
1340
4575
1250
2547
4568
747
4894
4033
981
306
3470
4200
1010
4800
3441
1935
2477
1781
2801
494
656
2631
3592
2537
1836
2388
1756
1614
4817
2217
1177
4676
2219
3283
3763
1050
4672
3762
2157
4772
1554
3261
3630
4477
4068
2132
2188
4688
607
1077
1729
2346
4984
2139
1368
3611
3669
3151
2788
4606
2183
1703
2094
1531
972
128
1138
2088
1153
864
2207
1906
3140
3721
3657
1895
416
2356
1543
171
4797
3547
37
1491
4809
1526
4900
619
1373
2646
1004
3651
801
1224
1167
3428
61
4220
2286
1382
1495
4395
2656
2927
93
125
2293
4128
1083
4704
985
1568
882
2050
2739
4993
945
885
647
711
1215
3341
446
2304
2507
2869
3862
4104
2680
4829
4712
1523
3314
118
1528
1301
2294
3585
883
4090
4196
536
4201
3432
4534
4225
1566
59
1587
2309
3751
1271
2197
811
3688
1005
54
979
495
2473
4301
2665
1504
4024
623
3290
1245
1122
4177
4091
4493
4604
2916
1031
531
2428
2887
435
1448
1636
2480
1951
3722
4815
3715
4822
4741
1687
3687
2331
3723
4439
2885
3560
3696
1683
2918
3727
342
4977
4875
4654
2858
3399
2742
1111
1195
447
3829
4913
1465
4997
3808
3810
3544
1389
1246
3235
521
3550
1192
4691
3015
4244
2642
676
2373
3726
1385
2577
150
329
1380
4333
271
4266
1171
4983
4981
2589
2314
2600
523
1349
4701
1296
1238
2102
1590
2214
4300
1009
1146
3761
826
2952
3141
1591
3530
745
3943
1240
3933
1546
4361
3355
593
3134
220
908
3620
2198
189
3115
58
3994
4255
2615
2583
148
3631
1688
2633
225
243
2440
136
4805
209
1355
1677
4992
140
1212
3571
2344
2474
1635
1051
4607
1437
255
432
615
2599
330
1237
824
3543
415
2666
1364
698
1127
1446
2376
4608
1266
85
507
598
2621
2759
4909
490
1563
753
674
4030
1202
1188
1210
4990
1489
4915
4343
92
4874
4028
2495
1265
1344
3344
1650
2603
1455
2103
3393
369
408
754
2418
4192
1358
463
952
1856
638
4914
4899
2359
2464
2409
2635
2752
836
113
2676
953
1160
119
242
729
4485
601
3660
978
451
1183
4986
1147
1213
452
1269
2864
4991
767
3683
390
1439
4275
464
960
1429
355
465
4565
1241
2638
2482
1595
594
537
3714
1416
2871
2702
1087
4036
356
514
478
2654
2317
362
1222
188
3168
3884
1378
363
2394
903
971
4987
4170
3882
2398
2901
1214
2753
2489
3890
424
2308
2118
2545
1170
4662
1598
1957
1230
2465
3150
3242
2618
4818
2809
974
284
2765
2223
2775
946
4041
2281
522
278
4062
4667
4935
4487
1234
1139
2178
552
1157
1247
2550
2478
2870
368
1161
3853
3521
3295
1099
771
4406
4466
3738
4524
3488
1755
4023
4289
4417
4311
1427
2179
3075
1834
4419
4882
815
4418
3364
902
2824
3029
1754
1784
1013
3598
4589
3423
2424
1069
4492
3600
2123
4778
4305
4590
4314
1922
3574
2282
4412
1300
4141
4770
3284
1823
3264
1909
4764
1361
4443
3071
2757
2968
4435
3437
2509
1792
4711
1787
4304
2622
2890
4501
538
515
1941
4883
386
4657
2738
1086
3287
4383
4542
1199
2338
4978
969
3063
1103
2330
3233
780
1444
4862
1109
996
1876
1820
727
4084
1091
1589
2981
4162
1759
4445
4460
1088
2544
3826
1764
1873
2457
158
2971
165
792
4454
427
4550
2533
4367
4247
4763
3357
1014
819
4784
2431
2970
4085
4252
4427
2778
2891
431
4453
4066
4960
4881
3798
4070
3700
1981
3948
983
2769
1919
2043
3269
3031
21
2972
1584
1891
1734
1242
962
3148
910
4576
751
4480
3285
4181
3315
4146
4431
1765
733
3794
3833
4450
2746
2549
458
1926
1976
4105
4495
3745
2133
3431
3351
1807
4474
3766
2736
3796
4370
1828
1017
4112
1766
3963
3270
4887
3832
1011
3593
3807
4387
543
3455
2673
4323
3394
4154
1927
4488
1728
1846
1959
1985
787
3289
1947
3671
4259
3913
894
3590
4316
2000
895
3972
545
1758
914
4484
3961
3408
2800
4446
3783
2627
4469
765
137
2935
1920
1736
4342
1953
3231
4971
3887
3565
1815
2504
484
1454
3030
3945
750
3821
1892
1732
4420
3402
4854
1731
1831
3397
1057
4482
4494
4467
4269
1722
1940
4356
3496
1757
3548
840
855
1097
4280
4254
1887
1045
3900
3405
1738
1040
1847
4147
795
1746
4796
4083
1023
3637
2997
1853
3583
504
3248
740
2380
4294
984
3576
2420
730
4491
1084
4948
1816
1112
763
781
1294
1899
3556
2027
3568
1973
3391
2411
1750
1745
1817
1070
2965
4498
520
4276
1905
3095
3372
3596
748
3417
1012
1007
3303
3454
937
1035
3271
1761
3082
498
3838
4174
3595
1932
3546
4747
529
4680
2119
870
3122
2910
4731
3466
2166
2141
3991
2184
4926
3982
3472
2097
2254
3079
4768
2288
2074
4709
3435
3133
3712
3816
4665
3243
2979
719
3809
1403
2905
3646
3027
53
2162
3889
3597
3720
3032
3263
1431
977
2251
2804
2337
2899
2934
4668
3604
992
2422
2882
3448
4748
2948
2351
3872
4232
4893
4669
944
3616
829
3487
2171
4786
79
87
3793
1552
986
3645
3946
1902
1553
4982
3554
3883
1056
3493
4363
357
3080
2363
4955
2755
3004
103
3957
4584
2174
510
4759
2996
1286
2279
459
3419
4802
609
3307
1325
3703
1098
4317
4594
4284
4716
3591
1061
1324
2120
2109
967
4730
4908
900
1527
4285
1609
4312
4785
1297
4302
4077
2237
3744
3304
4272
3277
1039
2611
4271
4843
2276
3938
3043
50
3051
2275
912
4788
4749
4015
1116
1291
4580
1726
3278
3279
141
3757
1843
472
3610
4757
4678
4354
2080
4176
2982
700
3842
3370
3999
3041
4291
3057
4863
1142
2777
843
4422
1777
1451
2353
2541
1502
2370
4130
1682
723
1150
1274
2242
3719
738
3012
1396
2186
1871
3701
89
4766
3803
3468
3483
3681
3656
1409
3881
1541
4007
3058
1799
1547
4735
2992
1329
715
1072
3750
916
809
1760
1793
2291
764
527
2362
4497
4400
3619
3414
4635
1115
4020
3960
394
3844
2808
95
4819
2488
4052
713
2305
1323
528
948
4544
3421
2114
3970
4952
501
4325
1158
1471
1155
1903
3239
3752
2131
509
1735
2932
1055
1897
4051
4968
4127
2354
4046
925
488
2295
3038
755
1346
4832
1515
3459
2144
2170
613
2551
2924
3305
3748
1081
2078
3799
4061
4876
1619
2625
4257
3561
588
1639
3864
3145
3791
2773
3332
1314
4698
4651
2980
3640
3467
3870
2278
4064
4306
4623
3754
2790
1774
4713
2296
3367
2986
3049
4715
4879
717
4582
3779
3602
901
1124
3871
1966
3781
4600
3676
1958
1058
3552
1481
3584
3941
3924
3296
4974
4850
802
2325
1406
2886
4985
3983
2236
777
1279
2299
3434
1281
1535
3445
1855
3820
4858
3464
2786
2355
4834
1392
3046
2177
52
3479
2881
3625
3300
4733
4920
1249
3702
1537
691
2099
4617
4787
1094
2995
4260
3406
705
1797
4779
3975
2897
2498
4440
3538
2414
3215
1233
1479
1775
2749
3042
3034
3716
3194
4345
2091
3188
1768
2300
2212
4597
4638
3452
2751
669
943
4840
2167
4369
4612
4060
3072
3262
3358
511
2797
3981
1337
2165
4702
2148
3492
3047
3892
3612
3626
2470
2024
1331
4847
3749
500
3422
51
4273
1480
1163
3837
4596
3964
2090
3387
519
157
1108
489
2268
1492
3359
935
3929
2461
812
3048
3644
4782
222
2496
1788
4309
1018
2164
2945
688
4812
3969
988
4723
1322
4771
2554
2247
4857
3674
3857
4595
2953
942
3655
694
1255
4889
4288
746
3782
1727
1602
964
49
3879
486
2988
2580
3618
1043
4947
4346
4998
2076
3668
3484
3670
4240
1173
1666
1620
1280
2937
403
1435
2552
2126
2628
2368
4164
3371
854
1282
2983
1049
1473
3438
410
3906
2036
4048
1063
1044
2419
3834
4000
3540
4824
2203
124
2731
958
734
455
4376
4496
4872
3928
2776
530
4605
2280
4694
608
2728
4728
4629
3642
4330
3956
1074
3951
932
4293
1187
1741
1858
4570
3163
2185
2619
1931
4357
4602
591
3804
2571
2512
4286
4803
268
2606
1278
4750
1605
4358
686
3125
1001
951
1107
3894
4775
2107
684
1889
2415
4337
2224
3988
758
4791
358
3352
2553
3818
1795
4639
4588
4644
4976
4970
3320
1655
4076
1996
1037
1509
681
3914
3678
1914
454
3323
4630
4140
4152
4636
4115
4508
2430
453
1205
3456
3309
2221
3772
4944
2585
2578
2056
3480
3003
2562
4429
831
3005
461
100
1944
822
2686
2586
460
2643
1800
1699
1715
1801
1821
1033
1840
2994
3706
88
2526
640
3814
3111
4352
3301
3292
3628
2092
3059
2127
168
4355
1024
4718
3880
3876
2909
2262
4620
1678
1752
1565
2974
215
1062
4054
4827
3023
4206
2416
873
2122
3910
3226
861
785
1877
3225
3056
1882
1875
1901
2026
1900
1530
4021
2228
4633
396
3458
2244
379
1080
4652
413
373
2261
2263
2264
2875
2267
2269
1624
1623
352
351
371
1100
418
3433
4088
487
482
2977
995
474
998
3407
4059
3412
4034
4057
3416
1019
2943
4047
1027
2939
1028
2017
2390
182
4826
185
2387
2383
192
3865
3867
3282
837
838
839
3074
3000
4690
4199
4692
595
845
4693
847
2730
848
3064
2021
4793
853
4190
180
1995
4134
2841
1433
4869
4865
3623
2426
4227
4125
1548
4405
2417
2685
3839
3614
2413
3564
1725
2538
2408
4246
2662
1556
2404
2664
1420
4243
2100
294
289
800
288
2798
286
285
282
4465
4153
3627
1557
1414
4873
1826
3368
1819
3362
317
4262
770
314
3641
4470
4888
2063
4256
120
4884
2648
2649
309
3634
132
313
1830
1450
3513
862
4189
2324
429
1747
2573
2460
3009
1844
3008
3322
2567
3787
2564
4954
247
2745
502
544
3551
248
1126
65
4292
3381
4166
526
1948
77
3025
63
3024
3806
535
1533
3667
2323
3527
66
3374
1613
2561
968
1521
3160
3758
4368
3159
956
2530
1865
3918
4526
4532
626
625
876
874
2514
2528
1267
