0 544
0 548
1 62
1 442
1 445
1 1214
2 478
2 479
2 650
2 654
2 1102
2 1105
3 560
3 584
3 585
3 591
3 625
3 626
3 722
3 869
3 870
3 892
3 894
3 1947
3 1957
3 1959
4 1309
4 1315
4 1319
5 538
5 542
5 544
5 548
5 1411
5 1417
6 68
6 69
7 25
7 26
7 83
7 85
7 130
7 358
7 359
7 518
7 1575
7 1577
7 1722
7 1731
7 1932
7 1936
7 1948
7 1949
7 1952
7 1967
7 2536
7 2537
8 25
8 26
8 83
8 85
8 130
8 135
8 145
8 149
8 161
8 185
8 198
8 456
8 486
8 518
8 1415
8 1416
8 1575
8 1577
8 1731
8 1732
8 2170
8 2171
9 135
9 161
9 1674
9 1675
9 1693
9 1722
9 1726
9 1731
9 1732
10 632
10 647
10 2288
10 2524
11 2288
11 2524
12 23
12 1202
12 1203
13 14
13 1175
13 1177
13 1178
13 1188
13 1909
13 2497
14 1175
14 1177
14 1178
14 1188
14 1909
14 2497
15 110
15 116
16 18
16 19
17 18
17 19
18 106
18 107
18 902
18 1228
18 1300
18 1303
18 2542
18 2569
18 2573
19 106
19 107
19 223
19 228
19 902
19 1228
19 1300
19 1303
19 2542
20 75
20 78
20 108
20 118
20 119
20 223
20 228
20 837
20 843
20 1209
20 1210
20 1212
20 1213
20 1288
20 1290
20 1543
20 1670
20 1671
21 25
21 34
21 37
21 39
21 108
21 118
21 119
21 135
21 145
21 149
21 161
21 483
21 493
21 502
21 528
21 529
21 530
21 534
21 837
21 843
21 1209
21 1210
21 1212
21 1213
21 1288
21 1290
21 1543
21 1670
21 1671
22 25
22 34
22 37
22 39
22 135
22 145
22 149
22 161
22 483
22 493
22 502
22 528
22 529
22 530
22 534
23 28
23 29
23 30
23 33
23 36
23 1469
24 28
24 29
24 33
24 36
24 1469
25 35
25 496
25 509
25 527
25 534
25 686
25 687
25 981
25 984
25 1470
25 1675
25 1676
25 1722
25 1731
25 1805
25 1809
25 1932
25 1936
25 1947
25 1948
25 1952
25 1957
25 1959
25 2014
25 2015
25 2536
25 2537
25 2684
25 2685
25 2729
25 2733
26 27
26 35
26 127
26 128
26 130
26 358
26 359
26 411
26 414
26 456
26 486
26 488
26 489
26 496
26 509
26 518
26 525
26 527
26 534
26 537
26 978
26 981
26 1204
26 1205
26 1565
26 1772
26 1773
26 1831
26 1832
26 1919
26 1925
26 1927
26 1932
26 1936
26 1940
26 1945
26 1947
26 1948
26 1949
26 1952
26 1957
26 1959
26 1967
26 2014
26 2015
26 2536
26 2537
26 2684
26 2685
26 2729
26 2733
27 35
27 145
27 149
27 185
27 198
27 1415
27 1416
27 1438
27 1439
27 1674
27 1675
27 1693
27 1722
27 1726
27 1798
27 1805
27 2170
27 2171
29 632
29 647
29 1202
30 1202
30 1203
31 58
31 74
31 2597
31 2600
32 58
32 74
32 491
32 502
32 538
32 542
32 1411
32 1417
32 2597
32 2600
34 68
34 69
34 80
34 84
34 491
34 502
34 1956
34 1957
34 2129
34 2130
34 2534
34 2537
35 37
35 48
35 51
35 52
35 127
35 128
35 411
35 414
35 488
35 489
35 525
35 537
35 978
35 981
35 1179
35 1180
35 1205
35 1208
35 1428
35 1430
35 1438
35 1439
35 1565
35 1772
35 1773
35 1798
35 1805
35 1822
35 1824
35 1827
35 1831
35 1832
35 1919
35 1927
35 1940
35 1945
35 1947
35 1957
35 1959
35 2102
35 2106
35 2692
35 2698
35 2704
37 38
37 40
37 48
37 51
37 52
37 171
37 173
37 686
37 687
37 968
37 969
37 981
37 984
37 1204
37 1205
37 1207
37 1208
37 1210
37 1455
37 1470
37 1675
37 1676
37 1751
37 1805
37 1809
37 1811
37 1815
37 1925
37 1940
37 1947
37 1957
37 1959
37 1969
37 1973
37 2014
37 2015
37 2557
37 2558
37 2687
37 2694
37 2740
37 2742
38 39
38 80
38 84
38 386
38 1139
38 1147
38 1401
38 1455
38 1478
38 1484
38 1751
38 1956
38 1957
38 1966
38 1969
38 1973
38 2129
38 2130
38 2534
38 2537
38 2740
38 2742
39 40
39 171
39 173
39 521
39 526
39 636
39 668
39 947
39 957
39 968
39 969
39 1033
39 1034
39 1035
39 1207
39 1208
39 1210
39 1811
39 1815
39 1930
39 1943
39 1947
39 1957
39 1959
39 2269
39 2271
39 2276
39 2557
39 2558
39 2687
39 2692
39 2694
39 2698
39 2704
40 43
40 44
40 361
40 363
40 386
40 469
40 504
40 508
40 523
40 1139
40 1142
40 1147
40 1152
40 1401
40 1478
40 1484
40 1966
40 1969
40 2324
40 2326
40 2331
40 2334
40 2338
40 2534
40 2537
41 636
41 668
42 650
42 654
43 44
43 361
43 363
43 469
43 470
43 504
43 508
43 523
43 666
43 672
43 956
43 957
43 1108
43 1114
43 1142
43 1152
43 1155
43 1159
43 1164
43 1165
43 1192
43 1193
43 1910
43 1930
43 1943
43 1966
43 1969
43 2289
43 2290
43 2324
43 2326
43 2331
43 2334
43 2338
43 2354
43 2355
43 2356
43 2465
43 2470
43 2475
43 2482
43 2515
43 2517
44 469
44 470
44 666
44 672
44 956
44 957
44 1108
44 1114
44 1155
44 1159
44 1164
44 1165
44 1192
44 1193
44 1910
44 2354
44 2355
44 2356
44 2465
44 2470
44 2475
44 2482
44 2515
44 2517
45 2569
45 2573
46 2289
46 2290
47 2046
47 2047
48 480
48 481
48 488
48 489
48 515
48 946
48 1086
48 1092
48 1422
48 2046
48 2047
48 2570
48 2572
49 650
49 654
50 2570
50 2572
51 480
51 481
51 488
51 489
51 515
51 946
51 1086
51 1092
51 1422
52 1086
52 1092
53 1191
53 1192
53 1193
54 1191
54 1192
54 1193
55 548
55 549
56 132
56 133
57 132
57 133
58 176
58 179
59 174
59 176
59 177
59 179
60 174
60 177
61 393
61 819
61 822
62 1214
63 392
63 823
63 916
63 920
63 1215
63 1216
63 1367
63 1374
64 119
64 121
65 109
65 115
65 119
65 121
66 109
66 115
67 103
67 108
68 1275
68 1280
70 1252
70 1257
70 1258
71 116
71 120
71 904
71 938
71 1266
71 1267
71 1874
71 1877
72 116
72 120
72 904
72 938
73 522
73 531
75 393
75 819
75 822
75 1211
76 548
76 549
77 522
77 531
78 112
78 118
78 173
78 177
78 1211
79 544
79 548
80 112
80 118
80 173
80 177
80 809
80 810
81 544
81 548
82 106
82 107
82 125
82 146
82 442
82 445
82 809
82 810
83 84
83 86
84 85
84 125
84 146
84 147
84 442
84 445
84 809
84 810
85 86
85 156
85 157
86 106
86 107
86 125
86 147
87 1246
87 1248
88 156
88 157
88 540
88 543
88 544
88 548
89 173
89 177
89 1246
89 1248
90 540
90 543
90 544
90 548
91 1555
91 1556
91 1557
91 1579
91 1581
92 173
92 177
92 1554
92 1555
93 147
93 148
94 125
94 126
94 147
94 148
95 97
95 100
95 102
95 104
95 106
95 181
95 182
95 368
95 371
95 394
95 485
95 497
95 819
95 852
95 856
95 865
95 866
95 1558
95 1559
95 1599
95 1601
95 1620
95 2679
96 125
96 126
96 246
96 247
96 249
96 250
97 102
97 129
97 130
97 456
97 460
97 482
97 484
97 485
97 486
97 493
97 726
97 896
97 1210
97 1211
97 1530
97 1531
97 1554
97 1555
97 1595
97 1597
97 1614
97 1615
97 1645
97 1649
97 1657
97 1662
97 1663
97 1670
97 1671
98 246
98 247
98 249
98 250
98 1210
98 1211
98 1614
98 1615
98 2223
98 2229
99 117
99 120
99 1504
100 102
100 129
100 130
100 368
100 371
100 456
100 460
100 482
100 484
100 485
100 486
100 493
100 726
100 856
100 865
100 866
100 896
100 1210
100 1211
100 1530
100 1531
100 1595
100 1597
100 1599
100 1601
100 1614
100 1615
100 1645
100 1649
100 1657
100 1662
100 1663
100 1670
100 1671
101 106
101 107
101 112
101 113
101 810
101 1210
101 1211
101 1370
101 1512
101 1513
101 1846
101 1847
101 2189
101 2190
101 2616
101 2617
102 104
102 106
102 107
102 180
102 181
102 182
102 236
102 238
102 244
102 245
102 394
102 485
102 497
102 819
102 852
102 859
102 863
102 865
102 1299
102 1300
102 1375
102 1379
102 1558
102 1559
102 1599
102 1601
102 1604
102 1605
102 1620
102 2037
102 2040
102 2044
102 2066
102 2081
102 2087
102 2679
102 2681
103 117
103 120
103 1293
103 1298
103 1302
103 1504
104 106
104 180
104 181
104 236
104 238
104 244
104 245
104 852
104 856
104 859
104 863
104 865
104 1210
104 1211
104 1299
104 1300
104 1375
104 1376
104 1379
104 1383
104 1604
104 1605
104 1614
104 1615
104 1668
104 1670
104 2037
104 2040
104 2044
104 2066
104 2081
104 2087
104 2186
104 2188
104 2195
104 2207
104 2208
104 2223
104 2229
104 2679
104 2681
105 106
105 107
106 107
106 113
106 118
106 810
106 852
106 856
106 865
106 867
106 869
106 1210
106 1213
106 1263
106 1268
106 1299
106 1300
106 1306
106 1307
106 1316
106 1319
106 1370
106 1375
106 1376
106 1379
106 1380
106 1383
106 1388
106 1514
106 1524
106 1668
106 1670
106 2186
106 2188
106 2195
106 2207
106 2208
106 2619
106 2633
106 2647
106 2654
106 2663
106 2667
106 2679
106 2681
107 108
107 112
107 113
107 118
107 185
107 198
107 388
107 389
107 392
107 399
107 400
107 809
107 810
107 823
107 856
107 865
107 867
107 869
107 909
107 1210
107 1211
107 1213
107 1263
107 1268
107 1299
107 1300
107 1306
107 1307
107 1309
107 1316
107 1319
107 1375
107 1379
107 1380
107 1388
107 1512
107 1513
107 1514
107 1524
107 1573
107 1576
107 1846
107 1847
107 2189
107 2190
107 2191
107 2548
107 2549
107 2616
107 2617
107 2619
107 2633
107 2647
107 2654
107 2663
107 2667
108 112
108 114
108 1293
108 1298
108 1302
108 1446
108 1447
109 115
109 117
109 119
109 120
109 121
109 1225
109 1285
109 1286
109 1288
109 1290
109 1310
109 1504
109 1536
109 1538
109 1867
109 1870
109 1986
109 1988
109 2585
109 2590
109 2593
109 2594
109 2595
109 2597
109 2599
109 2600
109 2602
110 905
111 1250
111 1251
112 113
112 118
112 119
112 185
112 198
112 388
112 389
112 392
112 393
112 394
112 399
112 400
112 809
112 810
112 819
112 823
112 856
112 865
112 867
112 869
112 870
112 909
112 1210
112 1213
112 1298
112 1301
112 1309
112 1319
112 1375
112 1379
112 1389
112 1391
112 1512
112 1513
112 1521
112 1522
112 1573
112 1576
112 1623
112 1846
112 1847
112 2190
112 2191
112 2544
112 2548
112 2549
112 2550
112 2551
112 2610
112 2613
112 2614
112 2623
112 2624
112 2640
112 2646
112 2651
113 114
113 118
113 119
113 121
113 867
113 869
113 898
113 912
113 915
113 1216
113 1224
113 1225
113 1227
113 1229
113 1230
113 1298
113 1301
113 1304
113 1305
113 1308
113 1309
113 1310
113 1323
113 1328
113 1446
113 1447
113 1512
113 1513
113 1521
113 1522
113 1604
113 1605
113 1889
113 1890
113 1903
113 1904
113 1986
113 1988
113 2544
113 2545
113 2551
113 2552
113 2585
113 2590
113 2594
113 2597
113 2613
113 2615
113 2616
113 2618
113 2621
113 2622
113 2623
113 2624
113 2628
113 2630
113 2636
113 2639
113 2643
113 2646
113 2651
114 388
114 389
114 809
114 810
114 856
114 865
114 1309
114 1319
114 1573
114 1576
115 117
115 119
115 120
115 121
115 527
115 535
115 1225
115 1273
115 1276
115 1285
115 1286
115 1288
115 1290
115 1291
115 1292
115 1310
115 1504
115 1536
115 1538
115 1550
115 1697
115 1867
115 1870
115 1889
115 1890
115 2585
115 2590
115 2593
115 2594
115 2595
115 2597
115 2599
115 2600
115 2602
115 2604
115 2607
115 2608
115 2612
115 2628
115 2636
116 905
116 1250
116 1251
117 119
117 121
117 527
117 535
117 1241
117 1246
117 1550
117 1697
117 1981
117 1986
117 2588
117 2589
117 2597
117 2600
117 2608
117 2610
117 2612
117 2614
118 119
118 121
118 393
118 394
118 819
118 869
118 870
118 898
118 1216
118 1225
118 1227
118 1229
118 1230
118 1273
118 1276
118 1298
118 1301
118 1304
118 1305
118 1308
118 1309
118 1310
118 1323
118 1328
118 1335
118 1336
118 1342
118 1389
118 1391
118 1521
118 1522
118 1604
118 1605
118 1623
118 1903
118 1904
118 2245
118 2246
118 2544
118 2545
118 2550
118 2551
118 2585
118 2590
118 2594
118 2597
118 2603
118 2604
118 2607
118 2610
118 2614
118 2615
118 2616
118 2621
118 2622
118 2630
118 2640
118 2646
118 2651
119 121
119 898
119 912
119 915
119 1216
119 1224
119 1225
119 1227
119 1229
119 1230
119 1243
119 1249
119 1273
119 1276
119 1278
119 1281
119 1291
119 1292
119 1301
119 1304
119 1305
119 1308
119 1309
119 1310
119 1323
119 1328
119 1335
119 1336
119 1342
119 2245
119 2246
119 2552
119 2557
119 2560
119 2565
119 2566
119 2571
119 2591
119 2594
119 2597
119 2603
119 2604
119 2607
119 2618
119 2621
119 2630
119 2639
119 2643
120 1241
120 1246
120 1252
120 1257
120 1258
120 1981
120 1986
120 2574
120 2575
120 2588
120 2589
120 2597
120 2600
120 2610
120 2614
121 1243
121 1249
121 1278
121 1281
121 2557
121 2560
121 2565
121 2566
121 2571
121 2591
121 2594
122 903
122 935
123 903
123 935
124 532
124 536
125 1274
125 1278
129 1604
129 1605
130 1604
130 1605
131 498
131 499
131 501
131 510
132 145
132 149
132 151
132 153
132 501
132 510
132 694
132 700
132 1814
132 1815
132 1820
133 145
133 149
133 151
133 153
133 483
133 484
133 485
133 492
133 493
133 497
133 694
133 700
133 761
133 763
133 1814
133 1815
133 1820
134 1795
134 1798
136 167
136 170
137 167
137 170
137 1210
137 1211
137 1556
137 1557
138 1556
138 1557
139 1210
139 1213
140 1210
140 1213
141 289
141 292
142 241
142 242
142 289
142 292
142 818
142 827
142 869
142 870
143 1274
143 1278
144 180
144 181
145 171
145 173
145 233
145 235
145 485
145 497
145 877
145 886
145 1579
145 1582
146 1274
146 1278
147 532
147 536
149 171
149 173
149 233
149 235
149 485
149 497
149 877
149 886
149 1579
149 1582
150 158
150 159
151 1564
151 1926
152 158
152 159
152 1795
152 1798
153 1564
153 1926
154 160
154 163
155 160
155 163
159 185
159 198
159 788
159 792
160 303
160 307
161 185
161 198
161 788
161 792
162 171
162 173
163 303
163 307
164 171
164 173
164 1585
164 1586
165 1585
165 1586
166 171
166 173
166 1584
166 1586
167 171
167 173
167 174
167 175
167 177
167 178
167 1556
167 1585
167 1586
167 1661
168 1464
168 1587
168 1590
168 2537
169 1584
169 1586
170 1556
170 1661
171 1464
171 1587
171 1590
171 2537
172 174
172 175
172 177
172 178
172 1584
172 1586
173 175
173 176
173 178
173 179
173 1596
173 1598
174 1595
174 1597
175 177
176 177
177 178
177 179
177 1595
177 1596
177 1597
177 1598
180 514
180 2186
180 2193
181 514
181 859
181 863
181 1212
181 1213
181 1604
181 1605
181 2186
181 2193
182 856
182 859
182 863
182 865
182 893
182 895
182 1212
182 1213
182 1604
182 1605
183 856
183 865
183 893
183 895
184 208
184 209
184 770
184 775
184 1209
184 1210
185 872
185 873
185 881
185 1209
185 1210
186 872
186 873
186 881
187 218
187 223
188 877
188 886
189 292
189 296
190 205
190 210
191 201
191 205
191 206
191 211
192 1209
192 1210
193 195
193 243
194 195
194 243
196 238
196 240
196 246
196 247
196 513
196 520
196 869
196 870
196 1331
196 1338
196 1372
196 1373
197 869
197 870
198 872
198 873
198 881
199 218
199 223
199 877
199 886
200 292
200 296
201 314
202 205
202 210
203 206
203 211
204 299
204 302
205 299
205 302
205 314
205 1614
205 1615
205 1616
207 208
207 209
207 770
207 775
208 289
208 292
209 289
209 292
210 1614
210 1615
210 1616
212 222
212 224
212 225
213 484
213 493
213 849
213 859
214 484
214 493
214 849
214 859
215 222
215 225
216 222
216 224
216 225
217 222
217 225
218 828
218 832
218 889
218 890
219 229
219 235
220 229
220 235
221 1210
221 1211
222 232
222 234
222 241
222 242
222 289
222 292
223 828
223 832
223 889
223 890
224 230
224 233
224 235
224 558
224 567
225 230
225 232
225 233
225 234
225 235
225 241
225 242
225 289
225 292
226 558
226 567
227 1210
227 1211
228 1210
228 1211
229 388
229 389
230 231
231 233
231 235
232 237
232 239
232 244
232 245
232 1210
232 1211
233 452
233 454
234 237
234 239
234 244
234 245
234 1210
234 1211
235 388
235 389
235 452
235 454
236 244
236 245
238 244
238 245
238 1351
240 1351
241 248
241 1300
241 1303
242 248
242 1300
242 1303
244 390
244 392
244 823
244 826
244 852
244 856
244 865
244 1360
244 1362
244 1382
244 1387
244 1396
244 1397
244 1801
244 1808
245 390
245 392
245 823
245 826
245 852
245 856
245 865
245 1360
245 1362
245 1382
245 1387
245 1396
245 1397
245 1801
245 1808
246 856
246 865
246 1351
246 1365
246 1369
246 2190
246 2191
247 393
247 394
247 837
247 843
247 867
247 869
247 1299
247 1300
247 1309
247 1319
247 1351
247 1365
247 1369
248 818
248 827
248 869
248 870
249 856
249 865
249 867
249 869
249 2190
249 2191
250 393
250 394
250 837
250 843
250 867
250 869
250 1299
250 1300
250 1309
250 1319
251 867
251 869
252 485
252 493
253 285
253 287
254 285
254 287
254 299
254 302
255 285
255 287
255 299
255 302
256 618
256 623
257 595
257 599
257 614
257 617
258 620
258 621
259 620
259 621
260 800
260 803
261 800
261 803
261 806
261 807
262 780
262 783
262 789
263 791
263 798
263 802
264 801
264 803
264 1599
264 1601
265 790
265 791
265 797
265 798
265 801
265 803
265 1599
265 1601
266 780
266 783
266 789
267 580
267 586
267 587
267 626
267 629
268 289
268 292
269 289
269 292
269 625
269 626
269 892
269 894
270 586
270 588
270 595
270 599
270 625
270 626
271 614
271 617
272 580
272 586
272 587
272 588
272 626
272 629
273 288
273 291
273 294
273 626
273 627
273 628
273 629
273 630
273 780
273 783
273 789
274 628
274 630
275 300
275 304
276 300
276 304
277 288
277 291
277 294
277 626
277 627
277 629
277 780
277 783
277 789
278 628
278 630
279 280
279 289
280 284
280 872
280 873
281 300
281 305
282 303
282 307
283 628
283 630
284 289
284 872
284 873
285 303
285 307
285 628
285 630
286 300
286 305
287 620
287 621
290 628
290 630
291 555
291 566
292 296
292 299
292 867
292 869
293 304
293 308
294 555
294 566
294 628
294 630
295 304
295 308
296 299
296 303
296 307
296 309
296 312
296 867
296 869
297 869
297 870
298 628
298 630
299 303
299 304
299 307
299 308
299 309
299 312
299 615
299 621
299 727
299 805
300 757
300 762
300 766
300 771
300 773
300 794
300 799
300 869
300 870
301 615
301 621
302 304
302 308
302 727
302 805
303 309
303 615
303 621
303 628
303 630
304 766
304 771
304 777
304 780
304 782
304 783
304 789
304 793
305 757
305 762
305 773
305 777
305 780
305 782
305 789
305 793
305 794
305 799
306 620
306 621
307 309
307 628
307 630
308 780
308 783
308 789
310 620
310 621
310 782
310 786
310 801
310 803
311 620
311 621
311 782
311 786
311 801
311 803
313 806
313 807
315 560
315 584
315 585
315 591
315 722
315 869
315 870
315 1947
315 1957
315 1959
316 501
316 510
317 320
317 321
317 349
317 351
317 406
317 501
317 510
317 706
317 710
317 910
317 940
317 1450
318 320
318 321
318 349
318 351
318 406
318 706
318 710
318 910
318 940
318 1450
319 320
319 321
320 323
320 337
320 698
320 703
320 706
320 710
320 718
320 720
320 733
320 1094
320 1097
320 1438
320 1439
320 1448
320 1449
321 323
321 337
321 698
321 703
321 706
321 710
321 718
321 720
321 733
321 1094
321 1097
321 1438
321 1439
321 1448
321 1449
322 576
322 578
322 625
322 626
323 329
323 330
323 358
323 366
323 367
323 376
323 379
323 452
323 454
323 456
323 485
323 486
323 497
323 887
323 889
324 359
324 367
325 359
325 367
325 1438
325 1439
326 342
326 346
327 754
327 755
327 759
327 763
328 697
328 698
328 941
328 966
329 350
329 352
329 733
329 1441
329 1442
330 350
330 352
330 733
330 1436
330 1440
330 1441
330 1442
331 1005
331 1006
332 457
332 484
333 412
333 414
333 415
334 412
334 414
334 415
334 1411
334 1417
335 1411
335 1417
336 350
336 356
338 576
338 578
338 625
338 626
339 527
339 534
340 527
340 534
341 645
341 849
341 855
341 1052
342 382
343 350
343 356
344 645
344 718
344 720
344 849
344 855
344 1052
344 1446
344 1447
345 718
345 720
345 849
345 855
345 963
345 974
345 1446
345 1447
346 382
347 483
347 484
347 493
348 483
348 484
348 493
348 963
348 974
350 355
350 361
350 1442
350 1445
353 354
353 355
353 360
353 372
354 358
355 356
355 364
355 487
355 494
355 698
355 703
356 361
356 487
356 494
356 698
356 703
356 1442
356 1445
357 456
357 486
358 359
358 367
358 372
358 375
358 378
358 733
358 734
359 360
359 365
359 367
359 368
359 369
359 370
359 374
359 375
359 377
359 378
359 395
359 396
359 456
359 486
359 733
359 734
359 743
359 744
360 364
360 367
361 1428
361 1430
362 483
362 484
362 493
365 367
366 733
366 734
367 368
367 369
367 370
367 374
367 375
367 377
367 395
367 396
367 456
367 486
367 733
367 743
367 744
368 373
368 375
371 373
371 375
371 1428
371 1430
373 733
373 734
376 733
378 2707
378 2712
379 733
380 2707
380 2712
381 736
381 738
383 736
383 738
384 736
384 738
385 412
385 414
385 415
387 389
387 390
387 814
387 840
387 849
387 855
388 389
388 757
388 762
388 837
388 838
388 843
388 844
388 867
388 869
388 1223
388 1311
388 1384
388 1389
388 1849
388 2178
389 757
389 762
389 816
389 837
389 838
389 843
389 844
389 867
389 869
389 1223
389 1306
389 1307
389 1311
389 1384
389 1389
389 1849
389 2178
390 816
390 1306
390 1307
391 393
391 394
391 442
391 445
391 819
391 1331
391 1338
392 420
392 423
392 893
392 895
392 1214
392 1349
392 1353
393 400
393 420
393 423
393 435
393 439
393 443
393 444
393 446
393 450
393 453
393 815
393 998
393 1004
393 1216
393 1223
393 1224
393 1305
393 1539
393 1540
393 2179
393 2184
394 400
394 435
394 439
394 443
394 444
394 453
394 815
394 818
394 827
394 1216
394 1223
394 1224
394 1305
394 1454
394 1539
394 1540
394 1560
394 2179
394 2184
394 2661
394 2668
395 689
395 693
396 418
396 419
397 759
397 765
397 767
398 868
398 874
398 888
398 1309
398 1315
398 1319
399 869
399 870
399 1261
399 1264
400 869
400 870
400 921
400 925
400 1261
400 1264
400 1299
400 1300
401 442
401 446
401 921
401 925
401 1245
401 1247
402 406
402 442
402 446
402 449
402 910
402 1245
402 1247
403 446
403 448
403 450
404 406
404 407
404 435
404 439
405 406
405 407
406 441
406 442
406 445
406 449
406 918
406 919
406 962
406 969
406 973
406 1085
406 1096
407 441
407 873
407 881
407 918
407 919
407 1085
407 1096
408 409
408 914
409 911
410 1399
410 1405
410 1406
411 745
411 746
412 1408
413 1399
413 1405
413 1406
414 745
414 746
414 1408
416 834
416 841
416 847
417 834
417 841
417 847
418 817
418 818
418 827
419 818
419 859
419 863
421 817
421 827
422 817
422 827
422 859
422 863
424 429
424 430
424 432
424 435
424 436
424 439
425 433
425 437
425 438
426 433
426 437
426 438
427 429
427 430
427 432
427 435
427 436
427 439
428 433
428 437
428 438
431 432
431 435
431 436
432 434
434 435
434 436
435 441
439 441
440 442
440 445
440 962
440 969
440 973
442 517
442 521
442 815
442 859
442 863
442 1044
442 1052
442 1064
442 1214
445 517
445 521
445 815
445 1044
445 1052
445 1064
445 1214
446 447
446 819
446 859
446 863
447 448
447 450
449 910
450 819
451 868
451 874
451 888
452 733
452 908
452 912
452 1282
452 1283
452 2585
452 2590
453 1261
453 1264
453 1299
453 1300
454 733
454 814
454 840
454 908
454 912
454 1243
454 1282
454 1283
454 1315
454 2585
454 2590
455 849
455 855
455 868
455 874
455 888
455 1243
455 1315
456 485
456 493
456 746
456 755
457 946
457 958
457 1419
458 512
458 518
458 608
458 610
458 755
458 759
458 946
458 958
459 608
459 610
461 676
461 678
462 676
462 678
463 465
463 466
463 477
463 478
463 479
463 650
463 654
463 686
463 687
464 465
464 466
464 477
464 650
464 654
464 686
464 687
465 478
465 479
465 488
465 631
465 649
465 651
465 666
465 667
465 668
465 672
465 673
465 678
465 681
465 947
465 957
465 1029
465 1030
466 631
466 649
466 651
466 653
466 657
466 666
466 667
466 668
466 672
466 673
466 678
466 681
466 947
466 957
466 1029
466 1030
467 1189
467 1190
467 1191
468 1189
468 1190
468 1191
469 470
469 471
470 472
470 473
470 489
470 504
470 523
470 1149
470 1154
470 1170
470 1175
470 1178
471 472
471 473
471 489
471 504
471 523
471 1149
471 1154
471 1170
471 1175
471 1178
472 494
472 503
472 504
472 508
472 1031
472 1131
472 1132
472 1138
472 1149
472 1154
472 1167
472 1168
472 2056
472 2057
472 2312
472 2322
472 2426
472 2431
473 494
473 503
473 1031
473 1138
473 2312
473 2322
473 2426
473 2431
474 650
474 654
475 995
475 999
476 487
476 494
476 995
476 999
476 1031
476 1138
477 478
477 479
477 487
477 488
477 494
477 631
477 649
477 651
477 653
477 657
477 666
477 667
477 668
477 670
477 672
477 673
477 947
477 957
477 1031
477 1138
478 479
478 496
478 509
478 653
478 657
478 666
478 676
478 678
478 686
478 687
478 1027
478 1403
478 1440
478 1443
478 1444
479 496
479 509
479 653
479 657
479 666
479 667
479 670
479 676
479 678
479 686
479 687
479 1027
479 1403
479 1440
479 1443
479 1444
480 571
480 579
480 686
480 687
481 571
481 579
481 1056
481 1065
482 1056
482 1065
483 485
483 486
483 493
484 486
484 499
484 507
484 512
484 517
484 518
484 521
484 555
484 566
484 755
484 759
484 809
484 810
484 875
484 1419
485 493
485 502
485 512
485 518
485 733
486 492
486 493
486 746
486 755
486 761
486 763
487 553
487 666
487 667
487 670
487 672
487 673
487 686
487 687
487 699
488 496
488 509
488 666
488 672
488 676
488 678
488 1431
488 1433
489 496
489 500
489 502
489 506
489 509
489 666
489 667
489 670
489 672
489 677
489 1431
489 1433
490 553
490 686
490 687
490 699
490 1205
490 1206
491 492
491 493
491 1207
491 1208
492 511
492 989
492 998
493 499
493 502
493 507
493 511
493 517
493 521
493 555
493 566
493 809
493 810
493 875
494 553
494 686
494 687
494 699
494 1194
494 1195
495 500
495 509
495 672
495 676
495 677
495 678
495 686
495 687
495 1205
495 1206
496 504
496 508
496 551
496 552
496 565
496 566
496 574
496 607
496 613
496 619
496 624
496 682
496 686
496 687
496 689
496 690
496 971
496 1001
496 1007
497 733
498 512
499 512
500 504
500 508
500 509
500 551
500 553
500 667
500 670
500 681
500 682
500 686
500 699
500 971
500 1001
500 1007
501 551
501 686
501 989
501 998
502 508
503 1194
503 1195
504 509
504 553
504 554
504 566
504 699
504 1036
504 1103
504 1108
504 1150
504 1170
505 555
505 556
505 944
505 959
505 968
505 969
505 1064
505 1072
505 1209
505 1210
505 1276
505 1277
505 1300
505 1303
506 508
508 509
508 553
508 554
508 566
508 676
508 678
508 699
508 1036
508 1103
508 1108
508 1150
508 1170
509 551
509 552
509 565
509 566
509 574
509 607
509 613
509 619
509 624
509 667
509 670
509 681
509 682
509 686
509 687
509 689
509 690
509 971
509 1001
509 1007
510 551
510 555
510 556
510 666
510 672
510 686
510 944
510 959
510 968
510 969
510 1064
510 1072
510 1209
510 1210
510 1276
510 1277
510 1300
510 1303
511 1207
511 1208
511 1276
511 1277
512 593
512 594
512 834
512 847
513 1351
515 571
515 579
515 686
515 687
516 608
516 610
517 566
517 574
517 666
517 672
517 674
517 679
517 1200
517 1201
517 1410
517 1414
518 593
518 594
518 834
518 847
519 560
519 722
520 1351
521 566
521 574
521 608
521 610
521 674
521 679
521 1200
521 1201
521 1410
521 1414
521 1472
522 529
522 534
524 608
524 610
526 608
526 610
526 1472
527 539
527 541
527 908
527 912
527 1446
527 1447
527 1893
527 1914
529 531
530 560
530 722
531 534
533 1994
533 2100
534 908
534 912
534 1446
534 1447
534 1893
534 1914
535 539
535 541
535 908
535 912
535 1994
535 2100
543 544
543 546
544 545
544 1978
544 1983
545 546
547 1978
547 1983
550 648
550 660
551 600
551 605
553 606
553 611
553 678
553 681
553 689
553 693
554 574
554 583
554 592
554 598
554 686
554 687
554 696
554 702
555 574
555 583
555 640
555 686
555 687
555 696
555 702
555 881
555 886
555 1057
557 710
557 711
558 597
558 601
558 604
558 1396
558 1397
559 771
559 777
560 620
560 621
561 733
561 734
562 603
562 609
562 620
562 621
562 771
562 777
563 632
563 647
563 666
563 672
563 677
564 648
564 660
566 592
566 593
566 594
566 598
566 640
566 881
566 886
566 1057
567 1396
567 1397
568 643
568 1053
568 1397
568 1398
569 603
569 609
569 620
569 621
570 632
570 647
570 666
570 672
570 677
572 686
572 687
573 676
573 681
574 593
574 594
575 643
575 1053
575 1397
575 1398
576 625
576 626
577 620
577 621
577 1380
577 1384
578 625
578 626
579 686
579 687
580 620
580 621
581 678
581 681
582 676
582 681
582 686
582 687
582 689
582 693
583 689
583 693
584 620
584 621
584 867
584 869
584 1380
584 1384
585 867
585 869
587 620
587 621
587 867
587 869
589 678
589 681
590 686
590 687
595 626
595 629
596 686
596 687
597 720
598 686
598 687
599 626
599 629
600 682
601 720
602 620
602 621
603 620
603 621
604 720
605 682
606 699
611 699
612 616
612 618
612 622
612 623
616 618
618 622
618 626
618 629
620 723
620 1385
620 1390
621 723
621 1385
621 1390
623 626
623 629
626 753
626 762
626 780
626 783
627 766
627 771
627 774
627 780
627 783
627 801
627 802
628 766
628 771
628 774
628 779
628 782
628 786
628 787
628 794
628 801
628 802
628 1392
628 1393
629 753
629 762
629 780
629 783
630 766
630 771
630 779
630 782
630 786
630 787
630 794
630 1392
630 1393
631 657
631 661
631 669
631 1079
631 1082
632 1080
632 1084
632 1086
632 1088
632 1091
632 1093
632 1469
633 1074
633 1088
633 1095
633 1102
634 650
634 654
634 946
634 1049
634 1050
634 1051
634 1059
634 1061
634 1062
634 1063
634 1067
634 1068
634 1078
634 1079
634 1080
634 1082
634 1084
634 1086
634 1088
634 1422
635 1058
635 1067
635 1447
635 1448
636 650
636 654
636 657
636 669
637 648
637 660
637 661
637 669
637 1050
637 1061
638 648
638 660
638 661
638 666
638 669
638 672
639 641
639 666
639 667
639 670
639 672
639 673
639 679
639 685
639 1056
639 1098
639 1100
639 1106
640 683
640 688
640 689
640 693
641 683
641 688
641 689
641 693
641 695
641 701
641 706
641 707
641 990
641 999
641 1015
641 1017
641 1018
641 1054
641 1098
641 1100
641 1106
642 700
642 706
642 708
642 710
643 710
643 711
643 951
643 952
643 990
643 999
644 710
644 711
644 951
644 952
645 698
645 703
645 706
645 710
645 852
645 859
645 863
645 867
645 869
645 873
645 986
645 989
645 992
645 996
645 998
645 1000
646 698
646 703
646 852
646 863
647 1078
647 1080
647 1081
647 1084
647 1086
647 1088
647 1091
647 1093
647 1469
648 653
648 657
648 669
650 1047
650 1049
650 1050
650 1061
650 1062
650 1067
651 657
651 661
651 669
651 1079
651 1082
652 1046
652 1058
652 1078
652 1081
653 660
653 672
653 677
654 1047
654 1049
654 1062
654 1067
655 670
655 675
655 683
655 688
655 1022
655 1023
656 671
656 680
657 666
657 672
657 677
658 684
658 688
659 1447
659 1448
660 1046
660 1058
662 1022
662 1023
663 670
663 675
663 683
663 688
664 671
664 680
664 1098
664 1106
665 941
665 942
665 966
666 669
666 676
666 678
666 683
666 684
666 688
666 1045
666 1054
666 1074
666 1082
666 1109
666 1110
667 1054
667 1109
667 1110
667 1125
667 1130
669 672
670 1021
670 1022
670 1054
671 1070
672 676
672 678
672 683
672 684
672 688
672 1045
672 1054
672 1074
672 1082
673 684
673 688
673 1054
673 1109
673 1110
673 1125
673 1130
675 686
675 687
675 1021
675 1022
676 686
676 687
676 1209
676 1210
677 686
677 687
678 699
679 691
679 692
679 1054
680 686
680 687
680 1070
681 699
681 1209
681 1210
683 689
683 690
683 1056
683 1057
683 1065
684 1069
685 691
685 692
685 1054
686 697
686 698
686 944
686 959
686 1056
686 1065
687 944
687 959
687 1056
687 1065
688 689
688 690
688 1056
688 1057
688 1065
688 1069
689 697
689 698
689 699
689 818
689 825
689 1106
689 1117
690 1106
690 1117
693 699
693 818
693 825
695 1056
696 702
697 1451
698 711
698 716
698 719
698 721
698 1451
700 713
700 714
700 1069
701 1056
702 715
702 717
702 1064
702 1072
703 711
703 716
703 719
703 721
704 706
704 710
704 711
704 890
704 891
705 715
705 717
705 1064
705 1072
706 707
706 709
706 710
706 711
706 716
706 1052
706 1053
706 1056
706 1064
706 1442
706 1445
707 710
707 1056
707 1442
707 1445
708 713
708 714
708 1069
709 710
709 711
709 890
709 891
710 712
710 1052
710 1053
710 1064
710 1072
711 712
711 713
711 716
711 1064
711 1072
712 1397
712 1398
713 716
722 733
722 734
724 770
724 772
725 770
725 772
727 731
727 792
728 796
728 797
728 804
729 755
729 759
729 765
729 776
729 778
729 784
730 743
730 744
730 770
730 775
731 743
731 744
731 805
732 750
732 753
732 760
733 750
733 753
733 760
733 887
733 889
734 754
734 763
735 1438
735 1439
736 739
736 740
736 745
736 755
736 759
736 1412
736 1414
737 754
737 763
738 739
738 740
738 745
738 754
738 755
738 759
738 763
738 1412
738 1414
741 754
741 763
742 898
742 1229
742 1230
743 744
743 750
743 751
743 753
743 754
743 756
743 763
743 766
743 771
744 750
744 751
744 753
744 754
744 756
744 760
744 762
744 763
744 766
744 771
744 898
744 1229
744 1230
745 834
745 847
745 849
745 855
746 778
746 785
746 834
746 845
746 847
746 849
746 855
747 768
747 769
747 1716
747 1721
748 1402
748 1404
749 762
749 766
750 753
750 760
751 768
751 769
752 1402
752 1404
753 756
753 762
753 766
753 771
753 777
754 757
754 762
754 768
754 769
754 842
754 851
754 1716
754 1721
755 764
755 767
755 778
755 785
755 842
755 845
755 851
755 855
755 877
756 760
756 762
756 766
757 763
757 768
757 769
758 1716
758 1721
759 764
759 767
759 821
759 841
759 842
759 845
759 847
759 851
759 855
759 877
760 762
760 766
760 771
760 777
762 763
763 842
763 851
764 765
764 788
764 792
764 886
764 889
765 767
765 821
765 841
765 845
765 847
765 855
765 877
767 788
767 792
767 821
767 886
767 889
768 778
768 785
768 788
768 792
769 778
769 785
770 788
770 792
770 841
770 847
770 849
770 855
770 862
770 871
770 872
770 873
771 788
771 792
771 881
771 886
772 788
772 792
772 841
772 847
772 849
772 855
775 862
775 871
775 872
775 873
776 862
776 871
777 881
777 886
778 788
778 792
778 862
778 871
780 781
780 791
781 783
782 794
782 799
783 791
784 862
784 871
785 788
785 792
787 788
787 792
788 795
788 834
788 847
788 859
788 862
788 863
788 871
788 873
789 790
789 797
791 800
792 795
792 805
792 834
792 847
792 859
792 862
792 863
792 871
792 873
793 794
793 799
794 796
794 877
794 886
794 1549
794 1561
795 1549
795 1561
796 799
796 805
797 805
798 800
799 877
799 886
800 802
804 805
808 1376
808 1379
808 1382
808 1383
809 810
809 854
809 861
809 864
809 869
809 870
809 1229
809 1230
809 1314
809 1318
809 1375
809 1379
809 2594
809 2597
810 854
810 861
810 864
810 869
810 870
810 1229
810 1230
810 1314
810 1318
810 1375
810 1379
810 2594
810 2597
811 1300
811 1303
812 869
812 870
812 1300
812 1303
813 846
813 850
815 819
815 857
815 861
815 869
815 870
815 1331
815 1338
815 1384
815 1389
817 1300
817 1303
817 1604
817 1605
818 819
818 1299
818 1300
819 827
819 1454
819 1539
819 1540
819 1560
819 2179
819 2184
819 2661
819 2668
820 830
820 839
822 998
822 1004
822 1306
822 1307
823 869
823 870
823 893
823 895
823 1214
823 1306
823 1307
823 1322
823 1323
823 1349
823 1353
823 1384
823 1389
824 830
824 839
824 853
824 854
824 857
824 861
825 1299
825 1300
826 1306
826 1307
827 1300
827 1303
827 1604
827 1605
828 856
828 860
828 865
828 876
829 857
829 861
831 853
831 854
831 857
831 861
832 860
832 876
833 848
833 853
833 867
833 869
833 1300
833 1303
833 1322
833 1323
834 1410
834 1414
835 941
835 966
835 976
836 856
836 865
836 867
836 869
837 848
837 853
837 860
837 867
837 869
837 876
837 1300
837 1303
840 846
840 850
843 860
843 876
847 1410
847 1414
849 1064
849 1072
852 941
852 966
852 976
852 1449
852 1450
853 879
853 885
854 879
854 885
855 1064
855 1072
856 869
856 870
856 1449
856 1450
858 869
858 870
859 976
859 977
859 1052
860 1376
860 1383
863 976
863 977
865 1449
865 1450
866 869
866 870
867 1052
867 1064
867 1376
867 1383
869 878
869 879
869 884
869 893
869 895
869 909
869 1052
869 1064
869 1314
869 1318
869 1375
869 1379
870 878
870 879
870 884
870 893
870 895
870 909
870 1314
870 1318
870 1375
870 1379
873 910
873 1052
874 1338
874 1350
874 1379
874 1382
878 893
878 895
879 893
879 895
880 1330
880 1343
880 1384
880 1389
880 1391
880 1396
880 1397
881 910
882 892
882 893
882 894
883 892
883 893
883 894
884 893
884 895
885 893
885 895
885 1330
885 1343
885 1384
885 1389
885 1391
885 1396
885 1397
888 1338
888 1350
888 1379
888 1382
888 1384
888 1389
892 1392
892 1393
892 1395
892 1396
893 908
893 912
893 1331
893 1338
894 1392
894 1393
894 1395
894 1396
895 908
895 912
895 1331
895 1338
897 1229
897 1230
897 1232
897 1240
899 1232
899 1240
900 1236
900 1239
900 1242
901 1236
901 1239
903 913
903 917
906 931
906 933
907 931
907 933
908 1264
908 1266
909 1264
909 1266
911 914
912 1259
912 1265
913 935
915 1259
915 1265
916 1214
916 1236
916 1242
916 1247
916 1248
916 1250
917 935
920 1214
920 1242
920 1247
920 1248
920 1250
922 1098
922 1100
922 1106
923 932
923 935
924 932
924 935
926 1098
926 1100
926 1106
927 932
927 935
928 932
928 935
929 936
929 937
930 931
930 933
932 1024
932 1025
934 936
934 937
935 1024
935 1025
939 982
939 987
939 1033
939 1034
940 982
940 983
940 1004
941 954
941 1451
942 946
942 954
942 1223
942 1224
942 1422
943 968
943 969
943 975
943 976
944 946
944 968
944 969
944 976
944 977
944 1113
944 1118
944 1422
944 1423
944 1424
944 1429
945 968
945 969
946 959
946 966
946 1050
947 1472
948 1041
948 1140
949 1003
949 1008
950 1003
950 1008
952 986
952 989
952 990
952 992
952 993
952 997
952 998
953 986
953 989
953 990
953 992
953 993
953 997
953 998
954 966
954 989
954 998
955 982
955 987
955 1033
955 1034
956 1159
956 1165
957 1159
957 1165
957 1472
958 1418
958 1420
959 968
959 969
959 976
959 977
959 1113
959 1118
959 1422
959 1423
959 1424
959 1429
960 962
960 963
960 973
960 975
960 976
961 1418
961 1420
962 963
962 964
962 965
962 996
962 1000
963 965
963 968
963 969
964 968
964 969
965 973
966 1223
966 1224
966 1422
966 1451
967 1084
967 1088
968 970
968 974
968 990
968 998
968 1044
968 1045
968 1046
968 1052
968 1064
968 1072
968 1115
968 1121
968 1433
968 1435
968 2318
968 2319
969 970
969 974
969 990
969 998
969 1044
969 1045
969 1046
969 1052
969 1064
969 1072
969 1433
969 1435
971 989
971 998
972 1084
972 1088
973 996
973 1000
979 982
979 986
979 992
979 1004
980 1115
980 1121
980 2318
980 2319
982 1002
982 1450
983 1450
984 986
984 992
985 986
985 992
986 990
986 998
986 999
986 1002
986 1033
986 1034
986 1052
988 1434
988 1435
989 1001
989 1007
989 1064
989 1072
990 992
990 996
990 1000
990 1053
990 1056
990 1057
991 1084
991 1088
991 1434
991 1435
992 998
992 999
992 1002
992 1033
992 1034
992 1052
993 1006
993 1009
993 1056
993 1064
993 1065
993 1072
993 1076
994 1084
994 1088
994 1434
994 1435
996 998
996 1052
996 1064
997 1006
997 1009
997 1056
997 1064
997 1065
997 1072
997 1076
998 1000
998 1001
998 1007
998 1064
998 1072
999 1053
999 1056
999 1057
1000 1052
1000 1064
1002 1004
1004 1011
1004 1014
1004 1450
1005 1093
1005 1104
1005 1432
1006 1093
1006 1104
1006 1129
1006 1132
1006 1432
1009 1129
1009 1132
1010 1024
1010 1025
1011 1012
1012 1014
1013 1024
1013 1025
1015 1056
1016 1024
1016 1025
1017 1024
1017 1025
1017 1056
1018 1024
1018 1025
1018 1056
1019 1400
1019 1425
1020 1400
1020 1425
1026 1041
1026 1140
1027 1102
1027 1105
1028 1029
1028 1030
1029 1031
1029 1091
1029 1093
1029 1138
1029 1139
1029 1401
1029 1403
1030 1031
1030 1091
1030 1093
1030 1138
1030 1139
1030 1401
1030 1403
1031 1448
1031 1449
1032 1133
1032 1134
1032 1143
1033 1122
1033 1126
1033 1472
1034 1122
1034 1126
1034 1472
1035 1472
1037 1135
1037 1141
1038 1135
1038 1141
1039 1149
1039 1154
1039 1196
1039 1197
1040 1126
1040 1130
1040 1149
1040 1154
1040 1196
1040 1197
1041 1042
1041 1043
1041 1126
1041 1130
1041 1135
1041 1141
1041 1169
1041 1171
1041 1174
1042 1135
1042 1140
1042 1141
1043 1140
1046 1051
1046 1055
1046 1062
1046 1067
1048 1058
1048 1067
1049 1050
1049 1061
1049 1063
1049 1067
1049 1068
1049 1071
1049 1078
1049 1080
1049 1084
1049 1085
1049 1086
1049 1088
1049 1091
1050 1051
1050 1059
1050 1061
1050 1062
1050 1063
1050 1067
1050 1071
1050 1079
1050 1082
1050 1084
1050 1085
1050 1088
1050 1089
1050 1091
1050 1093
1050 1099
1050 1107
1050 1112
1050 1139
1050 1147
1050 1422
1051 1058
1051 1063
1051 1068
1051 1074
1051 1078
1051 1081
1051 1084
1051 1088
1051 1091
1051 1093
1051 1095
1051 1102
1051 1107
1051 1112
1054 1056
1054 1098
1054 1100
1054 1106
1054 1438
1054 1439
1055 1058
1055 1063
1055 1068
1055 1078
1055 1081
1055 1091
1055 1093
1056 1098
1056 1100
1056 1106
1057 1438
1057 1439
1058 1062
1058 1067
1059 1080
1059 1084
1059 1085
1059 1086
1059 1088
1059 1091
1060 1139
1060 1147
1061 1079
1061 1082
1061 1084
1061 1085
1061 1088
1061 1089
1061 1091
1061 1093
1061 1099
1061 1107
1061 1112
1062 1074
1062 1079
1062 1082
1063 1071
1063 1083
1065 1098
1065 1106
1066 1100
1066 1106
1067 1074
1067 1079
1067 1082
1068 1071
1068 1083
1069 1098
1069 1100
1069 1106
1069 1137
1069 1145
1070 1098
1070 1100
1070 1106
1070 1137
1070 1145
1073 1100
1073 1106
1075 1087
1075 1090
1076 1098
1076 1106
1077 1098
1077 1106
1084 1122
1084 1126
1084 1129
1084 1130
1085 1087
1085 1090
1088 1122
1088 1126
1088 1129
1088 1130
1091 1093
1094 1158
1094 1162
1101 1133
1101 1134
1101 1143
1108 1139
1108 1147
1109 1125
1109 1130
1110 1125
1110 1130
1111 1444
1111 1446
1114 1139
1114 1147
1116 1444
1116 1446
1119 1122
1119 1125
1119 1126
1119 1130
1120 1135
1120 1141
1122 1127
1123 1135
1123 1141
1124 1125
1124 1130
1125 1129
1125 1131
1125 1132
1126 1127
1127 1149
1127 1154
1128 1149
1128 1154
1129 1130
1130 1131
1130 1132
1131 1170
1132 1170
1135 1136
1135 1149
1135 1153
1135 1154
1135 1160
1136 1141
1138 1448
1138 1449
1140 1169
1140 1171
1140 1174
1141 1149
1141 1153
1141 1154
1141 1160
1141 1196
1141 1197
1142 1156
1142 1157
1144 1163
1144 1166
1146 1158
1146 1162
1148 2312
1148 2322
1148 2323
1149 1159
1149 1165
1149 1170
1151 2312
1151 2322
1151 2323
1152 1156
1152 1157
1154 1159
1154 1165
1154 1170
1159 1167
1159 1168
1159 1171
1159 1174
1161 1163
1161 1166
1165 1167
1165 1168
1165 1171
1165 1174
1167 1170
1168 1170
1168 1173
1168 1182
1170 2056
1170 2057
1171 1210
1171 1213
1172 1173
1172 1182
1174 1210
1174 1213
1175 1181
1175 1182
1175 1183
1175 1186
1175 1187
1175 1189
1176 2318
1176 2319
1177 1182
1177 1183
1178 1181
1178 1182
1178 1183
1178 1186
1178 1187
1178 1189
1179 1470
1180 1470
1180 2318
1180 2319
1181 1184
1181 1185
1184 1186
1185 1186
1196 1198
1196 1199
1197 1198
1197 1199
1202 1469
1205 1470
1207 2478
1207 2481
1208 1470
1208 2478
1208 2481
1209 1398
1210 1211
1210 1300
1210 1303
1210 1398
1210 1579
1210 1581
1211 1213
1211 1300
1211 1303
1211 1579
1211 1581
1214 1215
1214 1216
1214 1367
1214 1374
1216 1224
1216 1300
1216 1303
1216 1310
1216 1317
1216 1324
1216 1326
1216 1329
1216 1330
1216 1331
1216 1338
1216 1339
1216 1343
1216 1350
1217 1331
1217 1338
1218 1219
1218 1220
1218 1222
1218 1263
1218 1265
1218 1268
1218 1272
1218 1288
1218 1290
1218 1325
1218 1330
1219 1303
1220 1303
1221 1291
1221 1292
1221 1299
1221 1300
1221 1303
1221 1306
1221 1307
1222 1291
1222 1292
1222 1300
1222 1303
1222 1306
1222 1307
1223 1226
1223 1229
1223 1230
1223 1300
1223 1303
1223 1309
1223 1311
1223 1312
1223 2179
1223 2189
1224 1226
1224 1229
1224 1230
1224 1263
1224 1300
1224 1303
1224 1308
1224 1309
1224 1310
1224 1311
1224 1312
1224 1314
1224 1316
1224 1338
1224 1350
1224 2179
1224 2189
1225 1300
1225 1303
1225 1308
1225 1309
1225 1313
1225 1321
1225 1325
1225 1330
1225 1338
1225 1350
1226 1229
1226 1230
1226 1263
1227 1309
1227 1315
1228 1248
1228 1250
1228 1251
1229 1230
1229 1231
1229 1235
1229 1236
1229 1238
1229 1240
1229 1300
1229 1303
1229 1309
1229 1315
1229 1319
1229 2597
1229 2600
1230 1231
1230 1235
1230 1236
1230 1238
1230 1240
1230 1300
1230 1303
1230 1309
1230 1319
1230 2597
1230 2600
1233 1266
1233 1267
1234 1236
1234 1239
1235 1254
1235 1259
1235 1265
1236 1242
1236 1244
1236 1247
1236 1254
1236 1259
1236 1265
1236 1300
1236 1303
1236 1312
1236 1322
1237 1248
1237 1250
1237 1251
1237 1256
1237 1266
1237 1267
1238 1254
1238 1259
1238 1265
1239 1242
1239 1244
1239 1247
1239 1300
1239 1303
1239 1312
1239 1322
1241 1251
1241 1256
1243 1263
1243 1268
1243 1272
1245 1254
1245 1259
1245 1265
1247 1254
1247 1259
1247 1265
1247 1300
1247 1303
1248 1266
1248 1267
1248 1278
1248 1279
1249 1263
1249 1268
1249 1272
1250 1266
1250 1267
1250 1278
1250 1279
1250 2597
1250 2600
1252 1270
1252 1275
1252 1280
1252 2597
1252 2600
1253 1270
1253 1275
1253 1280
1253 2597
1253 2600
1255 2597
1255 2600
1256 1274
1256 1278
1256 1501
1256 2605
1258 1270
1258 1275
1258 1280
1258 2597
1258 2600
1259 1300
1259 1303
1259 2574
1259 2578
1260 1274
1260 1278
1262 1274
1262 1278
1262 1501
1262 2605
1263 1288
1263 1290
1263 1299
1263 1309
1263 1310
1264 1278
1264 1281
1265 1299
1265 1300
1265 1303
1265 1366
1265 1374
1265 2574
1265 2578
1266 1278
1266 1281
1266 2559
1267 2559
1268 1288
1268 1290
1268 1299
1268 1366
1268 1374
1269 1366
1269 1374
1271 1275
1271 1280
1272 1288
1272 1290
1272 1299
1272 1303
1273 1276
1273 1282
1273 1283
1273 1288
1273 2615
1273 2616
1276 1282
1276 1283
1276 1288
1276 2566
1276 2571
1276 2615
1276 2616
1278 2591
1278 2594
1279 2565
1279 2566
1281 2591
1281 2594
1283 2566
1283 2571
1284 1287
1284 1289
1284 2565
1284 2566
1285 1295
1285 1296
1287 1289
1288 1294
1288 1299
1288 1317
1288 1326
1289 1295
1289 1296
1290 1294
1290 1299
1290 1317
1290 1326
1291 1292
1291 1297
1291 1320
1291 2632
1291 2634
1292 1297
1292 1320
1292 2632
1292 2634
1299 1300
1299 1303
1299 1308
1299 1309
1299 1311
1299 1312
1299 1320
1299 1324
1299 1325
1299 1326
1299 1330
1299 1332
1299 2374
1299 2379
1300 1303
1300 1305
1300 1308
1300 1309
1300 1310
1300 1311
1300 1312
1300 1314
1300 1318
1300 1320
1300 1324
1300 1325
1300 1326
1300 1329
1300 1330
1300 1332
1300 1339
1300 1364
1300 1372
1300 2374
1300 2379
1301 1306
1301 1307
1303 1305
1303 1310
1303 1314
1303 1318
1303 1320
1303 1329
1303 1339
1303 1364
1303 1372
1303 2374
1303 2379
1304 1306
1304 1307
1305 1317
1305 1326
1305 1331
1305 1338
1305 1350
1306 1307
1306 1308
1306 1309
1306 1320
1306 2186
1306 2188
1307 1308
1307 1309
1307 1320
1307 2186
1307 2188
1308 1310
1308 1316
1308 1329
1308 1339
1308 1347
1308 1375
1308 1379
1309 1316
1309 1329
1309 1339
1309 1375
1309 1379
1309 2563
1309 2568
1310 1313
1310 1314
1310 1316
1310 1321
1310 1325
1310 1330
1310 1338
1310 1350
1311 1312
1311 1314
1311 1318
1311 1321
1312 1314
1312 1318
1312 1321
1312 1329
1312 1339
1314 1321
1314 1324
1314 1326
1314 1329
1314 1330
1314 1339
1314 1343
1316 1339
1316 1347
1317 1325
1317 1330
1318 1321
1318 1334
1318 1344
1319 2563
1319 2568
1320 1376
1320 1383
1321 1324
1321 1326
1321 1331
1321 1338
1322 1324
1322 1326
1322 1329
1322 1331
1322 1338
1322 1339
1323 1349
1323 1353
1324 1325
1324 1330
1324 1343
1325 1326
1325 1331
1325 1336
1325 1338
1325 1342
1325 1349
1325 1353
1326 1330
1326 1343
1327 1376
1327 1383
1328 1331
1328 1338
1329 1330
1329 1331
1329 1334
1329 1338
1329 1343
1329 1344
1329 1346
1329 1350
1329 1354
1329 1358
1329 1366
1329 1374
1329 1385
1329 1390
1329 2186
1329 2188
1330 1331
1330 1336
1330 1338
1330 1339
1330 1342
1330 1345
1330 1346
1330 1349
1330 1353
1330 1375
1330 1379
1331 1335
1331 1338
1331 1339
1331 1340
1331 1342
1331 1343
1331 1345
1331 1349
1331 1351
1331 1360
1331 1362
1331 1363
1331 1368
1331 1378
1333 1385
1333 1390
1334 1366
1334 1374
1335 1338
1335 1341
1335 1348
1335 1350
1336 1338
1336 1341
1336 1343
1336 1348
1336 1350
1336 1847
1336 1848
1337 1349
1337 1353
1338 1339
1338 1340
1338 1342
1338 1343
1338 1345
1338 1349
1338 1351
1338 1360
1338 1362
1338 1363
1338 1368
1338 1376
1338 1383
1338 2217
1338 2224
1339 1343
1339 1346
1339 1350
1339 1354
1339 1358
1339 1366
1339 1374
1339 1385
1339 1390
1339 2186
1339 2188
1341 1345
1341 1349
1342 1847
1342 1848
1343 1345
1343 1346
1343 1349
1343 1362
1343 1363
1343 1375
1343 1379
1344 1366
1344 1374
1345 1346
1345 1348
1345 1349
1345 1350
1345 1353
1345 1357
1346 1349
1346 1362
1346 1363
1346 1368
1346 1378
1347 1376
1347 1383
1347 1385
1347 1390
1348 1349
1349 1350
1349 1353
1349 1357
1349 1360
1349 1362
1350 1357
1350 1358
1350 1359
1350 1360
1350 1361
1350 1363
1350 1368
1350 1376
1350 1378
1350 1383
1350 2217
1350 2224
1351 1372
1351 1373
1351 1376
1351 1383
1352 1366
1352 1374
1353 1360
1353 1362
1353 1366
1353 1374
1355 1362
1355 1363
1355 1368
1355 1371
1356 1357
1356 1358
1356 1359
1356 1360
1356 1361
1356 1363
1356 1368
1356 1378
1357 1366
1357 1374
1358 1362
1358 1363
1359 1368
1359 1371
1360 1362
1360 1363
1370 1375
1370 1379
1375 1376
1375 1381
1375 1383
1375 1386
1376 1377
1376 1379
1376 1385
1376 1390
1377 1383
1379 1381
1379 1383
1379 1386
1380 1390
1380 1392
1380 2670
1380 2671
1383 1385
1383 1390
1384 2670
1384 2671
1385 1388
1385 1604
1385 1605
1388 1390
1388 1392
1390 1604
1390 1605
1393 1619
1393 1620
1394 1619
1394 1620
1407 1413
1407 1416
1409 1413
1409 1416
1421 1438
1421 1439
1426 1893
1426 1914
1427 1438
1427 1439
1428 1470
1428 1893
1428 1914
1430 1470
1434 1438
1434 1439
1435 1438
1435 1439
1436 1437
1437 1440
1438 1470
1439 1470
1452 1858
1452 1860
1453 1722
1453 1726
1453 2228
1453 2230
1453 2234
1454 1845
1454 1849
1454 1874
1454 2178
1454 2197
1454 2200
1454 2210
1454 2211
1454 2217
1454 2226
1454 2615
1454 2616
1454 2617
1454 2623
1454 2624
1455 1755
1455 1799
1455 1806
1455 2099
1455 2105
1455 2107
1455 2110
1455 2126
1455 2128
1455 2733
1455 2736
1456 2245
1456 2246
1457 2713
1457 2714
1458 1677
1458 1770
1458 2054
1458 2743
1459 1564
1459 1926
1460 1465
1460 1466
1460 1467
1460 1980
1460 1985
1461 1468
1461 1491
1462 1483
1462 1489
1463 2713
1463 2714
1464 1552
1464 1553
1464 1554
1464 1580
1464 2540
1464 2541
1465 2521
1466 2521
1467 2521
1468 1486
1470 1822
1470 1824
1470 1827
1470 2102
1470 2106
1470 2692
1470 2698
1470 2704
1471 1532
1471 1538
1472 2269
1472 2271
1472 2276
1473 1532
1473 1538
1474 1532
1474 1538
1474 1905
1474 1976
1475 1992
1475 1993
1476 1905
1476 1976
1476 1992
1476 1993
1477 2287
1477 2336
1478 1484
1478 1487
1479 2706
1479 2710
1479 2714
1479 2716
1480 2540
1480 2541
1481 1905
1481 1976
1481 2596
1481 2598
1482 2287
1482 2336
1482 2706
1482 2710
1483 1905
1483 1976
1483 2518
1483 2523
1483 2525
1483 2527
1483 2596
1483 2598
1484 1487
1484 2357
1484 2464
1484 2695
1484 2699
1484 2708
1484 2714
1484 2716
1485 2357
1485 2464
1485 2695
1485 2699
1486 1491
1486 2460
1486 2461
1487 1905
1487 1976
1487 2708
1487 2714
1488 2460
1488 2461
1489 2518
1489 2523
1489 2525
1489 2527
1490 1905
1490 1976
1492 2486
1492 2488
1493 2486
1493 2488
1494 1562
1494 1563
1495 1562
1495 1563
1496 1604
1496 1605
1497 1567
1497 1569
1498 1500
1498 1845
1498 1874
1498 2611
1499 1500
1499 2608
1499 2611
1500 1974
1500 1977
1501 1974
1501 1977
1502 2581
1502 2587
1502 2592
1502 2598
1503 2581
1503 2587
1503 2592
1503 2598
1504 2574
1504 2575
1505 1594
1505 1597
1506 1570
1506 1573
1507 1529
1507 1534
1507 1562
1507 1563
1508 1604
1508 1605
1509 1570
1509 1573
1510 1529
1510 1534
1511 1594
1511 1597
1512 1573
1512 1576
1512 2190
1512 2191
1512 2597
1512 2600
1512 2602
1512 2606
1512 2608
1512 2611
1512 2612
1513 1573
1513 1576
1513 2190
1513 2191
1513 2602
1513 2606
1513 2608
1513 2611
1513 2612
1515 1585
1515 1586
1516 1520
1516 1525
1517 2597
1517 2600
1518 1529
1518 1534
1519 1520
1519 1525
1519 1585
1519 1586
1521 1525
1521 1527
1521 1532
1521 1538
1522 1525
1522 1527
1522 1532
1522 1538
1523 1564
1523 1926
1525 1531
1525 1532
1525 1536
1525 1594
1525 1595
1525 1597
1526 1531
1526 1532
1526 1536
1527 1594
1527 1595
1527 1597
1528 1599
1528 1600
1533 1555
1533 1556
1533 1557
1533 1579
1533 1581
1534 1903
1534 1904
1535 1599
1535 1600
1537 1903
1537 1904
1541 1846
1541 1847
1542 2610
1542 2612
1543 1846
1543 1847
1544 2610
1544 2612
1545 1982
1545 1987
1546 1966
1546 1969
1546 1979
1546 1982
1546 1984
1546 1987
1547 1940
1547 1945
1548 1799
1548 1806
1548 1892
1548 2051
1548 2142
1548 2143
1548 2552
1548 2618
1549 1799
1549 1806
1549 1892
1549 2051
1549 2142
1549 2143
1549 2552
1549 2618
1551 1552
1551 1553
1551 1554
1551 1555
1552 1553
1552 1554
1552 1555
1552 2537
1553 1554
1553 1555
1553 2537
1554 1555
1554 1572
1554 1575
1554 1628
1554 2537
1555 1556
1555 1572
1555 1575
1555 1586
1555 1590
1555 1628
1556 1585
1556 1586
1556 1588
1556 1590
1556 1592
1556 2216
1556 2229
1557 1585
1557 1586
1557 2216
1557 2229
1561 1858
1561 1860
1561 2149
1561 2154
1562 1568
1563 1568
1563 1982
1563 1987
1564 1712
1564 1718
1566 2149
1566 2154
1567 1604
1569 1604
1571 2143
1571 2149
1573 1730
1573 1735
1573 1980
1573 1985
1574 2143
1574 2149
1576 1730
1576 1735
1576 1980
1576 1985
1577 1599
1577 1601
1578 1599
1578 1601
1579 1583
1579 1585
1579 1586
1579 1588
1579 1589
1579 1596
1579 1598
1579 2223
1579 2232
1580 2537
1581 1583
1581 1585
1581 1586
1581 1588
1581 1589
1581 2223
1581 2232
1582 1596
1582 1598
1583 1661
1583 1664
1585 1595
1585 1597
1585 1661
1585 1664
1586 1595
1586 1597
1586 1661
1588 1591
1588 1593
1588 1661
1589 1591
1589 1593
1592 1661
1592 1949
1592 1967
1595 1949
1595 1967
1599 1665
1599 1666
1599 1668
1599 1670
1601 1665
1601 1666
1601 1668
1601 1670
1602 2214
1602 2219
1603 2214
1603 2219
1604 1605
1604 1925
1604 1940
1604 1949
1604 1967
1604 1972
1604 2214
1604 2219
1605 1925
1605 1940
1605 1949
1605 1967
1605 1972
1605 2214
1605 2219
1606 1607
1606 1706
1607 1633
1607 1634
1607 1707
1607 2679
1607 2681
1608 2224
1608 2227
1609 1726
1609 1735
1609 1737
1609 1741
1610 1737
1610 1741
1611 2048
1611 2052
1612 2114
1612 2115
1613 1722
1613 1726
1613 2114
1613 2115
1613 2228
1613 2230
1613 2234
1614 1892
1614 1996
1614 1997
1614 2043
1614 2046
1614 2051
1614 2216
1614 2229
1615 1892
1615 1996
1615 1997
1615 2043
1615 2046
1615 2051
1615 2216
1615 2229
1615 2670
1615 2671
1616 2229
1616 2232
1616 2670
1616 2671
1617 1645
1617 1649
1618 1994
1618 2003
1619 1644
1619 1645
1619 1994
1619 2003
1619 2049
1619 2050
1619 2051
1619 2124
1619 2127
1619 2131
1620 1644
1620 1645
1620 1652
1620 1658
1620 1667
1620 1669
1620 1925
1620 1940
1620 1945
1620 1954
1620 2049
1620 2050
1620 2051
1620 2124
1620 2127
1620 2131
1621 1622
1621 2644
1621 2664
1621 2669
1622 1623
1622 2214
1622 2219
1622 2644
1622 2649
1622 2653
1622 2662
1622 2663
1622 2664
1622 2666
1622 2668
1622 2669
1622 2672
1622 2673
1622 2674
1623 2619
1623 2633
1623 2644
1623 2647
1623 2649
1623 2653
1623 2654
1623 2656
1623 2662
1623 2668
1623 2669
1623 2673
1623 2674
1624 2187
1624 2192
1624 2199
1624 2202
1624 2538
1624 2539
1625 1721
1625 1725
1626 1633
1626 1634
1626 2224
1626 2227
1626 2679
1626 2681
1627 2224
1627 2227
1629 1725
1629 1734
1630 1725
1630 1734
1631 1677
1631 1694
1631 1726
1631 1735
1631 1747
1631 1749
1632 1677
1632 1694
1632 1726
1632 1730
1632 1735
1632 1747
1632 1749
1633 1706
1633 2534
1633 2537
1634 1653
1634 1659
1634 1706
1635 1721
1635 1725
1636 1662
1636 1663
1637 1653
1637 1659
1638 1644
1638 1646
1638 1726
1638 1730
1638 1735
1639 2534
1639 2537
1640 1674
1640 1891
1641 1726
1641 1730
1641 1735
1642 1726
1642 1730
1642 1735
1643 1662
1643 1663
1644 1645
1644 2214
1644 2219
1645 1646
1645 1647
1645 1650
1645 1651
1645 1653
1645 2214
1645 2219
1647 1649
1648 1674
1648 1891
1649 1650
1649 1651
1649 1653
1650 2048
1650 2052
1652 2679
1654 1713
1654 1716
1655 2053
1655 2054
1656 1713
1656 1716
1657 1726
1657 1735
1657 1925
1657 1940
1658 2679
1660 2053
1660 2054
1662 1925
1662 1940
1663 1726
1663 1735
1665 1716
1665 1721
1665 2013
1665 2018
1665 2199
1665 2202
1665 2225
1665 2229
1665 2230
1665 2231
1665 2234
1665 2235
1666 1716
1666 1721
1666 2013
1666 2018
1666 2225
1666 2229
1667 2679
1668 2199
1668 2202
1668 2230
1668 2231
1668 2234
1668 2235
1669 2679
1670 2175
1670 2212
1670 2220
1671 2175
1671 2212
1671 2220
1672 2613
1672 2614
1673 2613
1673 2614
1674 1858
1674 1860
1677 1709
1677 1710
1677 1711
1677 1715
1677 1853
1677 1856
1677 2363
1678 1709
1678 1710
1678 1711
1678 1715
1678 1853
1678 1856
1679 1726
1679 1730
1680 1688
1680 1714
1680 1720
1680 1727
1680 1732
1680 1738
1680 2024
1680 2029
1680 2155
1680 2156
1680 2158
1681 1688
1681 1689
1681 1690
1681 1691
1681 1727
1681 1728
1681 1729
1681 1732
1681 1738
1681 2024
1681 2029
1681 2128
1681 2135
1681 2146
1681 2152
1682 1690
1682 1691
1682 2128
1682 2135
1682 2146
1682 2152
1683 1688
1683 1690
1683 1691
1683 1696
1683 1698
1683 1719
1683 1727
1683 1728
1683 2005
1683 2006
1683 2012
1683 2017
1683 2032
1683 2036
1683 2043
1683 2046
1684 2034
1684 2035
1684 2046
1684 2047
1685 1965
1685 1966
1685 2020
1685 2022
1685 2046
1685 2047
1685 2116
1685 2117
1685 2194
1685 2196
1686 1742
1686 1745
1687 1730
1687 1736
1688 1698
1688 1700
1688 1701
1689 1698
1689 1699
1689 1705
1689 2014
1689 2015
1689 2046
1689 2047
1689 2162
1689 2163
1689 2165
1690 1699
1690 1700
1690 2026
1690 2046
1690 2047
1690 2162
1690 2163
1691 1699
1691 1700
1691 2026
1692 1997
1692 2112
1693 1858
1693 1860
1695 2046
1695 2047
1696 1700
1696 1701
1696 2046
1696 2047
1698 1700
1698 1701
1698 1727
1698 1728
1698 1729
1699 1720
1699 1728
1699 1729
1700 1719
1700 1727
1700 1728
1700 2012
1700 2017
1700 2032
1700 2036
1701 1719
1701 1727
1701 1728
1701 2005
1701 2006
1701 2032
1701 2036
1701 2043
1701 2046
1701 2150
1701 2155
1702 2679
1702 2681
1703 2150
1703 2155
1704 2121
1704 2126
1705 1720
1705 1729
1706 1707
1706 2224
1706 2227
1706 2679
1706 2681
1708 1713
1708 1716
1712 1926
1713 1716
1713 1726
1713 1730
1713 1731
1713 1732
1714 2036
1716 1726
1716 1730
1716 1731
1716 1732
1717 1892
1717 1893
1718 1926
1720 2014
1720 2015
1720 2036
1722 1723
1722 1725
1722 1726
1722 1730
1722 1731
1722 1733
1722 1734
1722 1735
1722 1736
1722 1739
1722 1741
1722 1742
1722 2114
1722 2115
1723 1726
1723 1730
1723 1731
1723 1735
1723 1736
1723 1892
1723 1893
1724 1727
1724 1733
1725 1730
1725 1735
1725 1736
1725 2627
1725 2635
1726 1730
1726 1733
1726 1735
1726 1736
1726 1739
1726 1741
1726 1742
1726 1745
1726 2036
1726 2164
1726 2167
1727 1732
1729 2014
1729 2015
1729 2046
1729 2047
1729 2163
1729 2165
1730 1731
1730 1734
1730 1735
1730 1736
1730 1737
1730 1741
1730 1742
1730 1745
1730 1746
1730 1748
1730 1750
1730 2036
1730 2166
1731 1735
1731 1736
1731 1741
1731 1742
1731 2114
1731 2115
1732 1733
1732 1743
1732 1744
1733 1853
1733 1856
1734 2627
1734 2635
1735 1736
1735 1737
1735 1741
1735 1742
1735 1745
1735 2164
1735 2167
1736 1737
1736 1741
1736 1742
1736 1745
1736 1746
1736 1748
1736 1750
1736 2166
1737 1741
1737 1742
1737 1745
1737 2166
1737 2167
1738 1743
1738 1744
1738 2166
1738 2167
1739 1743
1739 1744
1739 1853
1739 1856
1740 2166
1740 2167
1742 1749
1745 1749
1751 1755
1751 1799
1751 1806
1751 2099
1751 2105
1751 2107
1751 2110
1751 2126
1751 2128
1751 2733
1751 2736
1752 2732
1752 2736
1752 2737
1753 1846
1753 1867
1754 1846
1754 1867
1754 2741
1754 2742
1755 1771
1755 1797
1755 2109
1755 2111
1755 2741
1755 2742
1756 2109
1756 2111
1757 1770
1757 2743
1758 1770
1758 1814
1758 1820
1758 1935
1758 1947
1758 1952
1758 2743
1759 1814
1759 1820
1760 1925
1760 1940
1761 1918
1761 1925
1761 1940
1761 2128
1761 2135
1762 1918
1762 1925
1762 1940
1763 1918
1763 1925
1763 1940
1764 1918
1764 1925
1764 1940
1765 2123
1765 2129
1765 2142
1765 2145
1766 1854
1766 1859
1767 1854
1767 1859
1768 2123
1768 2129
1769 2076
1769 2085
1769 2729
1769 2732
1770 1814
1770 1820
1770 2076
1770 2085
1770 2296
1770 2591
1770 2594
1770 2727
1770 2729
1770 2732
1771 1779
1774 1800
1774 1807
1775 1837
1775 1838
1775 1852
1776 1811
1776 1815
1776 1998
1776 2102
1776 2103
1776 2112
1776 2732
1776 2736
1776 2737
1777 1787
1777 1791
1777 1998
1777 2112
1778 1814
1778 1815
1778 1820
1779 1797
1780 1935
1780 1947
1780 1952
1780 2179
1780 2180
1781 1811
1781 1815
1781 2102
1781 2103
1782 1794
1782 1802
1782 1815
1782 1816
1783 1814
1783 1815
1783 1820
1784 2179
1784 2180
1785 1787
1785 1791
1785 1799
1785 1806
1785 1925
1785 1940
1786 1794
1786 1802
1787 1796
1787 1799
1787 1806
1787 1997
1787 2102
1787 2106
1787 2112
1788 1796
1788 1799
1788 1826
1788 1828
1788 2102
1788 2103
1789 1810
1789 1812
1790 1826
1790 1828
1790 2102
1790 2103
1792 1796
1792 1799
1792 1806
1792 1997
1792 2102
1792 2106
1792 2112
1793 1810
1793 1812
1795 1799
1795 1806
1796 2102
1796 2103
1798 1845
1798 1874
1798 1938
1798 1951
1799 1809
1799 1819
1799 2102
1799 2103
1800 1813
1801 1815
1801 1816
1802 1815
1802 1816
1802 2732
1802 2737
1803 2123
1803 2129
1804 2732
1804 2737
1805 1811
1805 1815
1805 1829
1805 1834
1805 1845
1805 1874
1805 1938
1805 1951
1805 2230
1805 2233
1806 1809
1806 1819
1807 1813
1809 1811
1809 1815
1809 2142
1809 2145
1810 1829
1810 1834
1810 1893
1810 1914
1810 1956
1810 1957
1810 2125
1810 2127
1810 2131
1810 2132
1810 2186
1810 2188
1810 2230
1810 2233
1810 2586
1810 2589
1811 1817
1811 1821
1811 1895
1811 1960
1811 2030
1811 2031
1811 2727
1811 2729
1812 1893
1812 1914
1812 1956
1812 1957
1812 2125
1812 2127
1812 2131
1812 2132
1812 2186
1812 2188
1812 2586
1812 2589
1813 2722
1813 2723
1814 1849
1814 1892
1814 2051
1814 2178
1814 2732
1814 2737
1814 2743
1815 1817
1815 1821
1815 1895
1815 1960
1815 2030
1815 2031
1815 2099
1815 2727
1815 2729
1816 2099
1818 2722
1818 2723
1819 2065
1819 2069
1819 2142
1819 2145
1820 1849
1820 1892
1820 2051
1820 2178
1820 2732
1820 2737
1820 2743
1823 2065
1823 2069
1823 2123
1823 2129
1823 2133
1823 2141
1825 2133
1825 2141
1826 1925
1826 1940
1828 1925
1828 1937
1828 1940
1828 1945
1830 1854
1830 1859
1830 2124
1830 2127
1831 1911
1831 1920
1832 1937
1832 1945
1833 1911
1833 1920
1833 2124
1833 2127
1835 2123
1835 2129
1836 1857
1836 1861
1837 1857
1837 1861
1837 2688
1838 2688
1839 2697
1839 2703
1840 2277
1840 2280
1841 1889
1841 1890
1841 2610
1841 2614
1841 2628
1841 2636
1842 1889
1842 1890
1842 2610
1842 2614
1842 2628
1842 2636
1843 1889
1843 1890
1843 2179
1843 2180
1843 2190
1843 2191
1843 2620
1843 2628
1843 2632
1843 2637
1844 2179
1844 2180
1844 2190
1844 2191
1846 1847
1846 1848
1846 2186
1846 2195
1847 1868
1847 1872
1847 1873
1847 1874
1847 1876
1847 2116
1847 2117
1847 2182
1847 2183
1847 2646
1847 2651
1848 1868
1848 1872
1848 1873
1848 1874
1848 1876
1848 2116
1848 2117
1848 2182
1848 2183
1848 2646
1848 2651
1849 1875
1849 1885
1849 2186
1849 2188
1849 2619
1849 2633
1849 2660
1849 2663
1850 1854
1850 1859
1851 1857
1851 1861
1851 2701
1851 2707
1852 1856
1852 1861
1852 1935
1852 1953
1852 2688
1853 1892
1853 1893
1853 1935
1853 1953
1853 2004
1853 2037
1853 2040
1853 2051
1853 2101
1853 2122
1853 2123
1853 2697
1853 2703
1854 2182
1855 1856
1855 1861
1855 2701
1855 2707
1856 1892
1856 1893
1856 2004
1856 2037
1856 2040
1856 2051
1856 2101
1856 2122
1856 2123
1856 2129
1856 2138
1859 2182
1861 2129
1861 2138
1862 2198
1862 2201
1863 2198
1863 2201
1864 1869
1864 1871
1864 1878
1864 1879
1865 1869
1865 1871
1865 1878
1865 1879
1865 2436
1865 2439
1866 2436
1866 2439
1874 2186
1874 2195
1874 2559
1875 2187
1877 2559
1878 1992
1878 1997
1878 2001
1878 2100
1878 2112
1879 1992
1879 2001
1879 2100
1880 2564
1880 2572
1881 1997
1881 2112
1882 1997
1882 2112
1883 1889
1883 1890
1883 2620
1883 2628
1883 2632
1883 2637
1884 1889
1884 1890
1885 2187
1885 2564
1885 2572
1886 2248
1886 2251
1887 2248
1887 2251
1888 1889
1888 1890
1889 2629
1889 2636
1890 2629
1890 2636
1892 1893
1892 1898
1892 1914
1892 2013
1892 2018
1892 2038
1892 2046
1892 2047
1892 2050
1892 2051
1892 2216
1892 2229
1893 1898
1893 2013
1893 2018
1893 2038
1893 2046
1893 2047
1893 2050
1893 2051
1893 2216
1893 2229
1893 2732
1893 2737
1894 2120
1894 2126
1894 2136
1894 2139
1895 2120
1895 2126
1895 2211
1895 2212
1896 1913
1896 1929
1896 1956
1896 1957
1896 2027
1896 2030
1896 2031
1896 2041
1896 2045
1896 2055
1897 1913
1897 1929
1897 1956
1897 1957
1897 2027
1897 2030
1897 2031
1897 2041
1897 2045
1897 2055
1898 1947
1898 1957
1898 1959
1899 1934
1899 1939
1900 1934
1900 1939
1900 2089
1900 2093
1901 2079
1901 2082
1901 2083
1901 2086
1901 2089
1902 2303
1902 2304
1902 2308
1906 1956
1906 1957
1906 2133
1906 2141
1906 2728
1906 2731
1907 1929
1907 1942
1907 2133
1907 2141
1907 2294
1907 2295
1907 2429
1907 2717
1907 2719
1907 2728
1907 2731
1908 1941
1908 1950
1909 1941
1909 1950
1910 1922
1910 1933
1910 2382
1910 2388
1910 2390
1910 2397
1910 2465
1910 2471
1911 1922
1911 1933
1911 1946
1911 1961
1911 1963
1911 2300
1911 2303
1911 2304
1911 2305
1911 2308
1911 2314
1911 2317
1912 1923
1912 1924
1912 1928
1912 1938
1912 1955
1912 1962
1912 2079
1912 2082
1912 2083
1912 2086
1912 2089
1914 2051
1914 2136
1914 2139
1914 2615
1914 2617
1914 2732
1914 2737
1915 2120
1915 2126
1915 2136
1915 2139
1916 2027
1916 2030
1916 2031
1917 2022
1917 2028
1917 2030
1917 2031
1918 2136
1918 2139
1918 2615
1918 2617
1920 1922
1920 1928
1920 1933
1920 1941
1920 1946
1920 1955
1920 1961
1920 1962
1920 1963
1920 2300
1920 2305
1920 2314
1920 2317
1921 2121
1921 2128
1922 2364
1922 2373
1922 2482
1923 1924
1923 1928
1923 1933
1923 1938
1923 1941
1923 1946
1923 1955
1923 1962
1923 2082
1923 2083
1924 1933
1924 1946
1924 1991
1924 2088
1924 2303
1924 2304
1924 2305
1924 2308
1925 2092
1925 2095
1925 2118
1925 2121
1925 2126
1925 2127
1925 2128
1925 2131
1925 2135
1925 2136
1925 2139
1925 2679
1926 1940
1926 1945
1928 1991
1928 2088
1928 2089
1928 2093
1928 2303
1928 2304
1928 2305
1928 2308
1929 1930
1929 1943
1929 1964
1930 1942
1930 1956
1930 1957
1930 1961
1930 1963
1930 2094
1930 2096
1930 2420
1930 2427
1930 2697
1930 2703
1931 2022
1931 2028
1931 2030
1931 2031
1931 2299
1931 2302
1931 2304
1931 2705
1931 2707
1931 2712
1931 2739
1933 1938
1933 1951
1933 2364
1933 2373
1933 2482
1934 2010
1934 2016
1934 2089
1934 2093
1934 2094
1934 2096
1934 2228
1934 2230
1937 2121
1937 2128
1938 1946
1938 1947
1938 1957
1938 1959
1938 2089
1938 2093
1938 2322
1938 2323
1938 2328
1939 2010
1939 2016
1939 2089
1939 2093
1939 2094
1939 2096
1939 2228
1939 2230
1940 2092
1940 2095
1940 2116
1940 2117
1940 2118
1940 2121
1940 2126
1940 2127
1940 2128
1940 2131
1940 2135
1940 2615
1940 2617
1940 2679
1941 1991
1941 2088
1942 1943
1942 1964
1943 1956
1943 1957
1943 1961
1943 1963
1943 2094
1943 2096
1943 2212
1943 2220
1943 2299
1943 2302
1943 2304
1943 2420
1943 2427
1943 2549
1943 2576
1943 2697
1943 2703
1943 2705
1943 2707
1943 2712
1943 2739
1944 2212
1944 2220
1944 2299
1944 2302
1944 2304
1944 2549
1944 2576
1944 2705
1944 2707
1944 2712
1944 2730
1944 2735
1944 2739
1945 2116
1945 2117
1945 2121
1945 2128
1945 2534
1945 2537
1945 2679
1946 1951
1947 1951
1947 2038
1947 2204
1947 2208
1947 2299
1947 2304
1947 2710
1947 2713
1947 2724
1947 2725
1951 1957
1951 1959
1951 2322
1951 2323
1951 2328
1954 2534
1954 2537
1954 2679
1956 1971
1956 2000
1956 2007
1956 2008
1956 2021
1956 2534
1956 2535
1956 2536
1956 2537
1956 2707
1956 2712
1956 2730
1956 2735
1957 1971
1957 2000
1957 2007
1957 2008
1957 2021
1957 2038
1957 2204
1957 2208
1957 2299
1957 2304
1957 2534
1957 2535
1957 2536
1957 2537
1957 2707
1957 2710
1957 2712
1957 2713
1957 2724
1957 2725
1958 2121
1958 2128
1959 2038
1959 2204
1959 2208
1960 2211
1960 2212
1964 2294
1964 2295
1964 2429
1964 2717
1964 2719
1965 2015
1965 2530
1965 2531
1965 2536
1965 2537
1966 1984
1966 2015
1966 2530
1966 2531
1966 2536
1966 2537
1968 2065
1968 2069
1968 2303
1968 2304
1969 1984
1970 2065
1970 2069
1970 2303
1970 2304
1971 2133
1971 2141
1971 2728
1971 2731
1973 1978
1973 1983
1973 2281
1973 2282
1974 2592
1974 2598
1975 1978
1975 1983
1975 2281
1975 2282
1977 2592
1977 2598
1979 1984
1979 2596
1979 2598
1980 2521
1981 1989
1981 1990
1982 1984
1984 1987
1984 2596
1984 2598
1985 2521
1986 1989
1986 1990
1992 2132
1992 2148
1992 2298
1992 2307
1993 2092
1993 2095
1993 2132
1993 2148
1993 2298
1993 2307
1994 2065
1994 2069
1994 2201
1994 2218
1994 2221
1995 2216
1995 2229
1996 2019
1996 2020
1997 2019
1997 2020
1997 2022
1997 2025
1997 2076
1997 2085
1997 2104
1997 2106
1997 2134
1997 2189
1997 2190
1997 2234
1997 2238
1998 2012
1998 2017
1998 2076
1998 2085
1999 2663
1999 2667
2002 2027
2002 2030
2002 2092
2002 2095
2005 2102
2005 2103
2005 2230
2005 2233
2006 2102
2006 2103
2006 2663
2006 2667
2008 2034
2008 2035
2009 2216
2009 2229
2011 2027
2011 2030
2012 2022
2012 2025
2012 2027
2012 2030
2012 2031
2012 2034
2012 2035
2012 2112
2013 2014
2013 2015
2013 2022
2013 2025
2013 2089
2013 2093
2014 2018
2014 2033
2014 2034
2014 2035
2014 2042
2014 2043
2014 2046
2014 2089
2014 2093
2014 2108
2014 2109
2014 2111
2014 2230
2014 2234
2015 2018
2015 2020
2015 2022
2015 2033
2015 2034
2015 2035
2015 2042
2015 2043
2015 2046
2015 2108
2015 2109
2015 2111
2015 2116
2015 2117
2015 2194
2015 2196
2015 2230
2015 2234
2017 2022
2017 2025
2017 2027
2017 2030
2017 2031
2017 2034
2017 2035
2017 2037
2017 2112
2018 2022
2018 2025
2018 2035
2018 2037
2022 2112
2023 2089
2023 2093
2025 2112
2026 2201
2026 2221
2029 2201
2029 2221
2030 2049
2030 2051
2030 2297
2030 2300
2031 2049
2031 2051
2031 2297
2031 2300
2032 2121
2032 2126
2032 2201
2032 2221
2036 2155
2036 2156
2036 2158
2037 2146
2037 2152
2037 2168
2037 2169
2037 2237
2037 2238
2039 2050
2039 2051
2040 2146
2040 2152
2040 2168
2040 2169
2040 2237
2040 2238
2042 2050
2042 2051
2045 2124
2045 2127
2046 2152
2046 2236
2046 2239
2047 2152
2047 2236
2047 2239
2053 2238
2053 2242
2054 2124
2054 2127
2054 2238
2054 2242
2054 2363
2056 2062
2056 2067
2056 2342
2056 2344
2056 2367
2056 2368
2056 2369
2056 2376
2056 2380
2056 2394
2056 2395
2057 2367
2057 2368
2057 2369
2057 2376
2058 2059
2058 2402
2059 2402
2060 2080
2060 2084
2060 2091
2060 2092
2060 2379
2060 2391
2061 2065
2061 2069
2061 2089
2061 2093
2061 2734
2061 2738
2062 2368
2063 2368
2063 2369
2064 2317
2064 2318
2065 2072
2065 2076
2065 2085
2065 2100
2065 2365
2066 2303
2066 2304
2066 2308
2067 2368
2068 2368
2068 2369
2069 2072
2069 2076
2069 2080
2069 2084
2069 2085
2069 2091
2069 2092
2069 2100
2069 2365
2070 2317
2070 2318
2070 2384
2070 2402
2071 2384
2071 2402
2072 2303
2072 2304
2072 2308
2073 2368
2073 2369
2074 2317
2074 2318
2075 2078
2075 2092
2075 2095
2075 2212
2075 2220
2076 2112
2077 2317
2077 2318
2078 2080
2078 2084
2078 2091
2078 2092
2078 2212
2078 2220
2078 2641
2078 2642
2080 2092
2080 2095
2080 2366
2081 2641
2081 2642
2084 2092
2084 2095
2084 2366
2085 2112
2085 2564
2085 2572
2089 2365
2090 2564
2090 2572
2091 2366
2092 2320
2092 2325
2092 2366
2092 2374
2092 2379
2092 2391
2093 2365
2094 2653
2094 2656
2095 2320
2095 2325
2095 2374
2095 2379
2095 2391
2096 2653
2096 2656
2097 2623
2097 2624
2098 2623
2098 2624
2100 2201
2100 2218
2100 2221
2102 2189
2102 2190
2104 2112
2105 2207
2105 2222
2106 2112
2106 2189
2106 2190
2110 2207
2110 2222
2112 2134
2112 2189
2112 2190
2112 2234
2112 2238
2113 2230
2113 2233
2116 2117
2116 2127
2116 2131
2116 2136
2116 2142
2116 2143
2116 2157
2116 2161
2117 2127
2117 2131
2117 2136
2117 2142
2117 2143
2117 2157
2117 2161
2119 2123
2119 2129
2119 2142
2119 2145
2120 2128
2120 2135
2121 2126
2121 2128
2121 2201
2121 2221
2122 2127
2122 2131
2122 2203
2122 2213
2123 2127
2123 2131
2123 2203
2123 2213
2124 2133
2124 2141
2126 2128
2126 2201
2126 2221
2127 2133
2127 2141
2127 2145
2127 2150
2128 2201
2128 2221
2131 2133
2131 2137
2131 2141
2131 2142
2131 2145
2131 2150
2135 2159
2135 2160
2135 2218
2135 2221
2136 2137
2136 2142
2136 2145
2136 2150
2136 2151
2137 2139
2139 2142
2139 2149
2139 2150
2139 2151
2139 2153
2140 2145
2140 2150
2140 2689
2140 2690
2144 2149
2144 2153
2145 2148
2145 2150
2145 2155
2147 2159
2147 2160
2147 2218
2147 2221
2148 2150
2148 2689
2148 2690
2150 2155
2159 2162
2159 2163
2160 2162
2160 2163
2164 2218
2164 2221
2167 2218
2167 2221
2172 2660
2172 2663
2173 2660
2173 2663
2174 2175
2174 2189
2174 2190
2174 2212
2174 2220
2174 2670
2174 2671
2175 2657
2175 2658
2175 2663
2175 2665
2175 2666
2175 2667
2175 2670
2175 2671
2176 2181
2176 2185
2177 2186
2177 2195
2178 2619
2178 2633
2179 2206
2179 2224
2180 2212
2180 2220
2181 2603
2181 2607
2181 2655
2184 2206
2184 2224
2185 2603
2185 2607
2185 2655
2186 2187
2186 2188
2186 2195
2186 2281
2186 2282
2186 2626
2186 2631
2187 2188
2187 2615
2187 2616
2187 2633
2187 2660
2187 2663
2188 2195
2188 2281
2188 2282
2188 2626
2188 2631
2189 2205
2189 2206
2189 2214
2189 2215
2189 2219
2189 2224
2189 2225
2189 2616
2189 2617
2189 2665
2190 2205
2190 2214
2190 2215
2190 2219
2190 2225
2190 2548
2190 2582
2190 2616
2190 2617
2190 2665
2191 2212
2191 2220
2191 2548
2191 2582
2192 2615
2192 2616
2192 2633
2194 2214
2194 2219
2197 2215
2197 2216
2197 2619
2197 2628
2197 2636
2199 2633
2200 2215
2200 2216
2200 2619
2200 2628
2200 2636
2202 2633
2209 2374
2209 2383
2210 2309
2210 2311
2210 2619
2210 2620
2210 2628
2210 2641
2210 2650
2211 2309
2211 2311
2211 2619
2211 2620
2211 2628
2212 2550
2212 2551
2212 2620
2212 2628
2212 2641
2212 2650
2212 2657
2212 2658
2212 2663
2212 2665
2212 2666
2212 2667
2212 2670
2212 2671
2214 2223
2214 2229
2214 2300
2214 2305
2214 2644
2216 2240
2216 2241
2217 2223
2217 2226
2217 2374
2217 2383
2217 2619
2217 2641
2217 2650
2219 2223
2219 2229
2219 2300
2219 2305
2219 2644
2220 2550
2220 2551
2220 2620
2220 2628
2220 2641
2220 2650
2220 2657
2220 2658
2220 2663
2220 2665
2220 2666
2220 2667
2220 2670
2220 2671
2223 2224
2223 2226
2223 2229
2223 2232
2223 2240
2223 2241
2223 2675
2223 2677
2224 2226
2224 2374
2224 2383
2224 2641
2224 2650
2226 2229
2226 2619
2226 2675
2226 2677
2227 2670
2227 2671
2229 2232
2229 2240
2229 2241
2229 2682
2230 2374
2230 2379
2230 2391
2232 2682
2233 2374
2233 2379
2233 2391
2243 2245
2243 2246
2244 2245
2244 2246
2247 2249
2247 2252
2249 2254
2249 2260
2249 2262
2250 2265
2250 2268
2251 2265
2251 2268
2252 2254
2252 2260
2252 2262
2253 2268
2253 2272
2253 2273
2253 2275
2254 2272
2254 2275
2255 2258
2255 2261
2256 2258
2256 2261
2257 2268
2257 2273
2259 2272
2259 2275
2263 2278
2263 2279
2264 2554
2264 2555
2266 2278
2266 2279
2267 2554
2267 2555
2270 2714
2270 2716
2274 2714
2274 2716
2277 2683
2280 2683
2281 2299
2281 2301
2281 2303
2281 2304
2282 2299
2282 2301
2282 2303
2282 2304
2283 2564
2283 2572
2284 2564
2284 2572
2285 2594
2285 2597
2286 2594
2286 2597
2289 2333
2289 2336
2290 2333
2290 2336
2291 2350
2291 2351
2291 2480
2291 2483
2292 2350
2292 2351
2292 2448
2292 2454
2292 2480
2292 2483
2293 2448
2293 2454
2294 2329
2294 2330
2294 2332
2294 2374
2294 2375
2294 2379
2294 2383
2294 2384
2294 2385
2294 2387
2294 2391
2294 2402
2294 2405
2294 2410
2295 2329
2295 2330
2295 2332
2295 2374
2295 2379
2295 2383
2295 2384
2295 2387
2295 2391
2295 2405
2296 2310
2296 2313
2296 2743
2297 2552
2297 2618
2299 2310
2299 2313
2300 2393
2300 2406
2300 2552
2300 2618
2301 2310
2301 2313
2303 2304
2303 2308
2303 2393
2303 2394
2303 2407
2303 2413
2303 2422
2303 2432
2303 2437
2303 2480
2303 2483
2304 2308
2304 2393
2304 2394
2304 2407
2305 2393
2305 2406
2305 2413
2305 2422
2305 2480
2305 2483
2306 2310
2306 2313
2308 2321
2308 2327
2308 2335
2308 2337
2308 2413
2308 2422
2308 2432
2308 2437
2308 2480
2308 2483
2308 2552
2308 2618
2309 2321
2309 2327
2309 2335
2309 2337
2309 2552
2309 2618
2311 2335
2311 2337
2312 2458
2312 2459
2315 2374
2315 2379
2316 2374
2316 2379
2317 2338
2317 2339
2317 2340
2317 2341
2317 2345
2317 2426
2317 2431
2317 2526
2318 2338
2318 2339
2318 2340
2318 2341
2318 2345
2318 2426
2318 2431
2318 2526
2322 2458
2322 2459
2329 2374
2329 2379
2332 2374
2332 2379
2342 2368
2343 2345
2343 2347
2343 2349
2343 2364
2343 2373
2343 2733
2343 2736
2344 2368
2345 2347
2345 2349
2345 2733
2345 2736
2346 2364
2346 2373
2347 2394
2347 2395
2348 2386
2348 2400
2349 2394
2349 2395
2350 2386
2350 2400
2351 2386
2351 2400
2352 2354
2352 2465
2353 2356
2353 2377
2353 2382
2353 2386
2353 2390
2353 2394
2353 2401
2353 2407
2354 2466
2356 2382
2356 2398
2356 2409
2358 2444
2358 2447
2359 2444
2359 2447
2359 2724
2359 2725
2360 2724
2360 2725
2361 2476
2361 2484
2362 2474
2362 2479
2364 2377
2364 2386
2364 2420
2364 2427
2365 2734
2365 2738
2366 2379
2366 2391
2367 2392
2367 2406
2368 2369
2368 2380
2368 2389
2368 2394
2368 2395
2368 2399
2368 2420
2368 2427
2369 2389
2369 2399
2369 2409
2369 2412
2369 2416
2369 2420
2369 2427
2370 2409
2370 2412
2370 2416
2371 2377
2371 2386
2372 2377
2372 2386
2373 2377
2373 2386
2373 2420
2373 2427
2374 2379
2374 2429
2375 2392
2375 2406
2375 2429
2377 2382
2377 2386
2377 2390
2377 2397
2377 2398
2377 2403
2377 2409
2377 2415
2377 2420
2377 2423
2377 2424
2377 2427
2378 2389
2378 2399
2379 2429
2380 2403
2380 2408
2380 2412
2380 2415
2380 2416
2380 2426
2380 2431
2381 2393
2381 2394
2381 2407
2381 2412
2381 2415
2382 2386
2382 2389
2382 2390
2382 2394
2382 2399
2382 2401
2382 2407
2382 2419
2382 2427
2382 2482
2385 2429
2386 2390
2386 2397
2386 2398
2386 2403
2386 2409
2386 2415
2386 2420
2386 2423
2386 2424
2386 2427
2387 2429
2388 2389
2388 2396
2388 2397
2388 2398
2388 2403
2388 2404
2388 2409
2388 2412
2388 2413
2388 2414
2388 2415
2388 2482
2388 2733
2388 2736
2389 2397
2389 2398
2389 2412
2389 2415
2389 2416
2389 2419
2389 2427
2390 2394
2390 2407
2390 2419
2390 2427
2390 2482
2391 2429
2392 2393
2392 2394
2392 2407
2393 2400
2393 2406
2393 2428
2393 2434
2393 2438
2393 2443
2394 2400
2394 2406
2394 2438
2394 2443
2394 2534
2394 2537
2395 2403
2395 2408
2395 2412
2395 2415
2395 2416
2395 2426
2395 2431
2396 2397
2396 2398
2396 2403
2396 2409
2396 2412
2396 2413
2396 2414
2396 2415
2396 2733
2396 2736
2397 2398
2397 2404
2397 2413
2397 2414
2397 2420
2397 2427
2397 2482
2398 2409
2398 2412
2398 2415
2398 2416
2398 2420
2398 2427
2399 2412
2399 2413
2399 2416
2399 2419
2399 2422
2399 2427
2400 2407
2400 2412
2400 2415
2402 2429
2403 2415
2403 2423
2404 2412
2404 2413
2404 2415
2404 2416
2404 2422
2405 2429
2406 2407
2407 2428
2407 2434
2407 2438
2407 2443
2407 2534
2407 2537
2408 2415
2408 2423
2408 2426
2408 2431
2409 2412
2409 2413
2409 2414
2409 2416
2409 2420
2410 2429
2411 2430
2411 2433
2412 2415
2412 2417
2412 2421
2412 2423
2413 2415
2413 2424
2413 2426
2413 2431
2413 2436
2413 2439
2414 2415
2414 2423
2414 2426
2414 2431
2415 2416
2415 2417
2415 2421
2415 2422
2415 2423
2416 2423
2417 2418
2417 2428
2418 2425
2418 2438
2418 2443
2422 2423
2422 2424
2422 2426
2422 2431
2422 2436
2422 2439
2424 2426
2424 2431
2425 2428
2426 2431
2426 2513
2426 2514
2427 2513
2427 2514
2428 2438
2428 2443
2430 2433
2431 2450
2431 2453
2435 2450
2435 2453
2439 2445
2439 2446
2440 2441
2440 2446
2441 2442
2442 2445
2442 2446
2444 2449
2444 2450
2444 2451
2444 2453
2444 2455
2444 2458
2444 2563
2444 2568
2445 2446
2445 2452
2445 2457
2445 2470
2445 2475
2446 2452
2446 2457
2446 2470
2446 2475
2447 2449
2447 2450
2447 2451
2447 2453
2447 2455
2447 2458
2447 2563
2447 2568
2449 2708
2449 2714
2450 2471
2450 2475
2451 2528
2451 2529
2452 2468
2452 2469
2453 2471
2453 2475
2455 2708
2455 2714
2456 2528
2456 2529
2457 2468
2457 2469
2462 2476
2462 2484
2463 2474
2463 2476
2463 2479
2463 2484
2465 2466
2465 2469
2465 2477
2465 2482
2467 2476
2467 2484
2468 2476
2468 2484
2469 2471
2469 2476
2469 2484
2469 2495
2469 2498
2470 2725
2470 2726
2471 2477
2471 2482
2472 2708
2472 2714
2473 2476
2473 2484
2475 2725
2475 2726
2476 2495
2476 2498
2476 2708
2476 2714
2477 2495
2477 2498
2480 2486
2480 2494
2483 2486
2483 2494
2483 2714
2483 2716
2484 2495
2484 2498
2484 2708
2484 2714
2485 2487
2485 2489
2485 2490
2485 2493
2487 2491
2489 2491
2490 2491
2491 2493
2492 2714
2492 2716
2495 2499
2495 2500
2495 2505
2495 2506
2496 2499
2496 2500
2496 2505
2496 2506
2498 2499
2498 2505
2499 2501
2499 2507
2499 2508
2500 2502
2500 2503
2500 2504
2500 2510
2500 2511
2500 2516
2501 2505
2502 2506
2503 2506
2504 2506
2505 2507
2505 2508
2505 2510
2505 2511
2506 2510
2506 2511
2506 2516
2507 2509
2507 2512
2509 2510
2510 2512
2519 2522
2519 2523
2520 2522
2520 2523
2532 2533
2534 2540
2534 2541
2537 2540
2537 2541
2538 2633
2539 2633
2543 2620
2543 2628
2544 2545
2544 2548
2544 2582
2544 2609
2545 2609
2546 2621
2546 2622
2547 2613
2547 2614
2547 2652
2547 2654
2548 2613
2550 2552
2550 2618
2551 2552
2551 2618
2552 2562
2552 2567
2553 2594
2553 2597
2556 2594
2556 2597
2561 2577
2561 2580
2562 2618
2565 2566
2565 2571
2565 2574
2565 2577
2565 2578
2565 2580
2566 2571
2566 2574
2566 2578
2567 2618
2571 2574
2571 2578
2579 2599
2579 2602
2582 2613
2583 2599
2583 2601
2583 2602
2583 2606
2584 2599
2584 2601
2584 2602
2584 2606
2588 2603
2588 2604
2589 2603
2589 2604
2591 2603
2591 2604
2591 2743
2592 2608
2592 2611
2594 2597
2594 2603
2594 2604
2594 2743
2597 2603
2597 2604
2598 2608
2598 2611
2599 2623
2599 2624
2601 2623
2601 2624
2602 2623
2602 2624
2602 2627
2602 2635
2606 2627
2606 2635
2612 2616
2612 2617
2613 2623
2614 2616
2614 2617
2614 2623
2615 2619
2616 2619
2617 2619
2619 2623
2619 2624
2619 2638
2620 2625
2621 2623
2621 2624
2621 2645
2621 2648
2622 2623
2622 2624
2623 2639
2623 2643
2623 2646
2623 2651
2623 2652
2623 2654
2624 2639
2624 2643
2624 2646
2624 2651
2624 2652
2624 2654
2625 2628
2630 2645
2630 2648
2633 2638
2633 2646
2633 2651
2638 2646
2638 2651
2640 2647
2640 2649
2640 2653
2641 2657
2641 2659
2644 2647
2644 2649
2644 2653
2644 2654
2644 2656
2644 2662
2644 2663
2644 2664
2644 2666
2644 2668
2644 2669
2644 2672
2644 2673
2644 2674
2650 2657
2650 2659
2659 2663
2659 2666
2663 2666
2664 2676
2665 2670
2665 2671
2669 2676
2678 2732
2678 2736
2678 2737
2680 2732
2680 2736
2680 2737
2686 2692
2686 2698
2686 2718
2686 2720
2691 2693
2691 2696
2692 2707
2692 2712
2692 2715
2693 2697
2693 2709
2693 2711
2696 2697
2697 2705
2697 2712
2698 2715
2700 2709
2700 2711
2701 2707
2702 2705
2702 2707
2702 2712
2714 2719
2714 2721
2715 2718
2715 2720
2716 2719
2716 2721
2727 2729
2727 2743
2729 2743
