0 217
0 218
0 559
0 560
0 2026
0 2040
1 10
1 29
1 30
1 165
1 168
2 389
2 673
2 674
3 126
3 132
3 1389
3 1392
4 44
4 53
4 1243
4 1249
5 309
5 310
5 311
5 331
5 712
5 716
5 720
5 847
5 852
5 958
5 959
5 965
5 974
5 977
5 1072
5 1075
6 1040
6 1041
6 1560
7 18
7 19
8 152
8 554
8 588
8 593
8 604
8 605
8 612
8 706
9 146
9 149
9 152
9 165
9 168
9 588
9 593
9 604
9 605
9 612
9 641
9 647
9 657
10 29
10 34
10 36
10 151
10 152
10 153
10 154
10 155
10 156
10 165
10 168
10 171
10 173
10 176
10 179
10 183
10 184
10 187
10 221
10 482
10 483
10 546
10 581
10 595
10 605
10 611
10 612
10 627
10 635
10 1675
10 1676
10 1677
10 1678
10 1705
10 1710
10 1715
10 1716
10 1718
10 1723
10 1868
10 1869
10 2302
10 2309
10 2310
10 2315
10 2319
11 12
11 30
11 34
11 36
11 139
11 141
11 143
11 150
11 152
11 155
11 156
11 179
11 183
11 612
11 630
11 1611
11 1631
11 1677
11 1678
11 1689
11 1697
11 1702
11 1706
11 1707
11 1712
11 1715
11 1718
11 1722
11 1727
11 1837
11 1844
11 2024
11 2033
12 1722
12 1727
13 36
13 40
13 250
13 251
13 1752
13 1753
13 1754
13 1770
13 1779
13 2441
13 2443
14 50
14 56
15 16
15 32
16 128
17 559
17 560
18 33
18 106
18 107
19 33
19 106
19 107
19 1368
19 1374
20 29
20 34
20 1034
20 1036
21 55
21 60
22 1315
22 1316
23 1315
23 1316
24 35
24 38
24 39
24 42
24 570
24 571
24 672
24 682
24 1145
24 1146
24 1229
24 1230
24 1595
24 1597
25 35
25 38
25 39
25 42
25 570
25 571
25 672
25 682
25 1145
25 1146
25 1229
25 1230
25 1595
25 1597
26 1300
26 1302
26 1303
27 1300
27 1302
27 1303
28 146
28 454
28 461
28 554
28 585
28 591
28 609
28 622
28 657
28 706
28 1550
28 1551
28 1667
28 1668
29 30
29 34
29 35
29 36
29 39
29 43
29 57
29 144
29 151
29 152
29 153
29 154
29 163
29 165
29 168
29 221
29 237
29 297
29 300
29 546
29 581
29 582
29 588
29 593
29 595
29 596
29 598
29 600
29 603
29 604
29 612
29 620
29 626
29 627
29 632
29 635
29 637
29 639
29 641
29 647
29 649
29 657
29 658
29 842
29 843
29 846
29 858
29 867
29 883
29 887
29 888
29 892
29 1314
29 1317
29 1565
29 1665
29 1666
29 1675
29 1676
29 1684
29 1690
29 1698
29 1742
29 1752
29 1763
29 1811
29 1812
29 1859
29 1868
29 1869
29 1900
29 1901
29 1902
29 1924
29 2036
29 2059
29 2066
29 2067
29 2068
29 2073
29 2076
29 2091
29 2185
29 2189
30 34
30 36
30 132
30 134
30 138
30 139
30 141
30 143
30 150
30 151
30 152
30 153
30 154
30 155
30 156
30 165
30 168
30 171
30 173
30 176
30 179
30 183
30 184
30 187
30 221
30 327
30 328
30 334
30 482
30 483
30 546
30 605
30 611
30 612
30 630
30 1611
30 1631
30 1669
30 1670
30 1677
30 1678
30 1689
30 1690
30 1697
30 1702
30 1705
30 1707
30 1710
30 1715
30 1716
30 1718
30 1723
30 1771
30 1779
30 1837
30 1844
30 1860
30 1865
30 1868
30 1869
30 1881
30 1882
30 2024
30 2033
30 2060
30 2067
30 2302
30 2309
30 2310
30 2315
30 2319
30 2377
30 2379
30 2381
30 2738
30 2739
31 139
31 141
31 143
31 150
31 152
31 179
31 183
31 612
31 630
31 1611
31 1631
31 1689
31 1697
31 1702
31 1706
31 1707
31 1712
31 1715
31 1718
31 1837
31 1844
31 1881
31 1882
31 2377
31 2379
31 2381
32 128
34 35
34 36
34 39
34 43
34 57
34 122
34 128
34 144
34 150
34 151
34 152
34 153
34 156
34 163
34 165
34 168
34 173
34 237
34 279
34 282
34 297
34 300
34 429
34 446
34 498
34 529
34 530
34 546
34 582
34 586
34 588
34 592
34 593
34 596
34 597
34 598
34 600
34 603
34 604
34 605
34 607
34 611
34 612
34 614
34 616
34 620
34 621
34 626
34 629
34 630
34 632
34 634
34 637
34 639
34 641
34 647
34 649
34 650
34 653
34 657
34 658
34 842
34 843
34 846
34 858
34 867
34 883
34 887
34 888
34 892
34 958
34 965
34 969
34 1002
34 1072
34 1075
34 1309
34 1311
34 1312
34 1313
34 1314
34 1317
34 1535
34 1539
34 1565
34 1576
34 1597
34 1665
34 1666
34 1671
34 1672
34 1673
34 1684
34 1687
34 1690
34 1692
34 1694
34 1698
34 1742
34 1752
34 1763
34 1811
34 1812
34 1821
34 1823
34 1859
34 1868
34 1879
34 1880
34 1900
34 1901
34 1902
34 1924
34 1995
34 1996
34 2023
34 2026
34 2036
34 2040
34 2045
34 2050
34 2051
34 2053
34 2056
34 2057
34 2059
34 2060
34 2061
34 2064
34 2066
34 2067
34 2068
34 2073
34 2076
34 2077
34 2087
34 2088
34 2090
34 2091
34 2093
34 2105
34 2185
34 2189
34 2195
34 2197
34 2200
34 2201
34 2255
34 2293
34 2297
34 2315
34 2427
34 2447
34 2738
34 2739
35 36
35 38
35 39
35 42
35 122
35 128
35 144
35 163
35 232
35 313
35 454
35 461
35 498
35 529
35 530
35 585
35 586
35 591
35 592
35 597
35 603
35 607
35 609
35 622
35 629
35 631
35 632
35 634
35 636
35 638
35 640
35 642
35 645
35 648
35 650
35 653
35 656
35 965
35 969
35 1002
35 1535
35 1539
35 1550
35 1551
35 1601
35 1602
35 1666
35 1667
35 1668
35 1952
35 1953
35 1995
35 2001
35 2002
35 2023
35 2040
35 2045
35 2052
35 2056
35 2068
35 2075
35 2076
35 2083
35 2091
35 2176
35 2201
35 2442
35 2443
35 2452
35 2459
35 2461
36 39
36 113
36 132
36 134
36 138
36 150
36 151
36 152
36 153
36 156
36 173
36 279
36 282
36 327
36 328
36 334
36 582
36 596
36 605
36 611
36 612
36 614
36 616
36 621
36 630
36 842
36 843
36 846
36 958
36 965
36 1072
36 1075
36 1309
36 1311
36 1312
36 1313
36 1576
36 1597
36 1665
36 1666
36 1669
36 1670
36 1671
36 1672
36 1673
36 1687
36 1690
36 1692
36 1694
36 1742
36 1763
36 1771
36 1779
36 1811
36 1812
36 1821
36 1823
36 1860
36 1865
36 1879
36 1880
36 1900
36 1924
36 1996
36 2026
36 2040
36 2050
36 2051
36 2053
36 2057
36 2060
36 2061
36 2064
36 2067
36 2068
36 2073
36 2076
36 2077
36 2087
36 2088
36 2090
36 2091
36 2093
36 2105
36 2195
36 2197
36 2255
36 2293
36 2297
36 2315
36 2738
36 2739
37 110
37 118
38 39
38 567
38 568
38 585
38 591
38 603
38 631
38 632
38 634
38 636
38 638
38 640
38 645
38 2119
38 2133
38 2442
38 2443
39 42
39 43
39 52
39 58
39 144
39 163
39 232
39 313
39 429
39 446
39 450
39 456
39 498
39 609
39 614
39 621
39 622
39 626
39 629
39 634
39 636
39 642
39 648
39 653
39 656
39 965
39 969
39 1002
39 1088
39 1092
39 1601
39 1602
39 1952
39 1953
39 1995
39 2001
39 2002
39 2040
39 2049
39 2052
39 2058
39 2070
39 2075
39 2083
39 2105
39 2176
39 2200
39 2255
39 2427
39 2447
39 2452
39 2459
39 2461
39 2806
39 2808
40 113
41 110
41 118
42 45
42 567
42 568
42 624
42 625
42 634
42 636
42 1675
42 1676
42 2034
42 2044
42 2055
42 2119
42 2133
43 52
43 58
43 429
43 446
43 450
43 456
43 614
43 621
43 626
43 915
43 976
43 1088
43 1092
43 1182
43 1190
43 1198
43 2058
43 2070
43 2806
43 2808
44 763
45 49
45 624
45 625
45 1057
45 1058
45 1138
45 1144
45 1145
45 1182
45 1190
45 1191
45 1198
45 1201
45 1244
45 1589
45 1591
45 1593
45 1675
45 1676
45 2001
45 2011
45 2012
45 2020
45 2034
45 2039
45 2044
45 2045
45 2049
45 2052
45 2055
45 2062
45 2063
45 2105
45 2255
45 2482
45 2483
45 2484
45 2509
45 2515
45 2564
45 2567
45 2568
45 2572
45 2578
45 2584
45 2585
45 2586
45 2589
46 106
46 107
46 1034
46 1036
46 1368
46 1374
47 567
47 568
48 1182
48 1190
48 1198
49 567
49 568
49 624
49 625
49 1138
49 1244
49 2011
49 2012
49 2483
49 2484
49 2485
49 2509
49 2515
49 2527
49 2554
49 2556
49 2568
49 2584
49 2585
49 2586
49 2589
49 2595
49 2596
49 2607
49 2608
50 123
50 915
50 976
51 378
51 380
51 381
51 2692
51 2693
52 678
52 679
53 161
53 302
53 601
53 613
53 763
53 1034
53 1036
53 1512
53 1540
53 1546
54 378
54 380
54 381
54 2692
54 2693
55 601
55 613
55 624
55 625
55 1035
55 1037
55 1284
55 1378
55 1384
56 123
57 120
57 124
57 161
57 302
57 1034
57 1036
57 1365
57 1373
57 1378
57 1382
57 1512
57 1540
57 1546
58 678
58 679
59 648
59 651
59 1047
59 1062
60 120
60 124
60 161
60 302
60 601
60 613
60 624
60 625
60 1035
60 1037
60 1284
60 1365
60 1373
60 1378
60 1382
60 1384
61 648
61 651
61 1047
61 1062
62 120
62 124
63 135
63 137
63 141
64 1287
64 1289
65 135
65 137
65 141
65 1287
65 1289
65 1369
65 1372
66 624
66 625
66 1369
66 1372
67 1285
67 1286
67 1300
67 1303
68 624
68 625
68 1300
68 1303
69 1143
69 1144
69 1149
69 1220
69 1242
69 1243
69 1247
69 1285
69 1286
70 1143
70 1144
70 1149
70 1220
70 1242
70 1243
70 1247
71 561
71 661
72 163
72 170
73 75
73 76
73 93
73 94
73 100
73 104
73 147
73 183
73 187
73 217
73 652
73 1718
73 1721
74 288
74 290
75 92
75 97
75 204
75 288
75 290
76 204
77 126
77 132
77 1389
77 1392
78 1389
78 1392
79 121
79 126
79 127
79 132
79 133
79 134
79 135
79 138
79 1323
79 1370
79 1376
79 1377
79 1411
80 121
80 126
80 127
80 132
80 133
80 134
80 135
80 138
80 1323
80 1370
80 1376
80 1377
80 1411
81 82
81 133
81 135
81 139
81 140
81 141
81 143
81 1362
81 1365
81 1366
81 1373
81 1625
81 2410
81 2414
81 2663
81 2678
81 2679
81 2684
81 2685
81 2695
81 2697
81 2761
81 2766
82 133
82 135
82 1332
82 1341
82 1362
82 1365
82 1366
82 1373
82 2410
82 2414
82 2678
82 2679
82 2684
82 2695
82 2697
82 2761
82 2766
83 93
83 94
83 147
83 183
83 187
83 652
83 1718
83 1721
84 122
84 125
85 638
85 643
86 122
86 125
86 638
86 643
87 638
87 643
88 122
88 125
89 126
89 132
89 135
89 139
89 141
89 149
89 647
89 1376
89 1377
90 122
90 125
90 126
90 132
91 152
91 211
91 212
91 214
91 215
91 612
92 152
92 204
92 207
92 210
92 212
92 214
92 215
92 612
93 106
93 107
93 135
93 139
93 149
93 647
93 1376
93 1377
94 106
94 107
94 135
94 139
94 141
94 1376
94 1377
95 125
95 126
95 212
95 214
95 215
96 149
96 641
96 647
97 125
97 126
97 152
97 204
97 207
97 210
97 211
97 212
97 214
97 215
97 612
98 106
98 107
99 175
99 178
99 189
99 191
99 198
99 202
100 204
100 588
100 593
100 604
101 127
101 129
101 293
101 298
102 175
102 178
102 182
102 183
102 189
102 191
102 198
102 202
103 130
103 136
103 293
103 298
104 182
104 183
104 201
104 202
104 204
104 588
104 593
104 604
104 1316
104 1317
105 111
105 114
105 993
105 1338
106 1365
106 1373
106 1400
106 1402
107 135
107 141
107 1365
107 1373
107 1400
107 1402
108 127
108 129
109 111
109 114
109 201
109 202
109 1316
109 1317
109 1319
110 121
110 127
110 135
110 141
111 114
111 122
111 125
111 993
111 1338
112 130
112 136
112 212
112 214
112 215
113 119
113 123
113 234
113 250
113 251
113 262
113 263
113 264
113 270
113 279
113 282
113 358
113 361
113 627
113 635
113 984
113 987
113 1509
113 1752
113 1753
113 1754
113 1770
113 1771
113 1775
113 1778
113 1779
113 2363
113 2368
113 2441
113 2443
114 122
114 125
114 126
114 131
114 134
114 1663
114 1682
114 1741
115 1395
115 1398
116 119
116 122
116 123
116 128
116 159
116 160
116 234
116 262
116 263
116 264
116 270
116 279
116 282
116 358
116 361
116 627
116 635
116 930
116 932
116 967
116 972
116 978
116 982
116 984
116 987
116 1013
116 1017
116 1182
116 1187
116 1190
116 1198
116 1490
116 1493
116 1494
116 1498
116 1499
116 1509
116 1535
116 1539
116 1753
116 1754
116 1770
116 1771
116 1775
116 1778
116 2363
116 2368
116 2378
116 2383
116 2637
116 2638
117 125
117 212
117 214
117 215
117 1366
117 1370
117 1395
117 1398
117 1660
118 121
118 127
119 122
119 123
119 126
119 128
119 132
119 159
119 160
119 213
119 215
119 216
119 219
119 220
119 254
119 255
119 257
119 263
119 264
119 287
119 289
119 292
119 293
119 294
119 295
119 296
119 347
119 353
119 916
119 917
119 921
119 935
119 1040
119 1182
119 1187
119 1190
119 1198
119 1316
119 1319
119 1488
119 1490
119 1491
119 1492
119 1494
119 1496
119 1560
119 1628
119 1629
119 1742
119 1743
119 1940
119 1943
119 1995
119 2023
119 2137
119 2138
119 2201
119 2388
119 2389
121 1403
121 1406
122 125
122 126
122 135
122 139
122 141
122 219
122 220
122 238
122 254
122 255
122 257
122 292
122 293
122 294
122 295
122 296
122 297
122 300
122 347
122 353
122 529
122 532
122 630
122 633
122 868
122 870
122 916
122 917
122 921
122 935
122 1331
122 1333
122 1491
122 1496
122 1617
122 1618
122 1628
122 1629
122 1663
122 1682
122 1741
122 1760
122 1761
122 1771
122 1779
122 2345
122 2355
122 2361
122 2510
122 2516
123 126
123 132
123 159
123 160
123 213
123 215
123 216
123 263
123 264
123 287
123 289
123 293
123 294
123 930
123 932
123 967
123 972
123 978
123 982
123 1013
123 1017
123 1040
123 1182
123 1187
123 1190
123 1198
123 1488
123 1492
123 1493
123 1494
123 1498
123 1499
123 1535
123 1539
123 1560
123 1742
123 1743
123 1940
123 1943
123 1995
123 2023
123 2137
123 2138
123 2201
123 2378
123 2383
123 2388
123 2389
123 2637
123 2638
125 126
125 131
125 132
125 134
125 135
125 138
125 139
125 141
125 219
125 220
125 238
125 294
125 295
125 297
125 300
125 471
125 473
125 529
125 532
125 535
125 630
125 633
125 1442
125 1451
125 1475
125 1478
125 1491
125 1496
125 1582
125 1583
125 1617
125 1618
125 1660
125 1682
125 1741
125 2510
125 2516
125 2639
125 2641
125 2642
125 2714
125 2720
125 2736
125 2737
125 2752
125 2754
125 2762
125 2766
125 2767
125 2768
126 131
126 132
126 133
126 135
126 138
126 139
126 161
126 219
126 220
126 283
126 285
126 302
126 377
126 380
126 471
126 473
126 627
126 635
126 857
126 872
126 1326
126 1366
126 1370
126 1375
126 1380
126 1408
126 1412
126 1420
126 1422
126 1430
126 1431
126 1437
126 1440
126 1442
126 1451
126 1475
126 1478
126 1566
126 1582
126 1583
126 1628
126 1629
126 1635
126 1642
126 1660
126 1762
126 1954
126 1955
126 2345
126 2361
126 2372
126 2373
126 2402
126 2675
126 2676
126 2714
126 2720
126 2723
126 2729
126 2736
126 2737
126 2752
126 2753
127 1403
127 1406
128 254
128 255
128 257
128 347
128 353
128 1331
128 1333
128 1742
128 1743
128 1760
128 1761
128 1771
128 1779
129 1368
129 1374
129 1628
129 1629
131 294
131 295
131 532
131 535
131 630
131 633
131 868
131 870
131 1475
131 1478
131 1491
131 1496
131 2345
131 2355
131 2361
131 2510
131 2516
131 2639
131 2641
131 2766
131 2767
132 133
132 134
132 138
132 139
132 141
132 161
132 283
132 285
132 302
132 377
132 380
132 627
132 635
132 857
132 872
132 920
132 922
132 1315
132 1318
132 1326
132 1333
132 1334
132 1349
132 1355
132 1375
132 1380
132 1381
132 1385
132 1408
132 1412
132 1416
132 1419
132 1420
132 1421
132 1422
132 1425
132 1430
132 1431
132 1437
132 1440
132 1442
132 1451
132 1453
132 1461
132 1475
132 1478
132 1484
132 1488
132 1566
132 1620
132 1621
132 1628
132 1629
132 1635
132 1642
132 1762
132 1954
132 1955
132 1986
132 1989
132 2345
132 2352
132 2361
132 2364
132 2372
132 2373
132 2380
132 2385
132 2402
132 2410
132 2414
132 2641
132 2642
132 2676
132 2679
132 2681
132 2683
132 2719
132 2723
132 2727
132 2729
132 2736
132 2737
132 2743
133 139
133 141
133 142
133 143
133 238
133 239
133 1315
133 1318
133 1326
133 1349
133 1355
133 1386
133 1388
133 1407
133 1410
133 1416
133 1419
133 1420
133 1421
133 1425
133 1449
133 1452
133 1453
133 1461
133 1468
133 1472
133 1618
133 1619
133 1628
133 1629
133 1683
133 1761
133 2345
133 2352
133 2358
133 2361
133 2364
133 2380
133 2385
133 2410
133 2414
133 2641
133 2642
133 2663
133 2676
133 2679
133 2681
133 2683
133 2694
133 2696
133 2697
133 2698
133 2719
133 2727
133 2736
133 2737
133 2745
133 2815
133 2818
134 138
134 139
134 141
134 920
134 922
134 1333
134 1334
134 1437
134 1442
134 1451
134 1475
134 1478
134 1954
134 1955
134 1986
134 1989
134 2402
134 2639
134 2641
134 2642
134 2752
134 2754
134 2762
134 2766
134 2767
134 2768
135 137
135 141
135 142
135 143
135 240
135 552
135 717
135 725
135 1323
135 1326
135 1350
135 1354
135 1356
135 1357
135 1358
135 1360
135 1361
135 1368
135 1374
135 1386
135 1388
135 1394
135 1396
135 1399
135 1402
135 1407
135 1410
135 1411
135 1420
135 1442
135 1451
135 1619
135 1628
135 1629
135 1663
135 1683
135 2645
135 2646
135 2663
135 2678
135 2684
135 2694
135 2696
135 2697
135 2698
135 2703
135 2704
136 1367
136 1378
137 140
137 141
137 143
137 508
137 510
137 552
137 717
137 725
137 1323
137 1325
137 1326
137 1333
137 1334
137 1350
137 1354
137 1358
137 1360
137 1361
137 1366
137 1370
137 1411
137 1625
137 2646
137 2647
137 2694
137 2697
137 2703
137 2705
137 2710
137 2711
138 139
138 141
138 238
138 239
138 1416
138 1421
138 1449
138 1452
138 1453
138 1461
138 1468
138 1472
138 1484
138 1488
138 1620
138 1621
138 1628
138 1629
138 1761
138 1959
138 1986
138 1989
138 2345
138 2347
138 2352
138 2358
138 2361
138 2365
138 2369
138 2380
138 2385
138 2681
138 2683
138 2696
138 2698
138 2719
138 2727
138 2733
138 2737
138 2743
138 2745
138 2747
138 2815
138 2818
139 141
139 142
139 143
139 226
139 238
139 239
139 240
139 242
139 1325
139 1326
139 1356
139 1357
139 1376
139 1377
139 1386
139 1388
139 1389
139 1392
139 1394
139 1396
139 1397
139 1399
139 1402
139 1405
139 1407
139 1410
139 1420
139 1442
139 1449
139 1451
139 1452
139 1453
139 1454
139 1464
139 1468
139 1472
139 1618
139 1619
139 1628
139 1629
139 1663
139 1761
139 1959
139 2345
139 2347
139 2348
139 2352
139 2356
139 2358
139 2361
139 2362
139 2365
139 2369
139 2645
139 2646
139 2663
139 2694
139 2696
139 2697
139 2698
139 2703
139 2704
139 2705
139 2722
139 2725
139 2733
139 2745
139 2747
139 2753
139 2755
139 2815
139 2818
140 141
140 143
140 1354
140 1359
140 1367
140 1378
140 1409
140 1411
140 1625
140 2395
140 2654
140 2663
140 2678
140 2679
140 2684
140 2685
141 143
141 226
141 240
141 242
141 508
141 510
141 545
141 999
141 1019
141 1022
141 1325
141 1326
141 1333
141 1334
141 1335
141 1336
141 1356
141 1357
141 1366
141 1369
141 1370
141 1376
141 1377
141 1389
141 1392
141 1394
141 1396
141 1397
141 1402
141 1405
141 1442
141 1451
141 1625
141 2348
141 2356
141 2362
141 2410
141 2412
141 2645
141 2646
141 2647
141 2678
141 2684
141 2694
141 2696
141 2697
141 2698
141 2699
141 2703
141 2705
141 2710
141 2711
141 2714
141 2720
141 2722
141 2725
142 1454
142 1464
142 2410
142 2414
142 2753
142 2755
143 545
143 999
143 1019
143 1022
143 1335
143 1336
143 1357
143 1369
143 1389
143 1392
143 2410
143 2412
143 2414
143 2694
143 2696
143 2697
143 2698
143 2699
143 2714
143 2720
145 655
145 659
146 655
146 659
148 152
148 153
148 164
148 166
148 612
148 627
148 635
149 152
149 153
149 612
150 1453
150 1461
152 194
152 196
152 272
152 276
152 342
152 345
152 646
152 647
152 930
152 932
152 1309
152 1311
152 1656
152 1658
153 342
153 345
153 646
153 647
153 930
153 932
154 176
154 179
154 261
154 266
154 1715
154 1718
155 905
155 909
155 1576
155 1597
156 380
156 381
156 905
156 909
156 1576
156 1597
157 179
157 183
157 184
158 186
158 188
161 295
161 299
161 633
161 639
161 2419
161 2420
162 217
162 218
162 559
162 560
162 561
162 640
162 644
162 645
162 661
162 2026
162 2040
163 185
163 559
163 561
163 661
164 214
164 215
164 647
164 649
164 652
165 167
165 179
165 184
165 376
165 379
165 381
165 384
165 1309
165 1311
165 1714
165 1718
166 214
166 215
166 647
166 649
166 652
167 168
168 179
168 184
168 376
168 379
168 381
168 384
168 1309
168 1311
168 1714
168 1718
169 559
169 560
169 640
169 644
169 645
170 185
170 561
170 661
171 179
171 184
171 266
171 273
172 176
172 179
172 183
172 184
173 179
173 184
173 266
173 273
173 380
173 381
174 179
174 183
174 184
176 653
176 656
177 260
177 261
178 182
178 183
178 198
178 202
179 192
179 195
179 200
179 203
179 653
179 656
180 260
180 261
181 182
181 183
182 198
182 202
184 192
184 194
184 195
184 196
184 200
184 203
186 194
186 196
186 273
187 191
187 197
187 638
187 643
188 273
189 193
189 194
189 196
189 199
189 202
189 205
189 638
189 643
190 191
190 197
190 198
190 202
191 193
191 194
191 196
191 199
191 202
191 205
192 198
192 202
194 612
196 612
197 202
197 205
198 200
198 202
198 203
198 206
198 273
198 274
198 1675
198 1676
199 655
199 659
199 660
200 202
200 273
200 274
202 203
202 205
202 206
202 208
202 209
202 1419
202 1425
202 1675
202 1676
202 1770
202 1778
203 205
204 212
204 215
204 217
204 655
204 659
204 660
205 208
205 209
205 1419
205 1425
205 1770
205 1778
207 279
207 282
210 212
210 215
210 279
210 282
211 1615
211 1616
212 1615
212 1616
214 1615
214 1616
218 295
218 299
218 2377
218 2381
219 294
219 295
219 299
219 1660
219 2377
219 2381
220 294
220 295
220 1660
221 1715
221 1718
222 226
222 242
222 253
222 258
222 259
222 263
222 582
222 596
222 1423
222 1427
223 226
223 242
223 253
223 258
223 259
223 263
223 582
223 596
223 1423
223 1427
224 761
224 762
225 306
225 328
225 900
225 906
226 241
226 345
226 689
226 699
226 900
226 906
227 355
227 358
227 361
227 363
228 249
228 250
228 355
228 358
228 361
228 363
228 381
228 384
229 249
229 250
229 381
229 384
230 381
230 384
231 673
231 832
232 321
232 322
232 323
232 984
232 987
233 279
233 282
234 279
234 282
235 350
235 387
235 710
235 713
235 721
236 350
236 387
236 710
236 713
236 721
236 1316
236 1319
237 238
237 239
237 296
237 297
237 944
237 947
237 952
237 1475
237 1478
237 1493
237 1498
238 295
238 296
238 297
238 299
238 300
238 1486
238 1490
238 1493
238 1494
238 1501
238 1503
239 295
239 297
239 299
239 300
239 1479
239 1483
239 1486
239 1490
239 1493
239 1494
239 1498
240 1482
240 1489
241 242
242 345
243 249
243 250
243 354
243 383
244 343
244 346
244 354
244 383
245 247
245 248
245 256
245 343
245 346
245 364
245 370
245 388
245 674
245 684
245 772
245 1153
246 364
246 370
246 380
246 381
246 388
246 673
246 674
246 684
246 832
247 251
247 263
247 264
248 250
248 251
248 286
248 289
249 386
250 256
250 386
251 380
251 381
251 388
251 674
251 684
251 772
251 1153
252 261
252 266
255 984
255 987
256 263
256 264
256 286
256 289
263 277
263 278
263 280
263 283
263 284
264 277
264 278
264 280
264 283
264 284
265 275
265 280
266 612
266 620
266 1789
266 1794
267 275
267 280
268 271
268 275
268 277
268 278
269 271
269 275
269 277
269 278
272 605
272 612
273 274
273 1789
273 1794
274 612
274 620
276 605
276 612
279 546
279 547
279 612
279 620
279 958
279 959
279 965
279 984
279 987
281 286
281 291
282 546
282 547
282 612
282 620
282 958
282 959
282 965
282 984
282 987
284 286
284 291
286 364
286 370
286 1097
286 1100
288 1316
288 1317
289 364
289 370
289 1097
289 1100
290 1316
290 1317
292 296
292 301
292 302
292 1495
292 1501
293 1737
293 1738
293 1758
293 2777
294 1737
294 1738
294 2730
294 2745
295 302
295 2730
295 2745
296 300
296 301
296 302
296 1495
296 1501
297 300
297 1450
297 1460
297 1493
297 1498
297 1501
297 1503
297 1796
297 1797
298 1758
298 2777
299 302
300 944
300 947
300 952
300 1450
300 1460
300 1475
300 1478
300 1493
300 1498
300 1796
300 1797
302 633
302 639
302 2419
302 2420
303 761
303 762
304 321
304 322
304 323
304 335
304 339
305 322
305 323
305 339
305 341
305 344
305 354
305 668
305 730
305 732
305 808
305 813
305 818
305 1040
305 1503
305 1504
305 1560
306 338
306 339
306 341
306 342
306 345
306 351
306 668
306 818
307 400
307 420
308 741
308 742
309 388
309 741
309 742
310 388
310 684
311 684
312 743
312 744
312 757
312 759
313 316
313 321
313 322
313 323
313 384
314 905
314 909
314 910
315 334
315 340
315 352
315 355
315 363
315 901
315 906
315 974
315 977
315 1677
315 1678
316 334
316 340
316 343
316 347
316 833
316 974
316 977
317 887
317 892
318 344
318 354
318 383
318 887
318 892
319 487
319 750
319 752
319 901
319 908
319 923
320 343
320 347
320 356
320 360
320 861
320 865
320 974
320 977
321 712
321 716
321 720
321 753
321 757
321 759
321 861
321 865
321 974
321 977
322 369
322 374
322 712
322 716
322 720
322 753
322 756
322 838
322 839
323 369
323 374
323 401
323 431
323 753
323 756
323 757
323 759
323 838
323 839
324 401
324 431
325 542
325 543
325 854
325 860
325 924
325 929
326 757
326 759
327 400
327 420
328 338
328 342
328 345
328 351
329 335
329 347
329 353
329 400
329 420
330 349
330 356
331 349
331 356
331 388
332 689
332 699
333 724
333 727
334 734
334 735
335 347
335 353
335 756
336 724
336 727
337 689
337 699
339 341
339 348
339 349
339 352
339 355
339 356
339 363
339 380
339 381
339 756
340 734
340 735
341 344
341 370
341 375
341 376
342 347
342 353
342 761
342 762
342 862
342 866
342 876
342 903
342 909
343 345
343 351
343 357
343 375
343 379
343 380
343 381
343 402
343 665
343 802
343 841
343 868
343 870
343 903
344 348
344 349
344 352
344 355
344 356
344 363
344 380
344 381
344 756
344 892
345 346
345 347
345 901
345 906
346 347
346 351
346 353
346 358
346 361
346 375
346 379
346 380
346 381
346 402
346 841
346 862
346 866
346 876
346 1314
346 1317
347 351
347 357
347 665
347 802
347 868
347 870
347 903
348 370
348 375
348 376
348 380
348 381
348 384
349 370
349 375
349 376
350 358
350 361
350 381
350 384
351 353
351 358
351 361
351 901
351 903
351 906
351 909
351 1314
351 1317
352 359
352 365
352 380
352 381
352 903
352 909
353 376
353 378
353 379
353 381
353 384
353 508
353 510
354 401
354 431
354 756
354 892
354 905
354 909
355 359
355 365
355 376
355 378
355 379
355 380
355 381
355 384
355 508
355 510
355 903
355 909
356 357
356 905
356 909
357 360
358 387
359 370
359 375
359 376
359 836
359 981
361 367
361 370
361 387
362 401
362 431
362 836
362 912
362 1505
362 1506
363 367
363 370
363 375
363 376
363 379
363 903
363 909
364 960
364 966
364 1056
364 1057
365 370
365 375
365 376
365 379
365 836
365 981
366 367
366 370
366 1009
366 1016
367 369
367 374
367 836
367 912
367 1505
367 1506
368 960
368 966
368 1056
368 1057
369 370
369 375
369 377
369 380
369 1009
369 1016
370 371
370 374
370 901
370 908
370 1309
370 1311
371 375
371 376
372 378
372 380
372 381
373 378
373 380
373 381
374 375
374 377
374 380
374 1009
374 1016
375 901
375 908
375 1309
375 1311
376 901
376 908
376 1309
376 1311
378 380
378 381
379 380
379 381
380 905
380 909
381 382
381 385
381 387
381 903
381 905
381 909
381 984
381 987
381 1505
381 1506
382 384
383 892
384 385
384 387
384 833
384 903
384 909
384 984
384 987
384 1505
384 1506
388 730
388 731
388 847
388 852
388 967
388 972
388 974
388 977
388 1072
388 1075
389 398
389 419
389 833
389 962
389 966
389 967
389 972
390 398
390 399
390 418
390 419
390 958
390 965
390 1038
390 1060
391 399
391 418
391 958
391 965
391 1038
391 1040
391 1041
391 1060
391 1560
392 1040
392 1041
392 1560
393 417
393 418
394 417
394 418
394 821
394 824
395 821
395 824
396 450
396 456
397 808
397 809
397 814
397 817
398 400
398 409
398 416
398 420
398 423
398 425
398 428
398 446
398 455
398 808
398 809
398 813
398 817
398 1038
398 1060
398 1563
399 409
399 813
399 817
399 1038
399 1562
399 1563
400 401
400 402
400 403
400 418
400 420
400 421
400 431
400 614
400 621
400 837
400 841
400 856
400 857
400 859
400 872
400 962
400 966
400 969
400 974
400 977
400 1038
400 1040
400 1041
400 1044
400 1069
400 1560
400 1562
400 2315
400 2319
401 403
401 420
401 421
401 422
401 427
401 431
401 444
401 864
401 867
401 1048
401 1062
402 420
402 422
402 427
403 420
403 431
404 863
404 864
404 867
404 870
405 863
405 864
405 867
405 870
405 941
405 945
405 1348
405 1353
405 1518
405 1521
406 857
406 872
407 960
407 966
408 436
408 438
408 448
408 454
408 455
408 457
408 461
409 419
409 435
409 437
409 457
410 435
410 436
410 437
410 438
410 440
410 448
410 455
410 457
411 440
411 448
412 460
412 463
413 802
413 807
413 1523
413 1528
413 1532
414 423
414 455
414 462
414 748
414 749
415 423
415 455
415 462
416 419
417 450
417 456
418 420
418 808
418 809
418 814
418 817
419 423
419 425
419 428
419 446
419 455
419 808
419 809
419 813
419 817
419 1038
419 1060
419 1562
419 1563
420 421
420 431
420 837
420 841
420 962
420 966
420 969
420 974
420 977
420 1038
420 1040
420 1041
420 1044
420 1069
420 1560
420 1562
420 2315
420 2319
421 431
421 1038
421 1040
421 1041
421 1060
421 1560
421 2315
421 2319
422 958
422 962
422 965
422 966
424 813
424 819
426 434
426 438
429 1522
429 1525
429 1550
429 1551
430 439
430 441
430 827
430 831
430 960
430 966
431 444
431 614
431 621
431 856
431 857
431 859
431 864
431 867
431 872
431 1040
431 1041
431 1048
431 1062
431 1560
432 1038
432 1060
433 434
433 438
434 439
434 441
434 827
434 831
434 960
434 966
439 450
439 456
440 450
440 451
440 454
440 456
442 451
442 454
443 454
443 461
444 542
444 543
444 854
444 860
444 924
444 929
445 454
445 461
446 1522
446 1525
446 1550
446 1551
447 451
447 454
448 451
448 454
449 451
449 454
451 458
451 1533
451 1542
452 468
452 470
452 542
452 543
452 854
452 860
453 532
453 536
453 841
453 852
454 458
454 1532
454 1533
454 1536
454 1542
454 1561
455 1522
455 1525
459 468
459 470
459 532
459 536
459 743
459 750
459 841
459 852
460 1558
461 1532
461 1536
461 1561
463 1558
464 743
464 750
465 856
465 859
466 858
466 860
466 1531
466 1536
467 858
467 860
467 1531
467 1536
469 856
469 859
472 858
472 867
473 846
473 850
473 854
473 858
473 867
473 1524
473 1525
474 1524
474 1525
475 532
475 536
475 846
475 850
475 854
476 532
476 536
476 857
476 872
476 960
476 966
477 532
477 536
478 1517
478 1519
479 1517
479 1519
480 601
480 613
481 1142
481 1206
483 495
483 1000
484 930
484 932
485 488
485 535
485 538
485 923
485 927
485 929
485 930
485 932
486 488
486 535
486 538
486 923
486 927
486 929
487 508
487 509
487 510
487 511
487 513
487 882
487 887
489 532
489 536
490 508
490 510
490 532
490 534
490 536
491 508
491 510
491 512
491 519
491 532
491 534
491 536
492 885
492 886
493 1356
493 1357
494 535
494 538
494 545
494 933
494 938
494 1003
494 1356
494 1357
495 534
495 536
495 538
495 540
495 542
495 543
496 535
496 536
496 538
496 540
496 541
496 1002
496 1007
496 1023
496 1027
496 1028
496 1029
496 1316
496 1319
497 540
497 541
497 1002
497 1007
497 1023
497 1027
497 1028
497 1029
497 1316
497 1319
498 499
498 500
498 537
498 539
499 500
499 520
499 524
499 532
499 535
499 536
499 1002
500 520
500 524
500 532
500 535
500 536
500 1002
501 601
501 613
502 1514
502 1516
503 1514
503 1516
504 512
504 519
505 856
505 859
506 856
506 859
507 512
507 519
508 846
508 850
508 923
509 923
510 846
510 850
510 923
511 531
512 514
513 531
514 519
514 529
514 532
515 529
515 532
516 529
516 532
517 529
517 532
518 523
518 527
521 529
521 532
522 529
522 532
523 525
525 527
526 529
526 532
528 529
528 532
529 532
529 534
529 536
530 532
530 534
530 536
532 533
532 534
532 536
532 856
532 859
532 924
532 927
532 929
533 536
534 536
534 537
534 539
534 1000
534 1150
534 1151
534 1318
534 1321
535 544
535 924
535 929
535 933
535 938
535 1000
535 2677
535 2680
536 537
536 539
536 856
536 859
536 927
536 929
536 933
536 938
536 1000
536 1150
536 1151
536 1318
536 1321
537 1002
538 544
538 2677
538 2680
539 1002
540 1001
541 1001
542 1000
543 1000
544 545
544 933
544 938
544 1003
544 1356
544 1357
546 761
546 762
547 594
547 600
547 637
548 2105
548 2255
549 602
549 606
549 634
549 636
549 723
549 726
550 592
550 597
551 592
551 607
551 728
551 736
552 592
552 607
552 664
552 800
553 573
553 575
553 585
553 592
553 597
553 607
554 572
554 664
554 676
554 677
554 706
554 800
555 781
555 791
556 589
556 601
556 624
556 625
556 1171
556 1187
556 1190
557 589
557 601
557 624
557 625
557 1171
557 1187
557 1190
558 559
558 560
562 1312
562 1314
563 1290
563 1291
564 566
564 584
565 566
565 584
566 624
566 625
567 624
567 625
567 628
567 1149
567 1242
568 624
568 625
568 628
568 1149
568 1242
568 1256
568 1265
569 1264
569 1268
569 1270
570 1243
570 1249
570 1264
570 1268
570 1270
572 602
572 606
572 706
572 781
572 791
573 585
574 614
574 617
574 618
574 621
574 626
574 629
574 664
574 784
574 790
574 800
574 1122
574 1123
575 588
575 592
575 599
575 602
575 606
575 607
575 608
575 614
575 695
575 703
575 706
575 728
575 736
575 739
575 745
575 1195
575 1204
576 592
576 597
576 1195
576 1204
577 592
577 597
578 602
578 603
578 606
578 608
578 614
578 619
578 631
578 634
578 636
578 723
578 726
579 2105
579 2255
580 588
580 593
580 604
581 600
581 637
583 662
583 778
583 1158
583 1166
584 602
584 606
584 624
584 625
585 586
585 597
585 602
585 606
585 608
585 614
586 591
586 614
586 617
586 618
586 621
586 624
586 625
586 626
586 629
586 1122
586 1123
587 603
587 608
587 614
587 619
587 631
587 668
587 818
588 592
588 593
588 608
588 614
588 627
588 635
588 714
588 718
588 740
588 747
588 957
588 961
588 1313
588 1314
588 2093
588 2095
589 662
589 778
590 602
590 606
591 597
591 602
591 606
591 614
591 621
591 626
591 664
591 784
591 790
591 800
592 597
592 599
592 607
592 614
592 615
592 621
592 671
592 672
592 681
592 706
592 710
592 713
592 719
592 728
592 733
592 739
592 745
592 812
592 1195
592 1204
592 1511
592 1513
593 604
593 608
593 614
593 627
593 635
593 714
593 718
593 740
593 747
593 957
593 961
593 1313
593 1314
593 2093
593 2095
594 762
594 1310
594 1311
595 600
595 637
597 602
597 606
597 607
597 608
597 614
597 621
597 624
597 625
597 695
597 703
597 706
597 710
597 713
597 719
598 668
598 818
599 607
599 609
599 610
599 695
599 703
599 759
599 760
600 762
600 1310
600 1311
601 794
601 795
601 1054
601 1055
601 1158
601 1166
601 1167
601 1175
601 1196
601 1197
601 1312
601 1314
601 1527
601 1537
601 1547
601 1549
602 609
602 614
602 618
602 619
602 621
602 622
602 634
602 636
602 1182
602 1198
602 1266
603 609
603 614
603 621
603 622
603 624
603 625
603 627
603 635
603 695
603 702
603 703
604 608
604 614
604 627
604 635
604 695
604 703
604 740
604 747
604 957
604 961
604 1313
604 1314
604 1317
604 2093
604 2095
605 1309
605 1311
606 608
606 609
606 614
606 618
606 619
606 621
606 622
606 634
606 636
606 1182
606 1198
606 1266
607 614
607 615
607 621
607 671
607 672
607 681
607 706
607 707
607 713
607 718
607 728
607 733
607 739
607 745
607 812
607 1511
607 1513
608 1547
608 1550
608 2053
608 2064
609 614
609 615
609 621
609 626
609 627
609 631
609 635
609 958
609 959
609 965
609 2004
609 2015
609 2085
609 2086
610 615
610 2004
610 2015
612 646
612 647
612 1309
612 1311
612 1656
612 1658
613 794
613 795
613 1054
613 1055
613 1167
613 1175
613 1196
613 1197
613 1312
613 1314
613 1527
613 1537
613 1547
613 1549
614 617
614 618
614 619
614 622
614 629
614 631
614 632
614 634
614 636
614 638
614 642
614 643
614 654
614 655
614 695
614 702
614 703
614 1039
614 1191
614 1201
614 1562
614 2053
614 2064
615 759
615 760
615 1314
615 1317
617 621
617 707
617 713
617 718
618 621
618 1313
618 1314
618 1547
618 1550
619 626
619 627
619 632
619 634
619 635
619 636
619 638
621 622
621 629
621 631
621 632
621 634
621 638
621 642
621 643
621 1039
621 1191
621 1201
621 1313
621 1314
621 1562
621 2053
621 2064
622 631
622 958
622 959
622 965
622 2085
622 2086
623 668
623 818
624 626
624 631
624 1275
624 1278
624 1282
624 1283
624 2078
624 2080
625 626
625 631
625 1275
625 1278
625 1282
625 1283
625 2078
625 2080
626 634
626 636
626 638
626 642
626 643
626 654
626 655
626 695
626 702
626 703
627 631
627 646
627 652
627 1314
627 1316
627 1663
627 1812
627 1827
629 1257
629 1281
629 1511
629 1515
630 1453
630 1461
631 635
634 648
634 651
634 1043
634 1257
634 1281
634 1511
634 1515
634 1556
634 2102
634 2229
635 646
635 652
635 1314
635 1316
635 1663
635 1812
635 1827
636 1043
636 1511
636 1515
636 1556
636 2102
636 2229
637 762
637 1310
637 1311
641 1668
641 1688
642 648
642 651
647 1668
647 1688
647 1827
647 1837
648 1052
648 1296
649 1827
649 1837
651 1052
651 1290
651 1291
651 1296
651 1312
651 1314
662 1187
662 1190
663 1187
663 1190
664 687
664 688
664 694
664 697
664 698
664 706
664 800
664 809
664 813
665 1170
665 1181
665 1187
665 1191
666 1503
666 1504
667 747
667 751
667 1166
667 1178
667 1503
667 1504
668 756
668 1507
668 1508
669 670
669 825
669 848
669 852
670 825
670 848
670 852
671 672
671 673
671 729
671 732
671 816
671 819
671 822
671 832
672 673
672 729
672 732
672 816
672 819
672 822
672 832
673 833
673 1051
673 1304
673 1314
673 1316
674 730
674 731
674 833
674 967
674 972
675 750
675 753
676 706
677 706
679 788
679 792
680 1158
680 1166
681 883
681 887
682 731
682 734
683 708
683 711
683 746
683 747
683 754
683 755
683 758
684 712
684 716
684 720
684 958
684 959
684 965
685 730
685 731
685 750
685 753
686 1171
686 1187
686 1190
687 800
688 800
690 717
690 725
690 905
690 909
691 711
691 714
691 731
691 734
691 905
691 909
692 730
692 731
693 717
693 725
694 800
695 703
695 711
695 714
695 718
695 722
696 1166
696 1178
697 800
697 1166
697 1178
698 800
700 738
700 740
700 742
700 746
700 747
701 740
701 746
701 747
703 718
703 722
704 727
704 731
704 734
705 727
705 731
705 734
705 735
705 738
705 742
705 743
705 744
705 965
705 970
706 800
707 740
707 747
708 730
708 732
708 829
709 730
709 732
710 737
710 740
711 829
712 727
712 731
712 734
712 735
712 738
712 742
712 965
712 970
713 737
713 740
715 727
715 731
715 734
718 740
718 747
727 837
727 838
727 984
727 987
730 756
731 837
731 838
732 756
734 837
734 838
734 984
734 987
735 984
735 987
738 828
742 828
746 829
747 818
747 829
748 1520
749 1520
750 835
750 887
750 987
751 818
752 835
752 887
752 987
754 829
755 829
756 808
756 813
756 818
756 1040
756 1503
756 1504
756 1560
758 829
763 1141
763 1156
763 1161
763 1162
763 1200
764 1141
764 1154
764 1155
764 1156
764 1160
764 1161
764 1162
764 1200
765 774
765 779
766 783
766 789
766 1154
767 1191
767 1192
767 1202
768 1172
768 1213
769 1201
769 1202
769 1212
770 777
770 782
771 1118
771 1122
771 1123
772 1038
772 1562
773 933
773 938
774 1154
774 1155
774 1160
775 1154
775 1155
776 783
776 789
776 794
776 795
777 1159
777 1172
777 1201
777 1202
777 1212
777 1213
778 1141
778 1154
778 1155
778 1160
778 1200
779 1154
779 1155
779 1160
780 794
780 795
780 1191
780 1192
780 1202
782 1159
783 1154
783 1155
785 1154
785 1155
786 794
786 795
787 803
787 805
788 803
788 805
788 807
788 816
788 822
789 1523
789 1524
792 807
792 816
792 822
793 1523
793 1524
796 1158
796 1166
797 1158
797 1166
798 809
798 817
799 813
799 819
800 809
800 813
801 809
801 817
802 808
802 809
802 1170
802 1181
802 1187
802 1191
802 1548
804 1532
804 1538
804 1541
805 1158
805 1166
806 820
806 823
807 808
807 809
807 1158
807 1166
807 1548
808 1312
808 1314
809 815
809 821
809 1158
809 1166
810 1532
810 1538
810 1541
811 820
811 823
812 883
812 887
813 815
813 821
813 826
813 830
813 1312
813 1314
815 817
815 826
815 830
817 821
817 826
817 830
818 1166
818 1178
818 1507
818 1508
820 826
820 830
823 1038
823 1562
824 1038
824 1562
832 1051
832 1304
832 1314
832 1316
834 901
834 908
835 901
835 908
836 901
836 906
837 838
837 839
837 856
837 859
837 887
837 892
837 900
837 901
837 902
837 904
837 905
837 906
837 908
837 910
837 911
837 913
837 1088
837 1092
838 839
838 840
838 887
838 892
838 894
838 896
838 900
838 911
838 913
839 840
839 894
839 896
839 900
840 882
840 883
841 845
841 851
842 863
842 864
842 867
842 870
842 927
842 929
842 941
842 945
842 1348
842 1353
842 1517
842 1519
843 863
843 864
843 867
843 870
843 941
843 945
843 1348
843 1353
843 1518
843 1521
844 846
844 854
845 846
845 852
845 854
846 853
846 861
846 864
846 867
846 869
846 871
846 927
846 929
846 1517
846 1519
848 856
848 863
848 866
848 868
848 870
848 958
848 959
848 965
849 856
849 859
850 853
850 856
850 858
850 859
850 861
850 865
850 867
850 869
850 871
850 958
850 965
850 1512
850 1540
850 1546
851 852
851 858
851 867
852 856
852 863
852 866
852 868
852 870
853 854
853 858
853 867
853 958
853 959
854 856
854 858
854 859
854 861
854 865
854 867
854 869
854 871
854 958
854 965
854 1512
854 1540
854 1546
855 958
855 959
855 965
856 969
856 1313
856 1314
856 1316
856 1317
857 858
857 860
857 861
857 865
858 864
858 867
858 933
858 938
859 931
859 937
859 969
859 1314
859 1317
860 864
860 867
860 869
860 871
861 863
861 867
861 868
861 870
861 883
861 885
861 886
861 888
861 950
861 958
861 959
863 865
863 869
863 871
863 885
863 890
863 958
863 959
863 1313
863 1316
864 865
864 869
865 867
865 868
865 870
865 883
865 885
865 886
865 888
865 942
865 946
865 950
865 959
867 869
867 933
867 938
868 869
868 871
868 880
868 881
868 931
868 937
868 942
868 950
869 870
869 879
869 884
869 885
869 889
869 890
869 891
869 896
869 942
869 946
869 958
869 965
869 1308
869 1309
870 871
870 880
870 881
870 885
870 890
870 942
870 950
870 958
870 959
871 879
871 884
871 885
871 889
871 890
871 891
871 896
871 958
871 965
871 1308
871 1309
873 885
873 890
873 958
873 965
874 879
874 885
875 887
875 892
877 887
877 892
877 901
877 908
878 879
878 885
879 950
879 959
882 896
882 907
882 923
883 896
883 898
883 901
883 904
883 907
883 908
885 888
885 889
885 926
885 950
885 959
886 926
887 898
887 900
887 904
887 905
887 910
887 923
888 890
888 894
888 895
888 900
888 906
889 890
889 894
889 895
889 900
889 906
890 900
890 906
891 905
891 909
891 934
891 943
891 958
891 959
891 965
891 969
892 900
892 901
892 905
892 908
892 910
893 900
893 906
893 910
894 904
894 907
896 934
896 943
896 958
896 959
896 965
896 969
897 901
897 905
897 906
897 909
897 910
898 900
898 905
898 906
898 909
899 900
899 906
899 910
899 931
899 937
900 904
900 905
900 907
900 909
900 969
901 904
901 905
901 907
901 909
901 910
901 969
902 969
903 1677
903 1678
904 908
904 969
905 908
905 909
905 910
905 913
905 914
905 931
905 937
905 969
905 974
906 969
906 977
906 981
907 908
908 909
908 910
908 969
909 910
909 913
909 914
909 931
909 937
909 969
909 974
910 969
910 977
910 981
918 1472
918 1473
918 1491
918 1496
919 1472
919 1473
919 1491
919 1496
921 953
921 955
922 1436
922 1440
924 927
924 929
924 933
924 938
925 928
925 935
927 929
928 935
929 933
929 938
930 1437
930 1442
931 942
931 950
932 1437
932 1442
933 964
933 968
933 1153
933 1550
933 1551
934 1436
934 1440
935 953
935 955
936 942
936 950
938 964
938 968
938 1153
938 1550
938 1551
939 962
939 967
940 1436
940 1440
941 962
941 967
943 962
943 967
943 1436
943 1440
945 962
945 964
945 967
945 968
945 1506
945 1507
948 967
948 972
949 1491
949 1496
950 969
950 974
951 964
951 968
951 1506
951 1507
953 967
953 972
953 973
953 975
954 1491
954 1496
955 973
955 975
956 973
956 975
959 969
959 974
960 977
960 979
960 981
960 983
962 963
962 968
962 971
962 975
962 976
962 977
962 980
962 981
962 984
962 987
963 966
966 968
966 971
966 975
966 976
966 977
966 979
966 980
966 981
966 983
966 984
966 987
967 1038
967 1060
967 1088
967 1092
967 1228
967 1232
967 1312
967 1314
967 1506
967 1507
967 1508
969 1088
969 1092
972 1038
972 1060
972 1088
972 1092
972 1228
972 1232
972 1312
972 1314
972 1507
972 1508
973 985
973 988
973 1506
973 1507
974 977
974 981
974 1075
974 1085
975 983
975 985
975 986
975 988
975 1088
975 1092
975 1166
975 1178
977 981
977 1075
977 1085
979 985
979 988
980 983
980 985
980 986
980 988
980 1166
980 1178
983 985
983 988
985 1491
985 1496
988 1491
988 1496
989 1018
989 1019
989 1040
989 1041
989 1182
989 1187
989 1190
989 1423
989 1427
989 1432
989 1442
989 1560
989 2649
989 2717
990 1018
990 1019
990 1182
990 1187
990 1190
990 2649
990 2717
991 1343
991 1346
992 1343
992 1346
994 996
994 997
995 1332
995 1341
996 1034
997 1034
998 1049
998 1050
998 1061
998 1514
998 1516
1001 1023
1001 1027
1004 1019
1004 1022
1004 1024
1004 1318
1004 1321
1005 1019
1005 1022
1005 1024
1005 1318
1005 1321
1006 1012
1006 1014
1008 1012
1008 1014
1008 1028
1008 1029
1010 1019
1010 1022
1011 1028
1011 1029
1012 1020
1012 1021
1012 1025
1012 1026
1014 1020
1014 1021
1014 1025
1014 1026
1015 1019
1015 1022
1018 1031
1018 1032
1018 1334
1019 1031
1019 1032
1019 1334
1022 1342
1022 1348
1023 1030
1023 1032
1024 1342
1024 1348
1027 1030
1027 1032
1033 1368
1033 1374
1036 1368
1036 1374
1038 1153
1040 1041
1040 1048
1040 1062
1040 1063
1040 1081
1040 1088
1040 1092
1040 1560
1041 1044
1041 1048
1041 1062
1041 1069
1041 1088
1041 1092
1041 1560
1042 1526
1042 1529
1043 1535
1043 1539
1044 1046
1044 1047
1044 1048
1044 1062
1044 1065
1044 1526
1044 1559
1044 1560
1045 1089
1045 1090
1046 1047
1046 1048
1046 1062
1046 1070
1047 1070
1047 1526
1048 1065
1048 1066
1048 1067
1048 1069
1048 1079
1048 1104
1048 1109
1048 1526
1048 1527
1048 1529
1048 1530
1048 1534
1048 1535
1048 1539
1048 1550
1048 1551
1048 1560
1049 1305
1050 1305
1053 1302
1053 1303
1055 1147
1055 1237
1057 1584
1058 1584
1059 1229
1059 1230
1061 1305
1062 1065
1062 1066
1062 1067
1062 1069
1062 1070
1062 1079
1062 1526
1062 1527
1062 1529
1062 1530
1062 1534
1062 1535
1062 1539
1062 1550
1062 1551
1062 1560
1063 1071
1064 1089
1064 1090
1065 1069
1066 1083
1066 1553
1068 1530
1068 1534
1069 1076
1069 1079
1069 1559
1069 1560
1070 1526
1071 1081
1072 1099
1072 1101
1072 1111
1073 1104
1073 1109
1074 1080
1074 1086
1074 1090
1076 1082
1076 1099
1076 1101
1076 1102
1076 1233
1076 1235
1076 1238
1077 1080
1077 1086
1077 1090
1078 1083
1078 1553
1079 1082
1079 1099
1079 1101
1079 1102
1079 1233
1079 1235
1079 1238
1084 1089
1084 1090
1086 1530
1086 1534
1087 1099
1087 1101
1087 1111
1088 1091
1088 1093
1088 1098
1088 1099
1088 1100
1088 1102
1088 1107
1088 1111
1088 1115
1088 1330
1088 1331
1088 1560
1091 1092
1092 1093
1092 1098
1092 1099
1092 1100
1092 1102
1092 1107
1092 1111
1092 1115
1092 1330
1092 1331
1092 1560
1093 1097
1093 1100
1094 1099
1094 1101
1094 1111
1095 1229
1095 1230
1096 1097
1096 1100
1097 1106
1097 1113
1099 1147
1099 1217
1099 1221
1099 1237
1100 1103
1100 1104
1100 1106
1100 1113
1101 1147
1101 1237
1102 1147
1102 1217
1102 1221
1102 1237
1103 1107
1103 1112
1103 1114
1103 1125
1103 1127
1104 1107
1104 1112
1104 1125
1104 1127
1105 1137
1105 1307
1106 1107
1106 1112
1107 1113
1108 1217
1108 1221
1109 1112
1109 1114
1109 1137
1109 1307
1110 1147
1110 1237
1112 1113
1113 1147
1113 1182
1113 1187
1113 1237
1115 1119
1115 1120
1116 1119
1116 1120
1117 1182
1117 1187
1118 1158
1118 1174
1119 1166
1119 1171
1119 1178
1119 1182
1119 1187
1119 1190
1119 1191
1119 1198
1120 1126
1120 1130
1120 1133
1120 1166
1120 1171
1120 1178
1120 1182
1120 1187
1120 1190
1120 1191
1120 1198
1121 1126
1121 1129
1121 1130
1121 1132
1121 1133
1122 1158
1122 1174
1123 1158
1123 1174
1124 1126
1124 1129
1124 1130
1124 1132
1124 1133
1127 1134
1127 1135
1128 1134
1128 1135
1129 1201
1129 1212
1130 1202
1130 1212
1131 1204
1131 1207
1132 1201
1132 1212
1133 1202
1133 1212
1134 1191
1134 1192
1134 1201
1134 1202
1135 1191
1135 1192
1135 1201
1135 1202
1136 1204
1136 1207
1138 1140
1138 1168
1138 1179
1138 1186
1138 1200
1138 1241
1138 1247
1138 1256
1138 1264
1138 1265
1138 1268
1138 1584
1139 1170
1139 1181
1139 1186
1139 1243
1139 1247
1140 1164
1141 1157
1142 1512
1144 1550
1144 1551
1144 1584
1145 1550
1145 1551
1145 1584
1146 1550
1146 1551
1147 1149
1147 1150
1147 1151
1147 1237
1147 1246
1147 1248
1147 1253
1147 1260
1147 1292
1147 1295
1148 1149
1148 1246
1149 1258
1149 1272
1149 1273
1149 1274
1149 1276
1149 1280
1150 1151
1150 1152
1150 1237
1150 1259
1150 1267
1151 1152
1151 1233
1151 1235
1151 1237
1151 1238
1151 1259
1151 1267
1151 1274
1151 1279
1151 1280
1152 1233
1152 1235
1152 1238
1152 1274
1152 1279
1152 1280
1153 1562
1157 1200
1163 1169
1163 1180
1164 1168
1164 1170
1164 1179
1164 1181
1164 1186
1164 1200
1164 1241
1164 1243
1164 1247
1165 2106
1165 2263
1166 2610
1166 2611
1169 1170
1169 1176
1169 1181
1170 1180
1170 1194
1170 1196
1170 1197
1170 1199
1170 2117
1170 2118
1173 2106
1173 2263
1175 1183
1175 1188
1175 1205
1175 1208
1175 1209
1175 1222
1175 1225
1177 2117
1177 2118
1178 2610
1178 2611
1180 1181
1181 1194
1181 1196
1181 1197
1181 1199
1182 1198
1182 1201
1182 1334
1182 1584
1183 1184
1183 1203
1183 1211
1183 1586
1183 1589
1183 1591
1184 1188
1184 1205
1184 1208
1184 1209
1184 1222
1184 1225
1185 2482
1185 2483
1185 2568
1187 1334
1187 2016
1187 2078
1187 2080
1188 1203
1188 1211
1189 1203
1189 1211
1189 1586
1189 1589
1189 1591
1190 1198
1190 1201
1190 1334
1190 1584
1191 1535
1191 1539
1191 1584
1191 2016
1191 2049
1191 2063
1191 2078
1191 2080
1193 2482
1193 2483
1193 2568
1198 1201
1198 1584
1201 1535
1201 1539
1201 1584
1201 2049
1201 2063
1203 1208
1203 1215
1203 1216
1203 1218
1203 1219
1204 1207
1206 1512
1208 1214
1210 1216
1210 1219
1214 1215
1214 1216
1214 1218
1214 1219
1217 1527
1217 1530
1217 2016
1217 2078
1221 1527
1221 1530
1221 2016
1221 2078
1222 1228
1222 1232
1222 1236
1222 1238
1223 1226
1223 1229
1223 1230
1224 1227
1224 1230
1224 1231
1224 1233
1224 1320
1224 1322
1225 1228
1225 1232
1225 1236
1225 1238
1226 1229
1226 1230
1227 1228
1227 1232
1227 1234
1227 1236
1227 1238
1230 1232
1231 1234
1231 1236
1231 1238
1232 1233
1232 1320
1232 1322
1233 1239
1233 1240
1237 1246
1237 1248
1237 1253
1237 1260
1237 1292
1237 1295
1238 1239
1238 1240
1242 1273
1242 1274
1242 1280
1243 1254
1243 1261
1244 1256
1244 1264
1244 1265
1244 1268
1244 1584
1245 1267
1245 1272
1245 1274
1245 1280
1249 1254
1249 1261
1250 1256
1250 1264
1250 1265
1250 1268
1251 1267
1251 1272
1252 1258
1252 1272
1252 1276
1255 1265
1255 1271
1255 1320
1255 1322
1256 1262
1256 1263
1256 1266
1262 1265
1262 1271
1263 1265
1263 1271
1263 1320
1263 1322
1265 1266
1269 1285
1269 1286
1277 1285
1277 1286
1287 2410
1287 2414
1288 1313
1288 1315
1288 1316
1289 2410
1289 2414
1290 1313
1290 1315
1290 1316
1293 1299
1293 1301
1294 1302
1294 1303
1297 1299
1297 1301
1298 1299
1298 1301
1306 1514
1306 1516
1314 1938
1314 1942
1316 1442
1316 1451
1316 1505
1316 1506
1317 1938
1317 1942
1319 1442
1319 1451
1319 1505
1319 1506
1323 1324
1323 1326
1323 1404
1323 1413
1323 1414
1323 1420
1323 1422
1323 1430
1323 1434
1323 1448
1324 1411
1324 1422
1324 1430
1325 1394
1325 1396
1325 1422
1325 1426
1325 1430
1325 1435
1326 1364
1326 1375
1326 1379
1326 1383
1326 1394
1326 1396
1326 1411
1326 1426
1326 1434
1326 1435
1326 1436
1326 1438
1326 1440
1326 1441
1326 1447
1326 1642
1326 1649
1327 1371
1327 1379
1327 1383
1328 1428
1328 1433
1329 1416
1329 1423
1330 1331
1330 1333
1330 1415
1330 1416
1330 1453
1330 1461
1330 2678
1330 2679
1330 2684
1331 1333
1331 1453
1331 1461
1331 2678
1331 2679
1331 2684
1333 1423
1333 1427
1333 1432
1333 1442
1334 1423
1334 1427
1334 1432
1334 1442
1337 1343
1337 1348
1339 1343
1339 1348
1340 1358
1340 1359
1344 1358
1344 1359
1345 1379
1345 1383
1347 2689
1347 2690
1349 1423
1349 1427
1350 2697
1350 2699
1351 2689
1351 2690
1352 2690
1352 2691
1354 1625
1354 2697
1354 2699
1355 1423
1355 1427
1356 2690
1356 2691
1358 1376
1358 1377
1359 1625
1361 1376
1361 1377
1362 1367
1362 1373
1363 1394
1363 1397
1364 1420
1366 1367
1366 1373
1366 1394
1366 1396
1366 1397
1366 1399
1366 1405
1366 2694
1366 2697
1370 1394
1370 1396
1370 1397
1370 1399
1370 1405
1370 2694
1370 2697
1371 1419
1371 1425
1375 1420
1376 1394
1376 1396
1376 1397
1376 1408
1376 1410
1376 2690
1376 2691
1377 1394
1377 1396
1377 1397
1377 1408
1377 1410
1377 2690
1377 2691
1379 1415
1379 1419
1379 1420
1379 1425
1379 1428
1379 1433
1379 1475
1379 1478
1381 1663
1383 1415
1383 1419
1383 1420
1383 1428
1383 1433
1383 1475
1383 1478
1385 1663
1386 1422
1386 1430
1387 1393
1387 1394
1387 1397
1387 1413
1387 1414
1388 1422
1388 1430
1390 1393
1390 1394
1390 1397
1390 1413
1390 1414
1391 1422
1391 1430
1397 1409
1397 1411
1401 1409
1401 1411
1401 2734
1401 2742
1404 1411
1404 2734
1404 2742
1409 1422
1409 1430
1409 1625
1411 1413
1411 1414
1411 1420
1411 1422
1411 1430
1411 1434
1411 1448
1411 1625
1413 1437
1413 1442
1414 1437
1414 1442
1415 1421
1416 1417
1416 1421
1416 1475
1416 1478
1417 1423
1418 1446
1418 1447
1419 1436
1419 1440
1419 1443
1419 1445
1419 1453
1419 1461
1420 1434
1420 1436
1420 1438
1420 1440
1420 1441
1420 1447
1420 1642
1420 1649
1421 1475
1421 1478
1422 1426
1422 1429
1422 1435
1423 1453
1423 1461
1424 1446
1424 1447
1425 1436
1425 1440
1425 1443
1425 1445
1425 1453
1425 1461
1426 1430
1427 1453
1427 1461
1429 1430
1430 1435
1430 1484
1430 1488
1436 1437
1436 1447
1436 1448
1436 1456
1436 1457
1436 1462
1436 1464
1436 1468
1436 1472
1436 1484
1436 1485
1436 1488
1436 1489
1436 2021
1436 2026
1437 1440
1437 1492
1437 1497
1439 1456
1439 1464
1440 1447
1440 1448
1440 1456
1440 1457
1440 1462
1440 1464
1440 1468
1440 1472
1440 1485
1440 1489
1440 2021
1440 2026
1442 1479
1442 1482
1442 1483
1442 1484
1442 1487
1442 1489
1444 1456
1444 1464
1448 1492
1448 1497
1449 1462
1449 1468
1449 2696
1449 2698
1450 1471
1450 1476
1450 1477
1450 1480
1450 1484
1450 1488
1451 1479
1451 1482
1451 1483
1451 1484
1451 1487
1451 1489
1451 1493
1451 1498
1452 1462
1452 1468
1452 2696
1452 2698
1453 1461
1453 1462
1455 1479
1455 1483
1458 1472
1458 1473
1459 1460
1459 1467
1459 1471
1459 1474
1459 1476
1459 1477
1459 1479
1459 1480
1459 1481
1459 1482
1459 1484
1459 1488
1460 1467
1461 1462
1463 1479
1463 1483
1463 1490
1463 1494
1465 1482
1465 1485
1466 1472
1466 1473
1467 1474
1467 1479
1467 1481
1467 1482
1468 1473
1468 1475
1469 1482
1469 1485
1470 1490
1470 1494
1472 1473
1472 1475
1475 1481
1475 1482
1475 1488
1475 1492
1477 1493
1477 1498
1478 1481
1478 1482
1478 1488
1478 1492
1480 1493
1480 1498
1483 1493
1483 1498
1486 1493
1486 1498
1488 1490
1488 1494
1488 1500
1488 1502
1490 1492
1490 1494
1490 1496
1492 1494
1492 1500
1492 1502
1494 1496
1495 1760
1495 1761
1501 1760
1501 1761
1507 2235
1507 2242
1508 2235
1508 2242
1510 1521
1510 1522
1521 1540
1522 1540
1523 1548
1526 1559
1528 1548
1529 1559
1532 1548
1535 1547
1535 1549
1535 1550
1535 1551
1535 1556
1535 1940
1535 1943
1535 2030
1535 2044
1537 1547
1537 1550
1539 1547
1539 1549
1539 1550
1539 1551
1539 1556
1539 1940
1539 1943
1539 2030
1539 2044
1543 1547
1543 1550
1544 1552
1544 1554
1545 1552
1545 1554
1547 1554
1547 1557
1549 1554
1549 1557
1550 1555
1550 1557
1551 1555
1551 1557
1564 1572
1564 1579
1564 2007
1564 2112
1564 2277
1564 2615
1567 2027
1567 2038
1567 2785
1567 2786
1568 2674
1568 2681
1568 2683
1568 2712
1568 2714
1569 2660
1569 2664
1570 1906
1570 1907
1571 1572
1571 1579
1571 2112
1571 2277
1572 1591
1572 1598
1572 1600
1572 1609
1572 1670
1572 1685
1572 1690
1572 1708
1572 1936
1572 1941
1572 2059
1572 2076
1572 2077
1572 2088
1572 2089
1572 2090
1573 1642
1573 1649
1573 2641
1573 2642
1574 2703
1574 2704
1575 1599
1575 1600
1576 1789
1576 1794
1576 1796
1576 1797
1576 2085
1576 2086
1576 2128
1576 2134
1576 2229
1576 2239
1576 2277
1576 2278
1576 2335
1576 2337
1576 2338
1576 2512
1576 2525
1576 2526
1576 2546
1576 2552
1577 2621
1577 2622
1578 2621
1578 2622
1579 1685
1579 1936
1579 1941
1579 2088
1579 2089
1579 2090
1580 1642
1580 1649
1580 2008
1580 2009
1581 2411
1581 2412
1582 1630
1582 1632
1582 1642
1582 1649
1582 2008
1582 2009
1583 1630
1583 1632
1583 1642
1583 1649
1583 2641
1583 2642
1584 2001
1584 2020
1584 2039
1584 2045
1584 2062
1584 2063
1584 2482
1584 2564
1584 2567
1584 2568
1584 2572
1584 2578
1584 2595
1584 2596
1584 2621
1584 2625
1585 2411
1585 2412
1586 1628
1586 1630
1587 2595
1587 2596
1587 2621
1587 2625
1588 1650
1588 1655
1588 2703
1588 2705
1589 1590
1589 2047
1589 2074
1590 1591
1590 1593
1590 2483
1590 2484
1590 2485
1590 2509
1590 2515
1590 2527
1590 2554
1590 2556
1590 2568
1590 2584
1590 2585
1590 2586
1590 2589
1590 2595
1590 2596
1590 2607
1590 2608
1591 1622
1591 1623
1591 1628
1591 1630
1591 1643
1591 1650
1591 1655
1592 1827
1592 1837
1593 2047
1593 2074
1594 1622
1594 1623
1594 1632
1594 1639
1594 1650
1594 1655
1594 2703
1594 2705
1595 1827
1595 1837
1595 2593
1595 2597
1596 1827
1596 1837
1597 1796
1597 1797
1597 2128
1597 2134
1597 2277
1597 2278
1597 2512
1597 2525
1597 2526
1597 2546
1597 2552
1598 1622
1598 1623
1598 1632
1598 1639
1598 1643
1599 2606
1600 1643
1600 2606
1600 2607
1600 2647
1600 2700
1601 2267
1601 2270
1601 2271
1601 2575
1601 2577
1602 2267
1602 2270
1602 2271
1602 2575
1602 2577
1602 2593
1602 2597
1603 2606
1603 2607
1604 2647
1604 2700
1605 2594
1605 2597
1606 2594
1606 2597
1607 2594
1607 2597
1608 2594
1608 2597
1609 1641
1609 1648
1609 1654
1609 1691
1609 1699
1609 1703
1609 2007
1609 2615
1610 2090
1610 2093
1611 1657
1611 1659
1612 1634
1612 1636
1612 1644
1613 1722
1613 1727
1614 1657
1614 1659
1619 1644
1619 1648
1619 2388
1619 2389
1619 2694
1619 2697
1622 2669
1622 2670
1623 2669
1623 2670
1624 1642
1624 1649
1625 2395
1625 2654
1625 2678
1625 2679
1625 2684
1625 2685
1626 1657
1626 1659
1627 1657
1627 1659
1628 1638
1628 1640
1628 1646
1628 1651
1628 1653
1628 1660
1628 1686
1628 1695
1629 1640
1629 1644
1629 1646
1629 1648
1629 1651
1629 1653
1629 1660
1629 1686
1629 1695
1630 1635
1630 1638
1630 1640
1630 1642
1632 1635
1632 1642
1632 1644
1632 1648
1633 2097
1633 2098
1634 1645
1634 1650
1634 1724
1635 2687
1635 2688
1635 2689
1635 2690
1636 1645
1636 1650
1636 1724
1637 1739
1637 1740
1639 1644
1639 1648
1640 1739
1640 1740
1641 1708
1642 2687
1642 2688
1642 2689
1642 2690
1642 2702
1643 1670
1643 1690
1643 2059
1643 2076
1643 2077
1644 1724
1644 2097
1644 2098
1647 1712
1647 1713
1648 1708
1649 2702
1652 2614
1652 2616
1654 1670
1654 1690
1654 1708
1654 1886
1654 1889
1656 1712
1656 1713
1656 1886
1656 1889
1657 1724
1657 1725
1657 1728
1657 2614
1657 2616
1659 1724
1659 1725
1659 1728
1660 2675
1660 2676
1660 2752
1660 2753
1661 2677
1661 2680
1662 2677
1662 2680
1664 2677
1664 2680
1665 2052
1665 2057
1665 2068
1665 2073
1668 2060
1668 2067
1669 1793
1669 1795
1670 1834
1670 1835
1670 1840
1674 1745
1674 1764
1675 1698
1675 1764
1675 1773
1675 1993
1676 1698
1676 1764
1676 1773
1676 1993
1677 1706
1677 1712
1677 1726
1677 1729
1677 2140
1677 2151
1678 1679
1678 1726
1678 1729
1678 1799
1679 1799
1679 1994
1679 2019
1680 1753
1680 1754
1681 1753
1681 1754
1682 2345
1682 2361
1683 2388
1683 2389
1683 2694
1683 2697
1685 2007
1685 2615
1687 2068
1687 2073
1688 2068
1688 2076
1689 2060
1689 2067
1689 2068
1689 2076
1691 1708
1692 2052
1692 2057
1692 2068
1692 2073
1693 2068
1693 2073
1696 2068
1696 2073
1699 1708
1700 1711
1700 1717
1700 2096
1700 2099
1701 1772
1701 1829
1703 1708
1703 1711
1703 1717
1703 2096
1703 2099
1704 1772
1704 1829
1705 1715
1705 1718
1706 1723
1708 2007
1708 2090
1708 2093
1708 2615
1709 1719
1709 1725
1710 1715
1710 1718
1712 1723
1713 1719
1713 1725
1715 1720
1715 1722
1715 1734
1715 1736
1718 1720
1718 1722
1718 1734
1718 1736
1722 1730
1722 1731
1722 1732
1722 1733
1722 1736
1723 2140
1723 2151
1726 1731
1726 1736
1727 1730
1727 1732
1727 1733
1735 1797
1735 1800
1736 1797
1736 1800
1741 2345
1741 2361
1742 1793
1742 1796
1742 1797
1742 1798
1742 2019
1742 2024
1743 1744
1743 1751
1743 1788
1743 1793
1743 1798
1744 1751
1744 1788
1745 1783
1745 1985
1745 1990
1746 1768
1746 1774
1747 1768
1747 1769
1747 1774
1748 1768
1748 1769
1748 1777
1748 1786
1749 1876
1749 1882
1750 1793
1750 1795
1750 1876
1750 1882
1752 1754
1752 1755
1752 2111
1752 2232
1752 2238
1752 2274
1753 1754
1753 1755
1753 1756
1753 2068
1753 2076
1753 2111
1753 2232
1753 2238
1753 2274
1754 1755
1754 1756
1754 1777
1754 1782
1754 2068
1754 2076
1754 2108
1754 2120
1754 2121
1754 2777
1754 2779
1755 1777
1755 1782
1755 2108
1755 2120
1755 2121
1755 2777
1755 2779
1757 1777
1757 1778
1757 1782
1757 1787
1758 1777
1758 1778
1758 1782
1758 1787
1759 2023
1759 2201
1760 2737
1760 2743
1760 2748
1760 2770
1760 2772
1761 2352
1761 2364
1761 2737
1761 2743
1761 2748
1761 2770
1761 2772
1763 1796
1763 1797
1764 1780
1764 1783
1764 1789
1764 1791
1764 1985
1764 1990
1765 1780
1765 1789
1765 1791
1766 1793
1766 1795
1767 1868
1767 1878
1768 1777
1768 1786
1768 1868
1768 1878
1770 1771
1770 1775
1770 1779
1770 1816
1770 1857
1770 1860
1770 1865
1770 1886
1770 1888
1770 1890
1770 1891
1770 2339
1771 1775
1771 1777
1771 1778
1771 1779
1771 1782
1771 1878
1771 1879
1771 1880
1771 2210
1771 2214
1772 1789
1772 1791
1772 2019
1772 2024
1773 1789
1773 1791
1773 1796
1773 1797
1775 1778
1775 1779
1775 1878
1775 1879
1775 1880
1776 1802
1776 1803
1777 1779
1778 1779
1778 1886
1778 1888
1778 1890
1778 1891
1779 1782
1779 1816
1779 1857
1779 1860
1779 1865
1779 2210
1779 2214
1779 2339
1780 1994
1780 2019
1781 1812
1781 1827
1784 1796
1784 1797
1785 1812
1785 1827
1789 1994
1789 2019
1789 2638
1790 1802
1790 1803
1791 1994
1791 2019
1791 2324
1791 2329
1792 1858
1792 1864
1792 2324
1792 2329
1793 1851
1793 1858
1793 1864
1793 2019
1793 2023
1793 2108
1793 2120
1793 2201
1794 2042
1794 2054
1794 2638
1795 1851
1795 1858
1795 2019
1795 2023
1795 2108
1795 2120
1795 2201
1796 2042
1796 2054
1796 2308
1796 2314
1797 2308
1797 2314
1798 1858
1798 1864
1801 1994
1801 2019
1804 2639
1804 2641
1805 2639
1805 2641
1806 2661
1806 2664
1807 2661
1807 2664
1808 1995
1808 2200
1808 2201
1808 2260
1808 2262
1808 2265
1809 1995
1809 2134
1809 2147
1809 2200
1809 2201
1809 2260
1809 2262
1809 2265
1810 1995
1810 2200
1811 1832
1811 1836
1811 1855
1811 1858
1811 2106
1811 2263
1811 2637
1811 2640
1812 1823
1812 1855
1812 1858
1812 2106
1812 2154
1812 2159
1812 2196
1812 2197
1812 2263
1812 2293
1812 2297
1813 1832
1813 1836
1813 2155
1813 2160
1813 2302
1813 2309
1813 2310
1813 2315
1813 2637
1813 2640
1814 2192
1814 2193
1814 2194
1815 2110
1815 2111
1817 1818
1817 1876
1817 1882
1817 2334
1818 1819
1818 1853
1818 1861
1818 1876
1818 1882
1818 1884
1818 1885
1818 2334
1819 1853
1819 1861
1819 1876
1819 1882
1819 2334
1820 1837
1820 1844
1820 1849
1820 1853
1820 1857
1820 1860
1820 1861
1820 1864
1820 1865
1820 1868
1820 1880
1820 1881
1820 1882
1820 1883
1820 1885
1820 2123
1820 2124
1821 1864
1821 1868
1821 1880
1821 1881
1821 1883
1821 2122
1821 2123
1821 2124
1821 2127
1822 2122
1822 2127
1823 1827
1823 1837
1823 1844
1823 2113
1823 2123
1823 2148
1823 2156
1824 2137
1824 2138
1825 2134
1825 2147
1826 1995
1826 2106
1826 2146
1826 2147
1826 2200
1826 2263
1827 2026
1827 2040
1827 2106
1827 2110
1827 2111
1827 2154
1827 2159
1827 2263
1827 2293
1827 2297
1828 2123
1828 2137
1828 2155
1828 2160
1828 2302
1828 2309
1828 2310
1828 2315
1830 2192
1830 2193
1830 2194
1831 2110
1831 2111
1832 2137
1832 2138
1833 2192
1833 2193
1833 2194
1834 2024
1835 1995
1835 2024
1835 2106
1835 2146
1835 2147
1835 2200
1835 2263
1837 1867
1837 1875
1837 2026
1837 2040
1837 2110
1837 2111
1837 2293
1837 2297
1837 2315
1838 2123
1838 2137
1839 2293
1839 2297
1840 2024
1841 2293
1841 2297
1842 2192
1842 2193
1842 2194
1843 1995
1843 2200
1844 1859
1844 1863
1844 1867
1844 1872
1844 1875
1844 1877
1844 2293
1844 2297
1844 2315
1845 2193
1845 2194
1845 2293
1845 2297
1846 1980
1846 1982
1846 1985
1847 2025
1847 2028
1848 2110
1848 2111
1848 2293
1848 2297
1849 1859
1849 1863
1849 1871
1849 1872
1849 1875
1849 1877
1849 1880
1849 1881
1849 1883
1849 2315
1849 2319
1850 2193
1850 2194
1852 1980
1852 1982
1852 1985
1853 1863
1853 1871
1853 1872
1853 1875
1853 1880
1853 1881
1853 1883
1853 2315
1853 2319
1853 2328
1854 2110
1854 2111
1854 2150
1854 2154
1854 2159
1856 2025
1856 2028
1857 1872
1857 1886
1857 1888
1857 2210
1857 2214
1857 2322
1857 2782
1857 2783
1858 1873
1858 1874
1858 1880
1859 1886
1859 1888
1860 1872
1860 1874
1860 1875
1860 1881
1860 1884
1860 2322
1860 2475
1860 2476
1861 1870
1861 1871
1861 1872
1861 1880
1861 1883
1861 1886
1861 1888
1861 2210
1861 2214
1861 2315
1861 2319
1861 2328
1861 2782
1861 2783
1862 1886
1862 1888
1863 2111
1863 2150
1863 2154
1863 2159
1863 2274
1863 2276
1864 1873
1864 1874
1864 1880
1864 2322
1865 1872
1865 1879
1865 1880
1865 2322
1865 2475
1865 2476
1866 1870
1866 1871
1866 1879
1866 1880
1868 2322
1869 1874
1869 1875
1869 1879
1869 1880
1869 1881
1869 1884
1871 1886
1871 1888
1872 1880
1872 1881
1872 1883
1872 2111
1872 2274
1872 2276
1877 1886
1877 1888
1879 2335
1879 2336
1880 2335
1880 2336
1881 1886
1881 1889
1881 2315
1882 1886
1882 1889
1882 2315
1884 2328
1885 2315
1885 2328
1886 2312
1886 2317
1887 1980
1887 1982
1887 1985
1889 2312
1889 2317
1892 2278
1892 2280
1893 2278
1893 2280
1894 2258
1894 2268
1895 2278
1895 2280
1896 2227
1896 2235
1896 2242
1897 2227
1897 2235
1897 2242
1898 1908
1898 1917
1898 1918
1898 1920
1898 1921
1898 1929
1898 1932
1898 2222
1898 2242
1898 2377
1898 2379
1898 2381
1898 2425
1898 2823
1899 2079
1899 2082
1899 2279
1899 2280
1899 2345
1899 2361
1900 2068
1900 2073
1900 2079
1900 2082
1900 2279
1900 2280
1900 2293
1900 2297
1900 2345
1900 2355
1901 2310
1901 2315
1901 2345
1901 2355
1902 2310
1902 2315
1902 2345
1902 2361
1903 2345
1903 2361
1904 1960
1904 1967
1904 2694
1904 2696
1905 2694
1905 2696
1906 1907
1906 2444
1907 2444
1908 1915
1908 1927
1908 1934
1908 2372
1908 2373
1909 1910
1909 1911
1910 1912
1910 1999
1910 2000
1911 1912
1911 1999
1911 2000
1911 2801
1911 2802
1913 2278
1913 2280
1914 2258
1914 2268
1915 1917
1915 1918
1915 1920
1915 1921
1915 1929
1915 1932
1915 2222
1915 2242
1915 2377
1915 2379
1915 2381
1915 2425
1915 2823
1916 2214
1916 2216
1917 1929
1917 1931
1917 1932
1917 1937
1917 2112
1917 2214
1917 2216
1917 2241
1917 2243
1917 2272
1917 2273
1917 2277
1917 2633
1917 2635
1918 1927
1918 1934
1919 2272
1919 2273
1920 2108
1920 2112
1920 2120
1920 2241
1920 2243
1920 2272
1920 2273
1920 2277
1921 1929
1921 1931
1921 1932
1921 1937
1921 2108
1921 2112
1921 2120
1921 2272
1921 2273
1921 2277
1921 2633
1921 2635
1922 1935
1922 1939
1923 2372
1923 2373
1924 2068
1924 2073
1924 2079
1924 2082
1925 2222
1925 2227
1925 2272
1925 2273
1926 1929
1926 1932
1928 2222
1928 2227
1929 2026
1929 2040
1929 2382
1929 2384
1929 2441
1929 2442
1929 2443
1930 1935
1930 1939
1932 2026
1932 2040
1932 2382
1932 2384
1932 2441
1932 2442
1932 2443
1933 2037
1933 2041
1933 2057
1936 2345
1936 2361
1937 2037
1937 2041
1937 2057
1940 2448
1940 2821
1941 2345
1941 2361
1943 2448
1943 2821
1944 2101
1944 2106
1944 2107
1944 2223
1945 2101
1945 2223
1946 2106
1946 2107
1947 2801
1947 2802
1948 2794
1948 2800
1949 2794
1949 2800
1950 2229
1950 2239
1950 2775
1950 2776
1951 2498
1951 2499
1951 2514
1951 2528
1951 2542
1951 2551
1951 2579
1951 2583
1952 2488
1952 2489
1952 2498
1952 2499
1952 2514
1952 2528
1952 2542
1952 2543
1952 2551
1953 2488
1953 2489
1953 2498
1953 2499
1953 2543
1953 2551
1954 1986
1954 1989
1954 2712
1954 2714
1955 1986
1955 1989
1956 2739
1956 2746
1957 1973
1957 1974
1957 2232
1957 2238
1958 2346
1958 2359
1958 2377
1958 2379
1958 2648
1958 2649
1959 2345
1959 2361
1960 2288
1960 2305
1960 2308
1961 2352
1961 2364
1962 1982
1962 1984
1962 1985
1962 1990
1962 2378
1962 2383
1963 1980
1963 1982
1964 2092
1964 2094
1964 2229
1964 2239
1964 2572
1964 2578
1964 2579
1964 2583
1964 2775
1964 2776
1965 2085
1965 2086
1966 2092
1966 2094
1966 2572
1966 2578
1966 2579
1966 2583
1967 2284
1967 2285
1967 2288
1967 2295
1967 2301
1967 2305
1967 2308
1968 2085
1968 2086
1969 2284
1969 2285
1969 2295
1969 2301
1970 2085
1970 2086
1971 1980
1971 1982
1971 1985
1972 1980
1972 1982
1972 1985
1973 2349
1973 2353
1974 2349
1974 2353
1975 2352
1975 2358
1975 2364
1976 1977
1976 1980
1976 2345
1976 2352
1976 2361
1976 2364
1977 1980
1977 2352
1977 2358
1977 2364
1978 1980
1978 1982
1979 2345
1979 2352
1979 2361
1979 2364
1980 2114
1980 2123
1981 1982
1981 1984
1981 1985
1981 1990
1981 2378
1981 2383
1982 2114
1982 2123
1982 2345
1982 2361
1983 2345
1983 2361
1985 2114
1985 2123
1985 2345
1985 2361
1986 2345
1986 2346
1986 2361
1986 2367
1986 2403
1986 2406
1987 1988
1987 1991
1987 1992
1988 1990
1989 2346
1989 2367
1989 2403
1989 2406
1990 1991
1990 1992
1994 1995
1994 2200
1995 2019
1996 2026
1996 2032
1996 2037
1996 2040
1996 2041
1996 2057
1996 2191
1997 2037
1997 2041
1997 2068
1997 2073
1997 2193
1997 2198
1998 2031
1998 2142
1998 2149
1998 2158
1998 2159
1998 2163
1998 2191
1999 2026
1999 2035
1999 2040
1999 2049
1999 2052
1999 2072
1999 2105
1999 2146
1999 2147
1999 2171
1999 2176
1999 2255
2000 2026
2000 2035
2000 2040
2000 2072
2000 2146
2000 2147
2001 2637
2001 2638
2002 2003
2002 2004
2003 2030
2003 2045
2003 2171
2003 2176
2004 2030
2004 2045
2004 2131
2004 2145
2004 2169
2004 2171
2004 2176
2005 2131
2005 2145
2006 2029
2006 2044
2006 2045
2006 2046
2006 2055
2006 2056
2006 2131
2006 2145
2007 2612
2007 2613
2010 2594
2010 2597
2011 2588
2011 2590
2012 2203
2012 2494
2012 2584
2012 2586
2012 2588
2012 2590
2013 2016
2013 2080
2014 2026
2014 2040
2014 2105
2014 2131
2014 2144
2014 2255
2015 2026
2015 2040
2015 2105
2015 2131
2015 2144
2015 2145
2015 2162
2015 2166
2015 2169
2015 2171
2015 2255
2016 2025
2016 2102
2016 2229
2017 2026
2017 2037
2017 2040
2017 2041
2017 2057
2017 2193
2017 2198
2018 2060
2018 2067
2019 2159
2019 2163
2019 2200
2020 2039
2020 2071
2021 2030
2021 2035
2021 2037
2021 2045
2021 2049
2021 2052
2021 2056
2021 2057
2021 2072
2021 2105
2021 2167
2021 2171
2021 2173
2021 2176
2021 2255
2022 2037
2022 2041
2022 2068
2022 2073
2023 2060
2023 2067
2023 2159
2023 2163
2023 2771
2024 2037
2024 2041
2024 2637
2024 2638
2025 2080
2025 2100
2025 2101
2025 2115
2025 2223
2026 2036
2026 2037
2026 2040
2026 2041
2026 2057
2026 2060
2026 2063
2026 2066
2026 2067
2026 2069
2026 2071
2026 2158
2026 2164
2026 2167
2026 2173
2026 2183
2026 2185
2026 2186
2026 2187
2026 2189
2026 2191
2026 2195
2026 2196
2026 2197
2026 2632
2026 2634
2026 2762
2026 2768
2027 2482
2028 2100
2028 2101
2028 2115
2028 2116
2028 2125
2028 2129
2028 2223
2029 2044
2029 2051
2029 2056
2029 2061
2029 2100
2029 2116
2029 2129
2029 2141
2029 2203
2029 2219
2029 2494
2029 2789
2029 2791
2030 2036
2030 2105
2030 2129
2030 2141
2030 2144
2030 2145
2030 2152
2030 2162
2030 2166
2030 2255
2031 2142
2031 2149
2031 2158
2031 2159
2031 2163
2031 2191
2032 2060
2032 2067
2032 2195
2033 2037
2033 2041
2033 2637
2033 2638
2034 2078
2034 2080
2034 2100
2034 2103
2034 2116
2034 2129
2034 2130
2034 2131
2034 2143
2034 2144
2034 2145
2034 2211
2034 2218
2034 2228
2034 2239
2035 2039
2035 2058
2035 2070
2035 2071
2036 2040
2036 2045
2036 2049
2036 2052
2036 2056
2036 2105
2036 2128
2036 2134
2036 2181
2036 2183
2036 2255
2036 2796
2036 2799
2037 2040
2037 2041
2037 2179
2037 2183
2038 2482
2039 2078
2039 2084
2040 2041
2040 2045
2040 2056
2040 2060
2040 2063
2040 2066
2040 2067
2040 2069
2040 2071
2040 2105
2040 2117
2040 2158
2040 2164
2040 2173
2040 2178
2040 2183
2040 2185
2040 2186
2040 2187
2040 2189
2040 2191
2040 2195
2040 2196
2040 2197
2040 2632
2040 2634
2040 2762
2040 2768
2040 2792
2040 2794
2041 2179
2041 2183
2043 2044
2043 2056
2043 2116
2043 2125
2043 2129
2043 2203
2043 2494
2043 2497
2043 2503
2044 2045
2044 2046
2044 2055
2044 2056
2044 2078
2044 2080
2044 2101
2044 2102
2044 2105
2044 2116
2044 2117
2044 2129
2044 2130
2044 2131
2044 2141
2044 2143
2044 2144
2044 2145
2044 2152
2044 2223
2044 2229
2044 2255
2045 2049
2045 2052
2045 2056
2045 2101
2045 2116
2045 2125
2045 2129
2045 2130
2045 2131
2045 2141
2045 2223
2046 2051
2046 2056
2046 2061
2046 2100
2046 2103
2046 2141
2046 2211
2046 2218
2046 2219
2046 2228
2046 2239
2046 2497
2046 2503
2046 2789
2046 2791
2047 2131
2047 2145
2048 2058
2048 2070
2048 2105
2048 2255
2049 2052
2049 2056
2049 2062
2049 2063
2049 2066
2049 2128
2049 2134
2049 2169
2049 2171
2050 2060
2050 2067
2051 2055
2051 2572
2051 2578
2052 2056
2052 2062
2052 2063
2052 2066
2052 2105
2052 2117
2052 2128
2052 2134
2052 2169
2052 2171
2052 2173
2052 2178
2052 2792
2052 2794
2055 2056
2055 2061
2055 2078
2055 2080
2055 2100
2055 2103
2055 2130
2055 2131
2055 2141
2055 2145
2055 2211
2055 2218
2055 2219
2055 2228
2055 2239
2055 2789
2055 2791
2056 2101
2056 2102
2056 2105
2056 2116
2056 2117
2056 2125
2056 2129
2056 2130
2056 2131
2056 2141
2056 2223
2056 2229
2056 2255
2058 2072
2058 2088
2058 2090
2060 2081
2061 2572
2061 2578
2063 2105
2063 2255
2065 2131
2065 2145
2066 2105
2066 2128
2066 2134
2066 2181
2066 2183
2066 2255
2066 2796
2066 2799
2067 2079
2067 2081
2067 2082
2068 2087
2068 2088
2068 2090
2069 2078
2069 2084
2070 2072
2070 2088
2070 2090
2070 2796
2070 2799
2074 2796
2074 2799
2076 2079
2076 2082
2076 2087
2076 2088
2076 2090
2078 2617
2078 2618
2079 2287
2079 2290
2080 2102
2080 2229
2080 2617
2080 2618
2082 2287
2082 2290
2085 2638
2086 2638
2088 2092
2088 2094
2090 2092
2090 2094
2101 2504
2101 2513
2102 2226
2102 2228
2104 2796
2104 2797
2105 2232
2105 2238
2105 2245
2105 2249
2105 2796
2105 2797
2107 2108
2107 2120
2107 2128
2108 2120
2108 2147
2108 2150
2108 2193
2108 2194
2109 2292
2109 2293
2110 2135
2110 2136
2110 2264
2110 2265
2113 2293
2113 2297
2120 2128
2120 2147
2120 2150
2120 2193
2120 2194
2120 2796
2120 2797
2121 2142
2121 2147
2121 2150
2121 2157
2122 2264
2122 2265
2123 2293
2123 2297
2123 2315
2124 2315
2126 2139
2126 2147
2126 2292
2126 2293
2128 2139
2128 2142
2128 2147
2128 2157
2128 2188
2128 2190
2128 2796
2128 2797
2131 2141
2131 2171
2131 2176
2132 2171
2132 2176
2134 2139
2134 2142
2134 2147
2134 2157
2134 2188
2134 2190
2135 2275
2136 2147
2136 2153
2136 2167
2136 2170
2136 2275
2137 2147
2137 2153
2137 2167
2137 2170
2139 2147
2141 2145
2142 2168
2142 2174
2142 2179
2142 2181
2142 2183
2142 2281
2142 2282
2146 2159
2146 2163
2147 2164
2147 2167
2148 2297
2149 2164
2149 2167
2149 2168
2149 2174
2149 2179
2149 2181
2149 2183
2149 2281
2149 2282
2150 2164
2150 2167
2150 2172
2150 2173
2150 2177
2150 2180
2150 2181
2153 2159
2153 2163
2153 2172
2153 2177
2153 2636
2153 2640
2154 2172
2154 2173
2154 2180
2154 2181
2156 2164
2156 2167
2156 2297
2159 2201
2159 2636
2159 2640
2161 2776
2161 2781
2163 2201
2165 2776
2165 2781
2174 2189
2174 2190
2175 2189
2175 2190
2182 2637
2182 2638
2184 2637
2184 2638
2185 2195
2185 2196
2185 2197
2185 2199
2187 2196
2187 2197
2189 2195
2189 2199
2191 2195
2192 2293
2192 2297
2193 2293
2193 2297
2194 2196
2194 2197
2194 2293
2194 2297
2201 2771
2202 2206
2202 2207
2203 2206
2203 2207
2203 2498
2203 2499
2203 2514
2203 2520
2203 2521
2203 2525
2203 2585
2203 2785
2203 2786
2204 2512
2204 2521
2204 2526
2205 2512
2205 2521
2205 2526
2206 2208
2206 2213
2206 2497
2206 2498
2206 2499
2206 2503
2207 2208
2207 2213
2207 2497
2207 2498
2207 2499
2207 2503
2209 2213
2209 2215
2209 2221
2212 2224
2212 2225
2213 2215
2213 2221
2213 2496
2213 2513
2213 2517
2213 2524
2213 2536
2214 2260
2214 2262
2214 2264
2214 2265
2214 2276
2214 2277
2214 2278
2215 2221
2215 2496
2215 2524
2215 2536
2216 2260
2216 2262
2216 2264
2216 2265
2216 2276
2216 2277
2216 2278
2217 2224
2217 2225
2220 2513
2220 2517
2221 2496
2222 2260
2222 2262
2222 2264
2222 2265
2222 2277
2222 2278
2223 2504
2223 2513
2224 2498
2224 2499
2225 2230
2225 2236
2225 2498
2225 2499
2226 2229
2227 2277
2227 2278
2228 2229
2228 2231
2228 2240
2229 2244
2229 2248
2229 2638
2230 2233
2231 2237
2231 2497
2231 2503
2232 2235
2232 2238
2232 2242
2232 2253
2232 2255
2232 2259
2232 2267
2232 2270
2232 2349
2232 2353
2232 2809
2232 2812
2233 2236
2234 2497
2234 2503
2235 2238
2235 2260
2235 2262
2237 2240
2237 2246
2237 2250
2237 2251
2237 2256
2238 2242
2238 2253
2238 2255
2238 2259
2238 2267
2238 2270
2238 2349
2238 2353
2238 2809
2238 2812
2239 2244
2239 2248
2239 2638
2240 2247
2240 2254
2241 2246
2241 2250
2241 2251
2241 2256
2241 2257
2241 2260
2242 2260
2242 2262
2243 2257
2243 2260
2245 2255
2246 2247
2246 2254
2247 2430
2247 2446
2247 2456
2247 2458
2248 2796
2248 2797
2249 2255
2251 2256
2251 2259
2251 2262
2251 2266
2252 2260
2252 2262
2252 2267
2252 2270
2252 2271
2253 2260
2253 2262
2253 2267
2253 2270
2253 2271
2254 2430
2254 2446
2254 2456
2254 2458
2256 2259
2256 2262
2256 2266
2258 2261
2258 2262
2260 2643
2260 2644
2261 2268
2262 2268
2264 2274
2265 2274
2265 2643
2265 2644
2269 2278
2269 2279
2270 2278
2270 2279
2272 2277
2272 2279
2273 2277
2273 2279
2278 2279
2278 2280
2279 2280
2281 2332
2281 2336
2282 2329
2282 2336
2282 2403
2282 2404
2283 2329
2283 2336
2283 2403
2283 2404
2286 2345
2286 2361
2287 2293
2287 2297
2288 2372
2288 2373
2289 2372
2289 2373
2290 2293
2290 2297
2291 2307
2291 2313
2294 2307
2294 2313
2295 2305
2295 2308
2295 2328
2295 2334
2296 2306
2296 2311
2298 2312
2298 2317
2298 2320
2299 2306
2299 2311
2300 2323
2300 2328
2300 2354
2300 2366
2300 2383
2300 2386
2301 2305
2301 2308
2301 2323
2301 2328
2301 2334
2301 2354
2301 2366
2302 2312
2302 2317
2302 2320
2303 2309
2303 2310
2304 2309
2304 2310
2305 2383
2305 2386
2307 2312
2307 2316
2307 2320
2307 2442
2307 2443
2309 2312
2309 2317
2309 2320
2312 2313
2312 2315
2312 2317
2312 2319
2313 2316
2313 2320
2313 2442
2313 2443
2315 2317
2315 2327
2315 2333
2316 2317
2317 2319
2317 2320
2318 2326
2318 2331
2319 2327
2319 2333
2321 2326
2321 2331
2325 2328
2325 2334
2328 2330
2330 2334
2331 2332
2331 2336
2331 2363
2331 2368
2332 2333
2332 2336
2332 2387
2333 2336
2333 2363
2333 2368
2335 2638
2336 2387
2337 2638
2338 2638
2340 2384
2340 2385
2341 2716
2341 2717
2341 2740
2341 2741
2342 2353
2342 2360
2343 2350
2343 2351
2343 2730
2343 2745
2344 2739
2344 2746
2345 2376
2345 2378
2345 2736
2345 2737
2346 2349
2349 2359
2349 2377
2349 2379
2349 2648
2349 2649
2350 2357
2351 2357
2352 2358
2352 2359
2352 2364
2352 2400
2352 2641
2352 2642
2352 2745
2353 2652
2356 2370
2356 2374
2357 2730
2357 2745
2358 2364
2359 2364
2360 2652
2361 2376
2361 2378
2361 2736
2361 2737
2362 2370
2362 2374
2363 2371
2363 2375
2364 2400
2364 2641
2364 2642
2364 2745
2365 2778
2365 2780
2368 2371
2368 2375
2369 2778
2369 2780
2376 2378
2377 2379
2377 2390
2377 2391
2379 2390
2379 2391
2384 2763
2385 2763
2392 2674
2392 2681
2392 2683
2393 2655
2393 2660
2394 2655
2394 2660
2396 2397
2396 2423
2397 2654
2397 2678
2397 2679
2398 2445
2398 2449
2399 2445
2399 2449
2401 2416
2401 2417
2402 2712
2402 2714
2403 2682
2403 2686
2404 2682
2404 2686
2405 2416
2405 2417
2407 2419
2407 2420
2408 2419
2408 2420
2409 2445
2409 2449
2410 2655
2410 2660
2410 2664
2410 2666
2410 2671
2410 2674
2410 2675
2410 2681
2410 2683
2411 2419
2411 2420
2412 2655
2412 2660
2412 2743
2412 2749
2413 2419
2413 2420
2414 2655
2414 2660
2414 2664
2414 2666
2414 2671
2414 2674
2414 2675
2414 2681
2414 2683
2414 2743
2414 2749
2415 2419
2415 2420
2416 2682
2416 2686
2417 2682
2417 2686
2418 2422
2418 2424
2421 2422
2421 2424
2423 2654
2423 2678
2423 2679
2426 2450
2426 2453
2426 2796
2426 2797
2427 2431
2427 2432
2428 2635
2428 2638
2429 2635
2429 2638
2430 2453
2430 2455
2431 2447
2432 2447
2433 2619
2433 2623
2433 2624
2433 2628
2433 2629
2433 2630
2434 2660
2434 2664
2435 2626
2435 2627
2436 2620
2436 2623
2436 2624
2437 2512
2437 2525
2438 2549
2438 2553
2439 2452
2439 2461
2440 2452
2440 2461
2442 2778
2442 2780
2443 2778
2443 2780
2445 2619
2445 2623
2445 2624
2445 2628
2445 2629
2446 2453
2446 2455
2449 2619
2449 2624
2449 2628
2449 2629
2450 2821
2450 2822
2451 2453
2451 2455
2452 2459
2452 2460
2452 2461
2452 2464
2452 2471
2452 2472
2452 2495
2452 2502
2452 2506
2452 2510
2452 2516
2452 2637
2452 2638
2453 2456
2453 2470
2453 2821
2453 2822
2454 2620
2454 2623
2454 2624
2455 2456
2455 2470
2457 2460
2457 2464
2459 2461
2459 2495
2459 2506
2459 2510
2459 2516
2460 2461
2460 2463
2460 2510
2460 2516
2461 2464
2461 2471
2461 2472
2461 2495
2461 2502
2461 2506
2461 2510
2461 2516
2461 2637
2461 2638
2462 2629
2462 2630
2463 2464
2464 2510
2464 2516
2465 2510
2465 2516
2465 2529
2466 2629
2466 2630
2467 2510
2467 2516
2467 2529
2468 2629
2468 2630
2469 2537
2469 2545
2473 2537
2473 2545
2474 2502
2474 2529
2476 2502
2476 2529
2477 2541
2477 2548
2478 2664
2478 2672
2479 2541
2479 2548
2480 2549
2480 2553
2481 2512
2481 2525
2482 2785
2482 2786
2483 2504
2483 2513
2483 2522
2483 2523
2483 2530
2483 2580
2483 2586
2484 2504
2484 2513
2484 2534
2484 2540
2484 2580
2484 2586
2485 2486
2485 2487
2485 2534
2485 2539
2486 2527
2487 2527
2490 2570
2490 2571
2490 2575
2490 2577
2490 2582
2491 2570
2491 2571
2491 2575
2491 2577
2491 2582
2492 2493
2492 2550
2492 2555
2492 2565
2492 2569
2492 2575
2492 2577
2492 2582
2492 2587
2492 2591
2492 2595
2492 2596
2493 2560
2493 2574
2493 2575
2493 2576
2493 2577
2493 2587
2493 2591
2493 2595
2493 2596
2494 2498
2494 2499
2494 2512
2494 2514
2494 2520
2494 2521
2494 2525
2494 2526
2494 2585
2494 2785
2494 2786
2498 2504
2498 2511
2498 2547
2498 2557
2499 2504
2499 2511
2499 2539
2499 2546
2499 2547
2499 2557
2499 2635
2499 2638
2500 2539
2500 2546
2501 2512
2501 2526
2502 2510
2502 2516
2504 2507
2504 2509
2504 2518
2504 2818
2504 2819
2505 2508
2505 2512
2507 2511
2508 2512
2508 2635
2508 2638
2509 2513
2509 2522
2509 2523
2509 2530
2509 2534
2509 2535
2509 2540
2509 2542
2509 2551
2509 2580
2509 2586
2510 2516
2511 2518
2511 2818
2511 2819
2512 2513
2512 2517
2512 2532
2512 2534
2512 2538
2512 2540
2512 2544
2512 2550
2512 2551
2513 2525
2514 2534
2514 2540
2515 2534
2515 2535
2515 2540
2515 2542
2515 2551
2517 2525
2519 2520
2519 2525
2520 2525
2520 2537
2520 2545
2525 2532
2525 2534
2525 2537
2525 2538
2525 2540
2525 2544
2525 2545
2525 2550
2525 2551
2526 2534
2526 2540
2526 2550
2526 2551
2527 2534
2527 2539
2528 2534
2528 2540
2531 2543
2531 2551
2533 2543
2533 2551
2534 2539
2534 2546
2534 2784
2534 2787
2534 2807
2534 2815
2534 2818
2535 2539
2535 2546
2535 2815
2535 2818
2539 2540
2539 2550
2539 2555
2540 2546
2540 2784
2540 2787
2540 2807
2540 2815
2540 2818
2546 2550
2546 2555
2550 2558
2550 2559
2550 2560
2550 2570
2550 2571
2550 2575
2550 2577
2555 2558
2555 2559
2555 2560
2555 2570
2555 2571
2555 2575
2555 2577
2560 2565
2560 2569
2560 2575
2560 2577
2560 2582
2561 2562
2561 2563
2561 2626
2561 2627
2562 2563
2563 2626
2563 2627
2565 2574
2565 2575
2565 2576
2565 2577
2566 2575
2566 2577
2570 2575
2570 2577
2573 2581
2575 2795
2575 2799
2577 2795
2577 2799
2582 2795
2582 2799
2584 2585
2585 2586
2585 2608
2585 2609
2585 2784
2585 2785
2589 2608
2589 2609
2589 2784
2589 2785
2592 2595
2592 2596
2594 2600
2594 2601
2594 2605
2595 2598
2596 2598
2597 2600
2597 2601
2597 2605
2599 2600
2599 2601
2600 2602
2600 2603
2600 2604
2601 2602
2601 2603
2601 2604
2612 2615
2613 2615
2616 2703
2616 2704
2617 2626
2617 2627
2619 2788
2624 2788
2628 2788
2629 2788
2630 2788
2631 2664
2631 2672
2641 2653
2641 2712
2641 2714
2641 2724
2641 2730
2642 2653
2642 2712
2642 2714
2642 2724
2642 2730
2645 2646
2645 2718
2646 2647
2646 2674
2646 2681
2646 2683
2646 2700
2646 2718
2646 2734
2646 2742
2647 2674
2647 2681
2647 2683
2647 2700
2647 2723
2647 2726
2647 2734
2647 2742
2648 2651
2648 2715
2649 2650
2649 2651
2649 2674
2649 2682
2649 2683
2649 2686
2649 2715
2649 2717
2650 2716
2650 2717
2650 2733
2650 2747
2651 2716
2651 2717
2651 2740
2651 2741
2653 2720
2653 2728
2653 2731
2653 2738
2653 2739
2653 2746
2654 2655
2654 2656
2654 2657
2654 2660
2654 2676
2654 2679
2655 2656
2655 2658
2655 2662
2655 2666
2656 2657
2656 2660
2656 2661
2656 2664
2656 2676
2656 2679
2657 2660
2657 2661
2657 2664
2657 2676
2657 2679
2658 2660
2659 2673
2659 2682
2660 2662
2660 2666
2665 2678
2665 2679
2667 2673
2667 2682
2668 2678
2668 2679
2674 2717
2675 2690
2675 2691
2675 2757
2675 2759
2679 2757
2679 2759
2681 2690
2681 2691
2681 2694
2681 2696
2682 2717
2683 2717
2684 2689
2684 2690
2685 2689
2685 2690
2686 2717
2687 2694
2687 2696
2690 2694
2690 2697
2691 2694
2691 2697
2694 2707
2694 2708
2694 2713
2694 2724
2694 2730
2696 2713
2696 2724
2696 2730
2697 2701
2697 2703
2697 2705
2697 2707
2697 2708
2698 2713
2698 2724
2698 2730
2699 2701
2699 2703
2699 2705
2700 2723
2700 2726
2706 2723
2706 2726
2707 2766
2707 2767
2708 2723
2708 2726
2709 2766
2709 2767
2712 2720
2712 2728
2712 2731
2712 2738
2712 2739
2712 2746
2714 2720
2714 2728
2715 2716
2715 2717
2715 2733
2715 2736
2715 2737
2715 2740
2715 2741
2715 2747
2719 2735
2719 2744
2720 2766
2720 2767
2721 2732
2721 2739
2722 2723
2722 2729
2722 2733
2722 2741
2723 2725
2723 2726
2723 2729
2725 2729
2725 2733
2725 2736
2725 2737
2725 2741
2726 2729
2727 2735
2727 2744
2728 2732
2728 2739
2728 2766
2728 2767
2729 2733
2729 2742
2729 2766
2729 2767
2733 2734
2733 2750
2733 2754
2734 2742
2734 2766
2734 2767
2736 2762
2736 2768
2737 2762
2737 2768
2741 2752
2741 2753
2742 2750
2742 2754
2743 2762
2743 2764
2743 2765
2743 2768
2743 2772
2743 2773
2747 2752
2747 2753
2748 2764
2748 2765
2749 2762
2749 2768
2749 2772
2749 2773
2751 2752
2751 2753
2752 2753
2752 2770
2752 2772
2754 2770
2754 2772
2756 2757
2756 2759
2757 2758
2757 2762
2757 2767
2758 2759
2759 2762
2759 2767
2760 2761
2760 2766
2760 2770
2760 2772
2761 2763
2762 2769
2762 2770
2762 2772
2762 2774
2763 2766
2763 2770
2763 2772
2766 2770
2766 2772
2767 2770
2767 2772
2768 2769
2768 2770
2768 2772
2768 2774
2790 2796
2790 2799
2793 2796
2793 2799
2794 2796
2794 2797
2796 2798
2796 2821
2796 2822
2797 2798
2797 2821
2797 2822
2803 2804
2805 2814
2805 2816
2805 2820
2806 2808
2806 2814
2806 2816
2806 2817
2806 2819
2806 2820
2808 2817
2808 2819
2810 2818
2810 2819
2811 2818
2811 2819
2813 2818
2813 2819
