0 10
0 91
0 204
0 222
0 1686
0 2122
1 230
1 231
1 290
1 291
1 608
1 682
1 685
1 780
1 782
1 935
2 123
2 129
2 130
2 131
2 132
2 904
2 905
2 1421
2 1422
2 1501
2 1503
2 1506
2 1754
2 1756
3 45
3 505
3 506
3 521
3 522
3 1238
3 1548
3 1550
3 1606
3 1834
3 1835
3 1846
4 775
4 778
5 860
5 861
5 940
5 941
5 951
5 955
5 960
5 962
5 1332
5 1369
5 1374
5 1395
5 1397
5 1401
5 1427
6 1000
6 1036
7 72
7 73
7 89
7 90
7 96
7 101
8 540
8 547
9 540
9 547
9 1688
9 2076
10 161
10 1688
10 2076
11 2122
11 2123
11 2126
12 34
12 35
12 60
12 61
12 130
12 136
12 146
12 147
12 148
12 149
12 162
12 163
12 164
12 166
12 303
12 305
12 317
12 319
12 835
12 838
12 839
12 1691
12 1692
12 1698
12 1699
12 1704
12 1709
12 1761
12 1782
12 1834
12 1872
12 1875
12 1878
12 2037
12 2355
12 2356
13 148
13 163
13 190
13 192
13 194
13 244
13 249
13 1306
13 1307
13 1695
13 1741
13 1764
13 1781
13 1783
13 1784
13 1788
13 1796
13 2380
13 2381
14 21
14 22
14 1765
14 1766
14 1795
14 1797
14 1809
14 1814
15 21
15 22
15 1690
15 1691
16 17
16 1290
16 1292
17 32
18 1293
18 1295
18 1296
18 1415
18 1417
18 1561
18 1564
19 1561
19 1564
20 1232
20 1240
23 425
23 426
23 479
24 56
24 57
24 237
24 240
24 242
24 261
24 265
24 520
24 533
24 570
24 575
24 601
24 626
24 631
24 738
24 739
24 745
24 757
24 1315
24 1318
24 2223
24 2228
24 2919
24 2921
25 1302
25 1303
26 502
26 1256
26 1412
26 1414
26 1568
26 1570
27 502
27 570
27 575
27 1256
27 1412
27 1414
27 1568
27 1570
28 29
28 34
28 35
28 36
28 50
28 54
28 547
28 552
28 583
28 584
28 585
28 586
28 1534
28 1539
28 1838
28 1839
28 1902
28 1903
28 1907
28 2038
28 2041
28 2076
28 2089
28 2093
28 2121
28 2122
28 2123
28 2126
28 2129
28 2135
28 2140
28 2143
28 2163
28 2174
28 2175
28 2243
28 2511
28 2512
28 2726
28 2728
28 2935
29 30
29 34
29 36
29 38
29 144
29 145
29 146
29 147
29 148
29 159
29 162
29 163
29 164
29 166
29 203
29 226
29 264
29 267
29 355
29 356
29 496
29 497
29 552
29 561
29 564
29 568
29 588
29 589
29 603
29 766
29 795
29 798
29 802
29 807
29 814
29 816
29 835
29 838
29 839
29 892
29 907
29 1047
29 1051
29 1069
29 1071
29 1561
29 1567
29 1575
29 1579
29 1590
29 1599
29 1616
29 1685
29 1688
29 1689
29 1690
29 1691
29 1692
29 1698
29 1699
29 1704
29 1709
29 1761
29 1782
29 1836
29 1875
29 1878
29 1882
29 1883
29 1926
29 1929
29 1938
29 1945
29 1950
29 1958
29 1959
29 1962
29 2037
29 2038
29 2076
29 2126
29 2246
29 2355
29 2356
29 2726
29 2728
29 2913
29 2915
29 2941
29 2944
30 34
30 35
30 60
30 61
30 130
30 136
30 144
30 145
30 146
30 147
30 148
30 149
30 159
30 162
30 163
30 164
30 203
30 226
30 264
30 267
30 303
30 305
30 317
30 319
30 355
30 356
30 814
30 816
30 835
30 838
30 892
30 907
30 1561
30 1567
30 1575
30 1579
30 1599
30 1616
30 1689
30 1690
30 1691
30 1704
30 1709
30 1761
30 1782
30 1834
30 1872
30 1875
30 1878
30 1938
30 1958
30 1959
30 1962
30 2037
30 2355
30 2356
30 2913
30 2915
31 1306
31 1307
32 89
32 90
32 96
32 101
32 1290
32 1292
33 72
33 73
34 35
34 36
34 38
34 40
34 144
34 145
34 158
34 160
34 367
34 368
34 370
34 371
34 372
34 491
34 492
34 527
34 528
34 535
34 536
34 545
34 547
34 549
34 552
34 570
34 573
34 578
34 579
34 583
34 585
34 588
34 589
34 603
34 632
34 638
34 663
34 664
34 665
34 670
34 676
34 679
34 684
34 766
34 1047
34 1049
34 1051
34 1061
34 1069
34 1071
34 1310
34 1314
34 1590
34 1599
34 1616
34 1685
34 1688
34 1690
34 1691
34 1704
34 1709
34 1761
34 1782
34 1836
34 1838
34 1839
34 1907
34 1926
34 1929
34 1945
34 1950
34 1952
34 1955
34 1956
34 2037
34 2038
34 2076
34 2087
34 2088
34 2089
34 2091
34 2093
34 2095
34 2099
34 2100
34 2103
34 2108
34 2109
34 2118
34 2120
34 2121
34 2122
34 2123
34 2126
34 2129
34 2135
34 2140
34 2143
34 2147
34 2149
34 2161
34 2163
34 2174
34 2175
34 2179
34 2226
34 2229
34 2231
34 2246
34 2485
34 2511
34 2512
34 2726
34 2728
34 2914
34 2916
34 2919
34 2921
34 2935
34 2941
34 2944
34 2947
35 36
35 38
35 40
35 50
35 54
35 370
35 371
35 487
35 488
35 547
35 552
35 578
35 579
35 584
35 586
35 632
35 638
35 676
35 679
35 1534
35 1539
35 1599
35 1613
35 1616
35 1620
35 1690
35 1691
35 1902
35 1903
35 1907
35 2041
35 2087
35 2088
35 2089
35 2091
35 2093
35 2095
35 2098
35 2103
35 2107
35 2109
35 2118
35 2120
35 2121
35 2129
35 2130
35 2135
35 2139
35 2140
35 2143
35 2163
35 2174
35 2175
35 2243
35 2726
35 2728
35 2914
35 2916
35 2919
35 2921
35 2935
36 38
36 158
36 160
36 203
36 226
36 264
36 267
36 367
36 368
36 372
36 496
36 497
36 527
36 528
36 535
36 536
36 545
36 549
36 552
36 561
36 564
36 568
36 663
36 664
36 665
36 670
36 679
36 684
36 795
36 798
36 802
36 807
36 814
36 816
36 1310
36 1314
36 1561
36 1567
36 1575
36 1579
36 1685
36 1688
36 1704
36 1709
36 1761
36 1782
36 1836
36 1878
36 1882
36 1883
36 1938
36 1945
36 1950
36 1952
36 1955
36 1956
36 1958
36 1959
36 1962
36 2038
36 2076
36 2099
36 2108
36 2109
36 2118
36 2123
36 2126
36 2147
36 2149
36 2161
36 2163
36 2175
36 2179
36 2246
36 2485
36 2688
36 2690
36 2726
36 2728
36 2913
36 2914
36 2915
36 2916
36 2941
36 2944
36 2947
37 1332
37 1427
38 40
38 140
38 158
38 160
38 368
38 372
38 487
38 488
38 491
38 492
38 527
38 535
38 536
38 545
38 549
38 553
38 558
38 570
38 573
38 600
38 601
38 665
38 670
38 755
38 1010
38 1049
38 1061
38 1107
38 1151
38 1216
38 1557
38 1613
38 1620
38 1978
38 1996
38 2061
38 2098
38 2100
38 2107
38 2109
38 2122
38 2130
38 2135
38 2137
38 2139
38 2140
38 2141
38 2143
38 2163
38 2175
38 2226
38 2229
38 2231
38 2454
38 2521
38 2536
38 2579
38 2586
38 2589
38 2677
38 2688
38 2690
38 2702
38 2703
38 2723
38 2724
38 2746
38 2946
38 2947
39 1332
39 1427
40 140
40 158
40 160
40 506
40 507
40 553
40 558
40 600
40 601
40 603
40 665
40 670
40 755
40 766
40 1010
40 1066
40 1067
40 1107
40 1124
40 1133
40 1145
40 1150
40 1151
40 1152
40 1213
40 1216
40 1217
40 1219
40 1221
40 1227
40 1229
40 1230
40 1234
40 1236
40 1237
40 1246
40 1557
40 1621
40 1622
40 2106
40 2113
40 2136
40 2137
40 2141
40 2454
40 2561
40 2570
40 2586
40 2589
40 2592
40 2602
40 2631
40 2636
40 2664
40 2694
40 2698
40 2699
40 2701
40 2702
40 2703
40 2721
40 2723
40 2724
40 2746
40 2922
40 2923
40 2941
40 2944
40 2946
40 2947
41 492
41 512
41 598
41 599
41 1105
41 1133
41 1219
41 1223
41 1251
41 1255
41 1258
41 1978
41 1996
41 2059
41 2060
41 2061
41 2106
41 2113
41 2114
41 2125
41 2137
41 2141
41 2521
41 2536
41 2579
41 2589
41 2677
42 2660
42 2661
43 860
43 867
44 2077
44 2079
45 492
45 512
45 595
45 598
45 599
45 1105
45 1133
45 1219
45 1223
45 1251
45 1255
45 1258
45 1271
45 1272
45 2059
45 2060
45 2106
45 2113
45 2114
45 2125
45 2631
45 2636
45 2671
45 2673
46 537
46 548
47 2660
47 2661
48 860
48 867
49 556
49 557
51 425
51 426
51 479
52 556
52 557
52 2077
52 2079
53 537
53 548
55 1302
55 1303
56 499
56 590
56 1314
57 499
57 542
57 550
57 590
57 1314
58 542
58 550
59 140
59 158
59 160
60 129
60 130
60 167
60 173
61 129
61 130
62 86
62 88
63 65
63 66
63 86
63 88
63 97
63 103
63 192
63 194
63 1748
63 1752
64 97
64 103
65 80
65 177
65 179
66 80
66 177
66 179
66 561
66 572
66 1830
66 1832
67 1830
67 1832
68 122
68 123
68 129
68 130
68 131
68 1421
68 1422
68 1501
68 1503
68 1506
68 1754
68 1756
69 123
69 129
69 130
69 132
69 904
69 905
69 1323
69 1418
69 1421
69 1423
69 1470
69 1473
70 129
70 130
70 135
70 1323
70 1418
70 1421
70 1423
70 1470
70 1473
71 129
71 130
71 135
74 1398
74 1399
75 1398
75 1399
76 1369
76 1374
77 78
77 133
77 137
77 944
77 996
77 1348
77 1356
77 1357
77 1362
77 1369
77 1374
77 1594
77 1602
77 1617
77 1619
77 1639
77 2451
77 2452
77 2472
77 2473
77 2750
77 2754
77 2756
77 2757
77 2761
77 2768
77 2769
77 2780
77 2781
77 2808
77 2812
78 137
78 482
78 483
78 593
78 594
78 944
78 951
78 955
78 962
78 967
78 970
78 996
78 1348
78 1356
78 1357
78 1369
78 1374
78 1454
78 1462
78 1639
78 1669
78 1671
78 2136
78 2141
78 2451
78 2452
78 2472
78 2473
78 2745
78 2750
78 2751
78 2752
78 2753
78 2754
78 2756
78 2757
78 2761
78 2780
78 2781
78 2784
78 2788
79 593
79 594
79 967
79 970
79 1669
79 1671
79 2752
79 2753
80 86
80 88
80 97
80 103
80 192
80 194
80 1748
80 1752
81 104
81 110
82 893
82 897
83 122
83 128
83 131
84 140
84 158
84 160
85 140
85 158
85 160
86 140
86 158
86 174
86 176
86 180
87 104
87 110
88 140
88 158
88 174
88 176
88 180
89 122
89 128
89 893
89 897
89 2737
89 2738
89 2828
90 2737
90 2738
90 2828
91 161
92 111
92 113
92 116
93 1397
93 1401
94 111
94 113
94 114
94 116
94 118
95 146
95 159
95 161
95 162
95 181
95 182
95 186
95 188
95 189
95 190
95 191
95 192
95 574
95 582
95 583
95 585
97 186
97 188
97 189
97 191
97 193
97 574
97 582
97 583
97 585
97 592
97 593
97 1698
97 1699
98 1397
98 1401
99 140
99 141
100 114
100 116
100 118
101 1406
101 1410
102 146
102 159
102 161
102 162
102 181
102 182
102 190
102 192
102 574
102 582
102 583
102 585
103 193
103 592
103 593
103 1698
103 1699
105 140
105 141
106 118
106 124
106 1346
106 1350
106 1406
106 1410
106 2793
106 2799
107 1346
107 1350
108 115
108 117
108 119
108 120
108 128
108 152
108 153
108 197
108 200
108 1700
108 1757
108 1758
108 2122
108 2126
109 118
109 124
109 2793
109 2799
110 1725
110 1729
111 1345
111 1349
111 2398
111 2414
112 190
112 192
112 194
112 244
112 249
112 528
112 536
112 1311
112 1312
112 1313
112 1316
112 1695
112 1698
112 1699
112 1741
112 1764
112 1765
112 1766
112 1781
112 1783
112 1784
112 1788
112 1796
112 1801
112 1805
112 2380
112 2381
113 263
113 264
113 270
113 272
113 1324
113 1435
113 1774
113 2854
114 158
114 160
114 197
114 200
114 588
114 589
114 1293
114 1295
114 2144
114 2147
115 117
115 120
115 152
115 153
115 190
115 192
115 237
115 240
115 528
115 536
115 954
115 957
115 958
115 1311
115 1312
115 1313
115 1316
115 1698
115 1699
115 1751
115 1753
115 1795
115 1797
115 1801
115 1805
115 1809
115 1814
115 2122
115 2126
115 2156
115 2299
115 2383
115 2384
116 158
116 160
116 1345
116 1349
116 2398
116 2414
117 119
117 123
117 128
117 129
117 197
117 200
117 266
117 267
117 533
117 534
117 540
117 954
117 957
117 958
117 1308
117 1311
117 1503
117 1506
117 1510
117 1593
117 1698
117 1699
117 1700
117 1757
117 1758
117 1767
117 1768
117 1784
117 1789
117 1798
117 1801
117 1802
117 1829
117 1830
117 2162
117 2163
117 2174
117 2186
117 2187
117 2383
117 2384
117 2398
117 2414
117 2574
117 2809
117 2813
117 2926
117 2929
118 197
118 200
118 588
118 589
118 883
118 889
118 1293
118 1295
118 1412
118 1414
118 2144
118 2147
119 120
119 123
119 129
119 263
119 264
119 267
119 491
119 492
119 868
119 880
119 1060
119 1061
119 1418
119 1421
119 1593
119 1634
119 1641
119 1647
119 1698
119 1699
119 1725
119 1729
119 1753
119 1755
119 1757
119 1758
119 1787
119 1793
119 1794
119 1886
119 1890
119 2162
119 2163
119 2174
119 2186
119 2187
119 2278
119 2281
119 2302
119 2305
119 2306
119 2574
120 128
120 237
120 240
120 266
120 267
120 533
120 534
120 540
120 1308
120 1311
120 1503
120 1506
120 1510
120 1690
120 1691
120 1751
120 1753
120 1784
120 1789
120 1798
120 1801
120 1802
120 2156
120 2299
120 2398
120 2414
120 2809
120 2813
120 2926
120 2929
121 947
121 948
122 123
122 129
122 130
122 270
122 272
122 868
122 869
122 872
122 880
122 884
122 892
122 914
122 919
122 1324
122 1418
122 1421
122 1435
122 1436
122 1451
122 1514
122 1519
122 1633
122 1634
122 1635
122 1636
122 1637
122 1641
122 1642
122 1647
122 1686
122 1753
122 1755
122 1759
122 1774
122 1787
122 1793
122 1794
122 1833
122 1886
122 1890
122 2122
122 2278
122 2281
122 2302
122 2305
122 2306
122 2401
122 2420
122 2485
122 2823
122 2824
122 2854
122 2947
123 128
123 129
123 130
123 131
123 135
123 165
123 169
123 220
123 221
123 257
123 259
123 869
123 872
123 884
123 892
123 914
123 917
123 919
123 921
123 1321
123 1322
123 1432
123 1436
123 1438
123 1451
123 1455
123 1501
123 1504
123 1634
123 1635
123 1636
123 1637
123 1642
123 1648
123 1650
123 1652
123 1686
123 1775
123 1776
123 1812
123 1817
123 1986
123 2030
123 2122
123 2144
123 2147
123 2398
123 2401
123 2412
123 2418
123 2780
123 2781
123 2799
123 2804
123 2826
123 2835
123 2839
123 2846
123 2854
123 2871
123 2875
123 2876
123 2884
124 883
124 889
124 1412
124 1414
125 491
125 492
125 1060
125 1061
125 1308
125 1311
125 1767
125 1768
125 1829
125 1830
126 168
126 171
126 1325
126 1399
126 1403
126 1413
126 1443
126 1454
126 1647
126 1648
126 2812
126 2814
127 947
127 948
128 129
128 263
128 267
128 914
128 919
128 1514
128 1519
128 1633
128 1634
128 1641
128 1759
128 1833
128 2302
128 2305
128 2401
128 2420
129 130
129 131
129 135
129 165
129 169
129 220
129 221
129 257
129 259
129 411
129 412
129 413
129 467
129 471
129 843
129 858
129 859
129 883
129 889
129 893
129 897
129 914
129 917
129 919
129 921
129 1321
129 1322
129 1327
129 1396
129 1397
129 1398
129 1399
129 1402
129 1432
129 1435
129 1438
129 1450
129 1455
129 1500
129 1501
129 1503
129 1504
129 1506
129 1636
129 1637
129 1648
129 1650
129 1652
129 1676
129 1678
129 1689
129 1690
129 1691
129 1775
129 1776
129 1809
129 1812
129 1814
129 1817
129 1926
129 1929
129 1986
129 2030
129 2398
129 2399
129 2401
129 2407
129 2412
129 2418
129 2780
129 2781
129 2799
129 2804
129 2812
129 2814
129 2826
129 2835
129 2838
129 2839
129 2846
129 2854
129 2866
129 2869
129 2871
129 2875
129 2876
129 2880
129 2884
129 2891
129 2896
130 135
130 411
130 412
130 413
130 843
130 844
130 869
130 872
130 893
130 897
130 1323
130 1325
130 1327
130 1396
130 1397
130 1399
130 1403
130 1413
130 1415
130 1417
130 1423
130 1424
130 1425
130 1435
130 1437
130 1443
130 1450
130 1454
130 1462
130 1466
130 1477
130 1478
130 1482
130 1494
130 1497
130 1500
130 1501
130 1503
130 1506
130 1647
130 1648
130 1672
130 1673
130 1678
130 1775
130 1776
130 1809
130 1814
130 1943
130 1949
130 2150
130 2151
130 2152
130 2735
130 2738
130 2742
130 2797
130 2799
130 2812
130 2814
130 2817
130 2824
130 2828
130 2834
130 2835
130 2838
130 2839
130 2866
130 2869
130 2875
130 2880
130 2891
130 2896
131 883
131 889
131 914
131 919
131 1438
131 1455
131 1636
131 1637
131 2399
131 2407
131 2412
131 2418
131 2485
131 2823
131 2824
131 2947
132 168
132 171
132 1443
132 1454
132 1462
132 1466
132 1477
132 1478
132 1482
132 1501
132 1503
132 1506
132 1647
132 1648
132 1943
132 1949
132 2150
132 2151
132 2152
132 2742
132 2824
132 2828
132 2834
133 134
133 137
133 456
133 460
133 1596
133 1605
133 1675
133 1677
133 2451
133 2452
133 2750
133 2754
133 2755
133 2756
133 2761
133 2768
133 2769
133 2780
133 2781
133 2793
133 2794
133 2808
133 2810
134 137
134 1327
134 1397
134 1401
134 1637
134 1648
134 2451
134 2452
134 2780
134 2781
134 2789
134 2790
134 2793
134 2794
134 2808
134 2810
135 411
135 412
135 413
135 467
135 471
135 858
135 859
135 1323
135 1423
135 1437
135 1438
135 1455
135 1494
135 1497
135 1676
135 1689
135 1690
135 1691
136 411
136 412
136 413
136 843
136 844
136 869
136 872
136 1323
136 1423
136 1437
136 1439
136 1443
136 1454
136 1459
136 1462
136 1494
136 1497
136 1500
136 1672
136 1673
136 2738
136 2783
136 2785
136 2811
136 2812
136 2814
136 2828
136 2875
136 2880
137 456
137 460
137 482
137 483
137 951
137 955
137 962
137 1327
137 1348
137 1356
137 1357
137 1369
137 1374
137 1397
137 1401
137 1454
137 1462
137 1594
137 1596
137 1602
137 1605
137 1637
137 1648
137 1675
137 1677
137 2136
137 2141
137 2451
137 2452
137 2745
137 2750
137 2751
137 2752
137 2754
137 2755
137 2756
137 2761
137 2768
137 2769
137 2780
137 2781
137 2784
137 2788
137 2789
137 2790
137 2793
137 2794
137 2808
137 2810
137 2812
138 843
138 1439
138 1443
138 1454
138 1459
138 1500
138 2783
138 2785
138 2811
138 2812
138 2814
139 944
139 945
140 574
140 582
140 583
140 585
140 1408
140 1410
141 1394
141 1400
142 1394
142 1400
143 195
143 198
144 146
144 159
144 195
144 198
145 146
145 159
147 165
147 168
147 170
147 171
147 1590
147 1848
148 165
148 168
148 170
148 171
148 887
148 898
148 906
148 1590
148 1848
149 241
149 248
150 249
150 253
151 249
151 253
151 540
151 547
152 540
152 547
154 2410
154 2419
155 258
155 263
155 1688
155 2076
156 258
156 263
156 1688
156 2076
157 1080
157 1081
157 1083
158 567
158 571
158 574
158 582
158 583
158 585
158 1408
158 1410
160 567
160 571
160 574
160 582
160 583
160 585
160 1408
160 1410
161 204
161 222
161 1686
161 2122
162 1813
162 1818
163 887
163 898
163 906
163 1813
163 1818
164 241
164 248
165 174
165 176
165 184
165 185
167 172
168 184
168 185
168 1690
168 1691
169 174
169 176
169 184
169 185
171 184
171 185
171 1690
171 1691
172 173
175 196
175 199
175 200
178 196
178 199
178 200
183 186
183 188
186 187
187 188
190 1696
190 1697
192 1696
192 1697
195 1753
195 1755
196 1753
196 1755
197 546
197 564
198 561
198 572
200 546
200 564
201 866
201 880
202 866
202 880
204 211
204 348
204 789
204 1529
205 232
205 233
206 232
206 233
207 225
207 227
208 225
208 227
209 227
209 228
209 235
209 236
210 230
210 231
210 290
210 291
210 682
210 685
211 256
211 258
211 303
212 258
212 260
212 263
212 264
213 258
213 260
213 263
213 264
214 258
214 263
215 1496
215 1507
216 1496
216 1507
217 271
217 273
218 271
218 273
218 1502
218 1507
219 1502
219 1507
220 1322
220 1423
220 1435
220 1438
220 1445
220 1450
220 1455
220 1458
220 1462
220 1470
221 1322
221 1423
221 1435
221 1438
221 1445
221 1450
221 1455
221 1458
221 1462
221 1470
223 227
223 228
224 227
224 228
224 235
224 236
224 319
224 323
224 1052
224 1056
227 330
227 332
227 547
227 552
228 547
228 552
229 319
229 323
229 362
229 363
229 1052
229 1056
230 362
230 363
234 330
234 332
234 547
234 552
235 316
235 322
235 325
235 637
235 639
235 829
235 833
236 316
236 322
236 325
236 637
236 639
236 829
236 833
237 244
237 246
237 249
237 251
237 540
237 547
237 1312
237 1314
237 1315
237 1498
237 1504
238 258
238 261
238 263
238 264
238 265
238 294
238 299
238 319
238 322
238 817
238 819
239 258
239 263
239 264
240 244
240 246
240 249
240 251
240 540
240 547
240 601
240 757
240 783
240 784
240 1312
240 1314
240 1315
240 1498
240 1504
241 420
241 862
241 1313
241 1316
242 251
242 254
242 258
242 263
242 533
242 540
242 601
242 757
242 783
242 784
242 1314
242 1514
242 1519
243 1520
243 1525
244 261
244 265
244 294
244 299
244 319
244 322
244 817
244 819
245 246
245 251
246 250
246 251
246 254
246 258
246 263
246 533
246 540
246 1312
246 1315
246 1514
246 1519
247 258
247 260
247 1519
247 1520
247 1525
248 420
248 862
248 1313
248 1316
250 251
251 262
251 269
251 1312
251 1315
252 258
252 260
252 1519
252 1520
255 262
255 269
256 263
256 264
256 561
256 572
256 1529
257 258
257 263
257 672
257 676
257 893
257 897
257 1496
257 1507
257 1514
257 1515
257 1519
258 259
258 263
258 264
258 561
258 572
258 687
258 689
258 917
258 921
258 1312
258 1315
258 1529
258 1530
258 2899
258 2902
259 263
259 1514
259 1515
259 1519
260 672
260 676
260 893
260 897
260 1496
260 1507
261 527
261 535
261 544
261 1314
262 547
262 552
262 896
262 908
262 933
262 936
262 1033
262 1041
263 264
263 267
263 367
263 368
263 372
263 528
263 536
263 601
263 687
263 689
263 757
263 775
263 778
263 904
263 914
263 917
263 921
263 1312
263 1315
263 1473
263 1477
263 1478
263 1529
263 1530
263 2899
263 2902
264 267
264 367
264 368
264 372
264 528
264 536
264 687
264 689
264 904
264 914
264 917
264 921
264 1473
264 1477
264 1478
264 1529
264 1530
264 2899
264 2902
265 527
265 535
265 544
265 687
265 688
265 1314
265 1498
265 1504
266 547
266 552
266 687
266 688
266 896
266 908
266 1498
266 1504
267 367
267 368
267 372
267 601
267 757
267 775
267 778
267 1473
267 1477
267 1478
268 891
268 892
268 907
268 2410
268 2419
269 891
269 892
269 907
269 933
269 936
269 1033
269 1041
270 687
270 688
270 1519
270 1522
271 858
271 859
271 866
271 872
271 1493
271 1501
272 687
272 688
272 1519
272 1522
273 858
273 859
273 866
273 872
273 1493
273 1501
274 1080
274 1081
274 1083
275 290
275 291
275 314
275 318
275 831
275 836
276 286
276 300
276 302
276 314
276 831
276 836
277 288
277 289
277 290
277 291
277 300
277 302
278 288
278 289
278 290
278 291
279 651
279 652
280 665
280 670
281 627
281 629
281 639
282 782
282 935
283 311
283 313
283 831
283 836
284 825
284 827
284 830
284 834
285 825
285 827
285 830
285 834
286 681
287 832
287 836
289 674
289 678
290 297
290 673
290 674
290 677
290 678
290 680
290 681
290 682
290 684
290 685
291 297
291 673
291 674
291 677
291 678
291 680
291 681
291 682
291 684
291 685
292 609
292 617
293 609
293 617
293 627
293 629
293 639
293 775
293 778
295 831
295 836
296 682
296 685
298 651
298 652
300 627
300 629
300 656
300 660
300 661
300 668
301 682
301 685
302 627
302 629
302 656
302 660
302 661
302 668
303 348
303 789
303 1529
304 632
304 636
304 685
304 686
304 1689
304 1709
305 632
305 636
305 685
305 686
305 1689
305 1709
306 665
306 670
307 674
307 677
308 665
308 670
308 674
308 677
309 320
309 331
310 832
310 836
311 324
311 328
311 332
312 320
312 331
313 319
313 321
313 322
313 323
313 324
313 328
313 332
313 617
313 629
314 681
315 319
315 322
317 319
317 321
317 322
317 323
317 324
317 327
317 329
317 330
317 331
317 332
317 617
317 629
318 681
319 322
319 324
319 327
319 329
319 330
319 331
319 332
321 326
321 327
322 627
322 629
323 326
323 327
323 329
323 627
323 629
326 329
330 831
330 836
332 831
332 836
333 666
333 671
334 367
334 368
334 372
335 367
335 368
335 372
335 373
335 374
335 775
335 778
336 358
336 364
336 367
336 368
337 358
337 364
337 367
338 776
338 778
339 776
339 778
340 776
340 779
340 840
340 1000
340 1036
340 1523
341 776
341 779
341 840
341 1000
341 1036
341 1523
342 350
342 608
342 609
342 1589
343 386
343 387
343 801
343 802
344 391
344 393
344 396
344 399
344 473
344 474
344 888
344 893
344 897
344 901
344 902
344 904
344 1000
344 1001
344 1048
344 1054
344 1055
345 385
345 390
345 396
345 473
345 474
345 888
345 891
345 892
345 893
345 897
345 901
345 902
345 904
345 907
345 1000
345 1001
346 385
346 390
346 396
347 386
347 387
347 801
347 802
348 790
348 794
348 796
348 856
348 880
349 921
349 926
350 362
350 1001
350 1588
351 1004
351 1005
351 1229
351 1234
352 1577
352 1582
353 797
353 803
354 797
354 803
355 790
355 794
355 796
356 790
356 794
356 796
357 367
357 368
357 373
357 374
358 375
358 376
359 365
359 369
360 365
360 369
360 608
360 609
361 608
361 609
361 1000
361 1036
362 608
362 609
362 666
362 671
362 1589
362 2226
362 2229
362 2231
366 921
366 926
367 375
367 376
370 2226
370 2229
370 2231
377 1586
377 1587
378 1586
378 1587
379 380
379 382
380 382
381 891
381 892
381 902
381 904
381 907
382 1561
382 1567
383 1561
383 1567
384 884
384 899
385 392
385 395
386 1578
386 1580
387 1578
387 1580
388 788
388 792
388 870
388 882
389 788
389 792
389 884
389 899
391 392
391 393
391 440
391 441
391 527
391 535
391 787
391 1561
391 1567
392 393
392 396
392 400
392 402
392 1561
392 1567
393 440
393 441
393 527
393 535
393 787
393 863
393 868
393 1561
393 1567
394 870
394 882
395 396
395 400
395 402
396 787
397 863
397 868
397 1582
397 1585
398 1577
398 1582
398 1585
399 787
400 598
400 599
400 1541
400 1543
400 1565
400 1567
401 855
401 863
402 404
402 406
402 1541
402 1543
402 1565
402 1567
403 404
403 406
403 598
403 599
404 855
404 858
404 859
404 863
405 858
405 859
406 679
406 684
407 679
407 684
408 505
408 1238
409 1229
409 1234
410 850
410 851
410 860
410 861
410 874
410 951
410 955
410 1395
410 1397
410 1401
411 952
411 953
411 960
411 1367
411 1368
411 1380
412 413
412 424
412 468
412 472
412 480
412 850
412 857
412 860
412 867
412 874
412 877
412 878
412 881
412 885
412 886
412 895
412 951
412 952
412 953
412 955
412 960
412 962
412 1327
412 1367
412 1368
412 1380
412 1397
412 1401
412 1460
412 1469
413 424
413 468
413 472
413 480
413 850
413 857
413 860
413 867
413 874
413 877
413 878
413 881
413 885
413 886
413 895
413 951
413 952
413 953
413 955
413 960
413 962
413 1327
413 1367
413 1380
413 1397
413 1401
413 1460
413 1469
414 473
414 474
415 473
415 474
416 457
416 461
416 469
416 470
416 473
416 474
416 476
416 478
416 1578
416 1580
417 457
417 461
417 466
417 467
417 470
417 471
417 473
417 1578
417 1580
418 466
418 467
418 471
419 1429
419 1431
419 1442
420 879
420 884
420 899
421 850
421 851
421 860
421 861
421 937
421 938
421 942
421 951
421 952
421 953
421 955
421 960
421 962
421 1332
421 1340
421 1367
421 1380
421 1427
422 1433
422 1446
423 467
423 471
423 481
423 482
423 483
424 481
424 482
424 483
424 484
424 485
424 486
424 1367
424 1368
425 476
425 478
425 481
425 482
425 483
425 485
425 486
426 475
426 476
426 478
426 481
426 482
426 483
426 927
426 931
427 954
427 957
428 444
428 445
428 446
428 448
428 954
428 957
429 444
429 445
429 446
429 448
430 1016
430 1017
431 1016
431 1017
431 1533
431 1537
432 808
432 815
433 1229
433 1234
434 1229
434 1234
434 1533
434 1537
435 808
435 815
435 870
435 882
436 447
436 450
437 870
437 882
438 447
438 450
439 891
439 907
440 891
440 907
442 1498
442 1504
443 1498
443 1504
449 1355
449 1366
451 1355
451 1366
452 858
452 859
453 858
453 859
454 470
454 473
455 470
455 473
457 853
457 859
458 466
458 470
459 466
459 467
459 471
461 853
461 859
462 466
462 467
462 470
462 471
463 464
463 466
464 465
464 466
464 467
464 471
465 466
466 467
466 471
467 470
467 473
467 474
467 952
467 1603
467 1604
467 1605
468 854
469 853
470 471
470 853
470 859
471 473
471 474
471 952
471 1603
471 1604
471 1605
472 854
473 859
475 477
476 479
476 853
477 481
477 927
477 931
478 479
478 853
478 858
478 859
479 481
479 482
479 483
479 485
479 486
480 860
481 485
481 486
481 858
481 859
481 953
481 1331
481 1428
481 1433
482 485
482 486
482 860
482 861
482 951
482 952
482 953
482 955
482 962
482 1327
482 1331
482 1397
482 1401
482 1428
482 1433
483 860
483 861
483 951
483 952
483 953
483 955
483 956
483 960
483 962
483 970
483 1327
483 1397
483 1401
484 953
484 956
485 860
485 861
485 867
485 952
485 953
485 955
485 960
485 962
485 970
485 1443
485 1445
485 1450
485 1454
486 850
486 851
486 860
486 861
486 867
486 874
486 940
486 941
486 951
486 952
486 953
486 955
486 960
486 962
486 1443
486 1445
486 1450
486 1454
489 491
489 492
489 517
489 535
490 517
490 535
491 516
491 545
491 549
491 599
491 600
491 613
491 614
491 622
491 630
491 734
491 746
491 749
491 754
491 1022
491 1181
492 516
492 523
492 524
492 545
492 549
492 599
492 600
492 613
492 614
492 622
492 630
492 734
492 745
492 746
492 749
492 1022
492 1140
492 1148
492 1181
492 2727
492 2728
493 523
493 524
493 621
493 633
493 746
493 749
493 1140
493 1148
494 523
494 530
494 621
494 633
495 529
495 537
495 1565
495 1567
496 529
496 537
497 1190
497 1193
498 1418
498 1421
499 587
499 590
499 1424
499 1425
500 587
500 591
500 1424
500 1425
501 1279
501 1280
502 1235
502 1248
503 506
503 508
503 611
503 612
503 1263
503 1264
504 509
504 510
504 521
504 522
504 1231
504 1235
504 1242
504 1243
504 1248
504 1250
505 506
505 507
505 595
505 1101
505 1102
505 1180
505 1185
505 1229
505 1234
505 1235
505 1248
505 1535
505 1536
505 1539
506 595
506 1038
506 1039
506 1091
506 1097
506 1180
506 1185
506 1238
506 1260
506 1561
506 1564
506 1606
506 2059
506 2060
506 2696
507 1038
507 1039
507 1091
507 1097
507 1190
507 1193
507 1238
507 1561
507 1564
507 1606
507 2059
507 2060
507 2696
508 1091
508 1097
508 1260
509 522
509 1177
509 1183
509 1565
509 1567
510 523
510 530
510 556
510 557
510 596
510 611
510 1078
510 1079
510 1238
511 523
511 530
512 515
512 532
512 537
512 548
512 599
512 600
512 613
512 623
512 624
512 734
512 745
512 746
512 749
512 1140
512 1148
512 2727
512 2728
513 600
513 754
514 515
515 523
515 524
515 603
515 615
515 765
515 766
516 602
516 603
516 615
516 765
516 766
517 527
517 535
517 603
517 604
517 613
517 650
517 653
517 734
517 1581
517 1584
518 608
518 609
519 527
519 535
520 1314
521 522
521 556
521 557
521 595
521 596
521 611
521 1078
521 1079
521 1177
521 1183
521 1238
522 595
522 1231
522 1242
523 532
523 537
523 548
523 598
523 599
523 611
523 612
523 613
523 620
523 621
523 623
523 624
523 633
523 734
523 746
523 1001
523 1010
523 1557
523 1565
523 1567
523 1588
523 2260
523 2588
524 532
524 537
524 548
524 598
524 599
524 611
524 612
524 613
524 620
524 621
524 623
524 624
524 633
524 746
524 1561
524 1567
524 2260
524 2588
525 601
525 755
526 616
526 664
526 665
526 670
526 671
526 676
526 765
527 528
527 535
527 603
527 604
527 613
527 624
527 625
527 634
527 640
527 641
527 645
527 655
527 663
527 665
527 670
527 671
527 676
527 734
527 1543
527 1549
527 1581
527 1584
528 535
528 608
528 609
528 671
528 676
529 596
529 611
529 619
529 620
529 1078
529 1079
529 1157
529 1159
529 1165
529 1167
529 2106
529 2113
530 611
530 612
530 620
530 1001
530 1010
530 1157
530 1165
530 1557
530 1565
530 1567
530 1588
531 601
531 755
531 1561
531 1567
533 1314
535 603
535 604
535 613
535 624
535 625
535 634
535 640
535 641
535 645
535 650
535 653
535 655
535 663
535 665
535 670
535 671
535 676
535 734
535 1581
535 1584
536 618
536 626
536 655
536 657
536 658
536 671
536 676
536 801
536 802
536 807
536 1543
536 1549
537 619
537 745
537 746
537 1159
537 1165
537 1167
537 1273
537 1276
537 2106
537 2113
538 598
538 599
538 1281
538 1282
539 602
539 616
539 664
539 665
539 670
539 671
539 676
539 765
539 766
541 1281
541 1282
542 566
542 570
542 571
542 575
542 598
542 599
542 601
542 602
542 766
543 603
543 615
543 765
543 766
544 563
544 566
544 571
544 601
544 603
544 604
544 618
544 626
544 671
544 676
544 757
544 801
544 802
544 807
545 618
545 626
545 655
545 657
545 658
545 665
545 670
545 801
545 802
545 807
545 1052
545 1056
545 1543
545 1549
545 1556
545 1562
546 1823
546 1827
547 1635
547 1703
548 745
548 746
548 1273
548 1276
549 566
549 571
549 665
549 670
549 1052
549 1056
549 1543
549 1549
549 1556
549 1562
550 563
550 566
550 570
550 571
550 575
550 598
550 599
550 601
550 602
550 766
551 563
551 566
551 571
551 601
551 757
552 1635
552 1703
554 566
554 571
554 600
554 601
554 741
554 747
554 755
555 566
555 571
555 600
555 601
555 665
555 670
555 755
555 1556
555 1562
559 679
559 684
559 741
559 747
559 1064
559 1068
560 563
560 566
560 570
560 571
560 573
560 575
560 602
560 766
562 1064
562 1068
563 679
563 684
563 741
563 747
563 1064
563 1068
564 1784
564 1789
564 1823
564 1827
565 566
565 570
565 571
565 573
566 679
566 684
569 1282
569 1283
570 573
570 581
570 601
570 755
570 1298
570 1314
571 679
571 684
572 1784
572 1789
573 575
574 1665
574 1667
575 581
575 601
575 755
575 1298
575 1314
576 1282
576 1283
577 1291
577 1294
578 856
578 863
578 1599
578 1616
579 856
579 863
579 1599
579 1616
580 1291
580 1294
582 1665
582 1667
583 1561
583 1567
585 1561
585 1567
587 590
587 1297
589 1394
589 1400
591 1297
593 1418
593 1421
594 1418
594 1421
595 1548
595 1550
595 1606
596 710
596 718
596 725
596 729
597 710
597 718
597 725
597 729
598 613
598 725
598 729
598 733
598 734
598 735
598 1248
598 1249
598 1254
599 600
599 601
599 699
599 733
599 735
599 755
599 1137
599 1138
599 1248
599 1249
599 1254
600 699
600 745
600 749
600 800
600 806
600 811
600 1137
600 1138
600 1582
600 1585
601 701
601 713
601 724
601 737
601 743
601 749
601 1018
601 1019
601 1025
601 1026
601 1314
601 1527
601 1529
601 1530
602 1309
602 1312
603 623
603 624
603 628
603 635
603 646
603 650
603 655
603 657
603 713
603 720
603 737
603 743
603 1001
603 1023
603 1024
603 1042
603 1061
603 1079
603 1082
603 1171
603 1588
603 1606
604 623
604 624
604 646
604 650
604 655
604 657
604 713
604 720
604 1042
604 1061
605 655
605 657
606 1282
606 1283
607 632
607 636
607 721
607 728
608 781
608 1001
608 1588
609 1001
609 1588
610 632
610 636
610 721
610 728
611 1006
611 1031
611 1092
611 1093
611 1260
612 613
612 725
612 729
612 734
612 1006
612 1031
612 1260
613 620
613 731
613 736
613 1561
613 1567
614 1561
614 1567
615 1309
615 1312
616 1513
616 1518
617 775
617 778
620 734
620 1092
620 1093
625 634
625 649
625 653
626 1314
627 629
627 648
627 652
627 654
627 665
627 670
627 679
627 680
627 682
627 684
627 685
628 766
629 648
629 652
629 654
629 665
629 670
629 679
629 680
629 682
629 684
629 685
629 775
629 778
631 1314
632 663
632 664
632 665
632 669
632 671
632 672
632 675
632 676
632 1062
632 1067
634 649
634 653
635 766
636 650
636 651
636 653
636 663
636 664
636 665
636 671
636 672
636 676
637 663
637 665
637 670
637 679
637 684
638 650
638 651
638 653
638 663
638 665
638 669
638 670
638 675
638 679
638 684
638 1062
638 1067
642 758
642 761
643 665
643 670
644 758
644 761
645 665
645 670
646 665
646 670
647 758
647 761
648 667
648 668
650 665
650 670
650 1498
650 1504
652 667
652 668
653 665
653 670
653 1498
653 1504
654 667
654 668
655 663
655 665
655 670
655 766
657 663
657 665
657 670
657 766
659 1022
659 1023
662 1022
662 1023
663 665
663 670
665 674
665 677
670 674
670 677
673 1542
673 1546
677 1542
677 1546
678 831
678 836
679 1549
679 1551
682 1544
682 1545
683 1911
683 1915
684 1549
684 1551
684 1911
684 1915
685 1544
685 1545
690 695
690 705
690 1120
690 1317
690 1319
691 692
691 693
691 1217
691 1219
692 702
692 1131
692 1136
692 1147
692 1153
692 1158
692 1162
692 1163
692 1184
693 702
693 1000
693 1036
693 1141
693 1147
693 1150
693 1153
694 1121
694 1130
694 1150
694 1158
695 703
695 704
695 714
695 722
695 725
695 1124
696 729
696 732
696 738
696 1092
696 1097
696 1120
696 1135
696 1140
696 1143
696 1148
696 1149
696 1157
697 698
697 699
697 700
697 701
697 706
697 711
697 712
697 715
697 718
697 738
697 739
697 1126
697 1129
697 1138
697 1157
697 1165
698 699
698 700
698 701
698 711
698 715
698 718
698 738
698 739
698 1126
698 1129
698 1138
699 706
699 710
699 711
699 712
699 718
699 719
699 731
699 736
699 749
699 1027
699 1065
699 1078
699 1079
699 1140
699 1143
700 706
700 710
700 711
700 712
700 718
700 719
700 731
700 736
700 738
700 741
700 742
700 745
700 768
700 771
700 1140
700 1143
701 735
701 738
701 745
701 749
701 751
701 757
701 768
701 771
701 1047
701 1051
701 1052
701 1056
701 1063
701 1088
701 1090
702 709
702 723
702 893
702 897
702 1142
702 1145
702 1152
702 1158
702 1162
702 1163
702 1179
702 1180
702 1184
702 1187
702 1189
702 1201
702 1202
703 717
703 1121
703 1162
703 1168
703 1169
703 1175
704 1121
704 1130
704 1142
704 1147
704 1150
704 1153
704 1158
705 714
705 722
705 725
705 1124
706 711
706 712
706 718
706 738
706 739
706 1129
706 1138
706 1157
706 1165
707 1142
707 1145
707 1152
708 893
708 897
708 1131
708 1136
708 1158
708 1162
709 716
709 1142
709 1147
709 1153
710 729
710 732
710 746
710 749
710 1011
710 1092
710 1097
710 1126
710 1135
710 1138
710 1143
710 1148
710 1157
710 1554
711 1126
711 1129
711 1135
711 1140
711 1143
711 1148
711 1157
713 757
713 763
713 768
713 775
713 777
713 778
713 1052
713 1056
714 1120
715 741
715 742
715 745
715 749
715 1052
715 1056
715 1088
715 1090
716 723
716 1142
716 1145
716 1152
716 1179
716 1180
716 1187
716 1189
716 1201
716 1202
717 1162
717 1168
717 1169
717 1175
718 724
718 731
718 736
718 737
718 740
718 741
718 742
718 743
718 745
718 746
718 747
718 749
718 1011
718 1126
718 1129
718 1138
718 1148
718 1157
718 1554
720 763
720 768
720 775
720 778
720 1052
720 1056
721 775
721 776
721 778
722 1120
724 727
724 731
724 735
724 736
724 742
724 751
724 757
724 761
724 767
724 775
724 776
724 777
724 778
724 904
724 905
724 1047
724 1051
724 1063
724 1088
724 1090
725 1120
725 1121
726 729
726 731
726 732
726 736
727 731
727 736
727 737
727 740
727 741
727 742
727 743
727 745
727 746
727 747
728 775
728 776
728 778
729 731
729 736
729 1120
729 1121
730 732
730 738
731 732
731 733
731 734
731 735
731 736
731 737
731 738
731 739
732 735
732 736
732 745
732 746
732 1011
732 1120
732 1206
732 1207
732 1554
733 736
734 736
735 736
735 738
735 743
735 752
735 1049
735 1061
736 737
736 738
736 739
736 1030
736 1037
737 742
737 747
737 753
737 757
737 761
737 766
737 767
737 769
737 770
737 772
737 776
737 778
737 904
737 905
738 745
738 746
738 1067
738 1070
738 1078
738 1079
738 1098
738 1100
738 1120
738 1206
738 1207
738 1314
738 1561
738 1565
738 1567
739 745
739 746
739 1011
739 1067
739 1070
739 1078
739 1079
739 1098
739 1100
739 1206
739 1207
739 1314
739 1554
739 1561
739 1565
739 1567
740 1098
740 1100
741 775
741 777
741 1049
741 1061
741 1519
741 1522
742 1030
742 1037
743 747
743 751
743 753
743 757
743 766
743 776
743 778
744 768
744 771
745 755
745 1002
745 1003
745 1032
745 1038
745 1039
745 1314
745 1552
745 1553
746 1002
746 1003
746 1032
746 1038
746 1039
746 1092
746 1093
747 752
747 775
747 777
747 1519
747 1522
748 768
748 769
748 770
748 771
748 772
749 755
749 1092
749 1093
749 1137
749 1138
749 1552
749 1553
750 1038
750 1039
750 1069
750 1071
751 752
751 883
751 889
752 753
753 1038
753 1039
753 1069
753 1071
755 800
755 806
755 811
755 1018
755 1019
755 1582
755 1585
756 883
756 889
757 1025
757 1026
757 1314
757 1527
757 1529
757 1530
759 1128
759 1129
760 1309
760 1312
762 1128
762 1129
763 776
763 778
764 776
764 778
765 1513
765 1518
766 1001
766 1023
766 1024
766 1079
766 1082
766 1171
766 1588
766 1606
773 1282
773 1283
774 1015
774 1064
775 779
775 1001
775 1027
775 1028
775 1039
775 1043
775 1052
775 1056
775 1065
775 1588
776 778
776 779
777 1015
777 1052
777 1056
777 1064
778 779
778 1001
778 1027
778 1028
778 1039
778 1043
778 1052
778 1056
778 1065
778 1588
780 781
784 810
784 816
784 870
784 882
785 794
785 796
786 794
786 796
787 1048
787 1054
787 1055
789 790
789 794
789 796
789 856
789 869
789 872
789 880
790 794
790 796
790 808
790 815
790 1544
790 1551
791 891
791 907
793 869
793 872
794 796
794 802
794 810
794 870
794 882
794 887
794 906
794 1544
794 1551
796 802
796 808
796 810
796 815
796 870
796 882
796 887
796 906
796 1544
796 1551
798 870
798 882
798 884
798 887
798 891
798 892
798 907
799 801
799 806
799 807
799 811
799 814
799 818
799 819
799 820
799 831
799 836
799 858
799 859
801 804
801 809
801 811
801 1571
801 1573
802 1571
802 1573
803 887
803 906
804 807
804 814
804 816
804 831
804 836
804 892
804 907
805 831
805 836
805 858
805 859
805 870
805 882
805 884
805 887
805 891
805 892
805 907
806 809
806 814
806 816
806 818
806 834
806 837
806 2038
806 2076
807 809
807 811
807 1571
807 1573
808 870
808 882
808 898
808 906
809 811
809 814
809 816
809 818
809 819
809 820
809 831
809 836
810 828
811 814
811 816
811 818
811 834
811 837
811 892
811 907
811 2038
811 2076
812 819
812 820
813 870
813 882
813 898
813 906
814 815
814 819
814 875
814 887
814 891
814 892
814 898
814 906
814 907
815 816
815 819
815 820
815 870
815 882
815 898
815 906
816 819
816 828
816 898
816 906
818 875
818 887
818 891
818 892
818 907
821 831
821 836
822 898
822 906
823 898
823 906
824 831
824 836
826 898
826 906
828 870
828 882
828 898
828 906
829 831
829 836
831 832
831 833
831 836
831 1753
831 1755
832 836
833 836
836 1753
836 1755
841 904
841 905
841 909
841 910
841 914
841 915
842 903
842 910
842 911
843 844
843 848
843 878
843 885
843 886
843 895
843 900
843 904
843 905
843 909
843 910
843 911
843 1323
843 1437
843 1503
843 1506
843 1510
843 1521
843 1528
844 848
844 885
844 886
844 895
844 1432
844 1438
844 1503
844 1506
844 1510
844 1521
844 1528
845 1432
845 1438
846 1494
846 1497
846 1500
847 1470
847 1473
847 1485
847 1489
847 1494
847 1497
847 1500
848 1460
848 1469
848 1470
848 1473
848 1485
848 1489
848 1490
848 1494
848 1497
848 1500
849 951
849 955
849 962
849 1331
849 1428
849 1433
849 1440
849 1446
849 1465
849 1468
849 1480
849 1481
850 852
850 854
850 857
850 867
850 874
850 878
850 937
850 1326
850 1328
850 1331
850 1335
850 1361
850 1381
850 1428
850 1429
850 1430
850 1431
850 1433
850 1440
850 1446
850 1447
850 1456
850 1460
850 1461
850 1465
850 1468
850 1481
850 1483
850 1494
850 1497
851 852
851 874
851 878
851 937
851 1328
851 1332
851 1335
851 1427
851 1428
851 1429
851 1433
851 1440
851 1446
851 1447
851 1460
851 1461
851 1468
851 1481
851 1483
851 1494
851 1497
852 1327
852 1369
852 1374
852 1397
852 1401
853 869
853 872
854 874
854 967
854 970
855 1429
855 1431
855 1442
857 874
858 1412
858 1414
858 1503
858 1506
858 2812
858 2814
859 869
859 872
859 1503
859 1506
860 881
860 886
860 895
860 937
860 967
860 970
861 937
862 879
862 884
862 899
864 1066
864 1072
865 1047
865 1051
866 1397
866 1401
866 1412
866 1414
866 1438
866 1455
866 2812
866 2814
867 874
867 1326
867 1428
867 1430
867 1431
867 1440
867 1465
867 1468
868 1397
868 1401
868 1438
868 1455
869 891
869 893
869 897
869 907
869 931
869 933
869 1454
869 1462
869 1501
869 1503
869 1506
870 887
870 890
870 898
870 906
870 2485
870 2947
871 1066
871 1072
872 891
872 893
872 897
872 907
872 931
872 933
872 1412
872 1414
872 1454
872 1462
872 1501
872 1503
872 1506
873 1331
873 1433
873 1446
874 1328
874 1331
874 1361
874 1381
874 1429
874 1433
874 1440
874 1446
874 1447
874 1456
874 1465
874 1468
874 1490
874 1494
874 1497
875 1542
875 1546
876 893
876 897
876 904
876 905
876 1505
876 1509
878 951
878 955
878 962
878 1460
878 1469
878 1480
878 1481
878 1490
878 1494
878 1497
878 1500
881 1494
881 1497
881 1500
882 887
882 890
882 898
882 906
882 2485
882 2947
883 897
883 905
883 1322
883 1423
885 952
885 962
885 1052
885 1056
885 1494
885 1497
885 1500
886 1490
886 1494
887 1542
887 1546
888 1047
888 1051
888 1512
888 1517
889 897
889 905
889 1322
889 1423
889 1519
889 1522
891 917
891 921
892 917
892 921
893 894
893 897
893 904
893 905
893 913
893 918
893 919
893 923
893 1052
893 1056
893 1505
893 1509
893 1519
893 1522
893 1728
893 1730
894 897
894 904
894 905
894 1505
894 1509
895 952
895 962
895 1052
895 1056
895 1494
895 1497
895 1500
896 917
896 921
897 904
897 905
897 909
897 919
897 923
897 1038
897 1039
897 1052
897 1056
897 1067
897 1072
897 1505
897 1509
897 1728
897 1730
900 1500
900 1519
900 1522
901 1512
901 1517
902 913
902 918
903 1516
904 914
904 915
904 922
904 932
904 934
904 936
904 1000
904 1036
904 1038
904 1039
904 1462
904 1470
904 1500
905 909
905 914
905 915
905 922
905 932
905 934
905 936
905 1000
905 1036
905 1038
905 1039
905 1067
905 1072
905 1462
905 1470
905 1500
907 917
907 921
909 922
909 1500
909 1519
909 1522
910 922
910 1508
910 1516
910 1519
910 1522
911 1508
911 1516
912 914
912 915
912 927
912 928
914 915
914 922
914 927
914 931
914 1001
914 1508
914 1511
914 1588
915 922
915 927
915 931
916 1519
916 1522
919 927
919 928
919 931
919 933
919 1001
919 1508
919 1511
919 1588
920 931
920 933
924 928
924 929
925 928
925 929
926 930
932 1512
932 1517
934 1512
934 1517
937 938
937 951
937 952
937 953
937 955
937 960
937 962
937 1332
937 1335
937 1336
937 1367
937 1380
937 1427
938 942
938 1340
938 1433
938 1446
939 1433
939 1446
940 1360
940 1367
940 1368
941 1360
941 1367
941 1368
942 944
942 996
942 1348
942 1354
942 1356
942 1361
942 1381
942 2481
942 2484
943 951
943 955
943 1338
943 1343
943 1361
943 1381
944 1340
944 2456
944 2479
944 2480
945 2456
945 2479
945 2480
946 1383
946 1384
946 1394
949 1305
949 1306
950 1016
950 1017
951 955
951 962
951 967
951 970
951 1334
951 1375
951 1382
951 1433
951 1446
951 1473
951 1477
951 1478
952 1396
952 1399
953 1367
953 1368
953 1396
953 1399
953 1443
953 1454
955 962
955 967
955 970
955 1334
955 1361
955 1367
955 1368
955 1375
955 1381
955 1382
955 1427
955 1433
955 1446
955 1473
955 1477
955 1478
956 1367
956 1368
956 1396
956 1399
956 1443
956 1454
957 975
957 979
958 959
958 971
958 975
958 979
959 966
960 967
960 970
960 1369
960 1374
960 1430
960 1443
961 964
961 969
962 967
962 970
962 1361
962 1367
962 1368
962 1369
962 1374
962 1381
962 1427
962 1430
962 1433
962 1443
962 1446
963 2746
963 2747
964 968
965 975
965 979
966 971
966 975
966 979
967 1369
967 1374
967 1427
967 1433
967 1503
967 1506
967 2776
967 2778
968 969
968 972
968 978
968 2746
968 2747
970 1369
970 1374
970 1427
970 1433
970 2776
970 2778
972 973
972 974
972 984
972 986
972 1326
972 1328
972 1429
972 1503
972 1506
973 978
974 978
975 987
975 988
976 985
976 992
977 1367
977 1368
978 984
978 986
978 1326
978 1328
978 1367
978 1368
978 1429
979 987
979 988
980 987
980 988
981 985
981 992
982 997
982 998
983 987
983 988
989 997
989 998
990 991
990 994
990 995
991 993
993 994
993 995
996 1340
997 998
997 999
997 1346
997 1351
998 999
998 1346
998 1351
1000 1123
1001 1589
1004 1035
1004 1524
1004 1526
1005 1035
1005 1524
1005 1526
1006 1009
1006 1030
1007 1009
1007 1030
1008 1037
1008 1040
1010 1111
1010 1112
1010 1554
1010 1557
1011 1563
1011 1566
1011 1569
1011 1572
1012 1071
1012 1074
1012 1078
1012 1079
1012 1115
1012 1116
1012 1299
1012 1301
1012 1519
1012 1522
1013 1561
1013 1567
1014 1561
1014 1567
1015 1095
1015 1096
1016 1204
1016 1209
1016 1299
1016 1300
1016 1301
1017 1299
1017 1300
1017 1301
1018 1070
1018 1073
1018 1077
1018 1142
1018 1147
1018 1153
1018 1195
1018 1197
1018 1200
1018 1212
1018 1215
1018 1219
1018 1223
1019 1070
1019 1073
1019 1077
1019 1142
1019 1147
1019 1153
1019 1197
1019 1212
1019 1215
1020 1148
1020 1157
1021 1086
1021 1087
1021 1233
1021 1240
1022 1082
1022 1085
1022 1113
1022 1148
1022 1156
1022 1208
1022 1233
1022 1240
1023 1071
1023 1074
1023 1082
1023 1085
1023 1519
1023 1522
1027 1129
1027 1137
1027 1138
1029 1071
1029 1074
1029 1078
1029 1079
1029 1115
1029 1116
1029 1299
1029 1301
1029 1519
1029 1522
1030 1037
1030 1040
1034 1037
1034 1040
1035 1229
1035 1234
1036 1123
1037 1558
1037 1581
1037 1584
1038 1599
1038 1616
1039 1599
1039 1616
1040 1558
1040 1581
1040 1584
1042 1054
1042 1058
1043 1599
1043 1616
1044 1046
1044 1059
1045 1046
1045 1059
1046 1047
1046 1048
1046 1055
1046 1059
1046 1063
1047 1054
1047 1058
1047 1059
1047 1060
1047 1128
1047 1137
1047 2074
1047 2082
1048 1059
1048 1060
1048 1061
1048 1066
1050 1204
1050 1209
1052 1125
1052 1134
1052 1137
1052 1146
1052 1519
1052 1522
1052 1530
1052 1531
1053 1174
1053 1182
1054 1061
1054 1063
1055 1059
1055 1060
1055 1061
1055 1066
1056 1125
1056 1134
1056 1137
1056 1146
1056 1519
1056 1522
1056 1530
1056 1531
1057 1069
1057 1071
1057 1204
1057 1209
1058 1061
1058 1063
1059 1063
1060 1063
1063 1128
1063 1137
1063 2074
1063 2082
1064 1069
1064 1071
1064 1095
1064 1096
1064 1174
1064 1182
1065 1129
1065 1137
1065 1138
1066 1606
1067 1606
1068 1174
1068 1182
1069 1193
1069 1194
1071 1109
1071 1110
1071 1171
1071 1173
1071 1193
1071 1194
1072 1076
1072 1077
1074 1109
1074 1110
1074 1171
1074 1173
1075 1089
1075 1091
1076 1077
1078 1095
1078 1096
1078 1129
1078 1138
1078 1187
1078 1189
1078 1200
1078 1207
1078 1519
1078 1521
1078 1522
1078 1528
1078 1571
1078 1573
1079 1095
1079 1096
1079 1129
1079 1138
1079 1187
1079 1189
1079 1200
1079 1207
1079 1519
1079 1521
1079 1522
1079 1528
1079 1571
1079 1573
1080 1089
1080 1091
1084 1086
1084 1087
1086 1294
1086 1297
1087 1294
1087 1297
1088 1520
1088 1525
1090 1520
1090 1525
1092 1157
1092 1164
1092 1198
1092 1199
1093 1094
1093 1099
1093 1198
1093 1199
1094 1099
1094 1155
1094 1166
1097 1157
1097 1164
1099 1155
1099 1166
1101 1238
1102 1238
1103 1834
1103 1835
1103 1846
1104 1235
1104 1248
1104 1249
1105 1107
1105 1147
1105 1153
1105 1217
1105 1219
1106 1132
1106 1224
1107 1124
1107 1133
1107 1139
1107 1163
1107 1217
1107 1219
1107 1578
1107 1583
1108 1109
1108 1188
1109 1188
1109 1193
1109 1194
1109 1235
1109 1248
1109 2059
1109 2060
1110 1235
1110 1248
1110 2059
1110 2060
1111 1557
1112 1557
1113 1157
1113 1164
1113 1181
1113 1194
1113 1196
1113 1229
1113 1233
1113 1234
1113 1241
1113 1577
1113 1582
1114 1118
1114 1119
1114 1200
1114 1207
1114 1232
1114 1233
1114 1240
1114 1241
1115 1118
1115 1119
1115 1200
1115 1207
1115 1228
1115 1232
1115 1233
1115 1240
1115 1241
1115 1252
1116 1228
1116 1230
1116 1239
1116 1247
1116 1252
1117 1228
1117 1230
1117 1239
1117 1247
1117 1251
1117 1252
1117 1255
1118 1228
1118 1231
1118 1252
1118 1253
1119 1231
1119 1253
1120 1124
1120 1149
1120 1157
1121 1145
1121 1152
1122 1131
1122 1136
1123 1131
1123 1136
1123 1141
1123 1150
1124 1184
1124 1217
1124 1219
1124 1317
1124 1319
1124 1606
1127 2052
1127 2064
1127 2065
1128 1503
1128 1510
1128 1519
1128 1522
1130 1145
1130 1152
1131 1147
1131 1153
1132 1151
1132 2052
1132 2064
1132 2065
1133 1147
1133 1153
1133 1184
1133 1217
1133 1219
1133 1606
1136 1147
1136 1153
1137 1503
1137 1510
1137 1519
1137 1522
1139 1217
1140 1144
1140 1154
1144 1148
1145 1147
1145 1153
1145 1162
1145 1168
1145 1170
1145 1172
1145 1176
1145 1179
1145 1180
1145 1606
1147 1150
1147 1152
1147 1158
1147 1169
1147 1175
1148 1154
1148 1159
1148 1165
1148 1167
1148 1181
1148 1191
1150 1153
1150 1162
1150 1168
1150 1172
1150 1176
1150 1606
1151 1224
1152 1153
1152 1162
1152 1168
1152 1170
1152 1172
1152 1176
1152 1179
1152 1180
1152 1606
1153 1158
1153 1169
1153 1175
1156 1181
1157 1159
1157 1165
1157 1167
1157 1191
1157 1208
1160 1162
1160 1169
1161 1162
1161 1169
1163 1217
1164 1208
1169 1177
1169 1178
1169 1180
1169 1185
1169 1190
1169 1193
1169 1194
1171 1519
1171 1522
1175 1177
1175 1178
1175 1180
1175 1185
1175 1190
1175 1193
1175 1194
1179 1185
1179 1187
1179 1189
1180 1185
1180 1186
1180 1187
1180 1189
1180 1192
1180 1193
1180 1194
1180 1220
1180 1225
1181 1208
1183 1555
1183 1567
1184 1555
1184 1567
1185 1186
1185 1190
1185 1192
1185 1193
1185 1220
1185 1225
1187 1190
1187 1193
1188 1193
1188 1194
1189 1190
1189 1193
1193 1198
1193 1199
1194 1208
1195 1198
1195 1199
1195 1210
1196 1208
1197 1200
1197 1207
1200 1205
1200 1210
1200 1211
1200 1212
1203 1232
1203 1240
1205 1207
1205 1209
1207 1211
1207 1212
1208 1229
1208 1233
1208 1234
1208 1241
1208 1577
1208 1582
1209 1211
1210 1219
1210 1223
1211 1232
1211 1240
1213 1606
1214 1251
1214 1255
1217 1219
1217 1578
1217 1583
1217 1606
1218 1233
1218 1240
1219 1606
1220 1235
1220 1248
1220 1249
1221 1606
1222 1257
1222 1261
1226 1257
1226 1261
1227 1606
1228 1574
1228 1576
1229 1238
1229 1606
1230 1606
1231 1233
1231 1240
1231 1244
1231 1251
1232 1269
1233 1253
1234 1238
1234 1606
1235 1238
1235 1260
1235 1538
1235 1540
1235 1547
1236 1245
1236 1262
1236 1266
1236 1606
1237 1606
1238 1243
1238 1248
1238 1250
1238 1535
1238 1536
1238 1539
1240 1253
1240 1269
1244 1253
1244 1263
1244 1264
1245 1262
1245 1266
1246 1606
1248 1260
1248 1538
1248 1540
1248 1547
1251 1253
1252 1574
1252 1576
1255 1263
1255 1264
1259 1267
1259 1268
1259 1273
1260 1263
1260 1264
1263 1267
1263 1268
1263 1273
1265 1704
1265 1709
1266 1704
1266 1709
1267 1284
1267 1288
1268 1272
1268 1274
1268 1284
1268 1288
1270 1704
1270 1709
1271 1606
1272 1273
1272 1606
1273 1274
1273 1284
1273 1288
1275 1277
1275 1278
1276 1277
1276 1278
1276 1279
1276 1280
1285 1286
1285 1287
1286 1289
1287 1289
1289 1293
1289 1295
1289 1296
1293 1295
1293 1296
1295 1296
1295 1415
1295 1417
1300 1305
1300 1306
1304 1305
1304 1306
1314 1315
1314 1318
1314 2223
1314 2228
1314 2919
1314 2921
1315 1322
1315 1380
1315 1381
1315 1423
1318 1322
1318 1380
1318 1381
1318 1423
1320 1380
1320 1381
1322 1368
1322 1380
1322 1431
1322 1438
1322 1443
1322 1455
1323 1324
1323 1411
1323 1412
1323 1413
1323 1414
1323 1419
1323 1423
1323 1437
1323 1500
1324 1423
1324 1437
1325 1397
1325 1401
1325 1409
1325 1411
1325 1413
1325 1416
1325 1430
1325 1431
1325 1435
1325 1438
1325 1455
1325 1473
1325 1477
1325 1478
1326 1331
1326 1355
1326 1366
1326 1368
1326 1380
1326 1426
1326 1428
1327 1329
1327 1330
1327 1331
1327 1332
1327 1364
1327 1366
1327 1369
1327 1374
1327 1379
1327 1388
1327 1427
1327 1428
1327 1430
1327 1431
1327 1433
1327 1435
1327 1446
1327 1450
1327 1505
1327 1509
1327 1512
1327 1517
1328 1330
1328 1331
1328 1366
1328 1369
1328 1374
1328 1426
1328 1427
1328 1428
1328 1433
1329 1397
1330 1397
1330 1429
1331 1369
1331 1374
1331 1397
1331 1429
1331 1443
1331 1454
1331 1460
1331 1461
1331 1465
1331 1468
1331 1469
1331 1470
1331 1482
1331 1486
1331 1494
1331 1497
1331 1503
1331 1506
1332 1364
1332 1379
1332 1395
1332 1397
1332 1401
1332 1426
1332 1434
1332 1446
1332 1489
1332 1490
1332 1494
1332 1497
1333 1354
1333 1361
1334 1338
1334 1343
1334 1361
1334 1381
1334 1392
1334 1393
1335 1336
1335 1367
1335 1368
1335 1380
1336 1367
1336 1368
1336 1380
1337 1367
1337 1368
1338 1367
1338 1368
1339 1360
1339 1368
1340 1348
1340 1356
1340 1361
1340 1381
1340 2481
1340 2484
1341 1383
1341 1384
1341 1394
1342 1392
1342 1393
1344 1360
1344 1368
1345 2455
1345 2746
1345 2747
1345 2750
1345 2754
1346 1365
1346 1373
1346 2455
1346 2747
1347 1376
1347 1382
1348 1368
1348 1374
1348 1379
1348 1380
1348 1386
1348 1389
1349 2455
1349 2746
1349 2747
1349 2750
1349 2754
1350 1365
1350 1373
1350 1384
1350 2455
1350 2747
1352 1376
1352 1382
1353 1373
1353 1384
1355 1429
1356 1368
1356 1374
1356 1379
1356 1380
1356 1386
1356 1389
1357 1386
1357 1389
1357 1639
1358 1373
1358 1383
1358 1384
1358 1390
1359 1373
1359 1383
1359 1384
1359 1390
1362 1639
1363 1373
1363 1384
1364 1397
1364 1427
1366 1397
1366 1429
1367 1368
1367 1380
1367 1385
1367 1391
1368 1380
1368 1385
1368 1391
1368 1399
1368 1403
1368 1429
1368 1432
1368 2801
1368 2804
1369 1397
1369 1428
1369 1433
1369 1494
1369 1497
1370 2780
1370 2781
1371 1373
1371 1384
1372 2780
1372 2781
1373 1378
1374 1397
1374 1428
1374 1433
1374 1494
1374 1497
1376 1383
1376 1394
1376 1405
1376 1407
1377 1383
1377 1394
1377 1405
1377 1407
1378 1384
1379 1397
1379 1427
1380 1399
1380 1403
1380 1429
1380 1432
1380 2801
1380 2804
1383 1387
1383 1393
1387 1394
1388 1397
1393 1394
1395 1427
1396 1398
1396 1399
1396 1403
1396 1420
1396 1422
1396 1678
1397 1413
1397 1427
1397 1428
1397 1430
1397 1431
1397 1433
1397 1435
1397 1436
1397 1446
1397 1450
1397 1451
1397 1505
1397 1509
1397 1512
1397 1517
1398 1399
1398 1420
1398 1422
1398 1678
1398 2750
1398 2754
1398 2756
1398 2761
1399 1403
1399 1405
1399 1407
1399 1409
1399 1415
1399 1417
1399 1678
1399 2750
1399 2754
1399 2756
1399 2761
1399 2780
1399 2781
1399 2834
1399 2837
1401 1413
1401 1427
1401 1430
1401 1431
1401 1435
1401 1436
1401 1450
1401 1451
1402 1678
1403 1405
1403 1407
1403 1409
1403 1415
1403 1417
1403 2780
1403 2781
1403 2834
1403 2837
1404 1405
1404 1409
1405 1409
1405 1414
1405 1415
1407 1414
1407 1415
1408 1418
1408 1421
1409 1413
1410 1418
1410 1421
1411 1413
1411 1437
1412 1423
1412 1424
1412 1425
1412 1437
1413 1435
1413 1437
1414 1423
1414 1424
1414 1425
1414 1436
1414 1437
1414 1438
1414 1451
1414 1455
1415 1678
1416 1435
1416 1436
1416 1438
1416 1451
1416 1455
1417 1678
1418 1635
1418 1642
1418 2738
1418 2825
1419 1423
1419 1437
1421 1635
1421 1642
1421 2738
1421 2825
1423 1437
1423 1438
1423 1455
1424 1678
1425 1678
1426 1427
1426 1429
1426 1443
1426 1454
1426 1494
1426 1497
1427 1429
1427 1430
1427 1431
1427 1434
1427 1443
1427 1446
1427 1489
1427 1490
1427 1494
1427 1497
1428 1429
1428 1433
1428 1443
1428 1446
1428 1454
1428 1460
1428 1469
1428 1477
1428 1478
1428 1482
1428 1486
1428 1494
1428 1497
1429 1433
1430 1433
1430 1435
1430 1449
1430 1457
1431 1432
1431 1433
1431 1435
1431 1449
1431 1457
1432 1443
1433 1443
1433 1446
1433 1460
1433 1465
1433 1468
1433 1481
1433 1482
1433 1485
1433 1486
1433 1494
1433 1497
1434 1441
1434 1443
1434 1453
1434 1454
1434 1462
1434 1490
1434 1494
1434 1497
1434 1500
1435 1438
1435 1443
1435 1454
1435 1455
1435 1462
1435 1466
1435 1470
1435 1473
1435 1477
1435 1478
1435 1493
1435 1498
1435 1501
1435 1504
1435 1506
1436 1498
1436 1502
1437 1452
1437 1464
1437 1498
1437 1500
1437 1502
1438 1452
1438 1455
1438 1464
1438 1492
1438 1496
1438 1499
1438 1507
1438 2794
1438 2799
1438 2860
1438 2866
1439 1492
1439 1496
1439 1499
1439 1507
1440 1443
1440 1444
1440 1454
1440 1460
1440 1461
1440 1469
1440 1470
1440 1477
1440 1478
1440 1482
1440 1494
1440 1497
1440 1503
1440 1506
1441 1448
1443 1447
1443 1449
1443 1450
1443 1454
1443 1457
1443 1462
1443 1467
1443 1477
1443 1481
1443 1482
1443 1483
1443 1495
1443 1498
1443 2801
1443 2804
1443 2866
1443 2869
1444 1447
1444 1495
1444 1498
1444 2866
1444 2869
1445 1488
1445 1493
1445 1496
1445 1498
1445 1502
1445 1504
1445 1507
1446 1460
1446 1468
1446 1481
1446 1485
1446 1494
1446 1497
1446 1503
1446 1506
1447 1454
1447 1462
1447 1490
1447 1494
1447 1497
1447 1500
1448 1453
1450 1454
1450 1462
1450 1466
1450 1470
1450 1473
1450 1477
1450 1478
1450 1488
1450 1493
1450 1498
1450 1501
1450 1504
1450 1506
1451 1452
1451 1464
1451 1498
1451 1502
1452 1455
1452 1474
1452 1479
1452 1492
1452 1498
1452 1499
1452 1504
1454 1457
1454 1462
1454 1467
1454 1473
1454 1477
1454 1481
1454 1482
1454 1483
1454 1486
1454 2801
1454 2804
1455 1464
1455 1492
1455 1496
1455 1499
1455 1507
1455 2794
1455 2799
1455 2860
1455 2866
1458 1488
1458 1493
1458 1496
1458 1498
1458 1502
1458 1504
1458 1507
1459 1492
1459 1496
1459 1498
1459 1499
1459 1504
1459 1507
1460 1461
1460 1469
1460 1470
1460 1476
1460 1480
1460 1490
1460 1494
1460 1497
1460 1503
1460 1510
1461 1466
1461 1468
1461 1469
1461 1503
1461 1510
1462 1470
1462 1473
1462 1477
1462 1482
1462 1486
1462 1494
1462 1497
1462 1501
1462 1503
1462 1506
1463 1484
1463 1491
1464 1474
1464 1479
1464 1487
1464 1492
1464 1498
1464 1499
1464 1504
1465 1494
1465 1497
1468 1469
1468 1470
1468 1476
1468 1480
1468 1490
1468 1494
1469 1470
1469 1494
1469 1497
1470 1473
1470 1494
1470 1497
1470 1501
1470 1503
1470 1506
1471 1495
1471 1498
1472 1494
1472 1497
1473 1503
1473 1506
1474 1484
1474 1491
1474 1495
1474 1498
1475 1487
1475 1492
1476 1486
1476 1490
1477 1494
1477 1497
1478 1494
1478 1497
1479 1491
1479 1498
1480 1486
1480 1490
1482 1494
1482 1497
1494 1503
1494 1506
1494 1510
1497 1503
1497 1506
1497 1510
1498 1514
1498 1515
1498 1519
1500 1521
1500 1528
1503 1505
1503 1509
1503 1513
1503 1514
1503 1518
1503 1519
1503 1522
1503 2880
1503 2886
1504 1514
1504 1515
1504 1519
1505 1506
1505 1510
1506 1509
1506 1513
1506 1514
1506 1518
1506 1519
1506 1522
1506 2880
1506 2886
1509 1510
1509 1512
1509 2864
1509 2868
1510 1514
1510 1519
1510 1522
1510 2880
1510 2886
1512 2864
1512 2868
1519 1531
1519 1532
1522 1531
1522 1532
1554 1557
1554 1563
1554 1566
1554 1569
1554 1572
1559 1561
1559 1567
1560 1561
1560 1567
1561 1562
1561 1564
1561 1565
1561 1567
1561 2114
1561 2125
1562 1567
1564 1567
1565 1567
1567 2114
1567 2125
1588 1589
1591 2174
1591 2187
1591 2395
1591 2396
1592 1593
1592 2574
1592 2741
1592 2742
1592 2823
1592 2824
1592 2827
1592 2833
1592 2864
1592 2868
1593 1980
1594 1617
1594 1619
1594 1639
1595 1688
1595 2076
1595 2150
1595 2151
1597 2114
1597 2125
1598 2704
1598 2705
1599 1688
1599 1693
1599 1694
1599 1704
1599 1709
1599 1728
1599 1730
1599 1761
1599 1782
1599 1813
1599 1818
1599 1836
1599 2071
1599 2076
1599 2083
1599 2174
1599 2187
1599 2246
1600 2493
1600 2566
1600 2610
1600 2617
1601 2674
1601 2686
1602 1617
1602 1619
1602 1639
1602 2018
1602 2020
1603 2018
1603 2020
1604 2801
1604 2805
1605 2801
1605 2805
1606 1621
1606 1622
1606 2106
1606 2113
1606 2136
1606 2137
1606 2141
1606 2561
1606 2570
1606 2592
1606 2602
1606 2631
1606 2636
1606 2664
1606 2694
1606 2698
1606 2699
1606 2701
1606 2721
1606 2922
1606 2923
1607 2801
1607 2805
1608 1705
1608 1713
1609 1641
1609 1645
1609 1705
1609 1713
1609 1763
1609 1892
1609 2771
1609 2776
1610 1612
1610 1618
1610 2671
1610 2673
1611 1641
1611 1645
1611 1705
1611 1713
1611 1763
1611 1892
1611 2771
1611 2776
1612 1618
1614 1690
1614 1691
1614 2162
1614 2173
1614 2186
1615 2162
1615 2173
1615 2186
1616 1688
1616 1690
1616 1691
1616 1728
1616 1730
1616 1761
1616 1782
1616 1813
1616 1818
1616 1836
1616 2071
1616 2076
1616 2083
1616 2174
1616 2187
1616 2246
1617 1641
1617 1645
1617 1672
1617 1673
1617 1728
1617 1730
1617 2755
1618 2060
1618 2696
1619 1641
1619 1645
1619 1672
1619 1673
1619 1728
1619 1730
1619 2060
1619 2128
1619 2132
1619 2696
1619 2755
1623 2128
1623 2132
1624 2704
1624 2705
1625 2493
1625 2566
1625 2610
1625 2617
1625 2674
1625 2686
1626 2680
1626 2683
1626 2687
1627 2680
1627 2683
1627 2687
1628 2054
1628 2145
1628 2148
1629 1640
1629 1643
1629 1670
1629 1672
1630 1714
1630 1716
1631 1649
1631 1655
1632 1634
1632 1641
1632 1649
1632 1655
1632 1684
1632 1685
1632 1707
1634 1755
1634 1757
1634 1758
1635 1638
1635 1653
1635 1757
1635 1758
1636 1650
1636 1652
1636 1653
1636 1660
1636 1777
1636 1785
1636 1856
1636 1946
1636 1953
1636 2016
1636 2018
1636 2020
1636 2118
1636 2120
1636 2734
1636 2742
1636 2789
1636 2790
1636 2794
1636 2816
1636 2817
1636 2818
1636 2819
1636 2820
1636 2824
1637 1650
1637 1652
1637 1653
1637 1660
1637 1946
1637 1953
1637 2118
1637 2120
1637 2734
1637 2742
1637 2789
1637 2790
1637 2794
1637 2816
1637 2817
1637 2820
1637 2824
1638 1642
1638 1674
1638 1675
1639 2750
1639 2754
1639 2756
1639 2761
1639 2768
1639 2769
1639 2808
1639 2812
1640 1645
1640 1650
1640 1727
1641 1755
1641 2128
1641 2132
1641 2135
1641 2140
1641 2143
1642 1653
1642 1777
1642 1785
1642 1856
1642 2016
1642 2018
1642 2020
1642 2816
1642 2817
1643 1645
1643 1650
1643 1727
1643 1729
1643 1731
1644 1729
1644 1731
1645 1714
1645 1716
1645 2128
1645 2132
1646 2141
1646 2146
1647 1678
1647 1708
1647 1713
1647 2019
1647 2021
1647 2135
1647 2140
1647 2143
1647 2794
1647 2799
1648 1678
1648 1708
1648 1713
1648 2019
1648 2021
1648 2794
1648 2799
1648 2816
1648 2817
1648 2818
1648 2819
1650 1652
1650 1663
1650 1664
1650 1705
1650 1706
1650 1710
1650 1714
1650 1716
1651 1710
1651 1713
1651 1718
1651 1721
1651 2141
1651 2146
1652 1663
1652 1664
1652 1672
1652 1673
1652 1705
1652 1706
1652 1710
1652 2801
1652 2804
1653 1674
1653 1675
1653 2801
1653 2804
1654 1688
1654 2076
1654 2150
1654 2151
1656 1714
1656 1716
1657 1714
1657 1716
1658 1730
1658 1731
1659 1672
1659 1673
1661 2779
1661 2782
1662 2780
1662 2781
1664 1670
1664 1672
1665 1710
1665 1713
1665 1718
1665 1721
1666 2779
1666 2780
1666 2781
1666 2782
1667 1730
1667 1731
1668 1670
1668 1672
1670 1720
1672 1720
1674 2737
1674 2738
1674 2828
1675 2737
1675 2738
1675 2762
1675 2772
1675 2828
1677 2762
1677 2772
1678 1809
1678 1814
1678 1926
1678 1929
1678 1986
1678 2030
1678 2735
1678 2797
1678 2799
1678 2812
1678 2814
1678 2817
1678 2875
1678 2880
1679 2795
1679 2802
1680 2795
1680 2802
1681 1714
1681 1715
1682 1714
1682 1715
1683 1705
1683 1706
1683 2136
1683 2137
1683 2141
1684 1755
1685 1755
1687 1704
1687 1709
1687 1946
1687 1953
1688 1698
1688 1699
1688 1704
1688 1709
1688 1717
1688 1720
1688 1755
1688 1757
1688 2725
1688 2727
1690 1695
1690 1719
1690 1722
1690 1728
1690 1730
1690 1818
1690 1959
1690 1961
1691 1693
1691 1694
1691 1695
1691 1719
1691 1722
1691 1728
1691 1730
1691 1818
1691 1959
1691 1961
1692 1693
1692 1694
1693 1719
1693 1722
1693 2728
1694 1719
1694 1722
1694 1734
1694 1735
1694 1737
1694 2728
1695 1730
1695 1731
1695 1733
1695 1734
1695 1735
1695 1737
1695 1739
1695 1743
1695 1813
1695 1818
1696 1734
1696 1735
1696 1737
1696 1739
1696 1743
1696 1751
1696 1753
1696 1813
1696 1818
1697 1751
1697 1753
1698 1755
1698 1757
1698 2076
1699 1755
1699 1757
1699 2076
1701 1809
1701 1815
1701 2844
1701 2845
1701 2887
1701 2892
1702 1914
1702 1916
1703 1914
1703 1916
1704 1755
1704 1757
1704 1758
1704 1759
1704 2076
1704 2728
1705 1714
1705 1715
1705 2143
1705 2146
1705 2148
1706 1714
1706 1715
1706 2143
1707 1755
1708 2767
1708 2771
1709 1755
1709 1757
1709 1758
1709 1759
1709 2076
1709 2728
1710 2779
1710 2782
1711 2122
1711 2126
1712 2054
1712 2145
1712 2148
1712 2767
1712 2771
1713 2146
1713 2148
1713 2779
1713 2782
1714 1736
1714 1738
1714 2122
1714 2126
1715 2122
1715 2126
1716 1736
1716 1738
1717 1718
1717 1721
1717 1723
1717 1724
1717 2076
1718 1720
1719 1725
1719 1729
1720 1721
1720 1723
1720 1724
1720 2076
1722 1725
1722 1729
1725 1747
1725 1749
1726 1747
1726 1749
1728 2419
1728 2425
1729 1734
1729 1735
1729 1737
1729 1747
1729 1749
1729 1750
1729 1751
1730 1818
1730 2419
1730 2425
1731 1734
1731 1735
1731 1737
1731 1750
1731 1751
1731 1818
1732 1738
1732 1740
1733 1818
1734 1738
1734 1740
1735 1739
1735 1741
1735 1743
1737 1739
1737 1741
1737 1743
1741 1742
1741 1743
1742 1744
1743 1744
1745 1746
1745 1748
1746 1749
1748 1749
1755 2076
1757 1988
1757 2022
1757 2076
1758 1988
1758 2022
1760 1809
1760 1815
1760 2844
1760 2845
1760 2887
1760 2892
1762 1793
1762 1799
1762 2370
1762 2373
1763 2239
1763 2241
1765 1877
1765 1881
1765 1886
1765 1890
1765 2342
1765 2349
1766 1877
1766 1881
1766 2342
1766 2349
1767 2421
1767 2423
1768 1791
1768 1798
1768 1819
1768 1820
1768 2421
1768 2423
1769 1791
1769 1798
1769 1819
1769 1820
1770 1819
1770 1820
1770 2866
1770 2869
1771 1812
1771 1817
1771 2866
1771 2869
1772 1812
1772 1817
1772 1819
1772 1821
1772 1822
1772 1826
1773 2880
1773 2881
1773 2882
1773 2888
1774 2022
1774 2025
1774 2729
1774 2730
1774 2827
1774 2833
1774 2875
1774 2880
1774 2881
1775 2738
1775 2825
1775 2828
1775 2835
1775 2839
1777 1793
1777 1799
1778 2328
1778 2329
1778 2370
1778 2373
1779 2328
1779 2329
1780 2040
1780 2071
1780 2075
1780 2245
1780 2429
1780 2430
1783 1795
1783 1797
1783 1798
1783 1801
1783 1805
1783 1886
1783 1890
1783 2229
1783 2231
1784 1789
1784 1798
1784 1801
1784 1819
1784 1820
1784 1825
1784 1830
1784 2229
1784 2231
1784 2585
1784 2588
1785 2355
1785 2356
1786 2040
1786 2071
1786 2075
1786 2245
1787 2429
1787 2430
1788 1790
1788 1793
1788 1794
1788 1797
1788 2438
1788 2439
1788 2459
1788 2460
1788 2464
1789 1798
1789 1801
1789 1819
1789 1820
1789 1825
1789 1830
1789 2585
1789 2588
1790 1791
1790 1792
1790 1794
1790 1809
1790 1814
1790 1854
1790 1857
1791 1795
1791 1797
1791 2347
1791 2356
1792 1795
1792 1797
1792 1798
1792 1801
1792 1805
1792 1825
1792 1830
1793 1794
1793 1875
1793 1878
1793 2427
1793 2430
1793 2440
1793 2443
1794 1797
1794 1875
1794 1878
1794 1882
1794 1884
1794 2427
1794 2430
1794 2438
1794 2439
1794 2440
1794 2443
1795 1975
1795 1997
1795 2438
1795 2439
1796 2438
1796 2439
1796 2459
1796 2460
1796 2464
1797 1809
1797 1814
1797 1854
1797 1857
1797 1975
1797 1997
1797 2438
1797 2439
1798 1805
1798 1807
1798 1812
1798 1817
1798 2324
1798 2347
1798 2356
1798 2398
1798 2414
1798 2447
1799 1836
1799 2246
1799 2406
1799 2416
1800 1882
1800 1884
1800 2406
1800 2416
1801 1805
1801 1807
1801 1812
1801 1817
1801 1902
1801 1903
1801 2324
1801 2398
1801 2414
1801 2447
1803 1819
1803 1820
1804 1819
1804 1820
1805 1807
1805 1812
1805 1817
1805 1902
1805 1903
1805 2427
1805 2430
1806 2038
1806 2076
1807 1902
1807 1903
1807 2421
1807 2423
1808 1835
1808 1836
1808 1846
1808 1865
1808 1871
1808 2038
1808 2076
1808 2246
1809 1811
1809 1816
1809 1836
1809 1865
1809 1871
1809 2246
1810 1819
1810 1820
1811 1815
1812 1817
1812 1823
1812 1827
1812 2421
1812 2423
1812 2427
1812 2430
1812 2888
1812 2890
1814 1835
1814 1836
1814 1846
1814 1865
1814 1871
1814 2246
1815 1816
1817 1823
1817 1827
1817 2888
1817 2890
1819 1836
1819 2246
1819 2898
1820 1836
1820 2246
1820 2432
1820 2434
1821 2898
1822 2898
1824 2432
1824 2434
1825 1828
1825 1831
1825 2161
1825 2179
1825 2401
1825 2420
1826 1903
1826 1904
1826 2735
1826 2817
1826 2893
1826 2894
1826 2898
1828 1830
1830 1831
1830 1903
1830 1904
1830 2022
1830 2025
1830 2161
1830 2179
1830 2401
1830 2420
1830 2735
1830 2817
1830 2893
1830 2894
1831 2210
1831 2211
1831 2215
1831 2217
1831 2441
1831 2442
1831 2867
1831 2872
1832 2022
1832 2025
1832 2210
1832 2211
1832 2215
1832 2217
1832 2401
1832 2420
1832 2441
1832 2442
1832 2867
1832 2872
1836 1865
1836 1871
1836 2199
1836 2200
1836 2345
1836 2350
1836 2410
1836 2419
1837 1876
1837 1879
1838 1876
1838 1879
1838 1880
1838 1881
1838 2227
1838 2233
1838 2235
1838 2237
1838 2345
1838 2349
1838 2358
1838 2361
1838 2410
1838 2419
1838 2431
1838 2432
1839 1880
1839 1881
1839 2227
1839 2233
1839 2235
1839 2237
1839 2345
1839 2349
1839 2358
1839 2361
1840 1858
1840 1862
1841 1880
1841 1881
1842 2327
1842 2354
1842 2358
1842 2361
1842 2439
1843 2222
1843 2226
1843 2941
1843 2944
1844 2198
1844 2204
1845 2198
1845 2204
1847 2394
1847 2429
1849 2219
1849 2222
1849 2394
1849 2429
1850 1858
1850 1862
1851 2223
1851 2228
1852 1863
1852 1869
1852 2219
1852 2222
1852 2223
1852 2226
1852 2228
1852 2229
1852 2231
1852 2394
1852 2429
1853 2219
1853 2222
1855 2197
1855 2204
1855 2215
1855 2217
1855 2219
1856 2355
1856 2356
1858 1863
1858 1869
1858 2226
1858 2229
1858 2231
1858 2235
1858 2236
1858 2237
1858 2239
1858 2244
1858 2354
1858 2358
1859 2354
1859 2358
1860 2219
1860 2222
1860 2229
1860 2231
1860 2238
1860 2240
1860 2354
1860 2358
1860 2361
1861 2345
1861 2349
1862 1863
1862 1869
1862 2187
1862 2197
1862 2215
1862 2219
1862 2226
1862 2229
1862 2231
1862 2235
1862 2236
1862 2237
1862 2239
1862 2244
1862 2354
1862 2358
1863 1864
1863 2197
1863 2204
1863 2215
1863 2217
1863 2219
1863 2222
1863 2238
1863 2240
1863 2241
1863 2368
1863 2371
1864 1869
1864 2187
1864 2197
1864 2215
1864 2219
1864 2226
1864 2229
1864 2231
1864 2354
1864 2358
1864 2361
1865 2174
1865 2186
1865 2246
1866 1872
1866 1878
1866 1882
1866 1884
1866 2071
1866 2245
1867 1868
1867 1874
1867 2358
1867 2361
1867 2406
1867 2416
1868 1874
1868 2345
1868 2349
1868 2358
1868 2361
1868 2406
1868 2416
1869 2219
1869 2222
1869 2238
1869 2240
1869 2241
1869 2354
1869 2358
1869 2361
1869 2368
1869 2371
1870 1878
1870 1882
1871 2174
1871 2186
1871 2246
1872 1889
1873 2020
1873 2022
1874 2020
1874 2022
1874 2361
1874 2364
1874 2367
1874 2369
1875 1885
1875 1886
1875 2242
1875 2243
1875 2343
1875 2344
1875 2352
1875 2522
1875 2535
1877 2361
1877 2364
1877 2367
1877 2369
1878 1885
1878 1886
1878 2242
1878 2243
1878 2343
1878 2344
1878 2352
1878 2522
1878 2535
1880 2378
1881 2378
1882 1889
1884 1889
1885 1887
1885 1888
1886 1887
1886 1888
1886 1890
1886 1891
1886 2896
1886 2897
1889 2071
1889 2245
1890 1891
1890 2896
1890 2897
1892 2239
1892 2241
1893 2174
1893 2187
1893 2395
1893 2396
1894 2162
1894 2163
1894 2186
1895 2091
1895 2103
1895 2162
1895 2163
1895 2186
1896 2091
1896 2103
1897 1944
1897 1945
1898 1920
1898 1924
1898 1926
1898 1929
1898 2314
1898 2318
1899 1926
1899 1929
1899 2314
1899 2318
1900 2485
1900 2947
1901 2099
1901 2108
1901 2110
1901 2163
1901 2175
1902 1911
1902 1915
1902 2174
1902 2186
1902 2411
1902 2422
1903 1911
1903 1915
1903 2073
1903 2087
1903 2174
1903 2186
1903 2345
1903 2350
1903 2411
1903 2422
1904 2073
1904 2087
1904 2345
1904 2350
1905 2945
1905 2946
1906 2485
1906 2946
1906 2947
1906 2948
1907 1943
1907 1949
1907 2935
1908 1945
1908 1950
1908 1951
1908 1956
1908 1957
1909 2331
1909 2337
1910 1911
1910 1914
1910 1915
1910 1916
1910 1926
1910 1929
1910 1930
1910 1939
1910 2302
1910 2305
1910 2412
1910 2418
1911 1926
1911 1929
1911 1936
1911 1937
1911 1945
1911 1947
1911 1951
1911 2098
1911 2109
1911 2294
1911 2302
1911 2305
1911 2314
1911 2318
1911 2334
1912 1931
1912 1935
1912 1944
1912 1945
1913 1920
1913 1924
1913 1926
1913 1929
1913 1931
1913 1935
1913 2314
1913 2318
1914 1938
1914 1946
1914 2041
1914 2243
1914 2294
1914 2485
1914 2946
1914 2947
1915 1917
1915 1921
1915 1926
1915 1929
1915 1936
1915 1937
1915 1945
1915 1947
1915 1951
1915 2098
1915 2109
1915 2294
1915 2302
1915 2305
1915 2306
1915 2314
1915 2318
1915 2334
1916 1938
1916 1946
1916 2041
1916 2243
1916 2294
1916 2946
1916 2947
1917 1919
1917 2223
1917 2228
1918 2302
1918 2305
1919 1921
1919 2302
1919 2305
1919 2306
1921 2223
1921 2228
1922 2302
1922 2305
1923 1926
1923 1929
1925 2485
1925 2947
1926 1931
1926 1936
1926 1944
1926 1945
1926 1950
1926 1982
1926 2294
1926 2390
1927 2942
1927 2943
1928 2485
1928 2945
1928 2946
1928 2947
1929 1931
1929 1936
1929 1944
1929 1945
1929 1950
1929 1982
1929 2294
1929 2390
1930 2294
1930 2941
1930 2942
1930 2943
1930 2944
1931 2511
1931 2512
1932 2485
1932 2945
1932 2946
1932 2947
1932 2948
1933 1944
1933 1950
1934 2127
1934 2128
1934 2132
1934 2350
1934 2354
1934 2412
1934 2418
1935 2486
1935 2487
1935 2511
1935 2512
1936 1943
1936 1944
1936 1949
1936 1950
1937 1944
1937 1950
1937 2941
1937 2944
1938 2399
1938 2407
1939 2294
1940 1988
1940 2038
1940 2074
1940 2076
1940 2082
1940 2127
1940 2128
1940 2132
1940 2350
1940 2354
1940 2395
1940 2396
1940 2399
1940 2407
1940 2412
1940 2418
1941 1986
1941 2030
1942 1944
1942 1950
1942 2486
1942 2487
1943 1945
1943 1954
1943 1959
1943 1961
1943 1962
1943 1986
1943 2030
1943 2074
1943 2082
1943 2120
1943 2123
1943 2126
1943 2128
1943 2412
1943 2418
1944 1945
1944 1950
1944 2540
1944 2543
1944 2937
1944 2939
1945 1949
1945 1950
1945 1951
1945 1956
1945 2027
1945 2028
1945 2540
1945 2543
1945 2826
1945 2835
1945 2914
1945 2916
1945 2924
1945 2937
1945 2939
1946 1950
1946 1951
1946 2022
1946 2025
1946 2041
1946 2072
1946 2074
1946 2082
1946 2084
1946 2243
1946 2345
1946 2350
1946 2399
1946 2407
1946 2421
1946 2423
1946 2426
1948 1988
1948 2022
1948 2025
1948 2038
1948 2076
1948 2345
1948 2350
1948 2395
1948 2396
1948 2399
1948 2407
1949 1954
1949 1959
1949 1961
1949 1962
1949 2074
1949 2082
1949 2120
1949 2123
1949 2126
1949 2128
1949 2412
1949 2418
1950 1951
1950 1953
1950 1956
1950 1960
1950 1963
1950 2027
1950 2028
1950 2826
1950 2835
1950 2914
1950 2916
1950 2924
1950 2932
1950 2934
1951 1953
1951 1960
1951 1963
1951 2914
1951 2916
1951 2924
1951 2932
1951 2934
1953 2041
1953 2072
1953 2084
1953 2243
1953 2421
1953 2423
1953 2426
1956 2932
1957 2932
1958 2399
1958 2407
1959 1966
1959 1971
1959 1973
1959 1974
1959 1988
1959 2009
1959 2011
1959 2022
1959 2025
1959 2074
1959 2082
1959 2120
1959 2128
1959 2330
1959 2343
1959 2352
1959 2353
1961 2074
1961 2082
1961 2330
1961 2353
1962 1966
1962 1971
1962 1973
1962 1974
1962 1988
1962 2009
1962 2011
1962 2022
1962 2025
1962 2074
1962 2082
1962 2120
1962 2128
1962 2343
1962 2352
1964 2340
1964 2359
1965 2340
1965 2359
1965 2396
1965 2398
1965 2404
1965 2414
1967 2831
1967 2836
1968 2831
1968 2836
1969 2396
1969 2404
1970 2398
1970 2414
1972 2331
1972 2337
1976 2074
1976 2082
1976 2569
1976 2660
1977 2569
1977 2660
1978 1993
1978 2028
1978 2029
1978 2074
1978 2082
1978 2461
1978 2471
1978 2474
1978 2667
1978 2678
1979 2667
1979 2678
1980 2574
1980 2741
1980 2742
1980 2827
1980 2833
1980 2864
1980 2868
1981 2827
1981 2833
1982 1991
1982 1992
1982 2035
1982 2036
1983 1991
1983 1992
1983 2386
1983 2472
1983 2473
1983 2868
1984 1991
1984 1992
1984 2386
1984 2400
1984 2408
1984 2451
1984 2452
1984 2868
1985 2400
1985 2408
1986 1988
1986 2396
1986 2404
1986 2412
1986 2418
1986 2486
1986 2487
1986 2828
1986 2834
1986 2846
1986 2854
1987 2022
1987 2025
1988 2022
1988 2025
1988 2030
1988 2160
1988 2178
1988 2347
1988 2356
1988 2402
1988 2415
1989 2003
1989 2006
1990 2741
1990 2742
1990 2891
1990 2896
1991 2392
1991 2393
1991 2451
1991 2452
1991 2738
1991 2768
1991 2769
1991 2773
1991 2825
1992 2392
1992 2393
1992 2467
1992 2470
1992 2738
1992 2760
1992 2765
1992 2768
1992 2769
1992 2773
1992 2825
1993 1996
1994 2019
1994 2021
1994 2465
1994 2468
1995 2019
1995 2021
1995 2465
1995 2468
1996 2024
1996 2028
1996 2029
1996 2074
1996 2082
1996 2461
1996 2471
1996 2474
1998 2074
1998 2082
1999 2024
1999 2028
2000 2406
2000 2416
2001 2017
2001 2019
2002 2011
2002 2013
2003 2391
2003 2406
2003 2416
2004 2017
2004 2019
2005 2011
2005 2013
2006 2391
2007 2010
2007 2012
2008 2010
2008 2012
2014 2022
2014 2025
2015 2016
2015 2018
2016 2018
2016 2022
2016 2025
2017 2022
2017 2025
2018 2022
2018 2025
2019 2028
2019 2029
2019 2371
2019 2374
2019 2790
2019 2794
2020 2027
2020 2028
2020 2402
2020 2415
2020 2741
2020 2743
2021 2022
2021 2025
2021 2028
2021 2029
2021 2371
2021 2374
2021 2790
2021 2794
2022 2023
2022 2025
2022 2026
2022 2027
2022 2028
2022 2334
2022 2339
2022 2341
2022 2342
2022 2395
2022 2396
2022 2402
2022 2403
2022 2404
2022 2412
2022 2415
2022 2418
2022 2741
2022 2743
2022 2834
2022 2837
2022 2854
2023 2025
2025 2026
2025 2027
2025 2028
2025 2334
2025 2339
2025 2341
2025 2342
2025 2395
2025 2396
2025 2402
2025 2403
2025 2404
2025 2412
2025 2415
2025 2418
2025 2834
2025 2837
2025 2854
2027 2032
2027 2033
2028 2032
2028 2033
2029 2032
2029 2033
2030 2396
2030 2404
2030 2412
2030 2418
2030 2486
2030 2487
2030 2828
2030 2834
2030 2846
2030 2854
2031 2032
2031 2033
2032 2033
2032 2281
2032 2287
2032 2412
2032 2418
2032 2460
2032 2464
2033 2281
2033 2287
2033 2412
2033 2418
2033 2460
2033 2464
2034 2760
2034 2765
2035 2392
2035 2393
2036 2392
2036 2393
2037 2038
2037 2076
2038 2039
2038 2072
2038 2076
2039 2076
2042 2091
2042 2103
2043 2185
2043 2195
2043 2196
2043 2201
2043 2207
2043 2232
2043 2233
2044 2185
2044 2195
2044 2196
2044 2201
2044 2202
2044 2206
2044 2207
2044 2213
2044 2223
2044 2228
2044 2232
2044 2233
2045 2202
2045 2206
2045 2207
2045 2213
2045 2223
2045 2228
2046 2195
2046 2196
2046 2234
2046 2238
2046 2924
2046 2932
2047 2156
2047 2273
2047 2279
2047 2299
2047 2924
2047 2932
2048 2156
2048 2273
2048 2279
2048 2299
2049 2166
2049 2167
2049 2182
2049 2183
2050 2155
2050 2156
2050 2167
2050 2183
2050 2273
2050 2275
2050 2282
2050 2299
2050 2492
2050 2507
2050 2928
2050 2931
2051 2053
2051 2062
2051 2064
2051 2177
2051 2181
2051 2485
2051 2492
2051 2507
2051 2947
2052 2062
2052 2063
2052 2064
2052 2077
2052 2499
2052 2565
2053 2063
2053 2066
2055 2801
2055 2804
2055 2805
2055 2807
2056 2801
2056 2804
2056 2805
2056 2807
2057 2711
2057 2712
2058 2706
2058 2707
2059 2085
2059 2092
2059 2102
2059 2106
2059 2113
2059 2586
2059 2589
2059 2694
2059 2699
2060 2085
2060 2092
2060 2102
2060 2106
2060 2113
2060 2586
2060 2589
2060 2643
2060 2657
2060 2694
2060 2695
2060 2697
2060 2699
2061 2672
2061 2676
2061 2679
2061 2684
2062 2065
2062 2066
2062 2154
2062 2263
2063 2064
2063 2065
2063 2066
2063 2067
2063 2094
2063 2101
2063 2177
2063 2181
2064 2065
2064 2066
2064 2154
2064 2263
2065 2077
2065 2499
2065 2565
2066 2077
2066 2081
2066 2093
2066 2094
2066 2101
2066 2102
2066 2106
2066 2113
2066 2177
2066 2181
2066 2182
2066 2192
2066 2269
2066 2273
2066 2485
2066 2947
2067 2077
2067 2155
2067 2156
2067 2182
2067 2183
2067 2192
2067 2273
2067 2275
2067 2282
2067 2299
2067 2928
2067 2931
2068 2166
2068 2182
2069 2111
2069 2115
2069 2156
2069 2167
2069 2273
2069 2279
2070 2195
2070 2196
2070 2234
2070 2238
2071 2074
2071 2082
2072 2076
2073 2195
2073 2201
2073 2918
2073 2920
2074 2082
2074 2083
2074 2086
2074 2090
2074 2091
2074 2095
2074 2096
2074 2098
2074 2103
2074 2105
2074 2107
2074 2109
2074 2157
2074 2170
2074 2172
2074 2185
2074 2310
2074 2485
2074 2947
2076 2725
2076 2727
2077 2081
2077 2085
2077 2092
2077 2093
2077 2101
2077 2102
2077 2106
2077 2113
2077 2269
2077 2273
2077 2491
2077 2507
2077 2613
2077 2624
2078 2096
2078 2105
2079 2081
2079 2085
2079 2092
2079 2093
2079 2106
2079 2113
2079 2491
2079 2507
2079 2613
2079 2624
2080 2270
2080 2280
2081 2096
2081 2105
2081 2156
2081 2166
2081 2167
2081 2182
2081 2183
2081 2209
2081 2216
2081 2486
2081 2487
2081 2727
2081 2731
2082 2083
2082 2086
2082 2090
2082 2095
2082 2096
2082 2098
2082 2105
2082 2107
2082 2109
2082 2157
2082 2170
2082 2172
2082 2185
2082 2310
2082 2485
2082 2947
2085 2154
2085 2155
2085 2270
2085 2280
2086 2087
2086 2089
2086 2093
2086 2095
2086 2132
2086 2133
2086 2172
2086 2185
2086 2193
2086 2194
2086 2195
2086 2201
2086 2212
2086 2214
2086 2218
2087 2095
2087 2124
2087 2127
2087 2156
2087 2171
2087 2172
2087 2180
2087 2185
2087 2201
2087 2207
2087 2219
2087 2222
2087 2299
2087 2918
2087 2920
2089 2095
2089 2156
2089 2299
2090 2096
2090 2105
2091 2107
2091 2109
2091 2914
2091 2916
2092 2094
2092 2101
2092 2118
2092 2120
2092 2154
2092 2155
2092 2168
2092 2303
2092 2511
2092 2512
2092 2928
2092 2931
2093 2095
2093 2096
2093 2105
2093 2118
2093 2120
2093 2156
2093 2166
2093 2167
2093 2168
2093 2182
2093 2209
2093 2216
2093 2299
2093 2303
2093 2486
2093 2487
2093 2511
2093 2512
2093 2727
2093 2731
2093 2928
2093 2931
2094 2102
2094 2106
2094 2113
2094 2650
2094 2653
2095 2124
2095 2127
2095 2131
2095 2132
2095 2133
2095 2138
2095 2156
2095 2171
2095 2172
2095 2180
2095 2185
2095 2193
2095 2194
2095 2195
2095 2201
2095 2207
2095 2212
2095 2214
2095 2218
2095 2219
2095 2222
2095 2299
2096 2105
2096 2127
2096 2131
2096 2134
2096 2156
2096 2193
2096 2194
2096 2223
2096 2228
2096 2299
2096 2914
2096 2916
2097 2127
2097 2128
2097 2132
2098 2127
2098 2128
2098 2132
2098 2168
2098 2180
2098 2184
2098 2185
2098 2485
2098 2486
2098 2487
2098 2947
2099 2332
2101 2102
2101 2106
2101 2113
2101 2166
2101 2182
2101 2519
2101 2523
2101 2525
2101 2532
2101 2650
2101 2653
2102 2106
2102 2113
2102 2118
2102 2120
2102 2166
2102 2168
2102 2182
2102 2270
2102 2280
2102 2303
2102 2511
2102 2512
2102 2519
2102 2523
2102 2525
2102 2532
2103 2180
2103 2185
2103 2486
2103 2487
2103 2914
2103 2916
2104 2111
2104 2115
2104 2156
2104 2167
2104 2234
2104 2238
2105 2127
2105 2131
2105 2134
2105 2138
2105 2156
2105 2193
2105 2194
2105 2223
2105 2228
2105 2299
2105 2914
2105 2916
2106 2290
2106 2291
2106 2511
2106 2512
2106 2696
2107 2116
2107 2118
2107 2127
2107 2128
2107 2235
2107 2237
2107 2485
2107 2917
2107 2921
2107 2947
2108 2332
2109 2116
2109 2118
2109 2168
2109 2180
2109 2184
2109 2185
2109 2235
2109 2237
2109 2485
2109 2486
2109 2487
2109 2947
2110 2332
2112 2534
2112 2537
2112 2538
2113 2290
2113 2291
2113 2511
2113 2512
2113 2694
2113 2696
2113 2699
2114 2601
2114 2604
2114 2709
2116 2127
2116 2128
2116 2917
2116 2921
2117 2127
2117 2128
2117 2132
2118 2209
2118 2216
2119 2534
2119 2537
2119 2538
2120 2209
2120 2216
2125 2601
2125 2604
2125 2709
2127 2508
2127 2510
2128 2209
2128 2216
2128 2508
2128 2510
2131 2772
2131 2777
2132 2508
2132 2510
2132 2511
2132 2512
2133 2511
2133 2512
2134 2772
2134 2777
2136 2143
2137 2143
2137 2779
2137 2782
2138 2801
2138 2804
2141 2143
2141 2144
2141 2147
2141 2779
2141 2782
2142 2144
2142 2147
2142 2801
2142 2804
2153 2261
2153 2264
2153 2269
2153 2270
2153 2581
2153 2582
2153 2587
2154 2253
2154 2254
2154 2541
2154 2545
2154 2546
2154 2580
2154 2586
2154 2589
2156 2158
2156 2171
2156 2526
2156 2529
2156 2550
2156 2553
2156 2938
2156 2940
2157 2259
2157 2288
2157 2298
2157 2577
2158 2299
2159 2229
2159 2233
2160 2229
2160 2233
2160 2239
2160 2240
2160 2396
2161 2163
2161 2174
2161 2175
2161 2186
2162 2278
2162 2281
2163 2173
2163 2174
2163 2187
2163 2190
2163 2332
2163 2725
2163 2726
2164 2187
2164 2197
2164 2339
2164 2341
2165 2895
2165 2897
2167 2491
2167 2507
2167 2526
2167 2529
2168 2209
2168 2212
2169 2209
2169 2212
2169 2216
2170 2258
2170 2259
2170 2272
2170 2288
2170 2298
2170 2577
2171 2299
2172 2195
2172 2196
2172 2223
2172 2228
2172 2232
2172 2233
2172 2234
2172 2235
2172 2237
2173 2175
2174 2175
2174 2179
2174 2219
2174 2222
2174 2240
2174 2241
2174 2332
2174 2333
2174 2334
2174 2339
2174 2341
2174 2358
2174 2361
2174 2438
2174 2440
2174 2722
2174 2725
2175 2187
2175 2190
2175 2332
2175 2725
2175 2726
2176 2895
2176 2897
2178 2235
2178 2237
2178 2239
2178 2240
2178 2396
2179 2186
2180 2223
2180 2227
2180 2228
2180 2232
2180 2233
2180 2234
2180 2235
2180 2237
2182 2491
2182 2507
2185 2195
2185 2196
2185 2223
2185 2227
2185 2228
2185 2229
2185 2231
2185 2232
2185 2233
2185 2234
2185 2235
2185 2237
2186 2240
2186 2241
2186 2722
2186 2725
2187 2219
2187 2222
2187 2323
2187 2332
2187 2333
2187 2334
2187 2339
2187 2341
2187 2358
2187 2361
2187 2438
2187 2440
2188 2222
2188 2226
2188 2289
2188 2307
2188 2339
2188 2341
2188 2342
2189 2195
2189 2196
2189 2215
2189 2219
2189 2221
2189 2223
2191 2235
2191 2237
2195 2203
2195 2208
2195 2214
2195 2218
2195 2220
2195 2221
2195 2223
2196 2203
2196 2208
2196 2214
2196 2220
2196 2223
2196 2227
2196 2229
2196 2231
2196 2235
2197 2222
2197 2226
2197 2228
2197 2229
2197 2231
2197 2232
2197 2289
2197 2307
2197 2323
2197 2333
2197 2339
2197 2438
2197 2439
2198 2215
2198 2219
2198 2226
2198 2229
2198 2231
2198 2289
2198 2307
2198 2333
2198 2339
2198 2341
2198 2342
2199 2201
2199 2207
2199 2229
2199 2231
2199 2246
2200 2215
2200 2219
2200 2221
2200 2223
2200 2246
2201 2206
2201 2214
2201 2218
2201 2220
2201 2221
2201 2223
2202 2224
2202 2229
2202 2231
2202 2235
2203 2235
2203 2237
2204 2215
2204 2219
2204 2228
2204 2232
2204 2333
2204 2339
2204 2341
2204 2438
2204 2439
2205 2235
2205 2237
2206 2207
2206 2224
2206 2229
2206 2231
2209 2303
2209 2308
2210 2234
2210 2235
2210 2237
2210 2240
2210 2241
2211 2234
2211 2235
2211 2240
2211 2241
2212 2303
2212 2308
2215 2219
2215 2222
2215 2226
2215 2229
2215 2231
2215 2232
2215 2233
2215 2235
2215 2237
2216 2308
2217 2234
2217 2235
2219 2222
2219 2226
2219 2229
2219 2231
2219 2232
2219 2233
2219 2235
2219 2237
2222 2232
2222 2234
2222 2235
2222 2237
2222 2238
2222 2240
2222 2341
2222 2348
2222 2354
2222 2358
2222 2901
2222 2902
2223 2232
2223 2234
2223 2235
2223 2237
2225 2226
2225 2229
2225 2231
2226 2228
2226 2232
2226 2234
2226 2235
2226 2237
2226 2238
2226 2341
2226 2348
2226 2354
2226 2358
2226 2901
2226 2902
2227 2232
2227 2234
2227 2238
2227 2240
2228 2229
2228 2231
2228 2232
2228 2233
2228 2234
2228 2235
2228 2237
2229 2232
2229 2234
2229 2235
2229 2237
2229 2238
2229 2239
2229 2241
2229 2424
2229 2428
2229 2440
2229 2443
2230 2234
2230 2238
2231 2232
2231 2234
2231 2235
2231 2237
2231 2238
2231 2239
2231 2241
2231 2424
2231 2428
2231 2440
2231 2443
2232 2233
2232 2235
2232 2236
2232 2237
2232 2239
2233 2234
2233 2235
2233 2236
2233 2237
2233 2238
2233 2239
2234 2235
2234 2237
2235 2237
2235 2239
2235 2241
2235 2242
2235 2243
2237 2242
2237 2243
2241 2410
2241 2419
2241 2431
2241 2432
2246 2345
2246 2350
2246 2410
2246 2419
2247 2261
2247 2264
2247 2581
2247 2582
2248 2253
2248 2254
2248 2568
2248 2569
2248 2590
2248 2595
2248 2627
2248 2634
2248 2660
2249 2569
2249 2601
2249 2604
2249 2660
2250 2569
2250 2660
2251 2261
2251 2264
2252 2271
2252 2274
2252 2280
2253 2263
2253 2271
2253 2274
2253 2280
2253 2576
2253 2581
2253 2582
2253 2584
2253 2589
2253 2593
2253 2597
2254 2263
2254 2269
2254 2271
2254 2273
2254 2274
2254 2576
2254 2581
2254 2582
2254 2584
2254 2589
2254 2593
2254 2597
2255 2267
2255 2275
2256 2267
2256 2275
2257 2302
2257 2305
2258 2310
2259 2277
2259 2283
2259 2295
2259 2296
2259 2300
2259 2578
2259 2586
2260 2524
2260 2531
2261 2265
2261 2583
2261 2601
2261 2604
2262 2269
2262 2273
2262 2581
2262 2582
2263 2269
2263 2270
2263 2541
2263 2545
2263 2546
2263 2580
2263 2582
2263 2586
2263 2587
2263 2589
2264 2265
2264 2583
2266 2271
2266 2274
2266 2280
2268 2302
2268 2305
2269 2270
2269 2273
2269 2580
2269 2581
2269 2582
2269 2598
2269 2608
2269 2652
2269 2655
2270 2273
2270 2580
2270 2581
2270 2582
2270 2598
2270 2608
2270 2652
2270 2655
2271 2580
2271 2581
2272 2310
2275 2276
2275 2285
2275 2591
2275 2596
2276 2282
2276 2288
2276 2298
2276 2302
2276 2305
2277 2286
2277 2288
2277 2298
2277 2302
2277 2305
2277 2577
2278 2306
2278 2309
2278 2322
2278 2511
2278 2512
2279 2560
2279 2564
2280 2560
2280 2564
2280 2580
2280 2581
2281 2306
2281 2309
2281 2322
2281 2511
2281 2512
2282 2284
2282 2285
2282 2286
2282 2288
2282 2298
2282 2591
2282 2596
2283 2286
2283 2288
2283 2298
2283 2577
2284 2285
2285 2286
2287 2313
2287 2317
2287 2435
2287 2437
2287 2827
2287 2833
2288 2300
2288 2304
2292 2302
2292 2305
2293 2317
2293 2319
2294 2302
2294 2305
2294 2313
2294 2317
2294 2412
2294 2418
2294 2435
2294 2437
2294 2827
2294 2833
2295 2302
2295 2305
2295 2577
2296 2302
2296 2305
2296 2577
2297 2302
2297 2305
2298 2300
2298 2304
2299 2550
2299 2553
2299 2938
2299 2940
2300 2577
2301 2925
2301 2930
2302 2305
2302 2306
2302 2309
2302 2311
2302 2312
2302 2313
2302 2314
2302 2317
2302 2318
2302 2319
2302 2485
2302 2947
2304 2925
2304 2930
2305 2306
2305 2309
2305 2311
2305 2312
2305 2313
2305 2314
2305 2317
2305 2318
2305 2485
2305 2947
2306 2309
2313 2895
2313 2896
2314 2318
2315 2320
2315 2321
2316 2320
2316 2321
2317 2895
2317 2896
2323 2339
2323 2341
2324 2378
2324 2379
2325 2376
2325 2377
2326 2376
2326 2377
2327 2360
2329 2354
2329 2358
2329 2425
2329 2430
2330 2406
2330 2416
2330 2417
2335 2343
2335 2344
2335 2354
2335 2358
2335 2816
2335 2817
2336 2343
2336 2344
2336 2816
2336 2817
2338 2412
2338 2418
2339 2402
2339 2415
2341 2402
2341 2415
2343 2346
2343 2354
2343 2356
2343 2358
2344 2346
2344 2354
2344 2356
2344 2358
2345 2412
2345 2418
2345 2443
2345 2445
2346 2351
2346 2357
2347 2371
2347 2374
2347 2396
2348 2941
2348 2944
2350 2395
2350 2396
2350 2443
2350 2445
2351 2356
2353 2406
2353 2416
2353 2417
2354 2360
2354 2373
2354 2374
2354 2375
2354 2395
2354 2396
2354 2397
2354 2406
2354 2409
2354 2410
2354 2416
2354 2419
2355 2356
2355 2358
2355 2361
2355 2362
2355 2365
2355 2366
2356 2357
2356 2358
2356 2361
2356 2362
2356 2365
2356 2366
2356 2371
2356 2374
2356 2396
2358 2360
2358 2365
2358 2370
2358 2372
2358 2373
2358 2374
2358 2375
2358 2397
2358 2406
2358 2409
2358 2410
2358 2416
2358 2419
2360 2361
2360 2439
2361 2365
2361 2370
2361 2372
2362 2398
2362 2414
2363 2398
2363 2414
2370 2371
2370 2374
2371 2372
2372 2374
2374 2425
2374 2430
2378 2447
2379 2447
2382 2895
2382 2896
2384 2444
2384 2446
2385 2388
2385 2389
2385 2412
2385 2418
2385 2865
2385 2868
2386 2392
2387 2876
2387 2879
2387 2884
2388 2879
2389 2879
2392 2451
2392 2452
2392 2472
2392 2473
2392 2868
2393 2472
2393 2473
2393 2827
2393 2833
2395 2402
2395 2415
2395 2737
2395 2738
2396 2402
2396 2415
2396 2737
2396 2738
2398 2838
2398 2846
2400 2412
2400 2418
2402 2839
2402 2846
2405 2851
2405 2852
2408 2412
2408 2418
2411 2442
2411 2444
2411 2937
2411 2939
2412 2879
2413 2851
2413 2852
2414 2838
2414 2846
2415 2839
2415 2846
2418 2879
2422 2442
2422 2444
2422 2937
2422 2939
2424 2945
2424 2946
2426 2436
2426 2437
2428 2436
2428 2437
2428 2945
2428 2946
2433 2866
2433 2869
2444 2895
2446 2895
2448 2741
2448 2742
2448 2823
2448 2824
2448 2891
2448 2896
2449 2451
2449 2452
2450 2462
2450 2466
2450 2768
2450 2769
2451 2452
2451 2462
2451 2463
2451 2466
2451 2745
2451 2768
2451 2769
2451 2876
2451 2879
2452 2462
2452 2463
2452 2466
2452 2745
2452 2876
2452 2879
2453 2758
2453 2759
2457 2907
2457 2910
2458 2467
2458 2470
2463 2467
2463 2470
2469 2471
2475 2482
2475 2483
2476 2482
2476 2483
2477 2732
2477 2733
2478 2732
2478 2733
2486 2488
2486 2489
2486 2490
2486 2491
2486 2507
2486 2547
2486 2552
2486 2650
2486 2653
2486 2918
2486 2920
2486 2939
2487 2488
2487 2650
2487 2653
2487 2918
2487 2920
2487 2939
2488 2511
2489 2511
2489 2512
2490 2511
2490 2512
2491 2511
2491 2512
2491 2685
2491 2689
2492 2509
2492 2515
2492 2529
2492 2532
2494 2718
2494 2719
2495 2718
2495 2719
2496 2717
2496 2719
2497 2717
2497 2719
2498 2714
2498 2716
2500 2581
2500 2582
2500 2625
2500 2631
2500 2632
2500 2636
2500 2638
2500 2648
2500 2654
2501 2581
2501 2582
2501 2625
2501 2631
2501 2632
2501 2636
2501 2638
2501 2648
2501 2654
2502 2631
2502 2636
2503 2555
2503 2557
2504 2555
2504 2557
2505 2715
2505 2716
2505 2720
2506 2529
2506 2532
2507 2511
2507 2512
2507 2685
2507 2689
2508 2937
2508 2939
2509 2918
2510 2937
2510 2939
2511 2512
2511 2547
2511 2552
2511 2939
2512 2547
2512 2552
2513 2525
2513 2532
2513 2533
2514 2714
2514 2715
2514 2716
2514 2720
2515 2918
2516 2528
2516 2530
2517 2563
2517 2564
2518 2528
2518 2530
2520 2563
2520 2564
2524 2585
2524 2588
2525 2549
2525 2551
2525 2554
2525 2598
2525 2608
2525 2669
2525 2686
2525 2948
2526 2610
2526 2617
2527 2610
2527 2617
2528 2622
2528 2626
2529 2613
2529 2620
2530 2622
2530 2626
2531 2585
2531 2588
2532 2549
2532 2551
2532 2554
2532 2598
2532 2608
2532 2613
2532 2620
2532 2948
2533 2549
2533 2551
2533 2554
2533 2669
2533 2686
2533 2948
2534 2578
2534 2586
2538 2578
2538 2586
2538 2670
2538 2678
2539 2620
2539 2628
2541 2620
2541 2628
2542 2613
2542 2618
2542 2619
2542 2620
2542 2625
2542 2631
2542 2636
2542 2670
2542 2678
2544 2613
2544 2620
2545 2613
2545 2618
2545 2619
2545 2620
2545 2625
2545 2631
2545 2636
2548 2585
2548 2588
2550 2585
2550 2588
2550 2613
2550 2620
2550 2624
2553 2613
2553 2620
2553 2624
2555 2579
2555 2586
2555 2631
2555 2636
2556 2631
2556 2636
2557 2579
2557 2586
2558 2625
2558 2631
2558 2636
2559 2631
2559 2636
2560 2631
2560 2636
2560 2725
2560 2726
2562 2625
2562 2631
2562 2636
2563 2631
2563 2636
2563 2648
2563 2654
2564 2631
2564 2636
2564 2648
2564 2654
2564 2725
2564 2726
2567 2905
2567 2906
2567 2909
2568 2584
2569 2575
2569 2576
2569 2587
2569 2592
2569 2928
2569 2931
2571 2622
2571 2626
2572 2674
2572 2686
2573 2674
2573 2686
2575 2660
2576 2627
2576 2634
2576 2660
2576 2661
2577 2578
2577 2586
2579 2589
2579 2593
2582 2594
2582 2605
2583 2598
2583 2608
2584 2590
2584 2595
2584 2660
2584 2661
2585 2607
2585 2612
2585 2614
2585 2615
2585 2926
2585 2929
2586 2613
2586 2620
2586 2696
2587 2594
2587 2598
2587 2605
2587 2608
2587 2660
2588 2607
2588 2612
2588 2614
2588 2615
2588 2926
2588 2929
2589 2593
2589 2696
2590 2905
2590 2906
2590 2909
2592 2660
2593 2613
2593 2620
2598 2599
2598 2600
2598 2616
2598 2621
2599 2605
2599 2622
2599 2633
2600 2605
2600 2622
2600 2633
2603 2622
2603 2626
2605 2616
2605 2621
2605 2649
2605 2650
2606 2623
2606 2626
2606 2630
2608 2622
2608 2626
2609 2623
2609 2626
2609 2630
2610 2614
2610 2622
2610 2633
2611 2649
2611 2650
2614 2617
2615 2623
2615 2630
2616 2642
2616 2644
2617 2622
2617 2633
2618 2623
2618 2626
2618 2630
2619 2623
2619 2626
2619 2630
2621 2642
2621 2644
2622 2623
2622 2626
2622 2627
2622 2630
2622 2634
2622 2639
2623 2626
2623 2627
2623 2630
2623 2634
2625 2635
2625 2640
2625 2641
2625 2646
2625 2652
2625 2655
2626 2627
2626 2630
2626 2634
2626 2639
2629 2646
2629 2651
2631 2635
2631 2640
2631 2648
2631 2652
2631 2654
2631 2655
2635 2636
2636 2640
2636 2641
2636 2646
2636 2648
2636 2652
2636 2654
2636 2655
2637 2646
2637 2651
2643 2691
2645 2649
2645 2650
2645 2658
2645 2659
2647 2649
2647 2650
2647 2658
2647 2659
2648 2668
2648 2674
2653 2671
2653 2673
2654 2668
2654 2674
2656 2671
2656 2673
2657 2691
2660 2928
2660 2931
2661 2722
2661 2725
2662 2672
2662 2676
2662 2682
2663 2667
2663 2678
2665 2722
2665 2725
2666 2672
2666 2676
2666 2682
2667 2681
2670 2688
2670 2690
2670 2692
2670 2693
2671 2708
2671 2709
2672 2677
2673 2708
2673 2709
2674 2688
2674 2690
2675 2926
2675 2929
2676 2677
2676 2926
2676 2929
2677 2679
2677 2684
2678 2681
2678 2688
2678 2690
2678 2692
2678 2693
2679 2685
2679 2689
2684 2685
2684 2689
2686 2688
2686 2690
2695 2696
2696 2697
2700 2706
2700 2707
2702 2706
2702 2707
2703 2706
2703 2707
2710 2711
2710 2712
2713 2717
2713 2719
2720 2907
2720 2910
2729 2854
2730 2854
2734 2793
2734 2794
2734 2832
2734 2838
2735 2818
2735 2820
2735 2826
2735 2835
2736 2826
2736 2835
2737 2738
2737 2825
2738 2740
2738 2783
2738 2785
2738 2787
2738 2793
2738 2796
2738 2798
2738 2812
2738 2814
2738 2825
2738 2828
2738 2834
2738 2838
2739 2789
2739 2790
2739 2794
2740 2789
2740 2790
2740 2794
2740 2825
2740 2843
2740 2853
2742 2877
2742 2878
2744 2763
2744 2764
2744 2823
2744 2824
2747 2752
2748 2758
2748 2759
2749 2758
2749 2759
2756 2770
2756 2775
2756 2780
2756 2781
2756 2785
2756 2786
2756 2788
2756 2789
2756 2790
2757 2780
2757 2781
2760 2783
2760 2785
2761 2770
2761 2775
2761 2780
2761 2781
2761 2785
2761 2786
2761 2788
2761 2789
2761 2790
2763 2821
2764 2821
2765 2783
2765 2785
2766 2780
2766 2781
2771 2779
2771 2782
2774 2780
2774 2781
2776 2779
2776 2782
2777 2791
2777 2795
2779 2791
2779 2795
2779 2800
2782 2795
2782 2800
2783 2825
2783 2828
2784 2789
2784 2790
2784 2794
2785 2825
2785 2828
2785 2834
2786 2828
2786 2834
2787 2825
2788 2789
2788 2790
2788 2794
2789 2801
2789 2804
2790 2793
2790 2794
2790 2801
2790 2804
2790 2808
2790 2810
2792 2843
2792 2853
2793 2794
2793 2812
2793 2814
2793 2826
2793 2828
2794 2801
2794 2804
2794 2808
2794 2810
2794 2826
2796 2812
2796 2814
2796 2828
2797 2812
2797 2814
2798 2825
2799 2801
2799 2804
2799 2812
2799 2814
2803 2815
2803 2816
2804 2812
2804 2814
2806 2815
2806 2816
2807 2815
2807 2816
2808 2811
2808 2814
2810 2811
2810 2814
2812 2828
2812 2841
2812 2851
2814 2828
2814 2841
2814 2851
2815 2826
2815 2835
2817 2818
2817 2820
2817 2826
2817 2835
2820 2832
2820 2838
2821 2823
2821 2824
2822 2847
2822 2848
2822 2849
2823 2824
2823 2847
2823 2848
2823 2849
2824 2847
2824 2848
2824 2849
2824 2877
2824 2878
2825 2828
2825 2838
2826 2839
2826 2846
2827 2843
2827 2845
2827 2853
2827 2854
2827 2876
2827 2884
2828 2834
2828 2835
2828 2838
2828 2839
2829 2848
2829 2849
2830 2847
2830 2848
2833 2843
2833 2845
2833 2853
2833 2854
2833 2876
2833 2884
2834 2835
2834 2839
2835 2838
2835 2839
2835 2846
2835 2856
2835 2861
2838 2839
2839 2856
2839 2861
2840 2852
2840 2860
2840 2875
2840 2880
2842 2856
2842 2861
2843 2880
2843 2881
2844 2856
2844 2861
2845 2856
2845 2861
2845 2880
2845 2881
2846 2856
2846 2861
2846 2869
2846 2871
2846 2875
2846 2880
2846 2881
2850 2852
2850 2860
2850 2875
2850 2880
2854 2856
2854 2861
2854 2867
2854 2869
2854 2871
2854 2872
2854 2875
2854 2880
2854 2881
2855 2876
2855 2884
2856 2881
2856 2882
2856 2888
2857 2873
2857 2876
2857 2877
2857 2884
2858 2867
2858 2872
2859 2876
2859 2879
2859 2884
2861 2881
2861 2882
2861 2888
2862 2873
2862 2877
2863 2882
2863 2888
2864 2884
2864 2885
2865 2876
2865 2879
2865 2884
2866 2870
2866 2876
2866 2884
2868 2879
2868 2884
2868 2885
2869 2870
2869 2876
2869 2884
2872 2883
2872 2889
2874 2883
2874 2889
2875 2880
2875 2881
2875 2887
2875 2888
2880 2881
2880 2887
2880 2888
2881 2887
2881 2888
2895 2904
2896 2904
2899 2900
2901 2903
2901 2904
2902 2903
2902 2904
2908 2914
2908 2916
2911 2914
2911 2916
2912 2914
2912 2916
2914 2945
2914 2947
2916 2945
2916 2947
2918 2937
2918 2939
2920 2937
2920 2939
2927 2936
2927 2937
2933 2936
2933 2937
2941 2944
