0 1233
0 1234
1 112
1 117
2 49
2 56
2 686
2 692
2 693
2 700
2 701
2 1065
2 1074
2 1978
2 1979
3 313
3 319
3 653
3 655
3 659
3 663
4 128
4 129
4 431
4 432
4 840
4 845
4 1335
4 1336
5 34
5 36
5 970
5 977
5 981
5 985
5 991
6 435
6 436
6 447
6 449
6 906
7 61
7 62
8 139
8 140
8 571
8 575
9 550
9 557
9 571
9 575
10 39
10 43
10 164
10 169
10 178
10 183
11 40
11 44
11 143
11 146
11 148
11 149
11 164
11 165
11 169
11 180
11 182
11 187
11 190
11 193
11 270
11 274
11 345
11 346
11 551
11 1595
11 1596
11 1604
11 1719
11 1720
11 1725
11 1795
11 1796
11 2005
11 2018
12 190
12 193
12 265
12 272
12 515
12 516
12 736
12 739
12 1599
12 1627
12 1719
12 1720
13 29
13 37
14 29
14 37
14 1491
14 1526
15 1491
15 1526
16 17
16 42
17 38
18 485
18 486
19 485
19 486
20 41
20 80
20 81
20 212
20 215
20 1503
20 1740
20 1741
21 41
21 1393
21 1398
21 1503
22 49
22 55
22 143
22 551
22 1179
22 1183
22 1512
23 49
23 55
23 1512
24 1221
24 1224
25 1221
25 1224
26 1128
26 1131
27 550
27 557
27 2026
27 2032
28 34
28 37
28 39
28 40
28 43
28 44
28 45
28 47
28 123
28 124
28 139
28 140
28 141
28 142
28 143
28 144
28 145
28 146
28 147
28 148
28 149
28 162
28 163
28 166
28 178
28 183
28 361
28 371
28 403
28 405
28 410
28 516
28 517
28 526
28 532
28 540
28 546
28 551
28 553
28 555
28 557
28 558
28 561
28 566
28 760
28 930
28 931
28 1437
28 1440
28 1506
28 1595
28 1596
28 1597
28 1598
28 1599
28 1600
28 1614
28 1615
28 1627
28 1767
28 1768
28 1773
28 1774
28 1777
28 1785
28 1993
28 1999
28 2001
28 2011
28 2054
28 2057
28 2258
28 2262
28 2768
28 2769
28 2812
28 2814
29 142
29 143
29 145
29 146
29 147
29 165
29 166
29 180
29 182
29 187
29 190
29 265
29 270
29 272
29 274
29 345
29 346
29 515
29 516
29 551
29 566
29 1599
29 1604
29 1627
29 1725
29 1781
29 1785
29 1786
29 1787
29 1795
29 1796
29 2005
29 2018
29 2275
29 2278
29 2280
29 2281
29 2282
29 2283
29 2284
30 265
30 272
30 515
30 516
30 736
30 739
30 1599
30 1627
30 2275
30 2278
30 2280
30 2281
30 2283
30 2284
31 35
31 1501
32 61
32 62
33 139
33 140
34 36
34 37
34 40
34 44
34 45
34 47
34 107
34 119
34 123
34 124
34 139
34 140
34 141
34 142
34 143
34 144
34 145
34 146
34 147
34 148
34 149
34 150
34 162
34 163
34 166
34 189
34 192
34 218
34 219
34 246
34 371
34 395
34 397
34 403
34 405
34 410
34 516
34 517
34 524
34 526
34 532
34 534
34 539
34 540
34 546
34 551
34 553
34 555
34 557
34 558
34 561
34 566
34 567
34 570
34 680
34 770
34 775
34 777
34 779
34 930
34 931
34 957
34 958
34 963
34 964
34 992
34 1053
34 1433
34 1435
34 1437
34 1440
34 1460
34 1463
34 1465
34 1466
34 1476
34 1477
34 1506
34 1594
34 1595
34 1596
34 1597
34 1598
34 1599
34 1600
34 1614
34 1615
34 1627
34 1767
34 1768
34 1773
34 1774
34 1777
34 1781
34 1785
34 1786
34 1787
34 1795
34 1953
34 1993
34 1999
34 2001
34 2006
34 2010
34 2011
34 2026
34 2032
34 2036
34 2046
34 2159
34 2160
34 2258
34 2262
34 2281
34 2282
34 2311
34 2314
34 2768
34 2769
34 2799
34 2800
34 2811
34 2812
34 2814
35 1499
36 37
36 40
36 44
36 123
36 124
36 142
36 143
36 361
36 371
36 410
36 420
36 440
36 503
36 510
36 517
36 524
36 526
36 532
36 534
36 539
36 540
36 551
36 553
36 555
36 558
36 566
36 680
36 760
36 770
36 775
36 900
36 908
36 912
36 957
36 1053
36 1223
36 1506
36 2026
36 2032
36 2034
36 2044
36 2054
36 2057
36 2768
36 2769
37 107
37 119
37 142
37 143
37 147
37 148
37 149
37 150
37 166
37 189
37 192
37 218
37 219
37 246
37 371
37 395
37 397
37 410
37 551
37 553
37 555
37 566
37 777
37 779
37 963
37 992
37 1460
37 1463
37 1465
37 1466
37 1595
37 1596
37 1953
37 2006
37 2010
37 2026
37 2032
37 2036
37 2159
37 2160
37 2311
37 2314
37 2409
37 2412
37 2799
37 2800
37 2811
37 2812
37 2814
38 42
39 55
39 131
39 134
39 550
39 557
39 564
39 565
39 1051
39 1059
39 1109
39 1113
39 1512
39 1969
39 1970
39 2026
39 2032
39 2057
39 2058
39 2060
39 2061
39 2619
39 2621
39 2622
39 2764
39 2768
40 44
40 53
40 57
40 58
40 59
40 142
40 420
40 440
40 503
40 510
40 542
40 543
40 558
40 567
40 570
40 671
40 686
40 900
40 908
40 912
40 958
40 964
40 1055
40 1063
40 1106
40 1110
40 1223
40 1230
40 1236
40 1364
40 1368
40 1433
40 1435
40 1476
40 1477
40 1505
40 1506
40 1516
40 1520
40 1594
40 1843
40 1854
40 1953
40 1988
40 2026
40 2032
40 2034
40 2044
40 2046
40 2054
40 2439
40 2503
43 55
43 131
43 134
43 487
43 550
43 557
43 563
43 564
43 565
43 968
43 974
43 1051
43 1059
43 1101
43 1106
43 1109
43 1113
43 1203
43 1206
43 1512
43 1960
43 1969
43 1970
43 1985
43 2026
43 2032
43 2057
43 2058
43 2060
43 2061
43 2619
43 2621
43 2622
43 2764
43 2768
44 53
44 57
44 58
44 59
44 504
44 509
44 511
44 539
44 542
44 543
44 545
44 562
44 563
44 671
44 686
44 1055
44 1063
44 1106
44 1110
44 1118
44 1122
44 1230
44 1236
44 1364
44 1368
44 1505
44 1506
44 1516
44 1520
44 1843
44 1854
44 1953
44 1988
44 2016
44 2024
44 2026
44 2032
44 2034
44 2370
44 2379
44 2423
44 2426
44 2439
44 2503
45 55
45 524
45 534
45 671
45 673
45 682
45 686
45 968
45 974
45 976
45 981
45 985
45 986
45 1019
45 1023
45 1032
45 1037
45 1038
45 1074
45 1082
45 1084
45 1086
45 1100
45 1101
45 1102
45 1103
45 1104
45 1106
45 1109
45 1113
45 1117
45 1118
45 1123
45 1141
45 1174
45 1180
45 1235
45 1236
45 1237
45 1241
45 1243
45 1244
45 1512
45 1960
45 1985
45 1997
45 2004
45 2013
45 2014
45 2017
45 2018
45 2021
45 2029
45 2033
45 2191
45 2194
45 2204
45 2208
45 2399
45 2405
45 2436
45 2451
45 2452
45 2453
45 2457
45 2465
45 2488
45 2498
45 2803
45 2804
46 49
46 55
46 487
46 544
46 547
46 563
46 1051
46 1059
46 1100
46 1101
46 1102
46 1106
46 1203
46 1206
46 1512
46 2423
46 2427
46 2439
46 2503
47 498
47 499
47 509
47 524
47 534
47 539
47 545
47 582
47 673
47 682
47 728
47 976
47 981
47 985
47 986
47 1003
47 1004
47 1016
47 1018
47 1019
47 1023
47 1032
47 1034
47 1037
47 1038
47 1040
47 1041
47 1052
47 1060
47 1074
47 1082
47 1084
47 1086
47 1118
47 1122
47 1123
47 1135
47 1137
47 1141
47 1148
47 1165
47 1167
47 1170
47 1174
47 1180
47 1235
47 1236
47 1237
47 1241
47 1997
47 2004
47 2013
47 2014
47 2017
47 2018
47 2021
47 2029
47 2033
47 2165
47 2204
47 2208
47 2399
47 2405
47 2435
47 2436
47 2451
47 2452
47 2453
47 2457
47 2465
47 2474
47 2476
47 2488
47 2495
47 2498
47 2500
47 2803
47 2804
48 212
48 215
49 55
49 490
49 491
49 544
49 547
49 671
49 686
49 1029
49 1032
49 1033
49 1043
49 1044
49 1084
49 1096
49 1097
49 1100
49 1101
49 1102
49 1103
49 1104
49 1106
49 1109
49 1113
49 1117
49 1118
49 1140
49 1141
49 1142
49 1143
49 1146
49 1148
49 1156
49 1162
49 1169
49 1174
49 1188
49 1189
49 1193
49 1196
49 1238
49 1242
49 1243
49 1244
49 1496
49 1512
49 1531
49 2012
49 2016
49 2017
49 2027
49 2029
49 2039
49 2191
49 2194
49 2409
49 2412
49 2423
49 2427
49 2437
49 2439
49 2442
49 2451
49 2452
49 2453
49 2457
49 2469
49 2474
49 2490
49 2492
49 2493
49 2499
49 2503
49 2547
49 2548
49 2550
49 2555
49 2559
49 2562
49 2609
49 2611
49 2804
49 2805
50 509
50 539
50 545
50 582
50 673
50 682
50 728
50 1003
50 1004
50 1032
50 1034
50 1084
50 1118
50 1122
50 1141
50 1148
51 146
51 147
51 166
51 268
51 273
51 1953
51 2160
52 1225
52 1228
53 268
53 273
53 445
53 447
53 449
54 146
54 147
54 166
54 1953
54 2160
55 482
55 487
55 490
55 491
55 492
55 493
55 495
55 544
55 547
55 563
55 1033
55 1043
55 1044
55 1051
55 1059
55 1117
55 1118
55 1141
55 1142
55 1146
55 1148
55 1156
55 1162
55 1166
55 1169
55 1174
55 1188
55 1189
55 1205
55 1206
55 1209
55 1238
55 1242
55 1496
55 1512
55 1531
55 1963
55 1970
55 1971
55 1976
55 1978
55 1979
55 1980
55 1995
55 1996
55 2002
55 2007
55 2012
55 2016
55 2017
55 2027
55 2029
55 2039
55 2387
55 2391
55 2452
55 2453
55 2454
55 2461
55 2462
55 2465
55 2469
55 2474
55 2482
55 2483
55 2490
55 2491
55 2492
55 2493
55 2499
55 2538
55 2544
55 2549
55 2550
55 2551
55 2555
55 2559
55 2562
55 2563
55 2564
55 2568
55 2572
55 2573
55 2574
55 2609
55 2611
55 2804
55 2805
56 491
56 671
56 708
56 711
56 1029
56 1036
56 1037
56 1040
56 1041
56 1042
56 1052
56 1096
56 1097
56 1118
56 1119
56 1123
56 1135
56 1137
56 1138
56 1140
56 1143
56 1146
56 1163
56 1167
56 1168
56 1170
56 1193
56 1196
56 2409
56 2412
56 2437
56 2442
56 2443
56 2449
56 2451
56 2457
56 2492
56 2503
56 2535
56 2540
56 2547
56 2548
57 1222
57 1225
57 1226
57 1228
58 1230
58 1232
59 445
59 447
59 449
59 1222
59 1226
60 1230
60 1232
63 420
63 440
63 941
63 970
63 977
63 984
63 1043
63 1142
63 1156
63 1161
64 941
64 984
65 1259
65 1338
66 420
66 440
66 970
66 977
66 1043
66 1142
66 1156
66 1161
67 1092
67 1100
67 1102
67 1259
67 1338
68 1092
68 1100
68 1102
69 1128
69 1131
70 1204
70 1207
70 1208
71 1204
71 1207
71 1208
72 570
72 572
72 579
72 580
73 168
73 175
74 168
74 175
75 106
75 113
76 106
76 113
77 197
77 199
77 202
78 112
78 117
78 2765
78 2766
79 112
79 117
79 2765
79 2766
80 233
80 234
80 841
80 851
80 1249
80 1356
80 1366
81 233
81 234
81 841
81 851
81 1249
81 1356
81 1366
82 130
82 131
82 1332
82 1333
82 2703
82 2704
82 2715
82 2716
83 1332
83 1333
83 2703
83 2704
83 2715
83 2716
84 1302
84 1303
85 86
85 87
86 127
86 1292
86 1294
86 1297
86 2672
86 2676
87 88
87 127
87 131
87 134
87 1292
87 1294
87 1297
87 1940
87 1945
88 134
89 197
89 199
89 202
90 96
90 98
91 168
91 175
92 96
92 98
92 2691
92 2695
93 1250
93 1344
93 1346
94 2691
94 2695
95 573
95 577
96 118
96 124
97 177
97 179
98 118
98 124
99 177
99 179
99 573
99 577
100 573
100 577
101 124
101 1586
102 124
102 1586
103 155
103 156
103 196
103 201
103 1605
103 1606
103 1664
104 1606
104 1607
105 191
105 195
107 211
107 212
107 228
107 258
107 263
107 1428
107 1609
107 1672
107 1673
107 2090
107 2099
108 1211
108 1212
109 191
109 195
109 1609
109 1673
110 1298
110 1303
111 899
111 918
112 143
112 155
112 156
112 161
112 196
112 201
112 231
112 242
112 248
112 249
112 252
112 277
112 279
112 299
112 303
112 669
112 725
112 732
112 755
112 756
112 757
112 863
112 870
112 889
112 890
112 1427
112 1605
112 1606
112 1607
112 1664
112 1667
112 1668
112 1669
112 1670
112 1682
112 1705
112 1708
112 1776
112 1779
112 2005
112 2019
114 1284
114 1287
114 1298
114 1303
115 1211
115 1212
115 1306
115 1308
116 1306
116 1308
117 143
117 161
117 211
117 212
117 231
117 242
117 248
117 249
117 252
117 277
117 279
117 299
117 303
117 669
117 725
117 732
117 755
117 756
117 757
117 863
117 869
117 870
117 873
117 889
117 890
117 1427
117 1667
117 1668
117 1669
117 1670
117 1682
117 1705
117 1708
117 1776
117 1779
117 2005
117 2019
119 124
119 228
119 258
119 263
119 277
119 279
119 295
119 296
119 838
119 858
119 869
119 873
119 1356
119 1361
119 1422
119 1424
119 1428
119 1586
119 1668
119 1672
119 1673
119 1686
119 1687
119 1690
119 1691
119 1735
119 1736
119 1738
119 2090
119 2099
119 2332
119 2334
120 899
120 918
120 1284
120 1287
121 124
121 169
121 245
121 257
121 295
121 296
121 474
121 891
121 1261
121 1262
121 1356
121 1361
121 1409
121 1411
121 1413
121 1415
121 1586
121 1668
121 1686
121 1687
121 1689
121 1690
121 1691
121 1735
121 1736
121 1738
121 1761
121 1764
121 1768
121 2332
121 2334
121 2763
121 2767
122 277
122 279
122 838
122 858
122 1422
122 1424
123 124
123 128
123 129
123 169
123 245
123 257
123 474
123 891
123 1250
123 1261
123 1262
123 1292
123 1294
123 1297
123 1334
123 1404
123 1407
123 1409
123 1411
123 1413
123 1415
123 1586
123 1587
123 1689
123 1690
123 1691
123 1732
123 1737
123 1761
123 1764
123 1768
123 2090
123 2092
123 2094
123 2099
123 2697
123 2698
123 2742
123 2755
123 2760
123 2763
123 2764
123 2767
123 2768
124 128
124 129
124 130
124 131
124 229
124 230
124 945
124 946
124 1250
124 1251
124 1292
124 1294
124 1297
124 1334
124 1346
124 1404
124 1407
124 1586
124 1587
124 1689
124 1691
124 1732
124 1737
124 2090
124 2092
124 2094
124 2099
124 2291
124 2322
124 2652
124 2653
124 2697
124 2698
124 2713
124 2742
124 2755
124 2760
124 2764
124 2768
125 2667
125 2668
126 128
126 130
126 131
126 134
126 1587
126 1672
126 1673
126 2689
126 2692
127 1302
127 1303
128 130
128 229
128 230
128 341
128 344
128 362
128 394
128 886
128 888
128 911
128 914
128 945
128 946
128 1251
128 1253
128 1261
128 1306
128 1308
128 1335
128 1336
128 1341
128 1343
128 1346
128 1356
128 1366
128 1909
128 1910
128 2291
128 2294
128 2295
128 2300
128 2301
128 2322
128 2652
128 2653
128 2657
128 2693
128 2694
128 2698
128 2699
128 2713
128 2715
128 2720
128 2723
128 2756
128 2760
129 130
129 133
129 362
129 394
129 886
129 888
129 1253
129 1261
129 1306
129 1308
129 1325
129 1329
129 1335
129 1336
129 1341
129 1343
129 1356
129 1363
129 1366
129 1368
129 1672
129 1673
129 1909
129 1910
129 1966
129 1967
129 2074
129 2294
129 2295
129 2300
129 2301
129 2657
129 2685
129 2687
129 2693
129 2694
129 2698
129 2699
129 2715
129 2720
129 2723
129 2756
129 2760
130 131
130 133
130 134
130 1258
130 1294
130 1297
130 1305
130 1306
130 1325
130 1329
130 1331
130 1332
130 1333
130 1339
130 1348
130 1354
130 1357
130 1586
130 1587
130 1672
130 1673
130 2300
130 2301
130 2657
130 2689
130 2692
130 2697
130 2698
130 2705
130 2707
130 2710
130 2715
130 2723
131 134
131 1294
131 1297
131 1302
131 1303
131 1305
131 1306
131 1311
131 1312
131 1314
131 1315
131 1332
131 1333
131 1348
131 1354
131 1357
131 1586
131 2300
131 2301
131 2670
131 2673
131 2690
131 2693
131 2697
131 2698
131 2705
131 2707
131 2710
131 2723
132 911
132 914
133 1258
133 1331
133 1332
133 1333
133 1339
133 1363
133 1368
133 2678
133 2681
134 1294
134 1297
134 1302
134 1303
134 1311
134 1312
134 1314
134 1315
134 1940
134 1945
134 2672
134 2676
135 2664
135 2665
135 2670
135 2673
135 2678
135 2681
135 2690
135 2693
136 2664
136 2665
137 168
137 175
138 571
138 575
138 832
138 835
138 837
139 570
139 571
139 572
139 575
140 1653
140 1657
141 142
141 189
141 192
141 566
141 1368
141 1375
141 1597
141 1598
141 1653
141 1657
142 566
142 1597
142 1598
142 1662
142 1665
143 189
143 191
143 1237
143 1241
143 1242
144 189
144 192
144 515
144 516
144 1237
144 1241
144 1250
144 1334
144 2159
144 2161
145 189
145 192
145 205
145 206
145 208
145 211
145 212
145 515
145 516
145 1237
145 1238
145 1241
145 1250
145 1334
145 1630
145 1637
145 1747
145 1802
145 2159
145 2161
146 211
146 212
146 516
146 517
146 526
146 1237
146 1238
146 1655
146 1656
146 1747
146 1775
146 1776
146 1802
146 2246
146 2253
147 516
147 517
147 526
147 854
147 863
147 1709
147 1717
147 1775
147 1776
147 2246
147 2253
150 151
150 185
150 186
150 187
150 189
150 192
150 265
150 268
150 273
151 166
151 170
151 246
152 1659
152 1661
153 196
153 201
154 191
154 196
154 201
155 1234
155 1237
155 1239
155 1240
155 1682
155 1705
156 191
156 196
156 1239
156 1240
156 1241
156 1682
156 1705
157 191
157 196
157 1240
157 1241
158 869
158 870
159 584
159 732
159 859
159 862
160 168
160 175
162 854
162 863
162 1709
162 1717
164 553
164 555
165 205
165 206
165 208
165 1237
165 1241
165 1630
165 1637
165 1655
165 1656
166 185
166 516
166 517
166 526
166 2246
166 2253
167 570
167 572
167 579
167 580
168 196
168 201
168 1316
168 1320
168 1321
169 191
169 192
169 2280
169 2281
170 185
171 189
171 192
172 1316
172 1320
172 1321
173 189
173 192
173 2280
173 2281
174 189
174 192
175 196
175 201
176 189
176 192
177 189
177 192
180 187
180 189
180 190
180 192
180 193
181 189
181 192
182 187
182 189
182 190
182 192
182 193
184 189
184 192
185 246
186 246
187 246
187 268
187 273
187 1554
187 1557
187 1719
187 1720
187 1721
188 2006
188 2009
188 2031
188 2034
188 2706
188 2707
189 196
189 201
189 207
189 209
189 551
189 557
189 561
189 566
189 1356
189 1366
189 1648
189 1649
189 1651
189 1653
190 268
190 273
190 1554
190 1557
190 1719
190 1720
190 1721
191 196
191 201
191 206
191 208
191 281
191 474
191 551
191 557
191 561
191 2006
191 2009
191 2031
191 2034
191 2706
191 2707
192 196
192 201
192 204
192 206
192 207
192 208
192 209
192 474
192 566
192 1356
192 1366
192 1596
192 1615
192 1648
192 1649
192 1651
192 1653
194 1659
194 1661
196 198
196 200
196 201
196 204
196 206
196 208
196 213
196 214
196 281
196 1241
196 1242
196 1592
196 1593
196 1596
196 1615
198 201
199 216
199 217
200 201
200 213
200 214
200 216
200 217
201 204
201 206
201 208
201 213
201 214
201 1241
201 1242
201 1592
201 1593
203 1605
203 1664
204 1605
204 1664
205 212
205 215
206 212
206 215
206 279
206 281
206 1605
206 1664
208 212
208 215
208 279
208 281
208 1605
208 1664
210 1234
210 1237
211 1542
211 1595
211 1610
211 1615
211 1663
211 1666
211 1685
211 2774
212 850
212 854
212 1542
212 1595
212 1610
212 1615
212 1663
212 1666
212 1685
212 2774
213 1665
213 1668
214 1665
214 1668
215 850
215 854
216 831
216 857
216 861
217 831
217 857
217 861
218 327
218 330
218 598
218 735
218 742
218 746
218 862
218 866
218 1237
218 1238
218 1242
218 1345
218 1347
218 2646
218 2648
219 327
219 330
219 598
219 735
219 742
219 746
219 862
219 866
219 1237
219 1238
219 1242
219 1345
219 1347
219 2646
219 2648
220 1233
220 1234
221 332
221 349
222 238
222 242
222 243
222 245
222 332
222 349
222 891
222 1261
223 225
223 238
223 242
223 243
223 245
223 341
223 344
223 354
224 243
224 244
225 236
226 286
226 289
226 602
226 612
226 613
227 602
227 613
229 876
229 881
230 257
230 259
230 284
230 289
230 602
230 613
231 257
231 259
231 284
231 286
231 289
231 290
231 291
231 292
231 583
231 602
231 613
231 732
231 1422
231 1424
232 289
232 290
232 584
232 585
232 1379
232 1387
233 260
233 264
233 859
233 862
233 1264
233 1268
233 1411
233 1412
233 1416
233 1418
234 260
234 264
234 859
234 862
234 1264
234 1268
234 1411
234 1412
234 1416
234 1418
235 1250
235 1344
235 1346
236 324
236 328
236 341
236 344
236 354
237 243
237 252
239 338
239 342
240 1406
240 1410
241 324
241 327
241 328
241 330
241 1406
241 1410
242 243
242 252
242 1238
242 1241
243 353
244 277
244 279
244 353
244 610
244 615
244 1425
244 1426
245 277
245 279
245 291
245 293
245 876
245 881
245 1425
245 1426
246 265
246 268
246 273
247 324
247 327
247 330
247 338
247 342
248 291
248 292
248 322
248 325
248 623
248 626
249 322
249 325
249 623
249 626
250 322
250 324
250 325
250 327
250 328
250 330
251 324
251 328
252 1238
252 1241
253 277
253 279
253 610
253 615
253 1425
253 1426
254 291
254 292
254 602
254 612
254 613
255 324
255 328
255 758
255 759
255 1237
255 1240
256 322
256 324
256 325
256 327
256 328
256 330
257 277
257 279
257 291
257 293
257 876
257 881
257 1425
257 1426
257 1427
259 1427
260 276
260 280
260 286
260 289
261 1239
261 1240
262 758
262 759
262 1237
262 1239
262 1240
264 276
264 280
265 1234
265 1237
265 1238
265 1604
265 1653
266 267
266 271
266 285
266 287
266 289
266 290
266 608
266 609
267 271
267 285
267 287
267 289
267 290
267 608
267 609
268 279
268 281
268 322
268 324
268 328
269 289
269 290
270 277
270 279
270 289
270 290
270 291
270 292
270 905
270 910
270 1237
270 1238
270 1240
270 1346
270 1356
270 1361
270 1389
270 1391
270 1408
270 1411
270 1656
270 1658
270 2126
270 2130
272 1604
272 1653
273 279
273 281
273 322
273 324
273 328
273 1234
273 1237
273 1238
274 277
274 279
274 289
274 290
274 291
274 292
274 905
274 910
274 1237
274 1238
274 1240
274 1346
274 1356
274 1361
274 1389
274 1391
274 1408
274 1411
274 1656
274 1658
274 2126
274 2130
275 289
275 290
276 286
276 290
276 1425
276 1426
277 1393
277 1398
278 286
278 290
279 1393
279 1398
280 288
280 292
280 1425
280 1426
282 288
282 292
283 285
283 287
284 1427
285 288
286 1425
286 1426
287 288
287 869
287 870
289 1424
289 1425
289 1426
289 1427
289 1540
289 1541
290 1424
290 1425
290 1426
290 1540
290 1541
291 838
291 858
291 1427
292 838
292 858
292 1427
294 1408
294 1411
295 1408
295 1411
296 1408
296 1411
297 584
297 732
297 859
297 862
298 515
298 521
299 515
299 521
299 623
299 625
300 308
300 309
300 639
300 646
301 307
301 308
301 309
301 639
301 646
302 586
302 600
304 812
304 817
304 878
304 882
305 307
305 308
306 307
306 308
307 315
307 331
307 333
307 335
307 806
307 812
308 315
308 331
308 333
308 335
308 806
308 812
309 321
309 323
309 790
309 793
309 797
309 798
309 800
309 801
310 321
310 323
310 790
310 793
310 797
310 798
310 800
310 801
311 322
311 325
312 322
312 325
313 623
314 586
314 600
316 336
316 796
317 336
317 794
318 336
318 794
319 623
320 336
320 796
321 326
321 329
321 337
321 338
321 587
321 600
321 1237
321 1241
322 584
322 732
322 738
323 326
323 329
323 337
323 338
323 587
323 600
323 1237
323 1241
324 418
324 438
324 590
324 591
325 584
325 732
325 738
326 340
326 343
328 418
328 438
328 590
328 591
330 590
330 591
332 340
332 343
332 742
332 746
334 341
334 342
334 344
335 742
335 746
339 341
339 342
339 344
340 1644
340 1649
341 808
341 820
341 1587
343 1644
343 1649
344 808
344 820
344 1587
345 808
345 820
347 350
347 351
348 812
348 817
349 742
349 746
350 351
352 891
352 1261
355 362
355 394
356 362
356 394
357 950
357 1456
358 734
358 737
358 741
358 950
358 1456
359 734
359 737
359 740
359 741
359 742
360 900
360 1218
361 593
361 604
361 777
361 779
361 789
361 792
361 869
361 871
361 951
361 954
361 1259
361 1338
361 1465
361 1466
361 1468
361 1470
362 369
362 370
362 371
362 406
362 409
362 410
362 593
362 604
362 768
362 772
362 776
362 777
362 779
362 789
362 792
362 831
362 838
362 841
362 843
362 851
362 857
362 858
362 859
362 861
362 1259
362 1338
362 1468
362 1470
362 1773
362 1774
363 366
363 403
363 405
363 406
363 409
363 764
363 771
363 777
363 779
363 782
364 406
364 409
365 403
365 405
365 1438
365 1442
366 402
366 405
366 407
366 414
366 415
366 762
366 781
366 789
367 766
367 772
367 780
367 788
367 1436
367 1439
368 780
368 788
369 388
369 391
369 394
369 806
369 812
370 388
370 391
370 394
370 806
370 812
371 394
372 708
372 715
372 1436
372 1439
373 596
373 606
373 932
373 949
373 1432
373 1436
374 380
374 387
374 752
374 754
375 759
375 807
376 759
376 807
377 714
377 726
378 380
378 387
378 752
378 754
379 759
379 807
381 961
381 965
382 900
382 1218
383 714
383 726
384 961
384 965
385 386
385 389
385 721
385 730
386 387
387 389
388 721
388 730
390 1465
390 1466
392 931
392 1459
392 1465
392 1466
393 1465
393 1466
394 406
394 409
394 410
394 768
394 772
394 776
394 777
394 779
394 831
394 838
394 841
394 843
394 851
394 857
394 858
394 859
394 861
394 1773
394 1774
395 398
395 399
395 869
395 877
396 931
396 1459
398 402
398 406
398 409
399 402
399 406
399 409
400 841
400 851
401 406
401 409
402 403
402 405
402 412
402 869
402 877
403 404
403 405
403 406
403 762
403 764
403 765
403 769
404 405
404 1438
404 1442
405 406
405 412
405 762
405 764
405 765
405 769
406 407
406 653
406 654
406 655
406 762
407 409
407 412
408 758
408 868
409 653
409 654
409 655
409 762
411 758
411 868
412 414
412 415
413 448
413 450
413 778
413 786
414 869
414 873
414 877
415 448
415 450
415 778
415 786
415 869
415 873
415 877
416 773
416 776
416 782
417 773
417 776
417 780
417 782
417 788
417 1436
417 1439
418 663
418 668
418 1241
418 1242
419 663
419 668
419 1241
419 1242
421 1231
421 1235
422 1254
422 1307
422 1352
422 1358
422 1399
422 1401
423 1254
423 1307
423 1352
423 1358
423 1399
423 1401
424 1254
424 1307
425 456
425 457
426 836
426 842
427 869
427 870
427 1685
427 2774
428 804
428 807
429 431
429 903
429 945
429 946
430 722
430 731
431 472
431 473
431 891
431 894
432 891
433 447
433 449
433 453
434 437
434 443
435 1429
436 1429
437 449
439 664
439 667
441 1127
441 1130
442 1127
442 1130
443 449
444 664
444 667
446 804
446 807
447 463
447 1429
448 454
448 455
449 463
449 1429
450 454
450 455
451 458
451 460
451 1321
451 1324
451 1378
451 1385
452 458
452 460
452 1321
452 1324
452 1378
452 1385
453 463
456 832
456 835
456 837
457 832
457 835
457 837
459 836
459 842
460 462
460 464
461 462
461 464
462 1378
462 1385
464 1378
464 1385
465 1269
465 1274
466 467
467 1269
467 1274
468 470
468 471
469 470
469 471
470 1269
470 1271
470 1274
471 1269
471 1271
471 1274
472 903
473 903
474 2280
474 2281
475 524
475 534
476 524
476 534
477 584
477 732
478 608
478 620
479 608
479 620
480 584
480 738
481 584
481 636
481 638
481 733
481 736
481 738
482 1512
483 595
483 718
484 1310
484 1313
485 564
485 565
486 564
486 565
487 1512
487 2174
487 2543
488 2174
488 2543
489 1193
489 1196
490 973
490 975
490 1193
490 1196
490 1512
491 495
491 496
491 1166
491 1510
491 1512
492 494
492 495
492 496
492 1166
492 1173
492 1175
492 1512
493 494
493 495
493 1166
493 1173
493 1175
493 1512
494 936
494 937
494 1162
494 1163
494 1168
494 1173
495 544
495 547
495 936
495 937
495 1030
495 1031
495 1168
495 1173
495 1193
495 1512
496 512
496 522
496 671
496 686
496 1029
496 1030
496 1144
496 1150
496 1166
497 1163
497 1168
497 1173
497 1175
498 1510
499 1510
500 709
500 711
501 725
501 727
502 598
502 636
502 638
502 641
502 645
502 733
502 735
502 736
504 511
504 515
504 521
504 584
504 599
504 607
504 615
504 619
504 621
504 622
504 732
504 745
504 1399
504 1401
504 1506
505 1235
505 1236
506 544
506 547
507 709
507 711
507 723
507 725
507 732
508 519
508 529
508 584
508 708
508 715
508 732
508 1092
508 1100
508 1102
508 1108
510 529
510 539
510 557
510 561
511 515
511 521
511 584
511 599
511 607
511 615
511 619
511 621
511 622
511 732
511 745
511 1399
511 1401
511 1506
512 709
512 711
512 1166
512 1235
512 1236
513 708
513 715
513 723
513 725
513 732
514 519
514 529
514 530
514 584
514 606
514 618
514 636
514 638
514 732
515 526
515 532
515 535
515 542
515 543
515 1234
515 1237
515 1241
515 1242
516 535
516 542
516 543
516 1234
516 1237
517 1241
517 1242
518 519
518 524
518 529
518 530
518 534
518 584
518 595
518 605
518 606
518 614
518 618
518 624
518 636
518 638
518 688
518 695
518 708
518 715
518 732
518 1092
518 1100
518 1102
518 1108
519 527
519 530
519 535
520 524
520 529
520 534
520 539
520 557
520 561
520 599
520 745
521 526
521 532
521 1241
521 1242
522 973
522 975
522 1071
522 1082
522 1166
523 709
523 711
524 525
524 527
524 583
524 598
524 732
524 735
524 1055
524 1063
524 1276
524 1283
524 1291
524 1506
525 534
526 1241
526 1242
527 529
527 530
527 534
527 584
527 595
527 605
527 614
527 624
527 688
527 695
527 732
528 541
528 545
529 530
529 535
530 539
530 542
530 550
530 1434
530 1441
531 1241
531 1242
531 1603
531 1725
533 1071
533 1082
534 541
534 545
534 583
534 598
534 732
534 735
534 1055
534 1063
534 1276
534 1283
534 1291
534 1506
535 539
535 542
535 550
535 1434
535 1441
535 1444
535 1447
536 1603
536 1725
537 598
537 641
537 645
537 735
538 1434
538 1441
539 1237
539 1238
540 1237
540 1241
542 584
542 585
542 1237
542 1238
542 1506
543 584
543 585
543 773
543 775
543 1364
543 1368
543 1444
543 1447
543 1506
544 1179
544 1183
544 1199
544 1200
544 1202
544 1512
544 2524
544 2526
545 552
545 554
546 773
546 775
546 1238
546 1242
546 1364
546 1368
547 1179
547 1183
547 1199
547 1200
547 1202
547 1512
547 2524
547 2526
548 1434
548 1441
549 1656
549 1658
550 552
550 554
550 1241
550 1242
550 1253
550 1341
550 2022
550 2026
550 2032
550 2034
551 1242
552 1235
552 1238
553 560
553 945
553 946
553 1238
553 1242
553 1740
553 2158
554 1235
554 1238
555 560
555 945
555 946
555 1238
555 1242
555 1740
555 2158
556 568
556 569
556 725
556 727
556 1443
556 1451
557 1238
557 1241
557 1242
557 1253
557 1341
557 2022
557 2026
557 2032
557 2034
557 2054
557 2057
559 1093
559 1098
559 1484
559 1498
560 1656
560 1658
561 1238
561 1242
561 2054
561 2057
562 1506
563 568
563 569
563 1443
563 1451
563 1506
563 1512
564 571
564 575
564 708
564 715
564 2046
564 2052
565 571
565 575
565 708
565 715
565 1093
565 1098
565 1484
565 1498
565 2046
565 2052
566 1368
566 1375
566 1597
566 1598
566 1662
566 1665
570 574
570 1311
570 1312
570 1325
570 1326
571 1311
571 1312
572 574
572 1311
572 1312
572 1325
572 1326
573 832
573 835
573 837
573 1487
573 1508
573 1613
573 1619
573 1951
574 1487
574 1508
574 1613
574 1619
574 1951
575 1311
575 1312
576 1319
576 1323
578 1310
578 1313
579 1319
579 1323
581 1431
581 1450
582 1510
583 617
583 618
583 627
583 631
583 1425
583 1426
583 1455
583 1457
584 636
584 638
584 654
584 656
584 657
584 678
584 689
584 696
584 715
584 717
584 729
584 737
584 740
584 744
584 891
584 902
584 903
584 1054
584 1259
584 1261
584 1262
584 1338
584 1424
584 1425
584 1426
584 1685
584 2774
585 586
585 600
585 636
585 638
585 654
585 656
585 657
585 740
585 744
585 891
585 1238
585 1242
585 1259
585 1261
585 1262
585 1338
585 1424
585 1425
585 1426
586 600
586 610
586 615
586 655
586 659
586 740
586 742
586 744
586 1238
586 1242
586 1406
586 1407
586 1410
586 1414
587 1406
587 1410
588 589
588 611
588 664
588 668
589 611
589 743
589 744
589 751
589 752
589 1235
589 1238
590 743
590 744
592 593
592 602
592 604
592 612
592 743
592 744
592 891
592 1261
593 594
593 604
593 612
593 634
593 642
593 665
593 668
593 760
593 891
593 1261
594 602
594 604
594 612
594 743
594 744
595 616
595 1431
595 1450
596 1452
597 636
597 638
598 1103
598 1104
598 1455
598 1457
599 643
599 644
599 742
599 746
599 866
599 867
599 891
599 1261
600 610
600 615
600 655
600 659
600 740
600 742
600 744
600 1407
600 1414
601 734
601 736
601 751
601 752
601 1235
601 1238
602 604
602 634
602 642
602 648
602 650
602 653
602 655
602 773
602 775
603 608
603 610
603 615
603 619
603 649
603 652
603 653
603 654
603 655
603 656
603 659
603 663
603 664
603 668
603 1425
603 1426
604 612
604 653
604 655
604 665
604 668
604 760
604 891
604 1261
606 636
606 638
606 1452
608 610
608 643
608 644
608 891
608 1261
610 615
610 619
610 649
610 652
610 653
610 654
610 655
610 656
610 658
610 659
610 661
610 663
610 664
610 668
610 1231
610 1235
610 1425
610 1426
611 664
611 668
611 734
611 736
612 634
612 642
612 648
612 650
612 653
612 655
612 665
612 668
612 773
612 775
613 648
613 650
615 647
615 652
615 653
615 655
615 658
615 660
615 661
615 662
615 664
615 667
615 1231
615 1235
616 718
617 725
617 732
618 732
620 623
620 626
620 640
620 645
621 647
621 652
621 660
621 662
621 664
621 667
623 651
623 653
623 654
623 655
623 656
623 659
623 662
623 663
623 668
623 669
623 750
624 655
624 660
625 662
625 668
625 669
626 632
626 635
626 651
626 654
626 656
626 750
627 725
627 732
628 655
628 660
629 663
629 664
630 663
630 664
631 732
632 635
633 637
633 641
637 640
638 1238
638 1242
639 664
639 668
640 641
640 750
643 745
644 745
644 1238
644 1242
645 750
646 664
646 668
651 664
651 665
652 664
652 665
654 664
654 665
659 664
659 668
660 664
660 668
660 887
660 888
663 887
663 888
666 1399
666 1401
667 1399
667 1401
670 1029
670 1030
670 1031
670 1150
671 973
671 975
671 1030
671 1031
671 1032
671 1084
671 1141
671 1166
671 1510
671 2451
671 2457
672 673
672 682
672 1032
672 1051
672 1059
672 1076
672 1082
672 1084
672 1086
672 1087
672 1109
672 1113
672 1118
672 1123
672 1141
672 1431
672 1450
673 684
673 687
673 1051
673 1071
673 1082
673 1230
673 1236
673 1510
674 1057
674 1061
674 1071
674 1074
674 1082
675 705
675 706
675 1238
675 1242
676 705
676 706
676 715
676 717
676 723
676 1055
676 1063
677 710
677 712
677 1070
677 1081
678 679
678 690
678 697
678 719
678 720
678 732
678 1069
678 1079
678 1080
678 1091
678 1258
678 1339
678 1345
679 689
679 696
679 844
679 845
679 852
679 1054
681 973
681 975
681 1030
681 1031
682 684
682 687
682 1050
682 1051
682 1058
682 1510
683 1050
683 1058
684 691
684 698
684 705
684 706
684 1238
684 1242
685 719
685 720
685 1070
685 1081
685 1258
685 1339
685 1345
686 1029
686 1030
686 1031
686 1032
686 1084
686 1141
686 1144
686 1150
686 1166
686 2451
686 2457
687 691
687 698
687 1057
687 1061
687 1071
687 1074
687 1082
689 690
689 697
689 718
689 719
689 732
689 738
690 696
690 721
690 729
690 730
690 737
690 740
690 742
690 844
690 845
690 852
690 1054
692 1029
692 1092
692 1100
692 1102
692 1150
693 1029
693 1030
693 1071
693 1074
693 1082
693 1144
693 1150
694 705
694 706
695 708
695 715
696 708
696 715
696 718
696 719
696 732
696 738
697 721
697 729
697 730
697 737
697 740
697 742
697 1054
698 1057
698 1064
699 708
699 715
699 1055
699 1063
699 1100
699 1102
700 1029
700 1064
700 1073
700 1092
700 1100
700 1102
700 1150
701 1029
701 1064
701 1071
701 1073
701 1074
701 1082
701 1092
701 1100
701 1102
701 1150
702 708
702 715
702 1055
702 1063
702 1100
702 1102
703 705
703 706
704 705
704 706
704 707
704 1057
704 1064
704 1093
704 1098
704 1235
704 1238
705 706
705 709
705 716
705 721
705 724
705 730
705 981
705 985
705 1047
705 1055
705 1057
705 1063
705 1064
705 1073
705 1092
705 1102
705 1444
705 1447
706 709
706 716
706 718
706 719
706 724
706 1047
706 1055
706 1063
706 1092
706 1102
707 709
707 718
707 719
708 1452
708 1510
709 1093
709 1098
710 721
710 730
710 981
710 985
710 1055
710 1057
710 1063
710 1064
710 1072
710 1073
710 1235
710 1238
710 1444
710 1447
710 1465
710 1466
711 1051
711 1059
711 1510
712 1055
712 1072
712 1465
712 1466
713 948
713 955
714 944
714 945
714 946
715 723
715 725
715 732
715 1047
715 1051
715 1055
715 1059
715 1063
715 1089
715 1092
715 1095
715 1100
715 1102
715 1452
717 732
717 1047
718 1431
718 1450
721 948
721 955
721 1053
721 1062
722 901
723 725
723 1047
723 1055
723 1063
723 1089
723 1092
723 1095
723 1100
723 1102
724 1005
724 1010
724 1466
724 1467
725 1055
725 1063
725 1092
725 1100
725 1102
725 1210
726 944
726 945
726 946
728 1510
729 733
729 738
729 739
729 740
729 742
729 744
729 862
729 866
729 970
729 971
729 977
729 1005
729 1010
729 1466
729 1467
730 1053
730 1062
730 1068
731 901
732 891
732 1054
732 1210
732 1262
732 1425
732 1426
733 737
734 742
734 746
735 1103
735 1104
735 1455
735 1457
737 738
737 739
737 740
737 742
737 744
737 747
737 748
737 862
737 866
737 970
737 971
737 977
737 1062
737 1068
738 902
738 903
738 1425
738 1426
738 1685
738 2774
740 747
740 749
740 753
740 1092
740 1100
740 1102
740 1465
740 1466
741 742
741 746
741 747
741 748
742 745
742 753
742 1465
742 1466
743 747
743 749
744 747
744 749
744 1092
744 1100
744 1102
745 746
745 866
745 867
745 891
745 1261
758 777
758 779
758 784
758 790
758 1719
758 1720
759 777
759 779
759 1719
759 1720
760 777
760 779
760 789
760 792
760 869
760 871
760 951
760 954
760 1465
760 1466
760 1468
760 1470
761 841
761 851
762 764
762 771
762 777
762 779
762 782
763 1438
763 1442
765 781
765 789
766 767
766 772
766 786
766 791
766 841
766 851
767 772
768 786
768 791
768 841
768 851
770 962
770 995
770 998
772 786
772 791
773 928
773 929
773 1241
773 1242
774 1432
774 1436
775 928
775 929
775 962
775 995
775 998
775 1241
775 1242
780 1432
780 1436
783 795
783 799
784 803
784 804
784 868
785 798
785 801
786 791
786 803
786 804
787 795
787 798
787 799
787 801
788 1432
788 1436
790 868
791 803
791 804
798 803
798 810
801 803
801 804
801 807
801 809
801 810
801 814
802 809
802 814
803 1473
803 1475
804 805
804 1473
804 1475
805 807
805 1241
805 1242
806 809
806 814
808 1712
808 1715
809 818
809 869
809 870
811 1241
811 1242
813 816
813 819
814 818
814 869
814 870
815 878
815 882
816 818
818 819
820 1712
820 1715
821 844
821 852
822 844
822 852
823 825
823 826
823 849
823 855
824 825
824 826
824 849
824 855
826 1352
826 1353
826 1358
826 1374
826 1378
826 1399
826 1401
827 1352
827 1353
827 1358
827 1374
827 1378
828 1335
828 1336
829 1240
829 1241
830 849
830 855
833 1258
833 1339
834 849
834 855
838 1258
838 1339
839 1240
839 1241
840 891
840 1259
840 1338
841 998
841 1001
841 1251
841 1346
841 2705
841 2707
844 1385
844 1386
844 1396
844 1399
845 891
845 1259
845 1338
845 1396
845 1399
846 1399
846 1401
847 927
847 1472
847 1474
848 1258
848 1339
849 1258
849 1339
849 1345
849 1378
849 1385
850 927
850 1472
850 1474
850 1670
850 1672
851 998
851 1001
851 1251
851 1346
851 2705
851 2707
852 1385
852 1386
853 879
853 883
854 1670
854 1672
855 1258
855 1339
855 1345
855 1378
855 1385
856 869
856 870
860 879
860 883
861 863
861 869
861 870
863 865
864 869
864 870
865 869
865 870
865 1685
865 2774
866 872
866 876
866 1425
866 1426
867 872
867 876
867 1425
867 1426
869 1458
869 1459
870 1458
870 1459
872 1421
872 1423
873 1458
873 1459
874 1259
874 1338
874 1418
874 1424
875 1444
875 1447
876 1421
876 1423
876 1428
880 1259
880 1338
880 1418
880 1424
880 1425
880 1426
881 1425
881 1426
881 1428
881 1444
881 1447
884 1687
884 1688
885 1687
885 1688
891 1259
891 1338
891 1416
891 1419
891 1454
891 1455
892 1259
892 1338
892 1416
892 1419
893 945
893 946
894 903
895 1295
895 1299
896 1295
896 1299
897 1260
897 1265
897 2697
897 2698
898 2697
898 2698
899 921
899 924
904 1282
904 1337
906 1429
907 1282
907 1337
909 921
909 924
911 1268
911 1269
913 925
913 926
915 1127
915 1130
916 922
916 923
917 922
917 923
917 1268
917 1269
919 1127
919 1130
920 925
920 926
922 1132
922 1136
922 2312
922 2318
923 1132
923 1136
923 2312
923 2318
927 948
927 955
932 1109
932 1113
932 1127
932 1130
932 1452
932 1469
932 1471
933 1127
933 1130
933 1469
933 1471
934 1223
934 1227
934 1272
934 1277
935 1223
935 1227
935 1272
935 1277
937 1176
937 1181
938 1176
938 1181
939 1006
939 1220
940 1006
940 1220
941 1006
941 1220
942 1100
942 1102
942 1108
942 2149
942 2152
943 1100
943 1107
943 1108
943 1112
944 962
944 995
944 998
945 962
945 970
945 977
945 995
945 998
945 1405
945 1409
946 970
946 977
946 1405
946 1409
947 1272
947 1277
948 1040
948 1041
948 1472
949 1109
949 1113
949 1127
949 1130
949 1452
949 1469
949 1471
952 1471
952 1473
953 970
953 977
955 1026
955 1027
955 1040
955 1041
955 1117
955 1118
955 1217
955 1219
955 1223
955 1227
955 1247
955 1248
955 1472
956 970
956 977
957 970
957 977
957 981
957 985
957 991
958 1026
958 1027
958 1117
958 1118
958 1217
958 1219
958 1223
958 1227
958 1228
958 1229
958 1247
958 1248
958 1510
958 1513
958 2014
958 2037
959 1022
959 1024
959 1026
959 1027
959 1177
959 1181
959 1185
960 970
960 977
960 1177
960 1181
960 1185
961 968
961 988
961 989
964 1228
964 1229
964 1510
964 1513
966 1001
966 1008
967 1026
967 1027
967 1117
967 1118
967 1223
967 1227
967 2014
967 2037
968 997
969 1022
969 1024
970 976
970 986
970 1448
970 1990
970 2005
972 983
972 987
972 1022
972 1024
973 1036
973 1111
975 1036
975 1111
976 982
976 1109
976 1117
976 1510
977 1448
977 1990
977 2005
978 995
978 999
979 983
979 987
979 1014
979 1015
979 1022
979 1024
979 1221
979 1224
980 1014
980 1015
980 1221
980 1224
980 1465
980 1466
981 995
981 998
981 999
981 1001
981 1010
981 1011
982 986
983 1465
983 1466
985 995
985 998
985 999
985 1001
985 1010
985 1011
986 1109
986 1117
986 1510
987 1465
987 1466
988 997
989 997
990 995
990 999
991 1001
991 1008
993 1100
993 1102
994 1001
994 1008
996 1100
996 1102
1000 1022
1000 1024
1002 1022
1002 1024
1003 1510
1004 1510
1005 1471
1005 1473
1007 1022
1007 1024
1009 1092
1009 1100
1009 1102
1009 1471
1009 1473
1010 1092
1010 1100
1010 1102
1010 1137
1010 1139
1011 1099
1011 1115
1011 1137
1011 1139
1012 1022
1012 1024
1013 1099
1013 1100
1013 1102
1013 1107
1013 1108
1013 1112
1013 1115
1013 2149
1013 2152
1016 1510
1017 1022
1017 1024
1018 1019
1018 1023
1018 1510
1019 1021
1019 1510
1020 1022
1020 1024
1021 1023
1023 1510
1025 1100
1025 1102
1028 1100
1028 1102
1029 1056
1029 1166
1029 1978
1029 1979
1030 1144
1030 1149
1030 1151
1030 1161
1030 1166
1031 1033
1031 1140
1031 1143
1031 1144
1031 1146
1031 1151
1031 1166
1032 1033
1032 1051
1032 1140
1032 1143
1032 1146
1032 1479
1032 1979
1033 1051
1033 1059
1033 1512
1034 1510
1035 1101
1035 1106
1036 1101
1036 1106
1036 1510
1037 1124
1037 1129
1037 1134
1037 1155
1037 1160
1037 1510
1038 1119
1038 1123
1038 1124
1038 1129
1038 1134
1038 1155
1038 1160
1038 1510
1039 1119
1039 1123
1040 1042
1040 1043
1040 1142
1040 1510
1041 1042
1041 1043
1041 1142
1041 1510
1042 1179
1042 1183
1042 1510
1043 1158
1043 1172
1043 1176
1043 1177
1043 1179
1043 1183
1043 1512
1044 1177
1044 1181
1044 1185
1045 1177
1045 1181
1045 1185
1046 1406
1046 1410
1047 1055
1047 1063
1048 1071
1048 1082
1049 1071
1049 1082
1050 1061
1050 1065
1050 1071
1050 1074
1050 1082
1050 1086
1050 1093
1050 1103
1050 1104
1050 1117
1050 1118
1050 1230
1050 1236
1051 1059
1051 1065
1051 1074
1051 1076
1051 1082
1051 1084
1051 1086
1051 1087
1051 1093
1051 1096
1051 1104
1051 1109
1051 1113
1051 1118
1051 1123
1051 1140
1051 1141
1051 1431
1051 1450
1051 1512
1052 1510
1053 1100
1053 1108
1054 1069
1054 1079
1054 1080
1054 1091
1055 1071
1055 1082
1055 1469
1055 1471
1055 1505
1056 1150
1058 1086
1058 1093
1058 1103
1058 1104
1058 1117
1058 1118
1059 1061
1059 1065
1059 1082
1059 1086
1059 1087
1059 1093
1059 1096
1059 1104
1059 1109
1059 1113
1059 1140
1059 1512
1060 1510
1062 1100
1062 1108
1063 1071
1063 1082
1063 1469
1063 1471
1063 1505
1065 1082
1065 1086
1065 1157
1066 1069
1066 1079
1067 1069
1067 1079
1069 1075
1070 1092
1070 1100
1070 1102
1071 1093
1071 1098
1071 1100
1071 1102
1071 1144
1071 1151
1074 1157
1074 1510
1075 1079
1076 1109
1076 1113
1077 1109
1077 1113
1078 1406
1078 1410
1080 1100
1080 1102
1081 1092
1081 1100
1081 1102
1082 1085
1082 1093
1082 1098
1082 1100
1082 1102
1082 1144
1082 1151
1082 1510
1082 2439
1082 2503
1083 1088
1083 1094
1084 1479
1084 1979
1085 1086
1086 1444
1086 1447
1086 2439
1086 2503
1087 1088
1087 1094
1087 1096
1088 1090
1088 1093
1088 1096
1088 1098
1088 1101
1088 1106
1088 1109
1088 1113
1088 2451
1088 2457
1090 1094
1092 1100
1092 1102
1092 1107
1092 1112
1092 2367
1092 2479
1092 2505
1092 2510
1093 1094
1093 1444
1093 1447
1094 1096
1094 1098
1094 1101
1094 1106
1094 1110
1094 2451
1094 2457
1094 2539
1094 2545
1096 1103
1096 1104
1096 1109
1096 1113
1097 1103
1097 1104
1097 1109
1097 1113
1097 2539
1097 2545
1099 1107
1099 1112
1100 1102
1100 1107
1100 1109
1100 1112
1100 1113
1100 1446
1100 1453
1100 1464
1100 1465
1100 2367
1100 2439
1100 2479
1100 2503
1100 2505
1100 2510
1101 1106
1101 1110
1101 1119
1101 1123
1102 1107
1102 1109
1102 1112
1102 1113
1102 1446
1102 1453
1102 1464
1102 1465
1102 2367
1102 2439
1102 2479
1102 2503
1102 2505
1102 2510
1103 1106
1103 1110
1104 1106
1104 1110
1104 1118
1104 1123
1105 1109
1105 1113
1106 1119
1106 1123
1106 1506
1107 1108
1107 1112
1108 1112
1109 1114
1109 1117
1109 1118
1109 1120
1109 1122
1109 1123
1109 2165
1109 2451
1109 2457
1109 2538
1109 2549
1110 1506
1113 1114
1113 1117
1113 1118
1113 1120
1113 1122
1113 2165
1113 2451
1113 2457
1113 2538
1113 2549
1116 1118
1116 1119
1116 1123
1117 1512
1118 1121
1118 1430
1118 1445
1118 1449
1118 1510
1118 1512
1119 1121
1119 1430
1119 1445
1119 1449
1119 1510
1121 1123
1123 1430
1123 1445
1123 1449
1123 1510
1125 1127
1125 1130
1126 1127
1126 1130
1127 1137
1127 1138
1127 1139
1130 1137
1130 1138
1130 1139
1132 1173
1132 1175
1133 2497
1133 2501
1135 1510
1135 2497
1135 2501
1136 1173
1136 1175
1137 1510
1137 2497
1137 2501
1138 1510
1140 2487
1140 2497
1141 1479
1141 1512
1141 1979
1142 1147
1142 1152
1142 1158
1142 1172
1142 1176
1142 1177
1142 1179
1142 1183
1142 1512
1144 1149
1144 1161
1144 1166
1145 1147
1145 1152
1146 1512
1146 2487
1146 2497
1148 1510
1148 1512
1150 1164
1150 1166
1150 1175
1150 1179
1150 1183
1153 1177
1153 1184
1153 1185
1154 1164
1154 1175
1154 1179
1154 1183
1156 1512
1157 1163
1157 1164
1157 1168
1157 1173
1157 1175
1159 1177
1159 1184
1159 1185
1160 1173
1160 1179
1161 1173
1161 1179
1162 1180
1162 1512
1163 1180
1163 1510
1165 1173
1165 1175
1165 1510
1166 1193
1166 1512
1167 1192
1167 1195
1167 1510
1168 1510
1169 1512
1170 1184
1170 1185
1170 1192
1170 1194
1170 1195
1170 1196
1170 1510
1171 1184
1171 1185
1171 1194
1171 1196
1174 1510
1174 1512
1178 1188
1178 1189
1179 1183
1179 1188
1179 1189
1179 1193
1179 1196
1179 1242
1180 1510
1181 1186
1181 1190
1182 1188
1182 1189
1182 1193
1182 1194
1183 1188
1183 1189
1183 1193
1183 1196
1183 1242
1183 1978
1183 1979
1185 1186
1185 1190
1187 1193
1187 1194
1188 1512
1188 1978
1188 1979
1189 1512
1191 1197
1191 1201
1193 1510
1193 2012
1193 2016
1194 1197
1194 1201
1194 2012
1194 2016
1196 1510
1198 2016
1198 2024
1199 2016
1199 2024
1205 1512
1206 1512
1209 1512
1213 1215
1213 1216
1214 1215
1214 1216
1231 1445
1235 1445
1237 1356
1237 1361
1238 1512
1239 1245
1239 1246
1239 1251
1239 1346
1239 1356
1239 1361
1239 1554
1239 1557
1240 1245
1240 1246
1240 1251
1240 1346
1240 1554
1240 1557
1242 1393
1242 1398
1242 1512
1247 2650
1247 2651
1248 2650
1248 2651
1249 1740
1249 1741
1250 1377
1250 1384
1251 1316
1251 1320
1252 1312
1252 1317
1253 1312
1253 1317
1254 1257
1254 1278
1254 1289
1254 1291
1255 1257
1255 1291
1256 1257
1256 1281
1257 1264
1257 1268
1257 1340
1257 1396
1257 1399
1258 1362
1258 1371
1258 1374
1258 1378
1259 1263
1259 1264
1259 1378
1259 1385
1259 1386
1259 1406
1259 1410
1260 1266
1261 1454
1261 1455
1263 1338
1264 1275
1264 1338
1265 1266
1267 1280
1267 1285
1268 1275
1268 1282
1268 1337
1270 1282
1270 1337
1273 1280
1273 1285
1275 1396
1275 1399
1276 1378
1276 1385
1278 1342
1279 1311
1279 1312
1281 1282
1281 1337
1281 1340
1282 1337
1283 1378
1283 1385
1286 1288
1286 1293
1288 1290
1289 1311
1289 1312
1289 1342
1290 1293
1291 1378
1291 1385
1292 1294
1292 1305
1292 1306
1294 1306
1294 1308
1294 1546
1294 2679
1294 2682
1296 1305
1296 1306
1297 1306
1297 1308
1297 1546
1297 2679
1297 2682
1300 2686
1300 2688
1301 1305
1301 1306
1304 1305
1304 1306
1304 2686
1304 2688
1305 1306
1305 1308
1305 2686
1305 2688
1306 1308
1306 1311
1306 1312
1306 1331
1306 1333
1306 2686
1306 2688
1308 1311
1308 1312
1308 1331
1308 1333
1309 1364
1309 1368
1311 1327
1311 1329
1311 1333
1311 1335
1311 1336
1312 1327
1312 1328
1312 1329
1312 1330
1312 1333
1312 1335
1312 1336
1312 1342
1312 1343
1312 1364
1312 1368
1313 1319
1313 1323
1316 1346
1317 1328
1317 1330
1317 1333
1317 1335
1317 1342
1317 1343
1318 1319
1318 1323
1320 1346
1322 1342
1322 1343
1324 1342
1324 1343
1324 1349
1327 1332
1327 1333
1327 1335
1327 1336
1327 1342
1327 1343
1328 1342
1328 1343
1328 1349
1329 1332
1329 1333
1330 1335
1330 1336
1330 1342
1330 1343
1334 1377
1334 1384
1335 1467
1335 1468
1336 1467
1336 1468
1338 1378
1338 1385
1338 1386
1338 1406
1338 1410
1339 1362
1339 1371
1339 1374
1339 1378
1342 1364
1342 1368
1343 1364
1343 1368
1344 1368
1344 1375
1346 1359
1346 1364
1346 1368
1346 1369
1346 1389
1346 1391
1349 2697
1349 2698
1350 2697
1350 2698
1351 1356
1351 1361
1352 1362
1352 1372
1352 1376
1355 1368
1355 1375
1355 1389
1355 1391
1356 1359
1356 1360
1356 1364
1356 1365
1356 1368
1356 1369
1356 1377
1356 1389
1356 1391
1358 1362
1358 1372
1358 1376
1359 1361
1359 1411
1359 1416
1360 1361
1361 1365
1361 1369
1361 1377
1361 1389
1361 1391
1363 1365
1363 1377
1365 1368
1365 1389
1365 1391
1366 1390
1366 1394
1367 1378
1367 1385
1368 1377
1368 1382
1368 1383
1368 1388
1368 1389
1368 1391
1368 1395
1368 1400
1368 1406
1368 1410
1369 1411
1369 1416
1370 1378
1370 1385
1373 1390
1373 1394
1375 1377
1375 1382
1375 1383
1375 1388
1375 1389
1375 1391
1375 1395
1375 1400
1375 1406
1375 1410
1377 1389
1377 1391
1378 1399
1378 1401
1379 1424
1380 1399
1380 1401
1381 1388
1381 1389
1381 1399
1381 1401
1385 1399
1385 1401
1387 1424
1388 1389
1392 1396
1392 1397
1392 1399
1392 1401
1393 1408
1393 1411
1393 1412
1393 1418
1395 1417
1395 1420
1396 1397
1396 1399
1396 1401
1398 1408
1398 1411
1398 1412
1398 1418
1400 1417
1400 1420
1402 1408
1402 1411
1403 1408
1403 1411
1406 1410
1408 1412
1408 1417
1408 1418
1408 1420
1408 1422
1411 1412
1411 1417
1411 1418
1411 1420
1411 1422
1412 1417
1412 1418
1416 2653
1416 2718
1416 2719
1416 2727
1417 1418
1419 2653
1419 2718
1419 2719
1419 2727
1422 1425
1422 1426
1424 1425
1424 1426
1432 1438
1432 1442
1432 1452
1436 1438
1436 1442
1436 1452
1438 1439
1439 1442
1439 1452
1460 1461
1460 1462
1461 1463
1462 1463
1470 1471
1470 1473
1471 1474
1473 1474
1478 1593
1478 2052
1479 2165
1479 2435
1479 2436
1479 2454
1479 2462
1479 2465
1479 2542
1479 2550
1480 2736
1480 2743
1480 2748
1481 2056
1481 2059
1481 2060
1481 2062
1482 2056
1482 2059
1482 2060
1482 2062
1483 1624
1483 1633
1484 1514
1484 1522
1485 2619
1485 2622
1486 2617
1486 2619
1486 2620
1486 2622
1488 1578
1488 1582
1488 2617
1488 2620
1489 2444
1489 2445
1490 2153
1490 2155
1490 2161
1490 2162
1491 2640
1491 2642
1492 2640
1492 2642
1493 2396
1493 2403
1494 1976
1494 1997
1494 2007
1494 2037
1494 2040
1495 1976
1495 1997
1495 2007
1495 2037
1495 2040
1496 1512
1497 2443
1497 2546
1497 2591
1497 2598
1498 1514
1498 1522
1498 2053
1498 2056
1499 1501
1500 2053
1500 2056
1502 1969
1502 1970
1504 1969
1504 1970
1505 1506
1505 1843
1505 1854
1505 2409
1505 2412
1505 2423
1505 2426
1506 2004
1506 2016
1506 2017
1506 2018
1506 2024
1506 2026
1506 2032
1506 2033
1506 2034
1506 2204
1506 2208
1506 2370
1506 2379
1506 2439
1506 2451
1506 2457
1506 2495
1506 2500
1506 2503
1507 1972
1507 1973
1507 2617
1507 2620
1508 1972
1508 1973
1509 2451
1509 2457
1510 1997
1510 2013
1510 2014
1510 2021
1510 2029
1510 2165
1510 2370
1510 2379
1510 2399
1510 2405
1510 2435
1510 2436
1510 2451
1510 2452
1510 2453
1510 2457
1510 2465
1510 2474
1510 2476
1510 2488
1510 2492
1510 2495
1510 2498
1510 2500
1510 2503
1511 2029
1511 2039
1511 2451
1511 2457
1512 1531
1512 1963
1512 1970
1512 1971
1512 1976
1512 1978
1512 1979
1512 1980
1512 1995
1512 1996
1512 2002
1512 2007
1512 2012
1512 2016
1512 2029
1512 2039
1512 2387
1512 2391
1512 2452
1512 2453
1512 2454
1512 2461
1512 2462
1512 2465
1512 2469
1512 2474
1512 2482
1512 2483
1512 2490
1512 2491
1512 2492
1512 2493
1512 2499
1512 2538
1512 2544
1512 2549
1512 2550
1512 2551
1512 2555
1512 2559
1512 2562
1512 2563
1512 2564
1512 2568
1512 2572
1512 2573
1512 2574
1512 2609
1512 2611
1512 2804
1512 2805
1513 2361
1513 2370
1513 2371
1513 2379
1514 1578
1514 1582
1514 1969
1514 1970
1514 2617
1514 2620
1515 1999
1515 2011
1515 2148
1515 2153
1515 2807
1515 2808
1516 2361
1516 2371
1517 1999
1517 2011
1517 2148
1517 2153
1517 2169
1517 2173
1517 2567
1517 2572
1518 2029
1518 2039
1519 2442
1519 2443
1519 2449
1519 2535
1519 2540
1519 2547
1520 1692
1520 1701
1520 1702
1520 2807
1520 2808
1521 1692
1521 1701
1521 1702
1521 2169
1521 2173
1521 2567
1521 2572
1521 2807
1521 2808
1522 1969
1522 1970
1522 2617
1522 2620
1523 2361
1523 2371
1524 2359
1524 2375
1525 2359
1525 2375
1526 2640
1526 2642
1527 2616
1527 2618
1528 2616
1528 2618
1529 2618
1529 2620
1529 2621
1530 2618
1530 2620
1530 2621
1532 1977
1532 1978
1532 1995
1532 2007
1532 2029
1532 2039
1532 2444
1532 2445
1532 2531
1532 2532
1532 2563
1532 2570
1532 2574
1532 2597
1532 2598
1532 2600
1532 2601
1533 1977
1533 1978
1533 1995
1533 2007
1533 2021
1533 2029
1533 2039
1533 2444
1533 2445
1533 2531
1533 2532
1533 2563
1533 2569
1533 2570
1533 2574
1533 2576
1533 2597
1533 2598
1533 2600
1533 2601
1533 2607
1533 2608
1534 2444
1534 2445
1535 2021
1535 2039
1535 2443
1535 2444
1535 2445
1535 2546
1535 2569
1535 2570
1535 2574
1535 2576
1535 2591
1535 2598
1535 2607
1535 2608
1536 2067
1536 2070
1537 2057
1537 2058
1537 2067
1537 2068
1537 2070
1538 2067
1538 2068
1539 1573
1539 1575
1539 1652
1539 1654
1540 1554
1540 1557
1541 1542
1541 1554
1541 1557
1541 1610
1542 1547
1542 2722
1542 2730
1543 1593
1543 2052
1544 1554
1544 1557
1545 1584
1545 1585
1547 1610
1547 2005
1547 2018
1547 2019
1548 2057
1548 2058
1549 1636
1549 1639
1550 1636
1550 1639
1551 2017
1551 2033
1552 2054
1552 2057
1552 2070
1552 2072
1552 2074
1553 1592
1553 1593
1553 1595
1553 1596
1553 1612
1553 1636
1553 1639
1553 1991
1553 2022
1553 2032
1553 2035
1553 2045
1553 2064
1553 2067
1554 1592
1554 1593
1554 2005
1554 2018
1554 2019
1554 2026
1554 2032
1554 2034
1554 2046
1554 2052
1554 2701
1555 2017
1555 2033
1556 1592
1556 1593
1556 1595
1556 1596
1556 1612
1556 1636
1556 1639
1556 1991
1556 2022
1556 2026
1556 2032
1556 2035
1556 2045
1556 2056
1556 2060
1556 2061
1556 2064
1556 2065
1556 2067
1556 2069
1557 1592
1557 1593
1557 2026
1557 2032
1557 2034
1557 2046
1557 2052
1557 2701
1558 1611
1558 1616
1558 1969
1558 1970
1558 2072
1558 2074
1559 2026
1559 2032
1559 2056
1559 2060
1559 2061
1559 2065
1559 2069
1560 2070
1560 2072
1561 1611
1561 1616
1561 1618
1561 2054
1561 2057
1561 2072
1561 2074
1562 1592
1562 1593
1562 1612
1562 1636
1562 1639
1562 1991
1562 2035
1562 2045
1563 1624
1563 1633
1564 1670
1564 1672
1564 2064
1564 2067
1565 1611
1565 1618
1566 1969
1566 1970
1566 2072
1566 2074
1567 1966
1567 2074
1568 1575
1568 1581
1568 1593
1568 1613
1568 1670
1568 1672
1568 2047
1568 2052
1569 2064
1569 2067
1570 1590
1570 1616
1571 2063
1571 2066
1572 1591
1572 1592
1573 1575
1573 1581
1573 1593
1573 1613
1573 1662
1573 2047
1573 2052
1574 1650
1574 1654
1575 1662
1575 1968
1575 1969
1576 1591
1576 1592
1576 1966
1576 2074
1577 1590
1577 1616
1578 1967
1578 2063
1578 2066
1578 2074
1579 1967
1579 2074
1580 1650
1580 1654
1581 1968
1581 1969
1581 1970
1583 1969
1583 1970
1583 2618
1583 2620
1583 2621
1584 1588
1584 1969
1584 1970
1584 2618
1584 2620
1584 2621
1585 1588
1587 1966
1587 1967
1587 2074
1587 2667
1587 2668
1587 2685
1587 2687
1589 2062
1589 2064
1590 2026
1590 2032
1591 1624
1591 1628
1592 1629
1592 1633
1595 1599
1595 1600
1595 1631
1595 1634
1595 1638
1595 1640
1595 1643
1595 1648
1595 1650
1595 1651
1596 1599
1596 1600
1596 1627
1596 1631
1596 1632
1596 1634
1596 1638
1596 1640
1596 1643
1596 1648
1596 1650
1596 1651
1597 1884
1597 1886
1597 2804
1597 2805
1598 1640
1598 1641
1598 1884
1598 1886
1598 2804
1598 2805
1599 1603
1599 1615
1599 1640
1599 1641
1599 1644
1599 1649
1599 1674
1599 1694
1599 1725
1600 1603
1600 1615
1600 1644
1600 1649
1600 1674
1600 1694
1600 1725
1601 1726
1601 1727
1602 1638
1602 1642
1602 1952
1602 1954
1603 1626
1603 1638
1603 1642
1603 1713
1603 1955
1603 1956
1604 1656
1604 1658
1604 1659
1604 1661
1607 1671
1607 1673
1607 2329
1607 2331
1607 2715
1607 2716
1608 2329
1608 2331
1610 2722
1610 2730
1611 2059
1611 2062
1612 1629
1612 1633
1615 1627
1615 1632
1615 1634
1616 2026
1616 2032
1616 2059
1616 2062
1617 1624
1617 1628
1620 1636
1620 1639
1621 1636
1621 1639
1622 1632
1622 1635
1623 1632
1623 1635
1625 1636
1625 1639
1626 1725
1626 2641
1626 2643
1640 1726
1640 1727
1641 1726
1641 1727
1642 1952
1642 1954
1645 1992
1645 2000
1646 1992
1646 2000
1647 2043
1647 2044
1650 2043
1650 2044
1652 1660
1654 1659
1654 1660
1654 1661
1655 1659
1655 1661
1656 1725
1658 1725
1659 1727
1661 1727
1669 1671
1669 1673
1669 2715
1669 2716
1674 1678
1674 1806
1675 1720
1675 1721
1676 1710
1676 1711
1677 2645
1677 2646
1678 1694
1679 1681
1679 1682
1679 1806
1679 1807
1680 1681
1680 1682
1680 1806
1680 1807
1681 1776
1681 1777
1681 1780
1681 1804
1681 1805
1682 1776
1682 1777
1682 1780
1682 1804
1682 1805
1683 2772
1683 2775
1684 1716
1684 1722
1684 1723
1685 1686
1685 1729
1685 1731
1685 1734
1685 2326
1685 2328
1685 2773
1685 2776
1686 2774
1687 2769
1687 2771
1688 2769
1688 2771
1689 2734
1689 2735
1689 2741
1689 2742
1689 2764
1689 2768
1689 2769
1689 2771
1690 2734
1690 2735
1690 2741
1690 2742
1690 2764
1690 2768
1691 2728
1691 2731
1691 2758
1691 2759
1691 2764
1691 2768
1691 2769
1693 1711
1693 1721
1694 1806
1695 1774
1695 1778
1696 1767
1696 1774
1697 1767
1697 1774
1697 1787
1697 1794
1698 1776
1698 1780
1698 1787
1698 1788
1698 1794
1698 1807
1699 1808
1699 1809
1699 2643
1699 2645
1699 2774
1699 2777
1700 1808
1700 1809
1700 2774
1700 2777
1701 1724
1701 1725
1702 1724
1702 1725
1703 1711
1703 1721
1704 1774
1704 1778
1704 1784
1704 2645
1704 2646
1705 1761
1705 1764
1705 1768
1706 1776
1706 1780
1706 1788
1706 1807
1707 2643
1707 2645
1708 1761
1708 1764
1708 1768
1709 1714
1709 1717
1710 1714
1710 1717
1710 1760
1710 1787
1710 1794
1711 1760
1711 1775
1711 1779
1711 1787
1711 1794
1712 1778
1712 1784
1713 1725
1713 2641
1713 2643
1714 1724
1714 1725
1715 1778
1715 1784
1716 1787
1716 1794
1716 2777
1717 1724
1717 1725
1718 2645
1718 2646
1719 2639
1719 2643
1720 1760
1720 2639
1720 2643
1720 2645
1721 1760
1721 1775
1721 1779
1721 1787
1721 1794
1721 2643
1721 2645
1722 1787
1722 1794
1722 2777
1723 2777
1725 1955
1725 1956
1728 2306
1728 2308
1728 2731
1728 2735
1729 2774
1730 2306
1730 2308
1730 2731
1730 2735
1730 2787
1730 2791
1730 2795
1731 2329
1731 2331
1731 2333
1731 2336
1731 2774
1731 2787
1731 2791
1731 2795
1732 2297
1732 2303
1732 2317
1732 2321
1732 2734
1732 2741
1732 2754
1732 2755
1732 2760
1732 2770
1732 2773
1733 2329
1733 2331
1734 2121
1734 2128
1734 2333
1734 2336
1734 2774
1735 2317
1735 2321
1735 2754
1735 2755
1736 2121
1736 2128
1737 2297
1737 2303
1737 2317
1737 2321
1737 2734
1737 2741
1737 2754
1737 2755
1737 2760
1737 2764
1737 2768
1737 2769
1737 2770
1737 2771
1737 2773
1739 1761
1739 1764
1739 1768
1740 1741
1740 1764
1740 1768
1740 2115
1740 2120
1741 1756
1741 1761
1741 2115
1741 2120
1742 1756
1742 1761
1742 1899
1742 1900
1743 1745
1743 1746
1743 1754
1743 1755
1743 1769
1743 1770
1743 1785
1743 1786
1743 1793
1743 1797
1743 1798
1743 1899
1743 1900
1743 2247
1744 2242
1744 2249
1745 1804
1745 1805
1745 2146
1746 1804
1746 1805
1746 2146
1747 1781
1747 1786
1748 1781
1748 1786
1749 1781
1749 1785
1749 1786
1749 1787
1749 1794
1750 1787
1750 1794
1751 1792
1751 1793
1752 2258
1752 2262
1753 1763
1753 1771
1753 1777
1753 1785
1753 2093
1753 2104
1753 2258
1753 2262
1754 1755
1754 1758
1754 1777
1754 1785
1754 2100
1754 2101
1754 2109
1754 2131
1754 2136
1754 2139
1754 2146
1754 2155
1754 2156
1754 2247
1754 2254
1754 2272
1754 2274
1754 2280
1754 2285
1755 2101
1755 2109
1755 2146
1755 2155
1755 2156
1755 2247
1755 2254
1756 1764
1756 1768
1756 1777
1756 1785
1756 2282
1756 2285
1757 1899
1757 1900
1758 2254
1759 2242
1759 2249
1761 1777
1761 1785
1761 2164
1761 2357
1761 2358
1762 2264
1762 2265
1763 2250
1764 1777
1764 1785
1764 2164
1764 2357
1764 2358
1764 2792
1764 2796
1765 1776
1765 1777
1765 1780
1765 1785
1765 2282
1765 2285
1766 2136
1766 2138
1768 1776
1768 1777
1768 1780
1768 1785
1768 2164
1768 2357
1768 2358
1768 2792
1768 2796
1769 2146
1769 2264
1769 2265
1770 2146
1771 2250
1772 2136
1772 2138
1774 2710
1774 2723
1775 1787
1775 1795
1775 1796
1775 1797
1775 1905
1775 2296
1776 1777
1776 1785
1776 1799
1776 1800
1777 1780
1777 2092
1777 2093
1777 2104
1777 2254
1777 2280
1777 2284
1777 2341
1777 2342
1778 2710
1778 2723
1779 1787
1779 1795
1779 1796
1779 1797
1779 1905
1779 2296
1780 1785
1780 1799
1780 1800
1781 1783
1781 1790
1781 2264
1781 2265
1781 2267
1782 2280
1782 2281
1782 2284
1783 1786
1785 1793
1785 1797
1785 1798
1785 2092
1785 2093
1785 2104
1785 2110
1785 2117
1785 2124
1785 2146
1785 2254
1785 2272
1785 2280
1785 2284
1785 2341
1785 2342
1786 1790
1786 1793
1786 1797
1786 1798
1786 2093
1786 2104
1786 2110
1786 2117
1786 2124
1786 2146
1786 2264
1786 2265
1786 2267
1786 2272
1787 1791
1787 1795
1787 1796
1787 1799
1787 2645
1787 2646
1788 2280
1788 2281
1788 2284
1789 2646
1789 2648
1791 1794
1792 2264
1792 2267
1792 2272
1792 2274
1793 2146
1793 2264
1793 2267
1793 2272
1793 2274
1794 1795
1794 1796
1794 1799
1794 2645
1794 2646
1797 2146
1798 2146
1799 2100
1799 2101
1800 2100
1800 2101
1801 2330
1801 2335
1803 2330
1803 2335
1808 2754
1808 2755
1809 2754
1809 2755
1810 2645
1810 2646
1811 2646
1811 2648
1812 2665
1812 2669
1813 1837
1813 1873
1813 1875
1814 1829
1814 1835
1814 1842
1814 1859
1815 1820
1815 1829
1815 1835
1815 1841
1815 1842
1815 1852
1815 1859
1815 1861
1815 1864
1815 2214
1815 2220
1816 1839
1816 1840
1816 2214
1816 2220
1816 2221
1817 1835
1817 1842
1817 2220
1817 2221
1818 1940
1818 1945
1818 2109
1818 2117
1818 2124
1818 2661
1818 2708
1819 1940
1819 1945
1819 2101
1819 2109
1819 2248
1819 2252
1819 2253
1819 2328
1819 2330
1820 1838
1820 1909
1820 1910
1820 2240
1820 2245
1820 2295
1821 1884
1821 1886
1821 2248
1821 2252
1822 2083
1822 2098
1823 2083
1823 2098
1823 2263
1823 2266
1823 2280
1823 2281
1823 2639
1823 2643
1824 2241
1824 2246
1825 1826
1825 1827
1826 2244
1827 2244
1828 2017
1828 2027
1829 1846
1829 1853
1830 1846
1830 1853
1831 2145
1831 2148
1832 1884
1832 1888
1832 2786
1832 2787
1832 2791
1832 2795
1833 2791
1833 2795
1834 2791
1834 2795
1835 1836
1835 1837
1835 1841
1835 1849
1835 1852
1835 2207
1835 2210
1836 1842
1836 1843
1836 1854
1836 2697
1836 2698
1837 1842
1837 1843
1837 1854
1838 1841
1838 1852
1838 1861
1838 1864
1839 1845
1839 2378
1839 2812
1839 2813
1839 2814
1840 1845
1840 1873
1840 1875
1840 1884
1840 1886
1841 1842
1842 1849
1842 1852
1842 2207
1842 2210
1844 1873
1844 1875
1844 1884
1844 1886
1845 1873
1845 1875
1846 1853
1847 2665
1847 2669
1847 2697
1847 2698
1848 2378
1848 2812
1848 2813
1848 2814
1849 2220
1849 2221
1850 1863
1850 1866
1851 1863
1851 1866
1851 1874
1851 1884
1851 1887
1851 1888
1851 2440
1851 2441
1852 1874
1852 1884
1852 1887
1852 1888
1852 2440
1852 2441
1855 2665
1855 2669
1856 2811
1856 2812
1856 2814
1857 2811
1857 2812
1857 2814
1858 2091
1858 2228
1860 2248
1860 2252
1860 2253
1860 2328
1860 2330
1862 2091
1862 2228
1864 2248
1864 2252
1865 2079
1865 2208
1865 2356
1865 2373
1867 2079
1867 2208
1867 2356
1867 2373
1867 2803
1867 2804
1868 1884
1868 1886
1868 2784
1868 2785
1869 1876
1869 1879
1869 1890
1870 2803
1870 2804
1871 2043
1871 2044
1872 1876
1872 1879
1872 1890
1873 2358
1873 2378
1873 2667
1873 2668
1873 2784
1873 2785
1875 2358
1875 2378
1875 2667
1875 2668
1877 1882
1877 1883
1877 2079
1877 2080
1877 2208
1878 2079
1878 2080
1878 2208
1880 1884
1880 1888
1880 1952
1880 2163
1881 1952
1881 2163
1882 1883
1884 1888
1884 1891
1884 1892
1884 2011
1884 2023
1884 2802
1884 2804
1884 2811
1884 2812
1885 2090
1885 2099
1886 2011
1886 2023
1886 2090
1886 2099
1886 2811
1886 2812
1888 1891
1888 1892
1888 2802
1888 2804
1889 2145
1889 2148
1889 2786
1889 2787
1890 2705
1890 2707
1891 2705
1891 2707
1892 2791
1892 2795
1893 2240
1893 2245
1894 2043
1894 2044
1895 2240
1895 2245
1896 2043
1896 2044
1897 2326
1897 2327
1898 2326
1898 2327
1899 2146
1900 2146
1901 2090
1901 2094
1901 2099
1902 2090
1902 2094
1902 2099
1903 2302
1903 2305
1903 2736
1903 2743
1903 2748
1904 2302
1904 2305
1905 2797
1905 2798
1906 1907
1906 1946
1906 2332
1906 2334
1907 1935
1907 1939
1907 1944
1907 1945
1907 2296
1907 2340
1907 2341
1908 1909
1908 1910
1908 2295
1908 2340
1908 2341
1909 1923
1909 1925
1909 1934
1909 1935
1909 1941
1909 1945
1909 2243
1909 2300
1909 2301
1909 2451
1909 2457
1910 1923
1910 1925
1910 1934
1910 1935
1910 1941
1910 1945
1910 2243
1910 2451
1910 2457
1911 1930
1911 1934
1912 1937
1912 1948
1913 1935
1913 1940
1913 1945
1913 2349
1913 2350
1914 1935
1914 1945
1915 2008
1915 2012
1915 2016
1915 2037
1916 2008
1916 2012
1916 2016
1916 2037
1917 2092
1917 2103
1918 2268
1918 2270
1918 2310
1918 2316
1919 2092
1919 2103
1920 1939
1920 1944
1921 2268
1921 2270
1921 2310
1921 2316
1922 1933
1922 1939
1922 1944
1922 1948
1923 1927
1923 1928
1923 1936
1923 2678
1923 2681
1924 1933
1924 1934
1924 1935
1924 1939
1924 1943
1924 1944
1924 1948
1924 2678
1924 2681
1925 1927
1925 1928
1925 1936
1926 1927
1926 1928
1926 1934
1926 1935
1926 1939
1926 1943
1926 1944
1927 1930
1927 1934
1928 1930
1928 1934
1929 1930
1929 1931
1930 1932
1930 1939
1930 1944
1930 2292
1931 1932
1931 1939
1931 1944
1934 2252
1934 2257
1934 2292
1934 2300
1934 2301
1935 1936
1935 1946
1935 2294
1935 2295
1935 2299
1936 1945
1936 2300
1936 2301
1936 2671
1936 2675
1937 1940
1937 1945
1937 2300
1937 2301
1937 2346
1938 2671
1938 2675
1939 1946
1939 2294
1939 2299
1939 2678
1939 2681
1940 1942
1940 1945
1940 1947
1940 1949
1940 2347
1940 2678
1940 2681
1941 2295
1942 1945
1942 2159
1942 2161
1943 2159
1943 2161
1943 2300
1943 2301
1944 1946
1944 2294
1944 2299
1944 2300
1944 2301
1944 2678
1944 2681
1945 1946
1945 1947
1945 1949
1945 2252
1945 2257
1945 2294
1945 2295
1945 2299
1945 2347
1945 2678
1945 2681
1946 2296
1948 2300
1948 2301
1948 2346
1950 2092
1950 2093
1950 2674
1950 2675
1953 1994
1953 2030
1955 2770
1955 2773
1956 2770
1956 2773
1957 1994
1957 2009
1957 2030
1958 1994
1958 2009
1958 2030
1959 2159
1959 2160
1960 2105
1960 2106
1961 2079
1961 2105
1961 2106
1961 2181
1961 2184
1961 2208
1962 2008
1962 2014
1962 2037
1962 2078
1962 2079
1962 2181
1962 2184
1962 2190
1962 2197
1962 2208
1962 2385
1962 2387
1964 2012
1964 2013
1964 2016
1964 2025
1964 2169
1964 2173
1965 1984
1965 1996
1965 2012
1965 2016
1969 2070
1969 2072
1969 2617
1969 2620
1970 2070
1970 2072
1970 2617
1970 2620
1971 2617
1971 2620
1972 2623
1972 2624
1973 2623
1973 2624
1974 2593
1974 2599
1975 2583
1975 2586
1975 2590
1975 2593
1975 2594
1975 2599
1976 2583
1976 2586
1976 2590
1976 2594
1977 1978
1977 2563
1977 2581
1977 2583
1978 1996
1978 2002
1978 2443
1978 2444
1978 2445
1978 2540
1978 2546
1978 2563
1978 2567
1978 2572
1978 2573
1978 2575
1978 2577
1978 2581
1978 2583
1979 1996
1979 2002
1979 2436
1979 2444
1979 2445
1979 2451
1979 2457
1979 2465
1979 2540
1979 2542
1979 2550
1981 2012
1981 2016
1981 2451
1981 2457
1982 2012
1982 2016
1983 2181
1983 2184
1984 2079
1984 2086
1984 2208
1986 2159
1986 2160
1987 2159
1987 2160
1989 2788
1989 2794
1990 2003
1990 2017
1990 2144
1990 2147
1994 1998
1994 2015
1994 2020
1994 2028
1994 2035
1994 2053
1994 2055
1994 2160
1996 2002
1996 2076
1996 2077
1996 2078
1996 2079
1996 2086
1996 2087
1996 2174
1996 2181
1996 2184
1996 2185
1996 2197
1996 2208
1996 2452
1996 2453
1996 2543
1997 2077
1997 2078
1997 2714
1997 2721
1998 2030
1998 2142
1998 2149
1998 2152
1998 2812
1998 2814
1999 2788
1999 2794
2002 2076
2002 2077
2002 2078
2002 2087
2002 2174
2002 2185
2002 2197
2002 2452
2002 2453
2002 2470
2002 2481
2002 2543
2002 2674
2002 2675
2003 2005
2004 2026
2004 2028
2004 2032
2004 2035
2004 2144
2004 2151
2004 2646
2004 2647
2005 2013
2005 2017
2005 2025
2005 2144
2005 2147
2005 2153
2005 2155
2007 2590
2007 2594
2008 2113
2012 2076
2012 2077
2012 2087
2012 2185
2012 2374
2012 2375
2012 2382
2012 2452
2012 2453
2012 2470
2012 2481
2012 2497
2012 2501
2013 2019
2013 2077
2013 2078
2013 2086
2013 2095
2013 2096
2013 2165
2013 2389
2013 2392
2013 2435
2013 2451
2013 2457
2013 2674
2013 2675
2013 2714
2013 2721
2014 2043
2014 2044
2014 2095
2014 2096
2014 2113
2014 2714
2014 2721
2015 2030
2015 2142
2015 2149
2015 2152
2015 2812
2015 2814
2016 2076
2016 2077
2016 2087
2016 2185
2016 2367
2016 2374
2016 2375
2016 2382
2016 2470
2016 2479
2016 2481
2016 2497
2016 2501
2017 2026
2017 2034
2017 2264
2017 2265
2017 2267
2017 2817
2018 2026
2018 2028
2018 2032
2018 2035
2018 2144
2018 2151
2018 2153
2018 2155
2018 2646
2018 2647
2019 2025
2020 2030
2020 2142
2020 2149
2020 2152
2020 2812
2020 2814
2022 2639
2022 2644
2024 2165
2024 2367
2024 2389
2024 2392
2024 2435
2024 2451
2024 2457
2024 2479
2025 2086
2025 2165
2025 2389
2025 2392
2025 2435
2025 2451
2025 2457
2026 2027
2026 2033
2026 2038
2026 2790
2026 2793
2027 2032
2027 2034
2027 2144
2027 2151
2027 2264
2027 2265
2027 2267
2027 2646
2027 2647
2027 2817
2028 2041
2029 2586
2029 2591
2029 2598
2029 2600
2029 2603
2029 2606
2030 2053
2030 2055
2030 2160
2031 2053
2031 2055
2032 2033
2032 2038
2032 2639
2032 2644
2032 2790
2032 2793
2033 2144
2033 2151
2035 2041
2036 2056
2036 2060
2036 2061
2037 2043
2037 2044
2037 2113
2039 2586
2039 2591
2039 2598
2039 2600
2039 2603
2039 2606
2041 2053
2041 2055
2041 2056
2042 2053
2042 2056
2044 2053
2044 2056
2045 2056
2045 2060
2045 2061
2048 2191
2048 2194
2049 2053
2049 2056
2050 2191
2050 2194
2051 2454
2051 2462
2053 2054
2054 2056
2054 2060
2054 2061
2054 2374
2054 2382
2054 2386
2055 2454
2055 2462
2056 2057
2056 2058
2056 2070
2056 2072
2056 2408
2056 2409
2057 2060
2057 2061
2057 2374
2057 2382
2057 2386
2058 2060
2060 2070
2060 2072
2060 2408
2060 2409
2062 2071
2062 2073
2064 2071
2064 2073
2070 2072
2070 2074
2072 2074
2075 2165
2075 2435
2075 2454
2075 2462
2078 2113
2079 2130
2079 2135
2079 2137
2079 2189
2079 2193
2079 2674
2079 2675
2079 2783
2079 2784
2080 2646
2080 2647
2080 2755
2080 2760
2080 2781
2080 2782
2080 2790
2080 2793
2081 2781
2081 2782
2082 2085
2082 2229
2083 2670
2083 2671
2084 2085
2084 2230
2085 2088
2085 2093
2086 2169
2086 2173
2088 2229
2089 2772
2089 2775
2090 2143
2090 2149
2090 2242
2090 2249
2090 2312
2090 2318
2090 2321
2090 2757
2090 2760
2090 2803
2090 2804
2091 2239
2091 2247
2091 2330
2091 2335
2092 2110
2092 2117
2092 2124
2092 2293
2092 2803
2092 2804
2093 2230
2093 2250
2093 2293
2097 2122
2097 2123
2098 2670
2098 2671
2098 2772
2098 2775
2099 2143
2099 2149
2099 2242
2099 2249
2099 2312
2099 2318
2099 2321
2099 2757
2099 2760
2100 2239
2100 2242
2100 2247
2100 2249
2100 2254
2101 2239
2101 2242
2101 2243
2101 2247
2101 2249
2101 2254
2102 2134
2102 2139
2102 2239
2102 2247
2102 2249
2102 2330
2102 2335
2103 2110
2103 2117
2103 2124
2104 2250
2105 2122
2106 2122
2106 2123
2106 2385
2106 2387
2107 2153
2107 2155
2107 2799
2107 2800
2108 2153
2108 2155
2109 2131
2109 2134
2109 2136
2109 2139
2109 2239
2109 2242
2109 2243
2109 2247
2109 2249
2109 2254
2109 2646
2109 2647
2110 2148
2110 2150
2110 2247
2110 2249
2111 2289
2111 2665
2111 2669
2111 2775
2112 2298
2112 2304
2113 2190
2113 2197
2113 2385
2113 2387
2114 2385
2114 2387
2115 2141
2115 2144
2115 2799
2115 2800
2116 2289
2116 2665
2116 2669
2116 2775
2117 2131
2117 2136
2117 2148
2117 2150
2117 2242
2117 2247
2117 2249
2117 2646
2117 2647
2117 2768
2117 2769
2118 2280
2118 2284
2119 2239
2119 2247
2120 2140
2120 2141
2120 2143
2120 2144
2120 2145
2120 2148
2123 2126
2123 2132
2123 2361
2123 2362
2123 2371
2124 2131
2124 2136
2124 2148
2124 2150
2124 2242
2124 2247
2124 2249
2124 2646
2124 2647
2125 2265
2125 2267
2126 2132
2126 2361
2126 2362
2126 2371
2127 2140
2127 2143
2127 2145
2127 2148
2128 2239
2128 2247
2129 2265
2129 2267
2129 2280
2129 2284
2130 2208
2131 2254
2131 2768
2131 2769
2132 2361
2132 2362
2132 2371
2133 2140
2133 2143
2135 2137
2135 2208
2136 2254
2137 2208
2139 2254
2140 2155
2140 2156
2143 2155
2143 2156
2146 2247
2153 2647
2153 2787
2153 2789
2154 2336
2154 2337
2155 2647
2155 2787
2155 2789
2157 2336
2157 2337
2159 2646
2159 2648
2161 2646
2161 2647
2161 2648
2162 2647
2165 2166
2165 2167
2165 2450
2165 2454
2165 2456
2165 2462
2166 2435
2167 2435
2168 2629
2168 2631
2169 2424
2169 2425
2169 2451
2169 2454
2169 2457
2169 2462
2169 2629
2169 2631
2170 2171
2170 2176
2171 2188
2171 2216
2171 2217
2172 2444
2172 2445
2172 2454
2172 2455
2172 2460
2172 2462
2172 2473
2172 2478
2173 2424
2173 2425
2173 2451
2173 2454
2173 2457
2173 2462
2174 2455
2174 2460
2175 2184
2175 2190
2175 2454
2175 2455
2176 2188
2176 2216
2176 2217
2177 2444
2177 2445
2177 2452
2177 2453
2177 2454
2177 2455
2177 2460
2177 2462
2177 2473
2177 2478
2178 2458
2178 2466
2179 2383
2179 2390
2180 2452
2180 2453
2182 2184
2182 2190
2182 2454
2182 2455
2183 2383
2183 2390
2184 2186
2184 2190
2184 2192
2184 2197
2186 2190
2187 2458
2187 2466
2189 2208
2190 2192
2190 2197
2191 2367
2191 2479
2193 2208
2194 2367
2194 2479
2195 2341
2195 2342
2196 2219
2196 2223
2197 2222
2197 2225
2197 2674
2197 2675
2197 2783
2197 2784
2198 2393
2198 2396
2198 2423
2198 2427
2198 2514
2198 2515
2198 2518
2199 2207
2199 2210
2199 2216
2199 2217
2200 2341
2200 2342
2201 2207
2201 2210
2201 2216
2201 2217
2202 2216
2202 2217
2202 2393
2202 2396
2202 2423
2202 2427
2202 2514
2202 2515
2202 2518
2203 2216
2203 2218
2203 2219
2203 2223
2204 2222
2204 2225
2204 2804
2204 2805
2205 2367
2205 2418
2205 2422
2205 2479
2206 2216
2206 2217
2207 2210
2207 2211
2207 2212
2207 2215
2207 2218
2207 2219
2207 2222
2207 2223
2208 2646
2208 2647
2208 2755
2208 2760
2208 2804
2208 2805
2209 2367
2209 2418
2209 2422
2209 2479
2210 2211
2210 2212
2210 2215
2210 2216
2210 2218
2210 2222
2210 2223
2212 2214
2212 2219
2212 2220
2212 2223
2212 2229
2212 2230
2212 2231
2212 2232
2213 2646
2213 2647
2213 2755
2213 2760
2213 2790
2213 2793
2214 2215
2214 2216
2214 2218
2214 2230
2214 2232
2215 2220
2215 2229
2215 2230
2215 2231
2215 2232
2216 2220
2218 2220
2219 2230
2219 2232
2220 2230
2220 2232
2223 2230
2223 2232
2224 2661
2224 2708
2226 2661
2226 2708
2227 2298
2227 2304
2228 2239
2228 2247
2230 2320
2230 2323
2231 2320
2231 2323
2232 2320
2232 2323
2233 2280
2233 2281
2234 2276
2234 2278
2234 2326
2234 2327
2235 2276
2235 2278
2235 2326
2235 2327
2236 2263
2236 2266
2237 2256
2237 2261
2237 2263
2237 2266
2238 2256
2238 2261
2240 2243
2240 2251
2240 2255
2240 2256
2240 2259
2240 2260
2240 2263
2240 2266
2240 2272
2240 2280
2240 2281
2240 2639
2240 2643
2241 2246
2241 2256
2241 2260
2241 2639
2241 2643
2242 2257
2242 2258
2242 2661
2242 2708
2243 2245
2243 2295
2245 2251
2245 2255
2245 2256
2245 2259
2245 2260
2245 2272
2247 2255
2247 2262
2247 2328
2247 2330
2248 2253
2248 2255
2248 2258
2249 2255
2249 2257
2249 2258
2249 2262
2249 2328
2249 2330
2250 2258
2250 2262
2253 2255
2253 2258
2254 2255
2254 2262
2254 2272
2254 2274
2254 2280
2254 2285
2257 2307
2257 2323
2257 2326
2257 2327
2258 2280
2258 2281
2258 2282
2258 2307
2258 2311
2258 2314
2258 2323
2262 2280
2262 2281
2262 2282
2262 2311
2262 2314
2262 2326
2262 2327
2264 2280
2264 2284
2264 2285
2265 2280
2265 2284
2265 2285
2266 2269
2266 2271
2269 2271
2271 2276
2271 2278
2271 2311
2271 2314
2272 2320
2272 2323
2273 2276
2273 2278
2273 2311
2273 2314
2274 2320
2274 2323
2276 2281
2276 2282
2277 2280
2277 2281
2277 2311
2277 2314
2278 2281
2278 2282
2279 2280
2279 2281
2279 2311
2279 2314
2280 2286
2280 2287
2280 2288
2280 2326
2280 2327
2281 2288
2281 2326
2281 2327
2282 2307
2282 2323
2284 2286
2284 2287
2284 2326
2284 2327
2285 2307
2285 2323
2289 2313
2289 2319
2290 2313
2290 2319
2293 2674
2293 2675
2296 2332
2296 2334
2296 2797
2296 2798
2306 2318
2306 2321
2308 2318
2308 2321
2309 2312
2309 2313
2309 2318
2312 2313
2313 2318
2315 2324
2315 2325
2316 2326
2316 2327
2319 2324
2319 2325
2320 2326
2320 2327
2326 2774
2328 2774
2332 2334
2333 2779
2333 2780
2336 2779
2336 2780
2338 2671
2338 2675
2339 2671
2339 2675
2341 2737
2341 2738
2342 2345
2342 2348
2342 2737
2342 2738
2343 2351
2343 2352
2344 2351
2344 2352
2345 2662
2347 2349
2347 2350
2348 2662
2353 2629
2353 2631
2354 2815
2354 2816
2355 2629
2355 2631
2355 2815
2355 2816
2357 2358
2357 2372
2357 2376
2357 2378
2357 2804
2357 2805
2358 2359
2358 2361
2358 2362
2358 2370
2358 2372
2358 2375
2358 2376
2358 2378
2358 2804
2358 2805
2359 2378
2359 2803
2359 2804
2360 2443
2360 2444
2360 2540
2361 2377
2361 2443
2361 2444
2361 2497
2361 2501
2361 2540
2361 2801
2361 2803
2362 2368
2362 2369
2362 2377
2362 2535
2362 2536
2362 2625
2362 2626
2362 2629
2362 2631
2362 2801
2362 2803
2363 2368
2363 2369
2363 2535
2363 2536
2363 2625
2363 2626
2363 2629
2363 2631
2364 2396
2364 2403
2365 2444
2365 2445
2366 2403
2366 2404
2366 2409
2366 2504
2366 2509
2367 2399
2367 2405
2367 2413
2367 2417
2367 2458
2367 2459
2367 2480
2367 2486
2367 2663
2367 2665
2370 2374
2370 2377
2370 2382
2370 2497
2370 2501
2370 2631
2370 2632
2370 2801
2370 2803
2371 2497
2371 2501
2374 2379
2375 2378
2375 2803
2375 2804
2378 2665
2378 2669
2379 2382
2379 2631
2379 2632
2380 2634
2380 2635
2380 2637
2381 2634
2381 2635
2381 2637
2384 2634
2384 2635
2384 2637
2385 2426
2385 2428
2385 2497
2385 2501
2387 2426
2387 2428
2387 2497
2387 2501
2388 2808
2388 2810
2394 2665
2394 2669
2395 2626
2395 2628
2395 2629
2397 2665
2397 2669
2398 2626
2398 2628
2398 2629
2399 2414
2399 2416
2399 2423
2399 2427
2399 2448
2399 2449
2399 2479
2399 2500
2399 2504
2400 2420
2400 2421
2400 2431
2401 2416
2401 2420
2402 2415
2402 2419
2402 2634
2402 2635
2402 2637
2403 2415
2403 2419
2403 2525
2404 2525
2405 2414
2405 2416
2405 2423
2405 2427
2405 2448
2405 2449
2405 2479
2405 2500
2405 2504
2405 2509
2405 2514
2406 2808
2406 2810
2407 2416
2407 2420
2407 2421
2407 2431
2409 2525
2410 2509
2410 2514
2411 2423
2411 2427
2413 2479
2417 2479
2420 2438
2420 2493
2425 2438
2425 2493
2429 2487
2429 2497
2430 2438
2430 2493
2432 2487
2432 2497
2433 2523
2433 2527
2434 2523
2434 2527
2435 2450
2435 2454
2435 2456
2435 2462
2437 2461
2437 2464
2437 2465
2438 2439
2438 2469
2438 2473
2438 2474
2438 2476
2438 2478
2438 2487
2438 2488
2438 2492
2438 2502
2438 2503
2438 2508
2439 2473
2439 2478
2439 2487
2439 2488
2439 2493
2439 2497
2439 2502
2439 2506
2439 2507
2439 2508
2439 2554
2439 2558
2440 2449
2440 2537
2441 2449
2441 2537
2443 2444
2443 2539
2443 2540
2443 2545
2443 2563
2443 2797
2444 2530
2444 2539
2444 2540
2444 2545
2444 2554
2444 2558
2444 2566
2444 2797
2445 2554
2445 2558
2446 2528
2446 2529
2446 2554
2446 2558
2446 2560
2446 2571
2446 2577
2447 2449
2447 2537
2447 2553
2447 2557
2447 2564
2447 2565
2448 2449
2448 2535
2448 2553
2448 2557
2448 2564
2448 2565
2448 2570
2449 2520
2449 2522
2449 2528
2449 2529
2449 2533
2449 2534
2449 2535
2449 2552
2449 2564
2449 2570
2449 2574
2451 2460
2451 2467
2451 2475
2451 2803
2451 2804
2452 2455
2452 2460
2453 2455
2453 2460
2454 2455
2454 2457
2454 2460
2454 2462
2455 2462
2455 2468
2455 2471
2455 2543
2457 2460
2457 2462
2457 2467
2457 2475
2457 2803
2457 2804
2458 2479
2459 2479
2460 2462
2460 2468
2460 2471
2460 2523
2460 2527
2460 2543
2461 2548
2463 2483
2463 2484
2463 2496
2464 2548
2465 2548
2467 2523
2467 2527
2468 2483
2468 2484
2468 2496
2469 2493
2472 2487
2472 2497
2473 2477
2473 2485
2473 2487
2473 2493
2473 2497
2473 2498
2473 2503
2474 2493
2476 2493
2477 2478
2478 2485
2478 2493
2478 2498
2478 2503
2479 2480
2479 2486
2479 2663
2479 2665
2485 2487
2485 2497
2487 2488
2487 2489
2487 2493
2487 2503
2487 2520
2487 2524
2488 2493
2488 2497
2488 2503
2489 2497
2492 2493
2493 2502
2493 2503
2493 2508
2494 2504
2494 2509
2497 2503
2497 2520
2497 2524
2501 2502
2501 2508
2501 2512
2501 2516
2502 2507
2502 2541
2503 2506
2503 2507
2503 2554
2503 2558
2504 2505
2504 2509
2504 2510
2504 2525
2505 2509
2507 2508
2507 2512
2507 2516
2508 2541
2509 2510
2509 2525
2511 2520
2511 2524
2512 2519
2512 2521
2513 2520
2513 2524
2516 2519
2516 2521
2517 2564
2517 2567
2517 2572
2517 2574
2520 2531
2520 2532
2520 2535
2522 2531
2522 2532
2522 2535
2523 2527
2528 2535
2528 2539
2528 2545
2529 2535
2529 2539
2529 2545
2530 2540
2531 2539
2531 2545
2532 2539
2532 2545
2533 2535
2534 2535
2535 2564
2535 2570
2535 2574
2537 2552
2539 2540
2539 2554
2539 2558
2539 2560
2539 2564
2539 2570
2540 2545
2540 2554
2540 2566
2540 2797
2544 2557
2544 2565
2544 2582
2544 2585
2545 2554
2545 2558
2545 2560
2545 2564
2545 2570
2545 2571
2545 2577
2546 2563
2550 2559
2550 2562
2551 2557
2551 2565
2551 2582
2551 2585
2553 2579
2553 2584
2554 2571
2554 2575
2554 2577
2555 2559
2555 2562
2556 2567
2556 2572
2558 2571
2558 2575
2558 2577
2559 2564
2559 2567
2559 2572
2559 2574
2559 2583
2559 2587
2561 2579
2561 2584
2562 2583
2562 2587
2563 2567
2563 2572
2563 2573
2563 2575
2563 2577
2564 2582
2564 2585
2564 2591
2564 2596
2564 2602
2567 2571
2567 2575
2567 2577
2567 2578
2567 2646
2567 2647
2568 2572
2568 2573
2570 2582
2570 2585
2570 2591
2570 2596
2570 2602
2571 2572
2572 2575
2572 2577
2572 2578
2572 2646
2572 2647
2579 2595
2579 2596
2580 2587
2580 2588
2580 2589
2584 2587
2584 2588
2584 2589
2584 2595
2584 2596
2586 2593
2586 2599
2592 2593
2592 2599
2598 2602
2598 2605
2600 2601
2600 2604
2601 2602
2601 2605
2601 2606
2604 2606
2610 2614
2610 2615
2612 2614
2612 2615
2613 2614
2613 2615
2627 2630
2629 2790
2629 2793
2631 2790
2631 2793
2633 2638
2633 2642
2636 2638
2636 2642
2648 2652
2648 2653
2648 2674
2648 2675
2649 2652
2649 2653
2649 2674
2649 2675
2654 2656
2654 2657
2654 2696
2654 2715
2654 2716
2654 2731
2654 2735
2655 2656
2655 2657
2655 2715
2655 2716
2655 2729
2655 2735
2655 2742
2656 2702
2657 2711
2657 2717
2657 2721
2658 2714
2658 2721
2659 2714
2659 2721
2660 2661
2660 2709
2661 2709
2661 2743
2661 2748
2665 2813
2666 2671
2666 2675
2667 2674
2667 2675
2668 2674
2668 2675
2669 2813
2671 2756
2671 2762
2674 2756
2674 2762
2675 2756
2675 2762
2677 2712
2677 2726
2678 2683
2678 2684
2680 2712
2680 2726
2681 2683
2681 2684
2685 2690
2685 2693
2687 2690
2687 2693
2690 2704
2690 2705
2693 2698
2693 2700
2693 2704
2693 2705
2694 2698
2694 2700
2696 2702
2697 2698
2697 2699
2697 2739
2697 2744
2698 2699
2698 2703
2698 2704
2698 2705
2698 2707
2698 2739
2698 2744
2699 2705
2699 2707
2700 2703
2700 2704
2702 2731
2702 2734
2702 2735
2702 2741
2703 2734
2703 2741
2708 2743
2708 2748
2710 2740
2710 2744
2710 2756
2710 2762
2711 2712
2711 2715
2711 2724
2711 2725
2711 2726
2711 2732
2711 2733
2712 2721
2712 2737
2712 2738
2714 2724
2714 2732
2714 2756
2714 2760
2714 2762
2715 2717
2715 2718
2715 2721
2715 2727
2715 2737
2715 2738
2715 2764
2715 2768
2716 2717
2716 2725
2716 2733
2716 2768
2716 2769
2717 2729
2717 2735
2717 2742
2717 2768
2717 2769
2718 2726
2721 2724
2721 2725
2721 2726
2721 2732
2721 2733
2721 2756
2721 2760
2721 2762
2723 2740
2723 2744
2723 2756
2723 2762
2725 2726
2725 2729
2725 2733
2726 2727
2726 2733
2726 2737
2726 2738
2726 2764
2726 2768
2727 2735
2727 2742
2728 2742
2729 2733
2731 2742
2731 2745
2731 2750
2731 2768
2731 2769
2734 2746
2734 2751
2734 2764
2734 2768
2735 2745
2735 2750
2735 2764
2735 2768
2735 2769
2737 2738
2737 2739
2738 2739
2741 2746
2741 2751
2741 2764
2741 2768
2742 2758
2742 2759
2742 2764
2742 2768
2742 2769
2747 2761
2747 2763
2749 2756
2749 2762
2752 2761
2752 2763
2753 2756
2753 2762
2754 2757
2754 2758
2754 2760
2754 2764
2754 2768
2755 2757
2755 2758
2755 2760
2755 2764
2755 2768
2763 2772
2763 2775
2764 2765
2764 2766
2765 2768
2766 2768
2767 2772
2767 2775
2772 2778
2773 2774
2774 2776
2775 2778
2802 2804
2803 2806
2803 2809
2804 2806
2804 2809
2804 2810
2804 2811
2805 2810
2805 2811
