0 214
0 215
0 248
0 252
1 7
1 8
1 24
1 26
1 467
1 530
1 531
1 533
1 540
1 768
1 776
1 777
1 778
1 779
1 781
1 782
1 783
1 785
1 889
1 892
1 1113
2 342
2 345
3 423
3 426
3 433
3 434
3 445
3 450
3 1068
3 1073
3 1125
3 1126
3 1440
3 1450
4 5
4 11
4 12
4 31
4 32
4 427
4 440
4 462
4 463
4 995
4 996
4 1075
4 1076
4 1176
4 1184
5 6
5 10
5 12
5 70
5 96
5 101
5 113
5 116
5 119
5 179
5 183
5 458
5 1212
5 1242
5 1248
5 1287
5 1351
5 1352
5 1537
5 1538
5 1651
5 1652
5 1700
5 1701
6 12
6 96
6 179
6 183
6 458
7 11
7 15
7 111
7 113
7 114
7 116
7 140
7 142
7 157
7 230
7 265
7 281
7 529
7 767
8 111
8 114
8 140
8 157
8 265
8 281
8 529
8 767
9 433
9 438
10 11
10 12
10 99
10 100
10 373
10 423
10 426
10 427
10 433
10 434
10 438
10 440
10 445
10 450
10 499
10 500
10 528
10 995
10 996
10 1068
10 1073
10 1075
10 1076
10 1125
10 1126
10 1176
10 1184
10 1440
10 1450
10 1498
10 1504
11 13
11 15
11 101
11 113
11 116
11 119
11 405
11 409
11 603
11 605
11 926
11 1213
11 1226
11 1292
11 1293
11 1295
11 1297
11 1301
11 1398
11 1400
11 1441
11 1536
11 1538
11 1539
11 1541
11 1637
11 1640
11 1687
11 1693
12 70
12 101
12 113
12 116
12 119
12 1212
12 1213
12 1226
12 1242
12 1248
12 1287
12 1292
12 1293
12 1295
12 1297
12 1301
12 1351
12 1352
12 1537
12 1538
12 1637
12 1640
12 1651
12 1652
12 1687
12 1693
12 1700
12 1701
13 15
13 99
13 100
13 270
13 275
13 301
13 305
13 373
13 399
13 405
13 409
13 414
13 420
13 499
13 500
13 528
13 595
13 603
13 605
13 925
13 928
13 1086
13 1119
13 1120
13 1398
13 1399
13 1400
13 1403
13 1404
13 1420
13 1421
13 1429
13 1440
13 1441
13 1448
13 1450
13 1451
13 1454
13 1455
13 1498
13 1504
13 1509
13 1531
13 1534
13 1539
13 1541
13 1777
13 1857
13 2058
13 2062
14 34
14 38
14 414
14 420
14 423
14 442
14 480
14 481
14 718
14 1074
14 1105
14 1440
14 1448
14 1450
14 1454
14 1729
14 1738
14 1926
15 270
15 275
15 301
15 305
15 399
15 409
15 595
15 603
15 605
15 925
15 926
15 928
15 1086
15 1119
15 1120
15 1398
15 1399
15 1400
15 1403
15 1404
15 1420
15 1421
15 1429
15 1441
15 1448
15 1451
15 1454
15 1455
15 1504
15 1509
15 1531
15 1534
15 1536
15 1538
15 1541
15 1777
15 1857
15 2058
15 2062
16 951
16 953
17 737
17 751
17 1077
17 1078
18 951
18 953
19 24
19 26
19 34
19 38
19 423
19 442
19 480
19 481
19 718
19 771
19 805
19 807
19 808
19 811
19 816
19 820
19 824
19 840
19 844
19 848
19 1074
19 1105
19 1113
19 1124
19 1125
19 1448
19 1449
19 1452
19 1454
19 1729
19 1738
19 1795
19 1801
19 1820
19 1828
19 1926
20 2002
20 2006
21 737
21 751
21 798
21 803
21 1077
21 1078
22 24
22 26
22 741
22 742
22 771
22 801
22 804
22 805
22 807
22 808
22 811
22 816
22 820
22 824
22 840
22 843
22 844
22 848
22 866
22 891
22 894
22 1113
22 1124
22 1125
22 1449
22 1452
22 1783
22 1784
22 1820
22 1828
22 1850
22 1853
23 2002
23 2006
24 529
24 563
24 564
24 570
24 785
24 789
24 796
24 798
24 800
24 803
24 807
24 808
24 820
24 824
24 837
24 838
24 849
24 867
24 872
24 876
24 889
24 892
24 1111
24 1774
24 1860
24 1885
24 1886
25 2002
25 2006
26 529
26 563
26 564
26 570
26 785
26 789
26 796
26 800
26 820
26 824
26 837
26 838
26 842
26 849
26 851
26 867
26 872
26 876
26 894
26 896
26 1111
26 1774
26 1860
26 1885
26 1886
26 1892
26 1893
26 1895
26 1896
27 842
27 851
28 111
28 113
28 116
28 224
28 225
28 228
29 820
29 823
29 1412
29 1424
30 111
30 113
30 116
30 224
30 225
30 228
30 395
30 403
30 432
30 806
30 809
30 1448
30 1454
31 1155
32 1155
33 321
33 322
34 820
34 823
34 833
34 836
34 1412
34 1424
35 833
35 836
36 395
36 403
36 432
36 806
36 809
36 1448
36 1454
37 86
37 90
37 92
37 321
37 322
39 86
39 90
39 92
40 572
40 573
40 773
40 774
40 851
40 853
40 890
40 893
40 1054
40 1056
41 572
41 573
41 773
41 774
41 851
41 853
41 890
41 893
41 1054
41 1056
42 843
42 846
43 121
43 127
43 128
44 137
44 138
45 137
45 138
46 47
46 149
46 150
46 1027
47 108
47 149
47 150
47 199
47 1027
48 108
48 199
49 972
49 977
50 972
50 977
51 78
51 79
51 80
51 87
51 91
51 939
51 943
51 969
51 970
51 988
51 994
51 996
51 997
51 1138
51 1172
51 1945
51 1950
52 80
52 939
52 943
52 1172
53 464
53 466
54 80
54 1172
55 80
55 1172
56 464
56 466
57 383
57 384
58 134
58 135
59 136
59 137
60 383
60 384
61 134
61 135
62 131
62 132
63 95
63 96
64 95
64 96
65 136
65 137
66 131
66 132
66 939
66 943
67 939
67 943
68 106
68 107
68 1205
68 1207
69 80
69 84
69 133
69 134
69 149
69 1027
69 1149
69 1150
69 1172
70 72
70 1229
70 1230
70 1700
70 1701
71 1973
71 1975
72 1229
72 1230
72 1700
72 1701
73 83
73 84
73 89
73 1172
73 1973
73 1975
74 76
74 80
74 81
74 84
74 105
74 106
74 107
74 133
74 134
74 137
74 138
74 149
74 167
74 170
74 191
74 193
74 324
74 649
74 653
74 656
74 1027
74 1045
74 1048
74 1149
74 1150
74 1172
74 1177
74 1178
74 1229
74 1230
74 1233
74 1237
74 1663
74 1664
74 1705
74 1829
74 1836
74 2045
74 2046
74 2047
74 2048
74 2049
75 82
75 84
75 91
75 966
75 976
75 985
75 993
75 1138
75 1979
75 1980
76 81
76 324
76 649
76 653
76 656
76 1045
76 1048
76 2045
76 2046
77 105
77 106
77 137
77 138
77 191
77 193
77 1177
77 1178
77 1229
77 1230
77 1233
77 1237
77 1663
77 1664
77 1705
77 1829
77 1836
77 2032
77 2033
77 2047
77 2048
77 2049
78 83
78 84
78 89
78 91
78 1018
78 1023
78 1138
78 1172
79 80
79 82
79 83
79 84
79 85
79 86
79 89
79 91
79 985
79 993
79 1018
79 1023
79 1138
79 1164
79 1166
79 1172
79 1674
79 1675
79 1928
79 1930
79 1979
79 1980
79 1981
79 2002
79 2006
79 2016
79 2019
80 83
80 89
80 90
80 91
80 996
80 997
80 1103
80 1118
80 1138
80 1956
80 1958
81 167
81 170
81 2032
81 2033
82 90
82 92
82 1170
82 1968
82 1974
83 84
83 85
83 89
83 741
83 742
83 931
83 960
83 974
83 988
83 989
83 991
83 992
83 998
83 1006
83 1015
83 1016
83 1022
83 1031
83 1037
83 1038
83 1040
83 1170
83 1369
83 1370
83 1674
83 1675
83 1928
83 1930
83 1966
83 1972
83 1984
83 1987
83 1992
83 1994
83 1997
83 2002
83 2006
83 2007
83 2008
83 2010
83 2011
83 2016
83 2019
83 2032
83 2033
84 89
84 90
84 91
84 92
84 645
84 651
84 741
84 742
84 989
84 992
84 996
84 997
84 1006
84 1015
84 1016
84 1022
84 1103
84 1118
84 1138
84 1170
84 1369
84 1370
84 1932
84 1956
84 1958
84 1966
84 1968
84 1972
84 1974
84 1985
84 1997
84 2002
84 2007
84 2008
84 2010
84 2011
84 2016
84 2019
85 931
85 998
86 91
86 1138
86 1170
86 1932
86 1937
86 1960
86 1963
86 1982
86 1985
87 91
87 1138
88 966
88 969
88 970
88 976
88 1373
88 1715
88 1955
88 1956
88 1958
89 331
89 529
89 540
89 699
89 960
89 961
89 964
89 966
89 974
89 975
89 976
89 979
89 988
89 991
89 1031
89 1037
89 1038
89 1040
89 1170
89 1983
89 1984
89 1987
89 1992
89 1994
89 1997
89 2002
89 2032
89 2033
90 331
90 529
90 540
90 645
90 651
90 699
90 961
90 964
90 966
90 975
90 976
90 979
90 1937
90 1960
90 1963
90 1982
90 1983
90 1992
91 939
91 943
91 969
91 970
91 1138
91 1172
91 1373
91 1715
91 1945
91 1950
91 1955
91 1956
91 1958
92 966
92 976
93 94
93 709
93 710
93 711
93 712
93 963
93 967
94 709
94 710
94 711
94 712
94 963
94 967
95 427
95 440
96 427
96 440
97 110
97 112
98 874
98 879
100 1247
100 1250
102 103
102 109
102 110
102 178
103 178
103 373
103 401
104 373
104 401
105 350
105 351
106 350
106 351
109 115
109 117
109 122
109 124
109 178
109 934
109 978
109 1247
109 1250
109 1637
109 1640
110 115
110 117
110 122
110 124
110 178
110 458
110 934
110 978
110 1637
110 1640
111 926
112 122
112 124
112 458
113 926
114 118
114 120
116 118
116 120
116 926
121 130
122 123
122 126
122 464
122 466
122 1191
122 1193
122 1195
122 1197
123 124
124 126
124 178
124 179
124 1191
124 1193
124 1195
124 1197
125 464
125 466
127 130
128 130
129 178
129 179
139 1363
139 1364
141 168
141 169
141 229
141 231
142 168
142 169
142 229
142 231
142 926
143 152
143 153
144 152
144 153
144 167
144 170
144 242
144 245
145 167
145 170
146 248
146 250
146 255
146 257
147 248
147 250
147 255
147 257
148 214
148 215
148 248
148 252
149 197
149 198
149 323
149 324
149 327
149 328
149 931
149 1003
149 1008
149 1009
149 1018
149 1023
149 1026
149 1027
149 1036
150 197
150 198
150 1008
150 1009
150 1027
150 1036
151 230
151 233
154 167
154 170
154 242
154 244
154 245
154 248
154 250
155 248
155 250
155 1063
155 1064
156 925
156 926
158 230
158 233
159 161
159 162
159 234
159 238
160 167
160 170
160 242
160 244
160 245
160 248
160 250
161 167
161 248
161 250
161 1063
161 1064
162 167
162 253
162 254
163 253
163 254
164 925
164 926
165 1063
165 1064
166 1063
166 1064
167 234
167 238
167 924
167 926
170 924
170 926
171 924
171 926
172 921
172 922
173 921
173 922
173 923
173 924
173 926
174 184
174 187
175 188
175 189
176 186
176 188
176 921
176 922
177 188
177 189
178 921
178 922
178 923
178 924
180 186
180 188
181 921
181 922
182 184
182 187
183 186
183 188
185 186
185 188
189 1251
189 1254
190 350
190 351
191 350
191 351
192 1251
192 1254
194 667
194 670
195 1363
195 1364
196 667
196 670
196 1007
196 1016
197 667
197 670
197 1007
197 1016
200 202
200 234
200 238
200 526
200 629
200 633
201 202
201 234
201 238
201 504
201 510
201 518
201 521
201 526
201 629
201 633
201 924
201 926
202 226
202 227
202 234
202 238
202 526
202 527
202 1060
202 1061
203 211
203 212
203 242
203 244
203 622
203 623
204 211
204 212
204 526
204 527
204 622
204 623
205 223
205 224
205 235
205 236
205 244
205 245
205 622
205 623
206 224
206 229
206 622
206 623
207 682
207 687
208 234
208 238
208 244
208 245
209 234
209 238
210 211
210 212
211 212
211 622
211 623
212 622
212 623
212 626
212 629
213 626
213 629
214 622
214 623
214 668
214 674
215 622
215 623
215 668
215 674
215 714
215 1095
216 714
216 1095
217 222
217 1264
217 1265
218 924
218 926
219 924
219 926
220 224
220 229
220 622
220 623
221 682
221 687
222 1264
222 1265
223 515
224 515
226 526
227 526
229 343
229 344
229 346
230 926
231 343
231 344
231 346
232 234
232 238
234 235
234 236
234 247
234 526
234 626
234 629
235 236
235 238
235 247
235 515
236 515
237 621
237 624
238 526
238 626
238 629
239 621
239 624
240 243
240 246
241 248
241 250
241 633
241 635
242 243
242 246
242 519
244 248
244 249
244 250
244 251
244 256
244 515
244 519
244 622
244 623
244 633
244 635
245 249
245 251
245 256
245 515
245 622
245 623
248 254
248 255
250 254
250 255
258 586
258 588
259 586
259 588
260 276
260 279
261 276
261 279
262 584
262 585
262 722
262 723
262 813
262 818
263 584
263 585
263 722
263 723
263 813
263 818
264 579
264 581
265 667
265 670
266 288
266 289
266 632
266 634
267 294
267 301
268 612
268 618
269 612
269 618
270 311
270 312
270 313
270 315
270 317
270 612
270 618
270 674
270 675
270 1075
270 1076
270 1080
270 1081
270 1082
271 317
271 318
272 320
272 321
273 320
273 321
274 297
274 299
275 297
275 299
275 1080
275 1081
275 1082
276 714
276 1095
277 282
277 285
278 282
278 285
279 714
279 1095
280 282
280 285
281 667
281 670
282 283
282 289
282 295
282 297
282 302
282 303
282 1092
282 1094
283 285
284 289
284 297
285 289
285 295
285 297
285 302
285 303
285 1092
285 1094
286 289
286 297
287 289
287 297
288 593
289 292
289 293
289 296
289 297
289 300
289 303
289 593
289 604
289 607
289 608
289 609
290 294
290 301
291 299
291 306
291 1089
291 1092
292 297
293 297
294 300
294 302
294 307
296 297
296 601
296 604
296 605
296 612
297 300
297 303
297 604
297 607
297 608
297 609
298 608
298 611
299 304
299 306
300 301
300 308
300 608
300 611
300 1092
300 1094
301 302
301 307
302 1092
302 1094
303 601
303 604
303 605
303 612
304 306
306 1089
306 1092
307 308
309 423
309 430
310 423
310 430
311 595
312 595
312 597
312 603
312 665
312 671
313 595
313 597
313 603
314 612
314 618
315 595
315 665
315 671
316 612
316 618
317 595
317 596
318 596
319 616
319 620
321 550
321 553
322 550
322 553
323 324
323 641
323 642
323 643
323 645
323 660
323 663
323 973
323 978
323 1027
324 645
324 968
324 973
324 1027
325 968
325 973
326 369
326 370
327 641
327 642
327 700
327 705
327 986
327 990
327 1027
328 641
328 642
328 700
328 705
328 986
328 990
328 1027
329 357
329 358
330 342
330 345
331 693
331 694
331 935
331 999
332 700
332 940
332 941
333 335
333 366
333 940
333 941
334 370
334 371
334 654
334 659
335 349
335 352
335 370
335 371
335 654
335 659
335 701
335 819
335 821
335 940
335 941
335 952
335 955
336 718
336 1074
337 718
337 1074
338 1068
338 1073
339 616
339 620
340 1067
340 1073
341 1067
341 1068
341 1073
347 650
347 661
347 665
347 668
348 650
348 661
348 665
348 668
349 366
352 366
353 647
353 652
353 658
354 647
354 652
354 658
355 357
355 358
356 357
356 358
357 648
358 648
359 361
359 364
360 361
360 364
361 362
362 364
363 653
363 656
363 829
363 830
365 653
365 656
365 829
365 830
366 701
366 819
366 821
366 940
366 941
366 952
366 955
367 369
367 370
368 369
368 370
370 699
370 700
370 701
370 703
371 699
371 700
371 701
371 703
372 935
372 999
374 1448
374 1454
375 1448
375 1454
376 411
376 414
376 420
376 478
376 483
376 489
376 492
376 494
377 478
377 483
377 492
378 545
378 551
378 557
378 559
379 472
379 557
379 559
379 577
380 381
380 496
381 382
381 393
381 413
381 417
381 496
381 502
382 393
382 413
382 417
382 496
382 502
382 545
382 551
383 465
383 466
384 465
384 466
385 906
385 907
386 906
386 907
387 906
387 907
388 872
388 876
389 872
389 876
389 917
389 919
390 391
390 392
391 864
392 782
392 783
392 864
393 601
393 606
394 451
394 454
394 557
394 559
396 666
396 669
397 411
397 414
397 420
397 489
397 494
397 666
397 669
398 399
398 400
398 1448
398 1454
399 404
400 404
400 1462
400 1463
402 428
402 433
403 472
403 577
405 411
405 414
405 420
405 831
405 835
406 504
406 506
406 601
406 606
406 786
406 793
406 796
406 800
407 428
407 433
408 472
408 577
409 411
409 414
409 420
409 831
409 835
409 1431
409 1440
409 1462
409 1463
410 1075
410 1076
411 422
411 428
411 475
411 485
412 504
412 506
412 786
412 793
412 796
412 800
413 472
413 577
414 422
414 428
414 475
414 483
414 485
414 492
415 1431
415 1440
416 874
416 879
417 472
417 577
418 420
418 426
418 1075
418 1076
419 481
419 482
420 425
420 478
420 483
420 484
420 492
420 1448
420 1454
420 1459
421 874
421 879
422 481
422 482
423 1077
423 1079
423 1293
423 1298
424 474
424 476
424 477
424 482
425 426
425 428
425 433
425 438
425 472
425 473
425 474
425 482
426 433
426 438
426 449
426 457
426 478
426 483
426 484
426 1448
426 1454
426 1459
427 1326
427 1327
428 433
428 436
428 438
428 441
428 446
428 450
428 451
428 454
428 472
428 473
429 433
429 438
430 1077
430 1079
430 1119
430 1121
431 1446
431 1452
431 1457
432 1446
432 1452
432 1457
433 436
433 441
433 446
433 449
433 450
433 451
433 454
433 457
434 1077
434 1079
434 1293
434 1298
435 451
435 454
436 476
436 477
437 455
437 456
439 1119
439 1121
440 1326
440 1327
443 445
443 450
444 448
444 456
445 452
445 920
445 922
445 1446
445 1452
445 1525
445 1528
446 481
446 482
447 1252
447 1255
448 449
448 453
448 457
448 460
448 462
448 464
448 466
448 468
448 552
448 920
448 922
448 1119
448 1121
448 1183
448 1187
448 1446
448 1452
448 1457
449 456
450 452
450 1525
450 1528
453 456
455 457
455 1448
455 1454
455 1723
455 1739
456 457
456 460
456 462
456 464
456 466
456 468
456 552
456 1119
456 1121
456 1183
456 1187
456 1446
456 1448
456 1454
456 1457
456 1723
456 1739
458 1252
458 1255
459 788
459 792
461 788
461 792
461 906
461 907
462 1155
463 1155
467 529
469 488
469 496
470 487
470 488
471 582
471 584
472 489
472 494
472 502
472 505
472 508
472 509
472 511
472 513
473 505
473 508
473 509
474 505
474 509
475 483
475 492
475 584
475 585
476 478
476 483
476 484
476 492
476 507
476 512
476 586
476 587
476 588
476 589
477 478
477 484
477 504
477 506
477 586
477 587
477 588
477 589
479 487
479 488
481 517
481 520
482 505
482 509
482 517
482 520
483 485
483 503
483 504
483 506
483 507
485 492
485 507
485 512
485 584
485 585
486 576
486 578
487 545
487 551
488 559
488 563
489 505
489 509
489 577
490 508
490 509
491 508
491 509
492 503
492 507
492 590
492 676
493 576
493 578
494 505
494 509
494 577
495 590
495 676
496 559
496 563
497 517
497 520
498 517
498 520
499 595
499 600
501 595
501 600
502 545
502 551
502 577
504 527
504 580
504 583
506 580
506 583
510 518
510 522
510 527
511 577
511 1432
511 1441
513 577
513 1432
513 1441
514 518
514 522
514 622
514 623
515 622
515 623
516 524
516 525
518 523
518 524
518 525
518 527
519 526
519 527
521 524
521 525
521 527
522 523
522 525
526 527
526 1060
526 1061
527 924
527 926
529 530
529 531
529 533
529 538
529 540
529 768
529 776
529 777
529 778
529 779
529 781
529 785
529 832
529 834
529 889
529 892
529 1113
530 767
531 540
531 767
531 786
531 793
531 795
531 799
531 801
531 804
532 714
532 1095
533 572
533 573
533 767
534 788
534 792
535 788
535 792
536 538
536 542
537 795
537 799
537 801
537 804
538 540
538 541
538 542
538 544
538 547
538 553
538 554
538 555
538 738
538 741
538 786
538 793
539 780
539 781
539 790
539 795
541 542
542 544
542 550
542 553
542 555
542 801
542 804
542 1118
542 1122
543 555
543 556
543 714
543 1095
544 547
544 550
544 553
544 554
544 738
544 741
544 801
544 804
544 1118
544 1122
545 555
545 560
545 786
545 793
545 860
545 869
546 780
546 781
546 790
546 795
548 555
548 556
549 579
549 581
551 555
551 560
551 786
551 793
551 860
551 869
557 601
557 606
557 1065
557 1066
558 566
558 567
559 601
559 606
559 1065
559 1066
561 763
561 764
562 566
562 567
565 566
565 567
566 568
566 569
566 572
566 573
566 574
567 568
567 569
567 572
567 573
567 574
567 763
567 764
570 900
570 901
571 900
571 901
572 780
573 780
575 582
575 584
580 788
580 792
583 788
583 792
584 734
584 736
585 734
585 736
590 592
590 625
590 665
590 671
591 592
591 625
591 664
591 668
592 625
592 664
592 668
592 674
592 676
592 683
592 688
592 925
592 926
593 632
593 634
594 601
594 604
595 601
595 604
595 612
595 618
595 674
595 675
595 1075
595 1076
595 1080
595 1081
595 1082
598 615
598 619
599 615
599 619
600 601
600 604
601 602
601 604
601 607
601 617
601 622
601 623
601 632
601 634
601 666
601 669
601 674
601 675
601 922
601 924
602 606
604 606
604 607
604 666
604 669
604 674
604 675
604 680
604 681
605 646
605 652
606 607
606 617
606 622
606 623
606 632
606 634
606 666
606 669
606 922
606 924
607 680
607 681
608 610
608 614
608 618
608 837
608 838
608 1084
608 1090
609 610
609 611
609 612
609 613
609 614
609 618
609 1084
609 1090
611 613
611 837
611 838
612 613
612 646
612 652
612 665
612 671
613 618
613 1084
613 1090
618 665
618 671
622 921
622 922
623 921
623 922
625 674
625 676
625 683
625 688
625 925
625 926
626 633
626 635
627 630
627 636
627 674
627 676
628 631
628 636
628 638
629 633
629 635
629 639
630 632
631 632
631 634
631 637
632 636
632 638
632 674
632 676
633 635
633 639
634 636
636 637
640 667
640 670
641 645
641 649
641 655
641 733
641 734
642 645
642 649
642 655
642 733
642 734
643 645
644 1004
644 1013
645 660
645 663
645 973
645 978
653 1023
653 1033
654 924
654 926
654 1045
654 1046
654 1048
656 1023
656 1033
657 1007
657 1016
659 924
659 926
659 1045
659 1046
659 1048
662 1007
662 1016
665 674
665 675
665 676
665 678
667 670
667 672
667 1058
670 672
670 1054
670 1056
670 1058
671 674
671 675
671 676
671 678
671 829
671 830
672 684
672 685
672 689
672 690
672 1045
672 1048
672 1054
672 1056
672 1062
672 1063
673 684
673 685
673 689
673 690
673 1045
673 1048
673 1062
673 1063
675 829
675 830
677 684
677 685
677 686
677 689
677 690
679 684
679 685
679 686
679 689
679 690
691 693
691 938
692 693
692 938
693 699
693 937
694 699
695 963
695 967
696 709
696 711
697 709
697 711
698 743
698 747
699 700
699 702
699 935
699 952
699 955
699 999
700 702
700 935
700 940
700 941
700 952
700 955
700 999
701 940
701 941
702 935
702 999
703 707
703 708
703 952
703 955
703 957
704 707
704 708
704 952
704 955
705 955
705 957
705 966
705 976
706 966
706 976
713 833
713 836
714 726
714 731
715 716
715 1091
716 727
716 728
716 729
716 730
717 729
717 730
718 842
718 851
719 843
719 866
720 911
720 912
721 911
721 912
724 914
724 915
724 917
725 914
725 915
725 917
726 1095
727 1091
728 1091
731 1095
732 833
732 836
735 914
735 915
736 746
736 750
737 914
737 915
739 744
739 748
740 746
740 750
741 831
741 835
741 914
741 915
741 916
741 917
741 918
741 1045
741 1048
741 1054
741 1056
741 1113
741 2065
741 2070
742 831
742 835
742 914
742 915
742 916
742 917
742 918
742 1045
742 1048
742 1054
742 1056
742 1113
742 2065
742 2070
743 913
744 745
745 748
745 752
745 753
745 756
747 913
749 752
749 753
749 756
750 752
750 753
750 756
754 780
754 781
754 787
755 758
755 761
755 780
755 781
755 787
756 758
756 761
756 780
756 781
756 787
757 812
757 814
759 1057
759 1059
760 812
760 814
762 1057
762 1059
765 856
765 865
766 856
766 865
767 768
767 776
767 777
767 781
767 785
767 832
767 834
768 771
768 778
768 779
768 805
768 840
768 841
768 848
768 852
768 854
768 1446
768 1452
769 771
769 805
769 840
769 844
769 848
770 807
770 808
771 785
771 789
771 805
771 840
771 845
771 847
771 848
771 867
771 1111
771 1446
771 1452
772 921
772 922
773 921
773 922
775 856
775 865
776 1799
776 1809
777 1799
777 1809
778 833
778 836
778 845
779 833
779 836
779 845
782 794
782 800
782 810
782 811
782 815
782 816
783 794
783 800
783 810
783 811
783 815
783 816
784 785
784 789
784 847
784 867
785 789
785 805
785 840
785 841
785 844
785 848
785 852
785 854
785 1113
788 1045
788 1048
789 840
789 844
789 847
789 848
789 867
789 1113
791 806
791 809
792 1045
792 1048
796 1113
797 819
797 821
798 1766
798 1770
800 1113
801 804
801 809
801 815
801 823
801 825
801 1113
802 819
802 821
803 1766
803 1770
804 809
804 815
804 823
804 825
804 1113
805 845
805 848
805 1111
806 810
807 810
807 815
807 841
807 1111
807 1113
808 841
808 1111
808 1113
809 810
810 817
811 1111
815 817
816 1111
819 832
819 834
820 829
820 830
820 1083
820 1085
820 1111
821 832
821 834
822 1900
822 1901
823 829
823 830
823 1083
823 1085
824 1111
826 964
826 975
827 964
827 975
828 1900
828 1901
829 832
829 833
829 834
829 836
830 832
830 833
830 834
830 836
832 863
832 864
833 837
833 838
834 863
834 864
836 837
836 838
837 856
837 857
837 865
837 1113
838 856
838 857
838 865
838 1113
839 856
839 865
840 845
840 848
840 1111
840 1446
840 1452
841 845
842 1074
843 852
843 854
843 868
843 910
843 1113
844 1111
845 848
845 849
845 861
845 862
845 871
845 878
845 881
845 1446
845 1452
846 868
847 848
847 870
847 878
848 867
848 1111
849 850
850 861
850 862
850 871
850 878
850 881
851 897
851 899
851 1074
852 866
853 897
853 899
854 866
855 858
855 859
858 860
858 861
858 869
858 870
858 873
859 860
859 861
859 869
859 870
859 873
861 870
861 874
861 878
862 870
862 874
862 878
863 1897
863 1898
864 917
864 919
864 1897
864 1898
866 910
866 1113
867 870
867 878
870 878
870 881
872 873
872 875
872 877
872 882
872 1113
873 876
873 878
873 881
874 889
874 892
875 876
876 877
876 882
876 1113
878 881
879 889
879 892
880 889
880 892
883 889
883 892
884 889
884 892
885 889
885 892
886 889
886 892
887 889
887 892
888 889
888 892
889 895
889 1113
889 1414
889 1444
891 1111
892 895
892 1113
892 1414
892 1444
893 1544
893 1779
894 895
894 898
894 1111
894 1113
895 898
896 1113
896 1544
896 1779
902 904
902 905
903 904
903 905
908 909
927 929
927 930
929 930
931 1027
932 984
932 987
932 1021
932 1029
933 984
933 987
933 1021
933 1029
934 1002
934 1012
934 1037
934 1040
935 944
935 952
935 1037
935 1040
936 963
936 967
937 938
939 962
939 971
939 1945
939 1950
940 941
940 945
940 952
940 955
941 945
942 969
942 976
943 948
943 954
943 962
943 971
943 1945
943 1950
944 999
945 952
945 955
946 969
946 976
947 948
947 954
949 969
949 976
949 1100
949 1706
950 969
950 976
950 1100
950 1706
952 955
952 999
956 966
956 976
958 966
958 976
959 1010
959 1013
960 1024
960 1032
961 1045
961 1046
964 984
964 987
965 1010
965 1013
965 1037
965 1040
966 1170
966 1172
968 1037
968 1040
969 1138
970 1138
973 1037
973 1040
973 1049
973 1050
974 1024
974 1032
974 1037
974 1040
975 984
975 987
975 1045
975 1046
976 1170
976 1172
978 1002
978 1012
978 1037
978 1040
978 1049
978 1050
980 982
980 983
981 982
981 983
985 1172
988 1138
988 1932
988 1985
991 1932
991 1985
993 1172
994 1138
996 1138
997 1138
999 1037
999 1040
1000 1004
1000 1013
1000 1030
1000 1031
1000 1038
1001 1010
1001 1013
1003 1027
1005 1024
1005 1031
1005 1032
1005 1038
1006 1035
1006 1039
1008 1027
1010 1011
1010 1030
1010 1031
1010 1038
1011 1013
1012 1025
1012 1028
1014 1024
1014 1030
1014 1031
1014 1032
1014 1038
1015 1035
1015 1039
1016 1044
1016 1047
1017 1025
1017 1028
1018 1027
1019 1030
1019 1038
1020 1031
1020 1038
1022 1044
1022 1047
1023 1027
1023 1033
1024 1057
1024 1059
1026 1027
1027 1033
1028 1041
1028 1042
1028 1043
1032 1057
1032 1059
1034 1041
1034 1042
1034 1043
1037 1041
1037 1042
1037 2029
1037 2030
1040 1041
1040 1042
1040 2029
1040 2030
1051 1052
1051 1053
1052 1055
1053 1055
1069 1070
1069 1071
1070 1072
1071 1072
1080 1086
1081 1086
1082 1086
1087 1093
1087 1094
1088 1093
1088 1094
1096 1462
1096 1468
1097 1264
1097 1276
1097 1280
1097 1284
1098 1932
1098 1985
1099 1411
1099 1422
1099 1544
1099 1545
1099 1573
1099 1574
1099 1779
1099 1783
1099 1784
1099 1786
1100 1707
1100 1716
1100 1717
1101 1740
1101 1744
1102 1462
1102 1468
1103 1154
1103 1159
1103 1466
1103 1469
1104 1916
1104 1921
1105 1302
1105 1305
1105 1416
1105 1428
1105 1627
1105 1631
1105 1725
1105 1726
1105 2078
1105 2079
1105 2080
1106 1425
1106 1434
1106 1435
1107 1425
1107 1434
1107 1435
1108 1448
1108 1454
1109 1448
1109 1454
1110 1988
1110 1990
1110 1995
1110 1997
1111 1113
1111 1124
1111 1125
1111 1449
1111 1452
1111 1783
1111 1784
1111 1795
1111 1801
1111 1820
1111 1828
1112 1988
1112 1990
1112 1995
1112 1997
1113 1127
1113 1128
1113 1850
1113 1853
1113 1892
1113 1893
1113 1895
1113 1896
1114 1133
1114 1134
1114 1140
1114 1156
1114 1161
1114 1179
1114 1464
1114 1466
1115 1405
1115 1406
1115 1475
1115 1559
1115 1574
1115 1579
1116 1916
1116 1921
1117 1127
1117 1128
1118 1133
1118 1140
1118 1154
1118 1159
1118 1464
1118 1466
1119 1289
1119 1291
1119 1405
1119 1406
1119 1454
1119 1459
1119 1475
1119 1559
1119 1574
1119 1579
1119 1581
1119 1587
1119 1665
1119 1666
1119 1787
1119 1795
1119 1799
1119 1809
1120 1454
1120 1459
1120 1574
1120 1579
1120 1581
1120 1587
1120 1665
1120 1666
1120 1726
1120 1727
1120 1799
1120 1809
1121 1289
1121 1291
1121 1787
1121 1795
1122 1134
1122 1156
1122 1161
1122 1179
1122 1464
1122 1466
1123 1726
1123 1727
1129 1163
1129 1165
1129 1461
1129 1467
1129 1470
1129 1472
1129 1473
1130 1163
1130 1165
1131 1148
1131 1153
1132 1190
1132 1191
1133 1974
1133 1976
1134 1368
1134 1383
1134 1974
1134 1976
1135 1980
1135 1981
1136 1980
1136 1981
1137 1959
1137 1961
1138 1172
1138 1945
1138 1950
1139 1190
1139 1191
1141 1147
1141 1151
1141 1368
1141 1383
1141 1932
1141 1985
1142 1472
1142 1473
1143 1204
1143 1206
1144 1204
1144 1206
1145 1147
1145 1151
1146 1186
1146 1189
1146 1194
1147 1164
1147 1166
1148 1154
1148 1159
1148 1160
1148 1200
1151 1164
1151 1166
1152 1186
1152 1189
1152 1194
1153 1154
1153 1159
1153 1160
1153 1200
1157 1189
1157 1194
1158 1189
1158 1194
1162 1205
1162 1207
1164 1170
1166 1170
1167 1955
1167 1958
1168 1955
1168 1958
1169 1946
1169 1951
1170 1980
1170 1981
1171 1946
1171 1951
1172 1979
1172 1980
1172 1981
1173 1959
1173 1961
1174 1186
1174 1189
1174 1194
1174 1965
1174 1970
1175 1186
1175 1189
1175 1194
1177 1399
1177 1420
1178 1399
1178 1420
1180 1263
1180 1264
1180 1275
1180 1276
1180 1280
1180 1284
1181 1189
1181 1192
1182 1189
1182 1192
1185 1263
1185 1275
1186 1465
1188 1461
1188 1467
1188 1470
1189 1465
1194 1465
1196 1536
1196 1537
1198 1536
1198 1537
1199 1202
1199 1203
1201 1202
1201 1203
1202 1205
1202 1207
1203 1205
1203 1207
1206 1208
1206 1209
1207 1208
1207 1209
1210 1231
1210 1232
1211 1231
1211 1232
1212 1240
1212 1241
1213 1264
1213 1276
1214 1247
1214 1251
1215 1613
1215 1614
1216 1613
1216 1614
1217 1229
1217 1235
1217 1251
1217 1254
1217 1256
1217 1257
1218 1229
1218 1235
1218 1251
1218 1254
1218 1256
1218 1257
1219 1258
1219 1259
1220 1258
1220 1259
1221 2036
1221 2038
1222 2036
1222 2038
1223 1928
1223 1930
1223 2026
1223 2032
1224 1240
1224 1241
1225 1240
1225 1241
1227 1251
1227 1254
1228 1313
1228 1317
1229 1233
1229 1237
1229 1265
1229 1538
1230 1233
1230 1237
1230 1265
1230 1538
1233 1247
1233 1250
1233 1313
1233 1317
1234 1516
1234 1519
1235 1516
1235 1519
1236 1247
1236 1250
1237 1247
1237 1250
1238 1251
1238 1254
1239 1247
1239 1251
1239 1254
1239 1260
1239 1261
1240 1924
1240 1925
1241 1924
1241 1925
1243 1247
1243 1251
1243 1254
1244 1251
1244 1254
1244 1260
1244 1261
1245 1251
1245 1254
1246 1924
1246 1925
1247 1260
1247 1261
1249 1260
1249 1261
1250 1260
1250 1261
1251 1260
1251 1261
1251 1924
1251 1928
1253 1260
1253 1261
1254 1260
1254 1261
1254 1924
1254 1928
1258 2039
1259 2039
1260 1397
1260 1542
1260 2042
1260 2043
1260 2045
1261 1397
1261 1542
1261 2042
1261 2043
1261 2045
1262 1293
1262 1295
1262 1298
1264 1280
1265 1285
1265 1288
1265 1291
1265 1294
1266 1637
1266 1640
1267 1637
1267 1640
1268 1300
1268 1307
1268 1536
1268 1537
1269 1612
1269 1657
1270 1652
1270 1653
1270 1659
1270 1660
1270 1663
1270 1664
1271 1296
1271 1302
1271 1303
1271 1305
1271 1309
1271 1315
1272 1627
1272 1631
1273 1539
1273 1541
1274 1539
1274 1541
1276 1280
1277 1637
1277 1640
1278 1300
1278 1307
1279 1700
1279 1701
1281 1536
1281 1537
1281 1700
1281 1701
1282 1289
1283 1300
1283 1307
1285 1538
1286 1536
1286 1537
1288 1538
1290 1300
1290 1307
1291 1538
1291 1540
1291 1541
1293 1308
1293 1314
1293 1543
1293 1920
1293 1923
1293 1925
1293 1928
1293 2045
1293 2047
1294 1536
1294 1537
1294 1538
1294 1540
1294 1541
1295 1304
1295 1305
1295 1543
1295 1920
1295 1923
1296 1536
1296 1537
1296 1645
1296 1649
1298 1308
1298 1314
1298 1543
1298 1920
1298 1923
1298 1925
1298 1928
1298 2045
1298 2047
1299 1308
1299 1309
1300 1627
1300 1631
1301 1304
1301 1305
1302 1488
1302 1492
1302 1495
1302 1600
1302 1601
1302 1645
1302 1647
1302 1649
1302 1650
1302 1926
1303 1308
1303 1309
1303 1488
1303 1492
1303 1495
1303 1649
1305 1600
1305 1601
1305 1645
1305 1647
1305 1649
1305 1650
1305 1926
1306 1646
1306 1649
1307 1627
1307 1631
1307 1646
1307 1649
1309 1317
1309 1318
1309 1651
1310 1649
1310 1651
1311 1314
1311 1315
1312 1314
1312 1315
1315 1317
1315 1318
1315 1651
1316 1649
1316 1651
1317 1665
1317 1666
1318 1653
1318 1654
1318 1655
1318 1665
1318 1666
1319 1654
1319 1655
1320 1653
1320 1655
1321 1492
1321 1495
1322 1323
1322 1333
1323 1335
1323 1399
1323 1420
1324 1746
1324 1751
1325 1746
1325 1751
1326 1627
1326 1631
1327 1627
1327 1631
1328 1633
1328 1638
1329 1633
1329 1638
1330 1740
1330 1744
1331 1479
1331 1480
1332 1476
1332 1477
1333 1335
1333 1399
1333 1420
1334 1492
1334 1495
1336 1399
1336 1426
1336 1432
1336 2088
1336 2089
1337 1399
1337 1426
1337 1432
1337 2088
1337 2089
1338 1927
1338 1929
1338 1931
1338 1995
1338 1997
1339 1927
1339 1929
1339 1931
1339 1995
1339 1997
1340 2084
1340 2085
1341 1397
1341 1542
1342 1449
1342 1452
1343 1724
1343 2084
1343 2085
1343 2087
1344 1397
1344 1542
1345 1449
1345 1452
1346 1724
1346 2087
1347 1385
1347 1386
1347 1550
1347 1782
1348 1358
1348 1359
1348 1385
1348 1386
1348 1550
1348 1782
1348 2066
1348 2071
1349 2083
1349 2086
1350 1425
1350 1434
1353 1358
1353 1359
1353 2066
1353 2071
1354 2083
1354 2086
1355 1425
1355 1434
1356 1429
1356 1431
1356 1445
1357 1429
1357 1431
1357 1445
1359 1626
1359 1634
1360 1626
1360 1634
1361 2054
1361 2055
1362 2054
1362 2055
1363 1680
1363 1682
1363 1998
1363 2003
1364 1680
1364 1682
1364 1998
1364 2003
1365 1668
1365 1675
1365 1718
1365 1719
1366 1718
1366 1719
1367 1381
1367 1382
1367 1478
1367 1599
1369 1987
1369 1990
1369 1994
1369 1996
1369 2004
1370 1987
1370 1994
1371 1395
1371 1396
1371 1948
1371 1949
1372 1948
1372 1949
1374 1375
1376 1388
1376 1390
1377 1677
1377 1679
1378 1385
1378 1386
1378 1389
1378 1677
1378 1679
1379 1385
1379 1386
1379 1388
1379 1389
1379 1390
1380 1384
1380 1388
1380 1390
1381 1387
1381 1388
1381 1390
1382 1387
1383 1384
1383 1388
1383 1390
1385 1388
1385 1390
1386 2067
1386 2072
1387 1478
1387 1599
1391 2067
1391 2072
1392 1928
1392 1930
1393 1928
1393 1930
1394 1395
1394 1396
1398 1433
1398 1442
1398 1529
1398 1532
1399 1491
1399 1498
1399 1925
1399 1926
1401 1421
1401 1429
1401 1534
1401 1535
1402 1421
1402 1429
1402 1500
1402 1501
1402 1529
1402 1532
1402 1534
1402 1535
1403 1482
1403 1486
1403 1490
1403 1494
1404 1500
1404 1501
1405 1754
1405 1757
1407 1585
1407 1591
1408 1475
1408 1559
1408 1566
1408 1573
1408 1574
1409 1894
1409 1895
1410 1475
1410 1559
1410 1566
1410 1573
1411 1474
1412 1573
1412 1574
1413 1427
1413 1443
1415 1754
1415 1757
1416 1926
1417 1433
1417 1442
1418 2058
1418 2062
1419 1529
1419 1532
1420 1491
1420 1498
1420 1925
1420 1926
1420 2058
1420 2062
1421 1482
1421 1490
1421 1517
1421 1522
1422 1474
1423 1564
1423 1573
1424 1425
1424 1435
1424 1563
1424 1566
1425 1427
1425 1430
1425 1435
1425 1458
1425 1460
1425 1592
1425 1593
1425 1845
1425 1846
1427 1435
1427 1443
1427 1484
1427 1485
1427 1563
1427 1566
1428 1926
1429 1482
1429 1490
1429 1517
1429 1522
1429 2058
1429 2062
1430 1434
1430 1435
1431 2057
1431 2061
1434 1435
1434 1458
1434 1460
1434 1484
1434 1485
1435 1592
1435 1593
1435 1845
1435 1846
1436 1564
1436 1573
1436 1787
1436 1795
1437 1515
1437 1522
1438 2058
1438 2062
1439 1783
1439 1784
1443 1787
1443 1795
1445 2057
1445 2061
1447 1783
1447 1784
1448 1454
1448 1456
1448 1459
1448 1488
1448 1491
1448 1492
1448 1498
1449 1458
1449 1460
1449 1515
1449 1522
1452 1458
1452 1460
1453 1894
1453 1895
1454 1456
1454 1459
1454 1488
1454 1491
1454 1492
1454 1498
1466 1469
1466 1899
1469 1899
1471 1965
1471 1970
1474 1544
1474 1545
1474 1568
1474 1569
1474 1573
1474 1574
1474 1779
1474 1783
1474 1784
1474 1786
1475 1568
1475 1569
1476 1585
1476 1586
1476 2066
1476 2071
1477 1585
1477 1586
1477 2066
1477 2071
1478 1663
1478 1705
1478 1746
1478 1751
1479 1603
1479 1605
1479 1606
1479 2057
1479 2061
1479 2076
1480 1603
1480 1605
1480 1606
1480 2057
1480 2061
1480 2076
1481 1504
1481 1509
1481 1513
1481 1518
1482 1490
1482 1497
1482 1503
1482 1522
1482 1523
1482 1526
1482 1531
1482 1534
1482 1607
1482 1608
1482 1609
1482 1693
1482 1697
1482 1699
1483 1607
1483 1608
1486 1522
1487 1663
1487 1705
1487 1746
1487 1751
1488 1495
1488 1502
1488 1507
1488 1510
1488 1603
1488 1605
1488 2035
1488 2036
1489 1504
1489 1505
1489 1508
1489 1509
1489 1513
1489 1518
1489 1523
1489 1526
1490 1497
1490 1503
1490 1522
1490 1523
1490 1526
1490 1531
1490 1534
1490 1609
1490 1693
1490 1697
1490 1699
1492 1495
1492 1502
1492 1507
1492 1510
1492 1603
1492 1605
1492 2035
1492 2036
1493 1585
1493 1586
1494 1522
1494 1585
1494 1586
1495 1502
1495 1507
1495 1510
1495 1913
1495 1914
1496 1505
1496 1508
1496 1523
1496 1526
1497 1517
1497 1522
1497 1584
1497 1590
1498 1531
1498 1534
1499 1531
1499 1534
1500 1517
1500 1522
1501 1517
1501 1522
1502 1913
1502 1914
1503 1517
1503 1522
1504 1512
1504 1514
1504 1521
1504 1523
1504 1524
1504 1526
1504 1527
1504 1531
1506 1585
1506 1591
1509 1512
1509 1514
1509 1521
1509 1523
1509 1524
1509 1526
1509 1527
1509 1531
1511 1526
1511 1531
1512 1521
1512 1524
1512 1526
1512 1531
1514 1521
1514 1524
1514 1526
1514 1531
1515 1526
1515 1531
1517 1531
1517 1534
1517 1609
1520 1536
1520 1537
1522 1526
1522 1531
1522 1534
1522 1609
1524 1526
1524 1531
1526 1527
1527 1531
1529 1541
1530 1536
1530 1538
1530 1610
1530 1611
1532 1541
1533 1536
1533 1538
1533 1610
1533 1611
1537 1636
1537 1640
1538 1636
1538 1640
1540 2008
1540 2013
1541 2008
1541 2013
1544 1547
1544 1550
1544 1551
1544 1778
1544 1803
1544 1804
1544 1816
1544 1823
1545 1547
1545 1778
1545 1803
1545 1804
1545 1816
1545 1823
1546 1804
1546 1805
1548 1559
1548 1563
1548 1779
1548 1786
1549 1550
1549 1551
1549 1563
1549 1564
1549 1573
1550 1560
1550 1561
1550 1567
1550 1575
1550 1779
1550 1783
1550 1784
1550 1799
1550 1809
1551 1560
1551 1561
1551 1739
1551 1744
1551 1779
1551 1783
1551 1784
1551 1788
1551 1796
1551 1797
1551 1799
1551 1809
1552 1739
1552 1744
1552 1788
1552 1791
1552 1796
1552 1797
1552 1799
1552 1803
1552 1809
1553 1791
1553 1803
1554 1562
1554 1568
1555 1582
1555 1583
1555 1752
1555 1756
1556 1572
1556 1577
1557 1572
1557 1577
1558 1804
1558 1805
1559 1783
1559 1784
1560 1575
1560 1582
1560 1796
1560 1799
1561 1575
1561 1582
1561 1796
1561 1799
1562 1781
1563 1743
1563 1747
1563 1783
1563 1784
1563 1826
1563 1841
1563 1843
1564 1743
1564 1747
1564 1783
1564 1802
1564 1803
1564 1826
1564 1841
1564 1843
1565 1569
1565 1570
1565 1588
1565 1592
1565 1595
1565 1596
1567 1782
1568 1575
1568 1582
1568 1781
1569 1578
1570 1578
1571 1597
1571 1598
1573 1783
1573 2068
1573 2073
1574 1802
1574 1803
1574 2068
1574 2073
1575 1782
1575 1799
1575 1809
1575 2079
1575 2080
1576 1799
1576 1809
1578 1588
1578 1592
1578 1595
1578 1596
1580 1597
1580 1598
1581 1587
1581 1595
1581 1596
1581 1597
1581 1598
1581 1601
1581 1602
1582 1780
1582 2079
1582 2080
1583 1780
1584 1608
1584 1609
1587 1595
1587 1596
1587 1597
1587 1598
1587 1601
1587 1602
1589 1595
1589 1596
1590 1608
1590 1609
1594 1595
1594 1596
1597 1598
1597 1601
1597 1602
1597 1603
1597 1604
1598 1601
1598 1602
1598 1603
1598 1604
1602 2026
1602 2031
1603 2026
1603 2031
1604 2026
1604 2031
1612 1656
1612 1658
1612 1661
1613 1614
1615 1700
1615 1701
1616 1639
1616 1641
1617 1681
1617 1689
1618 1681
1618 1689
1619 1633
1619 1638
1620 1623
1620 1625
1620 1629
1620 1631
1621 1629
1621 1631
1622 1633
1622 1638
1623 1624
1624 1625
1624 1629
1624 1631
1627 1630
1627 1926
1628 1633
1628 1638
1630 1631
1631 1926
1632 1654
1632 1655
1633 1635
1635 1638
1636 1654
1636 1655
1639 1644
1641 1644
1642 1672
1642 1676
1643 1672
1643 1676
1648 1700
1648 1701
1651 2045
1651 2047
1652 1654
1652 2045
1652 2047
1653 1654
1654 1659
1654 1660
1654 1663
1654 1664
1656 1657
1657 1658
1657 1661
1662 1663
1662 1705
1663 1702
1663 1703
1663 1704
1663 1754
1663 1757
1665 1688
1665 1691
1666 1688
1666 1691
1667 1990
1667 1996
1667 2004
1668 1670
1669 1995
1669 1997
1670 1675
1671 1673
1671 1674
1671 1675
1673 1674
1673 1675
1675 1995
1675 1997
1678 2040
1678 2041
1680 2022
1680 2025
1682 1683
1682 1684
1682 2022
1682 2025
1683 1684
1684 1695
1684 1696
1684 1698
1685 2040
1685 2041
1686 2040
1686 2041
1686 2044
1688 1695
1688 1698
1690 2040
1690 2041
1690 2044
1691 2040
1691 2041
1691 2044
1692 1696
1692 1698
1694 2040
1694 2041
1702 1705
1702 2040
1702 2041
1703 1705
1704 1705
1704 2040
1704 2041
1706 1707
1706 1716
1706 1717
1707 1937
1707 1938
1708 1939
1708 1940
1708 1941
1708 1954
1709 1941
1709 1942
1710 1946
1710 1951
1711 1946
1711 1951
1712 1732
1712 1733
1712 2050
1712 2051
1713 1720
1713 1721
1714 1720
1714 1721
1717 1937
1717 1938
1720 1943
1720 1947
1720 1953
1721 1943
1721 1947
1721 1953
1722 1939
1722 1940
1722 1941
1722 1954
1725 1926
1726 1729
1726 1738
1726 1744
1726 1749
1726 1926
1726 1956
1726 1958
1727 1729
1727 1738
1727 1744
1727 1749
1727 1956
1727 1958
1728 1744
1728 1749
1729 1743
1729 1747
1729 1796
1729 1799
1730 1909
1730 1910
1730 1912
1731 1904
1731 1905
1731 1906
1731 1907
1732 1903
1732 1904
1732 1905
1732 1907
1733 1903
1733 1904
1733 1905
1733 1907
1734 1840
1734 1842
1735 1736
1737 1904
1737 1907
1738 1743
1738 1744
1738 1747
1738 1749
1738 1796
1738 1799
1741 1743
1741 1747
1742 1904
1742 1907
1743 1747
1744 1746
1744 1751
1745 2075
1745 2077
1746 1749
1746 1829
1746 1836
1748 1850
1748 1853
1749 1751
1750 2075
1750 2077
1751 1829
1751 1836
1752 1780
1753 1850
1753 1853
1753 2079
1753 2080
1754 2049
1755 2079
1755 2080
1756 1780
1757 2049
1758 1760
1758 1761
1758 1762
1758 1764
1759 1911
1759 1915
1760 1761
1761 1762
1761 1764
1761 1911
1761 1915
1763 1765
1763 1768
1765 1769
1765 1771
1765 1908
1766 1847
1766 1851
1766 1864
1766 1866
1766 1871
1767 1769
1767 1771
1768 1908
1769 1840
1769 1842
1769 1843
1770 1847
1770 1851
1770 1864
1770 1866
1770 1871
1771 1840
1771 1843
1772 1774
1772 1860
1773 1779
1773 1786
1774 1779
1774 1786
1774 1858
1775 1850
1775 1853
1776 1850
1776 1853
1776 1859
1776 1865
1777 1850
1777 1853
1779 1785
1779 1786
1779 1789
1779 1798
1779 1804
1779 1805
1779 1806
1779 1807
1779 1847
1779 1848
1779 1861
1779 1863
1779 1869
1779 1874
1782 1829
1782 1836
1785 1786
1786 1789
1786 1798
1786 1804
1786 1805
1786 1806
1786 1807
1786 1847
1786 1848
1786 1861
1786 1863
1786 1869
1786 1874
1789 1829
1789 1836
1790 1805
1790 1814
1790 1829
1790 1836
1791 1805
1791 1814
1792 1805
1792 1814
1792 1829
1792 1836
1792 1873
1792 1875
1792 1881
1793 1820
1793 1828
1794 1820
1794 1828
1798 1829
1798 1836
1800 1820
1800 1828
1802 1803
1802 1812
1803 1812
1805 1810
1805 1813
1805 1815
1808 1818
1808 1820
1808 1828
1810 1814
1811 1818
1811 1820
1812 1829
1812 1836
1812 1873
1812 1875
1812 1881
1813 1814
1814 1815
1814 1822
1814 1830
1815 1822
1815 1830
1815 1833
1815 1837
1816 1817
1816 1824
1816 1825
1816 1835
1817 1823
1819 1833
1819 1837
1820 1821
1820 1825
1820 1828
1820 1833
1820 1835
1820 1837
1821 1828
1823 1824
1823 1825
1823 1835
1825 1828
1826 1859
1826 1862
1827 2065
1827 2070
1828 1833
1828 1835
1828 1837
1829 1832
1829 1841
1831 1838
1831 1839
1832 1836
1833 1836
1833 1840
1834 1838
1834 1839
1835 2065
1835 2070
1836 1837
1836 1841
1837 1840
1840 1859
1840 1862
1843 1859
1843 1862
1844 1849
1848 1853
1848 1854
1850 1852
1850 1853
1850 1854
1850 1855
1850 1857
1850 1865
1850 1867
1850 2081
1850 2082
1851 1853
1851 1854
1852 1853
1853 1854
1853 1855
1853 1857
1853 1859
1853 1862
1853 1865
1853 1867
1853 1878
1853 1884
1853 2081
1853 2082
1854 1859
1854 1862
1854 1878
1854 1884
1856 1859
1856 1865
1858 1860
1861 1865
1861 1867
1861 2069
1861 2074
1863 1865
1863 1867
1863 2069
1863 2074
1866 1868
1866 1877
1868 1871
1868 1872
1868 1879
1868 1883
1868 1885
1868 1886
1868 1888
1868 1889
1870 2078
1870 2079
1870 2080
1871 1877
1872 1874
1872 1876
1872 1877
1873 1889
1873 1891
1874 1879
1876 1879
1876 1885
1876 1889
1877 1879
1877 1883
1877 1885
1877 1886
1877 1888
1880 2078
1880 2079
1880 2080
1881 1889
1881 1891
1882 1885
1882 1889
1883 1885
1883 1886
1885 1887
1885 1888
1885 1890
1886 1887
1886 1888
1889 1890
1889 2078
1889 2079
1889 2080
1891 2078
1891 2079
1891 2080
1902 1904
1902 1905
1902 1906
1902 1907
1904 2050
1904 2051
1907 2050
1907 2051
1909 2060
1910 1911
1910 1915
1910 2060
1911 1912
1912 1915
1912 2060
1917 1918
1917 1919
1918 1922
1919 1922
1926 2078
1926 2079
1926 2080
1928 1932
1928 1985
1928 2006
1930 1932
1930 1985
1930 2006
1933 1977
1933 1978
1934 1986
1934 1987
1934 1993
1934 1994
1935 1986
1935 1987
1935 1993
1935 1994
1936 1957
1936 1962
1937 1957
1937 1962
1939 1940
1939 1941
1939 1942
1944 1946
1944 1951
1944 1966
1944 1972
1946 1952
1951 1952
1952 1966
1952 1972
1956 1967
1956 1969
1958 1967
1958 1969
1963 1971
1963 1973
1964 1971
1964 1973
1977 1985
1978 1985
1984 2016
1984 2019
1986 2016
1986 2017
1987 2016
1987 2019
1989 2007
1989 2008
1991 2007
1991 2008
1992 2016
1992 2019
1993 2016
1993 2017
1994 2016
1994 2019
1995 2026
1995 2031
1995 2036
1995 2038
1997 2016
1997 2019
1997 2026
1997 2031
1997 2033
1997 2034
1997 2036
1997 2037
1997 2038
1999 2016
1999 2019
2000 2012
2000 2017
2001 2012
2001 2017
2002 2016
2002 2019
2002 2033
2002 2034
2002 2037
2002 2038
2005 2016
2005 2019
2006 2026
2006 2032
2007 2023
2007 2030
2007 2031
2008 2030
2008 2031
2009 2023
2009 2030
2010 2021
2010 2024
2012 2019
2012 2020
2012 2032
2012 2033
2013 2021
2013 2024
2014 2019
2014 2020
2014 2032
2014 2033
2015 2024
2015 2030
2016 2019
2016 2020
2016 2026
2016 2032
2016 2033
2016 2037
2017 2019
2017 2020
2017 2026
2017 2032
2017 2033
2017 2037
2018 2024
2018 2030
2019 2020
2026 2036
2026 2038
2027 2032
2027 2033
2028 2032
2028 2033
2031 2036
2031 2038
2052 2065
2052 2070
2053 2065
2053 2070
2056 2057
2056 2061
2057 2058
2057 2059
2057 2061
2057 2062
2058 2061
2059 2061
2059 2063
2059 2064
2061 2062
2062 2063
2062 2064
