0 82
0 353
0 356
0 359
0 360
1 33
1 34
1 909
1 914
2 300
2 327
2 423
2 426
2 430
2 433
2 440
2 675
2 681
2 952
2 955
2 959
2 960
2 1266
2 1316
3 858
3 864
4 82
4 353
4 356
4 359
4 360
5 6
5 132
5 135
5 289
5 290
5 356
5 359
5 391
5 398
5 1019
5 1116
5 1125
5 1320
5 1322
6 13
6 85
6 86
6 87
6 88
6 93
6 94
6 114
6 122
6 204
6 287
6 289
6 290
6 310
6 333
6 339
6 356
6 359
6 391
6 398
6 470
6 474
6 492
6 760
6 762
6 763
6 764
6 1019
6 1020
6 1035
6 1037
6 1052
6 1053
6 1057
6 1060
6 1062
6 1116
6 1125
6 1208
6 1209
6 1250
6 1251
6 1273
6 1274
6 1277
6 1298
6 1301
6 1306
6 1311
6 1315
6 1320
6 1321
6 1322
6 1377
6 1428
6 1430
7 95
7 96
7 760
7 764
7 1071
7 1073
8 35
8 850
9 57
9 60
10 277
10 279
10 1252
10 1253
11 228
11 230
12 228
12 230
13 132
13 135
13 204
13 205
13 1037
13 1053
13 1210
13 1213
13 1251
13 1274
13 1277
13 1301
13 1320
13 1322
13 1753
13 1755
14 204
14 205
14 755
14 756
14 757
14 758
14 937
14 943
14 1210
14 1213
14 1224
14 1225
14 1255
14 1274
14 1277
14 1285
14 1290
14 1294
14 1371
14 1638
14 1639
14 1644
14 1645
14 1753
14 1754
15 755
15 756
15 757
15 758
15 937
15 943
15 1224
15 1225
15 1255
15 1274
15 1277
15 1285
15 1290
15 1294
15 1371
15 1638
15 1639
15 1644
15 1645
15 1753
15 1754
16 65
16 68
16 1272
16 1283
17 65
17 68
17 1272
17 1283
18 59
18 64
19 35
19 850
19 934
19 935
20 734
20 735
21 59
21 64
22 934
22 935
23 1504
23 1505
24 57
24 60
25 734
25 735
25 1504
25 1505
26 836
26 838
27 103
27 105
28 61
28 63
29 31
29 33
29 34
29 40
29 43
29 46
29 48
29 50
29 72
29 74
29 108
29 111
29 255
29 274
29 287
29 310
29 762
29 765
29 1032
30 31
30 33
30 34
30 40
30 43
30 46
30 48
30 50
30 72
30 74
30 108
30 111
30 255
30 274
30 287
30 310
30 762
30 765
30 1032
31 43
31 48
31 522
31 529
31 762
31 765
31 853
31 855
32 43
32 48
32 296
32 297
32 522
32 529
32 790
32 795
33 34
33 44
33 844
33 847
33 875
33 879
33 923
33 925
34 44
34 844
34 847
34 875
34 879
34 923
34 925
35 62
35 66
36 67
36 69
37 38
37 79
37 259
37 260
37 280
37 282
37 286
37 579
37 584
37 590
37 778
37 800
37 806
37 1009
37 1011
37 1658
37 1660
37 1688
37 1689
38 79
38 579
38 580
38 584
38 590
38 778
38 779
38 790
38 793
38 825
38 827
38 1009
38 1011
39 580
39 779
39 790
39 793
40 103
40 105
41 61
41 63
42 50
42 51
43 762
43 765
43 853
43 855
44 109
44 112
44 296
44 297
44 790
44 795
44 909
44 914
45 836
45 838
47 50
47 51
48 50
48 51
48 52
48 54
48 255
48 256
48 841
48 844
48 881
48 888
49 109
49 112
50 51
50 52
50 54
50 72
50 255
50 256
50 841
50 844
50 881
50 888
50 1030
51 72
51 1030
53 98
53 101
53 104
53 106
55 98
55 101
55 104
55 106
56 81
56 82
57 81
57 82
58 97
58 99
58 126
58 130
58 446
58 449
58 964
58 1023
58 1071
58 1072
58 1075
58 1076
58 1133
58 1135
58 1249
58 1294
58 1303
61 928
61 929
62 850
63 928
63 929
65 144
65 147
65 919
65 920
66 850
67 820
69 820
70 144
70 147
70 652
70 653
70 919
70 920
71 144
71 147
71 383
71 386
71 507
71 521
71 525
71 918
71 1234
71 1239
71 1444
71 1453
72 144
72 147
72 200
72 201
72 252
72 253
72 277
72 279
72 379
72 383
72 386
72 393
72 507
72 508
72 515
72 521
72 525
72 529
72 531
72 763
72 766
72 850
72 853
72 890
72 893
72 911
72 918
72 966
72 969
72 999
72 1017
72 1018
72 1030
72 1032
72 1034
72 1051
72 1222
72 1223
72 1234
72 1239
72 1444
72 1453
72 1457
72 1459
72 1481
72 1484
72 1516
72 1655
72 1656
72 1675
72 1680
72 1720
72 1723
73 652
73 653
74 272
74 273
74 275
74 276
74 383
74 386
74 508
74 800
74 801
74 821
74 826
74 911
74 966
74 998
74 1050
74 1229
74 1233
74 1235
74 1244
74 1247
74 1248
74 1446
74 1450
74 1703
74 1704
74 1710
74 1712
75 76
75 78
75 80
75 273
75 275
75 800
75 801
75 821
75 826
75 966
75 998
75 999
75 1050
75 1220
75 1229
75 1233
75 1235
75 1244
75 1246
75 1247
75 1248
75 1647
75 1650
75 1675
75 1679
75 1690
75 1691
75 1693
75 1703
75 1704
75 1705
75 1708
76 78
76 80
76 150
76 151
76 273
76 275
76 836
76 838
76 966
76 999
76 1220
76 1246
76 1647
76 1650
76 1675
76 1679
76 1688
76 1689
76 1690
76 1691
76 1693
76 1705
76 1708
77 150
77 151
77 778
77 783
77 836
77 838
77 1481
77 1484
77 1688
77 1689
79 259
79 260
79 280
79 282
79 286
79 579
79 588
79 596
79 778
79 783
79 800
79 806
79 810
79 811
79 825
79 827
79 1009
79 1011
79 1481
79 1484
79 1658
79 1660
79 1670
79 1673
79 1688
79 1689
81 344
81 354
82 344
82 354
83 341
83 343
84 85
84 339
84 341
84 343
84 348
85 87
85 88
85 108
85 111
85 341
85 343
85 348
85 351
85 1019
85 1272
85 1284
86 1019
87 110
87 112
87 220
87 233
87 339
87 1020
87 1274
87 1277
88 110
88 112
88 220
88 233
88 339
88 900
88 901
88 1020
88 1274
88 1277
89 480
89 488
90 1020
90 1021
91 108
91 111
91 900
91 901
92 108
92 111
93 759
93 763
93 1020
94 759
94 763
94 1020
95 100
95 102
95 1021
96 100
96 102
96 1021
97 1023
98 464
98 575
99 1023
101 430
101 435
101 464
101 575
103 430
103 435
106 117
106 118
106 324
106 329
107 1078
107 1080
108 339
108 1078
108 1080
110 558
110 561
111 339
112 558
112 561
113 480
113 488
114 475
114 480
114 1019
114 1020
114 1306
114 1313
115 140
115 141
115 491
115 493
116 514
116 530
117 142
118 142
119 928
119 929
120 144
120 145
120 146
120 147
120 149
121 144
121 145
121 146
121 147
121 149
122 475
122 480
122 1019
122 1020
122 1306
122 1313
123 514
123 530
124 501
124 503
125 190
125 191
126 1023
127 188
127 189
127 501
127 503
127 550
127 551
128 550
128 551
129 190
129 191
130 1023
131 1020
131 1021
132 465
132 549
132 638
132 640
132 761
132 762
133 188
133 189
134 542
134 551
134 923
134 925
135 465
135 549
135 638
135 640
135 761
135 762
136 761
136 762
137 542
137 551
137 923
137 925
138 762
138 763
139 762
139 763
140 142
140 143
140 166
141 142
141 143
141 166
142 324
142 329
144 148
144 149
144 890
144 893
144 1692
144 1694
147 148
147 149
147 529
147 531
147 890
147 893
147 1692
147 1694
148 567
148 571
149 529
149 531
149 567
149 571
152 482
152 490
153 482
153 490
154 391
154 398
154 399
154 401
154 402
154 405
155 160
155 161
156 160
156 161
157 252
157 253
158 391
158 395
158 398
158 399
158 401
158 402
158 405
159 928
159 929
160 221
160 229
160 395
160 399
161 221
161 229
162 928
162 929
163 252
163 253
164 418
164 419
165 169
165 173
165 550
165 558
166 491
166 493
167 169
167 173
167 478
167 483
168 550
168 558
170 418
170 419
170 478
170 483
171 179
171 182
172 185
172 187
174 179
174 182
175 185
175 187
176 185
176 187
177 185
177 187
178 376
178 381
178 926
178 927
179 180
179 181
179 183
179 184
179 376
179 381
179 926
179 927
180 182
180 186
180 187
181 183
181 185
181 187
182 183
183 184
184 185
184 186
184 187
188 383
188 386
189 383
189 386
192 214
192 217
193 214
193 217
194 199
194 212
195 199
195 212
196 461
196 462
197 215
197 219
198 215
198 219
199 366
199 463
200 1030
201 1030
202 205
202 206
203 746
203 747
204 205
204 206
204 482
204 490
204 542
204 551
204 746
204 747
204 938
204 944
204 1019
205 235
205 529
205 531
205 542
205 551
205 938
205 944
205 946
205 951
206 235
207 239
207 240
208 224
208 231
209 224
209 231
210 266
210 268
211 461
211 462
212 366
212 463
213 521
213 525
215 933
215 937
216 222
216 223
218 222
218 223
219 933
219 937
220 235
220 238
224 225
224 232
224 241
224 242
224 331
224 332
224 338
224 471
224 472
224 533
224 536
224 961
224 962
225 231
226 533
226 536
227 1279
227 1307
228 383
228 386
228 754
228 948
228 954
230 383
230 386
230 754
231 232
231 241
231 242
231 331
231 332
231 338
231 471
231 472
231 961
231 962
233 235
233 238
234 1279
234 1307
235 642
235 645
236 948
236 954
237 642
237 645
238 529
238 531
238 946
238 951
239 957
240 957
243 255
243 274
244 255
244 274
245 948
245 954
246 948
246 954
247 248
247 249
247 934
247 935
248 249
248 266
248 268
249 934
249 935
250 521
250 525
251 259
251 260
251 286
251 582
252 526
252 529
252 580
252 604
252 606
252 779
252 866
252 874
252 1032
253 526
253 529
253 580
253 604
253 606
253 779
253 866
253 874
253 1032
254 521
254 525
254 526
254 528
257 521
257 525
258 512
258 517
259 284
259 286
259 512
259 800
259 806
260 512
261 263
261 583
262 263
262 583
262 800
262 801
262 850
262 853
263 850
263 853
264 616
264 617
265 746
265 747
267 746
267 747
269 513
269 520
270 513
270 520
271 521
271 525
272 1032
273 1032
275 277
275 279
275 845
275 846
275 1032
276 277
276 279
276 845
276 846
276 1032
277 521
277 525
277 764
277 1032
278 515
278 521
278 525
278 526
278 528
279 515
279 521
279 525
279 764
279 1032
280 1002
281 380
281 382
282 1002
283 380
283 382
284 512
284 516
284 517
284 582
284 585
285 512
285 516
285 517
286 512
286 582
286 585
287 317
287 320
287 1019
287 1298
287 1301
288 612
288 613
289 313
289 322
289 394
289 397
289 404
289 406
289 1019
290 394
290 397
290 404
290 406
290 1019
291 311
291 321
291 370
291 371
292 321
292 323
293 294
293 303
293 311
293 312
293 335
294 303
294 311
294 312
294 335
295 311
295 314
296 341
296 343
296 348
296 1035
296 1051
297 341
297 343
297 348
297 1035
297 1051
298 649
298 650
299 649
299 650
299 1266
299 1316
300 420
300 1266
300 1316
301 1291
301 1610
302 311
302 314
304 321
304 323
305 311
305 312
305 315
305 321
305 370
305 371
306 311
306 312
306 315
306 321
307 313
307 322
307 394
307 397
308 612
308 613
309 316
309 322
310 313
310 317
310 320
310 322
310 1019
310 1298
310 1301
313 318
313 324
313 325
313 329
313 330
313 331
313 332
313 338
313 394
313 397
313 938
313 944
313 1752
313 1753
316 322
318 322
319 325
319 328
319 330
319 334
322 324
322 329
322 331
322 332
322 338
322 394
322 397
322 938
322 944
322 1752
322 1753
324 326
324 328
324 332
324 333
324 334
324 336
324 338
324 446
324 450
325 340
325 342
326 329
327 420
327 1266
327 1316
329 332
329 333
329 334
329 336
329 338
329 446
329 450
330 340
330 342
332 357
332 358
332 433
332 438
332 440
332 445
332 454
332 456
332 744
332 745
333 1019
334 337
334 343
334 344
334 354
336 337
336 343
336 344
336 354
338 357
338 358
338 744
338 745
339 341
339 343
339 348
339 351
339 1019
339 1272
339 1284
340 344
340 354
340 357
340 358
340 433
340 438
340 440
340 445
340 454
340 456
340 643
340 644
340 647
340 744
340 745
340 746
340 747
340 1641
340 1643
341 351
341 353
341 356
342 344
342 354
342 643
342 644
342 647
342 746
342 747
342 1641
342 1643
343 351
343 353
343 356
345 347
345 349
346 347
346 349
346 618
346 619
348 351
348 353
348 356
350 618
350 619
352 618
352 619
352 698
352 704
355 698
355 704
356 1019
359 1019
361 762
361 765
362 762
362 765
363 423
363 429
363 433
363 434
363 440
363 665
364 397
364 400
365 366
365 368
365 376
365 463
365 511
365 517
366 368
366 463
367 368
367 383
367 386
367 391
367 398
367 463
368 376
368 381
368 463
368 511
368 517
369 397
369 400
370 377
370 378
370 384
370 389
370 392
370 396
370 403
371 377
371 378
371 384
371 389
371 392
371 396
371 403
372 379
372 393
373 379
373 393
374 383
374 386
374 391
374 398
375 922
375 924
376 463
376 642
376 645
378 394
378 397
379 413
379 415
379 1030
380 465
380 544
380 549
381 463
381 642
381 645
382 465
382 544
382 549
383 386
383 387
383 388
383 404
383 409
383 478
383 483
383 508
383 911
383 913
383 917
383 923
383 925
383 1032
385 394
385 397
386 387
386 388
386 404
386 409
386 478
386 483
386 508
386 911
386 913
386 917
386 923
386 925
386 1032
390 397
390 400
390 404
390 406
391 411
391 413
391 415
391 1019
393 413
393 415
393 922
393 924
393 1030
394 397
394 400
394 404
394 406
394 409
397 404
397 409
398 411
398 413
398 415
398 1019
401 407
401 408
401 413
401 415
402 413
402 415
403 404
403 409
404 406
404 409
404 454
404 456
404 679
404 683
406 409
406 412
406 414
406 454
406 456
407 408
407 478
407 483
408 478
408 483
409 679
409 683
410 412
410 414
416 759
416 760
417 759
417 760
420 423
420 426
420 430
420 433
420 440
420 675
420 681
420 952
420 955
420 959
420 960
420 1266
420 1316
421 422
421 423
421 665
421 703
421 708
422 426
422 430
422 668
423 426
423 428
423 429
423 430
423 433
423 668
424 675
424 681
425 521
425 525
426 429
426 433
426 665
427 689
427 694
428 429
428 433
428 434
428 440
428 665
429 666
429 667
430 665
431 441
431 442
431 443
431 444
432 433
432 440
433 439
433 666
433 667
436 441
436 442
436 443
436 444
437 689
437 694
438 623
438 624
439 440
441 454
441 456
441 671
441 678
443 455
443 459
443 460
443 689
443 694
444 454
444 455
444 456
444 459
444 460
444 671
444 678
444 689
444 694
445 623
445 624
446 633
446 634
446 1023
447 458
447 459
448 1307
448 1314
449 633
449 634
449 671
449 678
449 1023
450 671
450 678
451 458
451 459
452 626
452 705
452 1307
452 1314
453 511
453 517
453 626
453 705
457 511
457 517
466 562
466 565
467 473
467 476
467 485
467 488
467 491
468 473
468 476
468 485
468 488
468 491
469 482
469 490
470 1019
474 1019
477 482
477 490
477 514
477 519
478 488
478 491
478 760
478 764
479 484
479 487
479 488
479 491
481 482
481 490
482 489
482 493
482 494
482 495
482 514
482 519
483 488
483 491
483 760
483 764
484 486
486 487
486 488
488 519
488 532
489 490
490 493
490 494
490 495
491 519
491 532
492 1019
496 498
496 501
497 498
497 501
499 562
499 565
500 502
500 505
502 504
502 505
504 505
506 928
506 929
507 920
507 922
508 509
508 510
508 928
508 929
508 1032
508 1692
508 1694
509 911
510 911
511 516
511 517
511 524
511 858
511 864
511 880
511 881
511 887
512 578
512 582
512 780
512 781
513 1545
513 1553
515 765
515 766
515 835
515 839
515 1009
515 1011
515 1030
516 517
517 524
517 578
517 780
517 781
517 858
517 864
518 573
518 574
520 1545
520 1553
521 636
521 639
521 765
521 766
521 835
521 839
521 908
521 910
521 923
521 925
521 950
521 1009
521 1011
521 1030
523 573
523 574
525 636
525 639
525 908
525 910
525 923
525 925
525 950
526 528
526 531
526 638
526 640
527 543
527 546
527 547
527 548
528 531
529 537
529 541
529 1030
529 1032
531 537
531 541
531 638
531 640
531 1030
531 1032
534 767
534 867
535 543
535 546
535 547
535 548
537 555
537 556
537 643
537 644
538 633
538 634
538 767
538 867
539 562
539 565
540 562
540 565
541 555
541 556
541 643
541 644
543 547
543 548
543 563
543 569
545 633
545 634
546 547
546 548
546 563
546 569
547 548
548 638
548 640
549 550
549 554
550 554
552 638
552 640
553 563
553 569
554 562
554 565
556 559
556 566
557 563
557 569
557 571
557 574
558 573
558 574
559 566
559 568
559 569
560 571
560 574
564 567
564 568
564 572
565 573
565 574
566 568
566 569
567 570
568 570
570 572
576 858
576 864
577 780
577 781
580 598
580 599
581 616
581 617
581 621
581 622
581 641
581 646
581 648
582 776
582 800
582 806
582 809
583 790
583 793
583 800
583 801
584 1659
585 776
585 800
585 806
585 809
586 595
586 596
586 600
586 601
587 790
587 793
588 1002
589 595
589 596
589 600
589 601
590 1659
591 608
591 609
592 714
592 716
593 597
594 608
594 609
596 1002
598 605
598 607
598 611
599 605
599 607
599 611
602 610
602 611
603 610
603 611
604 777
604 782
606 777
606 782
614 631
614 635
614 636
614 639
615 1294
615 1298
616 932
616 940
616 942
617 940
617 942
620 946
620 951
621 751
622 751
623 662
623 701
623 706
623 722
624 662
624 701
624 706
624 722
625 711
625 716
626 675
626 681
626 689
626 694
626 701
626 703
626 706
626 708
627 670
627 678
628 670
628 678
629 932
629 942
630 1294
630 1298
631 632
632 635
633 1220
633 1246
634 1220
634 1246
636 958
636 961
636 962
637 707
637 730
639 958
639 961
639 962
641 752
642 660
642 661
642 707
642 730
643 874
643 875
643 879
644 874
644 875
644 879
645 660
645 661
646 752
648 752
651 711
651 716
654 688
654 690
655 723
655 724
656 703
656 708
656 717
656 718
657 703
657 708
657 717
657 718
658 731
658 734
658 735
659 731
659 735
659 940
659 942
660 731
660 735
660 940
660 942
662 726
662 728
662 729
662 734
662 735
663 729
663 734
664 675
664 681
665 668
668 673
668 680
668 703
668 708
669 672
669 677
671 946
671 951
672 676
673 674
673 680
673 725
673 727
673 732
673 733
673 931
673 956
673 1385
673 1386
674 680
674 688
674 690
675 705
676 677
678 946
678 951
680 725
680 727
680 732
680 733
680 931
680 956
680 1385
680 1386
681 705
681 1310
681 1317
682 686
682 687
683 1310
683 1317
684 686
684 687
685 686
685 687
686 688
686 690
686 691
686 692
686 693
686 703
686 708
687 688
687 690
687 691
687 692
687 693
687 703
687 708
688 959
688 960
689 699
689 700
689 705
690 959
690 960
691 692
691 693
692 695
692 696
692 698
692 702
692 703
692 708
693 695
693 696
693 698
693 702
694 699
694 700
694 705
696 712
696 713
697 714
697 716
698 712
698 713
701 705
701 706
702 712
702 713
703 705
703 708
703 711
703 714
703 716
705 706
705 708
708 711
708 714
708 716
709 714
709 716
710 714
710 716
711 755
711 756
714 753
715 718
715 719
716 753
716 755
716 756
717 718
717 719
720 731
720 734
720 735
721 729
721 734
722 726
722 728
722 734
722 735
723 724
723 732
723 733
724 732
724 733
726 729
726 734
728 729
728 734
729 731
729 734
729 735
731 734
731 735
734 735
734 736
734 741
734 742
734 743
735 736
735 741
735 742
735 743
737 740
737 741
738 1291
738 1610
739 740
739 741
746 748
746 749
746 757
746 758
746 1034
746 1056
747 748
747 749
747 757
747 758
747 1034
747 1056
748 749
750 946
750 951
759 1274
759 1277
759 1286
760 1019
760 1020
760 1021
760 1274
760 1277
760 1286
762 1019
762 1020
763 1019
763 1020
763 1030
763 1647
763 1708
764 1019
764 1020
764 1021
764 1252
764 1253
766 1030
766 1647
766 1708
768 771
768 800
768 801
768 848
768 855
768 856
768 863
768 867
769 844
769 847
770 869
770 877
770 885
770 891
771 772
771 773
771 829
771 831
771 863
771 867
771 869
771 877
771 885
771 891
771 895
771 896
772 795
772 798
772 848
772 882
772 895
773 795
773 798
773 848
773 882
773 895
774 837
774 840
774 849
774 852
774 875
774 879
775 869
775 877
775 885
775 887
775 888
775 891
775 895
776 796
776 857
776 858
776 864
776 876
776 881
776 887
776 888
776 895
780 781
780 792
780 797
780 858
780 864
781 792
781 797
781 858
781 864
783 788
783 790
783 793
784 808
784 815
785 788
785 790
785 793
786 813
786 817
787 790
787 793
789 808
789 815
790 794
791 813
791 817
793 794
796 803
796 809
796 861
798 833
798 836
798 838
799 833
799 836
799 838
800 801
800 802
800 807
800 812
800 819
800 822
800 823
800 825
800 843
800 846
800 863
801 819
801 822
801 823
801 825
801 863
802 806
803 857
804 853
804 855
805 853
805 855
806 807
806 812
806 843
806 846
808 814
808 815
808 819
809 857
810 1002
811 1002
813 858
813 864
814 815
814 819
815 819
816 880
816 881
816 885
816 891
817 858
817 864
818 837
818 840
821 858
821 864
821 869
821 872
821 877
821 880
821 881
821 884
821 885
821 887
821 888
821 891
821 892
824 837
824 840
826 858
826 864
826 872
826 884
826 892
828 837
828 840
828 858
828 864
828 875
828 879
829 848
830 858
830 864
830 875
830 879
831 848
832 843
832 845
832 846
834 843
834 845
834 846
841 886
841 887
841 888
841 889
841 961
841 962
842 961
842 962
844 851
844 853
844 855
844 886
844 887
844 888
844 889
847 851
847 853
847 855
848 863
848 867
848 869
848 877
848 891
848 895
848 896
849 862
850 903
850 904
850 1030
852 862
853 903
853 904
853 1030
854 863
854 867
855 863
855 874
855 875
855 879
856 863
856 874
856 875
856 879
857 861
858 859
858 860
858 868
858 876
858 880
858 881
858 887
858 888
858 894
859 864
859 887
859 894
860 864
860 876
860 881
860 887
860 888
861 876
861 881
864 868
864 870
864 871
864 876
864 880
864 881
864 887
864 888
864 894
865 887
865 894
866 879
866 883
868 870
868 871
868 887
868 894
870 876
870 881
870 885
870 888
870 891
870 894
870 895
870 923
870 925
871 885
871 891
871 895
871 923
871 925
872 880
872 881
872 887
873 875
873 879
874 879
874 883
874 887
874 894
875 878
875 898
875 902
875 903
875 905
875 906
875 907
876 881
876 888
876 894
878 879
879 898
879 902
879 903
879 905
879 906
879 907
887 900
887 901
887 1222
887 1448
888 900
888 901
888 1222
888 1448
890 903
890 904
890 1030
890 1032
893 1030
893 1032
894 900
894 901
897 913
897 915
898 913
898 915
899 903
899 904
900 909
900 914
901 909
901 914
903 905
903 906
904 905
904 906
909 914
911 928
911 929
911 1032
911 1692
911 1694
912 919
912 921
916 919
916 921
918 920
918 922
930 947
930 949
936 941
936 945
939 941
939 945
947 953
947 956
949 953
949 956
961 962
961 963
962 963
964 1023
964 1431
964 1432
964 1433
965 1518
965 1522
966 1030
966 1047
966 1048
966 1133
966 1249
966 1449
966 1451
966 1710
966 1712
966 1742
966 1744
967 1383
967 1384
967 1385
967 1386
968 1442
968 1481
968 1482
968 1483
968 1484
968 1647
968 1676
968 1678
968 1708
968 1727
969 1030
970 1294
970 1298
971 1329
971 1330
972 1616
972 1617
973 984
973 988
974 1546
974 1586
975 1043
975 1044
975 1049
975 1077
975 1078
975 1082
976 1537
976 1539
976 1633
977 1290
977 1294
978 987
978 990
979 1294
979 1298
980 1300
980 1312
980 1672
980 1677
981 1300
981 1312
981 1672
981 1677
982 1672
982 1677
983 1672
983 1677
984 1613
985 1666
985 1671
986 1000
986 1001
987 991
988 1000
988 1001
988 1613
989 1666
989 1671
990 991
992 1591
992 1596
993 1591
993 1596
994 1591
994 1596
995 1034
995 1051
995 1066
995 1069
995 1070
995 1071
996 1089
996 1090
997 1078
997 1080
998 1047
998 1048
998 1456
998 1457
999 1030
999 1449
999 1451
999 1710
999 1712
999 1742
999 1744
1000 1029
1000 1031
1000 1313
1000 1320
1000 1682
1000 1683
1001 1028
1001 1029
1001 1031
1002 1658
1002 1660
1002 1670
1002 1673
1002 1688
1002 1689
1003 1070
1003 1071
1004 1457
1004 1459
1005 1034
1005 1051
1005 1066
1005 1069
1006 1013
1006 1015
1006 1078
1006 1080
1007 1013
1007 1015
1008 1089
1008 1090
1009 1035
1009 1056
1009 1057
1009 1079
1009 1081
1009 1456
1009 1457
1009 1459
1010 1318
1010 1322
1011 1035
1011 1056
1011 1057
1011 1079
1011 1081
1011 1456
1011 1457
1011 1459
1012 1022
1012 1025
1013 1452
1013 1453
1014 1022
1014 1025
1015 1452
1015 1453
1016 1318
1016 1322
1017 1030
1017 1032
1018 1030
1018 1032
1019 1020
1019 1035
1019 1037
1019 1052
1019 1053
1019 1057
1019 1060
1019 1062
1019 1116
1019 1125
1019 1208
1019 1209
1019 1250
1019 1251
1019 1272
1019 1273
1019 1283
1019 1298
1019 1301
1019 1306
1019 1311
1019 1315
1019 1320
1019 1321
1019 1322
1019 1377
1019 1753
1019 1755
1020 1060
1020 1062
1020 1063
1020 1068
1020 1250
1020 1272
1020 1273
1020 1283
1020 1315
1020 1321
1020 1428
1020 1430
1021 1063
1021 1068
1021 1071
1021 1073
1023 1071
1023 1072
1023 1075
1023 1076
1023 1133
1023 1135
1023 1249
1023 1294
1023 1303
1024 1698
1024 1700
1025 1026
1027 1698
1027 1700
1028 1662
1028 1663
1028 1696
1029 1445
1029 1454
1029 1662
1029 1663
1029 1696
1030 1032
1030 1222
1030 1223
1030 1457
1030 1459
1030 1481
1030 1484
1030 1516
1030 1675
1030 1680
1030 1720
1030 1723
1032 1034
1032 1051
1032 1445
1032 1446
1032 1450
1032 1454
1032 1481
1032 1484
1032 1655
1032 1656
1032 1675
1032 1680
1032 1710
1032 1712
1033 1058
1033 1059
1034 1036
1034 1053
1035 1037
1035 1038
1035 1054
1035 1320
1035 1322
1036 1051
1036 1083
1036 1084
1037 1051
1037 1052
1037 1057
1037 1083
1037 1084
1038 1051
1038 1052
1038 1057
1039 1042
1039 1043
1040 1423
1040 1426
1041 1423
1041 1426
1042 1102
1043 1102
1043 1639
1044 1639
1045 1468
1045 1471
1046 1468
1046 1471
1047 1050
1047 1470
1047 1472
1048 1050
1048 1470
1048 1472
1049 1639
1050 1456
1050 1457
1051 1053
1051 1054
1052 1054
1052 1320
1052 1322
1053 1083
1053 1084
1054 1057
1055 1058
1055 1059
1058 1324
1058 1325
1058 1329
1058 1330
1059 1324
1059 1325
1059 1329
1059 1330
1061 1073
1061 1074
1061 1412
1061 1418
1064 1073
1064 1074
1064 1412
1064 1418
1065 1073
1065 1074
1067 1073
1067 1074
1075 1089
1075 1090
1076 1089
1076 1090
1077 1639
1078 1639
1082 1639
1085 1103
1085 1107
1085 1111
1086 1369
1086 1370
1087 1369
1087 1370
1088 1369
1088 1370
1089 1143
1089 1145
1089 1149
1090 1143
1090 1145
1090 1149
1090 1473
1090 1474
1090 1773
1090 1774
1091 1473
1091 1474
1091 1773
1091 1774
1092 1466
1092 1471
1092 1733
1092 1734
1093 1734
1093 1738
1093 1746
1093 1747
1094 1746
1094 1747
1095 1746
1095 1747
1096 1746
1096 1747
1097 1740
1097 1743
1098 1426
1098 1428
1099 1145
1099 1149
1100 1146
1100 1150
1101 1146
1101 1150
1102 1426
1102 1428
1103 1140
1104 1145
1104 1149
1104 1152
1104 1159
1104 1746
1104 1747
1105 1108
1105 1110
1105 1154
1105 1156
1106 1112
1106 1113
1106 1142
1106 1144
1107 1140
1108 1110
1108 1152
1108 1154
1108 1156
1108 1159
1108 1746
1108 1747
1109 1112
1109 1113
1109 1142
1109 1144
1111 1140
1114 1125
1114 1129
1114 1132
1114 1200
1114 1206
1115 1125
1115 1129
1115 1132
1115 1200
1115 1206
1116 1502
1116 1503
1116 1636
1116 1637
1117 1425
1117 1427
1118 1204
1118 1205
1118 1414
1118 1419
1118 1420
1118 1421
1118 1422
1118 1424
1118 1746
1118 1747
1119 1204
1119 1205
1119 1414
1119 1419
1119 1420
1119 1421
1119 1422
1119 1424
1119 1746
1119 1747
1120 1147
1120 1153
1120 1158
1120 1161
1121 1137
1121 1138
1121 1147
1121 1153
1122 1131
1122 1136
1123 1131
1123 1136
1124 1138
1124 1139
1124 1141
1124 1342
1124 1348
1125 1425
1125 1427
1125 1502
1125 1503
1125 1636
1125 1637
1126 1414
1126 1419
1126 1420
1126 1421
1126 1422
1126 1424
1127 1147
1127 1153
1127 1158
1127 1161
1128 1137
1128 1138
1128 1147
1128 1153
1130 1160
1130 1162
1130 1374
1130 1375
1132 1431
1132 1432
1132 1433
1133 1414
1133 1415
1133 1702
1134 1160
1134 1162
1134 1374
1134 1375
1138 1410
1138 1435
1138 1436
1139 1410
1141 1410
1141 1435
1141 1436
1143 1157
1143 1158
1143 1425
1143 1427
1143 1436
1143 1438
1144 1428
1144 1430
1144 1436
1144 1438
1145 1425
1145 1427
1145 1428
1145 1430
1146 1428
1146 1430
1147 1153
1147 1154
1148 1154
1148 1156
1149 1157
1149 1158
1150 1428
1150 1430
1151 1154
1151 1156
1153 1154
1153 1158
1153 1161
1153 1435
1153 1438
1154 1158
1154 1160
1154 1161
1154 1162
1154 1164
1154 1435
1154 1438
1155 1160
1155 1162
1156 1160
1156 1162
1156 1164
1156 1435
1156 1438
1158 1435
1158 1436
1160 1163
1161 1435
1161 1436
1162 1163
1165 1369
1165 1370
1166 1171
1166 1172
1167 1171
1167 1172
1167 1777
1167 1778
1168 1777
1168 1778
1169 1173
1169 1185
1170 1173
1170 1185
1171 1174
1171 1185
1174 1397
1175 1440
1175 1748
1176 1420
1176 1424
1177 1420
1177 1424
1178 1200
1178 1206
1179 1215
1179 1216
1180 1215
1180 1216
1181 1251
1181 1301
1182 1446
1182 1450
1183 1187
1183 1449
1183 1451
1183 1515
1183 1524
1184 1191
1184 1193
1184 1197
1184 1198
1185 1397
1186 1191
1186 1193
1186 1197
1186 1198
1187 1449
1187 1451
1187 1515
1187 1524
1188 1440
1188 1748
1189 1194
1189 1196
1190 1194
1190 1196
1191 1192
1191 1194
1191 1195
1191 1199
1191 1207
1191 1208
1191 1420
1191 1421
1191 1449
1191 1451
1191 1783
1191 1784
1192 1193
1193 1194
1193 1195
1193 1199
1193 1207
1193 1208
1193 1420
1193 1421
1193 1449
1193 1451
1193 1783
1193 1784
1196 1407
1196 1408
1197 1501
1197 1781
1198 1501
1198 1781
1200 1404
1200 1405
1200 1406
1200 1407
1200 1408
1200 1409
1200 1411
1200 1413
1200 1417
1201 1204
1201 1205
1202 1204
1202 1205
1203 1406
1203 1407
1203 1408
1203 1409
1206 1404
1206 1405
1206 1407
1206 1408
1206 1409
1206 1411
1206 1413
1206 1417
1211 1220
1211 1221
1211 1233
1211 1235
1212 1446
1212 1450
1213 1220
1213 1221
1214 1233
1214 1235
1217 1259
1217 1270
1218 1446
1218 1450
1218 1481
1218 1484
1218 1647
1218 1708
1219 1446
1219 1450
1220 1237
1220 1238
1220 1244
1220 1245
1220 1444
1220 1445
1220 1453
1220 1454
1221 1444
1221 1445
1221 1446
1221 1450
1221 1453
1221 1454
1223 1444
1223 1453
1224 1238
1224 1241
1224 1444
1224 1453
1224 1638
1224 1639
1224 1741
1224 1742
1225 1238
1225 1241
1225 1638
1225 1639
1226 1481
1226 1482
1226 1483
1227 1228
1227 1229
1228 1244
1228 1245
1228 1445
1228 1454
1228 1480
1228 1690
1228 1693
1229 1480
1230 1259
1230 1270
1231 1236
1231 1237
1232 1236
1232 1237
1233 1239
1233 1243
1235 1239
1235 1243
1237 1244
1237 1245
1237 1246
1238 1244
1238 1245
1238 1246
1240 1444
1240 1445
1240 1453
1240 1454
1242 1444
1242 1453
1244 1246
1244 1419
1244 1422
1244 1445
1244 1450
1244 1458
1244 1480
1245 1246
1245 1419
1245 1422
1245 1445
1245 1450
1245 1458
1245 1480
1246 1445
1246 1454
1249 1414
1249 1415
1249 1702
1251 1771
1253 1275
1253 1288
1254 1275
1254 1288
1256 1288
1256 1292
1256 1297
1256 1300
1257 1288
1257 1292
1257 1297
1257 1300
1258 1374
1258 1375
1260 1334
1260 1335
1261 1335
1261 1392
1262 1385
1262 1386
1263 1329
1263 1330
1264 1508
1264 1623
1265 1508
1265 1623
1266 1287
1266 1296
1266 1305
1267 1335
1267 1385
1267 1387
1267 1392
1268 1383
1268 1384
1268 1385
1268 1386
1269 1334
1269 1335
1269 1345
1269 1346
1271 1374
1271 1375
1272 1276
1272 1283
1272 1284
1272 1289
1272 1298
1272 1747
1272 1749
1272 1758
1272 1760
1275 1292
1275 1297
1276 1284
1277 1310
1277 1313
1277 1317
1278 1385
1278 1386
1278 1387
1279 1427
1279 1429
1279 1771
1279 1775
1280 1385
1280 1386
1280 1387
1280 1512
1280 1513
1281 1282
1281 1292
1281 1297
1281 1345
1281 1346
1282 1287
1282 1545
1282 1553
1283 1284
1283 1747
1283 1749
1284 1289
1284 1298
1284 1758
1284 1760
1285 1310
1285 1313
1285 1317
1287 1292
1287 1297
1287 1316
1287 1334
1287 1335
1287 1385
1287 1386
1287 1763
1287 1767
1290 1629
1292 1302
1292 1316
1292 1385
1292 1387
1293 1771
1293 1775
1294 1629
1295 1385
1295 1387
1295 1512
1295 1513
1296 1316
1296 1334
1296 1335
1296 1385
1296 1386
1296 1387
1296 1763
1296 1767
1297 1302
1297 1316
1297 1385
1297 1387
1297 1514
1297 1545
1297 1553
1297 1574
1299 1383
1299 1384
1299 1385
1299 1386
1301 1444
1301 1452
1301 1453
1301 1771
1303 1308
1303 1310
1303 1313
1303 1314
1303 1317
1304 1383
1304 1384
1304 1385
1304 1386
1305 1316
1305 1334
1305 1335
1305 1385
1305 1386
1305 1387
1305 1514
1305 1574
1305 1763
1305 1767
1306 1308
1306 1310
1306 1313
1306 1314
1306 1317
1306 1734
1306 1738
1307 1427
1307 1429
1307 1444
1307 1452
1307 1453
1308 1406
1308 1409
1308 1444
1308 1452
1308 1453
1309 1313
1309 1320
1310 1311
1310 1315
1310 1319
1310 1321
1310 1324
1310 1325
1311 1313
1311 1317
1311 1734
1311 1738
1313 1315
1313 1319
1313 1321
1313 1697
1315 1317
1317 1319
1317 1321
1319 1320
1320 1697
1323 1324
1323 1325
1326 1329
1326 1330
1327 1329
1327 1330
1328 1618
1328 1620
1329 1332
1329 1619
1330 1332
1330 1619
1331 1618
1331 1620
1333 1385
1333 1386
1336 1766
1336 1768
1337 1341
1338 1531
1338 1532
1339 1340
1339 1344
1339 1766
1339 1768
1340 1346
1340 1741
1340 1742
1342 1416
1343 1400
1343 1401
1343 1742
1343 1744
1344 1346
1345 1392
1345 1393
1345 1531
1345 1532
1346 1392
1346 1393
1346 1523
1346 1525
1347 1741
1347 1742
1348 1351
1348 1356
1348 1416
1349 1351
1349 1356
1350 1354
1350 1357
1350 1400
1350 1401
1350 1742
1350 1744
1352 1385
1352 1387
1352 1523
1352 1525
1353 1385
1353 1387
1353 1523
1353 1525
1354 1355
1355 1357
1355 1360
1355 1361
1358 1360
1358 1361
1358 1367
1358 1368
1358 1369
1358 1370
1358 1419
1358 1422
1359 1367
1359 1368
1359 1369
1359 1370
1359 1372
1359 1374
1359 1419
1359 1422
1362 1372
1362 1374
1363 1372
1363 1374
1364 1372
1364 1373
1364 1374
1365 1372
1365 1373
1365 1374
1366 1372
1366 1374
1369 1436
1369 1438
1370 1436
1370 1438
1376 1406
1376 1409
1377 1406
1377 1409
1378 1383
1378 1384
1379 1512
1379 1513
1379 1554
1379 1558
1380 1383
1380 1384
1380 1512
1380 1513
1380 1547
1380 1548
1380 1551
1380 1552
1380 1554
1380 1558
1381 1547
1381 1548
1382 1383
1382 1384
1382 1551
1382 1552
1383 1550
1383 1551
1383 1552
1383 1561
1383 1566
1383 1777
1383 1778
1384 1550
1384 1551
1384 1552
1384 1561
1384 1566
1384 1777
1384 1778
1388 1514
1388 1574
1389 1420
1389 1421
1390 1420
1390 1421
1391 1514
1391 1574
1392 1393
1394 1530
1394 1534
1395 1530
1395 1534
1396 1557
1396 1560
1398 1557
1398 1560
1399 1517
1399 1520
1400 1506
1400 1519
1401 1506
1401 1517
1401 1519
1401 1520
1402 1772
1402 1776
1403 1772
1403 1776
1415 1420
1415 1421
1420 1421
1420 1428
1420 1430
1422 1428
1422 1430
1431 1433
1431 1434
1431 1437
1433 1434
1433 1437
1439 1518
1439 1522
1440 1468
1440 1471
1441 1489
1441 1490
1442 1476
1442 1704
1442 1705
1443 1741
1443 1742
1444 1445
1444 1449
1444 1453
1444 1454
1444 1456
1444 1465
1444 1469
1444 1501
1444 1521
1444 1527
1444 1646
1444 1702
1444 1781
1445 1446
1445 1453
1445 1480
1446 1450
1446 1454
1446 1651
1446 1705
1447 1449
1447 1451
1449 1452
1449 1453
1449 1455
1450 1651
1450 1705
1451 1452
1451 1453
1451 1455
1452 1453
1452 1456
1452 1457
1452 1459
1452 1465
1452 1468
1452 1469
1452 1471
1452 1646
1452 1702
1453 1454
1453 1456
1453 1457
1453 1459
1453 1465
1453 1468
1453 1469
1453 1471
1453 1501
1453 1521
1453 1527
1453 1646
1453 1702
1453 1781
1454 1480
1454 1501
1454 1781
1457 1459
1457 1468
1457 1471
1457 1766
1457 1768
1459 1468
1459 1471
1459 1766
1459 1768
1460 1461
1460 1462
1461 1462
1463 1489
1463 1490
1464 1474
1464 1475
1466 1745
1467 1474
1467 1475
1468 1710
1468 1712
1468 1748
1471 1710
1471 1712
1471 1745
1471 1748
1476 1676
1476 1678
1476 1727
1477 1481
1477 1484
1478 1493
1478 1497
1479 1506
1479 1519
1480 1690
1480 1693
1481 1484
1481 1690
1481 1693
1484 1690
1484 1693
1485 1487
1485 1488
1486 1487
1486 1488
1489 1658
1489 1660
1489 1666
1489 1669
1490 1658
1490 1660
1490 1666
1490 1669
1491 1662
1491 1663
1492 1662
1492 1663
1493 1494
1494 1497
1495 1498
1495 1500
1496 1498
1496 1500
1498 1499
1499 1500
1501 1783
1501 1784
1501 1785
1506 1625
1507 1535
1507 1633
1508 1629
1508 1634
1509 1626
1509 1627
1509 1630
1509 1631
1509 1632
1510 1625
1510 1626
1510 1631
1511 1625
1511 1631
1512 1541
1512 1543
1512 1572
1512 1578
1513 1541
1513 1543
1513 1572
1513 1578
1518 1777
1518 1778
1519 1625
1522 1777
1522 1778
1526 1625
1526 1626
1526 1631
1528 1581
1528 1583
1529 1581
1529 1583
1531 1536
1531 1542
1532 1536
1532 1542
1533 1569
1533 1593
1534 1569
1534 1593
1535 1635
1537 1624
1538 1568
1538 1571
1539 1624
1540 1568
1540 1571
1544 1581
1544 1583
1545 1587
1545 1594
1546 1585
1546 1586
1546 1588
1546 1592
1546 1599
1546 1600
1546 1601
1549 1550
1549 1551
1550 1555
1551 1555
1553 1581
1553 1583
1553 1587
1553 1594
1554 1564
1554 1565
1556 1581
1556 1583
1558 1564
1558 1565
1559 1581
1559 1583
1561 1572
1561 1573
1561 1576
1561 1579
1562 1565
1562 1567
1563 1565
1563 1567
1566 1572
1566 1573
1566 1576
1566 1579
1570 1572
1570 1573
1572 1575
1573 1575
1575 1585
1575 1586
1577 1585
1577 1586
1580 1581
1580 1583
1581 1582
1582 1583
1584 1600
1584 1601
1585 1586
1586 1588
1586 1592
1586 1599
1589 1590
1589 1595
1590 1594
1591 1597
1591 1598
1594 1595
1596 1597
1596 1598
1600 1602
1600 1605
1601 1602
1601 1605
1603 1605
1603 1607
1603 1608
1603 1609
1603 1612
1604 1605
1604 1607
1604 1608
1604 1609
1604 1612
1606 1611
1614 1616
1614 1617
1615 1616
1615 1617
1621 1626
1621 1627
1621 1628
1621 1630
1621 1631
1621 1632
1622 1627
1622 1628
1623 1629
1623 1634
1624 1633
1633 1635
1640 1644
1640 1645
1642 1644
1642 1645
1647 1717
1647 1722
1648 1649
1648 1695
1648 1699
1648 1701
1649 1699
1649 1701
1649 1707
1652 1728
1652 1732
1653 1728
1653 1732
1654 1674
1654 1681
1657 1674
1657 1681
1658 1660
1658 1664
1658 1667
1660 1664
1660 1667
1661 1674
1661 1681
1665 1674
1665 1681
1666 1686
1666 1687
1668 1686
1668 1687
1682 1683
1682 1690
1682 1693
1682 1697
1683 1690
1683 1693
1683 1697
1684 1688
1684 1689
1685 1688
1685 1689
1686 1699
1686 1701
1687 1699
1687 1701
1690 1698
1690 1700
1693 1698
1693 1700
1695 1707
1704 1727
1705 1727
1706 1728
1706 1732
1708 1717
1708 1722
1709 1736
1709 1739
1711 1715
1711 1716
1713 1735
1713 1737
1714 1728
1714 1732
1715 1717
1715 1718
1715 1722
1715 1736
1715 1739
1716 1717
1716 1718
1716 1722
1716 1736
1716 1739
1719 1735
1719 1737
1721 1728
1721 1730
1723 1728
1723 1730
1724 1728
1724 1730
1725 1736
1725 1739
1725 1741
1725 1744
1726 1740
1726 1743
1727 1728
1727 1730
1729 1736
1729 1739
1731 1741
1731 1744
1733 1749
1734 1745
1734 1749
1738 1745
1750 1751
1750 1752
1751 1769
1752 1769
1756 1762
1756 1765
1757 1762
1757 1765
1759 1767
1759 1770
1761 1767
1761 1770
1764 1767
1764 1770
1778 1784
1778 1785
1779 1784
1779 1785
1780 1782
1781 1783
1781 1784
1781 1785
