0 107
0 110
0 819
0 820
0 1516
0 1521
1 116
1 117
1 122
1 124
1 129
1 380
1 832
1 903
1 907
1 1173
1 1176
1 1340
2 371
2 750
2 1066
2 1068
3 796
3 802
4 1097
4 1103
5 1097
5 1103
6 22
6 29
6 134
6 185
6 187
6 271
6 272
6 281
6 284
6 294
6 295
6 492
6 497
6 517
6 518
6 522
6 1386
6 1389
6 1390
6 1391
6 1410
6 1411
6 1412
6 1584
6 1585
6 1725
6 1737
6 1790
6 1791
6 2227
6 2229
7 95
7 100
7 107
7 110
7 134
7 140
7 141
7 159
7 161
7 163
7 164
7 169
7 180
7 182
7 212
7 218
7 522
7 719
7 726
7 727
7 732
7 819
7 822
7 1306
7 1307
7 1308
7 1330
7 1387
7 1388
7 1389
7 1393
7 1394
7 1396
7 1397
7 1424
7 1429
7 1431
7 1432
7 1433
7 1435
7 1437
7 1439
7 1440
7 1458
7 1464
7 1466
7 1486
7 1508
7 1515
7 1520
7 1730
7 1738
7 1777
7 1781
7 1849
7 1854
7 1968
7 1969
7 1970
7 2008
7 2010
7 2359
8 144
8 164
8 169
8 231
8 232
8 233
8 235
8 238
8 819
8 822
8 1389
8 1508
8 1515
8 1520
8 1777
9 107
9 110
9 178
9 183
9 231
9 235
10 74
10 2259
11 74
11 2259
12 368
12 1246
13 926
13 994
14 926
14 994
15 1026
15 1027
16 231
16 234
16 1448
16 1449
17 231
17 234
17 1448
17 1449
18 21
18 27
18 28
18 29
18 32
18 161
18 163
18 544
18 555
18 1512
18 1514
19 544
19 555
20 28
20 473
20 482
20 503
20 529
20 663
20 868
20 1289
20 1484
20 1518
20 1758
20 1765
20 1766
20 1767
20 1771
20 1772
20 1774
20 1775
20 1780
20 1782
20 1783
20 1786
20 1935
20 1936
21 22
21 23
21 27
21 28
21 29
21 215
21 220
21 223
21 433
21 434
21 477
21 486
21 492
21 497
21 513
21 514
21 675
21 678
21 688
21 689
21 721
21 730
21 733
21 753
21 761
21 766
21 791
21 799
21 1047
21 1049
21 1052
21 1388
21 1389
21 1390
21 1410
21 1646
21 1647
21 1664
21 1665
21 1680
21 1681
21 1725
21 1735
21 1736
21 1737
21 1738
21 1750
21 1755
21 1762
21 1781
21 1788
21 1792
21 1935
21 1936
21 2228
21 2229
22 27
22 29
22 95
22 100
22 140
22 141
22 143
22 165
22 185
22 187
22 235
22 238
22 265
22 266
22 271
22 272
22 281
22 284
22 288
22 290
22 292
22 293
22 294
22 295
22 492
22 495
22 497
22 502
22 507
22 517
22 518
22 1170
22 1174
22 1179
22 1232
22 1236
22 1291
22 1306
22 1307
22 1308
22 1386
22 1388
22 1389
22 1390
22 1391
22 1408
22 1410
22 1411
22 1412
22 1413
22 1431
22 1432
22 1433
22 1435
22 1436
22 1439
22 1464
22 1466
22 1486
22 1497
22 1502
22 1537
22 1538
22 1568
22 1570
22 1572
22 1584
22 1585
22 1587
22 1588
22 1600
22 1601
22 1725
22 1728
22 1730
22 1737
22 1738
22 1750
22 1758
22 1762
22 1766
22 1768
22 1777
22 1781
22 1790
22 1791
22 1849
22 1854
22 1943
22 1951
22 1968
22 1969
22 1970
22 1984
22 1991
22 2118
22 2125
22 2227
22 2229
22 2359
23 27
23 107
23 110
23 140
23 141
23 159
23 161
23 163
23 180
23 182
23 212
23 218
23 235
23 238
23 719
23 726
23 727
23 732
23 1170
23 1174
23 1179
23 1330
23 1389
23 1393
23 1394
23 1429
23 1432
23 1433
23 1435
23 1436
23 1439
23 1440
23 1458
23 1464
23 1466
23 1486
23 1777
23 1968
23 1969
23 1970
23 2008
23 2010
23 2359
24 231
24 235
25 2261
25 2263
26 1780
26 1783
26 2050
26 2070
27 28
27 29
27 104
27 110
27 116
27 121
27 139
27 143
27 163
27 165
27 215
27 220
27 223
27 259
27 260
27 265
27 266
27 276
27 283
27 286
27 299
27 300
27 344
27 347
27 350
27 466
27 477
27 480
27 486
27 487
27 492
27 497
27 509
27 511
27 512
27 513
27 514
27 516
27 648
27 651
27 673
27 674
27 675
27 678
27 680
27 687
27 688
27 689
27 697
27 700
27 701
27 705
27 721
27 726
27 730
27 733
27 736
27 753
27 761
27 766
27 777
27 1047
27 1049
27 1050
27 1052
27 1231
27 1235
27 1291
27 1388
27 1389
27 1390
27 1391
27 1408
27 1410
27 1411
27 1413
27 1431
27 1433
27 1497
27 1502
27 1537
27 1538
27 1576
27 1577
27 1600
27 1601
27 1646
27 1647
27 1658
27 1659
27 1664
27 1665
27 1680
27 1681
27 1722
27 1725
27 1728
27 1730
27 1736
27 1737
27 1738
27 1740
27 1745
27 1746
27 1750
27 1755
27 1758
27 1762
27 1766
27 1768
27 1769
27 1772
27 1777
27 1781
27 1788
27 1792
27 1861
27 1863
27 1864
27 1865
27 1866
27 1867
27 1868
27 1869
27 1870
27 1935
27 1936
27 1939
27 1943
27 1951
27 1984
27 1991
27 2008
27 2010
27 2404
27 2405
27 2409
27 2410
28 39
28 41
28 265
28 266
28 286
28 433
28 434
28 459
28 460
28 466
28 473
28 477
28 482
28 483
28 486
28 492
28 497
28 503
28 504
28 506
28 509
28 512
28 529
28 648
28 651
28 663
28 680
28 687
28 791
28 799
28 868
28 1049
28 1050
28 1052
28 1252
28 1253
28 1259
28 1273
28 1276
28 1283
28 1284
28 1289
28 1388
28 1723
28 1724
28 1735
28 1736
28 1746
28 1750
28 1755
28 1758
28 1762
28 1765
28 1766
28 1767
28 1771
28 1772
28 1774
28 1775
28 1780
28 1781
28 1782
28 1820
28 1831
28 1856
28 1859
28 1864
28 1868
28 1935
28 1936
28 2014
28 2016
28 2018
28 2052
28 2117
28 2124
28 2228
28 2229
28 2392
28 2398
28 2412
29 104
29 110
29 116
29 121
29 139
29 143
29 163
29 165
29 276
29 283
29 286
29 288
29 290
29 292
29 293
29 299
29 300
29 466
29 477
29 480
29 486
29 487
29 495
29 502
29 507
29 511
29 516
29 673
29 674
29 688
29 689
29 697
29 700
29 701
29 705
29 726
29 736
29 753
29 761
29 766
29 777
29 1052
29 1232
29 1236
29 1291
29 1388
29 1391
29 1408
29 1411
29 1413
29 1431
29 1433
29 1497
29 1502
29 1537
29 1538
29 1568
29 1570
29 1572
29 1576
29 1577
29 1587
29 1588
29 1600
29 1601
29 1658
29 1659
29 1728
29 1730
29 1738
29 1758
29 1766
29 1768
29 1777
29 1781
29 1865
29 1866
29 1869
29 1870
29 1935
29 1936
29 1939
29 1943
29 1951
29 1984
29 1991
29 2008
29 2010
29 2118
29 2125
29 2404
29 2405
29 2409
29 2410
30 2261
30 2263
31 521
31 523
31 639
31 641
31 1046
31 1048
31 1302
31 1305
31 1618
31 1780
31 1783
31 1785
31 1786
31 1787
31 1809
31 1810
31 1861
31 1863
31 2050
31 2070
31 2227
31 2228
31 2229
31 2230
31 2384
31 2387
31 2388
31 2389
31 2402
32 39
32 41
32 259
32 260
32 265
32 266
32 286
32 344
32 347
32 350
32 434
32 435
32 459
32 460
32 466
32 477
32 483
32 486
32 492
32 497
32 504
32 506
32 529
32 648
32 651
32 663
32 680
32 687
32 766
32 777
32 870
32 889
32 1049
32 1050
32 1052
32 1231
32 1235
32 1252
32 1253
32 1259
32 1273
32 1276
32 1283
32 1284
32 1305
32 1307
32 1722
32 1723
32 1724
32 1736
32 1737
32 1738
32 1740
32 1745
32 1746
32 1762
32 1766
32 1769
32 1772
32 1820
32 1831
32 1856
32 1859
32 1861
32 1863
32 1864
32 1866
32 1867
32 1868
32 2014
32 2016
32 2018
32 2052
32 2117
32 2124
32 2392
32 2398
32 2412
33 65
33 77
33 95
33 100
33 129
33 1099
33 1108
33 1125
33 1126
33 1340
34 39
34 484
34 493
34 999
34 1004
34 1302
34 1742
34 1753
34 1785
34 1786
34 1787
34 1814
34 1913
34 2229
34 2384
34 2387
35 434
35 435
35 870
35 889
36 65
36 75
36 77
36 95
36 100
36 129
36 830
36 831
36 1099
36 1102
36 1108
36 1109
36 1125
36 1126
36 1340
36 2253
37 484
37 493
37 648
37 651
37 875
37 999
37 1004
37 1038
37 1305
37 1307
37 1718
37 1719
37 1747
37 1751
37 2171
37 2175
37 2196
37 2199
37 2215
37 2216
38 75
38 95
38 100
38 830
38 831
38 1099
38 1102
38 1108
38 1109
38 1125
38 1126
38 2253
39 484
39 493
39 1742
39 1753
39 1814
39 1913
40 875
40 1038
40 1718
40 2171
40 2175
40 2199
41 484
41 493
41 648
41 651
41 887
41 893
41 1007
41 1009
41 1719
41 1747
41 1751
41 2083
41 2086
41 2196
41 2215
41 2216
42 877
42 899
43 75
43 1102
43 1109
43 2253
44 54
44 56
45 1121
45 1122
46 368
46 1246
47 877
47 899
48 877
48 899
48 986
48 988
49 54
49 56
50 1121
50 1122
51 442
51 443
51 525
51 612
51 871
51 872
52 871
52 872
52 986
52 988
53 442
53 443
53 525
53 612
53 871
53 872
55 1033
55 1035
57 1033
57 1035
58 1026
58 1027
59 132
59 133
59 153
60 517
60 518
61 135
61 174
61 176
61 189
61 192
61 522
62 174
62 176
62 189
62 192
63 180
63 182
64 95
64 97
64 100
64 101
64 177
64 180
64 1458
64 1459
65 97
65 101
65 106
65 108
65 111
65 117
65 195
65 196
65 1379
65 1465
65 1467
66 116
66 117
66 124
66 129
66 903
66 907
66 1173
66 1176
66 1340
67 117
67 118
67 122
67 123
67 124
67 128
67 380
67 832
67 2324
67 2333
67 2334
68 72
68 117
68 118
68 122
68 123
68 124
68 128
68 1134
68 2324
68 2333
68 2334
69 72
69 1134
70 134
70 522
71 134
71 522
72 98
72 103
73 91
73 94
73 1103
73 1104
73 1121
73 1122
74 75
74 129
74 858
74 860
74 863
74 864
74 1077
74 1086
74 1089
74 1094
74 1095
74 1096
74 1101
74 1115
74 1119
74 1136
74 1138
74 1340
74 1380
74 1383
74 2249
74 2253
74 2254
74 2256
74 2259
74 2260
74 2261
74 2263
74 2274
74 2275
74 2284
74 2285
75 129
75 858
75 860
75 863
75 864
75 1067
75 1072
75 1077
75 1080
75 1086
75 1095
75 1101
75 1340
75 2035
75 2037
75 2044
75 2047
75 2246
75 2247
75 2249
75 2250
75 2252
75 2253
75 2254
75 2255
75 2258
75 2259
75 2261
75 2263
75 2284
75 2285
76 1077
76 1080
76 1086
76 2044
76 2047
76 2284
76 2285
78 494
78 498
78 499
78 501
78 504
78 2286
78 2288
79 498
79 501
79 504
80 132
80 133
80 153
81 447
81 524
82 135
82 522
83 494
83 499
83 1361
83 1364
83 2286
83 2288
84 1147
84 1148
84 1987
84 1988
85 447
85 524
86 1361
86 1364
87 152
87 154
88 117
88 1147
88 1148
88 1382
88 1987
88 1988
89 152
89 154
90 117
90 1382
91 1105
92 98
92 102
93 98
93 102
93 108
93 111
93 1218
93 1222
93 1334
93 1343
94 168
94 173
94 174
94 177
94 179
94 180
94 182
94 184
94 807
94 809
94 1105
95 170
95 174
95 176
95 191
96 108
96 111
96 1218
96 1222
96 1334
96 1343
98 123
98 127
98 1134
99 168
99 173
99 174
99 177
99 179
99 180
99 182
99 184
99 807
99 809
100 170
100 174
100 176
100 191
102 123
102 127
102 1293
102 1336
103 123
103 127
103 1134
104 113
104 115
104 116
104 117
104 150
104 180
104 182
104 246
104 248
104 252
104 253
104 257
104 759
104 777
104 1291
104 1342
104 1348
104 1379
104 1408
104 1480
104 1481
104 2008
104 2010
104 2014
104 2016
105 123
105 127
105 1293
105 1336
106 116
106 117
106 150
106 194
106 257
106 1053
106 1054
106 1379
106 2008
106 2010
107 110
107 144
107 170
107 176
107 178
107 183
107 185
107 188
107 202
107 223
107 224
107 227
107 230
107 231
107 232
107 233
107 234
107 235
107 236
107 238
107 464
107 465
107 1370
107 1389
107 1399
107 1400
107 1432
107 1435
107 1459
107 1461
107 1463
107 1479
107 1480
107 1482
107 1494
107 1498
107 1499
107 1500
107 1503
107 1505
107 1506
107 1511
107 1516
107 1521
107 1522
107 1777
107 1969
107 1970
107 2008
107 2010
107 2281
107 2283
108 148
108 194
108 197
108 1335
108 1344
108 1388
108 1404
108 1405
108 1422
108 1430
108 1781
109 448
109 449
109 1136
109 1138
110 178
110 180
110 182
110 183
110 185
110 188
110 202
110 227
110 230
110 234
110 236
110 246
110 248
110 370
110 464
110 465
110 1241
110 1242
110 1245
110 1291
110 1399
110 1400
110 1408
110 1432
110 1435
110 1459
110 1461
110 1463
110 1479
110 1480
110 1481
110 1482
110 1494
110 1498
110 1499
110 1500
110 1503
110 1505
110 1506
110 1511
110 1516
110 1521
110 1522
110 1969
110 1970
110 2008
110 2010
110 2281
110 2283
110 2362
110 2368
111 117
111 122
111 194
111 195
111 256
111 257
111 1150
111 1161
111 1218
111 1222
111 1382
111 1388
111 1781
111 2290
111 2292
112 448
112 449
112 1136
112 1138
113 115
113 141
113 142
113 148
113 203
113 246
113 248
113 252
113 253
113 255
113 370
113 752
113 759
113 760
113 777
113 1051
113 1053
113 1054
113 1098
113 1110
113 1241
113 1242
113 1244
113 1245
113 1342
113 1348
113 1403
113 1404
113 1419
113 1426
113 1479
113 1480
113 1506
113 1510
113 1828
113 1835
113 2014
113 2016
113 2362
113 2368
114 116
114 123
114 128
114 148
114 197
114 252
114 253
114 255
114 1051
114 1054
114 1061
114 1098
114 1110
114 1139
114 1335
114 1344
114 1403
114 1404
114 1405
114 1526
114 1527
114 2014
114 2018
115 141
115 142
115 203
115 246
115 248
115 370
115 752
115 760
115 1241
115 1242
115 1244
115 1245
115 1419
115 1426
115 1479
115 1480
115 1506
115 1510
115 1828
115 1835
115 2362
115 2368
116 117
116 122
116 123
116 128
116 194
116 195
116 256
116 257
116 1053
116 1054
116 1063
116 1153
116 1218
116 1222
116 1382
116 1404
116 1405
116 1422
116 1430
116 2014
116 2018
117 122
117 123
117 127
117 194
117 373
117 374
117 504
117 509
117 529
117 656
117 661
117 663
117 1053
117 1054
117 1150
117 1161
117 1163
117 1172
117 1180
117 1189
117 1328
117 1336
117 1337
117 1341
117 1343
117 1344
117 1382
117 1390
117 1391
117 1442
117 1444
117 1692
117 1693
117 1986
117 1992
117 2014
117 2018
117 2237
117 2290
117 2292
117 2298
117 2300
117 2361
117 2368
118 1058
118 1116
118 1117
118 1148
118 1388
118 1781
119 1241
119 1242
120 1116
120 1117
121 1061
121 1139
121 1526
121 1527
122 123
122 127
122 148
122 170
122 176
122 197
122 373
122 374
122 1057
122 1058
122 1127
122 1129
122 1136
122 1138
122 1145
122 1147
122 1155
122 1163
122 1170
122 1172
122 1174
122 1175
122 1176
122 1177
122 1180
122 1189
122 1240
122 1241
122 1343
122 1344
122 1382
122 1442
122 1444
122 1692
122 1693
122 1986
122 1992
122 2014
122 2018
122 2235
122 2298
122 2300
122 2302
122 2307
122 2325
122 2361
122 2368
123 124
123 125
123 127
123 128
123 129
123 170
123 176
123 1058
123 1059
123 1060
123 1063
123 1116
123 1117
123 1128
123 1130
123 1136
123 1138
123 1146
123 1148
123 1153
123 1170
123 1174
123 1175
123 1176
123 1177
123 1184
123 1192
123 1193
123 1313
123 1315
123 1340
123 1382
123 1388
123 1486
123 1664
123 1665
123 1781
123 2283
123 2285
123 2287
123 2289
123 2291
123 2293
123 2307
123 2325
123 2337
123 2339
123 2340
123 2343
123 2348
123 2362
123 2364
123 2368
124 128
124 1063
124 1153
124 1163
124 1172
124 1240
124 1241
124 2235
124 2302
125 128
125 129
125 1064
125 1066
125 1068
125 1136
125 1138
125 1140
125 1141
125 1154
125 1164
125 1172
125 1340
125 2239
125 2240
125 2283
125 2285
125 2291
125 2293
125 2339
125 2340
126 1140
126 1141
126 1147
126 1148
126 1151
126 1152
126 1375
126 1376
126 1378
126 1995
126 2000
126 2270
126 2273
126 2278
126 2282
126 2303
126 2310
127 148
127 197
127 1057
127 1058
127 1059
127 1060
127 1127
127 1129
127 1136
127 1138
127 1145
127 1146
127 1147
127 1155
127 1170
127 1174
127 1175
127 1176
127 1177
127 1184
127 1192
127 1193
127 1313
127 1315
127 1382
127 1664
127 1665
127 2337
127 2343
127 2362
127 2368
128 1063
128 1064
128 1066
128 1068
128 1128
128 1130
128 1136
128 1138
128 1153
128 1154
128 1164
128 1168
128 1171
128 1172
128 1486
128 2239
128 2240
128 2287
128 2289
128 2343
128 2348
128 2364
129 130
129 131
129 823
129 824
129 1095
129 1096
129 1123
129 1124
129 1340
129 1674
129 1675
129 2034
129 2036
129 2244
129 2245
129 2253
129 2279
129 2280
130 865
130 866
130 1136
130 1138
130 1151
130 1152
130 1168
130 1171
130 1340
130 1375
130 1376
130 1378
130 1995
130 2000
130 2303
130 2310
131 865
131 866
131 1340
132 1119
132 1121
133 517
133 518
133 1119
133 1121
136 1422
136 1426
136 1430
137 1422
137 1426
137 1430
138 1147
138 1148
139 170
139 176
139 190
139 193
142 432
142 467
143 155
143 169
143 172
143 217
143 1417
143 1420
143 1422
143 1426
143 1430
144 185
144 188
145 185
145 188
146 1777
146 1781
147 1777
147 1781
148 246
148 248
148 253
148 255
148 2364
148 2369
149 246
149 248
149 430
149 431
149 1155
149 1160
150 430
150 431
150 1057
150 1058
150 1155
150 1159
150 1160
150 1170
150 1174
150 1207
150 1213
151 521
151 523
153 517
153 518
153 1119
153 1121
154 521
154 523
155 165
156 1397
156 1398
157 1397
157 1398
158 1097
158 1103
160 529
160 656
160 1778
160 1781
161 1052
161 1369
162 1097
162 1103
163 1052
163 1369
164 177
164 180
164 529
164 656
164 1778
164 1781
165 169
165 172
165 217
165 1417
165 1420
165 1422
165 1426
165 1430
166 517
166 518
167 178
167 183
169 177
169 180
170 487
170 1298
170 1304
170 1370
171 178
171 183
175 180
175 182
176 487
176 1298
176 1304
176 1370
177 191
177 1479
177 1480
178 180
178 182
178 185
178 188
178 1503
178 1506
179 1391
179 1411
180 186
180 189
180 191
180 1391
180 1411
180 1479
180 1480
181 1436
181 1439
182 186
182 189
182 191
183 1503
183 1506
184 1436
184 1439
185 231
185 233
185 235
185 238
185 239
185 1399
185 1400
185 1479
185 1480
185 1522
188 231
188 233
188 235
188 238
188 239
188 1399
188 1400
188 1479
188 1480
188 1522
189 1401
189 1402
190 480
190 1051
190 1052
191 1458
191 1459
192 1401
192 1402
193 480
193 1051
193 1052
194 195
194 196
194 1379
194 1465
194 1467
197 253
197 255
197 2364
197 2369
198 223
198 224
198 386
198 421
198 741
198 810
199 534
199 671
200 213
200 219
200 867
200 886
201 213
201 219
201 867
201 886
202 819
202 820
202 1516
202 1521
203 735
203 736
204 237
204 241
204 594
204 595
204 1242
204 1243
205 237
205 241
205 594
205 595
205 1242
205 1243
206 246
206 248
206 1207
206 1213
207 1173
207 1176
207 1207
207 1213
208 246
208 248
209 246
209 248
210 223
210 224
210 386
210 421
210 741
210 810
211 534
211 671
214 786
214 794
215 216
215 223
215 230
215 234
215 786
215 794
215 1451
215 1452
216 220
220 223
220 230
220 234
220 1237
220 1238
220 1451
220 1452
221 1537
221 1550
222 1537
222 1550
223 1237
223 1238
223 1370
224 236
224 240
224 1370
225 236
225 240
226 229
226 233
226 727
226 734
228 229
228 233
228 727
228 734
229 807
229 811
230 767
230 770
231 235
231 239
231 492
231 497
231 759
231 777
233 807
233 811
234 236
234 240
234 241
234 246
234 248
234 759
234 767
234 770
234 777
235 239
235 492
235 497
236 240
236 241
236 246
236 248
236 759
236 777
236 1060
236 1139
236 1173
236 1176
236 1177
240 241
240 246
240 248
240 759
240 777
240 1060
240 1139
240 1173
240 1176
240 1177
241 246
241 248
242 244
242 245
242 246
242 248
243 244
243 245
245 248
245 249
245 252
246 807
246 809
246 1180
246 1204
246 1405
246 1531
247 248
247 249
247 252
248 807
248 809
248 1180
248 1204
248 1405
248 1531
250 252
250 253
251 252
251 253
251 1499
251 1505
252 254
252 658
252 662
253 254
253 658
253 662
254 1499
254 1505
256 867
256 892
256 1195
256 1201
257 867
257 892
257 1057
257 1058
257 1159
257 1170
257 1174
257 1195
257 1201
257 1207
257 1213
258 273
258 275
259 273
259 275
261 780
261 788
262 263
262 282
262 297
262 718
262 727
262 734
263 718
264 722
264 725
264 729
265 722
265 725
265 1744
265 1757
266 722
266 725
266 729
266 1744
266 1757
267 268
267 269
268 269
268 1050
268 1052
270 271
270 272
270 1653
270 1655
271 272
271 1653
271 1655
274 284
274 288
275 722
275 723
275 725
275 728
275 780
275 792
276 589
276 595
276 722
276 725
276 729
277 284
277 288
278 722
278 725
278 729
279 576
279 581
279 582
279 583
279 722
279 723
279 725
279 728
279 780
279 792
280 576
280 581
280 583
280 800
280 805
282 722
282 729
283 576
283 581
283 582
283 583
283 589
283 595
283 722
283 725
283 729
285 289
285 293
286 576
286 581
286 583
286 800
286 805
287 289
287 293
291 722
291 729
292 724
292 730
293 724
293 730
296 726
296 731
297 726
297 729
297 731
298 1241
298 1242
299 430
299 468
299 780
299 782
299 2228
299 2229
300 430
300 468
300 780
300 782
300 2228
300 2229
301 1241
301 1242
302 867
302 892
303 664
303 667
303 897
303 898
304 664
304 667
304 897
304 898
305 325
305 327
306 325
306 327
307 897
307 898
308 1050
308 1052
309 1268
309 1270
310 349
310 351
310 352
310 354
310 683
310 686
310 1268
310 1270
311 695
311 707
312 359
312 362
312 690
312 691
313 796
313 802
314 328
314 332
315 331
315 336
315 339
315 344
315 347
315 350
316 341
316 342
316 344
316 350
316 753
316 761
316 764
316 772
316 870
316 888
316 1712
316 1839
317 1254
317 1257
318 1254
318 1257
318 1258
318 1259
319 1258
319 1259
320 688
320 689
321 331
321 336
322 331
322 336
323 1283
323 1284
324 331
324 336
325 331
325 336
325 339
325 340
326 328
326 332
326 650
326 655
326 797
326 798
326 867
326 886
326 1283
326 1284
326 1285
326 1287
327 331
327 336
327 339
327 340
327 1272
327 1275
328 330
328 1288
329 331
329 336
329 890
329 891
329 897
330 331
330 332
330 336
330 797
330 798
330 867
330 886
330 890
330 891
330 897
330 1285
330 1287
331 338
331 1272
331 1275
332 1288
333 650
333 655
334 347
334 350
335 339
335 344
335 350
335 1279
335 1282
336 338
337 339
337 344
337 350
337 1279
337 1282
338 339
338 344
338 347
338 350
339 1273
339 1276
340 1273
340 1276
341 1280
342 1280
343 347
343 350
344 375
344 417
344 773
344 778
344 1273
344 1276
344 1280
345 347
345 350
346 1265
346 1270
347 375
347 417
347 773
347 778
347 1265
347 1270
348 466
348 477
349 679
349 680
350 375
350 417
350 773
350 778
350 1280
351 679
351 680
352 679
352 680
353 767
353 770
354 679
354 680
355 466
355 477
356 363
356 364
356 766
356 767
356 770
356 777
357 363
357 364
357 466
357 477
357 766
357 777
358 442
358 458
359 683
359 684
360 442
360 458
361 466
361 477
362 683
362 684
362 690
362 691
365 1247
365 1250
366 1247
366 1250
367 688
367 689
368 685
368 688
368 1249
368 1250
369 455
369 456
370 455
370 456
371 750
372 386
372 416
372 418
372 421
373 375
373 382
373 472
373 485
373 743
373 751
373 834
373 1224
374 375
374 382
374 472
374 485
374 743
374 751
374 834
374 1224
376 766
376 777
377 766
377 777
378 396
378 399
378 400
379 396
379 399
379 400
380 425
380 426
380 757
380 758
380 762
380 764
380 772
380 773
380 778
380 832
380 833
380 1053
380 1054
380 1066
380 1067
380 1068
380 1072
380 1152
380 1153
380 1165
380 2231
380 2232
380 2339
380 2340
381 382
381 424
381 425
381 426
381 757
381 758
381 762
381 764
381 765
381 772
381 773
381 778
381 832
381 833
381 834
381 887
381 893
381 1067
381 1072
381 1152
381 1153
381 1165
381 2339
381 2340
382 384
382 385
382 401
382 407
382 416
382 418
382 424
382 425
382 426
382 429
383 384
383 385
383 401
383 407
383 420
383 424
383 835
384 420
384 424
384 834
385 388
385 834
385 836
386 423
387 861
387 862
388 421
388 836
388 840
388 844
388 847
388 861
388 862
389 685
389 688
390 902
390 904
391 902
391 904
392 782
392 791
392 792
392 799
393 769
393 780
393 782
393 785
394 769
394 780
394 782
394 785
395 782
395 791
395 792
395 799
396 401
396 407
396 410
396 412
396 832
396 833
397 401
397 403
397 404
397 405
397 407
397 408
397 832
397 833
398 403
398 404
398 405
398 408
400 403
400 408
400 410
400 412
401 834
402 413
402 415
404 410
404 412
404 414
404 417
404 1117
404 1120
406 413
406 415
407 834
409 410
409 412
410 411
410 412
410 414
410 417
410 1117
410 1120
411 412
416 419
416 420
416 422
416 833
416 838
418 419
418 420
418 422
418 833
418 838
420 427
420 429
420 834
420 839
421 423
421 836
422 834
422 839
424 427
424 429
424 764
424 773
424 778
424 833
424 834
425 429
425 764
425 773
425 778
425 833
425 1164
425 1173
426 429
426 747
426 748
426 764
426 765
426 773
426 781
426 833
426 1107
426 1111
426 1164
426 1173
428 747
428 748
428 764
428 765
428 773
428 781
428 1107
428 1111
429 764
429 765
429 773
429 778
429 834
429 887
429 893
432 468
434 435
434 462
434 463
435 462
435 463
436 581
436 585
437 581
437 585
438 592
438 596
438 648
438 651
438 668
438 670
438 1062
438 1063
438 1153
439 563
439 569
440 648
440 651
441 444
441 445
441 526
441 617
441 622
441 641
441 647
441 648
442 628
442 629
442 630
442 633
442 863
442 864
442 949
442 952
442 1055
442 1056
442 1253
442 1259
443 444
443 445
443 471
443 475
443 606
443 610
443 625
443 627
443 628
443 633
443 635
443 863
443 864
443 870
443 888
443 916
443 919
443 927
443 928
443 944
443 947
443 989
443 990
444 457
444 459
444 470
444 625
444 627
444 628
444 633
444 870
444 888
444 889
444 946
444 955
445 457
445 459
446 927
446 928
446 957
446 962
450 451
450 452
450 1020
451 1020
451 1023
451 1025
452 455
452 456
452 1012
452 1016
452 1025
453 455
453 456
453 1012
453 1015
454 455
454 456
454 973
454 983
454 1012
454 1015
454 1016
455 484
455 493
455 973
455 983
455 1012
455 1015
455 1016
455 1020
455 1262
456 484
456 493
456 927
456 928
456 957
456 962
456 1020
456 1262
457 459
457 470
457 471
457 475
457 606
457 610
457 916
457 919
457 927
457 928
457 944
457 947
457 989
457 990
458 628
458 633
458 870
458 888
458 1055
458 1056
458 1253
458 1259
459 526
459 617
459 622
459 633
459 635
459 639
459 641
459 647
459 648
460 539
460 540
460 633
460 635
460 639
460 647
460 648
460 651
461 526
461 528
461 539
461 540
461 542
461 548
461 557
461 563
461 569
461 641
461 656
461 756
461 783
462 542
462 548
462 592
462 596
462 637
462 638
462 648
462 651
462 1062
462 1063
462 1153
463 637
463 638
463 668
463 670
466 551
466 556
466 654
466 658
466 1754
466 1764
467 468
469 870
469 888
470 475
470 488
470 554
470 555
470 628
470 633
470 635
470 639
470 641
470 940
470 948
470 978
470 980
471 508
471 519
471 526
471 539
471 540
471 558
471 563
471 641
471 759
471 777
473 490
473 494
474 490
474 494
475 488
475 528
475 554
475 555
475 628
475 633
475 635
475 639
475 641
475 663
475 906
475 909
475 940
475 948
475 978
475 980
476 526
476 528
476 539
476 540
476 542
476 548
476 557
476 641
476 656
476 756
476 783
477 551
477 556
477 654
477 658
477 1055
477 1056
477 1754
477 1764
478 1483
478 1518
479 1483
479 1518
481 508
481 519
481 526
481 558
481 563
481 641
481 759
481 777
482 510
482 515
483 494
483 499
484 957
484 962
484 995
484 1002
484 1012
484 1015
484 2204
484 2205
486 1055
486 1056
488 528
488 635
488 639
488 641
488 663
488 906
488 909
488 978
488 980
489 494
489 499
489 1150
489 1161
490 494
490 499
490 597
490 600
490 601
490 1150
490 1161
491 1147
491 1148
493 957
493 962
493 995
493 1002
493 1012
493 1015
493 2204
493 2205
494 496
494 498
494 597
494 600
494 601
494 1725
494 1737
495 1140
495 1141
496 499
496 510
496 515
497 901
497 903
497 1400
497 1522
498 499
498 1150
498 1161
499 1725
499 1737
500 510
500 515
502 1140
502 1141
504 1379
504 1382
504 1750
504 1762
505 901
505 903
505 1400
505 1522
506 1750
506 1762
509 1379
509 1382
517 1291
517 1408
517 1422
517 1426
517 1430
517 1703
518 1291
518 1408
518 1703
520 1422
520 1426
520 1430
521 1136
521 1138
521 1305
523 1136
523 1138
523 1305
525 617
525 622
525 974
525 980
526 1640
526 1646
526 1647
527 567
527 574
528 1180
528 1189
529 548
529 550
529 1379
530 569
530 575
531 573
531 579
531 657
531 662
532 582
532 589
533 582
533 589
534 535
534 536
534 541
534 542
534 652
534 657
534 669
534 906
534 909
535 536
535 541
535 669
535 906
535 909
536 542
536 652
536 657
537 609
537 613
538 609
538 613
538 617
538 622
538 974
538 980
539 565
539 567
539 572
539 574
540 567
540 572
541 566
541 570
542 598
542 600
542 1042
542 1043
543 606
543 610
543 628
543 633
545 565
545 572
546 586
546 592
547 584
547 586
547 592
548 596
548 598
548 600
548 663
548 1042
548 1043
549 584
549 586
549 592
550 600
550 601
550 663
551 586
551 592
552 580
552 581
552 585
553 606
553 610
553 628
553 633
553 635
553 870
553 889
553 946
553 955
554 641
554 644
557 596
557 598
559 580
559 581
559 585
560 564
560 568
560 571
560 576
560 581
560 582
560 585
560 600
560 601
561 629
561 630
561 641
561 644
561 949
561 952
562 571
562 576
562 581
562 582
562 585
564 568
564 571
564 576
564 588
564 593
564 594
566 669
568 588
568 589
568 593
568 594
568 595
569 666
570 669
571 585
571 588
573 669
575 666
576 589
576 595
577 596
577 599
578 596
578 599
579 669
580 588
580 593
581 585
581 588
582 589
585 588
585 593
587 588
587 593
588 591
590 780
590 788
591 593
602 604
602 929
603 613
603 616
603 647
603 648
603 931
603 934
603 935
603 938
604 613
604 617
604 647
604 648
604 931
604 934
604 938
604 969
604 974
605 617
605 622
605 627
605 628
605 633
605 927
605 928
606 615
606 620
606 625
606 628
606 633
606 635
606 928
606 932
606 938
606 944
607 912
607 914
608 897
608 898
610 615
610 620
610 625
610 628
610 633
610 635
610 928
610 932
610 938
610 944
611 912
611 914
613 928
613 929
613 930
613 932
613 960
613 961
613 1264
613 1267
614 625
614 627
616 930
616 1264
616 1267
617 633
617 635
617 927
617 928
617 929
617 930
617 932
617 960
617 961
618 625
618 627
619 652
619 654
619 657
619 658
621 652
621 657
622 633
622 635
622 927
622 928
622 932
623 915
623 920
624 915
624 920
626 944
626 947
626 950
627 927
628 927
628 946
628 955
628 1269
628 1272
630 633
630 635
631 944
631 947
631 950
632 654
632 658
633 637
633 927
633 946
633 955
633 1269
633 1272
634 936
634 942
635 637
636 652
636 657
637 638
637 642
637 936
637 939
637 1264
637 1267
638 642
639 641
639 644
639 946
639 955
639 1305
639 1739
639 1759
640 936
640 942
641 644
641 946
641 955
641 1305
641 1640
641 1646
641 1647
641 1739
641 1759
642 652
642 657
642 936
642 939
642 1264
642 1267
643 658
643 662
644 902
644 904
645 1242
645 1243
646 784
646 793
646 1242
646 1243
647 902
647 904
647 1098
647 1100
648 1098
648 1100
649 816
649 820
650 658
650 662
652 1277
652 1278
653 901
653 903
653 907
653 908
653 1241
653 1242
656 1180
656 1189
656 1379
657 664
657 667
657 669
657 941
657 945
657 1277
657 1278
659 816
659 820
660 784
660 793
660 1242
660 1243
661 1379
662 664
662 667
662 669
662 901
662 908
662 941
662 945
663 1379
665 903
665 907
665 1241
665 1242
671 867
671 892
672 732
672 736
673 737
673 738
674 737
674 738
675 807
675 811
676 708
676 709
676 712
676 715
676 755
676 768
676 776
676 785
676 791
676 799
676 1725
676 1729
676 1737
677 755
677 768
677 776
677 785
679 683
679 686
679 902
679 904
679 1251
679 1254
679 1268
679 1270
680 683
680 686
680 902
680 904
680 1251
680 1254
681 690
681 695
681 707
682 695
682 707
683 685
683 688
683 689
683 694
683 700
683 705
683 711
683 1254
683 1257
684 685
684 688
684 689
684 694
684 711
684 1254
684 1257
685 1253
685 1259
686 700
686 705
687 690
687 695
689 1253
689 1259
690 702
690 704
690 706
691 702
691 704
691 706
692 710
692 713
692 1866
692 1869
693 710
693 713
693 1866
693 1869
694 1866
694 1869
696 759
696 777
697 698
697 700
697 701
697 705
697 710
697 713
698 701
699 759
699 777
700 703
703 705
703 708
703 712
708 709
708 714
708 715
708 716
709 712
709 714
712 714
712 715
712 716
714 715
714 791
714 799
714 1725
714 1729
714 1737
715 1540
715 1552
715 1561
716 791
716 799
716 1540
716 1552
716 1561
717 791
717 799
720 725
720 731
720 735
720 807
720 809
722 780
722 788
722 792
722 1935
722 1936
723 725
723 731
723 735
723 807
723 809
724 728
724 730
724 731
724 732
724 735
724 736
724 1514
724 1519
725 1935
725 1936
727 729
728 730
728 732
728 736
728 1514
728 1519
729 734
729 780
729 788
729 792
730 731
730 732
730 735
730 736
731 735
731 736
732 822
733 807
733 811
735 736
735 788
735 800
735 1244
736 788
736 800
736 822
736 1244
739 1240
739 1241
740 1240
740 1241
741 797
741 798
742 743
742 764
742 772
742 903
742 907
742 1224
743 762
743 771
743 1233
744 1066
744 1149
745 746
745 1149
745 1156
746 749
746 1149
746 1156
746 1166
747 748
747 749
747 1166
747 1173
747 1176
751 1159
751 1169
752 1223
752 1230
753 1185
753 1189
753 1280
753 1451
753 1456
754 870
754 888
756 767
756 770
758 763
758 772
758 815
758 818
758 841
758 842
758 1129
758 1133
759 767
759 770
759 1223
759 1230
760 1281
760 1282
761 870
761 888
761 1185
761 1189
761 1280
761 1451
761 1456
762 1159
762 1169
762 1228
763 772
763 841
763 842
763 1129
763 1133
764 816
764 817
764 1233
764 1280
765 797
765 798
765 870
765 888
766 767
766 770
766 870
766 888
766 906
766 909
766 1185
766 1189
766 1451
766 1456
767 777
767 783
769 1281
769 1282
770 777
770 783
771 1228
772 815
772 816
772 817
772 818
772 1129
772 1133
772 1233
772 1280
774 1066
774 1149
774 1156
775 1066
775 1149
775 1156
777 906
777 909
779 784
779 793
780 791
780 799
780 805
780 807
781 797
781 798
781 1173
781 1176
784 793
784 819
784 820
785 791
785 799
786 806
786 807
786 819
786 820
787 814
787 815
787 823
787 824
787 897
787 900
787 1068
787 1077
787 1080
787 1086
788 791
788 799
789 813
789 814
790 897
790 900
790 1077
790 1080
790 1086
792 805
792 807
793 819
793 820
794 806
794 807
794 819
794 820
795 813
795 814
795 895
795 902
795 904
795 905
797 798
797 801
797 804
797 810
797 814
797 815
797 816
797 820
797 895
797 902
797 904
797 905
797 1240
797 1241
798 801
798 804
798 810
798 814
798 815
798 816
798 820
798 823
798 824
798 1068
798 1240
798 1241
802 1225
802 1229
802 1240
802 1241
803 1240
803 1241
804 1225
804 1229
808 903
808 907
812 814
812 815
813 1239
813 1240
813 1242
813 1243
814 816
814 1239
814 1240
815 816
815 1242
815 1243
816 820
816 1240
816 1241
817 1242
817 1243
818 1242
818 1243
819 1242
819 1243
820 1240
820 1241
820 1242
820 1243
821 1242
821 1243
823 824
823 1068
823 1225
823 1229
823 1340
823 2256
823 2260
824 1068
824 1225
824 1229
824 1340
824 2256
824 2260
825 1074
825 1078
826 1074
826 1078
826 1220
826 1226
827 1220
827 1226
828 2248
828 2252
829 2248
829 2252
832 1053
832 1054
832 1067
832 1072
832 1142
832 1145
832 1152
832 1153
832 1165
832 2231
832 2232
832 2339
832 2340
834 835
836 840
836 844
836 847
836 861
836 862
837 1142
837 1145
843 845
843 856
843 858
843 860
845 846
846 851
846 855
846 856
846 858
846 860
848 854
848 857
849 854
849 857
850 1077
850 1086
851 853
852 858
852 860
853 855
853 858
853 860
858 2253
859 1077
859 1086
860 2253
863 865
863 866
863 1067
863 1072
863 2248
863 2252
863 2253
864 865
864 866
864 1067
864 1072
864 2248
864 2252
864 2253
865 2041
865 2043
866 2041
866 2043
867 868
867 910
867 911
867 1225
867 1228
867 1229
867 1290
868 892
868 902
868 904
868 1284
868 1286
869 891
869 897
870 888
870 889
870 896
870 902
870 949
870 952
870 1225
870 1229
870 1269
870 1272
870 1280
873 925
873 994
874 1033
874 1034
875 973
875 983
876 953
876 959
877 953
877 959
878 963
878 965
878 969
878 974
879 963
879 965
880 969
880 974
881 949
881 952
882 949
882 952
883 949
883 952
884 901
884 903
884 949
884 952
885 901
885 903
886 1225
886 1229
887 943
887 954
887 970
887 971
887 1313
888 889
888 896
888 902
888 949
888 952
888 1225
888 1229
888 1269
888 1272
888 1280
889 1269
889 1272
890 891
890 897
892 910
892 911
892 1225
892 1228
892 1290
893 943
893 954
893 970
893 971
893 1313
894 1240
894 1241
897 1213
897 1216
898 1213
898 1216
901 1240
901 1241
902 1289
904 1289
913 918
913 921
915 949
915 952
917 949
917 952
918 921
922 925
922 994
923 925
923 994
924 995
924 1002
925 1044
927 928
927 956
927 962
928 932
928 956
928 962
928 977
928 979
929 931
929 934
929 935
929 938
929 969
929 974
930 931
930 935
931 933
932 938
932 946
932 959
932 977
932 979
933 935
934 947
934 953
935 993
935 996
937 949
937 952
938 946
938 947
938 953
938 959
940 957
940 962
940 993
940 996
943 949
943 952
946 972
946 977
946 989
946 991
946 1248
946 1255
947 960
947 961
948 957
948 962
949 1230
949 1234
951 957
951 962
952 1230
952 1234
953 959
953 960
953 961
955 972
955 977
955 989
955 991
955 1248
955 1255
956 962
956 969
956 974
957 958
958 962
960 964
960 966
960 967
960 968
960 969
960 972
960 974
960 977
960 979
960 981
960 982
960 984
961 964
961 966
961 967
961 968
961 969
961 972
961 974
961 977
961 979
961 981
961 982
961 984
962 969
962 974
964 972
964 977
964 979
964 989
964 990
966 972
966 977
966 979
966 989
966 990
969 974
969 981
970 974
970 977
970 979
970 981
970 1248
970 1255
971 1248
971 1255
973 985
973 989
973 990
973 991
973 992
973 1038
975 977
975 979
976 1045
976 1046
982 1045
982 1046
983 985
983 989
983 990
983 991
983 992
983 1038
987 995
987 1002
990 2218
990 2219
992 2218
992 2219
994 1044
997 1011
997 1013
998 1000
998 1005
1000 1001
1001 1005
1003 1012
1003 1015
1006 1012
1006 1015
1007 1313
1008 1010
1008 1012
1009 1313
1010 1014
1011 1022
1012 1014
1012 1016
1012 1017
1012 1020
1012 1780
1012 1782
1013 1022
1015 1016
1015 1017
1016 1020
1016 1780
1016 1782
1017 1780
1017 1782
1018 1307
1018 1308
1019 1022
1019 1024
1020 1023
1020 1025
1020 1307
1020 1308
1021 1022
1021 1024
1026 1031
1026 1032
1027 1031
1027 1032
1027 1236
1027 1238
1028 1236
1028 1238
1029 1040
1029 1041
1030 1040
1030 1041
1033 1036
1033 1037
1033 1039
1034 1039
1035 1036
1035 1037
1046 1305
1048 1305
1051 1777
1051 1781
1052 1512
1052 1514
1052 1777
1052 1781
1053 2236
1053 2295
1054 2236
1054 2295
1055 2233
1055 2234
1056 2233
1056 2234
1057 1061
1057 1132
1057 1135
1057 1139
1057 1215
1057 1221
1058 1059
1058 1060
1058 1061
1058 1132
1058 1135
1058 1137
1058 1139
1058 1183
1058 1187
1058 1215
1058 1221
1059 1159
1059 1170
1059 1174
1059 1175
1059 1208
1059 1210
1059 1214
1060 1118
1060 1120
1060 1153
1060 1159
1060 1164
1061 1079
1061 1089
1061 1129
1061 1133
1061 1155
1061 1223
1061 1230
1062 1127
1062 1129
1063 1113
1063 1117
1063 1127
1063 1129
1063 1145
1063 1147
1063 1170
1063 1175
1063 1187
1063 1200
1064 1098
1064 1100
1064 1127
1064 1129
1065 1098
1065 1100
1066 1157
1066 1167
1066 1217
1066 1223
1066 1230
1066 1234
1067 2253
1067 2287
1067 2289
1068 1157
1068 1167
1068 1223
1068 1230
1068 1234
1069 1071
1069 1072
1070 1083
1070 1090
1071 1072
1071 1073
1071 1082
1071 1088
1071 1095
1071 1096
1072 1073
1072 1082
1072 1088
1072 1095
1072 1096
1072 2253
1072 2287
1072 2289
1074 1083
1074 1090
1075 2299
1075 2300
1076 1077
1076 1080
1076 1086
1077 1081
1077 1099
1077 1108
1077 2259
1077 2299
1077 2300
1079 1132
1079 1133
1079 1139
1080 1081
1080 1099
1080 1108
1081 1086
1082 1214
1082 1220
1084 1085
1084 1094
1084 1214
1084 1220
1085 1093
1085 1113
1085 1117
1085 1651
1085 1653
1085 2271
1085 2274
1086 1099
1086 1108
1086 2259
1087 1099
1087 1108
1089 1113
1089 1117
1089 1132
1089 1133
1089 1139
1089 1651
1089 1653
1089 2253
1089 2259
1091 1151
1091 1152
1092 1151
1092 1152
1093 1094
1094 2253
1094 2259
1094 2271
1094 2274
1095 1101
1095 1106
1095 1113
1095 1114
1095 1117
1095 1127
1095 1129
1095 1133
1095 1140
1095 1141
1095 1340
1095 2253
1095 2259
1095 2299
1095 2300
1096 1102
1096 1108
1096 1113
1096 1117
1096 1129
1096 1133
1096 1340
1096 2253
1096 2259
1098 1151
1098 1152
1098 1163
1098 1172
1099 1107
1099 1111
1100 1163
1100 1172
1101 1106
1101 1114
1101 1117
1101 1127
1101 1129
1101 2253
1101 2299
1101 2300
1102 1106
1103 1105
1104 1105
1106 1107
1106 1108
1106 1111
1106 1140
1106 1141
1110 1151
1110 1152
1112 1121
1112 1122
1113 1150
1113 1152
1113 1153
1113 1161
1113 1165
1114 1152
1114 1165
1115 1126
1115 1131
1115 2253
1115 2259
1116 1150
1116 1152
1116 1161
1116 1165
1117 1152
1117 1153
1117 1165
1118 1129
1118 1133
1118 1140
1118 1141
1118 1144
1118 1158
1119 1126
1119 1131
1119 2253
1119 2259
1120 1129
1120 1133
1120 1140
1120 1141
1120 1144
1120 1158
1123 1129
1123 1133
1123 1340
1124 1129
1124 1133
1124 1340
1127 1136
1127 1138
1128 1140
1128 1141
1129 1136
1129 1138
1129 1139
1129 1140
1129 1141
1130 1140
1130 1141
1132 1155
1133 1139
1133 1140
1133 1141
1135 1137
1135 1140
1135 1155
1135 1170
1135 1174
1136 2253
1136 2259
1137 1140
1137 1155
1137 1170
1137 1174
1138 2253
1138 2259
1139 1155
1139 1223
1139 1230
1142 1145
1142 1147
1143 1170
1143 1174
1143 1175
1145 1147
1145 1153
1147 1153
1147 1176
1147 1177
1147 1178
1147 1181
1147 1340
1148 1176
1148 1177
1148 1178
1148 1181
1148 1183
1148 1187
1148 1340
1149 1163
1149 1168
1149 1171
1149 1172
1149 1217
1150 1182
1150 1191
1150 1379
1151 1200
1151 1205
1152 1200
1152 1205
1153 1158
1153 1170
1153 1175
1153 1187
1153 1200
1155 1215
1155 1221
1156 1163
1156 1168
1156 1171
1156 1172
1157 1182
1157 1191
1157 1198
1157 1199
1158 1164
1159 1208
1159 1210
1159 1214
1161 1182
1161 1191
1161 1379
1162 1192
1162 1199
1163 1176
1163 1177
1163 1192
1163 1199
1163 1220
1163 1226
1164 1176
1164 1177
1164 1201
1164 1203
1167 1186
1167 1190
1167 1198
1167 1199
1168 1186
1168 1190
1168 1198
1168 1199
1170 1202
1170 1204
1170 2341
1170 2342
1170 2345
1170 2347
1171 1192
1171 1198
1171 1199
1172 1176
1172 1177
1172 1192
1172 1199
1172 1220
1172 1226
1173 1176
1173 1177
1173 1187
1173 1189
1173 1193
1173 1201
1173 1203
1174 1202
1174 1204
1174 1212
1174 1219
1174 2341
1174 2342
1175 2345
1175 2347
1176 1187
1176 1189
1176 1193
1179 1212
1179 1219
1180 1405
1180 1532
1181 1214
1181 1220
1182 1214
1182 1220
1183 1218
1183 1220
1184 1218
1184 1220
1187 1208
1187 1210
1187 1214
1187 1220
1187 1227
1187 1231
1188 1986
1188 1992
1189 1405
1189 1532
1192 1205
1192 1206
1192 1208
1192 1214
1192 1220
1193 1205
1193 1206
1193 1208
1193 1210
1193 1214
1193 1218
1193 1220
1193 1222
1193 1226
1193 1227
1193 1231
1194 1214
1194 1220
1195 1210
1195 1214
1196 1211
1196 1218
1197 1986
1197 1992
1198 1208
1198 1210
1198 1214
1199 1208
1199 1210
1199 1214
1199 1218
1199 1220
1199 1222
1199 1226
1201 1210
1201 1214
1202 1207
1202 1213
1206 1211
1206 1218
1207 1213
1208 1223
1208 1230
1209 1211
1209 1218
1210 1223
1210 1230
1211 1212
1212 1218
1214 1223
1214 1230
1220 1223
1220 1230
1224 1233
1225 1229
1225 1242
1225 1243
1225 1336
1225 1337
1227 1618
1227 2402
1228 1242
1228 1243
1228 1336
1228 1337
1231 1618
1231 2402
1237 1242
1237 1243
1238 1242
1238 1243
1240 1242
1240 1243
1241 1242
1241 1243
1246 1249
1246 1250
1256 1265
1256 1270
1260 1265
1260 1270
1261 1265
1261 1270
1263 1265
1263 1270
1265 1266
1266 1270
1269 1271
1269 1272
1269 1274
1269 1275
1271 1272
1272 1274
1272 1275
1279 1283
1279 1284
1280 1712
1280 1839
1282 1283
1282 1284
1283 1285
1283 1287
1284 1285
1284 1287
1284 1290
1286 1290
1291 1394
1291 1395
1291 1495
1291 1499
1291 1503
1291 1504
1291 1505
1291 1548
1291 1557
1291 1571
1291 1579
1291 1917
1291 1922
1291 1941
1291 1952
1292 1596
1292 1600
1294 1801
1294 1802
1295 1308
1295 1310
1295 1312
1295 1361
1295 1362
1295 1409
1295 1412
1296 1308
1296 1310
1296 1312
1296 1361
1296 1362
1296 1409
1296 1412
1297 1385
1297 1386
1297 1412
1297 1792
1297 1795
1297 2270
1297 2273
1298 1785
1298 1786
1298 1787
1299 2174
1299 2182
1300 1733
1300 1747
1300 2174
1300 2182
1301 1733
1301 1747
1302 1730
1302 1738
1303 1484
1303 1518
1303 1766
1303 1772
1303 1780
1303 1782
1303 1783
1303 1786
1304 1785
1304 1786
1304 1787
1305 1618
1305 1809
1305 1810
1305 1861
1305 1863
1305 2227
1305 2228
1305 2229
1305 2230
1305 2388
1305 2389
1305 2402
1306 1782
1306 1786
1306 2264
1306 2265
1306 2411
1306 2414
1307 1782
1307 1786
1307 2264
1307 2265
1307 2411
1307 2414
1308 1359
1308 1363
1308 1782
1308 1786
1308 2264
1308 2265
1309 2176
1309 2183
1309 2189
1309 2191
1310 1359
1310 1361
1310 1362
1310 1363
1310 1364
1311 2221
1311 2224
1312 1359
1312 1361
1312 1362
1312 1363
1312 1364
1313 1441
1313 1446
1313 2083
1313 2086
1314 2058
1314 2176
1314 2183
1314 2189
1314 2191
1314 2213
1315 1361
1315 1362
1315 1364
1315 1441
1315 1446
1315 2211
1315 2212
1316 1790
1316 1793
1317 2058
1317 2176
1317 2183
1317 2213
1317 2221
1317 2224
1318 2211
1318 2212
1319 2233
1319 2234
1320 2233
1320 2234
1321 1790
1321 1793
1322 2233
1322 2234
1323 2130
1323 2133
1324 2190
1324 2192
1324 2206
1324 2210
1325 2153
1325 2159
1325 2170
1325 2173
1325 2190
1325 2192
1325 2206
1325 2210
1326 2130
1326 2133
1326 2190
1326 2192
1327 2153
1327 2159
1327 2170
1327 2173
1327 2190
1327 2192
1328 1367
1328 1371
1328 1379
1329 1347
1329 1348
1330 1355
1330 1360
1331 1441
1331 1446
1332 1434
1332 1438
1333 1434
1333 1438
1334 1418
1334 1425
1336 1382
1337 1361
1337 1364
1337 1382
1337 1791
1337 1794
1337 2291
1337 2293
1338 2286
1338 2288
1339 2286
1339 2288
1340 1674
1340 1675
1340 2034
1340 2036
1340 2244
1340 2245
1340 2253
1340 2270
1340 2273
1340 2278
1340 2279
1340 2280
1340 2282
1341 1367
1341 1371
1341 1379
1342 1361
1342 1364
1342 1422
1342 1430
1343 1418
1343 1425
1345 1386
1345 1412
1345 1792
1345 1795
1345 2270
1345 2273
1346 1355
1346 1360
1347 1455
1348 1422
1348 1430
1348 1455
1349 1361
1349 1364
1350 1997
1350 2002
1350 2003
1351 1798
1351 1799
1352 1355
1352 1360
1353 1361
1353 1364
1353 1791
1353 1794
1353 1997
1353 2002
1353 2003
1353 2272
1353 2276
1353 2284
1353 2285
1353 2291
1353 2293
1354 1798
1354 1799
1355 1425
1355 1427
1355 1458
1356 1715
1356 1797
1357 2272
1357 2276
1357 2284
1357 2285
1358 1385
1358 1386
1358 1412
1358 1792
1358 1795
1358 2270
1358 2273
1360 1425
1360 1427
1360 1458
1361 1377
1361 1381
1361 2281
1361 2284
1362 1715
1362 1797
1364 1377
1364 1378
1364 1380
1364 1381
1364 2281
1364 2284
1365 1378
1365 1380
1366 1377
1366 1380
1366 2262
1366 2264
1368 2262
1368 2264
1369 1387
1369 1388
1369 1396
1369 1397
1369 1424
1369 1431
1369 1433
1369 1437
1369 1730
1369 1738
1369 1968
1369 1969
1369 1970
1370 1400
1370 1479
1370 1480
1370 1522
1372 1377
1372 1380
1373 1383
1373 1384
1373 2239
1373 2240
1374 2239
1374 2240
1376 1383
1376 1384
1376 2239
1376 2240
1379 1390
1379 1391
1379 1986
1379 1992
1379 2237
1379 2290
1379 2292
1380 2259
1381 2264
1381 2265
1382 1692
1382 1693
1382 2298
1382 2300
1383 2259
1383 2264
1383 2265
1387 2295
1387 2296
1388 1389
1388 1421
1388 1427
1388 1777
1388 2295
1388 2296
1389 1390
1389 1410
1389 1436
1389 1439
1389 1669
1389 1670
1389 1697
1389 1777
1389 1781
1390 1503
1390 1505
1390 1777
1391 1513
1391 1517
1392 1513
1392 1517
1393 1485
1393 1486
1394 1408
1394 1413
1395 1408
1395 1413
1399 1433
1399 1437
1399 1442
1399 1445
1400 1993
1400 2001
1400 2228
1400 2230
1402 1462
1402 1465
1404 2013
1404 2014
1404 2015
1404 2016
1404 2022
1404 2024
1405 1772
1405 1775
1405 2013
1405 2014
1405 2015
1405 2016
1405 2022
1405 2024
1406 1487
1406 2239
1406 2240
1406 2319
1406 2332
1406 2353
1407 2319
1407 2332
1408 1495
1408 1499
1408 1503
1408 1504
1408 1505
1408 1506
1408 1548
1408 1549
1408 1557
1408 1558
1408 1571
1408 1579
1408 1917
1408 1922
1408 1941
1408 1952
1410 1503
1410 1505
1410 1777
1411 1503
1411 1505
1411 1513
1411 1517
1413 1485
1413 1486
1413 1495
1413 1504
1414 2364
1414 2369
1415 2364
1415 2369
1416 2364
1416 2369
1421 1781
1421 2364
1421 2366
1421 2369
1423 1728
1423 1768
1426 1450
1426 1451
1427 1781
1427 2364
1427 2366
1427 2369
1428 1450
1428 1451
1429 1728
1429 1768
1431 2228
1431 2229
1433 1516
1433 1521
1433 1522
1433 2228
1433 2229
1436 1777
1437 1516
1437 1521
1437 1522
1439 1777
1440 1520
1440 1521
1441 1458
1442 1447
1442 1454
1442 1457
1442 1520
1442 1521
1443 1456
1443 1458
1443 1459
1445 1447
1445 1454
1445 1457
1446 1458
1448 1456
1448 1458
1448 1459
1451 1453
1451 1454
1452 1453
1452 1454
1458 1516
1458 1521
1459 1516
1459 1521
1460 1462
1460 1465
1468 2135
1468 2141
1469 2135
1469 2141
1470 1499
1470 1505
1470 1572
1470 1576
1471 1473
1471 1498
1471 1501
1471 1572
1471 1574
1471 1576
1471 1664
1471 1665
1471 1980
1472 1473
1472 1498
1472 1501
1472 1574
1472 1664
1472 1665
1472 1980
1473 1509
1473 1516
1473 1591
1473 1595
1473 2008
1473 2010
1474 1591
1474 1595
1475 1591
1475 1595
1476 1480
1476 1481
1476 1492
1476 1493
1476 1498
1477 1480
1477 1481
1477 1492
1477 1493
1477 1498
1478 1565
1478 1570
1479 1480
1479 1481
1479 1498
1479 1537
1479 1550
1479 1596
1479 1600
1479 1809
1479 1822
1479 1826
1479 1924
1479 1969
1479 1970
1480 1481
1480 1487
1480 1498
1480 1537
1480 1550
1480 1822
1480 1826
1480 1969
1480 1970
1480 1971
1480 2056
1480 2067
1480 2353
1481 1487
1481 1971
1481 2056
1481 2067
1481 2353
1484 1709
1484 1721
1485 1981
1485 1985
1485 2239
1485 2240
1485 2333
1485 2334
1486 1672
1486 1673
1486 1981
1486 1985
1486 2239
1486 2240
1486 2333
1486 2334
1487 1533
1487 2349
1487 2352
1488 1507
1488 1512
1488 2008
1488 2010
1489 1565
1489 1570
1490 1583
1490 1587
1491 1583
1491 1587
1491 1588
1491 1591
1491 1593
1491 1595
1491 1602
1491 1603
1492 1588
1492 1591
1492 1593
1492 1602
1492 1603
1492 1965
1492 1966
1493 1588
1493 1593
1493 1965
1493 1966
1494 1503
1494 1506
1494 1529
1494 1530
1494 1591
1494 1595
1494 1596
1494 1597
1494 1599
1495 1499
1495 1505
1495 1507
1495 1512
1496 1507
1496 1512
1497 1575
1497 1591
1497 1594
1497 1595
1497 1943
1497 1951
1498 1503
1498 1506
1498 1529
1498 1530
1498 1587
1498 1591
1498 1593
1498 1595
1498 1596
1498 1597
1498 1599
1498 1710
1498 1711
1498 1808
1498 1817
1498 1818
1498 1924
1499 1583
1499 1587
1499 1588
1499 1591
1499 1818
1499 1827
1499 1829
1500 1730
1500 1738
1500 2239
1500 2240
1501 1503
1501 1506
1501 1529
1501 1530
1501 1587
1501 1593
1501 1710
1501 1711
1501 1730
1501 1738
1501 1808
1501 1817
1501 1818
1501 1924
1502 1575
1502 1594
1502 1943
1502 1951
1503 1703
1505 1583
1505 1587
1505 1588
1505 1591
1505 1703
1505 1818
1505 1827
1505 1829
1506 1703
1506 2239
1506 2240
1508 1965
1508 1966
1509 1574
1509 2010
1509 2012
1512 1703
1512 1704
1514 1703
1514 1704
1514 1965
1514 1966
1515 2010
1515 2012
1516 1574
1518 1709
1518 1721
1522 1993
1522 2001
1522 2228
1522 2230
1523 1529
1523 1530
1524 1528
1524 1530
1524 1993
1524 1996
1525 1528
1525 1529
1525 1530
1526 1993
1526 1996
1532 1772
1532 1775
1533 2239
1533 2240
1533 2353
1534 1591
1534 1592
1535 1580
1535 1584
1535 1585
1536 1589
1536 1590
1537 1542
1537 1543
1537 1544
1537 1554
1537 1563
1537 1572
1537 1576
1537 1949
1537 1954
1537 1955
1537 1959
1537 1963
1537 1967
1537 2008
1537 2010
1538 1543
1538 1544
1538 1959
1538 1963
1538 2008
1538 2010
1539 1543
1539 1544
1539 1545
1539 1554
1539 1563
1539 1938
1541 1828
1541 1835
1542 1550
1542 1572
1542 1576
1542 1596
1542 1600
1543 1550
1543 1551
1543 1553
1543 1562
1544 1550
1544 1551
1545 1853
1546 1860
1546 1861
1547 1591
1547 1592
1548 1591
1548 1592
1548 1703
1549 1580
1549 1584
1549 1585
1549 1703
1550 1554
1550 1563
1550 1572
1550 1576
1550 1589
1550 1590
1550 1949
1550 1954
1550 1955
1550 1967
1552 1554
1552 1563
1552 1573
1552 1578
1553 1573
1553 1578
1553 1955
1555 1858
1555 1860
1555 1861
1555 1862
1556 1828
1556 1835
1556 1842
1556 1843
1556 1844
1556 1847
1557 1703
1558 1703
1559 1842
1559 1843
1559 1844
1559 1847
1559 1858
1559 1860
1559 1861
1559 1862
1560 1580
1560 1584
1560 1585
1562 1955
1563 1858
1563 1862
1564 1844
1564 1847
1564 1858
1564 1860
1564 1861
1564 1862
1566 1959
1566 1963
1567 1954
1567 1955
1567 1959
1567 1963
1569 1954
1569 1955
1572 1576
1572 1591
1572 1592
1572 1598
1572 1604
1572 1963
1574 1591
1574 1595
1576 1591
1576 1592
1576 1598
1576 1604
1576 1605
1576 1963
1578 1858
1578 1862
1579 1587
1579 1588
1579 1593
1580 1604
1580 1605
1580 1968
1580 1969
1580 1970
1580 2016
1580 2017
1581 1968
1581 1969
1581 1970
1582 1600
1582 1601
1583 1591
1583 1593
1583 1595
1583 1602
1583 1603
1584 1596
1584 1599
1584 1600
1584 1601
1584 1602
1585 1601
1585 1602
1585 1968
1585 1969
1585 1970
1585 2016
1585 2017
1586 1600
1586 1601
1587 1591
1587 1593
1587 1594
1587 1595
1587 1596
1587 1600
1587 1602
1587 1603
1588 1594
1588 1600
1588 1601
1588 1602
1591 1593
1591 1595
1591 1596
1591 1599
1591 1600
1591 1601
1591 1602
1592 1596
1592 1599
1592 1600
1592 1601
1592 1602
1593 1594
1593 1595
1593 1596
1593 1599
1593 1600
1593 1601
1593 1602
1595 1596
1595 1599
1596 1601
1596 1602
1596 1967
1600 1602
1600 1603
1600 1967
1600 1969
1600 1970
1601 1602
1601 1603
1601 1969
1601 1970
1602 1603
1606 2016
1606 2018
1607 1608
1607 1624
1607 1631
1607 1634
1607 1979
1607 1980
1607 2016
1607 2018
1608 1624
1608 1631
1608 1634
1608 1979
1608 1980
1608 2051
1608 2070
1608 2403
1608 2407
1609 1884
1609 1886
1610 1884
1610 1886
1610 1908
1610 1910
1611 1908
1611 1910
1612 1726
1612 1741
1613 1652
1613 1656
1613 1941
1613 1952
1614 1941
1614 1952
1615 1635
1615 1637
1615 1642
1616 1641
1616 1648
1617 1641
1617 1648
1619 1621
1619 1659
1620 1621
1620 1659
1622 1636
1622 1639
1622 1735
1622 1755
1622 1809
1622 1924
1623 1643
1623 1650
1623 1809
1623 1924
1624 2051
1624 2070
1624 2403
1624 2407
1625 2411
1625 2413
1626 2411
1626 2413
1627 1643
1627 1650
1628 1636
1628 1639
1628 1735
1628 1755
1628 1809
1628 1924
1629 1635
1629 1642
1629 2054
1629 2395
1630 1635
1630 1642
1631 1640
1631 1646
1632 2054
1632 2395
1633 1640
1633 1646
1635 1895
1635 1899
1635 2415
1637 2415
1638 1643
1638 1649
1639 1809
1639 1895
1639 1899
1639 1924
1639 1982
1639 1988
1640 1646
1640 1647
1640 1757
1640 1773
1640 1806
1640 1807
1640 2065
1640 2066
1640 2069
1640 2395
1641 1806
1641 1807
1641 2069
1641 2395
1642 1895
1642 1899
1642 2415
1643 1649
1644 1809
1644 1924
1644 1982
1644 1988
1645 1895
1645 1899
1646 1647
1646 1757
1646 1773
1646 2065
1646 2066
1647 2116
1647 2130
1648 2116
1648 2130
1651 2388
1651 2389
1651 2406
1651 2407
1651 2408
1652 1657
1653 1676
1653 1677
1653 1757
1653 1765
1653 2388
1653 2389
1653 2406
1653 2407
1653 2408
1654 1676
1654 1677
1655 1757
1655 1765
1656 1657
1660 2096
1660 2098
1661 2096
1661 2098
1662 1674
1662 1675
1662 2003
1662 2006
1662 2256
1662 2257
1662 2260
1663 1674
1663 1675
1663 2003
1663 2006
1663 2030
1663 2031
1663 2256
1663 2257
1663 2260
1663 2274
1663 2275
1664 1667
1664 1668
1664 1700
1664 1809
1664 1816
1664 1924
1664 2030
1664 2031
1664 2274
1664 2275
1665 1809
1665 1816
1665 1924
1665 1995
1665 2000
1666 1995
1666 2000
1667 1702
1668 1702
1668 1985
1668 1994
1669 1777
1670 1672
1670 1673
1670 1777
1670 1982
1670 1983
1670 1987
1670 1988
1670 1989
1671 1672
1671 1673
1671 1982
1671 1983
1671 1987
1671 1988
1671 1989
1672 1701
1672 1702
1672 2322
1672 2330
1672 2364
1673 2322
1673 2330
1673 2364
1674 2031
1674 2032
1675 2031
1675 2032
1676 2381
1676 2382
1677 2381
1677 2382
1678 1743
1678 1745
1679 1743
1679 1745
1680 1935
1680 1936
1681 1935
1681 1936
1682 1687
1682 1688
1683 1687
1683 1688
1684 1689
1684 1690
1684 1691
1685 1690
1685 1691
1686 1689
1686 1690
1689 1695
1689 1696
1690 1695
1690 1696
1694 2028
1694 2033
1695 1698
1695 1699
1695 1985
1695 1994
1695 2376
1695 2378
1696 1698
1696 1699
1696 1985
1696 1994
1696 2376
1696 2378
1697 1777
1698 1985
1698 1994
1699 1985
1699 1994
1700 1702
1701 1981
1702 1981
1705 1962
1705 1965
1706 1837
1706 1838
1707 1732
1707 1743
1707 1837
1707 1838
1707 1849
1707 1852
1707 1855
1708 1732
1708 1743
1708 1852
1708 1854
1709 1805
1709 1806
1709 1813
1709 1823
1709 1824
1709 1825
1709 1846
1709 1848
1710 1804
1710 1806
1710 1811
1710 1812
1710 1813
1710 1823
1710 1901
1710 1904
1710 2060
1710 2099
1711 1739
1711 1760
1711 1802
1711 1803
1711 1804
1711 1806
1711 1811
1711 1812
1711 1813
1711 1823
1711 1833
1711 1834
1711 1872
1711 1873
1711 1902
1711 1905
1711 2060
1711 2099
1711 2150
1711 2155
1712 1739
1712 1760
1712 1802
1712 1803
1712 1872
1712 1873
1712 2060
1712 2099
1712 2150
1712 2155
1713 1909
1713 1912
1713 2100
1713 2110
1713 2117
1713 2124
1714 1909
1714 1912
1714 2100
1714 2110
1714 2117
1714 2124
1716 2399
1716 2400
1717 2399
1717 2400
1718 2174
1718 2178
1718 2182
1718 2195
1718 2198
1719 2177
1719 2184
1719 2188
1719 2191
1719 2193
1719 2197
1720 1749
1720 1760
1721 1805
1721 1806
1721 1813
1721 1823
1721 1824
1721 1825
1721 1846
1721 1848
1722 1806
1722 1807
1723 1935
1723 1936
1726 1815
1726 1822
1726 1826
1726 1849
1726 1851
1726 1852
1726 1855
1726 1921
1726 1932
1727 1822
1727 1826
1730 2229
1731 1749
1731 1760
1732 1752
1734 2137
1734 2147
1734 2148
1734 2153
1735 2225
1735 2228
1736 1935
1736 1936
1737 2016
1737 2018
1738 2016
1738 2018
1738 2229
1739 1756
1739 1763
1739 1891
1739 1900
1739 2137
1739 2147
1739 2148
1739 2150
1739 2153
1739 2155
1740 1806
1740 1807
1741 1815
1741 1822
1741 1826
1741 1849
1741 1851
1741 1852
1741 1855
1741 1921
1741 1932
1742 1814
1742 1817
1742 1827
1742 1913
1743 1752
1747 1749
1747 1760
1747 2176
1747 2177
1747 2183
1747 2384
1747 2387
1747 2390
1747 2392
1748 1901
1748 1904
1749 1751
1749 1901
1749 1904
1749 2399
1749 2400
1750 1767
1750 1774
1750 2225
1750 2228
1751 1760
1751 2150
1751 2155
1751 2176
1751 2177
1751 2183
1751 2384
1751 2387
1751 2390
1751 2392
1752 1852
1752 1854
1753 1814
1753 1817
1753 1827
1753 1913
1756 1759
1756 2177
1756 2183
1757 1821
1757 1832
1758 2364
1758 2369
1759 1763
1759 1891
1759 1900
1760 1901
1760 1904
1760 2399
1760 2400
1761 2228
1761 2230
1762 1767
1762 1774
1763 2177
1763 2183
1765 1821
1765 1832
1765 2409
1765 2410
1766 1776
1766 1784
1766 2228
1766 2229
1766 2230
1766 2364
1766 2369
1766 2411
1766 2413
1767 2223
1767 2225
1767 2409
1767 2410
1770 2177
1770 2184
1771 2223
1771 2225
1771 2409
1771 2410
1772 1776
1772 1784
1772 2228
1772 2229
1772 2411
1772 2413
1773 2207
1773 2209
1775 1776
1775 1784
1777 1781
1779 2207
1779 2209
1783 2207
1783 2209
1785 1794
1785 1796
1786 1794
1786 1796
1789 2211
1789 2212
1792 2090
1792 2092
1793 2211
1793 2212
1795 2090
1795 2092
1800 1801
1800 1802
1802 1839
1802 2127
1802 2128
1802 2151
1802 2152
1803 1839
1803 2127
1803 2128
1803 2151
1803 2152
1804 1885
1804 1888
1809 1875
1809 1924
1809 1971
1809 2022
1809 2024
1809 2104
1812 1885
1812 1888
1815 1837
1815 1838
1816 2022
1816 2024
1817 1822
1817 1826
1818 1849
1818 1852
1819 1847
1819 1849
1819 1865
1819 1867
1821 1852
1821 1854
1822 1827
1826 1827
1826 1837
1826 1838
1828 1836
1828 1840
1829 1847
1829 1849
1829 1852
1830 1847
1830 1849
1830 1865
1830 1867
1832 1852
1832 1854
1833 1839
1833 1988
1833 1989
1834 1839
1834 1988
1834 1989
1835 1836
1835 1840
1835 1954
1835 1955
1836 1847
1836 1849
1836 1860
1836 1861
1836 1954
1836 1955
1839 1902
1839 1905
1839 2060
1839 2099
1839 2150
1839 2155
1840 1847
1840 1849
1840 1860
1840 1861
1841 1901
1841 1904
1842 1849
1842 1852
1842 1854
1842 1860
1842 1861
1842 1933
1843 1849
1843 1852
1843 1854
1843 1860
1843 1861
1843 1933
1844 1849
1844 1852
1844 1854
1844 1933
1845 1852
1845 1854
1847 1933
1850 1866
1850 1867
1853 1938
1855 1866
1855 1867
1856 1866
1856 1867
1857 1866
1857 1867
1858 1937
1858 1949
1859 1866
1859 1867
1860 1932
1861 1932
1861 1934
1861 1936
1862 1937
1862 1949
1863 1934
1863 1936
1865 1943
1865 1947
1865 1951
1865 1962
1865 1965
1866 1943
1866 1947
1866 1951
1866 2016
1866 2018
1866 2118
1866 2125
1866 2228
1866 2230
1867 1943
1867 1947
1867 1951
1869 2016
1869 2018
1869 2118
1869 2125
1869 2228
1869 2230
1870 1962
1870 1965
1871 2114
1871 2117
1872 1885
1872 1888
1872 1892
1872 1902
1872 2108
1872 2113
1872 2145
1872 2150
1872 2153
1872 2155
1872 2159
1873 1885
1873 1888
1873 1892
1873 1893
1873 1896
1873 1897
1873 1898
1873 1902
1873 2145
1873 2150
1873 2155
1874 1883
1874 1887
1875 1924
1876 1960
1876 1964
1876 2114
1876 2117
1877 1960
1877 1964
1878 1893
1878 1896
1878 1897
1878 1898
1878 2153
1878 2159
1879 1893
1879 1898
1880 2145
1880 2148
1881 1891
1881 1900
1881 2130
1881 2133
1881 2145
1881 2148
1882 1893
1882 1898
1883 2105
1884 1909
1884 1911
1884 1912
1885 1891
1885 1900
1885 2130
1885 2133
1886 1909
1886 1911
1886 1912
1887 2105
1888 2145
1888 2148
1889 2145
1889 2148
1890 1893
1890 1898
1893 1894
1893 1898
1893 1909
1893 1911
1894 1898
1895 1908
1895 1910
1899 1908
1899 1910
1903 1909
1903 1911
1905 1907
1905 1916
1906 1907
1906 1916
1909 1926
1909 1927
1911 1926
1911 1927
1912 1926
1912 1927
1914 1917
1914 1922
1914 1981
1914 1985
1914 2125
1914 2136
1915 1917
1915 1922
1915 1981
1915 1985
1915 2125
1915 2136
1918 1919
1918 1923
1919 1920
1920 1923
1924 1971
1924 2104
1925 2051
1925 2412
1926 2051
1926 2412
1928 1962
1928 1965
1929 1962
1929 1965
1930 1953
1930 1957
1931 1945
1931 1948
1935 1945
1935 1950
1935 1952
1935 1954
1935 2020
1935 2023
1936 1945
1936 1950
1936 1952
1936 1954
1936 2020
1936 2023
1939 1945
1939 1952
1940 1943
1940 1951
1942 1943
1942 1951
1943 1991
1943 1999
1944 1956
1944 1957
1945 1946
1946 1948
1951 1956
1951 1957
1951 1991
1951 1999
1953 1958
1953 2010
1953 2012
1954 2001
1954 2004
1955 2001
1955 2004
1956 1962
1956 1965
1956 1968
1956 1969
1956 1970
1957 1958
1957 1962
1957 1965
1957 2010
1957 2012
1961 1968
1961 1969
1961 1970
1962 2016
1962 2017
1965 2016
1965 2017
1968 1969
1968 1970
1968 2012
1968 2016
1969 1970
1969 2012
1969 2016
1969 2018
1969 2024
1970 2012
1970 2016
1970 2018
1970 2024
1972 2371
1972 2373
1973 1975
1973 1976
1973 1977
1973 2329
1973 2336
1973 2354
1973 2356
1974 1975
1974 1976
1974 1977
1974 2329
1974 2336
1974 2354
1974 2356
1978 2025
1978 2026
1978 2034
1978 2036
1978 2268
1978 2269
1978 2279
1978 2280
1978 2301
1978 2303
1978 2310
1978 2374
1978 2375
1981 2322
1981 2330
1981 2364
1981 2369
1985 1998
1985 2000
1985 2005
1985 2007
1985 2350
1985 2358
1986 2364
1986 2369
1990 2351
1990 2355
1994 1998
1994 2000
1994 2005
1994 2007
1994 2350
1994 2358
1995 2351
1995 2355
2007 2020
2007 2023
2007 2354
2007 2356
2008 2016
2008 2018
2009 2354
2009 2356
2010 2016
2010 2018
2011 2020
2011 2023
2013 2022
2013 2024
2013 2401
2013 2405
2014 2369
2014 2372
2015 2022
2015 2024
2015 2401
2015 2405
2016 2022
2016 2024
2016 2369
2016 2372
2018 2022
2018 2024
2019 2020
2019 2023
2020 2021
2020 2100
2020 2110
2021 2023
2023 2100
2023 2110
2025 2301
2026 2301
2027 2059
2027 2082
2028 2029
2028 2035
2028 2037
2029 2033
2033 2035
2033 2037
2034 2301
2035 2038
2035 2039
2035 2253
2036 2301
2037 2038
2037 2039
2037 2253
2038 2045
2038 2046
2039 2042
2039 2044
2039 2045
2039 2046
2040 2042
2040 2044
2048 2243
2048 2251
2049 2243
2049 2251
2050 2123
2050 2130
2051 2116
2051 2123
2052 2404
2052 2405
2053 2077
2053 2078
2054 2064
2054 2065
2054 2118
2054 2125
2055 2118
2055 2125
2057 2217
2057 2220
2059 2214
2059 2217
2060 2061
2060 2062
2061 2099
2062 2099
2063 2134
2063 2137
2063 2142
2063 2147
2064 2074
2064 2075
2064 2076
2064 2078
2064 2079
2064 2084
2064 2085
2064 2151
2064 2157
2064 2395
2065 2074
2065 2075
2065 2076
2065 2078
2065 2079
2065 2084
2065 2085
2065 2151
2065 2157
2065 2395
2068 2118
2068 2125
2069 2119
2069 2134
2070 2116
2070 2123
2070 2130
2071 2153
2071 2159
2072 2077
2072 2078
2073 2153
2073 2159
2075 2312
2075 2318
2077 2080
2077 2118
2077 2125
2080 2118
2080 2125
2081 2312
2081 2318
2082 2214
2082 2217
2083 2089
2083 2091
2083 2162
2083 2163
2083 2384
2083 2387
2084 2111
2084 2136
2085 2111
2085 2136
2086 2089
2086 2091
2086 2162
2086 2163
2086 2384
2086 2387
2087 2180
2087 2181
2088 2095
2088 2097
2088 2180
2088 2181
2090 2094
2090 2095
2090 2097
2093 2094
2093 2097
2100 2101
2100 2102
2100 2103
2100 2117
2100 2146
2100 2152
2100 2168
2100 2169
2101 2110
2102 2110
2103 2110
2106 2134
2106 2142
2107 2108
2107 2113
2108 2130
2108 2133
2109 2146
2109 2152
2110 2117
2110 2146
2110 2152
2110 2168
2110 2169
2112 2134
2112 2142
2113 2130
2113 2133
2113 2135
2113 2141
2115 2146
2115 2152
2116 2131
2116 2132
2118 2395
2118 2404
2118 2405
2119 2395
2120 2135
2120 2140
2120 2141
2121 2138
2121 2145
2122 2146
2122 2152
2125 2395
2125 2404
2125 2405
2126 2138
2126 2145
2127 2128
2129 2141
2129 2143
2130 2131
2130 2132
2131 2135
2131 2138
2131 2139
2131 2140
2131 2141
2131 2143
2131 2145
2131 2148
2131 2153
2131 2154
2131 2156
2132 2135
2132 2138
2132 2139
2132 2141
2132 2143
2132 2145
2132 2148
2132 2153
2132 2154
2132 2156
2134 2145
2134 2148
2134 2158
2134 2395
2135 2153
2135 2159
2137 2161
2138 2154
2138 2159
2139 2154
2139 2159
2140 2153
2140 2159
2141 2165
2141 2167
2142 2145
2142 2148
2142 2158
2143 2165
2143 2167
2144 2151
2144 2152
2144 2154
2144 2159
2144 2384
2144 2387
2145 2148
2145 2150
2146 2153
2146 2159
2147 2161
2148 2150
2149 2151
2149 2152
2149 2154
2149 2159
2149 2384
2149 2387
2150 2151
2150 2157
2151 2155
2152 2153
2152 2159
2155 2157
2159 2160
2164 2165
2164 2166
2165 2166
2165 2170
2165 2172
2165 2173
2166 2170
2166 2172
2166 2173
2171 2179
2171 2186
2172 2185
2172 2187
2173 2179
2173 2185
2173 2186
2173 2187
2174 2190
2174 2192
2174 2194
2174 2199
2175 2179
2175 2186
2176 2178
2176 2182
2178 2183
2178 2199
2182 2183
2182 2190
2182 2192
2182 2194
2182 2199
2188 2195
2188 2196
2188 2198
2189 2195
2189 2198
2191 2196
2192 2195
2192 2198
2193 2196
2194 2195
2194 2198
2195 2199
2196 2197
2198 2199
2200 2201
2200 2203
2201 2202
2202 2203
2206 2208
2206 2209
2208 2210
2209 2210
2217 2379
2217 2380
2217 2383
2220 2379
2220 2380
2220 2383
2222 2233
2222 2234
2226 2233
2226 2234
2235 2302
2236 2281
2236 2283
2237 2290
2237 2292
2237 2307
2237 2308
2237 2315
2237 2317
2237 2325
2238 2290
2238 2292
2239 2270
2239 2273
2239 2277
2239 2305
2239 2306
2239 2338
2239 2344
2240 2270
2240 2273
2240 2277
2240 2305
2240 2306
2240 2338
2240 2344
2241 2313
2241 2314
2241 2321
2241 2323
2241 2328
2241 2336
2242 2279
2242 2280
2244 2266
2244 2267
2245 2266
2245 2267
2246 2253
2247 2253
2249 2253
2250 2253
2252 2253
2253 2255
2253 2258
2253 2259
2253 2260
2253 2261
2253 2263
2253 2274
2253 2275
2256 2259
2259 2260
2259 2261
2259 2263
2259 2274
2259 2275
2259 2284
2259 2285
2261 2270
2261 2273
2263 2270
2263 2273
2268 2301
2269 2301
2279 2298
2279 2300
2279 2301
2279 2310
2280 2298
2280 2300
2280 2301
2280 2310
2281 2295
2283 2295
2290 2292
2291 2294
2291 2297
2292 2307
2292 2308
2292 2315
2292 2317
2292 2325
2293 2294
2293 2297
2295 2298
2295 2300
2296 2298
2296 2300
2301 2303
2301 2310
2301 2374
2301 2375
2304 2313
2304 2321
2305 2337
2305 2343
2306 2337
2306 2343
2307 2345
2307 2347
2307 2352
2307 2357
2309 2364
2309 2369
2311 2320
2311 2328
2313 2314
2313 2323
2313 2328
2313 2336
2314 2362
2314 2368
2315 2364
2315 2369
2316 2320
2316 2328
2319 2331
2319 2335
2319 2337
2319 2343
2319 2352
2319 2353
2319 2357
2319 2358
2319 2362
2320 2338
2320 2344
2323 2362
2323 2368
2325 2345
2325 2347
2325 2352
2325 2357
2326 2331
2326 2335
2326 2352
2326 2357
2327 2337
2327 2343
2327 2346
2328 2338
2328 2344
2331 2332
2332 2335
2332 2337
2332 2343
2332 2352
2332 2353
2332 2357
2332 2358
2332 2362
2337 2341
2337 2343
2337 2345
2337 2347
2337 2348
2341 2343
2341 2346
2343 2345
2343 2347
2343 2348
2345 2346
2345 2348
2345 2363
2345 2365
2346 2347
2347 2348
2347 2363
2347 2365
2348 2349
2348 2352
2349 2353
2351 2361
2351 2368
2352 2353
2355 2361
2355 2368
2360 2374
2360 2375
2361 2362
2361 2368
2362 2368
2362 2370
2362 2371
2367 2374
2367 2375
2368 2370
2368 2371
2369 2374
2369 2375
2370 2371
2370 2373
2370 2376
2370 2378
2371 2374
2371 2375
2371 2376
2371 2378
2372 2374
2372 2375
2374 2376
2374 2378
2376 2377
2377 2378
2382 2386
2382 2388
2385 2386
2385 2388
2388 2391
2388 2393
2389 2391
2389 2393
2394 2397
2394 2403
2394 2404
2396 2403
2396 2404
2401 2404
2401 2405
2404 2405
2404 2412
2405 2412
