0 8
0 36
0 37
0 156
0 174
0 177
0 488
0 1278
0 1282
1 31
1 32
1 182
1 184
1 208
1 212
2 131
2 137
2 303
2 344
2 744
2 748
2 835
2 841
3 136
3 139
3 140
3 1533
3 2636
3 2640
3 2663
3 2673
4 416
4 473
4 765
4 788
4 852
4 858
4 1209
4 1210
5 88
5 89
5 910
5 912
5 913
5 914
5 1501
5 1503
5 1505
6 803
6 816
7 1436
7 1442
8 36
8 37
8 156
8 174
8 177
8 488
8 1278
8 1282
9 543
9 545
10 35
10 36
10 174
10 177
10 200
10 204
10 543
10 545
10 547
10 555
11 164
11 166
11 174
11 176
11 177
11 180
11 193
11 198
11 200
11 204
11 489
11 561
11 563
11 1159
11 1958
11 1968
12 161
12 162
12 167
12 168
12 176
12 180
12 182
12 184
12 197
12 201
12 209
12 211
12 212
12 217
12 361
12 530
12 537
12 544
12 1181
12 1182
12 1455
12 1588
12 1589
12 1603
12 1604
12 1610
12 1616
12 1617
12 1619
12 1623
12 1626
12 1670
12 1691
12 1698
12 1699
12 1700
12 1708
12 1751
12 1777
12 1785
12 1794
12 1798
12 1959
12 1963
12 1969
12 1984
12 1991
12 2081
12 2083
12 2181
12 2182
12 2533
12 2537
13 21
13 34
13 45
13 51
13 167
13 168
13 176
13 180
13 264
13 270
13 361
13 543
13 545
13 549
13 1181
13 1182
13 1455
13 1588
13 1589
13 1610
13 1617
13 1620
13 1623
13 1624
13 1626
13 1627
13 1635
13 1641
13 1684
13 1693
13 2181
13 2182
14 21
14 34
14 252
14 257
14 264
14 270
14 543
14 545
14 549
14 1181
14 1182
14 1588
14 1627
14 1641
14 1643
14 1661
14 1677
14 1684
14 1693
15 569
15 572
16 85
16 133
16 138
17 19
17 56
17 60
17 115
17 117
17 119
17 576
17 584
17 1155
17 1156
18 19
18 49
18 52
18 53
18 56
18 60
18 115
18 117
18 119
18 174
18 177
18 576
18 584
18 1155
18 1156
19 49
19 52
19 53
19 174
19 177
19 1281
19 1286
19 2613
19 2616
19 2620
20 1136
20 1138
22 252
22 257
22 1708
22 1709
22 1715
22 2225
22 2228
23 252
23 257
23 1708
23 1709
23 1715
23 2225
23 2228
24 231
24 232
24 852
24 858
25 309
25 352
25 495
25 587
25 593
25 1011
25 1014
25 1144
26 587
26 593
27 549
27 553
28 549
28 553
29 543
29 545
29 547
29 555
30 31
30 38
30 39
30 174
30 177
30 387
30 393
30 480
30 489
30 528
30 530
30 532
30 537
30 541
30 544
30 551
30 558
30 561
30 563
30 636
30 711
30 716
30 803
30 807
30 809
30 812
30 1159
30 1174
30 1175
30 1180
30 1181
30 1481
30 1819
30 1870
30 1932
30 1933
30 1977
30 1980
30 1984
30 1986
30 1987
30 1990
30 1996
30 2078
30 2079
30 2080
30 2085
30 2298
30 2778
31 32
31 38
31 44
31 65
31 66
31 161
31 162
31 164
31 166
31 175
31 176
31 180
31 182
31 183
31 184
31 186
31 193
31 197
31 198
31 201
31 209
31 217
31 277
31 280
31 514
31 522
31 529
31 530
31 533
31 537
31 542
31 544
31 552
31 712
31 715
31 720
31 778
31 782
31 1176
31 1178
31 1181
31 1481
31 1581
31 1582
31 1603
31 1604
31 1616
31 1619
31 1656
31 1657
31 1658
31 1780
31 1788
31 1794
31 1798
31 1932
31 1958
31 1959
31 1962
31 1963
31 1968
31 1969
31 1977
31 1984
31 1987
31 1991
31 2081
31 2083
31 2177
31 2179
31 2533
31 2537
31 2727
31 2730
32 38
32 44
32 162
32 175
32 176
32 180
32 182
32 183
32 184
32 186
32 197
32 201
32 209
32 211
32 212
32 217
32 361
32 529
32 530
32 1176
32 1178
32 1181
32 1455
32 1581
32 1582
32 1603
32 1604
32 1616
32 1619
32 1656
32 1657
32 1658
32 1670
32 1691
32 1698
32 1699
32 1700
32 1708
32 1751
32 1777
32 1785
32 1794
32 1798
32 1959
32 1963
32 1969
32 1984
32 1991
32 2533
32 2537
33 45
33 51
33 361
33 1455
33 1620
33 1624
35 109
35 1223
35 1226
35 1227
36 109
36 555
36 556
36 1223
36 1226
36 1227
36 1286
36 1287
36 1312
36 1313
37 555
37 556
38 39
38 42
38 44
38 48
38 55
38 57
38 65
38 66
38 162
38 182
38 184
38 277
38 280
38 480
38 481
38 486
38 503
38 508
38 509
38 514
38 521
38 522
38 524
38 528
38 530
38 532
38 533
38 537
38 542
38 543
38 545
38 547
38 549
38 551
38 552
38 558
38 561
38 563
38 636
38 690
38 691
38 711
38 712
38 715
38 716
38 720
38 778
38 782
38 803
38 805
38 807
38 809
38 812
38 813
38 814
38 915
38 943
38 944
38 954
38 963
38 1178
38 1180
38 1181
38 1182
38 1449
38 1451
38 1506
38 1507
38 1581
38 1582
38 1780
38 1788
38 1819
38 1870
38 1933
38 1935
38 1958
38 1962
38 1968
38 1977
38 1980
38 1984
38 1986
38 1987
38 1990
38 1996
38 2078
38 2079
38 2080
38 2081
38 2082
38 2085
38 2177
38 2179
38 2298
38 2342
38 2351
38 2357
38 2727
38 2730
38 2778
39 44
39 48
39 55
39 57
39 387
39 393
39 486
39 514
39 522
39 524
39 528
39 532
39 540
39 541
39 543
39 545
39 547
39 549
39 551
39 558
39 561
39 563
39 690
39 691
39 805
39 809
39 812
39 813
39 814
39 943
39 944
39 954
39 963
39 1174
39 1175
39 1178
39 1182
39 1449
39 1451
39 1935
39 1958
39 1968
39 1980
39 1986
39 1990
39 1996
39 2081
39 2082
39 2749
39 2753
40 162
40 277
40 280
40 530
40 533
40 542
40 552
40 778
40 782
40 1990
40 1996
41 149
41 153
41 1286
41 1287
41 1312
41 1313
42 44
42 483
42 501
42 532
42 540
42 541
42 543
42 545
42 549
43 149
43 153
44 481
44 503
44 508
44 509
44 521
44 543
44 545
44 549
44 915
44 944
44 1177
44 1179
44 1506
44 1507
44 1958
44 1968
44 2342
44 2351
44 2357
44 2455
44 2457
44 2749
44 2753
46 88
46 89
46 149
46 153
47 483
47 501
48 1177
48 1179
48 2455
48 2457
49 63
49 64
49 88
49 89
49 1306
49 1307
50 136
50 139
52 63
52 64
52 1306
52 1307
53 485
53 499
53 524
54 485
54 499
54 524
55 136
55 139
55 266
55 272
55 285
55 290
55 514
55 522
55 1064
55 1069
55 1114
55 1119
56 527
56 536
56 539
56 564
56 569
56 1140
56 1144
56 1281
56 1286
56 1302
56 1304
56 2613
56 2616
56 2620
57 285
57 290
57 514
57 522
57 1064
57 1069
57 1114
57 1119
58 266
58 272
58 285
58 290
59 1140
59 1144
59 1288
59 1292
59 1302
59 1304
59 2613
59 2616
59 2620
60 527
60 536
60 539
60 564
60 569
60 1281
60 1286
60 1302
60 1304
60 2613
60 2616
60 2620
61 78
61 107
61 543
61 545
61 549
61 1152
61 1153
61 1192
61 1217
61 1229
61 1288
61 1292
61 1309
61 1311
61 1313
61 1326
61 1338
61 1457
61 1461
62 987
62 992
62 993
63 78
63 107
63 1152
63 1153
63 1217
63 1229
63 1311
63 1313
64 543
64 545
64 549
64 1192
64 1309
64 1311
64 1326
64 1338
64 1457
64 1461
66 543
66 545
66 549
67 987
67 992
67 993
68 489
68 1159
69 190
69 192
69 195
69 197
70 187
70 188
71 117
71 120
72 73
72 76
72 77
72 131
72 137
72 171
72 172
72 226
72 227
72 228
72 783
72 791
72 1354
73 220
73 223
73 225
73 2638
73 2639
74 112
74 116
74 121
74 124
74 127
74 223
74 225
74 226
74 227
74 228
74 229
74 1192
74 1326
74 1338
74 2638
74 2639
75 139
75 140
75 1268
75 1274
75 1283
75 1533
75 1591
75 1592
75 2636
75 2640
76 91
76 1181
76 1186
77 91
77 1302
77 1304
78 1302
78 1304
79 116
79 118
80 116
80 118
80 132
80 140
81 132
81 140
82 1286
82 1289
83 133
83 138
83 1286
83 1289
83 1299
83 1302
84 133
84 138
84 1299
84 1302
85 123
85 129
85 1160
85 1302
85 1303
85 1304
85 1306
86 1221
86 1227
86 1244
86 1255
86 1256
86 1259
87 1221
87 1227
87 1240
87 1247
87 1248
87 1250
87 1255
87 1256
87 1257
87 1261
87 1271
87 1280
87 1285
87 1289
87 2282
87 2557
88 155
88 850
88 881
88 885
88 902
88 904
88 906
88 907
88 908
88 1215
88 1220
88 1221
88 1223
88 1227
88 1228
88 1235
88 1239
88 1247
88 1248
88 1255
88 1271
88 1280
88 1285
88 1289
88 2282
88 2557
88 2575
88 2576
88 2580
88 2582
89 155
89 850
89 906
89 907
89 908
89 1215
89 1220
89 1223
89 1227
89 1235
89 1239
89 1247
89 1248
89 1255
89 2580
89 2582
90 104
90 108
90 117
90 120
90 1307
90 1309
91 783
91 791
91 1354
92 112
92 116
92 121
92 124
92 127
92 227
92 228
93 1304
93 1307
93 1308
93 1309
93 1312
93 1313
94 1591
94 1592
95 489
95 1159
96 128
96 132
97 181
97 185
97 187
97 188
97 190
97 192
97 195
97 197
98 174
98 177
98 181
98 185
98 547
98 555
99 174
99 177
99 547
99 555
100 104
100 108
100 117
100 120
100 134
100 137
100 159
100 559
100 1307
100 1309
101 113
101 114
101 115
101 117
101 120
101 134
101 137
101 159
101 218
101 221
101 559
101 560
101 1648
101 1650
102 1307
102 1309
103 121
103 127
103 1269
103 1270
103 1304
103 1308
103 1312
103 1313
104 113
104 114
104 115
104 117
104 120
104 159
104 218
104 221
104 543
104 545
104 549
104 560
104 1648
104 1650
105 128
105 132
106 121
106 127
106 1269
106 1270
108 196
108 202
108 543
108 545
108 549
110 196
110 202
111 206
111 207
111 208
111 212
112 1301
112 1303
113 570
113 574
114 570
114 574
115 191
115 192
115 206
115 207
115 208
115 211
115 212
115 216
115 218
115 1248
115 1255
115 1536
115 1541
116 1301
116 1303
116 1307
116 1309
117 191
117 192
117 207
117 208
117 210
117 211
117 212
117 215
117 216
117 218
117 221
117 827
117 831
117 1536
117 1541
118 1307
118 1309
119 206
119 207
119 208
119 211
119 212
119 216
119 218
119 1248
119 1255
120 171
120 172
120 191
120 192
120 207
120 208
120 210
120 211
120 212
120 215
120 216
120 218
120 221
120 827
120 831
122 126
122 131
122 134
122 171
122 172
122 295
122 296
122 803
122 807
122 1591
122 1592
122 1603
122 1612
122 1639
122 1644
122 1665
122 2079
122 2080
122 2434
122 2438
122 2726
123 133
123 138
123 1256
123 1264
124 134
124 136
124 1347
124 1354
124 1429
124 1430
124 1528
124 1654
125 1158
125 1159
125 1216
125 1221
125 1227
125 1311
125 1312
125 1313
126 134
126 212
126 216
126 218
126 227
126 228
126 252
126 257
126 263
126 268
126 1181
126 1182
126 1186
126 1189
126 1523
126 1524
126 1590
126 1591
126 1635
126 1641
126 1643
126 1661
126 1676
126 1677
126 1684
126 1685
126 1693
126 1709
126 1715
126 1716
126 1725
126 1731
126 1794
126 1800
126 1801
126 2133
126 2231
127 1158
127 1159
127 1216
127 1221
127 1227
127 1311
127 1312
127 1313
128 848
128 866
128 1192
128 1302
128 1304
128 1338
129 133
129 138
129 1256
129 1264
130 1285
130 1286
130 1289
131 134
131 216
131 218
131 220
131 226
131 227
131 228
131 229
131 235
131 250
131 252
131 254
131 257
131 263
131 268
131 423
131 447
131 1186
131 1189
131 1424
131 1425
131 1426
131 1482
131 1523
131 1524
131 1526
131 1527
131 1590
131 1591
131 1592
131 1603
131 1612
131 1640
131 1645
131 1662
131 1664
131 1665
131 1676
131 1684
131 1685
131 1689
131 1693
131 1694
131 1702
131 1705
131 1709
131 1715
131 1716
131 1725
131 1731
131 1794
131 1800
131 1801
131 2079
131 2080
131 2133
131 2231
131 2727
131 2728
132 848
132 866
132 1302
132 1304
133 140
133 144
133 1160
133 1285
133 1286
133 1289
133 1302
133 1303
133 1304
133 1306
134 136
134 171
134 172
134 237
134 238
134 262
134 269
134 289
134 290
134 295
134 296
134 355
134 356
134 423
134 447
134 617
134 618
134 784
134 795
134 803
134 807
134 816
134 824
134 835
134 840
134 841
134 1362
134 1367
134 1424
134 1425
134 1426
134 1429
134 1430
134 1528
134 1591
134 1592
134 1639
134 1644
134 1653
134 1654
134 1655
134 1665
134 1668
134 1810
134 1829
134 2434
134 2438
134 2714
134 2726
134 2727
134 2728
135 1192
135 1338
136 237
136 238
136 240
136 262
136 269
136 295
136 296
136 355
136 356
136 422
136 423
136 778
136 782
136 1181
136 1186
136 1192
136 1326
136 1347
136 1354
136 1413
136 1415
136 1417
136 1418
136 1429
136 1430
136 1528
136 1591
136 1592
136 1653
136 1654
136 1655
136 1668
136 1810
136 1829
136 2539
136 2541
136 2714
136 2719
136 2720
136 2725
136 2727
137 220
137 226
137 229
137 235
137 250
137 254
137 289
137 290
137 423
137 447
137 617
137 618
137 784
137 795
137 816
137 824
137 835
137 840
137 841
137 1362
137 1367
137 1482
137 1526
137 1527
137 1590
137 1591
137 1592
137 1640
137 1645
137 1662
137 1664
137 1665
137 1689
137 1694
137 1702
137 1705
138 140
138 144
138 1160
138 1285
138 1286
138 1289
138 1302
138 1304
139 140
139 144
139 145
139 146
139 150
139 240
139 295
139 296
139 422
139 423
139 778
139 782
139 1181
139 1186
139 1192
139 1326
139 1338
139 1347
139 1354
139 1367
139 1413
139 1417
139 1539
139 1545
139 2197
139 2198
139 2204
139 2205
139 2663
139 2673
139 2695
139 2702
139 2719
139 2720
140 144
140 146
140 156
140 174
140 177
140 570
140 574
140 1192
140 1204
140 1205
140 1209
140 1247
140 1248
140 1302
140 1304
140 1307
140 1308
140 1309
140 1316
140 1324
140 1326
140 1336
140 1352
140 1385
140 1390
140 1396
140 1429
140 1430
140 1539
140 1545
140 1584
140 1585
140 1593
140 1597
140 1890
140 2161
140 2168
140 2194
140 2196
140 2201
140 2648
140 2663
140 2664
140 2673
140 2706
140 2711
141 1269
141 1276
142 1269
142 1276
143 1347
143 1354
143 1415
143 1418
143 2539
143 2541
143 2725
143 2727
144 145
144 146
144 150
144 151
144 156
144 174
144 177
144 570
144 574
144 769
144 776
144 786
144 791
144 1182
144 1187
144 1192
144 1193
144 1194
144 1196
144 1204
144 1205
144 1209
144 1247
144 1248
144 1273
144 1279
144 1283
144 1285
144 1286
144 1302
144 1304
144 1307
144 1308
144 1309
144 1311
144 1313
144 1316
144 1321
144 1324
144 1325
144 1326
144 1336
144 1337
144 1346
144 1352
144 1359
144 1360
144 1366
144 1370
144 1385
144 1390
144 1395
144 1396
144 1398
144 1406
144 1418
144 1420
144 1429
144 1430
144 1534
144 1558
144 1560
144 1562
144 1563
144 1564
144 1568
144 1584
144 1585
144 1593
144 1597
144 1821
144 1822
144 2009
144 2016
144 2161
144 2168
144 2191
144 2194
144 2201
144 2204
144 2205
144 2226
144 2230
144 2629
144 2632
144 2634
144 2636
144 2637
144 2638
144 2639
144 2640
144 2641
144 2642
144 2643
144 2648
144 2656
144 2664
144 2667
144 2674
144 2678
144 2683
144 2695
144 2698
144 2702
144 2705
144 2706
144 2708
144 2709
144 2710
144 2711
145 146
145 147
145 149
145 150
145 151
145 805
145 808
145 817
145 1192
145 1196
145 1198
145 1248
145 1255
145 1276
145 1281
145 1284
145 1285
145 1286
145 1290
145 1291
145 1294
145 1298
145 1302
145 1304
145 1307
145 1309
145 1321
145 1323
145 1325
145 1326
145 1359
145 1370
145 1534
145 1558
145 1562
145 1563
145 1564
145 1568
145 1571
145 1572
145 2204
145 2205
145 2548
145 2586
145 2589
145 2605
145 2608
145 2629
145 2632
145 2636
145 2638
145 2639
145 2641
145 2642
145 2653
145 2655
145 2666
145 2695
145 2698
145 2702
145 2705
145 2708
145 2709
145 2780
145 2781
146 150
146 295
146 296
146 769
146 776
146 1192
146 1193
146 1194
146 1311
146 1313
146 1326
146 1338
146 1347
146 1354
146 1367
146 1395
146 1398
146 1406
146 1418
146 1420
146 2197
146 2198
146 2204
146 2205
146 2641
146 2643
146 2695
146 2702
146 2708
146 2710
147 150
147 151
147 153
147 1198
147 1244
147 1245
147 1248
147 1255
147 1281
147 1284
147 1285
147 1290
147 1291
147 1294
147 1298
147 1302
147 1304
147 1323
147 1562
147 1564
147 1571
147 1572
147 2588
147 2594
147 2605
147 2608
147 2619
147 2622
147 2629
147 2631
147 2632
147 2635
148 1221
148 1227
148 1244
148 1247
148 1248
148 1257
148 1259
148 1261
149 150
149 151
149 152
149 153
149 1196
149 1223
149 1227
149 1244
149 1245
149 1247
149 1248
149 1250
149 1254
149 1255
149 1257
149 1262
149 1272
149 1278
149 1294
149 1298
149 1309
149 2571
149 2579
149 2600
149 2601
149 2619
149 2622
149 2631
149 2632
149 2635
149 2636
149 2640
149 2698
149 2708
150 151
150 153
150 765
150 786
150 788
150 791
150 805
150 808
150 817
150 1182
150 1187
150 1205
150 1209
150 1273
150 1279
150 1283
150 1307
150 1309
150 1312
150 1313
150 1321
150 1325
150 1336
150 1337
150 1346
150 1352
150 1359
150 1360
150 1366
150 1370
150 1560
150 1562
150 1563
150 1568
150 1599
150 1613
150 1821
150 1822
150 2009
150 2016
150 2147
150 2148
150 2191
150 2204
150 2205
150 2226
150 2230
150 2586
150 2589
150 2634
150 2637
150 2638
150 2640
150 2641
150 2642
150 2656
150 2667
150 2674
150 2678
150 2683
150 2695
150 2698
150 2702
150 2708
151 153
151 154
151 468
151 469
151 765
151 788
151 805
151 808
151 817
151 1204
151 1206
151 1214
151 1217
151 1229
151 1232
151 1241
151 1281
151 1284
151 1285
151 1286
151 1289
151 1290
151 1291
151 1294
151 1295
151 1296
151 1302
151 1304
151 1312
151 1313
151 1316
151 1359
151 1360
151 1369
151 1370
151 1378
151 1571
151 1572
151 1599
151 1613
151 2147
151 2148
151 2551
151 2573
151 2574
151 2580
151 2582
151 2586
151 2587
151 2588
151 2589
151 2594
151 2595
151 2616
151 2617
151 2620
151 2641
151 2642
151 2655
151 2666
151 2780
151 2781
152 153
152 881
152 885
152 902
152 904
152 1240
152 1247
152 1248
152 1250
152 1254
152 1255
152 1262
152 1272
152 1278
152 1285
152 1289
152 2571
152 2575
152 2576
152 2579
153 154
153 468
153 469
153 890
153 896
153 897
153 1196
153 1204
153 1217
153 1223
153 1227
153 1229
153 1232
153 1241
153 1248
153 1250
153 1255
153 1257
153 1294
153 1295
153 1296
153 1309
153 1316
153 1369
153 1378
153 2551
153 2573
153 2574
153 2580
153 2582
153 2586
153 2587
153 2589
153 2595
153 2597
153 2600
153 2601
153 2605
153 2616
153 2617
153 2620
153 2629
153 2631
153 2636
153 2640
153 2698
153 2708
154 1286
154 1289
155 890
155 896
155 897
155 910
155 912
155 913
155 914
155 1206
155 1214
155 1501
155 1503
155 1505
155 2597
155 2605
155 2629
155 2631
156 157
156 158
157 158
157 177
157 189
157 194
157 214
157 220
157 545
157 547
157 555
157 567
157 568
157 1933
157 2085
158 177
158 545
158 547
158 555
158 556
159 208
159 211
159 212
160 2655
160 2666
160 2727
160 2730
161 287
161 292
162 285
162 290
162 338
162 342
162 478
162 506
162 2533
162 2537
163 213
163 219
163 1179
163 1183
164 1736
164 1737
164 2086
165 279
165 281
169 231
169 232
169 264
169 270
169 843
169 844
170 211
170 212
170 231
170 232
170 264
170 270
170 843
170 844
170 2535
170 2537
171 211
171 212
171 220
171 1581
171 1582
171 1689
171 1694
171 2535
171 2537
172 220
172 1581
172 1582
172 1689
172 1694
173 1268
173 1274
173 1283
174 548
174 549
174 553
174 555
174 556
174 571
174 573
175 207
175 211
175 2655
175 2666
176 197
176 201
176 1609
176 1610
177 545
177 547
177 548
177 549
177 553
177 555
177 556
177 568
177 571
177 573
178 187
178 188
178 208
178 211
178 212
178 537
178 544
178 1242
178 1252
179 187
179 188
179 537
179 544
179 2727
179 2730
180 197
180 201
180 213
180 219
180 1179
180 1183
180 1609
180 1610
180 1736
180 1737
180 2086
182 192
182 197
182 201
182 478
182 1594
182 1600
182 1609
182 1610
183 208
183 212
184 192
184 197
184 201
184 279
184 281
184 478
184 1594
184 1600
187 562
188 562
189 192
189 197
189 568
190 199
190 203
192 196
194 568
195 199
195 203
196 197
197 227
197 228
197 289
197 290
197 1346
197 1353
197 1984
197 1991
201 227
201 228
201 289
201 290
201 1346
201 1353
201 1984
201 1991
204 208
204 211
204 212
205 208
205 211
205 212
207 529
207 544
207 550
208 560
208 1708
208 1715
208 1958
208 1968
211 503
211 504
211 510
211 529
211 544
211 550
211 560
211 1599
211 1613
211 1632
211 1633
211 1636
211 1637
211 1638
211 1708
211 1715
212 503
212 504
212 510
212 560
212 1599
212 1613
212 1632
212 1633
212 1636
212 1637
212 1638
212 1708
212 1715
212 1958
212 1968
214 568
216 1600
216 1604
216 1613
218 515
218 523
218 1600
218 1604
218 1613
220 226
220 227
220 228
220 568
221 515
221 523
222 1336
222 1352
224 1336
224 1352
226 229
226 1192
226 1326
226 1338
230 1178
230 1179
231 730
231 735
231 789
231 792
231 800
231 1178
231 1179
231 1182
231 1183
232 255
232 256
232 730
232 735
232 1178
232 1179
232 1182
232 1183
233 686
233 844
234 327
234 332
234 686
234 844
235 303
235 344
235 744
235 748
235 835
235 841
236 250
236 254
239 776
239 782
239 1601
239 1602
239 1607
240 1181
240 1186
240 2655
240 2663
240 2666
240 2673
241 789
241 792
241 800
242 258
242 264
243 258
243 264
244 336
244 337
245 331
245 333
245 336
245 337
245 338
245 339
245 342
246 252
246 257
246 331
246 333
246 338
246 339
246 342
247 248
247 249
248 249
250 1430
251 1180
251 1181
252 253
252 326
252 327
252 1938
252 2070
253 257
254 1430
255 320
256 258
256 259
256 276
256 278
256 320
256 1180
256 1181
256 1415
256 1418
257 326
257 327
257 1938
257 2070
258 259
258 264
258 1181
258 1182
258 1415
258 1418
259 276
259 278
259 1180
259 1181
260 265
260 270
260 271
260 274
260 275
260 514
260 522
260 1181
260 1186
261 270
261 274
261 833
261 838
262 736
262 741
264 736
264 741
264 1178
264 1180
264 1181
264 1182
265 271
265 275
265 505
265 514
265 515
265 522
265 1181
265 1186
266 833
266 838
266 1181
266 1182
267 1424
267 1426
270 736
270 741
270 1178
270 1180
270 1181
271 505
271 515
272 1181
272 1182
273 1424
273 1426
277 287
277 294
280 287
280 294
282 515
282 523
283 2732
283 2733
284 515
284 523
284 1181
284 1182
284 1590
284 1591
285 480
285 503
285 530
285 760
285 761
285 803
285 807
285 816
285 824
285 833
285 838
285 1180
285 1181
285 1934
285 1958
286 694
286 697
286 833
286 838
287 530
288 2732
288 2733
289 530
289 537
289 1181
289 1182
289 1186
289 1590
289 1591
290 480
290 503
290 530
290 537
290 760
290 761
290 803
290 807
290 816
290 824
290 833
290 838
290 1180
290 1181
290 1186
290 1934
290 1958
291 694
291 697
291 833
291 838
292 530
293 527
293 528
294 527
294 528
295 784
295 795
295 796
295 804
295 839
295 842
295 922
295 923
295 945
295 1347
295 1354
295 2544
295 2657
296 784
296 795
296 796
296 804
296 834
296 839
296 840
296 842
296 922
296 923
296 945
296 1347
296 1354
296 2544
296 2657
297 834
297 840
298 699
298 703
299 313
299 314
299 353
299 354
299 581
299 582
299 628
299 634
299 699
299 703
299 704
299 710
299 711
299 716
300 628
300 634
300 704
300 710
300 711
300 716
301 331
301 333
302 305
302 306
303 305
303 306
303 316
303 323
304 316
304 323
305 711
305 716
307 711
307 716
308 711
308 716
309 633
309 634
309 759
309 828
309 1183
310 313
310 314
310 581
310 582
310 699
310 703
311 331
311 333
312 480
312 636
313 704
313 714
314 710
314 714
315 704
315 710
315 714
315 724
315 725
317 328
317 330
317 724
317 725
318 480
318 636
319 704
319 714
319 732
319 734
321 341
321 343
321 344
321 588
321 595
321 708
321 711
321 716
321 722
321 729
321 732
321 734
321 738
321 1178
321 1179
322 328
322 330
323 341
323 343
323 344
323 588
323 595
323 708
323 711
323 716
323 722
323 729
323 732
323 734
323 738
324 732
324 734
325 729
325 732
325 1178
325 1179
327 345
329 331
329 333
331 334
332 345
333 334
333 416
333 473
334 340
334 343
335 416
335 473
336 340
336 343
337 340
337 343
338 530
341 738
341 745
342 530
343 738
343 745
346 783
346 791
347 783
347 791
348 551
348 558
348 588
348 595
349 686
349 844
350 358
350 359
350 686
350 844
351 358
351 359
352 633
352 634
352 759
352 828
352 1183
353 614
353 615
353 638
353 818
353 819
354 614
354 615
354 638
354 818
354 819
355 588
355 595
355 596
355 723
355 726
355 934
355 935
356 723
356 726
357 522
357 532
357 923
357 941
358 803
358 816
360 385
360 391
360 1457
360 1461
361 680
361 681
361 1457
361 1461
362 383
362 389
362 394
362 400
363 789
363 794
364 409
364 437
365 551
365 558
365 588
365 595
366 370
366 375
366 588
366 595
367 370
367 375
367 588
367 595
368 915
368 916
368 936
368 944
368 950
369 377
369 379
371 915
371 916
371 936
371 944
371 950
372 682
372 683
373 377
373 379
374 943
374 944
374 955
376 943
376 944
376 955
377 378
377 380
377 682
377 683
377 1473
377 1476
378 379
379 380
379 1473
379 1476
381 1479
381 1480
382 1479
382 1480
383 402
384 389
384 394
385 386
385 389
385 394
385 396
385 399
385 837
385 842
386 396
386 778
386 782
387 588
387 595
387 596
387 934
387 935
388 389
388 394
389 390
389 391
389 392
389 394
389 399
389 402
389 778
389 782
389 1455
390 394
390 767
390 801
391 394
391 396
391 399
391 767
391 801
391 837
391 842
392 394
392 692
392 698
392 778
392 782
394 396
394 778
394 782
394 1455
395 692
395 698
396 399
396 402
397 522
397 532
398 916
398 943
398 944
399 1460
399 1461
400 402
401 916
401 943
401 944
402 1460
402 1461
403 695
403 696
404 789
404 794
405 730
405 731
406 409
406 410
406 730
406 731
407 409
407 410
407 695
407 696
407 1438
407 1441
408 409
408 410
408 1438
408 1441
409 1437
411 587
411 593
412 1446
412 1447
413 416
413 473
414 427
414 852
414 858
415 852
415 858
416 417
416 419
416 420
416 421
416 426
416 463
416 466
416 471
416 473
416 766
416 786
416 790
416 791
416 793
416 808
416 817
416 847
416 1342
416 1347
416 1449
416 1454
416 1458
417 418
417 426
417 462
417 464
417 466
417 473
417 786
417 791
417 808
417 817
417 847
417 1342
417 1347
418 462
418 464
418 473
418 786
418 791
419 473
419 769
419 776
419 782
419 786
419 791
419 808
419 810
419 1196
419 1324
420 473
421 473
422 440
422 443
422 769
422 776
422 1336
422 1352
423 1336
423 1352
424 690
424 691
425 690
425 691
425 794
425 806
426 473
426 763
426 764
426 845
426 846
426 1368
427 429
427 474
427 475
427 476
427 770
427 845
427 846
427 852
427 854
427 858
427 1400
427 1405
428 778
428 782
428 1209
428 1210
428 1376
428 1380
429 852
430 434
430 849
430 856
430 861
430 868
430 871
430 876
430 881
430 885
430 1238
430 1245
430 1246
431 1182
431 1187
432 464
432 465
432 467
432 468
432 469
432 1182
432 1187
433 450
433 452
433 455
433 464
433 465
433 884
433 886
434 435
434 450
434 451
434 452
434 455
434 457
434 464
434 465
434 470
434 855
434 857
435 856
436 925
436 938
436 939
436 1444
437 689
437 814
437 1437
438 1446
438 1447
439 689
439 814
440 768
441 468
441 469
442 446
442 448
443 768
444 446
444 448
444 468
444 469
445 468
445 469
449 453
449 454
450 467
450 469
450 856
451 453
451 454
451 856
452 467
452 469
452 856
453 464
453 465
453 468
453 469
455 856
456 467
456 469
457 856
458 464
458 465
458 468
458 469
458 779
458 786
459 779
459 786
460 464
460 465
460 467
460 468
460 469
461 781
461 786
461 788
461 791
463 473
464 856
465 856
466 473
466 769
466 776
466 782
466 786
466 791
466 808
466 810
466 1196
466 1324
467 769
467 776
467 1186
467 1189
467 2622
467 2627
468 769
468 772
468 776
468 778
468 852
468 858
468 1186
468 1189
468 2622
468 2627
469 769
469 772
469 776
469 778
469 852
469 858
469 1186
469 1189
469 2622
469 2627
470 849
470 856
470 861
470 868
470 871
470 876
470 881
470 885
470 1238
470 1245
470 1246
471 473
472 2617
472 2620
473 766
473 786
473 790
473 791
473 793
473 808
473 817
473 847
473 1449
473 1454
473 1458
474 764
474 852
474 858
474 1347
474 1354
474 1368
474 2617
474 2620
475 764
475 852
475 858
475 1347
475 1354
475 1368
476 852
477 763
477 764
477 1368
478 530
479 587
479 593
480 586
480 587
480 612
480 616
480 1415
480 1418
481 499
481 512
482 499
482 512
484 507
484 512
484 585
484 591
486 499
486 512
487 575
487 576
487 583
487 584
488 569
488 572
490 555
490 556
490 563
490 566
490 1156
490 1159
490 1242
490 1252
490 1271
490 1280
491 555
491 556
491 563
491 566
491 1156
491 1159
491 1242
491 1252
491 1271
491 1280
492 1156
492 1159
493 525
493 534
494 1148
494 1151
495 1183
495 1506
495 1507
496 649
496 650
496 652
496 654
497 576
497 578
497 584
497 585
498 499
498 512
498 525
498 534
498 575
498 578
498 583
498 585
498 2531
498 2532
499 502
499 524
499 627
500 507
500 512
500 521
500 531
500 585
500 591
501 578
501 585
502 512
502 591
502 597
502 1469
502 1470
502 1593
502 1597
503 586
503 587
503 612
503 616
503 1469
503 1470
503 1593
503 1597
504 1977
504 1987
505 587
505 593
506 530
507 1178
507 1179
508 532
508 541
509 591
509 597
510 736
510 741
511 649
511 650
511 652
511 654
511 660
511 664
512 524
512 627
513 578
513 585
514 818
514 819
514 1934
514 1935
514 1958
514 1977
514 1987
516 521
516 531
516 585
516 591
516 1178
516 1179
517 736
517 741
518 530
518 537
519 660
519 664
520 525
520 534
520 575
520 578
520 583
520 585
520 2531
520 2532
521 532
521 541
522 818
522 819
522 1934
522 1935
522 1958
522 2081
522 2083
525 526
525 534
525 535
525 551
525 558
525 1154
526 527
526 534
526 536
526 539
526 546
526 551
527 531
527 538
530 537
530 544
530 634
530 2533
530 2537
531 536
531 539
532 1397
532 1401
532 2081
532 2083
534 535
534 551
534 558
534 1154
535 546
535 551
536 538
537 544
537 634
537 2753
537 2754
538 539
540 555
540 556
540 1397
540 1401
540 1439
540 1440
541 555
541 556
541 1397
541 1401
542 1342
542 1347
543 628
543 632
543 1175
543 1177
543 1178
543 1179
543 1182
543 1183
543 1439
543 1440
544 565
544 571
544 2753
544 2754
545 628
545 632
545 1178
545 1179
545 1182
545 1183
545 1439
545 1440
548 564
548 569
548 1958
548 1968
549 628
549 632
549 1175
549 1177
550 565
550 571
551 1192
551 1338
552 1342
552 1347
553 564
553 569
553 1958
553 1968
554 1148
554 1151
555 568
556 568
557 1192
557 1338
561 570
561 574
562 1242
562 1252
563 570
563 574
565 571
567 568
568 1933
568 2085
570 574
570 1290
570 1293
574 1290
574 1293
575 583
575 584
575 586
575 587
575 599
575 661
575 666
575 1977
575 1987
577 1174
577 1175
578 1457
578 1459
578 1461
579 587
579 593
580 619
580 622
581 628
581 631
581 632
582 619
582 622
582 628
582 631
582 632
583 584
583 599
583 661
583 666
584 586
584 587
584 1977
584 1987
585 1457
585 1459
585 1461
586 587
586 593
586 672
586 673
586 916
586 1429
586 1430
586 1478
587 592
587 612
587 616
587 1174
587 1175
587 1177
587 1429
587 1430
587 1433
588 595
588 603
588 606
588 613
588 614
588 628
588 631
588 632
588 699
588 703
588 704
588 710
588 714
589 619
589 622
590 619
590 622
592 612
592 616
592 672
592 673
592 916
592 1478
593 1174
593 1175
593 1177
593 1433
594 619
594 622
594 628
594 631
594 632
594 1419
594 1421
594 1819
594 1870
595 603
595 606
595 613
595 614
595 628
595 631
595 632
595 699
595 703
595 704
595 710
595 714
598 619
598 622
598 628
598 631
598 632
598 1174
598 1175
598 1419
598 1421
598 1819
598 1870
600 614
600 619
601 614
601 619
602 1174
602 1175
603 619
603 622
604 619
604 620
604 622
605 613
605 619
605 625
605 629
605 631
606 613
606 619
607 619
607 620
607 622
608 622
608 625
609 622
609 625
610 625
610 629
610 631
611 704
611 710
611 714
613 635
613 637
614 635
614 637
614 972
614 973
615 704
615 710
615 714
619 625
619 628
619 629
619 631
619 632
619 635
619 637
620 625
620 629
620 972
620 973
621 625
621 631
622 625
622 628
622 629
622 631
622 632
622 710
622 714
623 625
623 631
624 628
624 631
625 626
625 628
625 631
625 632
625 699
625 703
625 710
625 714
626 631
628 629
628 630
628 923
628 945
628 952
628 1175
628 1177
629 631
629 632
629 699
629 703
630 631
631 699
631 703
631 923
631 945
631 952
631 1175
631 1177
633 645
633 1039
634 645
634 1039
636 1415
636 1418
639 1112
639 1114
639 1119
640 641
640 1022
640 1024
640 1035
640 1036
640 1045
640 1046
640 1048
640 1056
640 1057
640 1062
640 1065
640 1066
640 1072
640 1112
641 1024
641 1035
641 1037
641 1045
641 1046
641 1056
641 1057
641 1062
641 1065
641 1066
641 1072
641 1080
641 1084
641 1095
641 1103
641 1112
642 643
642 1044
643 1041
643 1051
643 1058
644 1005
644 1007
646 647
646 649
646 652
647 648
647 650
647 651
647 667
647 670
647 1005
647 1007
647 1049
647 1055
647 1083
647 1087
648 649
648 650
648 652
648 654
648 1094
648 1099
649 650
649 651
649 667
649 670
649 1005
649 1007
649 1043
649 1044
649 1049
649 1055
649 1083
649 1087
650 653
650 654
650 657
650 1070
650 1078
650 1094
650 1099
650 1174
650 1175
651 1070
651 1078
652 1043
652 1044
653 654
654 657
654 1174
654 1175
655 940
655 948
656 940
656 948
658 660
658 664
659 660
659 664
660 662
660 663
660 664
660 665
660 668
660 669
660 671
660 943
660 955
660 1052
660 1060
662 664
663 664
664 665
664 668
664 669
664 671
664 943
664 955
664 1052
664 1060
664 1090
664 1097
668 1090
668 1097
674 1174
674 1175
675 677
675 678
675 679
675 2009
675 2016
676 677
676 678
676 679
676 2009
676 2016
680 1177
680 1179
680 1455
681 1177
681 1179
681 1455
682 970
682 981
683 970
683 981
684 970
684 981
685 970
685 981
686 687
686 844
687 749
687 752
687 844
688 749
688 752
690 723
690 726
690 735
690 736
690 744
690 745
690 746
690 749
690 750
690 755
690 794
690 799
690 806
690 824
690 827
690 1181
690 1182
691 723
691 726
691 735
691 736
691 744
691 745
691 746
691 749
691 794
691 799
691 806
691 824
691 827
693 723
693 726
694 824
694 827
694 923
694 941
695 794
695 806
696 794
696 806
697 824
697 827
700 1443
700 1445
701 1443
701 1445
702 915
702 916
702 944
704 711
704 716
704 803
704 807
704 816
704 820
704 827
705 729
705 732
705 1209
705 1210
706 734
706 738
706 742
707 728
707 733
707 1209
707 1210
709 1443
709 1445
710 711
710 716
711 714
711 715
711 720
711 729
711 732
711 734
711 737
711 750
711 755
711 803
711 807
711 2079
711 2080
713 730
713 735
713 915
713 916
713 944
714 716
714 728
714 733
714 803
714 807
714 816
714 820
714 827
715 716
716 720
716 732
716 734
716 737
716 750
716 755
716 803
716 807
717 730
717 735
718 794
718 806
719 734
719 738
719 742
719 2079
719 2080
721 794
721 806
727 794
727 799
727 803
727 806
727 816
728 730
728 735
729 916
729 944
730 733
730 750
730 754
730 794
730 806
730 820
730 827
731 794
731 799
731 803
731 806
731 816
731 820
731 827
732 916
732 944
733 735
735 738
735 745
735 746
735 750
735 754
736 794
736 806
736 814
738 744
738 827
738 831
739 747
739 753
740 747
740 753
741 794
741 806
741 814
743 745
743 746
743 747
743 751
744 745
744 746
745 753
745 827
745 831
746 753
746 827
746 831
747 748
747 1429
747 1430
748 751
750 814
751 820
751 827
751 1429
751 1430
755 814
755 820
755 827
756 817
756 823
756 836
756 837
756 842
757 817
757 823
757 836
757 837
757 842
758 949
758 950
758 1415
758 1418
758 1420
759 818
759 819
759 1407
759 1410
760 761
760 808
760 816
760 817
760 824
760 828
760 835
760 836
760 841
760 1196
760 1324
760 1332
760 1342
760 1353
760 1404
760 1407
760 1410
760 1411
760 1412
760 1415
760 1416
760 1418
760 1420
760 2316
760 2334
761 808
761 816
761 817
761 824
761 828
761 835
761 836
761 841
761 1196
761 1324
761 1332
761 1342
761 1353
761 1404
761 1407
761 1410
761 1411
761 1412
761 1415
761 1416
761 1418
761 1420
761 2316
761 2334
762 780
762 787
762 818
762 819
764 808
764 817
764 1197
764 1198
764 1323
765 770
765 775
765 781
765 808
765 810
765 847
766 776
766 782
767 1396
767 1400
768 769
768 776
770 788
770 852
770 858
771 794
771 806
773 1290
773 1293
774 786
774 791
775 788
776 1367
777 781
777 788
778 783
778 791
778 818
778 819
778 835
778 841
778 853
778 1285
778 1289
778 1347
778 1354
778 1367
778 1417
778 1419
778 1469
778 1470
780 811
781 788
782 783
782 791
782 818
782 819
782 835
782 841
782 853
782 1285
782 1289
782 1367
782 1417
782 1419
782 1469
782 1470
783 821
783 825
783 829
783 834
783 835
783 840
783 1196
783 1290
783 1293
783 1307
783 1309
783 1366
783 1376
783 1380
783 1384
783 1386
783 1418
783 1420
784 816
784 824
784 1419
784 1421
785 829
785 834
785 835
785 840
785 1347
785 1354
785 1367
785 1418
785 1420
787 811
788 808
788 810
788 847
791 821
791 825
791 1196
791 1307
791 1309
791 1366
791 1376
791 1380
791 1384
791 1386
795 816
795 824
795 1419
795 1421
796 1468
796 1471
797 1468
797 1471
798 835
798 841
799 815
799 820
801 1396
801 1400
802 835
802 841
803 807
803 808
803 816
803 817
803 916
803 1478
804 808
804 817
805 835
805 841
806 815
806 820
807 808
807 816
807 817
807 916
807 1429
807 1430
807 1478
808 809
808 812
808 821
808 825
808 834
808 835
808 837
808 840
808 841
808 842
808 1326
808 1347
808 1368
809 817
809 834
809 840
810 821
810 825
810 834
810 837
810 839
810 840
810 842
810 1326
810 1347
811 818
811 819
812 817
812 834
812 840
814 1181
814 1182
816 916
816 1429
816 1430
816 1478
817 834
817 835
817 836
817 837
817 839
817 840
817 841
817 842
817 1326
817 1347
817 1368
818 828
818 829
818 834
818 837
818 839
818 840
818 916
818 1224
818 1231
818 1407
818 1410
818 1415
818 1418
818 1478
819 828
819 829
819 834
819 837
819 839
819 840
819 916
819 1224
819 1231
819 1407
819 1410
819 1415
819 1418
819 1478
822 836
822 837
822 842
823 834
823 837
823 839
823 840
824 933
824 934
824 1434
824 1435
826 837
826 842
827 933
827 934
827 1434
827 1435
828 1336
828 1352
828 1407
828 1410
829 836
829 837
829 842
830 834
830 840
832 834
832 840
832 949
832 950
833 1429
833 1430
834 836
834 837
834 842
834 954
834 955
834 1415
834 1418
834 1419
834 1421
834 1429
834 1430
835 836
835 837
835 842
835 1419
835 1421
836 840
836 1000
836 1001
836 1003
837 840
837 841
838 1429
838 1430
839 920
839 921
839 1429
839 1430
839 1465
839 2463
839 2470
840 842
840 954
840 955
840 1415
840 1418
840 1419
840 1421
840 1422
840 1423
840 1429
840 1430
841 842
841 1000
841 1001
841 1003
841 1419
841 1421
841 1422
841 1423
841 1429
841 1430
842 920
842 921
842 1429
842 1430
842 1465
842 2463
842 2470
845 847
845 852
845 853
845 858
845 1209
845 1210
846 847
846 852
846 853
846 858
846 1209
846 1210
847 1209
847 1210
848 1205
848 1209
848 1210
851 925
851 938
851 939
851 1444
852 854
852 858
852 1183
852 1209
852 1210
852 1315
852 1322
852 1333
852 1400
852 1405
853 1209
853 1210
853 1376
853 1380
855 856
856 857
856 884
856 886
857 860
857 865
857 872
857 902
857 904
858 1183
858 1209
858 1210
858 1315
858 1322
858 1333
858 1400
858 1405
859 882
859 884
859 886
860 870
860 882
860 884
860 886
862 884
862 886
862 888
862 890
862 896
862 897
862 898
862 902
862 904
863 1215
863 1220
864 882
864 884
864 886
865 870
866 1205
866 1209
866 1210
867 882
867 884
867 886
869 909
869 911
870 872
870 884
870 886
870 888
870 890
870 896
870 897
870 898
870 902
870 904
870 909
870 911
871 878
871 879
873 893
873 894
874 1215
874 1220
875 895
875 899
877 884
877 886
877 895
877 899
878 879
878 2609
878 2614
880 895
880 899
882 2609
882 2614
883 893
883 894
883 1215
883 1220
884 887
884 890
884 891
884 892
884 896
884 897
884 901
884 902
884 904
884 905
886 887
886 890
886 891
886 892
886 896
886 897
886 901
886 902
886 904
886 905
887 893
887 894
887 895
887 899
889 897
889 902
893 897
893 900
893 902
894 898
894 900
894 902
898 903
902 903
909 1215
909 1216
911 1215
911 1216
915 949
915 950
916 936
916 946
916 949
916 950
916 953
917 1091
917 1093
917 1456
917 1460
918 921
918 922
919 922
919 945
920 922
920 923
920 940
920 943
920 945
920 946
920 948
920 954
920 955
920 1465
920 1475
920 1477
921 922
921 923
921 942
921 945
921 954
921 963
921 984
921 991
921 1081
921 1082
921 1466
921 1467
922 942
922 954
922 963
922 1465
922 1466
922 1467
922 1475
922 1477
923 1475
923 1477
924 1446
924 1447
926 928
926 929
927 928
927 929
930 1164
930 1165
931 1040
931 1055
931 1060
932 988
932 994
932 1040
932 1055
932 1060
933 934
933 935
933 1419
933 1421
934 935
934 1419
934 1421
936 944
936 969
936 976
937 948
937 951
938 1163
939 1163
940 1446
940 1447
940 1465
941 948
941 951
941 1452
941 1453
943 948
943 949
943 950
943 951
943 960
943 961
943 968
943 1104
943 1105
943 1465
944 949
944 950
944 960
944 961
944 968
944 1104
944 1105
945 1465
945 1475
945 1477
946 953
946 984
946 991
946 1463
946 1465
946 1478
947 949
947 961
948 951
948 954
948 955
948 956
948 967
948 980
948 984
948 1450
948 1465
949 955
949 969
949 976
950 955
951 954
951 955
951 956
951 967
951 980
951 984
951 1450
951 1452
951 1453
953 1463
953 1478
954 1465
955 960
955 968
955 1104
955 1105
955 1465
957 983
957 989
958 964
958 965
958 977
959 964
959 965
959 977
959 1106
959 1107
962 983
962 989
964 968
964 974
964 975
964 979
965 968
965 974
965 975
966 1168
966 1169
966 1172
968 1106
968 1107
970 982
970 987
970 990
970 996
970 998
971 982
971 987
971 990
971 996
971 998
972 1168
972 1169
972 1172
974 977
975 981
975 985
978 1164
978 1165
979 981
979 985
981 987
981 992
982 1092
982 1093
985 987
985 992
986 1010
986 1012
986 1070
986 1078
988 1090
988 1092
988 1093
992 1010
992 1012
992 1070
992 1078
993 1010
993 1012
993 1013
993 1092
993 1096
994 1090
995 1010
995 1012
995 1013
997 1092
997 1096
999 1092
999 1096
1000 1006
1000 1009
1000 1094
1000 1099
1000 1424
1000 1426
1002 1010
1002 1012
1002 1013
1003 1006
1003 1009
1003 1094
1003 1099
1003 1424
1003 1426
1004 1005
1004 1007
1005 1008
1005 1040
1005 1052
1005 1055
1005 1060
1005 1067
1006 1106
1006 1108
1007 1008
1007 1040
1007 1052
1007 1055
1007 1060
1007 1067
1009 1106
1009 1108
1011 1183
1012 1018
1012 1171
1013 1018
1013 1171
1014 1183
1015 1099
1015 1101
1015 1458
1015 1462
1016 1179
1016 1183
1017 1099
1017 1101
1017 1458
1017 1462
1019 1179
1019 1183
1020 1026
1020 1027
1021 1024
1021 1025
1021 1098
1021 1104
1021 1105
1021 1112
1021 1113
1021 1119
1021 2538
1021 2540
1021 2543
1022 1024
1022 1025
1022 1037
1022 1112
1022 1114
1022 1119
1023 1076
1023 1084
1024 1025
1024 1030
1024 1031
1024 1042
1024 1047
1024 1048
1024 1077
1024 1114
1024 1119
1025 1037
1025 1042
1025 1048
1025 1114
1026 1028
1026 1029
1026 1115
1027 1028
1027 1029
1027 1115
1030 1112
1030 1114
1031 1112
1031 1114
1032 1117
1032 1123
1032 1124
1033 1117
1033 1123
1033 1124
1034 1117
1034 1124
1035 1056
1035 1059
1035 1062
1035 1064
1035 1069
1036 1037
1036 1056
1036 1059
1036 1062
1036 1064
1036 1069
1036 1080
1036 1084
1036 1095
1036 1103
1037 1048
1037 1077
1037 1081
1037 1082
1038 1112
1038 1114
1038 1119
1040 1070
1040 1078
1041 1044
1042 1077
1042 1081
1042 1082
1042 1112
1042 1114
1043 1053
1043 1061
1044 1051
1044 1053
1044 1058
1044 1061
1045 1081
1045 1082
1045 1086
1045 1089
1046 1081
1046 1082
1046 1086
1046 1089
1047 1112
1047 1114
1048 1098
1048 1104
1048 1105
1048 1112
1048 1113
1048 1114
1048 1119
1048 2538
1048 2540
1048 2543
1050 1068
1050 1070
1050 1076
1050 1078
1053 1056
1053 1062
1054 1068
1054 1070
1054 1076
1054 1078
1056 1061
1056 1079
1056 1083
1057 1179
1057 1183
1060 1070
1060 1078
1061 1062
1062 1079
1062 1083
1063 1074
1063 1075
1065 1179
1065 1183
1070 1073
1070 1076
1070 1090
1070 1097
1071 1074
1071 1075
1073 1078
1076 1078
1076 1091
1076 1093
1076 1113
1077 1114
1078 1090
1078 1097
1081 1463
1082 1463
1083 1432
1083 1464
1084 1091
1084 1093
1084 1113
1085 1092
1085 1096
1087 1432
1087 1464
1088 1092
1088 1096
1091 1471
1093 1471
1100 1102
1104 1120
1104 1122
1105 1120
1105 1122
1109 1111
1109 1116
1110 1111
1110 1116
1112 1114
1112 1119
1114 1119
1117 1126
1117 1132
1117 1971
1117 1979
1118 1175
1118 1177
1120 1175
1120 1177
1121 1498
1121 1500
1123 1126
1123 1132
1123 1971
1123 1979
1124 1971
1124 1979
1125 1498
1125 1500
1127 1129
1127 1130
1128 1129
1128 1130
1131 1135
1131 1137
1133 1136
1133 1138
1134 1135
1134 1137
1139 1142
1139 1146
1139 1147
1139 1149
1141 1142
1141 1146
1142 1143
1142 1145
1143 1146
1143 1147
1143 1149
1144 1183
1144 1506
1144 1507
1145 1146
1148 1152
1148 1153
1150 1152
1150 1153
1151 1152
1151 1153
1152 1157
1152 1158
1152 2484
1152 2486
1153 1157
1153 1158
1153 2484
1153 2486
1157 1302
1157 1304
1159 1302
1159 1304
1161 1166
1161 1167
1162 1166
1162 1167
1170 2533
1170 2537
1173 2533
1173 2537
1175 1190
1175 1191
1177 1190
1177 1191
1178 1326
1178 1347
1179 1670
1179 1751
1180 1186
1180 1189
1180 1489
1180 2502
1181 1182
1181 1186
1181 1187
1181 1189
1181 1321
1181 1326
1181 1338
1181 1347
1181 1359
1181 1362
1181 1370
1181 1427
1181 1428
1181 1489
1181 2502
1182 1325
1182 1340
1182 1342
1182 1347
1182 1349
1182 1354
1182 1396
1182 1400
1182 1424
1182 1427
1182 1428
1182 2541
1182 2542
1183 1424
1183 1427
1183 1670
1183 1751
1184 1190
1184 1191
1185 1190
1185 1191
1186 1187
1186 1321
1186 1338
1186 1359
1186 1362
1186 1370
1187 1325
1187 1340
1187 1342
1187 1347
1187 1349
1187 1354
1187 1396
1187 1400
1187 2541
1187 2542
1188 1190
1188 1191
1192 1196
1192 1302
1192 1304
1192 1307
1192 1309
1192 1310
1192 1324
1192 1326
1192 1332
1192 1342
1192 1347
1192 1353
1192 1354
1192 1356
1192 1364
1192 1536
1192 1541
1192 1596
1192 1615
1192 1669
1192 2656
1192 2667
1192 2676
1192 2682
1193 1195
1193 1302
1193 1304
1193 1309
1193 1342
1193 1353
1195 1196
1195 1309
1195 1313
1195 1326
1195 1337
1195 1342
1195 1346
1195 1347
1195 1353
1196 1198
1196 1206
1196 1214
1196 1245
1196 1253
1196 1290
1196 1293
1196 1296
1196 1297
1196 1309
1196 1323
1196 1325
1196 1326
1196 1337
1196 1342
1196 1346
1196 1353
1196 1355
1196 1387
1196 2545
1196 2651
1197 1268
1197 1274
1197 1283
1197 1307
1197 1309
1197 1368
1198 1231
1198 1232
1198 1241
1198 1258
1198 1265
1198 1309
1198 1357
1198 1365
1198 1368
1198 2605
1198 2608
1198 2609
1199 1258
1199 1265
1200 1307
1200 1309
1201 1342
1201 1353
1202 1342
1202 1353
1203 1224
1203 1231
1203 1244
1203 1245
1203 1259
1203 1317
1203 1318
1203 1340
1203 1349
1205 1339
1205 1341
1205 1369
1205 1378
1205 2698
1205 2708
1206 1231
1206 1232
1206 1238
1206 1241
1206 1246
1206 1285
1206 1289
1206 1324
1206 2577
1206 2578
1207 1225
1207 1234
1207 1236
1207 2586
1207 2589
1208 1261
1208 1272
1209 1322
1209 1327
1209 1333
1210 1322
1210 1327
1210 1333
1211 1231
1211 1232
1211 1241
1212 1231
1212 1232
1212 1241
1213 1231
1213 1232
1213 1238
1213 1241
1213 1246
1213 1285
1213 1289
1214 1231
1214 1232
1214 1238
1214 1241
1214 1246
1214 1285
1214 1289
1214 1324
1214 2577
1214 2578
1215 1226
1215 1234
1215 1235
1215 1239
1215 1256
1215 1264
1215 2580
1215 2585
1216 1294
1216 1296
1216 1298
1218 1307
1218 1309
1219 1307
1219 1309
1220 1225
1220 1226
1220 1234
1220 1235
1220 1236
1220 1239
1220 1256
1220 1264
1220 2586
1220 2589
1221 1229
1222 1261
1222 1272
1223 1235
1223 1248
1223 1249
1223 1250
1223 1251
1223 1255
1223 2580
1223 2585
1224 1247
1224 1248
1224 1279
1224 1317
1224 1322
1224 1327
1224 1328
1224 1329
1224 1330
1224 1339
1224 1340
1224 1348
1224 1349
1224 1358
1224 1359
1224 1370
1224 2548
1224 2567
1224 2576
1224 2592
1224 2598
1224 2642
1224 2644
1224 2650
1224 2653
1226 1248
1226 1250
1226 1251
1226 1255
1226 1261
1226 1267
1226 1269
1226 1270
1226 1277
1226 1370
1226 1379
1227 1229
1227 1235
1227 1249
1227 1294
1227 1296
1227 1298
1228 1229
1230 1261
1230 1267
1231 1247
1231 1248
1231 1265
1231 1273
1231 1274
1231 1279
1231 1283
1231 1317
1231 1322
1231 1323
1231 1327
1231 1328
1231 1329
1231 1330
1231 1339
1231 1340
1231 1341
1231 1348
1231 1349
1231 1358
1231 1359
1231 1370
1231 2548
1231 2567
1231 2576
1231 2592
1231 2598
1231 2642
1231 2644
1231 2650
1231 2653
1232 1233
1232 1234
1232 1265
1232 1273
1232 1274
1232 1275
1232 1279
1232 1283
1232 1323
1232 1359
1232 1370
1233 1241
1233 1244
1234 1241
1234 1244
1234 1269
1234 1270
1234 1277
1235 1239
1235 1250
1235 1257
1235 1261
1235 1267
1235 1269
1235 1270
1235 1277
1235 1370
1235 1379
1237 1317
1237 1329
1239 1250
1239 1257
1239 1370
1239 1379
1240 1261
1240 1267
1241 1265
1241 1273
1241 1274
1241 1275
1241 1279
1241 1283
1241 1322
1241 1323
1241 1327
1241 1328
1241 1330
1241 1341
1241 1349
1241 1359
1241 1370
1242 1271
1242 1280
1243 1328
1243 1330
1243 1339
1244 1317
1244 1329
1245 1307
1245 1309
1245 1317
1245 1329
1247 1254
1247 1303
1247 1306
1247 1513
1247 1516
1247 1575
1247 1578
1247 2609
1247 2614
1248 1296
1248 1297
1248 1303
1248 1306
1248 1509
1248 1513
1248 1575
1248 1578
1248 2597
1248 2605
1248 2609
1248 2614
1248 2619
1248 2622
1248 2626
1252 1271
1252 1280
1253 1307
1253 1309
1254 1513
1254 1516
1255 1296
1255 1297
1255 1298
1255 1309
1255 1311
1255 1509
1255 1513
1255 2597
1255 2605
1255 2619
1255 2622
1255 2626
1256 1309
1256 1311
1256 2633
1256 2636
1259 1317
1260 1296
1260 1298
1263 1266
1263 1309
1263 1311
1263 2617
1263 2620
1264 1301
1264 1302
1264 2581
1264 2583
1264 2633
1264 2636
1266 1309
1266 1311
1266 2617
1266 2620
1268 1323
1269 1290
1269 1291
1270 1301
1270 1302
1270 2581
1270 2583
1271 1306
1271 1307
1271 1310
1274 1323
1274 1340
1274 1349
1275 1340
1275 1349
1276 1285
1276 1289
1276 1290
1276 1291
1276 1578
1279 1317
1279 1318
1280 1306
1280 1307
1280 1310
1281 1285
1281 1289
1281 1290
1281 1291
1281 1578
1281 2617
1281 2620
1283 1323
1284 1301
1284 1302
1284 2698
1284 2708
1285 1294
1285 1296
1285 1297
1285 1298
1285 1307
1285 1309
1286 1290
1286 1291
1286 1294
1286 1296
1286 1297
1286 1298
1286 2617
1286 2620
1286 2629
1286 2631
1289 1294
1289 1296
1289 1297
1289 1298
1289 1307
1289 1309
1289 2629
1289 2631
1290 1293
1290 1301
1290 1302
1290 1305
1290 1324
1290 1336
1290 1578
1290 2698
1290 2708
1291 1301
1291 1302
1291 1578
1293 1305
1293 1324
1293 1336
1294 1300
1294 1303
1294 1501
1294 1503
1294 1505
1296 1300
1296 1303
1296 1305
1296 1309
1296 1324
1297 1305
1297 1309
1297 1324
1298 1300
1298 1303
1298 1501
1298 1503
1298 1505
1302 1304
1302 1306
1302 1307
1302 1311
1302 1312
1302 1313
1304 1306
1304 1307
1304 1311
1304 1312
1304 1313
1304 1492
1304 2537
1307 1310
1307 1311
1307 1320
1307 1323
1307 1325
1307 1326
1307 1338
1307 1342
1307 1349
1307 1359
1307 1578
1307 2629
1307 2631
1308 1492
1308 2537
1309 1313
1309 1320
1309 1323
1309 1325
1309 1326
1309 1337
1309 1338
1309 1342
1309 1346
1309 1347
1309 1349
1309 1353
1309 1355
1309 1359
1309 1387
1309 1578
1309 2545
1309 2629
1309 2631
1309 2651
1310 1311
1310 1326
1311 1346
1311 1353
1314 1328
1314 1330
1314 1339
1314 1340
1314 1349
1315 1340
1315 1349
1316 1318
1316 1328
1316 1333
1316 1339
1316 1341
1316 1343
1316 1349
1316 1359
1317 1336
1317 1340
1317 1346
1317 1349
1317 1352
1317 1359
1317 1370
1318 1322
1318 1327
1319 1369
1319 1378
1321 1336
1321 1352
1322 1328
1322 1329
1322 1333
1322 1339
1322 1340
1322 1341
1322 1343
1322 1348
1322 1349
1322 1359
1322 1369
1322 1378
1322 2698
1322 2708
1323 1357
1323 1365
1323 1368
1323 2605
1323 2608
1323 2609
1324 1326
1324 1350
1324 1372
1324 1373
1325 1336
1325 1352
1325 1396
1325 1400
1326 1332
1326 1337
1326 1347
1326 1353
1326 1354
1326 1356
1326 1364
1326 1536
1326 1541
1326 1596
1326 1615
1326 2656
1326 2667
1326 2676
1327 1328
1327 1329
1327 1330
1327 1339
1327 1340
1327 1341
1327 1348
1327 1349
1327 1359
1328 1333
1328 1334
1328 1355
1328 1363
1329 1333
1329 1336
1329 1340
1329 1346
1329 1349
1329 1352
1329 1359
1329 1370
1330 1333
1330 1334
1330 1355
1330 1363
1331 1369
1331 1378
1333 1339
1333 1340
1333 1341
1333 1349
1333 1359
1334 1340
1334 1348
1334 1349
1334 1355
1334 1359
1334 1363
1334 1378
1334 1387
1335 1359
1335 1360
1336 1342
1336 1347
1336 1350
1336 1360
1336 1362
1336 1364
1336 1372
1336 1373
1336 1383
1336 1385
1336 1411
1337 1338
1337 1347
1337 1354
1337 1367
1337 1377
1337 1385
1338 1347
1338 1353
1338 1354
1338 1669
1338 2655
1338 2666
1338 2682
1339 1355
1339 1363
1340 1343
1341 1355
1341 1363
1341 1392
1341 1396
1341 1402
1342 1352
1342 1396
1342 1400
1343 1348
1343 1355
1343 1363
1343 1378
1343 1387
1344 1357
1345 1359
1345 1360
1346 1383
1346 1385
1347 1352
1347 1371
1347 1397
1347 1403
1348 1361
1348 1369
1348 1376
1348 1378
1349 1356
1349 1361
1349 1364
1349 1374
1349 1375
1349 1376
1349 1407
1349 1410
1350 1352
1350 1360
1350 1361
1350 1369
1350 1372
1350 1376
1350 1378
1350 1385
1350 1390
1350 1392
1350 1395
1350 1396
1350 1398
1350 1402
1350 1406
1351 1385
1351 1390
1352 1360
1352 1362
1352 1364
1352 1372
1352 1373
1352 1383
1352 1385
1352 1411
1353 1377
1353 1385
1354 1371
1354 1397
1354 1403
1354 1408
1355 1395
1355 1398
1356 1359
1356 1385
1356 1390
1356 1400
1356 1402
1356 1405
1357 1383
1357 1389
1358 1359
1358 1360
1358 1369
1358 1370
1358 1377
1358 1378
1358 1380
1358 1385
1358 1390
1359 1364
1359 1369
1359 1374
1359 1375
1359 1378
1359 1379
1359 1387
1359 1390
1359 1391
1359 1396
1359 1402
1359 1405
1359 1406
1359 1407
1359 1409
1359 1410
1359 2547
1359 2654
1359 2696
1359 2699
1360 1369
1360 1372
1360 1373
1360 1378
1360 1379
1360 1390
1360 1392
1360 1394
1360 1396
1360 1398
1360 1399
1360 1400
1360 1402
1360 1405
1360 1406
1360 1407
1360 1409
1360 1410
1361 1396
1361 1400
1362 1396
1362 1400
1363 1395
1363 1398
1364 1369
1364 1378
1364 1385
1364 1390
1364 1392
1364 1394
1364 1400
1364 1402
1364 1405
1365 1383
1365 1389
1365 1400
1365 1405
1366 1383
1366 1385
1366 1396
1366 1400
1367 1371
1367 1396
1367 1400
1367 1403
1367 1408
1367 1601
1367 1602
1367 1607
1369 1370
1369 1372
1369 1381
1369 1395
1369 1398
1369 1400
1369 1404
1369 1405
1369 1407
1369 1410
1370 1378
1370 1379
1370 1387
1370 1389
1370 1390
1370 1391
1370 1396
1370 1402
1370 1405
1370 1406
1370 1409
1370 2547
1370 2654
1370 2696
1370 2699
1371 1396
1371 1400
1372 1373
1372 1378
1372 1385
1372 1390
1372 1394
1372 1395
1372 1398
1372 1399
1372 1400
1372 1405
1372 1406
1372 1407
1372 1410
1373 1385
1373 1390
1374 1400
1374 1405
1376 1400
1376 1405
1377 1379
1377 1387
1378 1381
1378 1395
1378 1398
1378 1400
1378 1404
1378 1405
1378 1407
1378 1410
1379 1380
1379 1385
1379 1389
1379 1390
1379 1402
1379 1405
1380 1387
1380 1396
1380 1400
1380 1405
1381 1395
1381 1398
1381 1405
1381 1406
1381 1408
1382 1390
1382 1396
1382 1405
1382 1408
1384 1413
1384 1414
1386 1396
1386 1400
1386 1413
1386 1414
1387 1395
1387 1398
1388 1390
1388 1396
1390 1398
1390 1406
1392 1400
1392 1405
1393 1396
1393 1400
1394 1400
1394 1405
1396 1398
1396 1400
1396 1405
1396 1406
1399 1400
1399 1405
1400 1536
1400 1541
1405 1536
1405 1541
1407 1446
1407 1447
1407 2696
1407 2705
1410 1446
1410 1447
1410 2696
1410 2705
1411 1415
1411 1418
1411 1420
1415 1429
1415 1430
1418 1429
1418 1430
1428 1585
1428 1586
1429 1585
1429 1586
1431 1436
1431 1442
1448 1451
1448 1462
1451 1454
1454 1462
1456 1472
1460 1472
1465 1475
1465 1477
1469 1470
1469 1474
1469 1475
1469 1477
1470 1474
1470 1475
1470 1477
1482 1661
1482 1662
1482 1677
1482 1742
1482 1743
1482 1746
1482 1784
1482 1787
1482 1793
1482 1794
1482 1798
1482 1834
1482 1835
1482 2030
1482 2041
1482 2042
1482 2044
1482 2047
1482 2152
1482 2780
1482 2781
1483 2193
1483 2555
1483 2645
1483 2658
1483 2659
1484 2117
1484 2119
1485 1936
1485 1937
1485 1987
1485 1990
1485 1991
1485 1996
1485 2007
1486 2011
1486 2014
1486 2015
1486 2019
1486 2023
1486 2024
1487 1569
1487 1570
1488 2641
1488 2643
1489 2014
1489 2018
1490 2496
1490 2500
1491 2496
1491 2500
1493 1990
1493 1996
1493 2007
1494 1569
1494 1570
1494 2694
1494 2708
1495 1885
1495 1926
1496 2694
1496 2708
1497 2527
1497 2528
1498 2523
1498 2524
1498 2527
1498 2528
1499 1885
1499 1926
1500 2523
1500 2524
1501 2598
1501 2603
1501 2606
1502 2598
1502 2603
1502 2606
1503 2598
1503 2603
1503 2606
1504 2014
1504 2018
1504 2609
1504 2614
1505 1567
1505 1570
1506 2001
1506 2008
1506 2094
1506 2096
1506 2110
1506 2111
1507 2001
1507 2008
1507 2110
1507 2111
1508 1567
1508 1570
1508 2603
1508 2606
1508 2611
1509 2014
1509 2018
1509 2603
1509 2606
1509 2609
1509 2611
1509 2614
1510 2617
1510 2620
1511 2001
1511 2008
1511 2094
1511 2096
1511 2617
1511 2620
1512 2529
1512 2530
1513 1577
1513 1579
1513 2507
1513 2508
1514 2507
1514 2508
1515 2529
1515 2530
1516 1577
1516 1579
1517 2529
1517 2530
1518 1951
1518 2495
1519 2324
1519 2332
1519 2391
1519 2392
1520 1951
1520 2324
1520 2332
1520 2391
1520 2392
1520 2495
1521 1540
1521 1543
1522 1540
1522 1543
1523 1546
1523 1550
1524 1546
1524 1550
1525 1546
1525 1549
1527 1537
1527 1538
1528 1537
1528 1538
1529 1968
1529 1980
1529 1986
1529 2619
1529 2622
1530 1968
1530 1980
1530 1986
1530 2619
1530 2622
1530 2632
1530 2635
1531 1532
1531 1551
1532 1917
1532 1924
1532 2544
1533 2632
1533 2635
1534 2632
1534 2635
1535 2628
1535 2630
1535 2632
1535 2635
1536 1601
1536 1602
1536 1607
1536 1628
1536 1629
1536 1639
1536 1640
1536 1645
1536 2629
1536 2631
1537 2003
1537 2005
1537 2006
1538 2003
1538 2005
1538 2006
1538 2632
1538 2635
1540 1621
1541 1601
1541 1602
1541 1607
1541 1628
1541 1629
1541 1639
1541 1640
1541 1645
1541 2629
1541 2631
1542 1557
1542 1562
1543 1621
1544 1557
1544 1562
1546 1642
1547 1557
1547 1562
1547 2545
1547 2651
1548 1599
1548 1604
1548 1613
1548 2036
1548 2037
1548 2128
1549 1557
1549 1562
1549 1642
1549 2545
1549 2651
1551 2544
1552 1936
1552 1937
1552 1987
1552 1991
1553 2618
1553 2624
1554 2618
1554 2624
1555 1623
1555 1626
1556 2618
1556 2624
1558 1578
1559 1599
1559 1604
1559 1613
1559 2036
1559 2037
1559 2128
1560 2625
1560 2628
1561 1599
1561 1604
1561 1613
1561 2036
1561 2037
1561 2128
1562 1578
1562 2625
1562 2628
1565 2628
1565 2630
1566 1623
1566 1626
1569 2511
1569 2512
1570 1783
1570 1785
1573 1783
1573 1785
1573 2511
1573 2512
1574 2629
1574 2631
1575 1890
1575 2196
1576 2629
1576 2631
1578 2548
1578 2653
1580 1670
1580 1751
1581 1583
1581 1597
1581 1604
1581 1608
1581 1700
1581 1709
1581 1716
1581 2151
1581 2167
1582 1604
1582 1608
1582 1700
1582 1709
1582 1716
1582 2151
1582 2167
1583 1970
1583 2534
1583 2535
1584 1587
1584 1622
1584 1627
1584 1700
1584 1701
1584 1709
1584 1716
1584 2533
1584 2537
1585 1587
1585 1622
1585 1627
1585 1700
1585 1701
1585 1709
1585 1716
1585 2533
1585 2537
1586 1588
1586 1589
1586 1670
1586 1678
1586 1751
1587 1699
1587 1706
1587 1708
1587 1959
1587 1969
1587 1970
1587 2533
1587 2537
1587 2700
1587 2705
1588 1617
1588 1622
1588 1670
1588 1671
1588 1706
1588 1714
1589 1617
1589 1622
1589 1630
1589 1633
1589 1636
1590 1646
1590 1647
1591 1646
1591 1647
1591 2226
1591 2230
1592 2226
1592 2230
1595 1670
1595 1700
1595 1709
1595 1716
1595 1751
1596 1603
1596 1604
1597 1970
1597 2534
1597 2535
1598 1984
1598 1991
1598 1996
1599 1601
1599 1602
1599 1607
1601 1613
1601 1990
1601 1996
1601 2629
1601 2631
1602 1613
1602 1990
1602 1996
1602 2629
1602 2631
1603 1615
1603 1618
1603 1625
1603 1980
1603 1986
1604 1615
1604 1618
1604 1625
1604 2642
1604 2644
1605 2005
1605 2006
1606 2021
1606 2022
1607 1613
1607 1990
1607 1996
1607 2629
1607 2631
1608 2642
1608 2644
1609 1708
1609 1709
1609 1715
1609 2049
1609 2051
1610 1616
1610 1619
1610 1708
1610 1709
1610 1715
1610 2049
1610 2051
1611 2005
1611 2006
1612 1980
1612 1984
1612 1986
1612 1991
1612 1996
1614 2009
1614 2016
1614 2021
1614 2022
1616 1617
1617 1619
1617 1670
1617 1678
1617 1751
1619 1656
1619 1658
1620 1744
1620 2183
1621 2009
1621 2016
1621 2021
1621 2022
1622 1670
1622 1699
1622 1706
1622 1708
1622 1751
1622 2533
1622 2537
1624 1670
1624 1751
1624 2533
1624 2537
1627 1670
1627 1671
1627 1699
1627 1706
1627 1708
1627 1714
1627 1959
1627 1969
1627 1970
1627 2700
1627 2705
1630 1714
1631 1633
1631 1636
1632 1647
1632 1649
1633 1634
1633 1647
1633 1649
1633 1714
1634 1636
1636 1714
1639 1640
1639 1645
1640 1645
1640 1651
1640 1733
1645 1651
1645 1733
1651 2297
1651 2317
1652 1686
1652 1691
1654 1686
1654 1691
1654 1908
1654 1912
1654 2673
1654 2677
1655 1908
1655 1912
1655 2673
1655 2677
1656 1679
1656 1696
1656 1699
1656 1706
1656 1709
1656 1716
1657 1696
1657 1699
1657 1706
1658 1679
1658 1709
1658 1716
1659 1700
1659 1715
1660 1790
1660 1792
1660 1793
1660 1795
1660 1796
1661 1662
1661 1790
1661 1792
1661 1793
1661 1794
1661 1795
1661 2040
1661 2041
1662 1677
1662 1742
1662 1743
1662 1746
1662 1784
1662 1787
1662 1793
1662 1794
1662 1798
1662 1834
1662 1835
1662 2030
1662 2041
1662 2042
1662 2044
1662 2047
1662 2152
1662 2780
1662 2781
1663 1665
1663 1666
1665 1685
1665 1694
1665 1695
1665 1702
1665 1703
1665 2729
1665 2730
1666 1685
1666 1694
1666 1695
1666 1702
1666 1703
1666 2729
1666 2730
1667 1726
1667 1729
1668 1726
1668 1729
1669 1732
1669 1735
1670 1964
1670 2217
1670 2533
1670 2537
1670 2693
1671 2533
1671 2537
1672 1700
1672 1715
1672 2533
1672 2537
1673 1792
1673 1793
1674 1792
1674 1793
1675 1771
1675 1799
1676 1705
1676 1711
1676 1791
1676 1795
1677 1705
1677 1711
1677 1790
1677 1791
1677 1792
1677 1793
1677 1794
1677 1795
1677 1796
1677 2040
1677 2041
1679 1708
1679 1715
1680 1708
1680 1715
1681 1771
1681 1799
1682 1771
1682 1799
1683 1684
1683 1693
1683 1771
1683 1792
1683 1794
1683 1795
1683 1798
1683 1799
1683 1801
1684 1697
1684 1710
1684 1718
1684 1719
1684 1790
1684 1791
1684 1792
1684 1798
1684 2185
1684 2186
1687 1783
1687 1786
1688 1771
1688 1778
1688 1783
1688 1786
1688 1799
1689 1704
1689 1710
1689 1792
1689 1798
1689 1884
1689 1893
1689 1894
1689 2185
1689 2186
1689 2225
1689 2228
1690 1744
1690 2183
1692 1778
1692 1799
1692 2727
1692 2730
1693 1697
1693 1704
1693 1710
1693 1718
1693 1719
1693 1790
1693 1791
1693 1792
1693 1798
1693 1884
1693 1893
1693 1894
1693 2185
1693 2186
1693 2225
1693 2228
1694 2726
1696 1700
1696 1701
1697 1771
1697 1792
1697 1794
1697 1795
1697 1798
1697 1799
1697 1801
1699 1700
1699 1701
1702 2726
1704 1778
1704 1799
1704 2727
1704 2730
1705 2718
1705 2720
1707 1720
1707 1722
1708 1718
1708 1721
1708 1777
1708 1785
1708 2539
1708 2541
1710 2657
1710 2673
1710 2697
1710 2704
1711 1728
1711 1731
1711 2718
1711 2720
1712 1720
1712 1722
1713 1728
1713 1731
1715 1718
1715 1721
1715 1777
1715 1785
1715 2539
1715 2541
1717 1728
1717 1731
1718 1728
1718 1731
1718 2657
1718 2673
1718 2697
1718 2704
1721 1728
1721 1731
1723 1724
1727 2704
1727 2707
1729 2223
1729 2236
1730 2704
1730 2707
1732 1990
1732 1991
1732 1996
1732 1997
1732 2003
1732 2201
1732 2206
1732 2682
1732 2719
1732 2720
1733 2297
1733 2317
1734 2223
1734 2236
1735 1990
1735 1991
1735 1996
1735 1997
1735 2003
1735 2201
1735 2206
1735 2682
1735 2719
1735 2720
1736 2166
1736 2171
1737 1769
1737 1778
1737 1780
1737 1786
1737 1799
1737 2166
1737 2171
1738 1778
1738 1799
1739 2079
1739 2080
1740 1769
1740 1780
1740 2027
1740 2028
1741 1745
1741 1747
1741 1759
1741 1769
1741 1780
1741 2027
1741 2028
1741 2033
1741 2043
1741 2130
1741 2131
1743 2155
1743 2160
1744 1756
1744 1766
1744 1777
1744 1785
1744 2175
1744 2177
1745 2075
1746 2045
1746 2046
1746 2079
1746 2080
1747 2075
1748 2155
1748 2159
1748 2160
1748 2165
1748 2166
1749 1769
1749 1780
1750 1769
1750 1775
1750 1779
1750 1780
1750 2054
1750 2056
1751 1964
1751 2217
1751 2533
1751 2537
1751 2693
1752 2075
1752 2078
1753 2052
1753 2055
1753 2060
1753 2061
1754 2036
1754 2037
1754 2049
1754 2051
1754 2072
1754 2075
1754 2128
1755 2078
1755 2079
1756 2155
1756 2159
1756 2160
1756 2165
1756 2166
1756 2180
1757 2084
1757 2086
1758 2059
1758 2062
1758 2078
1758 2079
1758 2080
1759 1775
1759 1779
1759 2054
1759 2056
1759 2078
1760 2043
1760 2048
1760 2075
1760 2078
1761 2052
1761 2055
1761 2060
1761 2061
1761 2063
1761 2066
1761 2075
1761 2078
1761 2780
1761 2781
1762 2036
1762 2037
1762 2072
1762 2075
1762 2128
1763 2084
1763 2086
1764 2043
1764 2048
1765 1768
1765 1770
1765 2059
1765 2062
1766 2159
1766 2165
1766 2166
1766 2180
1767 2052
1767 2055
1767 2060
1767 2061
1767 2063
1767 2066
1767 2133
1767 2154
1767 2164
1767 2231
1767 2780
1767 2781
1768 1774
1768 2052
1768 2055
1768 2060
1768 2061
1768 2068
1768 2069
1768 2149
1768 2153
1769 1784
1769 1787
1769 2078
1769 2086
1769 2166
1769 2171
1770 1774
1770 2068
1770 2069
1770 2149
1770 2153
1771 2043
1771 2048
1772 2145
1772 2150
1772 2152
1772 2162
1772 2164
1772 2170
1773 2068
1773 2069
1773 2149
1773 2153
1774 2059
1774 2062
1774 2079
1774 2080
1775 2079
1775 2080
1775 2145
1775 2152
1776 2049
1776 2051
1776 2052
1776 2055
1776 2060
1776 2061
1777 2183
1777 2184
1778 2086
1778 2533
1778 2537
1778 2727
1778 2728
1779 2079
1779 2080
1780 1784
1780 1787
1780 1790
1780 1791
1780 1795
1780 1800
1780 1801
1780 2086
1780 2162
1780 2165
1780 2166
1780 2171
1780 2175
1780 2177
1781 1800
1781 1801
1781 2150
1781 2162
1781 2164
1781 2170
1782 2133
1782 2154
1782 2164
1782 2231
1783 2722
1783 2723
1784 1792
1784 1798
1785 2183
1785 2184
1785 2722
1785 2723
1786 1901
1786 1903
1786 2086
1786 2533
1786 2537
1786 2727
1786 2728
1787 1792
1787 1798
1788 1790
1788 1791
1788 1795
1788 1802
1788 1803
1788 1804
1788 2150
1788 2162
1788 2163
1788 2165
1788 2169
1788 2172
1788 2175
1788 2177
1789 1901
1789 1903
1789 2531
1789 2532
1790 2177
1790 2179
1791 1795
1791 1802
1791 1803
1791 1804
1791 2150
1791 2163
1791 2169
1791 2172
1791 2177
1791 2179
1792 1800
1792 1801
1792 1901
1792 1903
1792 2173
1792 2177
1792 2531
1792 2532
1793 2177
1793 2179
1793 2732
1793 2733
1794 1802
1794 1804
1794 2177
1794 2179
1794 2732
1794 2733
1795 2177
1795 2179
1796 2177
1796 2179
1797 2727
1797 2728
1798 1800
1798 1801
1798 1802
1798 1804
1798 2173
1798 2177
1799 2086
1800 1802
1800 1803
1800 1804
1801 1802
1801 1803
1801 1804
1801 2177
1801 2179
1805 2780
1805 2782
1806 1808
1806 2116
1807 1838
1807 1840
1807 1844
1807 1850
1807 1851
1807 1855
1807 1859
1807 2118
1807 2121
1807 2122
1807 2123
1807 2125
1807 2316
1807 2334
1808 1825
1808 1840
1808 1844
1808 1849
1808 1854
1808 1856
1808 1857
1808 2118
1808 2121
1808 2122
1808 2125
1808 2127
1808 2316
1808 2334
1809 2122
1809 2127
1809 2134
1809 2135
1810 2054
1810 2056
1810 2097
1810 2101
1810 2190
1810 2219
1811 2229
1811 2235
1812 1845
1812 1852
1812 2030
1812 2041
1813 1871
1813 1874
1814 1871
1814 1874
1815 2147
1815 2156
1816 1846
1816 1854
1816 2198
1816 2205
1817 2780
1817 2781
1818 1864
1818 1866
1819 1865
1819 1869
1819 2753
1819 2754
1820 2751
1820 2754
1823 2134
1823 2135
1823 2146
1823 2149
1824 1974
1824 1976
1824 1986
1824 2124
1824 2126
1825 1826
1825 1831
1825 1840
1825 1844
1825 1849
1825 1854
1825 2116
1825 2124
1825 2126
1825 2780
1825 2781
1825 2782
1826 1831
1827 1838
1827 1840
1827 1850
1827 1851
1827 1855
1827 1856
1827 1857
1827 1859
1828 1849
1828 1854
1829 2054
1829 2056
1829 2097
1829 2101
1829 2190
1829 2219
1830 1845
1830 1852
1830 1974
1830 1976
1830 1986
1830 2030
1830 2041
1831 1840
1831 1844
1831 1849
1831 1854
1831 2780
1831 2781
1832 2229
1832 2235
1833 1838
1833 1840
1833 2780
1833 2781
1834 1840
1834 1844
1836 2229
1836 2235
1837 1838
1837 1840
1838 1840
1838 1844
1839 2780
1839 2781
1840 1841
1840 1853
1840 1858
1840 2038
1840 2103
1840 2107
1840 2116
1840 2129
1841 1844
1841 1849
1841 1854
1841 1891
1841 2201
1842 2780
1842 2781
1843 2098
1843 2101
1844 1853
1844 1858
1844 2038
1844 2103
1844 2107
1844 2116
1844 2129
1845 2098
1845 2101
1846 2782
1847 1849
1847 1854
1847 1891
1847 2201
1848 2780
1848 2781
1849 1853
1849 1858
1850 1853
1850 1858
1850 1864
1850 1866
1850 2780
1850 2781
1853 1854
1853 1857
1854 1858
1854 2782
1856 1860
1856 1861
1856 1863
1857 1858
1857 1860
1857 1861
1857 1863
1857 1864
1857 1866
1857 2780
1857 2781
1862 2774
1862 2775
1864 2770
1865 1870
1866 2770
1867 2774
1867 2775
1868 2216
1868 2220
1869 1870
1869 2765
1869 2766
1870 2753
1870 2754
1871 2140
1871 2148
1872 2765
1872 2766
1873 2216
1873 2220
1874 2140
1874 2148
1875 2027
1875 2033
1875 2140
1875 2147
1875 2148
1876 1885
1876 2027
1876 2033
1876 2140
1876 2147
1876 2148
1876 2199
1876 2780
1876 2781
1877 2780
1877 2781
1878 1885
1878 2147
1878 2156
1878 2199
1879 2093
1879 2407
1879 2467
1879 2468
1880 2093
1880 2407
1880 2467
1880 2468
1880 2759
1880 2762
1881 2759
1881 2762
1882 2759
1882 2763
1883 2759
1883 2763
1884 2193
1884 2555
1884 2645
1884 2658
1885 2617
1885 2620
1886 1919
1886 1921
1886 1924
1886 2197
1886 2198
1886 2199
1886 2204
1886 2205
1886 2674
1886 2678
1887 2684
1887 2686
1887 2688
1887 2780
1887 2781
1888 2656
1888 2667
1889 2197
1889 2204
1890 2191
1890 2197
1890 2200
1890 2204
1890 2212
1890 2655
1890 2666
1890 2683
1891 2667
1891 2676
1892 2147
1892 2148
1892 2156
1894 2193
1894 2645
1894 2658
1895 1929
1895 1930
1895 1931
1895 2243
1895 2246
1895 2247
1895 2248
1895 2252
1895 2254
1895 2282
1896 1929
1896 1930
1896 2243
1896 2246
1896 2254
1896 2282
1897 1898
1897 2249
1898 1899
1898 1918
1898 2249
1899 2249
1900 2532
1900 2533
1902 2532
1902 2533
1904 1909
1904 1914
1904 1915
1905 1909
1905 1914
1905 1915
1906 1911
1906 2245
1907 1911
1907 2245
1910 2197
1910 2203
1910 2204
1911 2333
1911 2339
1913 1921
1913 1924
1914 1921
1914 1924
1914 2197
1914 2203
1914 2204
1916 1921
1916 1924
1917 1921
1917 1924
1917 2587
1917 2588
1917 2643
1918 2249
1919 2197
1919 2198
1919 2199
1919 2204
1919 2205
1919 2674
1919 2678
1920 2193
1920 2658
1921 1924
1921 2199
1922 2246
1922 2252
1922 2597
1922 2605
1923 2198
1923 2204
1923 2205
1924 2199
1924 2587
1924 2588
1924 2643
1925 2597
1925 2605
1927 2193
1927 2645
1927 2658
1928 2193
1928 2645
1928 2658
1929 2246
1929 2252
1930 2244
1931 2244
1935 2060
1935 2061
1935 2062
1935 2067
1935 2071
1935 2741
1935 2747
1936 1974
1936 1976
1936 2060
1936 2061
1936 2062
1936 2067
1936 2071
1937 1974
1937 1976
1938 1988
1938 2000
1939 1988
1939 2000
1940 1988
1940 2000
1941 1954
1941 1955
1942 1943
1942 1951
1942 2032
1942 2114
1942 2115
1942 2495
1943 1951
1943 2032
1943 2114
1943 2115
1943 2495
1944 2011
1944 2014
1944 2015
1944 2019
1944 2023
1944 2024
1945 1947
1945 1948
1946 1947
1946 1948
1948 2306
1948 2307
1949 2103
1949 2113
1949 2499
1949 2501
1950 2492
1950 2493
1951 1990
1951 1996
1951 2464
1951 2471
1951 2490
1951 2494
1951 2496
1951 2500
1952 2496
1952 2500
1953 1965
1953 1978
1954 1956
1955 1956
1956 2025
1956 2026
1957 1960
1957 1973
1957 2025
1957 2026
1957 2313
1957 2430
1960 1972
1960 1981
1960 1988
1960 2000
1961 1985
1961 1989
1961 2192
1961 2683
1962 2741
1962 2747
1965 1966
1966 1978
1967 1974
1967 1976
1972 1973
1972 2025
1972 2026
1972 2313
1972 2430
1973 1981
1973 1985
1973 1988
1973 1989
1973 2000
1973 2192
1973 2683
1974 1975
1974 1990
1974 1991
1974 1996
1974 2011
1974 2014
1974 2174
1974 2178
1974 2533
1974 2537
1974 2743
1974 2748
1974 2780
1974 2781
1975 1976
1976 1990
1976 1991
1976 1996
1976 2011
1976 2014
1976 2174
1976 2178
1976 2533
1976 2537
1976 2743
1976 2748
1976 2780
1976 2781
1982 2009
1982 2016
1983 2009
1983 2016
1984 2533
1984 2537
1985 1992
1985 1993
1985 1995
1985 1998
1985 2010
1985 2013
1988 2000
1988 2064
1988 2070
1988 2754
1988 2758
1990 2143
1990 2150
1990 2495
1990 2535
1990 2537
1991 2533
1991 2537
1992 1993
1992 1995
1992 1998
1992 2009
1992 2010
1992 2011
1992 2012
1992 2014
1992 2016
1992 2020
1992 2533
1992 2537
1993 1995
1993 1998
1993 2009
1993 2010
1993 2011
1993 2012
1993 2013
1993 2014
1993 2016
1993 2017
1993 2018
1993 2020
1994 2009
1994 2016
1995 1998
1995 2009
1995 2010
1995 2011
1995 2012
1995 2013
1995 2014
1995 2016
1995 2017
1995 2018
1995 2020
1996 2143
1996 2150
1996 2495
1996 2533
1996 2535
1996 2537
1998 2002
1998 2004
1998 2005
1998 2009
1998 2016
1999 2103
1999 2113
1999 2499
1999 2501
2000 2064
2000 2070
2000 2754
2000 2758
2002 2009
2002 2010
2002 2011
2002 2014
2002 2016
2002 2533
2002 2537
2003 2009
2003 2016
2003 2744
2003 2749
2003 2751
2004 2009
2004 2010
2004 2016
2005 2009
2005 2010
2005 2016
2006 2009
2006 2016
2006 2744
2006 2749
2006 2751
2009 2010
2010 2016
2014 2502
2018 2502
2029 2740
2029 2742
2031 2177
2031 2179
2033 2075
2033 2078
2033 2093
2033 2407
2034 2324
2034 2332
2035 2072
2035 2075
2035 2313
2035 2314
2035 2740
2035 2742
2037 2055
2037 2058
2038 2069
2038 2072
2039 2069
2039 2072
2040 2072
2040 2075
2042 2324
2042 2332
2043 2075
2043 2078
2043 2093
2043 2407
2044 2313
2044 2314
2045 2055
2045 2058
2045 2076
2045 2077
2045 2152
2046 2076
2046 2077
2046 2152
2049 2054
2049 2056
2050 2054
2050 2056
2051 2054
2051 2056
2053 2062
2053 2063
2054 2056
2054 2311
2054 2312
2056 2311
2056 2312
2057 2062
2057 2063
2059 2066
2059 2067
2059 2071
2059 2073
2059 2074
2059 2145
2059 2152
2060 2092
2060 2094
2060 2096
2061 2092
2061 2094
2061 2096
2062 2066
2062 2067
2062 2145
2062 2152
2062 2748
2062 2752
2063 2071
2063 2073
2063 2074
2065 2748
2065 2752
2068 2153
2068 2154
2069 2153
2069 2154
2076 2079
2076 2080
2078 2130
2078 2131
2079 2138
2079 2141
2079 2142
2079 2145
2079 2146
2079 2149
2079 2152
2079 2752
2079 2755
2080 2138
2080 2141
2080 2142
2080 2145
2080 2146
2080 2149
2080 2152
2080 2752
2080 2755
2086 2166
2086 2171
2087 2415
2087 2418
2088 2091
2088 2092
2088 2094
2088 2417
2088 2423
2089 2417
2089 2423
2090 2423
2090 2424
2091 2410
2092 2095
2092 2410
2092 2423
2092 2424
2093 2097
2093 2098
2093 2753
2093 2754
2094 2095
2094 2408
2094 2410
2094 2414
2096 2352
2096 2358
2096 2360
2096 2366
2096 2374
2096 2408
2096 2414
2097 2407
2098 2407
2099 2352
2099 2358
2099 2360
2099 2366
2099 2374
2100 2375
2100 2376
2102 2375
2102 2376
2104 2134
2104 2135
2104 2146
2104 2149
2105 2106
2105 2112
2106 2110
2108 2117
2108 2119
2109 2122
2109 2127
2109 2146
2109 2149
2110 2112
2113 2117
2113 2119
2116 2118
2116 2121
2116 2122
2116 2123
2116 2125
2116 2127
2116 2316
2116 2334
2117 2405
2119 2120
2119 2123
2119 2405
2120 2121
2121 2123
2124 2126
2130 2177
2130 2179
2132 2146
2132 2149
2134 2155
2134 2160
2135 2155
2135 2160
2136 2207
2136 2210
2137 2140
2137 2148
2139 2199
2139 2202
2140 2157
2144 2199
2144 2202
2145 2741
2145 2743
2146 2177
2146 2179
2146 2187
2147 2195
2147 2233
2147 2235
2148 2157
2148 2195
2149 2177
2149 2179
2149 2187
2151 2768
2151 2771
2152 2741
2152 2743
2154 2741
2154 2747
2155 2188
2155 2768
2155 2771
2156 2195
2156 2233
2156 2235
2157 2207
2157 2210
2158 2741
2158 2747
2159 2162
2159 2165
2159 2174
2159 2178
2160 2188
2162 2165
2166 2174
2166 2178
2171 2174
2171 2178
2175 2183
2176 2225
2176 2228
2177 2183
2178 2225
2178 2228
2189 2229
2189 2235
2190 2698
2190 2708
2191 2196
2191 2215
2191 2690
2191 2693
2191 2694
2194 2667
2194 2676
2196 2197
2196 2204
2196 2683
2197 2642
2197 2644
2197 2780
2197 2781
2198 2684
2198 2686
2198 2688
2198 2780
2198 2781
2198 2782
2199 2617
2199 2620
2200 2201
2200 2206
2201 2212
2201 2544
2201 2646
2201 2655
2201 2666
2201 2667
2201 2676
2203 2656
2203 2667
2203 2780
2203 2781
2204 2642
2204 2644
2205 2782
2206 2212
2206 2544
2206 2646
2208 2211
2209 2656
2209 2667
2213 2698
2213 2708
2214 2698
2214 2708
2215 2687
2218 2229
2218 2235
2219 2233
2219 2234
2221 2229
2221 2235
2222 2229
2222 2233
2224 2233
2224 2234
2226 2713
2226 2716
2227 2229
2227 2233
2229 2725
2229 2727
2229 2731
2232 2713
2232 2716
2235 2725
2235 2727
2235 2731
2237 2246
2237 2252
2237 2555
2237 2659
2238 2243
2238 2246
2238 2252
2238 2282
2238 2556
2238 2559
2239 2588
2239 2594
2240 2243
2240 2246
2240 2252
2240 2282
2240 2556
2240 2559
2241 2616
2241 2620
2242 2253
2242 2257
2242 2289
2242 2291
2243 2244
2243 2597
2243 2605
2244 2246
2244 2247
2244 2248
2244 2254
2244 2270
2244 2275
2244 2282
2245 2333
2245 2339
2250 2270
2250 2275
2251 2253
2251 2257
2251 2267
2251 2273
2251 2283
2251 2285
2252 2588
2252 2594
2253 2260
2253 2271
2253 2273
2253 2279
2253 2282
2253 2283
2253 2285
2255 2266
2255 2267
2255 2268
2255 2270
2255 2272
2255 2273
2255 2274
2255 2275
2255 2277
2256 2262
2256 2264
2256 2266
2256 2268
2256 2272
2257 2260
2257 2268
2257 2271
2257 2272
2257 2273
2257 2279
2257 2282
2257 2283
2257 2285
2258 2266
2258 2267
2258 2270
2258 2272
2258 2273
2258 2274
2258 2275
2258 2277
2259 2268
2259 2272
2260 2267
2260 2273
2260 2283
2260 2285
2261 2270
2261 2275
2262 2264
2262 2266
2262 2268
2262 2272
2263 2264
2263 2266
2263 2270
2263 2275
2265 2616
2265 2620
2266 2569
2266 2574
2268 2275
2268 2279
2268 2284
2268 2286
2268 2287
2268 2288
2268 2289
2268 2290
2268 2293
2268 2294
2269 2289
2269 2291
2270 2286
2270 2290
2270 2569
2270 2574
2272 2275
2272 2279
2272 2284
2272 2286
2272 2287
2272 2288
2272 2289
2272 2290
2272 2291
2272 2293
2272 2294
2274 2295
2274 2296
2275 2286
2275 2290
2275 2569
2275 2574
2275 2586
2275 2589
2276 2286
2276 2290
2277 2295
2277 2296
2278 2289
2278 2291
2279 2586
2279 2589
2280 2286
2280 2290
2281 2286
2281 2290
2282 2289
2282 2291
2282 2586
2282 2589
2282 2597
2282 2605
2289 2292
2291 2292
2297 2322
2297 2352
2299 2324
2299 2332
2300 2757
2300 2763
2301 2454
2301 2455
2301 2757
2301 2763
2302 2736
2302 2737
2303 2323
2303 2330
2304 2341
2304 2347
2304 2516
2304 2520
2305 2516
2305 2517
2305 2520
2306 2509
2307 2509
2308 2518
2308 2522
2309 2517
2309 2519
2310 2314
2310 2381
2310 2384
2310 2412
2310 2428
2314 2413
2314 2416
2314 2440
2315 2413
2315 2416
2316 2331
2316 2337
2316 2346
2316 2350
2316 2449
2316 2450
2317 2322
2317 2352
2318 2525
2318 2526
2319 2516
2319 2520
2320 2323
2320 2330
2320 2347
2320 2351
2321 2773
2321 2774
2324 2346
2324 2350
2324 2401
2324 2452
2324 2454
2324 2455
2324 2456
2324 2461
2324 2734
2324 2745
2324 2767
2324 2769
2324 2778
2325 2773
2325 2774
2326 2398
2326 2399
2327 2341
2327 2347
2327 2359
2327 2360
2327 2525
2327 2526
2328 2347
2328 2351
2329 2359
2329 2360
2331 2344
2331 2734
2331 2745
2332 2401
2332 2452
2332 2456
2332 2461
2332 2767
2332 2769
2332 2778
2333 2346
2333 2350
2333 2398
2333 2399
2333 2674
2333 2678
2334 2346
2334 2350
2334 2449
2334 2450
2335 2359
2335 2360
2336 2516
2336 2517
2336 2519
2336 2520
2337 2344
2338 2346
2338 2350
2338 2490
2338 2494
2339 2346
2339 2350
2339 2674
2339 2678
2340 2516
2340 2517
2340 2519
2340 2520
2343 2490
2343 2494
2344 2346
2344 2350
2345 2526
2345 2527
2346 2356
2346 2362
2346 2364
2346 2373
2348 2779
2348 2780
2349 2519
2349 2520
2349 2525
2350 2362
2350 2373
2353 2779
2353 2780
2354 2356
2354 2364
2355 2519
2355 2520
2355 2525
2356 2461
2356 2465
2359 2526
2359 2527
2360 2361
2360 2362
2360 2367
2360 2368
2360 2370
2360 2371
2360 2373
2360 2374
2360 2449
2360 2450
2360 2525
2360 2526
2360 2527
2361 2362
2361 2366
2361 2368
2361 2370
2361 2371
2361 2373
2361 2374
2361 2449
2361 2450
2361 2504
2361 2505
2361 2525
2361 2526
2362 2383
2362 2389
2362 2400
2362 2436
2362 2437
2362 2466
2363 2372
2363 2373
2364 2461
2364 2465
2365 2526
2365 2527
2366 2367
2366 2378
2366 2380
2366 2504
2366 2505
2367 2378
2367 2380
2367 2383
2367 2389
2367 2400
2367 2436
2367 2437
2367 2466
2367 2504
2367 2505
2368 2779
2368 2780
2368 2781
2369 2779
2369 2780
2369 2781
2372 2373
2376 2383
2376 2385
2377 2382
2377 2386
2377 2387
2377 2388
2378 2383
2378 2385
2379 2382
2379 2386
2379 2387
2379 2388
2381 2440
2384 2440
2386 2434
2386 2438
2387 2398
2387 2399
2387 2403
2387 2471
2389 2434
2389 2438
2390 2398
2390 2399
2390 2403
2390 2471
2393 2394
2393 2395
2393 2419
2393 2422
2393 2460
2393 2462
2393 2469
2394 2463
2395 2463
2396 2460
2396 2468
2397 2460
2397 2468
2402 2464
2402 2471
2403 2492
2403 2493
2404 2455
2404 2457
2404 2473
2404 2475
2404 2479
2404 2492
2404 2493
2406 2415
2406 2418
2407 2753
2407 2754
2408 2414
2408 2764
2408 2765
2409 2440
2409 2441
2410 2417
2410 2423
2411 2462
2411 2469
2412 2440
2414 2764
2414 2765
2415 2426
2415 2427
2418 2426
2418 2427
2419 2463
2420 2440
2420 2441
2421 2432
2421 2433
2422 2463
2425 2432
2425 2433
2428 2440
2429 2435
2429 2439
2431 2435
2431 2439
2432 2536
2432 2538
2437 2536
2437 2538
2439 2444
2439 2445
2439 2446
2439 2447
2442 2444
2442 2445
2442 2446
2442 2447
2443 2448
2443 2451
2444 2454
2444 2455
2446 2448
2446 2451
2446 2454
2446 2455
2449 2454
2449 2455
2453 2464
2453 2471
2455 2459
2457 2459
2458 2487
2458 2488
2458 2491
2459 2473
2459 2475
2459 2479
2459 2487
2459 2488
2459 2491
2460 2463
2461 2474
2461 2479
2462 2470
2463 2476
2463 2480
2463 2490
2463 2494
2464 2477
2464 2478
2464 2492
2464 2493
2464 2495
2465 2474
2465 2479
2469 2470
2470 2476
2470 2480
2470 2490
2470 2494
2471 2495
2472 2477
2472 2478
2472 2492
2472 2493
2475 2487
2475 2488
2479 2487
2479 2488
2481 2484
2481 2486
2482 2484
2482 2486
2483 2487
2483 2488
2483 2491
2485 2487
2485 2488
2485 2491
2487 2499
2487 2501
2488 2499
2488 2501
2489 2496
2489 2500
2490 2495
2490 2497
2490 2498
2491 2499
2491 2501
2492 2495
2492 2497
2492 2498
2493 2495
2493 2497
2493 2498
2494 2495
2494 2497
2494 2498
2495 2496
2495 2500
2496 2499
2496 2501
2499 2500
2500 2501
2503 2523
2503 2524
2506 2523
2506 2524
2510 2641
2510 2643
2513 2521
2513 2522
2514 2521
2514 2522
2515 2518
2515 2522
2516 2745
2517 2745
2520 2745
2533 2708
2533 2710
2537 2708
2537 2710
2539 2544
2539 2545
2541 2544
2541 2545
2544 2657
2544 2673
2545 2550
2545 2599
2545 2657
2545 2673
2546 2577
2546 2578
2547 2616
2547 2620
2547 2647
2547 2650
2547 2653
2547 2657
2547 2660
2547 2665
2547 2673
2548 2550
2548 2554
2548 2594
2548 2599
2548 2613
2548 2616
2548 2619
2548 2620
2548 2622
2548 2647
2548 2654
2548 2655
2549 2550
2549 2554
2549 2594
2549 2599
2549 2619
2549 2622
2549 2647
2550 2619
2550 2622
2550 2626
2550 2648
2550 2650
2550 2651
2550 2652
2551 2648
2551 2652
2551 2664
2552 2619
2552 2622
2552 2655
2552 2666
2553 2587
2553 2588
2554 2626
2554 2694
2554 2708
2555 2648
2555 2664
2557 2558
2557 2562
2557 2586
2557 2589
2558 2563
2558 2573
2558 2574
2558 2577
2558 2578
2558 2580
2558 2582
2560 2590
2560 2593
2561 2577
2561 2578
2561 2590
2561 2593
2562 2563
2562 2573
2562 2574
2562 2580
2562 2582
2564 2593
2564 2597
2565 2588
2565 2594
2566 2593
2566 2597
2568 2588
2568 2594
2569 2614
2569 2617
2570 2629
2570 2631
2572 2629
2572 2631
2573 2580
2573 2582
2573 2585
2573 2590
2573 2595
2573 2597
2573 2601
2573 2614
2573 2617
2574 2580
2574 2582
2574 2585
2574 2597
2574 2601
2574 2614
2574 2617
2577 2634
2578 2590
2578 2595
2578 2634
2580 2582
2580 2585
2580 2602
2580 2607
2580 2637
2580 2640
2581 2617
2581 2620
2582 2585
2582 2602
2582 2607
2582 2637
2582 2640
2584 2617
2584 2620
2585 2602
2585 2607
2586 2588
2586 2589
2586 2613
2586 2616
2587 2648
2587 2661
2587 2664
2588 2589
2588 2661
2589 2613
2589 2616
2591 2610
2591 2615
2592 2610
2592 2615
2594 2613
2594 2616
2596 2613
2596 2616
2596 2620
2597 2599
2597 2604
2597 2609
2597 2614
2597 2617
2597 2620
2599 2605
2599 2616
2599 2619
2599 2620
2599 2622
2599 2626
2599 2650
2599 2651
2604 2605
2604 2616
2604 2619
2604 2620
2604 2622
2605 2609
2605 2614
2605 2617
2605 2620
2608 2609
2608 2614
2608 2617
2608 2620
2609 2613
2609 2614
2609 2616
2609 2617
2609 2620
2609 2621
2609 2623
2609 2631
2609 2632
2609 2635
2609 2642
2609 2644
2612 2619
2612 2622
2613 2614
2613 2616
2613 2621
2613 2623
2613 2642
2613 2644
2613 2650
2613 2653
2614 2616
2614 2617
2614 2620
2614 2621
2614 2623
2614 2631
2614 2632
2614 2635
2614 2642
2614 2644
2616 2629
2616 2631
2616 2642
2616 2644
2616 2650
2616 2653
2616 2654
2617 2629
2617 2631
2617 2635
2617 2639
2617 2678
2617 2683
2619 2629
2619 2631
2619 2632
2619 2635
2619 2639
2619 2649
2620 2629
2620 2631
2620 2635
2620 2639
2620 2642
2620 2644
2620 2650
2620 2653
2620 2654
2620 2678
2620 2683
2622 2629
2622 2631
2622 2632
2622 2634
2622 2635
2622 2639
2622 2649
2626 2629
2626 2631
2626 2632
2626 2634
2626 2647
2629 2631
2629 2632
2629 2634
2631 2632
2631 2634
2632 2640
2635 2640
2636 2642
2636 2644
2637 2641
2637 2643
2640 2641
2640 2642
2640 2643
2640 2644
2647 2665
2647 2672
2647 2694
2647 2708
2648 2649
2648 2659
2648 2688
2648 2695
2648 2696
2648 2699
2648 2702
2649 2652
2650 2654
2650 2655
2650 2662
2650 2665
2650 2670
2650 2671
2650 2675
2650 2684
2650 2686
2651 2679
2651 2681
2653 2654
2653 2655
2653 2662
2653 2665
2653 2670
2653 2671
2653 2675
2653 2684
2653 2686
2654 2657
2654 2673
2655 2661
2655 2680
2655 2685
2656 2700
2656 2706
2659 2664
2660 2665
2660 2672
2661 2666
2661 2684
2661 2686
2661 2688
2663 2677
2663 2682
2663 2696
2663 2699
2664 2688
2664 2695
2664 2696
2664 2699
2664 2702
2666 2680
2666 2685
2667 2700
2667 2701
2667 2706
2667 2711
2668 2679
2668 2681
2669 2684
2669 2686
2670 2684
2670 2686
2670 2688
2673 2677
2673 2682
2673 2696
2673 2699
2673 2701
2673 2703
2675 2684
2675 2686
2676 2701
2676 2711
2677 2701
2677 2703
2678 2698
2678 2708
2683 2693
2683 2694
2683 2698
2683 2708
2684 2696
2684 2699
2686 2696
2686 2699
2687 2690
2689 2700
2689 2705
2691 2694
2691 2698
2691 2708
2692 2700
2692 2705
2692 2719
2692 2720
2693 2698
2693 2708
2694 2696
2695 2753
2695 2754
2696 2698
2696 2700
2696 2701
2696 2705
2696 2706
2696 2708
2696 2711
2696 2712
2697 2719
2697 2720
2699 2700
2699 2701
2699 2705
2699 2706
2699 2711
2699 2712
2701 2727
2701 2728
2702 2753
2702 2754
2703 2727
2703 2728
2706 2721
2706 2724
2706 2727
2706 2729
2706 2730
2706 2732
2711 2721
2711 2724
2711 2729
2711 2732
2711 2733
2712 2727
2712 2730
2715 2732
2715 2733
2716 2719
2716 2720
2717 2719
2717 2720
2735 2759
2735 2762
2736 2756
2737 2756
2738 2746
2738 2750
2739 2746
2739 2750
2749 2753
2751 2761
2754 2761
2760 2764
2760 2765
2764 2766
2765 2766
2772 2779
2772 2780
2776 2780
2776 2781
2777 2780
2777 2781
