0 876
0 890
1 83
1 85
1 89
1 90
1 92
1 255
1 256
1 289
1 520
1 526
1 549
1 555
1 559
1 585
1 886
1 893
1 937
1 939
1 975
2 1345
2 1354
3 16
3 19
3 22
3 60
3 65
3 76
3 81
3 83
3 98
3 99
3 100
3 110
3 114
3 186
3 192
3 193
3 194
3 292
3 327
3 328
3 351
3 357
3 1050
3 1055
3 1056
3 1067
3 1070
3 1345
3 1354
3 1516
3 1517
3 1537
3 1539
3 1918
3 1919
4 16
4 17
4 19
4 22
4 74
4 77
4 82
4 98
4 104
4 108
4 110
4 121
4 123
4 137
4 138
4 139
4 148
4 317
4 328
4 348
4 353
4 1059
4 1060
4 1061
4 1062
4 1063
4 1079
4 1082
4 1084
4 1137
4 1141
4 1146
4 1183
4 1186
4 1904
4 1905
5 7
5 8
5 17
5 20
5 110
5 114
5 171
5 174
5 1060
5 1061
5 1079
5 1082
5 1084
5 1087
5 1088
5 1092
5 1096
5 1109
5 1121
5 1132
5 1133
5 1137
5 1141
5 1183
5 1186
6 16
6 17
6 65
6 157
6 158
6 159
6 160
6 162
6 323
6 331
6 1120
6 1121
7 18
8 18
9 321
9 326
10 321
10 326
11 566
11 772
11 1055
11 1056
12 566
12 772
13 710
13 713
13 753
13 757
13 758
13 759
14 710
14 713
14 725
14 730
14 753
14 757
15 74
15 82
15 83
15 96
15 106
15 316
15 335
15 342
15 361
15 408
15 412
15 1050
15 1055
15 1056
15 1065
15 1149
15 1238
15 1240
15 1243
15 1244
15 1250
15 1260
15 1332
15 1339
15 1345
15 1353
15 1354
15 1355
15 1357
15 1361
15 1362
15 1376
15 1378
15 1379
15 1619
15 1712
15 1918
15 1919
16 17
16 19
16 22
16 60
16 65
16 74
16 76
16 77
16 81
16 82
16 98
16 99
16 100
16 108
16 110
16 114
16 121
16 123
16 137
16 138
16 139
16 148
16 186
16 192
16 193
16 194
16 292
16 316
16 317
16 327
16 328
16 332
16 335
16 340
16 342
16 348
16 353
16 361
16 547
16 548
16 1055
16 1056
16 1065
16 1067
16 1070
16 1149
16 1188
16 1189
16 1198
16 1199
16 1214
16 1220
16 1243
16 1244
16 1295
16 1296
16 1439
16 1440
16 1516
16 1517
16 1537
16 1539
16 1546
16 1547
16 1550
16 1634
16 1637
16 1918
16 1919
17 18
17 65
17 98
17 104
17 108
17 110
17 137
17 138
17 139
17 148
17 317
17 328
17 332
17 340
17 348
17 353
17 1060
17 1061
17 1062
17 1063
17 1079
17 1082
17 1084
17 1137
17 1141
17 1146
17 1183
17 1186
17 1188
17 1189
17 1295
17 1296
17 1546
17 1547
17 1550
17 1904
17 1905
18 20
18 1132
18 1133
18 1137
18 1141
19 22
19 34
19 39
19 74
19 77
19 82
19 96
19 106
19 144
19 294
19 295
19 299
19 309
19 315
19 317
19 335
19 342
19 391
19 396
19 408
19 410
19 412
19 413
19 452
19 453
19 457
19 522
19 528
19 586
19 587
19 599
19 604
19 606
19 609
19 715
19 718
19 781
19 784
19 834
19 835
19 941
19 958
19 961
19 1180
19 1183
19 1214
19 1220
19 1232
19 1238
19 1240
19 1250
19 1260
19 1317
19 1322
19 1326
19 1329
19 1332
19 1339
19 1345
19 1353
19 1354
19 1355
19 1357
19 1360
19 1361
19 1362
19 1366
19 1367
19 1371
19 1372
19 1376
19 1378
19 1379
19 1401
19 1406
19 1408
19 1418
19 1439
19 1440
19 1459
19 1460
19 1500
19 1501
19 1502
19 1504
19 1619
19 1634
19 1637
19 1712
19 1767
19 1768
19 1926
19 1927
21 34
21 39
21 294
21 295
21 315
21 317
21 410
21 413
21 606
21 609
21 781
21 784
21 1250
21 1260
21 1317
21 1322
21 1360
21 1366
21 1371
21 1372
21 1401
21 1406
22 77
22 82
22 144
22 299
22 309
22 335
22 342
22 391
22 396
22 452
22 453
22 457
22 522
22 528
22 547
22 548
22 586
22 587
22 599
22 604
22 715
22 718
22 834
22 835
22 941
22 958
22 961
22 1180
22 1183
22 1198
22 1199
22 1214
22 1220
22 1232
22 1238
22 1322
22 1326
22 1329
22 1332
22 1339
22 1345
22 1354
22 1360
22 1366
22 1367
22 1401
22 1406
22 1408
22 1418
22 1459
22 1460
22 1500
22 1501
22 1502
22 1504
22 1767
22 1768
22 1926
22 1927
23 368
23 370
24 368
24 370
25 666
25 667
25 721
25 723
25 731
25 737
25 991
25 993
25 1337
25 1347
25 1652
25 1670
25 1726
25 1729
26 599
26 600
26 666
26 667
26 721
26 723
26 991
26 993
26 1337
26 1347
26 1658
26 1659
27 356
27 359
28 43
28 44
28 333
28 337
28 346
28 349
28 423
28 634
28 640
28 641
28 645
28 722
28 732
28 734
28 1627
28 1632
29 80
29 86
30 38
30 41
31 138
31 148
31 171
31 174
32 38
32 41
33 80
33 86
33 356
33 359
33 550
33 804
35 138
35 148
35 171
35 174
36 307
36 308
37 550
37 804
38 300
38 392
40 550
40 804
41 300
41 392
42 221
42 307
42 308
42 948
43 221
43 769
43 770
43 948
43 993
44 993
45 769
45 770
46 758
46 759
47 876
47 890
48 51
48 52
48 83
48 84
48 89
48 90
48 92
48 864
48 866
48 867
48 907
48 908
49 51
49 52
49 83
49 84
49 90
49 92
49 96
49 364
49 864
49 866
49 867
49 907
49 908
50 96
50 364
51 80
51 84
51 86
51 758
51 759
51 823
51 828
51 836
51 838
51 843
51 847
51 850
51 851
51 853
51 866
51 867
52 80
52 84
52 86
52 758
52 759
52 836
52 838
52 843
52 847
52 850
52 851
52 853
52 866
52 867
53 817
53 819
54 77
54 1049
55 83
55 89
56 77
56 1049
57 766
57 768
58 766
58 768
59 68
59 72
59 129
59 130
59 131
59 132
60 68
60 72
60 129
60 130
60 131
60 132
61 817
61 819
62 63
62 71
62 78
62 85
62 124
62 125
62 126
62 133
62 134
62 351
62 357
62 542
62 544
63 71
63 74
63 79
63 1055
63 1056
63 1103
63 1104
63 1105
63 1106
63 1587
63 1589
64 80
64 86
65 69
65 110
65 114
65 157
65 158
65 162
65 167
65 171
65 174
65 323
65 331
65 1053
65 1062
65 1063
65 1064
65 1087
65 1088
65 1092
65 1096
65 1098
65 1109
65 1120
65 1121
65 1364
66 1097
66 1100
67 88
67 91
67 866
67 867
67 1015
69 78
69 85
69 124
69 125
69 126
69 133
69 134
69 157
69 158
69 159
69 160
69 162
69 167
69 171
69 351
69 357
69 1053
69 1062
69 1063
69 1064
69 1098
69 1364
70 80
70 86
71 74
71 75
71 99
71 100
71 101
71 143
71 144
71 266
71 267
71 476
71 503
71 542
71 544
71 940
71 941
71 1055
71 1056
71 1105
71 1106
71 1108
71 1445
71 1451
71 1551
71 1582
71 1583
71 1587
71 1589
71 1902
71 1903
71 1906
73 88
73 91
73 866
73 867
73 1015
74 77
74 79
74 99
74 100
74 101
74 143
74 514
74 515
74 539
74 541
74 941
74 1049
74 1103
74 1104
74 1582
74 1583
74 1587
74 1589
74 1591
74 1815
74 1821
74 1902
74 1903
74 1905
75 143
75 144
75 266
75 267
75 476
75 503
75 940
75 941
75 1106
75 1108
75 1445
75 1451
75 1551
75 1587
75 1589
75 1902
75 1903
75 1906
77 78
77 80
77 82
77 83
77 84
77 85
77 86
77 89
77 98
77 99
77 103
77 185
77 516
77 523
77 872
77 875
77 932
77 934
77 980
77 1049
77 1050
77 1053
77 1097
77 1099
77 1100
77 1193
77 1196
77 1197
77 1364
77 1399
77 1412
77 1463
77 1464
77 1473
77 1499
77 1520
77 1663
77 1782
77 1837
78 80
78 82
78 83
78 85
78 86
78 89
78 101
78 107
78 142
78 165
78 280
78 282
78 410
78 413
78 842
78 846
78 890
78 898
78 942
78 979
78 1013
78 1017
78 1022
78 1024
78 1049
78 1050
78 1053
78 1116
78 1364
78 1577
78 1579
78 1782
78 1834
78 1835
78 1837
78 1874
78 1904
78 1905
79 143
79 266
79 267
79 514
79 515
79 941
79 1587
79 1589
79 1591
79 1902
79 1903
79 1905
80 83
80 84
80 86
80 88
80 89
80 90
80 809
80 810
80 816
80 818
80 819
80 825
80 836
80 838
80 1049
80 1050
80 1808
80 1813
80 1820
80 1823
80 1824
80 1825
80 1832
80 1833
80 1834
80 1836
80 1876
80 1881
82 85
82 98
82 99
82 103
82 185
82 539
82 541
82 932
82 934
82 1049
82 1097
82 1099
82 1193
82 1463
82 1464
82 1473
82 1499
82 1663
82 1815
82 1821
83 84
83 85
83 86
83 89
83 90
83 95
83 96
83 101
83 107
83 255
83 306
83 376
83 410
83 413
83 613
83 616
83 787
83 788
83 795
83 829
83 833
83 842
83 844
83 846
83 871
83 874
83 885
83 890
83 898
83 910
83 911
83 918
83 919
83 979
83 1013
83 1017
83 1022
83 1024
83 1049
83 1050
83 1066
83 1276
83 1279
83 1284
83 1285
83 1558
83 1561
83 1563
83 1564
83 1573
83 1577
83 1579
83 1580
83 1592
83 1593
83 1781
83 1782
83 1832
83 1833
83 1834
83 1835
83 1836
83 1837
83 1849
83 1856
83 1893
83 1894
83 1904
83 1905
84 86
84 88
84 89
84 90
84 91
84 92
84 789
84 790
84 817
84 819
84 829
84 833
84 836
84 838
84 841
84 845
84 865
84 870
84 871
84 874
84 881
84 885
84 910
84 911
84 918
84 919
84 937
84 939
84 979
84 1015
84 1017
84 1022
84 1049
84 1050
84 1149
84 1150
84 1252
84 1284
84 1285
84 1558
84 1561
84 1594
84 1595
84 1602
84 1810
84 1812
84 1832
84 1833
84 1834
84 1835
84 1836
84 1872
84 1875
84 1876
84 1878
84 1879
84 1881
85 89
85 255
85 280
85 282
85 516
85 523
85 872
85 875
85 980
85 1022
85 1024
85 1050
85 1053
85 1116
85 1196
85 1197
85 1364
85 1520
85 1874
86 88
86 89
86 90
86 92
86 281
86 283
86 799
86 800
86 809
86 810
86 816
86 818
86 819
86 825
86 836
86 838
86 857
86 859
86 880
86 881
86 937
86 939
86 979
86 1049
86 1050
86 1795
86 1797
86 1798
86 1803
86 1808
86 1813
86 1818
86 1819
86 1820
86 1823
86 1824
86 1825
86 1829
86 1830
86 1832
86 1833
86 1834
86 1835
86 1836
86 1837
86 1876
86 1881
87 826
87 832
87 1789
87 1790
88 90
88 91
88 92
88 799
88 800
88 830
88 837
88 852
88 853
88 858
88 859
88 1273
88 1276
88 1600
88 1787
88 1789
88 1793
88 1795
88 1797
88 1798
88 1803
88 1810
88 1812
88 1824
88 1825
88 1829
88 1830
89 90
89 92
89 95
89 96
89 255
89 613
89 616
89 787
89 788
89 792
89 795
89 829
89 833
89 844
89 857
89 871
89 874
89 885
89 910
89 911
89 918
89 919
89 920
89 921
89 979
89 1013
89 1049
89 1050
89 1066
89 1149
89 1150
89 1252
89 1254
89 1255
89 1276
89 1279
89 1284
89 1285
89 1557
89 1558
89 1561
89 1563
89 1564
89 1573
89 1580
89 1592
89 1593
89 1832
89 1833
89 1837
89 1879
89 1881
89 1893
89 1894
90 91
90 92
90 281
90 283
90 512
90 549
90 789
90 790
90 792
90 817
90 819
90 841
90 845
90 857
90 859
90 865
90 870
90 871
90 881
90 882
90 910
90 911
90 920
90 921
90 937
90 939
90 979
90 1015
90 1017
90 1022
90 1050
90 1149
90 1150
90 1252
90 1254
90 1255
90 1557
90 1594
90 1595
90 1602
90 1781
90 1810
90 1812
90 1818
90 1819
90 1834
90 1835
90 1836
90 1839
90 1872
90 1875
90 1876
90 1878
90 1879
90 1881
91 826
91 830
91 831
91 832
91 837
91 1015
91 1273
91 1276
91 1600
91 1786
91 1787
91 1789
91 1790
91 1791
91 1793
91 1799
91 1801
91 1805
91 1806
91 1810
91 1812
91 1834
91 1835
92 281
92 283
92 512
92 549
92 799
92 800
92 836
92 838
92 852
92 853
92 857
92 858
92 859
92 880
92 881
92 882
92 979
92 1781
92 1818
92 1819
92 1824
92 1825
92 1834
92 1836
92 1837
92 1839
92 1879
92 1881
93 552
93 553
93 582
93 583
93 1599
93 1612
94 552
94 553
94 582
94 583
94 1599
94 1612
97 98
97 99
97 351
98 364
98 366
99 364
99 366
100 1105
100 1106
101 1105
101 1106
102 545
102 546
103 520
103 530
105 127
105 128
107 127
107 128
107 1105
107 1106
109 336
109 345
111 816
111 818
112 336
112 345
113 908
113 910
115 816
115 818
116 908
116 910
117 928
117 930
118 928
118 930
119 519
119 532
119 1013
119 1017
119 1825
119 1827
120 170
120 173
120 1117
120 1122
121 135
121 136
121 519
121 532
121 547
121 548
121 1013
121 1017
121 1825
121 1827
122 170
122 173
122 1117
122 1122
123 135
123 136
123 547
123 548
138 525
138 528
138 781
138 783
138 784
138 785
139 783
139 784
140 272
140 273
140 781
140 782
140 784
140 785
141 142
141 143
141 157
141 162
142 156
142 157
142 211
142 1049
143 156
143 157
143 211
144 154
144 156
144 158
144 159
144 180
144 181
144 381
144 383
144 386
144 390
145 158
145 162
145 517
145 521
145 533
145 534
145 795
145 844
145 890
145 894
145 897
145 900
145 914
145 923
145 929
145 933
146 890
146 894
146 897
146 900
146 914
146 923
146 932
146 934
147 932
147 934
148 525
148 528
148 781
148 785
149 167
149 171
150 782
150 786
151 163
151 164
152 420
152 421
153 420
153 421
154 163
154 164
154 167
154 171
154 941
155 167
155 171
155 782
155 786
156 159
156 160
156 163
156 164
156 167
156 171
156 204
156 205
156 396
156 398
156 941
157 158
157 159
157 211
157 396
157 398
158 159
158 161
158 162
158 164
158 183
158 936
158 938
158 941
159 161
159 162
159 164
159 207
159 208
159 941
160 161
160 207
160 208
161 187
161 188
161 204
161 205
162 183
162 211
162 936
162 938
164 187
164 188
165 1049
166 784
166 785
167 170
167 173
168 180
168 181
169 180
169 181
170 171
170 784
170 785
170 869
170 873
170 878
171 173
171 782
171 785
172 180
172 181
173 869
173 873
173 878
174 782
174 785
175 180
175 181
176 180
176 181
177 180
177 181
178 545
178 546
179 351
179 357
180 941
181 941
182 351
182 357
183 517
183 521
183 533
183 534
183 795
183 844
183 890
183 894
183 929
183 933
184 514
184 517
184 521
185 514
185 517
185 520
185 521
185 530
186 522
186 528
187 410
187 412
188 410
188 412
189 200
189 203
190 384
190 385
191 272
191 273
191 781
191 782
191 784
191 785
195 202
195 204
196 1079
196 1081
196 1084
197 495
197 496
198 502
198 504
199 202
199 204
200 498
201 495
201 496
203 498
203 1079
203 1081
203 1084
206 502
206 504
209 547
209 548
210 547
210 548
212 540
212 543
213 214
213 215
213 443
214 223
215 223
215 230
215 232
216 230
216 232
217 232
217 234
217 384
217 385
217 935
217 939
218 232
218 234
219 525
219 531
220 525
220 531
221 957
221 961
222 945
222 947
222 955
222 957
223 443
224 233
224 236
224 238
224 381
224 382
224 383
224 386
224 469
224 474
225 935
225 939
226 602
226 603
227 602
227 603
228 233
228 238
228 467
228 471
229 233
229 236
229 238
229 381
229 382
229 383
229 386
229 469
229 474
231 233
231 238
231 467
231 471
234 700
234 702
235 700
235 702
237 243
237 245
239 243
239 245
240 248
240 249
241 248
241 249
242 246
242 247
242 960
242 962
244 960
244 962
246 247
246 477
246 481
247 477
247 481
250 550
250 804
251 252
251 253
251 525
251 528
252 253
252 525
252 528
253 525
253 528
254 276
254 277
255 256
255 289
255 520
255 526
255 549
255 555
255 559
255 886
255 893
256 512
256 891
257 269
257 270
257 559
257 561
258 262
258 268
258 269
258 270
259 260
259 557
260 269
260 270
260 275
261 270
261 271
262 285
263 704
263 705
264 704
264 705
265 489
265 493
266 489
266 493
266 516
266 523
267 516
267 523
268 285
269 557
270 274
270 275
270 557
270 560
271 274
271 275
271 557
271 560
275 557
276 514
277 514
278 880
278 881
278 888
279 880
279 881
279 888
284 561
284 563
284 568
284 569
284 880
284 881
286 561
286 563
286 568
286 569
286 880
286 881
287 568
287 569
288 550
288 804
289 550
289 804
290 549
290 550
290 803
290 804
291 549
291 550
291 803
291 804
292 522
292 528
293 1101
293 1102
296 408
296 412
297 377
297 378
297 454
298 377
298 378
298 407
298 412
298 454
300 301
301 306
301 307
301 308
301 318
301 321
301 326
301 329
301 387
301 589
301 597
302 354
302 358
303 354
303 358
303 365
303 367
304 354
304 358
304 365
304 367
305 355
305 360
306 307
306 308
306 432
306 665
306 1050
307 308
307 318
307 321
307 326
307 329
307 346
307 349
307 376
307 387
307 452
307 453
307 589
307 597
307 775
307 776
307 957
307 961
307 1307
307 1308
308 318
308 321
308 326
308 346
308 349
308 376
308 452
308 453
308 589
308 597
308 775
308 776
308 957
308 961
308 1307
308 1308
310 312
310 320
310 321
310 326
310 329
311 321
311 326
311 329
311 407
311 412
312 319
312 321
312 325
312 329
312 380
312 398
313 338
313 343
313 347
314 408
314 412
315 408
315 412
317 1101
317 1102
319 320
319 321
319 326
319 329
320 325
320 380
320 398
321 324
321 325
321 335
321 341
321 342
321 452
321 453
322 1371
322 1372
324 326
325 326
325 329
327 1072
327 1075
329 335
329 341
329 342
329 452
329 453
330 957
330 961
331 335
331 336
331 342
331 344
331 345
332 1072
332 1075
333 993
334 338
334 343
334 347
335 343
335 347
335 348
335 353
335 418
335 419
335 497
335 499
335 781
335 782
335 786
335 1317
335 1322
335 1332
335 1354
335 1359
335 1365
335 1368
336 345
336 373
336 375
336 1348
336 1349
336 1578
336 1585
337 993
338 341
338 957
338 961
338 1324
338 1334
338 1371
338 1372
339 1348
339 1349
339 1578
339 1585
341 343
341 347
342 343
342 347
342 348
342 353
342 392
342 393
342 497
342 499
342 781
342 782
342 786
342 1317
342 1322
342 1332
342 1354
342 1359
342 1365
342 1368
342 1503
342 1505
343 1324
343 1334
344 348
344 353
344 418
344 419
344 782
344 786
344 1354
344 1359
345 373
345 375
345 1348
345 1349
345 1578
345 1585
346 349
346 993
347 392
347 393
347 1503
347 1505
349 993
350 392
350 393
351 364
351 366
351 1040
352 765
352 767
354 765
354 767
355 367
357 1040
358 368
358 370
360 367
362 368
362 370
363 368
363 370
364 1102
364 1104
366 1102
366 1104
368 370
369 372
369 374
371 372
371 374
376 432
376 665
376 1050
377 388
377 389
377 657
377 658
379 402
379 404
379 473
379 475
379 550
379 804
379 963
379 964
379 966
379 1371
379 1372
380 612
380 615
380 777
380 778
381 932
381 934
381 941
381 1824
381 1825
382 1824
382 1825
383 941
384 957
384 961
385 957
385 961
386 941
388 401
388 404
388 454
388 602
388 603
389 401
389 404
389 448
389 452
389 454
389 602
389 603
389 1360
389 1366
389 1367
390 932
390 934
390 941
391 400
391 403
391 408
391 409
391 419
391 422
391 613
391 616
391 888
391 896
394 448
394 452
394 1360
394 1366
395 1360
395 1367
396 400
396 403
396 408
396 409
396 419
396 422
396 613
396 616
396 888
396 896
397 540
397 543
398 612
398 615
398 777
398 778
399 777
399 778
402 468
404 468
405 411
405 416
405 1293
405 1294
406 411
406 416
406 1293
406 1294
407 408
407 409
407 419
407 422
408 410
408 411
408 412
408 413
408 414
408 415
408 416
409 410
409 411
409 412
409 413
409 416
410 414
410 417
410 1050
410 1051
410 1052
412 414
412 415
412 419
412 422
413 414
413 417
413 1050
413 1051
413 1052
423 613
423 616
423 634
423 637
423 638
423 723
423 727
423 728
423 729
423 731
423 734
423 735
423 736
423 737
423 738
423 993
424 651
424 663
425 588
425 598
426 439
426 441
427 428
427 442
427 444
427 445
427 446
427 447
427 450
427 451
427 452
427 453
427 454
427 455
427 456
427 458
427 654
428 435
428 454
428 455
428 456
428 458
429 430
429 449
429 450
429 454
429 657
429 658
430 449
430 450
430 454
430 455
430 456
430 628
430 631
430 657
430 658
431 433
431 461
431 465
431 647
431 657
431 658
432 433
432 647
434 436
434 438
435 442
435 445
435 446
435 447
435 450
435 451
435 452
435 453
435 454
435 455
435 456
435 458
435 654
436 438
436 636
436 649
436 659
436 668
436 674
436 678
436 720
437 446
437 447
438 649
438 659
438 668
438 674
438 678
439 636
439 648
439 649
439 659
439 668
439 720
440 446
440 447
441 648
441 659
441 668
444 655
445 655
452 458
452 464
452 657
452 658
453 458
453 464
453 657
453 658
454 657
454 658
455 657
456 657
458 688
458 689
459 613
459 616
460 613
460 616
461 653
462 466
462 470
463 466
463 470
464 688
464 689
465 653
472 473
472 475
472 550
472 804
472 963
472 964
472 966
472 1371
472 1372
477 484
477 492
478 946
478 948
479 946
479 948
480 958
480 961
481 484
481 492
481 958
481 961
482 489
482 493
483 489
483 493
484 947
484 949
485 487
485 491
485 494
485 535
485 537
486 487
486 491
486 494
488 947
488 949
490 535
490 537
497 500
497 501
497 535
497 538
499 500
499 501
499 535
499 538
505 533
505 534
505 551
505 558
506 533
506 534
507 519
507 532
508 519
508 532
509 904
509 908
509 910
510 526
510 527
510 529
511 896
511 901
512 554
513 901
513 902
514 550
514 804
515 550
515 793
515 804
515 874
515 886
515 893
518 525
518 528
521 793
521 874
521 886
521 893
522 525
522 531
522 534
522 536
522 1897
522 1898
524 525
524 531
524 534
524 536
525 528
525 531
525 870
525 881
526 527
527 529
528 531
528 1897
528 1898
531 870
531 881
549 585
549 814
549 815
549 929
549 933
549 937
549 939
549 975
550 914
550 923
551 931
553 582
553 584
554 891
555 559
555 561
556 568
556 569
557 570
557 573
558 931
559 574
559 575
560 571
560 572
560 573
560 574
561 574
561 575
561 888
561 895
562 568
562 569
562 571
562 574
563 888
563 895
564 568
564 569
564 571
564 574
565 570
565 571
565 572
565 573
565 574
567 571
567 574
574 577
574 579
574 580
575 579
575 580
576 577
576 579
576 580
578 579
578 580
581 582
581 584
585 608
585 610
585 611
588 589
588 590
588 597
588 650
588 657
588 658
588 943
589 598
590 598
591 772
591 773
592 772
592 773
593 695
593 696
594 695
594 696
595 695
595 696
596 608
596 610
596 611
597 598
598 650
598 657
598 658
598 943
599 993
600 993
601 605
601 611
602 710
602 713
603 710
603 713
605 607
605 608
605 610
605 611
607 611
608 611
610 611
613 634
613 710
613 713
613 779
613 782
614 652
614 664
614 673
616 634
616 652
616 664
616 673
616 710
616 713
616 779
616 782
617 619
617 623
618 628
618 631
619 624
620 653
620 665
621 653
621 665
622 628
622 631
623 624
625 678
625 681
626 678
626 681
627 628
627 629
628 630
628 657
628 658
628 670
628 671
628 677
628 690
628 692
628 723
628 728
628 774
629 630
629 671
629 677
629 723
629 728
629 774
631 657
631 658
631 670
631 690
631 692
632 957
632 961
633 957
633 961
634 637
634 638
634 723
634 727
634 728
634 729
634 731
634 734
634 735
634 736
634 737
634 738
634 993
635 636
635 651
635 663
635 723
635 728
636 651
636 656
636 662
637 656
637 662
637 672
637 676
637 680
637 723
637 728
637 734
637 735
638 656
638 662
639 779
639 780
640 993
641 708
641 709
641 710
641 713
641 993
642 708
642 709
642 710
642 713
643 646
643 719
644 779
644 780
645 993
646 733
649 661
649 669
649 675
649 679
650 723
650 728
651 723
651 728
652 664
652 673
653 657
653 658
656 691
656 728
657 658
657 693
657 695
658 693
658 695
659 669
659 675
659 679
660 723
660 728
661 668
661 682
661 686
661 688
661 689
662 691
662 728
664 673
666 993
667 993
668 669
668 675
668 679
668 682
668 686
669 721
669 729
672 691
675 688
675 689
675 721
675 729
676 691
680 683
680 684
680 691
683 685
684 685
686 698
686 701
687 698
687 701
688 699
688 703
688 775
688 776
689 699
689 703
689 775
689 776
691 723
691 728
691 734
691 735
694 697
700 779
700 780
706 712
706 714
706 717
707 712
707 714
707 717
710 711
710 716
710 717
710 740
710 741
711 713
711 722
711 726
711 739
713 716
713 717
713 740
713 741
717 722
717 726
717 739
719 733
721 993
722 993
723 993
724 749
724 750
725 771
730 749
730 750
730 771
731 993
732 993
733 779
733 780
734 993
737 993
742 743
742 745
743 744
744 745
746 748
746 751
747 748
747 751
748 1730
748 1733
751 1730
751 1733
752 758
752 759
754 1665
754 1670
755 758
755 759
756 1665
756 1670
758 763
758 764
759 763
759 764
760 761
760 762
760 763
761 762
761 763
775 779
775 780
776 779
776 780
786 1055
786 1056
787 807
787 811
787 812
787 876
787 877
788 807
788 811
788 812
788 876
788 877
789 791
789 792
789 793
789 860
789 862
789 874
789 899
789 903
789 1875
789 1878
790 793
790 874
790 1875
790 1878
791 865
792 796
792 844
792 865
793 794
793 795
793 844
793 860
793 862
793 865
793 870
793 872
793 874
793 875
793 881
793 886
793 893
793 920
793 921
794 796
794 844
794 874
794 885
795 796
795 829
795 833
795 834
795 844
795 874
795 890
795 894
795 1022
795 1024
796 829
796 833
796 834
796 857
797 879
797 887
798 879
798 887
799 870
799 871
799 881
799 896
799 901
799 926
799 927
799 928
800 870
800 881
801 1599
801 1612
802 1599
802 1612
803 814
803 815
803 929
803 933
804 914
804 923
805 811
805 812
806 811
806 812
808 829
808 833
811 829
811 833
812 1800
812 1802
813 829
813 833
814 829
814 833
815 1800
815 1802
816 836
816 838
816 1792
816 1793
817 1820
817 1823
818 836
818 838
818 1792
818 1793
819 830
819 837
819 1820
819 1823
820 830
820 837
821 880
821 881
822 833
822 834
823 861
824 833
824 834
826 1015
827 880
827 881
828 861
829 833
829 834
829 840
829 841
829 870
829 871
830 1015
830 1798
830 1803
831 1015
831 1798
831 1803
832 1015
833 834
833 836
833 838
833 840
833 841
833 870
833 871
834 836
834 838
834 840
834 841
834 870
834 871
836 849
836 853
837 1015
838 849
838 853
838 859
838 862
839 859
839 862
841 1824
841 1825
844 857
844 874
844 885
844 890
844 894
844 1022
844 1024
845 1824
845 1825
848 853
848 854
849 853
849 854
851 853
851 866
851 867
851 1798
851 1803
853 866
853 867
853 1798
853 1803
855 858
855 863
856 858
856 863
860 865
860 874
862 865
862 874
865 874
865 899
865 903
868 870
868 881
869 870
869 871
869 880
869 881
869 896
869 901
869 926
869 927
869 928
870 874
872 874
873 880
873 881
873 889
873 897
873 910
873 911
874 875
874 881
874 886
874 890
874 893
874 898
874 920
874 921
875 910
875 911
878 889
878 897
878 910
878 911
880 908
880 910
880 1875
880 1878
881 908
881 910
883 901
883 902
884 888
884 896
885 890
885 898
886 890
886 894
886 901
886 902
886 910
886 911
886 915
886 917
888 892
888 1875
888 1878
890 893
890 1849
890 1856
891 896
891 901
892 896
893 894
893 901
893 902
893 915
893 917
894 1849
894 1856
895 908
895 910
896 901
896 906
896 908
896 910
900 908
900 910
901 906
901 907
901 908
901 910
901 1781
901 1782
902 906
902 907
902 908
902 1781
902 1782
904 908
904 910
905 908
905 910
906 907
906 1781
906 1782
908 909
908 910
908 911
908 912
908 913
908 915
908 921
908 929
908 933
909 910
910 911
910 912
910 913
910 915
910 921
910 929
910 933
916 932
916 934
922 932
922 934
924 929
924 933
925 929
925 933
942 1049
944 945
944 947
944 955
944 957
948 957
948 961
950 954
950 957
951 958
951 961
952 958
952 961
953 954
953 957
953 959
953 965
956 959
956 965
957 1264
957 1265
961 1264
961 1265
967 969
967 971
968 969
968 971
970 973
970 974
972 973
972 974
976 1131
976 1137
977 1125
977 1128
978 1198
978 1199
978 1549
978 1550
979 1408
979 1418
981 1305
981 1391
982 1377
982 1381
983 1755
983 1758
984 994
984 995
984 997
984 1001
984 1755
984 1758
985 1295
985 1296
986 1752
986 1753
987 1305
987 1377
987 1381
987 1391
988 1491
988 1494
989 994
989 995
989 997
989 1001
990 1327
990 1331
990 1336
990 1349
990 1352
991 1652
991 1670
992 1491
992 1494
993 1337
993 1347
993 1627
993 1632
993 1658
993 1659
993 1726
993 1729
994 1019
994 1023
994 1327
994 1331
994 1336
994 1349
994 1352
995 1019
995 1023
996 1755
996 1758
997 1755
997 1758
998 1686
998 1692
999 1654
999 1655
999 1755
999 1758
1000 1686
1000 1692
1001 1755
1001 1758
1002 1748
1002 1749
1003 1654
1003 1655
1003 1745
1003 1746
1003 1748
1003 1749
1004 1745
1004 1746
1005 1752
1005 1753
1006 1737
1006 1738
1007 1737
1007 1738
1008 1737
1008 1738
1009 1304
1009 1305
1009 1390
1009 1391
1010 1305
1010 1390
1010 1391
1011 1376
1011 1378
1011 1379
1012 1514
1012 1515
1013 1017
1013 1022
1013 1514
1013 1515
1013 1522
1013 1529
1014 1286
1014 1287
1015 1600
1015 1786
1015 1787
1015 1791
1015 1799
1015 1801
1015 1805
1015 1806
1015 1834
1015 1835
1016 1026
1016 1028
1016 1030
1016 1031
1016 1089
1016 1093
1017 1066
1017 1089
1017 1093
1017 1522
1017 1529
1018 1305
1018 1390
1018 1391
1020 1386
1020 1389
1021 1026
1021 1028
1021 1030
1021 1031
1021 1089
1021 1093
1022 1066
1022 1089
1022 1093
1025 1305
1025 1386
1025 1389
1025 1391
1026 1042
1026 1043
1026 1384
1026 1388
1027 1305
1027 1391
1028 1042
1028 1043
1028 1384
1028 1388
1029 1090
1029 1091
1030 1076
1030 1078
1031 1076
1031 1078
1032 1044
1032 1046
1033 1160
1033 1164
1033 1318
1033 1323
1034 1386
1034 1389
1035 1390
1035 1391
1036 1160
1036 1164
1036 1318
1036 1323
1037 1390
1037 1391
1038 1102
1038 1104
1038 1386
1038 1389
1039 1044
1039 1046
1040 1059
1040 1082
1041 1090
1041 1091
1042 1102
1042 1104
1045 1305
1045 1391
1047 1305
1047 1391
1048 1305
1048 1391
1049 1399
1049 1412
1049 1782
1049 1837
1050 1577
1050 1579
1050 1781
1050 1782
1050 1834
1050 1835
1050 1849
1050 1856
1050 1904
1050 1905
1051 1105
1051 1106
1051 1332
1051 1339
1052 1105
1052 1106
1052 1332
1052 1339
1054 1316
1054 1322
1057 1533
1057 1534
1058 1533
1058 1534
1060 1080
1060 1082
1061 1080
1061 1082
1067 1131
1067 1137
1067 1144
1067 1145
1067 1527
1067 1532
1067 1909
1067 1911
1067 1912
1068 1346
1068 1353
1069 1305
1069 1325
1069 1339
1069 1342
1069 1350
1069 1390
1069 1391
1070 1144
1070 1145
1070 1527
1070 1532
1070 1909
1070 1911
1070 1912
1071 1325
1071 1339
1071 1342
1071 1350
1073 1304
1073 1305
1073 1390
1073 1391
1074 1305
1074 1325
1074 1339
1074 1342
1074 1350
1074 1391
1077 1376
1077 1378
1077 1379
1079 1141
1079 1146
1079 1562
1079 1571
1081 1086
1081 1087
1081 1141
1081 1146
1082 1133
1082 1135
1083 1105
1083 1106
1084 1086
1084 1087
1084 1133
1084 1135
1084 1562
1084 1571
1085 1105
1085 1106
1089 1105
1089 1107
1091 1093
1091 1094
1093 1095
1093 1105
1093 1107
1094 1095
1103 1377
1103 1381
1104 1377
1104 1381
1110 1125
1110 1128
1111 1113
1111 1114
1112 1113
1112 1114
1113 1900
1114 1888
1114 1889
1114 1892
1114 1896
1114 1900
1115 1781
1115 1782
1115 1879
1115 1880
1115 1881
1115 1884
1115 1886
1115 1888
1115 1889
1115 1892
1115 1896
1116 1781
1116 1782
1116 1834
1116 1836
1116 1879
1116 1880
1116 1881
1116 1884
1116 1886
1116 1892
1116 1896
1117 1134
1117 1137
1118 1134
1118 1137
1119 1140
1119 1143
1119 1901
1119 1903
1120 1408
1120 1418
1121 1408
1121 1418
1123 1134
1123 1137
1124 1125
1124 1128
1125 1130
1126 1136
1126 1140
1127 1136
1127 1140
1128 1130
1129 1140
1129 1143
1129 1901
1129 1903
1131 1547
1131 1550
1132 1547
1132 1550
1133 1769
1133 1770
1138 1139
1138 1142
1139 1142
1139 1769
1139 1770
1147 1892
1147 1896
1148 1892
1148 1896
1151 1173
1151 1178
1152 1171
1152 1172
1152 1437
1152 1439
1153 1171
1153 1172
1153 1437
1153 1439
1153 1460
1153 1461
1154 1460
1154 1461
1155 1156
1155 1184
1155 1186
1155 1547
1155 1550
1156 1184
1156 1186
1156 1547
1156 1550
1157 1179
1157 1180
1157 1183
1158 1421
1158 1424
1159 1421
1159 1424
1161 1439
1161 1440
1161 1441
1161 1446
1162 1437
1162 1439
1162 1440
1162 1441
1162 1446
1163 1549
1163 1550
1165 1437
1165 1439
1166 1455
1166 1461
1167 1455
1167 1461
1167 1462
1167 1464
1168 1462
1168 1464
1169 1437
1169 1439
1169 1440
1169 1441
1169 1446
1170 1437
1170 1439
1171 1445
1171 1451
1172 1445
1172 1451
1173 1183
1173 1186
1173 1292
1173 1461
1173 1462
1174 1464
1174 1465
1175 1464
1175 1465
1176 1455
1176 1461
1177 1455
1177 1461
1178 1183
1178 1186
1178 1292
1178 1461
1178 1462
1179 1528
1180 1528
1181 1185
1181 1186
1182 1185
1182 1186
1183 1437
1183 1439
1183 1528
1183 1540
1183 1543
1183 1767
1183 1768
1184 1185
1184 1186
1184 1526
1184 1533
1184 1534
1184 1767
1184 1768
1185 1186
1185 1187
1185 1526
1185 1533
1185 1534
1185 1547
1185 1550
1185 1578
1185 1585
1186 1187
1186 1437
1186 1439
1186 1540
1186 1543
1186 1547
1186 1550
1186 1578
1186 1585
1190 1198
1190 1199
1191 1203
1191 1207
1191 1208
1191 1211
1191 1409
1191 1420
1191 1507
1191 1508
1191 1509
1191 1510
1192 1203
1192 1207
1192 1208
1192 1211
1192 1409
1192 1420
1192 1507
1192 1508
1192 1509
1192 1510
1193 1205
1193 1208
1193 1222
1193 1226
1194 1205
1194 1208
1194 1574
1194 1575
1194 1665
1194 1670
1195 1890
1195 1891
1198 1203
1198 1207
1198 1227
1198 1229
1198 1428
1198 1433
1199 1203
1199 1207
1199 1227
1199 1229
1199 1428
1199 1433
1200 1526
1200 1531
1200 1534
1200 1535
1200 1623
1200 1628
1201 1234
1201 1238
1201 1245
1201 1247
1201 1248
1202 1236
1202 1237
1203 1574
1203 1575
1203 1665
1203 1670
1204 1275
1204 1279
1204 1419
1204 1428
1205 1275
1205 1279
1205 1419
1205 1428
1205 1508
1205 1510
1206 1208
1206 1211
1208 1210
1208 1214
1208 1220
1208 1275
1208 1279
1208 1508
1208 1510
1209 1228
1209 1233
1210 1211
1211 1214
1211 1220
1212 1213
1212 1217
1212 1223
1213 1219
1215 1228
1215 1233
1216 1503
1216 1505
1217 1219
1217 1503
1217 1505
1218 1224
1218 1225
1219 1223
1221 1224
1221 1225
1222 1499
1226 1499
1230 1231
1230 1236
1230 1316
1230 1317
1230 1360
1230 1366
1230 1922
1230 1923
1231 1236
1232 1235
1232 1239
1234 1235
1234 1239
1234 1246
1234 1248
1234 1516
1234 1517
1235 1238
1235 1246
1235 1248
1236 1316
1236 1317
1236 1360
1236 1366
1236 1921
1236 1922
1236 1923
1237 1921
1238 1239
1238 1516
1238 1517
1241 1526
1241 1534
1242 1526
1242 1534
1245 1516
1245 1517
1247 1516
1247 1517
1248 1516
1248 1517
1249 1717
1249 1719
1250 1355
1250 1357
1250 1717
1250 1719
1251 1706
1251 1709
1252 1565
1252 1567
1253 1565
1253 1567
1254 1486
1254 1489
1254 1775
1254 1776
1254 1782
1254 1837
1254 1839
1254 1845
1254 1857
1255 1486
1255 1489
1255 1782
1255 1837
1255 1839
1255 1845
1255 1857
1256 1273
1256 1276
1257 1290
1257 1291
1258 1603
1258 1604
1259 1272
1259 1274
1260 1355
1260 1357
1260 1493
1260 1496
1260 1619
1260 1656
1260 1705
1260 1706
1260 1709
1260 1712
1260 1725
1260 1730
1261 1493
1261 1496
1261 1619
1261 1656
1261 1705
1261 1712
1261 1725
1261 1730
1262 1570
1262 1581
1263 1570
1263 1581
1266 1521
1266 1523
1267 1521
1267 1523
1268 1515
1268 1519
1269 1515
1269 1519
1270 1826
1270 1827
1271 1826
1271 1827
1272 1274
1273 1559
1275 1277
1275 1281
1275 1875
1275 1878
1276 1278
1276 1282
1276 1559
1276 1563
1276 1568
1277 1279
1278 1279
1279 1281
1279 1282
1279 1563
1279 1568
1279 1875
1279 1878
1280 1282
1280 1285
1282 1283
1283 1285
1286 1838
1287 1603
1287 1604
1287 1838
1288 1513
1288 1520
1289 1513
1289 1520
1290 1556
1291 1556
1293 1316
1293 1322
1294 1316
1294 1322
1295 1768
1296 1768
1297 1298
1297 1330
1297 1341
1297 1344
1297 1351
1297 1454
1297 1456
1298 1330
1298 1341
1298 1344
1298 1351
1298 1454
1298 1456
1299 1454
1299 1456
1300 1405
1300 1416
1301 1331
1301 1341
1302 1331
1302 1341
1302 1413
1302 1414
1303 1464
1303 1465
1306 1752
1306 1754
1306 1756
1306 1759
1307 1378
1307 1379
1307 1752
1307 1754
1307 1756
1307 1759
1308 1378
1308 1379
1309 1750
1309 1751
1310 1319
1310 1320
1311 1319
1311 1320
1312 1319
1312 1320
1313 1413
1313 1414
1314 1327
1314 1343
1315 1327
1315 1343
1315 1397
1315 1404
1316 1323
1318 1346
1318 1353
1319 1320
1319 1393
1319 1475
1319 1479
1319 1481
1319 1667
1319 1668
1320 1393
1320 1475
1320 1479
1320 1481
1320 1667
1320 1668
1321 1415
1321 1425
1322 1323
1324 1330
1324 1341
1324 1343
1324 1397
1324 1404
1324 1405
1324 1416
1326 1579
1326 1583
1326 1584
1326 1586
1328 1358
1328 1367
1329 1579
1329 1583
1329 1584
1329 1586
1330 1334
1330 1335
1330 1343
1330 1413
1330 1423
1330 1487
1330 1488
1331 1333
1331 1340
1331 1415
1331 1425
1333 1341
1333 1438
1333 1442
1333 1470
1333 1471
1334 1341
1335 1341
1335 1363
1335 1375
1338 1358
1338 1367
1339 1480
1339 1482
1340 1341
1340 1438
1340 1442
1340 1470
1340 1471
1341 1343
1341 1413
1341 1423
1341 1487
1341 1488
1343 1405
1343 1416
1349 1627
1349 1632
1349 1633
1350 1480
1350 1482
1352 1363
1352 1375
1352 1627
1352 1632
1352 1633
1355 1394
1355 1477
1356 1755
1356 1758
1357 1394
1357 1477
1360 1755
1360 1758
1361 1371
1361 1372
1362 1371
1362 1372
1366 1369
1366 1370
1366 1373
1367 1369
1367 1370
1367 1373
1370 1371
1370 1372
1371 1376
1371 1378
1371 1379
1372 1376
1372 1378
1372 1379
1374 1897
1374 1898
1376 1378
1376 1384
1376 1387
1376 1755
1376 1758
1378 1755
1378 1758
1379 1384
1379 1387
1380 1897
1380 1898
1382 1755
1382 1758
1383 1755
1383 1757
1385 1755
1385 1757
1392 1464
1392 1465
1394 1691
1394 1694
1395 1487
1395 1488
1396 1487
1396 1488
1398 1429
1398 1431
1399 1449
1399 1452
1399 1918
1399 1920
1400 1405
1400 1416
1402 1408
1402 1418
1403 1502
1403 1506
1405 1406
1405 1435
1405 1438
1405 1442
1405 1487
1405 1488
1406 1416
1406 1508
1406 1510
1407 1502
1407 1506
1408 1410
1408 1411
1408 1421
1408 1556
1408 1767
1408 1768
1408 1891
1408 1893
1409 1419
1409 1420
1409 1895
1409 1899
1410 1418
1411 1418
1412 1449
1412 1452
1412 1918
1412 1920
1416 1435
1416 1438
1416 1442
1416 1487
1416 1488
1417 1508
1417 1510
1418 1421
1418 1556
1418 1767
1418 1768
1418 1891
1418 1893
1419 1420
1419 1569
1419 1581
1419 1890
1419 1893
1420 1895
1420 1899
1422 1449
1422 1452
1426 1438
1426 1442
1427 1429
1427 1431
1428 1569
1428 1581
1428 1890
1428 1893
1430 1449
1430 1452
1431 1457
1431 1459
1432 1444
1432 1447
1434 1457
1434 1459
1436 1444
1436 1447
1437 1445
1437 1451
1437 1891
1437 1893
1437 1894
1439 1445
1439 1451
1439 1891
1439 1893
1439 1894
1440 1455
1440 1458
1443 1457
1443 1459
1446 1455
1446 1458
1448 1457
1448 1459
1450 1459
1450 1460
1450 1764
1450 1766
1451 1459
1451 1460
1453 1455
1453 1458
1455 1458
1455 1764
1455 1766
1458 1764
1458 1766
1460 1545
1460 1548
1461 1514
1461 1518
1461 1545
1461 1548
1462 1514
1462 1518
1466 1572
1466 1576
1466 1579
1467 1572
1467 1576
1467 1579
1468 1680
1468 1681
1469 1666
1469 1671
1470 1666
1470 1671
1471 1666
1471 1671
1472 1493
1472 1496
1473 1636
1473 1639
1474 1666
1474 1671
1476 1699
1476 1702
1477 1691
1477 1694
1478 1480
1478 1482
1478 1483
1478 1485
1479 1667
1479 1668
1479 1699
1479 1702
1480 1484
1480 1490
1480 1497
1480 1908
1480 1910
1481 1667
1481 1668
1482 1484
1482 1490
1482 1497
1482 1908
1482 1910
1483 1484
1483 1487
1483 1488
1483 1490
1483 1497
1484 1485
1485 1487
1485 1488
1485 1490
1485 1497
1492 1500
1492 1506
1493 1683
1495 1500
1495 1506
1496 1683
1498 1890
1498 1891
1503 1574
1503 1575
1503 1630
1503 1635
1505 1574
1505 1575
1505 1630
1505 1635
1511 1537
1511 1539
1512 1537
1512 1539
1514 1527
1514 1532
1515 1526
1515 1527
1515 1531
1515 1532
1515 1534
1515 1535
1515 1623
1515 1628
1522 1546
1522 1550
1522 1578
1522 1585
1524 1527
1524 1532
1525 1527
1525 1532
1527 1530
1527 1535
1529 1546
1529 1550
1529 1578
1529 1585
1530 1531
1530 1533
1530 1535
1530 1536
1530 1562
1530 1571
1531 1535
1533 1535
1535 1536
1535 1562
1535 1571
1537 1538
1537 1541
1538 1539
1539 1541
1542 1547
1542 1550
1544 1547
1544 1550
1549 1550
1552 1572
1552 1579
1553 1572
1553 1579
1554 1561
1554 1566
1555 1561
1555 1566
1557 1773
1557 1775
1557 1776
1557 1848
1560 1565
1560 1567
1560 1773
1560 1848
1565 1566
1565 1574
1565 1575
1566 1567
1567 1574
1567 1575
1588 1592
1588 1593
1590 1592
1590 1593
1596 1784
1596 1788
1597 1784
1597 1788
1598 1770
1598 1771
1599 1610
1599 1611
1601 1627
1601 1632
1603 1775
1603 1776
1604 1775
1604 1776
1605 1609
1605 1610
1606 1609
1606 1610
1607 1770
1607 1771
1607 1784
1607 1788
1608 1770
1608 1771
1610 1612
1611 1612
1613 1634
1613 1637
1614 1634
1614 1637
1614 1916
1614 1917
1615 1622
1615 1628
1615 1916
1615 1917
1616 1627
1616 1632
1617 1622
1617 1628
1618 1760
1618 1761
1619 1691
1619 1694
1620 1648
1620 1649
1621 1760
1621 1761
1622 1624
1622 1640
1622 1641
1622 1667
1622 1673
1622 1907
1622 1916
1622 1917
1623 1627
1623 1632
1624 1628
1624 1916
1624 1917
1624 1924
1624 1925
1625 1924
1625 1925
1626 1915
1626 1916
1627 1762
1627 1916
1627 1917
1628 1640
1628 1641
1628 1667
1628 1673
1628 1907
1628 1916
1628 1917
1629 1916
1629 1917
1631 1915
1631 1916
1632 1762
1632 1916
1632 1917
1636 1663
1638 1910
1638 1914
1639 1663
1642 1910
1642 1914
1643 1645
1643 1646
1644 1645
1644 1646
1647 1718
1647 1719
1648 1690
1649 1690
1650 1673
1650 1674
1651 1673
1651 1674
1652 1653
1652 1723
1653 1670
1657 1724
1657 1728
1658 1660
1658 1716
1658 1719
1658 1724
1658 1728
1658 1731
1658 1736
1659 1660
1659 1716
1659 1717
1659 1719
1659 1724
1659 1728
1659 1731
1659 1736
1660 1716
1660 1717
1660 1719
1660 1730
1660 1733
1661 1727
1662 1724
1662 1728
1664 1680
1664 1681
1667 1669
1667 1672
1668 1669
1668 1672
1669 1673
1669 1674
1670 1723
1672 1673
1672 1674
1673 1676
1673 1677
1673 1691
1673 1694
1673 1711
1673 1714
1674 1676
1674 1677
1674 1691
1674 1694
1674 1711
1674 1714
1675 1689
1675 1696
1675 1698
1675 1701
1678 1689
1678 1696
1678 1698
1678 1701
1679 1711
1679 1714
1682 1689
1682 1693
1682 1695
1682 1696
1684 1689
1684 1693
1684 1695
1684 1696
1685 1687
1685 1693
1687 1688
1688 1693
1691 1703
1691 1708
1691 1712
1693 1701
1693 1706
1694 1703
1694 1708
1694 1712
1695 1701
1695 1706
1697 1710
1697 1713
1700 1715
1700 1716
1704 1710
1704 1713
1706 1711
1706 1714
1706 1726
1706 1729
1707 1715
1707 1716
1709 1711
1709 1714
1709 1726
1709 1729
1710 1743
1710 1744
1713 1743
1713 1744
1716 1720
1716 1721
1716 1724
1716 1728
1718 1725
1718 1730
1718 1763
1719 1720
1719 1721
1719 1724
1719 1725
1719 1728
1719 1730
1719 1763
1722 1724
1722 1728
1724 1730
1724 1732
1724 1733
1728 1730
1728 1732
1728 1733
1734 1740
1734 1741
1735 1740
1735 1741
1739 1745
1739 1746
1742 1745
1742 1746
1747 1750
1747 1751
1753 1909
1753 1912
1754 1756
1754 1759
1756 1757
1757 1759
1757 1909
1757 1912
1765 1767
1765 1768
1766 1767
1766 1768
1769 1795
1769 1797
1770 1785
1770 1795
1770 1797
1771 1785
1772 1815
1772 1821
1773 1781
1773 1782
1774 1852
1774 1854
1775 1844
1775 1847
1775 1857
1775 1865
1776 1781
1776 1782
1777 1818
1777 1821
1778 1818
1778 1821
1779 1869
1779 1883
1780 1875
1780 1878
1781 1839
1781 1842
1781 1848
1781 1850
1781 1851
1781 1875
1781 1878
1781 1891
1781 1893
1782 1842
1782 1848
1782 1850
1782 1851
1782 1875
1782 1878
1782 1882
1782 1883
1782 1885
1782 1891
1782 1893
1783 1784
1783 1788
1786 1800
1786 1802
1791 1800
1791 1802
1794 1804
1794 1807
1796 1804
1796 1807
1799 1807
1799 1811
1801 1807
1801 1811
1809 1818
1809 1819
1810 1829
1810 1831
1812 1829
1812 1831
1814 1824
1814 1825
1815 1845
1816 1818
1816 1819
1817 1824
1817 1825
1821 1845
1822 1829
1822 1831
1824 1826
1824 1828
1824 1829
1824 1831
1825 1826
1825 1828
1832 1833
1834 1874
1836 1874
1837 1882
1837 1883
1837 1885
1839 1875
1839 1878
1840 1852
1840 1854
1841 1852
1841 1854
1841 1869
1841 1883
1843 1844
1843 1847
1843 1857
1843 1865
1844 1852
1844 1854
1846 1869
1846 1883
1849 1867
1849 1871
1850 1875
1850 1878
1851 1875
1851 1878
1853 1875
1853 1878
1855 1861
1855 1868
1856 1867
1856 1871
1858 1877
1858 1883
1859 1876
1859 1879
1859 1881
1860 1861
1860 1868
1862 1875
1862 1877
1862 1878
1862 1883
1863 1876
1863 1879
1863 1881
1864 1876
1864 1879
1864 1881
1866 1876
1866 1879
1866 1881
1870 1879
1870 1881
1873 1879
1873 1881
1887 1892
1887 1896
1888 1892
1888 1896
1902 1904
1902 1905
1903 1904
1903 1905
1913 1916
1913 1917
1916 1917
1924 1926
1924 1927
1925 1926
1925 1927
