0 15
0 17
1 62
1 66
1 67
1 480
1 483
1 500
1 501
1 682
1 701
1 721
1 722
2 616
2 623
2 657
2 659
3 511
3 512
4 14
4 17
5 15
5 16
5 88
5 89
5 871
5 920
5 932
5 935
5 945
5 966
5 967
5 1058
5 1061
5 1150
5 1247
5 1256
5 1444
5 1445
6 336
6 341
6 871
6 920
6 1247
6 1256
7 66
7 67
7 821
7 832
7 1438
7 1440
8 63
8 64
8 66
8 67
9 299
9 305
9 309
9 432
9 433
9 658
9 661
10 280
10 284
10 299
10 305
10 309
10 432
10 433
10 658
10 661
11 280
11 284
12 31
12 32
13 31
13 32
14 17
14 18
14 19
14 20
14 298
14 304
14 312
14 318
14 325
14 326
14 874
14 876
14 879
14 1033
14 1034
14 1037
14 1050
14 1051
14 1060
14 1535
14 1536
15 16
15 17
15 19
15 81
15 82
15 84
15 88
15 89
15 102
15 103
15 120
15 121
15 172
15 178
15 187
15 189
15 432
15 433
15 474
15 478
15 932
15 935
15 945
15 962
15 966
15 967
15 968
15 971
15 972
15 975
15 1058
15 1061
15 1134
15 1140
15 1150
15 1217
15 1219
15 1249
15 1254
15 1261
15 1264
15 1444
15 1445
16 17
16 19
16 81
16 82
16 88
16 89
16 102
16 103
16 120
16 121
16 172
16 178
16 432
16 433
16 474
16 478
16 932
16 935
16 945
16 962
16 966
16 967
16 968
16 971
16 972
16 975
16 1058
16 1061
16 1134
16 1140
16 1150
16 1217
16 1219
16 1249
16 1254
16 1261
16 1264
16 1444
16 1445
17 18
17 19
17 20
17 66
17 67
17 84
17 93
17 94
17 126
17 127
17 169
17 182
17 187
17 189
17 218
17 226
17 282
17 287
17 298
17 304
17 306
17 312
17 313
17 318
17 320
17 324
17 325
17 326
17 437
17 441
17 489
17 491
17 672
17 674
17 866
17 867
17 874
17 876
17 879
17 923
17 925
17 935
17 937
17 980
17 998
17 999
17 1000
17 1003
17 1005
17 1006
17 1009
17 1028
17 1029
17 1030
17 1033
17 1034
17 1037
17 1050
17 1051
17 1056
17 1060
17 1092
17 1094
17 1095
17 1118
17 1122
17 1128
17 1132
17 1144
17 1150
17 1164
17 1203
17 1208
17 1209
17 1211
17 1212
17 1214
17 1218
17 1340
17 1341
17 1343
17 1344
17 1345
17 1347
17 1350
17 1352
17 1353
17 1441
17 1442
17 1443
17 1445
17 1535
17 1536
18 20
18 22
18 299
18 305
18 310
18 312
18 313
18 315
18 318
18 320
18 1000
18 1006
18 1063
18 1065
18 1069
18 1071
18 1076
18 1088
18 1091
18 1209
18 1211
18 1443
18 1445
19 66
19 67
19 93
19 94
19 126
19 127
19 169
19 182
19 218
19 226
19 282
19 287
19 306
19 312
19 313
19 318
19 320
19 324
19 437
19 441
19 489
19 491
19 672
19 674
19 866
19 867
19 923
19 925
19 935
19 937
19 980
19 998
19 999
19 1003
19 1005
19 1009
19 1028
19 1029
19 1030
19 1056
19 1060
19 1092
19 1094
19 1095
19 1118
19 1122
19 1128
19 1132
19 1144
19 1150
19 1164
19 1203
19 1208
19 1209
19 1211
19 1212
19 1214
19 1217
19 1218
19 1219
19 1340
19 1341
19 1343
19 1344
19 1345
19 1347
19 1350
19 1352
19 1353
19 1441
19 1442
19 1443
19 1445
20 22
20 282
20 287
20 299
20 305
20 310
20 312
20 313
20 315
20 316
20 318
20 319
20 320
20 561
20 566
20 791
20 793
20 822
20 823
20 828
20 831
20 935
20 936
20 1033
20 1034
20 1054
20 1063
20 1065
20 1069
20 1071
20 1076
20 1088
20 1091
20 1124
20 1128
20 1148
20 1316
20 1318
20 1437
20 1441
20 1442
20 1443
20 1445
20 1529
20 1533
20 1534
21 660
21 662
21 1311
21 1312
22 23
22 26
22 36
22 42
22 154
22 155
22 260
22 261
22 267
22 282
22 284
22 287
22 291
22 316
22 318
22 319
22 320
22 321
22 387
22 390
22 561
22 565
22 566
22 572
22 601
22 602
22 791
22 793
22 822
22 823
22 828
22 831
22 915
22 917
22 919
22 922
22 935
22 936
22 1033
22 1034
22 1054
22 1063
22 1106
22 1107
22 1118
22 1124
22 1128
22 1148
22 1154
22 1156
22 1179
22 1181
22 1316
22 1317
22 1318
22 1322
22 1437
22 1441
22 1442
22 1529
22 1533
22 1534
23 248
23 249
23 270
23 657
23 659
23 660
23 662
23 663
23 823
23 1066
23 1074
23 1311
23 1312
23 1399
23 1401
24 267
24 321
25 267
25 321
26 248
26 249
26 270
26 531
26 657
26 659
26 663
26 670
26 671
26 823
26 1066
26 1074
26 1399
26 1401
27 531
27 670
27 671
28 89
28 150
28 769
28 771
29 89
29 150
29 769
29 771
30 63
30 64
33 77
33 327
34 98
34 100
34 318
34 320
34 324
35 36
35 42
36 45
36 823
37 62
37 66
37 67
37 480
37 483
37 500
37 501
37 682
37 701
37 721
37 722
38 518
38 519
38 692
38 694
38 698
38 699
38 703
38 707
38 841
38 1468
38 1469
38 1471
38 1472
38 1473
38 1474
38 1475
39 537
39 538
39 692
39 694
39 703
39 707
39 1303
39 1304
39 1461
39 1464
39 1471
39 1473
39 1474
40 537
40 538
40 1303
40 1304
40 1461
40 1464
41 91
41 92
41 469
41 472
41 487
41 493
42 45
42 823
43 1490
43 1491
44 77
44 98
44 100
44 318
44 320
44 324
44 327
45 469
45 472
46 91
46 92
47 469
47 472
47 487
47 493
48 1490
48 1491
49 843
49 846
50 843
50 846
51 111
51 114
51 117
52 496
52 497
53 496
53 497
54 111
54 114
54 117
55 881
55 943
56 253
56 255
57 253
57 255
58 900
58 901
58 1260
58 1262
59 900
59 901
60 81
60 82
60 336
60 341
60 927
60 928
61 81
61 82
61 927
61 928
62 679
63 131
63 160
63 162
63 173
63 174
63 787
63 1260
63 1262
64 131
64 474
64 478
64 673
64 676
64 721
64 722
64 787
65 160
65 162
65 173
65 174
66 474
66 478
66 673
66 676
66 679
66 721
66 722
66 829
66 832
66 1526
66 1527
67 94
67 95
67 829
67 832
67 862
67 1102
67 1103
67 1249
67 1254
67 1453
67 1496
67 1526
67 1527
68 71
68 73
68 75
68 94
68 95
68 480
68 483
68 715
68 716
68 733
68 743
68 763
68 765
68 766
68 767
68 863
68 1011
68 1016
68 1017
68 1104
68 1105
68 1188
68 1189
68 1241
68 1249
68 1254
68 1295
68 1300
68 1487
68 1488
68 1500
68 1502
68 1523
68 1525
69 71
69 75
69 480
69 483
69 681
69 684
69 686
69 728
69 1188
69 1189
69 1242
69 1250
69 1451
69 1477
69 1479
69 1498
69 1500
69 1502
69 1513
69 1515
69 1523
69 1525
70 733
70 743
70 763
70 765
70 766
70 767
70 1011
70 1241
71 74
71 75
71 753
71 756
71 1105
71 1114
71 1455
71 1460
71 1477
71 1479
71 1487
71 1488
72 76
72 682
72 701
72 709
72 711
72 1279
72 1290
72 1457
72 1462
72 1467
72 1468
72 1471
73 74
74 684
74 686
74 1016
74 1017
74 1242
74 1249
74 1250
74 1254
74 1295
74 1300
74 1487
74 1488
75 681
75 728
75 753
75 756
75 1105
75 1114
75 1451
75 1455
75 1460
75 1477
75 1479
75 1487
75 1488
75 1498
75 1513
75 1515
76 682
76 701
76 709
76 711
76 1279
76 1290
76 1457
76 1462
76 1467
76 1468
76 1471
78 122
78 123
78 1122
78 1132
79 122
79 123
80 513
80 514
81 88
81 89
81 109
81 113
81 116
81 126
81 127
81 484
81 491
81 1349
81 1351
82 88
82 89
82 147
82 148
82 1349
82 1351
83 147
83 148
85 508
85 509
86 298
86 304
87 88
87 89
88 104
88 105
88 107
89 104
89 298
89 304
90 113
90 114
90 1052
90 1057
91 1040
91 1041
91 1330
91 1333
92 1040
92 1041
92 1330
92 1333
94 102
94 103
95 102
95 103
96 508
96 509
97 298
97 304
99 508
99 509
101 109
101 116
102 109
102 110
102 113
102 114
102 116
103 110
103 113
103 114
105 106
105 112
105 115
106 107
107 112
107 115
107 118
108 115
108 118
109 298
113 118
113 298
114 118
115 913
115 914
116 298
118 913
118 914
118 1052
118 1057
119 828
119 831
120 828
120 831
124 1423
124 1424
125 1423
125 1424
126 298
127 146
127 149
127 298
127 1063
127 1071
128 146
128 149
128 381
128 386
128 1063
128 1071
129 196
129 197
130 131
130 787
131 140
132 734
132 746
132 770
132 772
133 705
133 708
133 734
133 746
133 770
133 771
133 772
134 730
134 734
134 735
135 769
135 771
136 381
136 386
137 196
137 197
138 187
138 189
139 187
139 189
140 787
141 251
141 253
142 251
142 253
142 724
142 731
142 777
142 782
143 192
143 193
143 871
143 920
144 192
144 193
144 871
144 920
145 724
145 731
145 777
145 782
147 298
147 304
147 498
147 505
148 156
148 157
148 831
148 832
150 298
150 304
151 298
151 304
151 498
151 505
152 156
152 157
152 831
152 832
153 461
153 463
153 768
153 769
154 461
154 463
154 768
154 769
154 823
155 768
155 769
155 823
156 918
156 921
157 918
157 921
158 925
158 927
159 925
159 927
160 489
160 491
160 778
160 779
161 778
161 779
162 489
162 491
163 778
163 779
164 168
164 169
164 172
164 178
165 168
165 169
165 172
165 178
166 168
166 169
167 181
167 182
167 377
167 383
168 377
168 383
169 184
169 185
170 184
170 185
171 388
171 389
172 194
172 195
172 300
172 307
172 377
172 381
172 382
172 383
172 385
172 388
172 389
172 777
172 782
175 259
175 392
175 451
175 452
176 259
176 392
176 451
176 452
177 511
177 512
178 194
178 195
178 300
178 307
178 377
178 381
178 382
178 383
178 385
178 388
178 777
178 782
179 190
179 191
180 190
180 191
181 372
182 372
183 382
183 385
186 381
186 388
187 382
187 385
187 1443
187 1445
188 381
188 388
189 382
189 385
189 1443
189 1445
198 212
198 213
199 212
199 213
200 224
200 230
201 224
201 230
201 333
201 339
201 343
202 333
202 339
202 343
203 434
203 442
204 226
204 231
204 425
204 426
204 432
204 433
204 437
204 441
205 221
205 229
206 432
206 453
206 796
206 798
207 541
207 550
207 795
207 797
208 541
208 550
208 795
208 797
209 794
209 798
209 799
209 800
210 223
210 225
210 229
210 232
210 550
210 558
211 223
211 225
211 229
211 232
211 550
211 558
214 563
214 564
214 568
215 431
215 459
215 802
215 803
216 233
216 235
217 233
217 235
218 225
218 226
218 235
218 236
218 272
218 273
218 283
218 291
218 806
218 807
219 542
219 543
220 425
220 426
221 449
222 542
222 543
223 431
223 459
223 802
223 803
224 226
224 231
224 262
224 279
224 1053
224 1061
225 226
226 228
226 235
226 236
226 272
226 273
226 283
226 291
226 436
226 806
226 807
227 437
227 441
228 231
228 262
228 279
228 382
228 385
228 1053
228 1061
229 431
229 449
229 459
230 262
230 279
230 382
230 385
230 1053
230 1061
231 436
234 563
234 564
234 568
237 303
237 306
237 312
238 303
238 306
238 312
238 794
238 798
238 799
238 800
239 795
239 797
239 798
240 795
240 798
241 444
241 445
242 706
242 708
242 730
242 740
242 743
242 747
243 487
243 493
244 521
244 523
244 524
245 533
245 534
246 533
246 534
247 444
247 445
248 381
248 388
250 381
250 388
252 470
252 482
254 470
254 482
256 521
256 523
256 524
257 521
257 523
257 524
258 706
258 708
260 283
260 291
260 823
261 283
261 291
261 823
262 296
262 303
262 306
263 282
263 289
264 289
264 294
264 328
264 404
265 328
265 404
266 287
266 293
267 823
268 660
268 662
269 660
269 662
271 657
271 659
274 289
274 294
274 302
274 310
275 302
275 310
276 387
276 390
277 387
277 390
278 282
278 289
279 343
279 349
280 296
280 303
280 306
281 328
281 404
282 288
282 289
282 330
282 414
283 1054
283 1063
284 343
284 349
284 823
284 1308
284 1325
285 487
285 493
286 295
286 302
287 288
287 289
287 302
287 310
287 328
287 329
287 330
287 348
287 404
287 409
287 414
288 373
288 378
288 380
288 384
289 290
289 296
289 373
289 378
290 291
290 294
290 295
290 296
290 302
290 1031
290 1032
290 1162
290 1163
291 296
291 823
291 1054
291 1063
291 1162
291 1163
291 1308
291 1325
292 487
292 493
293 302
293 310
293 329
293 348
293 409
294 296
295 296
295 297
295 299
295 305
295 308
295 309
295 924
295 926
295 1063
295 1071
296 299
296 302
296 305
296 1031
296 1032
297 299
297 302
297 303
297 305
297 312
298 484
298 491
298 1155
298 1158
298 1206
298 1209
299 302
299 305
299 309
299 582
299 586
299 1063
299 1071
299 1080
299 1085
300 303
300 312
301 380
301 384
302 305
302 308
302 309
302 924
302 926
302 1063
302 1071
303 311
303 317
303 1088
303 1091
304 884
304 886
304 1072
304 1082
304 1155
304 1158
304 1206
304 1209
305 309
305 582
305 586
305 1080
305 1085
306 311
306 317
306 1088
306 1091
309 1063
309 1071
309 1080
309 1085
311 313
311 316
311 319
311 1068
311 1080
313 317
314 513
314 514
314 884
314 886
314 1072
314 1082
316 317
317 319
317 1068
317 1080
318 499
318 504
318 753
318 756
318 823
318 1068
318 1075
319 322
319 323
320 322
320 323
320 499
320 504
320 753
320 756
320 823
320 1068
320 1075
321 823
324 1068
324 1075
325 1122
325 1132
328 401
328 403
328 407
328 410
328 1063
328 1071
329 410
329 413
329 574
329 577
331 427
331 428
331 429
332 427
332 428
332 429
333 391
333 392
334 382
334 385
335 368
335 369
335 373
336 338
336 340
336 341
336 589
336 590
337 589
337 590
338 341
338 381
338 386
339 391
339 392
340 341
340 381
340 382
340 385
340 386
341 561
341 566
342 368
342 369
342 373
343 391
343 392
344 358
344 360
344 365
344 369
345 561
345 566
346 355
346 364
347 355
347 364
349 371
349 374
350 358
350 360
350 365
350 369
351 382
351 385
352 371
352 374
352 382
352 385
352 434
352 443
353 361
353 370
353 382
353 385
354 366
354 368
355 379
355 380
356 366
356 368
357 361
357 370
357 382
357 385
359 406
359 411
361 375
361 380
361 382
361 385
361 434
361 443
362 375
362 380
362 434
362 443
363 382
363 385
364 379
364 380
364 406
364 411
367 382
367 385
372 377
372 383
373 380
373 387
374 1080
374 1085
376 1080
376 1085
378 380
378 387
383 434
383 443
385 434
385 443
387 822
387 823
388 1154
388 1156
389 1154
389 1156
390 822
390 823
393 614
393 615
394 614
394 615
395 396
395 397
396 397
398 573
398 574
398 575
398 577
398 579
398 581
398 584
398 592
398 597
399 408
399 410
400 573
400 574
400 575
400 577
400 579
400 581
400 584
400 592
400 597
401 404
402 408
402 410
403 404
404 407
404 410
404 1063
404 1071
405 589
405 591
407 547
407 608
408 589
408 591
409 410
409 413
409 574
409 577
410 547
410 608
412 547
412 608
415 423
415 425
415 426
416 423
416 426
417 423
417 426
418 420
418 421
418 547
418 548
418 561
418 566
419 423
419 425
419 426
420 422
421 422
422 547
422 548
422 561
422 566
423 424
423 425
423 426
423 429
423 430
424 426
424 429
424 430
425 426
425 429
425 430
426 429
426 430
427 429
427 430
428 429
428 430
429 430
432 436
432 438
432 446
432 450
433 436
433 446
433 450
434 435
435 437
435 441
435 442
436 437
436 441
437 442
437 448
437 824
437 825
437 826
438 453
438 796
438 798
439 541
439 550
440 541
440 550
441 442
441 448
441 824
441 825
441 826
443 451
443 452
446 791
446 793
446 799
446 800
447 451
447 452
449 541
449 550
450 791
450 793
450 799
450 800
454 455
454 456
455 457
456 457
458 460
458 462
460 462
464 748
464 755
465 466
465 513
465 514
465 748
465 755
466 513
466 514
467 730
467 740
467 743
467 747
468 521
468 523
468 702
468 705
468 706
471 486
471 488
471 494
471 496
473 521
473 523
473 702
473 705
473 706
475 487
475 493
476 682
476 701
477 486
477 487
477 488
477 493
477 494
477 496
479 487
479 493
480 483
481 682
481 701
484 898
484 899
485 673
485 676
487 547
487 548
489 552
489 556
489 557
489 560
490 673
490 676
491 552
491 556
491 557
491 560
491 898
491 899
492 496
492 497
493 547
493 548
495 496
495 497
496 744
496 754
497 611
497 614
497 674
497 675
497 744
497 754
499 507
499 510
499 574
499 575
499 577
499 579
500 679
501 679
502 551
502 562
503 611
503 614
503 674
503 675
506 551
506 562
507 510
507 574
507 575
507 577
507 579
515 695
515 697
515 769
515 771
516 695
516 697
516 769
516 771
517 519
517 535
518 841
519 535
519 841
520 723
520 736
521 522
522 523
522 524
525 536
525 537
526 536
526 537
527 537
527 538
528 723
528 736
529 536
529 537
530 536
530 537
532 537
532 538
537 1306
537 1307
538 1306
538 1307
539 1485
539 1486
540 1485
540 1486
542 555
542 805
543 552
543 555
543 556
543 805
544 668
544 669
545 639
545 640
546 639
546 640
549 552
549 556
550 557
550 560
550 563
550 564
550 568
553 561
553 566
554 561
554 566
556 561
556 566
557 558
557 564
557 568
558 560
558 563
558 564
558 568
559 561
559 566
560 564
560 568
561 804
561 1080
561 1085
564 568
565 670
565 671
565 823
566 804
566 1080
566 1085
567 574
567 577
568 569
569 1068
569 1075
569 1084
569 1086
570 1068
570 1075
570 1084
570 1086
571 574
571 577
572 670
572 671
572 823
573 578
573 582
576 587
576 589
578 579
579 582
580 594
580 595
583 594
583 595
585 647
585 652
587 588
588 589
589 625
589 627
590 625
590 627
591 647
591 652
593 628
593 632
596 628
596 632
598 616
598 623
599 643
599 644
600 606
600 610
601 648
601 653
601 655
601 656
601 822
602 648
602 653
602 655
602 656
602 822
603 604
603 642
604 651
605 612
605 613
606 643
607 643
607 644
609 612
609 613
610 643
617 633
617 641
618 624
618 626
618 629
618 630
619 624
619 626
619 629
619 630
620 633
620 641
621 635
621 637
622 635
622 637
623 635
623 637
628 632
628 788
628 789
628 801
629 630
631 636
631 638
632 788
632 789
632 801
634 636
634 638
642 651
645 646
645 650
646 649
649 650
653 1123
653 1125
654 1123
654 1125
664 1156
664 1157
665 1156
665 1157
666 668
666 669
667 668
667 669
673 1448
673 1492
676 1448
676 1492
677 1446
677 1447
678 1446
678 1447
680 682
680 683
680 725
681 729
681 739
682 727
682 728
682 735
682 739
682 750
682 752
682 757
683 728
683 735
683 739
683 750
683 752
683 753
683 756
683 757
683 760
683 761
685 1508
685 1510
687 705
687 708
688 1508
688 1510
689 705
689 708
690 698
690 699
691 698
691 699
693 1304
693 1305
694 1304
694 1305
695 705
695 708
695 723
695 724
696 753
696 756
697 705
697 708
697 723
697 724
698 1466
699 1466
700 711
700 712
701 727
701 728
704 711
704 712
705 758
708 729
708 739
708 758
710 729
710 739
713 717
713 718
714 717
714 718
715 863
716 863
717 1493
717 1501
718 1493
718 1501
719 1016
719 1017
720 1016
720 1017
721 1251
721 1253
721 1522
721 1524
722 1251
722 1253
722 1522
722 1524
725 728
725 739
725 752
725 753
725 756
725 757
725 760
725 761
726 753
726 756
727 751
727 753
727 756
727 759
728 729
728 739
730 733
730 743
730 754
732 733
732 743
733 734
733 741
733 744
733 754
734 743
734 754
734 766
734 768
734 770
734 772
735 744
735 754
735 762
735 764
737 753
737 756
738 751
738 759
741 743
742 744
742 754
743 744
743 754
744 749
744 750
744 754
744 762
744 764
744 769
744 771
745 753
745 756
746 766
746 768
746 770
746 772
749 754
750 754
751 753
751 756
754 769
754 771
758 771
758 772
763 768
763 769
763 771
765 768
765 769
765 771
766 1098
766 1099
767 1098
767 1099
773 774
773 775
773 780
773 783
773 1522
773 1524
774 776
775 781
776 783
776 1522
776 1524
780 781
784 785
784 786
785 786
789 790
789 792
790 801
792 801
808 1076
808 1080
808 1085
809 1076
809 1080
809 1085
810 1284
810 1285
811 1198
811 1278
812 840
812 872
813 1284
813 1285
814 1101
814 1102
815 860
815 861
815 1096
815 1099
816 1096
816 1099
817 1042
817 1043
817 1089
817 1093
818 1088
818 1091
819 1416
819 1418
820 821
820 832
820 1438
820 1440
821 1217
821 1219
822 915
822 917
823 919
823 922
823 1033
823 1034
823 1106
823 1107
823 1118
823 1124
823 1128
823 1154
823 1156
823 1179
823 1181
823 1317
823 1322
827 848
827 854
827 1521
827 1522
830 1040
830 1041
832 1217
832 1219
833 848
833 854
833 1242
833 1250
833 1521
833 1522
834 1040
834 1041
834 1088
834 1091
835 1242
835 1250
836 1428
836 1432
836 1435
837 891
837 892
837 893
837 896
838 893
838 896
839 842
839 844
840 1492
841 1468
841 1469
841 1472
841 1475
842 902
843 888
843 889
843 890
843 891
844 902
845 888
845 889
845 890
845 891
847 864
847 865
847 868
847 1077
849 864
849 865
850 1101
850 1102
851 855
851 857
852 868
852 1077
853 855
853 857
856 900
856 901
858 881
858 943
859 900
859 901
860 1427
861 1427
862 1102
862 1103
862 1104
862 1105
862 1249
862 1254
862 1453
862 1496
864 1088
864 1091
865 1088
865 1091
867 880
867 881
868 1056
868 1060
869 1030
869 1164
869 1165
870 885
870 887
872 1492
873 1038
873 1039
873 1103
875 1038
875 1039
875 1103
877 885
877 887
878 1428
878 1432
878 1435
879 885
879 887
880 1092
881 1092
882 883
885 916
886 894
886 895
887 894
887 895
887 916
890 891
890 892
891 892
891 897
892 897
903 1198
903 1278
903 1522
903 1524
904 1522
904 1524
905 1246
905 1252
905 1506
905 1509
906 910
906 912
906 1444
906 1445
907 1109
907 1110
908 1109
908 1110
909 910
909 912
909 1444
909 1445
911 1224
911 1229
913 1224
913 1229
913 1231
913 1233
914 1231
914 1233
928 1508
928 1509
928 1510
928 1511
929 1508
929 1509
929 1510
929 1511
930 1270
930 1273
931 1270
931 1273
932 970
932 971
932 1235
932 1238
933 934
933 935
933 941
933 942
933 964
933 969
933 970
933 971
933 1150
933 1235
933 1238
934 1150
934 1152
935 971
935 972
935 973
935 974
935 1152
935 1257
935 1258
936 952
936 953
938 1159
938 1161
939 1159
939 1161
940 948
940 949
940 959
940 962
941 946
941 962
941 966
942 946
942 962
942 966
943 954
943 955
943 956
944 955
944 956
945 955
945 956
945 970
945 971
945 1235
945 1238
947 954
947 955
947 956
948 961
949 961
950 1217
950 1219
951 1217
951 1219
952 1148
953 1148
955 957
955 959
955 1106
955 1107
956 957
956 959
956 1106
956 1107
958 970
958 971
958 1118
958 1128
959 961
959 1155
959 1158
960 1121
960 1131
961 962
962 1155
962 1158
962 1160
962 1243
962 1248
963 1158
963 1160
964 1152
965 970
965 971
965 1118
965 1128
965 1243
965 1248
966 976
966 977
966 1118
966 1128
966 1155
966 1158
967 1118
967 1128
969 1152
970 976
970 977
971 1149
971 1150
972 1149
972 1150
972 1234
972 1237
973 1150
974 1150
975 1234
975 1237
978 995
978 1007
979 1188
979 1189
980 992
980 994
980 1539
980 1542
981 1528
981 1543
982 985
982 989
982 1549
982 1550
983 985
983 989
983 1549
983 1550
984 1328
984 1336
984 1337
986 1188
986 1189
987 1328
987 1336
987 1337
988 1546
988 1547
990 1000
990 1002
991 1546
991 1547
992 997
993 1000
993 1002
994 997
995 1184
996 1001
996 1008
998 1213
998 1216
999 1539
999 1542
1000 1001
1000 1008
1000 1067
1000 1081
1000 1117
1000 1136
1002 1067
1002 1081
1002 1117
1002 1136
1004 1166
1004 1167
1004 1532
1004 1545
1005 1213
1005 1216
1007 1184
1010 1451
1010 1498
1012 1217
1012 1219
1013 1293
1013 1294
1014 1291
1014 1292
1015 1291
1015 1292
1018 1023
1018 1025
1018 1458
1018 1463
1018 1468
1018 1469
1019 1023
1019 1025
1019 1458
1019 1463
1019 1468
1019 1469
1020 1271
1020 1274
1021 1217
1021 1219
1022 1271
1022 1274
1024 1217
1024 1219
1026 1451
1026 1498
1027 1217
1027 1219
1030 1035
1030 1036
1030 1058
1033 1035
1033 1036
1033 1146
1033 1147
1034 1035
1034 1036
1034 1146
1034 1147
1035 1063
1035 1071
1035 1162
1035 1163
1035 1164
1035 1165
1036 1063
1036 1071
1036 1162
1036 1163
1036 1164
1036 1165
1040 1096
1040 1099
1041 1096
1041 1099
1042 1426
1043 1426
1044 1420
1044 1421
1045 1403
1045 1404
1046 1403
1046 1404
1047 1395
1047 1400
1048 1395
1048 1400
1049 1078
1049 1079
1051 1069
1051 1076
1053 1279
1053 1290
1055 1065
1055 1069
1055 1076
1056 1077
1056 1088
1056 1091
1056 1115
1056 1126
1056 1443
1056 1445
1058 1164
1058 1165
1059 1078
1059 1079
1060 1069
1060 1076
1060 1077
1060 1088
1060 1091
1060 1115
1060 1126
1060 1443
1060 1445
1061 1279
1061 1290
1062 1063
1062 1071
1063 1068
1063 1071
1063 1072
1063 1075
1063 1082
1064 1065
1064 1068
1064 1069
1064 1075
1064 1076
1068 1069
1068 1071
1068 1072
1068 1073
1068 1076
1068 1082
1068 1084
1068 1211
1068 1212
1069 1086
1070 1443
1070 1445
1071 1072
1071 1075
1071 1082
1072 1075
1072 1082
1073 1075
1075 1082
1075 1084
1075 1348
1075 1349
1076 1086
1080 1097
1080 1100
1080 1430
1080 1431
1083 1249
1083 1254
1084 1249
1084 1254
1084 1348
1084 1349
1085 1097
1085 1100
1085 1430
1085 1431
1086 1211
1086 1212
1087 1097
1087 1098
1088 1287
1088 1290
1088 1432
1088 1435
1089 1097
1089 1098
1089 1426
1090 1432
1090 1435
1091 1287
1091 1290
1091 1432
1091 1435
1093 1426
1104 1346
1104 1351
1105 1364
1105 1365
1106 1154
1106 1156
1106 1264
1106 1265
1107 1154
1107 1156
1107 1264
1107 1265
1108 1190
1108 1192
1109 1179
1109 1180
1109 1181
1109 1183
1109 1368
1109 1373
1110 1179
1110 1180
1110 1181
1110 1183
1110 1368
1110 1373
1111 1119
1111 1121
1111 1130
1111 1194
1112 1119
1112 1121
1112 1122
1112 1130
1112 1131
1112 1132
1112 1194
1112 1195
1113 1154
1113 1156
1114 1364
1114 1365
1116 1249
1116 1254
1118 1132
1118 1135
1119 1121
1119 1122
1119 1130
1119 1132
1119 1194
1120 1121
1120 1122
1120 1131
1120 1132
1120 1194
1120 1195
1121 1129
1121 1135
1121 1138
1121 1226
1122 1136
1122 1137
1122 1191
1122 1196
1127 1249
1127 1254
1128 1132
1128 1135
1129 1131
1131 1135
1131 1136
1131 1137
1131 1138
1131 1226
1132 1191
1132 1196
1133 1190
1133 1192
1136 1151
1136 1153
1137 1151
1137 1153
1137 1154
1139 1151
1139 1153
1141 1153
1141 1154
1141 1156
1142 1151
1142 1153
1143 1154
1143 1156
1145 1154
1145 1156
1148 1257
1148 1258
1150 1152
1166 1358
1166 1362
1166 1366
1166 1371
1166 1438
1166 1440
1166 1544
1167 1358
1167 1362
1167 1366
1167 1371
1167 1438
1167 1440
1167 1544
1168 1376
1168 1377
1169 1370
1169 1372
1170 1359
1170 1363
1171 1376
1171 1377
1172 1321
1172 1334
1172 1340
1172 1344
1173 1321
1173 1334
1173 1340
1173 1344
1174 1340
1174 1344
1174 1345
1175 1190
1175 1192
1176 1190
1176 1192
1177 1188
1177 1189
1178 1346
1178 1351
1179 1180
1179 1182
1179 1183
1179 1190
1179 1192
1179 1320
1179 1368
1179 1373
1180 1181
1181 1182
1181 1183
1181 1190
1181 1192
1181 1320
1181 1368
1181 1373
1182 1340
1182 1344
1182 1345
1183 1188
1183 1189
1185 1193
1185 1195
1186 1193
1186 1195
1187 1188
1187 1189
1188 1189
1188 1190
1188 1192
1188 1195
1188 1197
1189 1190
1189 1192
1189 1195
1189 1197
1190 1192
1190 1264
1190 1265
1192 1264
1192 1265
1199 1224
1199 1227
1200 1224
1200 1227
1201 1245
1201 1255
1202 1212
1202 1216
1203 1207
1203 1210
1204 1245
1204 1255
1205 1212
1205 1213
1205 1216
1206 1213
1206 1216
1207 1208
1208 1210
1211 1213
1211 1214
1211 1218
1212 1213
1212 1214
1212 1218
1215 1217
1215 1219
1217 1220
1219 1220
1221 1222
1221 1225
1222 1223
1222 1228
1223 1225
1225 1228
1225 1232
1225 1236
1230 1232
1230 1236
1232 1233
1233 1236
1239 1451
1239 1454
1239 1496
1239 1498
1240 1477
1240 1479
1244 1266
1244 1268
1245 1266
1245 1268
1246 1512
1247 1270
1247 1273
1249 1500
1249 1507
1252 1512
1254 1500
1254 1507
1256 1270
1256 1273
1257 1368
1257 1373
1258 1368
1258 1373
1259 1276
1259 1277
1263 1276
1263 1277
1267 1272
1267 1275
1269 1272
1269 1275
1279 1477
1279 1479
1279 1500
1279 1502
1280 1495
1280 1503
1281 1304
1281 1305
1282 1304
1282 1305
1282 1494
1282 1495
1282 1503
1282 1505
1283 1295
1283 1300
1286 1293
1286 1294
1287 1477
1287 1479
1287 1490
1287 1491
1287 1500
1287 1502
1288 1467
1288 1468
1288 1469
1289 1467
1289 1468
1289 1469
1290 1490
1290 1491
1290 1500
1290 1502
1295 1459
1295 1463
1295 1464
1296 1463
1296 1464
1297 1298
1297 1299
1298 1301
1299 1301
1300 1459
1300 1463
1300 1464
1302 1456
1302 1461
1303 1456
1303 1461
1303 1466
1304 1456
1304 1461
1304 1466
1305 1456
1305 1461
1309 1330
1309 1333
1310 1326
1310 1327
1312 1314
1312 1315
1313 1314
1313 1315
1314 1324
1315 1324
1316 1347
1316 1350
1316 1389
1316 1390
1316 1534
1316 1538
1316 1541
1319 1381
1319 1385
1323 1326
1323 1327
1325 1330
1325 1333
1328 1329
1328 1332
1328 1336
1329 1337
1329 1344
1329 1345
1330 1378
1330 1379
1331 1338
1331 1339
1332 1337
1332 1344
1332 1345
1333 1378
1333 1379
1335 1338
1335 1339
1336 1337
1336 1344
1336 1345
1340 1342
1340 1345
1342 1344
1342 1345
1342 1382
1342 1384
1344 1345
1344 1354
1344 1355
1344 1382
1344 1384
1345 1354
1345 1355
1345 1382
1345 1384
1346 1391
1346 1392
1347 1534
1350 1534
1351 1391
1351 1392
1356 1381
1356 1385
1357 1398
1357 1406
1359 1360
1360 1363
1361 1370
1361 1372
1366 1367
1366 1370
1366 1375
1366 1376
1366 1530
1366 1531
1367 1371
1369 1380
1369 1386
1369 1537
1369 1539
1370 1371
1371 1375
1371 1376
1371 1530
1371 1531
1374 1380
1374 1386
1374 1537
1374 1539
1383 1398
1383 1406
1387 1393
1387 1394
1388 1393
1388 1394
1389 1393
1389 1394
1389 1397
1389 1402
1389 1534
1390 1393
1390 1394
1390 1397
1390 1402
1390 1534
1395 1403
1395 1404
1396 1403
1396 1404
1398 1408
1398 1409
1405 1412
1405 1417
1406 1408
1406 1409
1407 1420
1407 1421
1407 1441
1407 1442
1410 1416
1410 1418
1411 1412
1411 1417
1411 1420
1411 1421
1411 1441
1411 1442
1413 1414
1413 1415
1414 1415
1419 1420
1419 1421
1422 1428
1422 1432
1422 1435
1425 1428
1425 1432
1425 1435
1429 1433
1429 1434
1432 1436
1432 1439
1432 1489
1432 1490
1433 1434
1435 1436
1435 1439
1435 1489
1435 1490
1449 1450
1449 1451
1449 1500
1449 1507
1450 1489
1451 1452
1451 1489
1451 1497
1451 1504
1452 1498
1454 1504
1455 1495
1455 1503
1455 1505
1458 1463
1459 1494
1459 1495
1459 1503
1460 1476
1460 1480
1460 1495
1460 1503
1460 1505
1463 1470
1463 1478
1464 1470
1464 1478
1465 1476
1465 1480
1466 1471
1466 1473
1477 1501
1479 1501
1481 1483
1481 1484
1482 1483
1482 1484
1496 1504
1497 1498
1498 1504
1499 1500
1499 1507
1506 1512
1509 1512
1513 1519
1513 1520
1514 1519
1514 1520
1516 1518
1516 1521
1517 1518
1517 1521
1528 1540
1532 1544
1534 1538
1534 1541
1540 1543
1544 1545
1548 1549
1548 1550
1549 1551
1550 1551
