0 176
0 194
0 198
0 199
1 139
1 144
2 158
2 160
2 491
2 520
2 523
2 946
2 1420
2 1466
2 1471
2 1472
2 1514
2 1517
2 1518
2 1519
2 1840
2 1845
3 51
3 53
3 58
3 625
3 632
3 782
3 783
3 784
3 790
3 1180
3 1197
3 1198
3 1269
3 1275
3 1296
3 1699
4 356
4 366
5 159
5 165
5 488
5 489
5 965
5 971
5 1421
5 1422
6 1342
6 1344
7 1510
7 1512
8 112
8 114
9 77
9 80
9 82
10 11
10 26
10 33
10 40
10 43
10 117
10 120
10 170
10 171
10 172
10 173
10 175
10 199
10 660
10 662
10 665
10 668
10 673
10 1413
10 1797
10 1798
10 1816
10 1820
10 1822
10 1825
10 2235
10 2326
10 2337
11 33
11 40
11 43
11 117
11 120
11 168
11 169
11 170
11 171
11 172
11 173
11 175
11 176
11 178
11 179
11 194
11 199
11 207
11 211
11 247
11 281
11 356
11 366
11 376
11 378
11 560
11 631
11 641
11 662
11 665
11 737
11 740
11 781
11 823
11 829
11 866
11 886
11 894
11 921
11 1676
11 1730
11 1731
11 1797
11 1798
11 1799
11 1800
11 1813
11 1814
11 1820
11 1938
11 1939
11 1943
11 2033
11 2034
11 2235
11 2286
11 2291
11 2502
11 2509
11 2533
11 2534
11 3019
11 3022
12 16
12 17
12 175
12 178
12 179
12 180
12 181
12 182
12 199
12 206
12 208
12 217
12 220
12 221
12 310
12 311
12 373
12 375
12 378
12 390
12 391
12 489
12 490
12 530
12 772
12 774
12 775
12 900
12 906
12 1608
12 1610
12 1799
12 1800
12 1805
12 1814
12 1824
12 1835
12 1842
12 1847
12 1849
12 1853
12 1857
12 1860
12 1865
12 1869
12 1870
12 1873
12 1875
12 1911
12 1919
12 1938
12 1939
12 1943
12 2023
12 2027
12 2028
12 2542
12 2543
12 2545
12 2546
12 2547
12 2549
13 16
13 17
13 35
13 41
13 181
13 182
13 310
13 311
13 772
13 774
13 775
13 1687
13 1712
13 1799
13 1800
13 1853
13 1857
13 1860
13 1865
13 1873
13 1875
13 1911
13 1919
13 1924
13 1926
13 1938
13 1939
13 1943
13 2403
13 2405
13 2542
13 2543
14 21
14 22
14 35
14 41
14 2875
14 2876
15 21
15 22
15 2875
15 2876
16 35
17 35
18 639
18 644
19 576
19 577
20 1360
20 1361
23 54
23 62
24 147
24 149
24 956
24 963
25 956
25 963
26 33
26 139
26 144
26 222
26 224
26 510
26 512
26 686
26 699
26 700
26 703
26 704
26 883
26 884
26 892
26 996
26 997
26 1394
26 1395
27 633
27 640
27 686
27 699
27 700
27 703
27 704
27 1394
27 1395
28 1371
28 1372
29 58
29 1704
30 58
30 581
30 637
30 1704
31 581
31 637
31 1180
31 1296
32 40
32 42
32 43
32 47
32 53
32 58
32 77
32 80
32 170
32 171
32 606
32 610
32 616
32 621
32 634
32 643
32 644
32 650
32 663
32 1712
32 1715
32 2044
32 2065
32 2071
32 2197
32 2198
32 2256
32 2279
32 2285
32 2289
32 2294
32 2300
32 2305
32 2308
33 34
33 35
33 40
33 42
33 43
33 47
33 51
33 53
33 58
33 117
33 120
33 170
33 171
33 172
33 173
33 174
33 175
33 176
33 194
33 199
33 631
33 639
33 648
33 660
33 662
33 665
33 668
33 673
33 685
33 702
33 1408
33 1411
33 1413
33 1634
33 1638
33 1640
33 1647
33 1648
33 1650
33 1699
33 1712
33 1715
33 1797
33 1798
33 1816
33 1819
33 1820
33 1822
33 1825
33 1828
33 1846
33 1850
33 1890
33 1891
33 1965
33 1980
33 2235
33 2256
33 2279
33 2289
33 2325
33 2326
33 2337
33 3089
33 3093
34 35
34 40
34 43
34 172
34 173
34 174
34 175
34 176
34 178
34 179
34 194
34 199
34 204
34 220
34 225
34 247
34 248
34 249
34 281
34 356
34 366
34 373
34 375
34 376
34 378
34 390
34 391
34 489
34 490
34 530
34 560
34 564
34 565
34 631
34 641
34 737
34 740
34 770
34 781
34 823
34 829
34 866
34 886
34 894
34 900
34 906
34 921
34 1676
34 1730
34 1731
34 1795
34 1798
34 1799
34 1800
34 1801
34 1802
34 1805
34 1813
34 1814
34 1818
34 1824
34 1827
34 1835
34 1842
34 1844
34 1849
34 1852
34 1865
34 1890
34 1891
34 1904
34 1905
34 1965
34 1980
34 1995
34 2004
34 2009
34 2021
34 2023
34 2033
34 2034
34 2054
34 2071
34 2286
34 2291
34 2518
34 2522
34 2533
34 2534
34 2545
34 2546
34 2906
34 2908
34 3019
34 3022
35 36
35 40
35 43
35 174
35 175
35 178
35 179
35 204
35 248
35 249
35 373
35 375
35 378
35 390
35 391
35 489
35 490
35 530
35 900
35 906
35 1608
35 1610
35 1799
35 1800
35 1801
35 1802
35 1805
35 1814
35 1824
35 1835
35 1842
35 1844
35 1847
35 1849
35 1852
35 1865
35 1904
35 1905
35 1995
35 2004
35 2009
35 2021
35 2023
35 2518
35 2522
35 2545
35 2546
35 2547
35 2549
35 2906
35 2908
36 41
37 49
37 52
37 57
37 112
37 114
37 118
37 1153
37 1154
38 49
38 52
38 57
38 64
38 114
38 118
38 625
38 630
38 645
38 655
38 1153
38 1154
39 49
39 52
39 57
39 64
39 77
39 80
39 82
39 625
39 630
39 645
39 655
39 686
39 704
40 42
40 43
40 47
40 51
40 139
40 144
40 173
40 174
40 176
40 199
40 347
40 351
40 356
40 366
40 372
40 392
40 396
40 468
40 473
40 560
40 561
40 562
40 564
40 565
40 594
40 595
40 600
40 601
40 607
40 610
40 611
40 621
40 625
40 630
40 631
40 634
40 639
40 643
40 645
40 648
40 653
40 655
40 663
40 685
40 691
40 692
40 694
40 696
40 702
40 706
40 770
40 781
40 852
40 855
40 917
40 1105
40 1106
40 1398
40 1403
40 1408
40 1411
40 1412
40 1605
40 1609
40 1634
40 1638
40 1640
40 1647
40 1648
40 1649
40 1650
40 1653
40 1661
40 1662
40 1663
40 1665
40 1697
40 1699
40 1795
40 1814
40 1818
40 1819
40 1824
40 1827
40 1828
40 1846
40 1850
40 1890
40 1891
40 1965
40 1980
40 2007
40 2014
40 2054
40 2071
40 2086
40 2092
40 2120
40 2121
40 2194
40 2195
40 2251
40 2262
40 2279
40 2281
40 2285
40 2286
40 2291
40 2294
40 2325
40 2326
40 2327
40 2337
40 2338
40 2339
40 2348
40 2349
40 2396
40 2404
40 2498
40 2518
40 2522
40 2922
40 2924
40 3089
40 3093
40 3100
40 3107
40 3110
40 3111
40 3117
40 3118
40 3119
42 43
42 47
42 51
42 77
42 80
42 170
42 171
42 594
42 600
42 601
42 606
42 610
42 616
42 621
42 634
42 635
42 639
42 643
42 644
42 645
42 648
42 650
42 653
42 655
42 663
42 1114
42 1115
42 1118
42 1119
42 1125
42 1129
42 1130
42 1134
42 1699
42 2044
42 2065
42 2071
42 2197
42 2198
42 2205
42 2206
42 2230
42 2234
42 2251
42 2256
42 2279
42 2281
42 2285
42 2286
42 2289
42 2291
42 2294
42 2300
42 2305
42 2308
42 2712
42 2718
42 2914
42 2916
43 47
43 51
43 139
43 144
43 173
43 174
43 176
43 199
43 220
43 225
43 347
43 351
43 356
43 366
43 372
43 392
43 396
43 468
43 473
43 560
43 561
43 562
43 564
43 565
43 595
43 601
43 607
43 610
43 611
43 621
43 645
43 650
43 655
43 658
43 691
43 692
43 694
43 696
43 706
43 770
43 781
43 852
43 855
43 917
43 1105
43 1106
43 1256
43 1257
43 1398
43 1403
43 1411
43 1412
43 1605
43 1609
43 1649
43 1653
43 1661
43 1662
43 1663
43 1665
43 1690
43 1697
43 1719
43 1795
43 1814
43 1818
43 1824
43 1827
43 2007
43 2014
43 2054
43 2071
43 2086
43 2092
43 2120
43 2121
43 2194
43 2195
43 2251
43 2262
43 2279
43 2281
43 2286
43 2327
43 2334
43 2338
43 2339
43 2342
43 2348
43 2349
43 2396
43 2403
43 2404
43 2405
43 2498
43 2518
43 2522
43 2922
43 2924
43 3100
43 3107
43 3110
43 3111
43 3117
43 3118
43 3119
44 576
44 577
44 639
44 644
44 2420
44 2430
45 50
45 635
45 639
45 670
45 674
45 675
45 686
45 704
45 2205
45 2206
45 2224
45 2848
46 576
46 577
46 2420
46 2430
47 586
47 625
47 630
47 645
47 648
47 653
47 655
47 679
47 783
47 790
47 795
47 1067
47 1092
47 1101
47 1102
47 1114
47 1115
47 1118
47 1119
47 1124
47 1125
47 1129
47 1130
47 1134
47 1186
47 1187
47 1217
47 1226
47 1229
47 1233
47 1256
47 1257
47 1296
47 1298
47 1303
47 1308
47 1339
47 1343
47 2230
47 2234
47 2251
47 2286
47 2291
47 2668
47 2688
47 2691
47 2696
47 2700
47 2712
47 2718
47 2914
47 2916
47 3094
48 2334
48 2342
49 635
49 638
49 639
49 642
49 710
49 811
50 62
50 65
50 670
50 674
50 675
50 1033
50 1037
50 1263
50 1269
50 2224
50 2227
50 2290
50 2312
50 2426
50 2848
51 53
51 58
51 583
51 584
51 585
51 586
51 596
51 625
51 630
51 679
51 681
51 682
51 697
51 698
51 699
51 782
51 783
51 790
51 795
51 796
51 800
51 810
51 816
51 1067
51 1092
51 1101
51 1102
51 1118
51 1124
51 1129
51 1130
51 1186
51 1187
51 1200
51 1206
51 1217
51 1226
51 1229
51 1233
51 1256
51 1257
51 1276
51 1277
51 1296
51 1298
51 1303
51 1308
51 1339
51 1343
51 1397
51 1401
51 1699
51 1708
51 1713
51 1718
51 1720
51 2241
51 2248
51 2253
51 2255
51 2260
51 2263
51 2266
51 2269
51 2274
51 2314
51 2315
51 2320
51 2333
51 2668
51 2688
51 2691
51 2696
51 2700
51 2702
51 2706
51 2707
51 2713
51 2716
51 2717
51 2737
51 2771
51 2784
51 2832
51 2835
51 2836
51 2841
51 2850
51 2855
51 2867
51 3094
52 710
52 811
52 1618
52 1623
53 58
53 62
53 65
53 579
53 580
53 581
53 583
53 584
53 585
53 596
53 679
53 680
53 682
53 697
53 698
53 699
53 739
53 742
53 782
53 795
53 802
53 816
53 1033
53 1037
53 1171
53 1172
53 1200
53 1206
53 1263
53 1269
53 1298
53 1303
53 1306
53 1339
53 1343
53 1346
53 1348
53 1350
53 1704
53 2218
53 2219
53 2227
53 2241
53 2253
53 2255
53 2263
53 2271
53 2274
53 2283
53 2288
53 2290
53 2312
53 2426
53 2771
53 2779
53 2784
53 2786
53 2861
53 2863
53 2883
53 2885
54 2925
55 1075
55 1076
55 1078
55 1374
56 564
56 565
57 115
57 120
57 576
57 577
57 635
57 638
57 639
57 642
58 580
58 581
58 583
58 584
58 679
58 680
58 782
58 795
58 802
58 1171
58 1172
58 1173
58 1175
58 1298
58 1303
58 1317
58 1318
58 1339
58 1343
58 1346
58 1350
58 1704
58 1752
58 1760
58 2218
58 2219
58 2236
58 2239
58 2255
58 2263
58 2268
58 2271
58 2276
58 2283
58 2288
58 2302
58 2303
58 2307
58 2779
58 2786
58 2842
58 2849
58 2861
58 2863
58 2879
58 2880
58 2883
58 2885
59 147
59 149
59 1707
59 2595
59 2600
60 579
60 583
60 584
60 739
60 742
60 1303
60 1306
60 1348
61 1704
61 1709
61 2302
61 2303
61 2307
61 2850
61 2855
62 564
62 565
62 694
62 695
62 2925
63 1124
63 1129
63 1395
63 1396
63 1704
63 1709
64 115
64 120
64 635
64 639
64 1618
64 1623
65 564
65 565
65 694
65 695
66 222
66 224
66 883
66 884
66 892
67 583
67 584
67 635
67 639
67 1368
67 1369
67 1371
67 1372
68 583
68 584
69 1076
69 1124
69 1129
69 1186
69 1187
69 1375
69 1395
69 1396
70 1076
70 1186
70 1187
70 1375
71 1368
71 1369
71 1371
71 1372
72 580
72 637
72 1360
72 1361
72 1364
72 1368
72 1369
73 581
73 582
73 1368
73 1369
74 1238
74 1239
74 1245
75 1238
75 1239
75 1245
76 1360
76 1361
77 581
77 582
77 1368
77 1369
78 1188
78 1189
78 1383
78 1384
79 1188
79 1189
79 1383
79 1384
80 580
80 637
80 1364
80 1368
80 1369
81 1348
81 1353
82 580
82 637
83 1342
83 1344
84 580
84 581
84 637
84 1360
84 1361
84 1364
84 1368
84 1369
85 1348
85 1353
86 1075
86 1076
86 1301
86 1309
86 1346
86 1350
87 677
87 678
88 123
88 126
88 130
88 646
88 651
89 646
89 651
90 112
90 114
91 228
91 232
92 114
92 118
92 131
92 147
92 149
92 173
92 174
92 1776
93 114
93 118
93 147
93 149
93 648
93 653
93 1812
93 1964
93 3038
93 3047
94 147
94 149
94 244
94 245
94 648
94 653
94 1812
94 1880
94 1883
94 1964
94 3038
94 3047
95 491
95 946
95 1420
95 1514
96 158
96 159
96 1516
96 1517
96 1518
96 1519
97 158
97 159
97 1516
97 1518
97 1519
98 153
98 158
99 153
99 158
100 117
100 120
100 1756
100 1765
101 117
101 120
101 1507
101 1509
101 1756
101 1765
102 1464
102 1474
103 116
103 119
103 130
103 132
103 1474
103 1478
104 116
104 119
104 154
104 155
104 1474
104 1478
105 106
105 107
105 161
105 163
105 165
105 167
105 1429
105 1432
105 1439
105 1448
105 1453
105 1454
105 1457
105 1458
105 1461
105 1465
105 1471
105 1472
105 1477
105 1481
105 1484
105 1485
105 1735
105 1736
105 2181
105 2183
105 2645
105 2648
105 2942
105 2943
105 2944
105 2968
105 2969
105 2971
105 2973
105 2987
106 107
106 166
106 1055
106 1058
106 1429
106 1432
106 1438
106 1445
106 1446
106 1448
106 1453
106 1454
106 1455
106 1457
106 1458
106 1461
106 1465
106 1471
106 1472
106 1484
106 1485
106 1487
106 1736
106 1770
106 1772
106 2645
106 2648
106 2944
106 2950
106 2953
106 2956
106 2968
106 2969
107 166
107 1445
107 1446
107 1453
107 1454
107 1455
107 1458
107 1484
107 1485
107 1736
108 228
108 232
109 147
109 149
110 147
110 149
111 135
111 142
112 215
112 232
112 234
113 147
113 149
113 152
113 153
113 661
113 667
113 672
113 1738
113 1743
114 117
114 120
114 121
114 124
114 210
114 212
114 215
114 232
114 234
115 134
115 147
115 168
115 169
116 135
116 142
116 156
117 118
117 123
117 125
117 134
117 147
117 152
117 153
117 168
117 169
117 170
117 171
117 196
117 197
117 661
117 667
117 672
117 1376
117 1381
117 1738
117 1743
118 120
118 121
118 124
118 210
118 212
119 156
120 123
120 125
120 168
120 169
120 170
120 171
120 196
120 197
120 1376
120 1381
121 217
121 220
121 221
122 1464
122 1474
123 209
125 1470
125 1476
126 209
126 1464
126 1474
127 666
127 670
128 143
128 146
128 169
128 170
128 196
128 666
128 670
129 131
129 144
129 201
129 204
129 217
129 220
129 221
129 225
129 228
129 235
129 238
129 316
129 321
129 560
129 780
129 1776
129 1800
129 1801
129 1844
129 1849
129 1852
130 156
130 209
130 1470
130 1476
131 137
131 139
131 149
131 159
131 183
131 184
131 185
131 228
131 232
131 242
131 321
131 702
131 703
131 716
131 722
131 1784
131 1786
131 1809
131 1810
131 1886
131 1887
132 156
132 1470
132 1476
132 1490
132 1494
132 1518
132 1519
133 143
133 146
133 148
133 169
133 170
133 196
134 1687
134 2916
134 3053
134 3054
136 143
136 148
137 139
137 1886
137 1887
137 2588
137 2597
138 1490
138 1494
138 1518
138 1519
139 144
139 149
139 176
139 183
139 184
139 185
139 199
139 201
139 204
139 225
139 228
139 232
139 235
139 238
139 284
139 291
139 316
139 321
139 560
139 780
139 862
139 1014
139 1017
139 1413
139 1675
139 1687
139 1712
139 1776
139 1800
139 1801
139 1807
139 1808
139 1844
139 1849
139 1852
139 1875
139 1882
139 1886
139 1887
139 1897
139 1917
139 1921
139 1924
139 1926
139 1938
139 1939
139 1943
139 1955
139 1959
139 2403
139 2405
139 2555
139 2625
139 2626
139 2627
140 153
140 1784
141 1464
141 1474
142 1490
142 1494
143 1489
143 1490
143 1494
144 147
144 150
144 159
144 176
144 183
144 184
144 185
144 199
144 284
144 291
144 316
144 321
144 702
144 703
144 716
144 722
144 862
144 893
144 894
144 1014
144 1017
144 1413
144 1675
144 1784
144 1786
144 1807
144 1808
144 1809
144 1810
144 1875
144 1882
144 1886
144 1887
144 1897
144 1917
144 1921
144 1951
144 1954
144 1955
144 1959
144 1961
144 2555
144 2625
144 2626
144 2627
144 3073
144 3074
144 3075
145 1464
145 1474
146 1478
146 1482
146 1489
146 1490
147 150
147 158
147 159
147 188
147 189
147 245
147 334
147 996
147 997
147 1003
147 1007
147 1608
147 1610
147 1676
147 1687
147 1811
147 1812
147 1813
147 1878
147 1880
147 1886
147 1887
147 1899
147 1900
147 1945
147 1956
147 1963
147 1964
147 1979
147 2054
147 2498
147 2555
147 2580
147 2587
147 2622
147 2626
147 2916
147 2989
147 2990
147 3025
147 3028
147 3053
147 3054
147 3061
147 3066
147 3067
147 3068
147 3070
147 3071
147 3072
147 3074
147 3075
148 1490
148 1494
149 158
149 159
149 188
149 189
149 245
149 333
149 334
149 336
149 996
149 997
149 1020
149 1428
149 1526
149 1530
149 1544
149 1604
149 1607
149 1608
149 1610
149 1676
149 1733
149 1812
149 1878
149 1880
149 1900
149 1963
149 1964
149 1979
149 2054
149 2136
149 2498
149 2562
149 2571
149 2580
149 2582
149 2587
149 2588
149 2597
149 2598
149 2600
149 2926
149 2989
149 2990
149 2993
149 3025
149 3028
149 3061
149 3066
149 3067
149 3068
149 3070
149 3071
149 3072
150 176
150 199
150 284
150 291
150 893
150 894
150 1003
150 1007
150 1676
150 1811
150 1813
150 1886
150 1887
150 1899
150 1900
150 1945
150 1951
150 1954
150 1956
150 1959
150 1961
150 1963
150 2555
150 2580
150 2587
150 2622
150 2626
150 2627
150 3071
150 3073
150 3074
150 3075
151 574
151 575
151 1478
151 1482
152 153
152 158
152 159
152 161
152 167
152 267
152 268
152 333
152 336
152 843
152 848
152 1020
152 1414
152 1415
152 1428
152 1447
152 1452
152 1526
152 1530
152 1541
152 1544
152 1552
152 1556
152 1565
152 1604
152 1607
152 1676
152 1733
152 1784
152 1791
152 1816
152 1822
152 2136
152 2562
152 2598
152 2600
152 2926
152 2993
152 3007
153 158
153 159
153 160
153 161
153 170
153 171
153 241
153 242
153 266
153 267
153 268
153 491
153 673
153 676
153 677
153 678
153 843
153 848
153 946
153 1131
153 1139
153 1420
153 1433
153 1441
153 1447
153 1452
153 1460
153 1462
153 1491
153 1496
153 1514
153 1526
153 1530
153 1541
153 1544
153 1550
153 1552
153 1553
153 1579
153 1676
153 1733
153 1791
153 1816
153 1822
153 2572
153 2577
153 2926
153 3007
153 3037
153 3040
153 3044
153 3050
154 161
154 162
154 163
154 1474
154 1478
154 1665
154 1669
155 158
155 159
155 161
155 162
155 163
155 165
155 1474
155 1478
155 1518
155 1519
155 2989
155 2991
155 3002
155 3012
155 3019
155 3023
156 574
156 575
157 1020
157 1414
157 1415
157 1428
157 1676
157 1733
157 2136
157 2562
157 2571
157 2582
158 159
158 160
158 161
158 164
158 165
158 167
158 170
158 171
158 189
158 190
158 241
158 242
158 266
158 267
158 268
158 491
158 673
158 676
158 684
158 685
158 946
158 956
158 963
158 1416
158 1417
158 1418
158 1419
158 1420
158 1460
158 1462
158 1491
158 1496
158 1514
158 1515
158 1516
158 1517
158 1518
158 1519
158 1526
158 1530
158 1541
158 1544
158 1550
158 1552
158 1553
158 1579
158 1600
158 1604
158 1768
158 1773
158 1784
158 1786
158 2134
158 2135
158 2559
158 2572
158 2577
158 2586
158 2588
158 2594
158 2597
158 2608
158 2926
158 2963
158 2964
158 2970
158 2974
158 2987
158 2990
158 2993
158 2998
158 2999
158 3007
158 3019
158 3020
158 3021
158 3022
158 3023
158 3036
158 3037
158 3040
158 3043
158 3044
158 3048
158 3050
159 161
159 163
159 164
159 165
159 166
159 167
159 189
159 190
159 268
159 1019
159 1412
159 1415
159 1417
159 1418
159 1419
159 1421
159 1422
159 1433
159 1441
159 1483
159 1484
159 1485
159 1487
159 1488
159 1495
159 1498
159 1504
159 1506
159 1507
159 1508
159 1509
159 1514
159 1515
159 1516
159 1517
159 1518
159 1519
159 1526
159 1530
159 1541
159 1544
159 1552
159 1554
159 1561
159 1569
159 1665
159 1669
159 1784
159 1786
159 2134
159 2135
159 2586
159 2588
159 2926
159 2960
159 2963
159 2964
159 2970
159 2974
159 2980
159 2983
159 2987
159 2990
159 2997
159 2998
159 2999
159 3000
159 3003
159 3007
159 3009
159 3013
159 3020
159 3021
160 161
160 167
160 267
160 956
160 963
160 1416
160 1433
160 1441
160 1518
160 1519
160 1552
160 1556
160 1565
160 2926
160 2993
160 3019
160 3022
160 3023
161 163
161 164
161 165
161 166
161 167
161 548
161 551
161 1427
161 1428
161 1433
161 1441
161 1483
161 1484
161 1485
161 1488
161 1492
161 1495
161 1498
161 1515
161 1517
161 1518
161 1519
161 1545
161 1547
161 1551
161 1552
161 1563
161 1786
161 2127
161 2128
161 2173
161 2175
161 2926
161 2960
161 2963
161 2964
161 2967
161 2971
161 2972
161 2976
161 2980
161 2983
161 2989
161 2991
161 2993
161 2995
161 2999
161 3002
161 3008
161 3012
161 3019
161 3023
162 495
162 557
162 1474
162 1478
162 2963
162 2964
162 2995
162 3008
163 165
163 166
163 167
163 548
163 551
163 1484
163 1485
163 1492
163 1495
163 1498
163 1515
163 1517
163 1545
163 1551
163 1786
163 2926
163 2941
163 2946
163 2960
163 2963
163 2964
163 2967
163 2971
163 2972
163 2973
163 2975
163 2976
163 2977
163 2993
163 2995
163 2999
163 3008
164 167
164 684
164 685
164 956
164 963
164 1417
164 1418
164 1433
164 1441
164 1517
164 1519
164 1526
164 1554
164 1561
164 1569
164 1600
164 1604
164 1768
164 1773
164 2134
164 2135
164 2559
164 2594
164 2597
164 2608
164 2970
164 2974
164 2997
164 2998
164 2999
164 3000
164 3003
164 3009
164 3013
164 3036
164 3043
164 3048
164 3050
165 166
165 167
165 1019
165 1050
165 1054
165 1412
165 1415
165 1417
165 1421
165 1422
165 1427
165 1428
165 1433
165 1441
165 1495
165 1498
165 1504
165 1506
165 1508
165 1509
165 1515
165 1517
165 1518
165 1519
165 1524
165 1525
165 1526
165 1530
165 1544
165 1554
165 1555
165 1557
165 1560
165 1561
165 1564
165 1565
165 1569
165 1573
165 1574
165 1786
165 2127
165 2128
165 2131
165 2173
165 2175
165 2184
165 2931
165 2960
165 2963
165 2964
165 2971
165 2973
165 2997
165 3000
165 3002
165 3009
165 3013
166 167
166 495
166 557
166 1453
166 1454
166 1457
166 1458
166 1461
166 1465
166 1471
166 1472
166 1485
166 1487
166 1492
166 1498
166 1770
166 1772
166 1786
166 2645
166 2648
166 2941
166 2946
166 2950
166 2953
166 2956
166 2968
166 2969
166 2973
166 2975
166 2977
166 2995
166 3008
167 1050
167 1054
167 1421
167 1422
167 1433
167 1441
167 1524
167 1525
167 1547
167 1552
167 1555
167 1557
167 1560
167 1563
167 1564
167 1565
167 1573
167 1574
167 1786
167 2127
167 2128
167 2131
167 2184
167 2931
167 2960
167 2963
167 2964
167 2971
167 2973
167 3000
167 3002
167 3009
168 636
168 656
168 1489
168 1490
168 1771
169 636
169 651
169 656
169 659
169 1489
169 1490
169 1752
169 1760
169 1771
169 1792
169 1823
169 2306
170 227
170 230
170 268
170 317
170 319
170 651
170 659
170 1541
170 1816
170 1825
171 227
171 230
171 268
171 317
171 319
171 884
171 889
171 897
171 1015
171 1016
171 1541
171 1816
171 1825
172 227
172 230
173 227
173 230
173 242
173 622
173 627
173 1803
173 1804
173 1878
173 1880
174 242
174 622
174 627
174 1803
174 1804
174 1878
174 1880
174 2513
174 2519
175 199
175 201
175 2513
175 2519
176 203
176 1654
176 1657
177 207
177 211
178 185
178 186
178 206
178 207
178 208
178 210
178 211
178 212
178 214
178 300
178 305
178 1799
178 1800
179 185
179 186
179 206
179 208
179 210
179 211
179 212
179 214
179 300
179 305
179 684
179 685
179 1799
179 1800
180 1774
181 221
181 225
181 1774
182 184
182 185
182 221
182 225
183 219
183 222
183 229
183 235
184 185
184 188
184 189
184 233
184 236
184 255
184 263
184 264
184 272
184 273
184 301
184 302
184 307
184 310
184 325
184 327
184 334
184 1776
184 1877
184 1879
184 2342
184 2358
185 188
185 189
185 233
185 236
185 255
185 263
185 264
185 272
185 273
185 301
185 302
185 307
185 310
185 325
185 327
185 334
185 1406
185 1410
185 1776
185 1877
185 1879
185 2197
185 2229
186 491
186 946
186 1406
186 1410
186 2197
186 2229
187 491
187 561
187 562
187 946
188 561
188 562
188 973
188 984
188 991
189 267
189 887
189 890
189 898
189 943
189 944
189 955
189 961
189 973
189 984
189 991
189 1102
189 1109
189 1552
189 1886
189 1888
190 267
190 955
190 961
190 1102
190 1109
190 1552
191 683
191 837
191 841
191 3023
191 3025
192 1792
192 1793
193 1015
193 1016
194 203
194 1654
194 1657
194 1928
194 1934
194 1937
194 1939
194 1943
194 2504
194 2509
195 1792
195 1793
196 1792
196 1823
196 2306
198 203
199 201
199 203
199 1654
199 1657
199 1928
199 1934
199 1937
199 1939
199 1943
199 2504
199 2509
200 677
200 678
201 216
201 217
201 220
201 1911
201 1919
201 1928
201 1934
201 1937
201 1939
201 1943
201 2504
201 2509
201 2545
201 2546
202 241
202 242
204 216
204 217
204 220
204 684
204 685
204 1911
204 1919
204 2545
204 2546
205 241
205 242
206 218
206 223
206 1771
207 1771
208 218
208 223
208 1771
209 646
209 651
211 1771
212 225
212 226
213 225
213 226
217 1774
217 1814
217 1824
219 316
220 1774
220 1814
220 1824
221 1774
221 1814
221 1824
222 316
222 1857
222 1858
224 1857
224 1858
225 311
225 316
225 1774
225 1835
225 1842
228 311
228 316
228 1774
228 1835
228 1842
228 1873
228 1875
229 316
231 235
231 238
232 303
232 310
232 1873
232 1875
234 235
234 238
234 303
234 310
235 237
235 240
235 307
235 313
235 316
235 339
235 558
237 238
237 1880
237 1881
237 1883
238 240
238 307
238 313
238 339
238 558
239 1880
239 1881
239 1883
240 1880
240 1881
240 1883
242 937
242 1018
242 1776
243 937
243 1018
244 246
245 246
246 1880
246 1883
247 305
247 311
248 303
248 310
248 311
248 377
248 379
248 889
248 897
248 899
248 931
248 934
248 946
248 955
248 976
248 986
248 1411
248 1413
249 250
249 251
249 303
249 310
249 311
249 377
249 379
249 386
249 390
249 391
249 889
249 897
249 899
249 931
249 934
249 946
249 955
249 976
249 986
249 1411
249 1413
250 375
251 282
251 283
251 300
251 305
251 375
252 300
252 305
253 373
253 378
254 373
254 378
256 279
256 280
257 279
257 280
257 383
257 385
257 731
257 740
257 1004
257 1007
258 260
258 299
259 327
259 331
260 1612
261 937
261 1018
262 297
262 304
263 1550
263 1553
264 337
264 338
264 491
264 518
264 519
264 946
264 963
264 969
264 1550
264 1553
265 266
265 337
265 338
265 491
265 518
265 519
265 702
265 703
265 946
265 963
265 969
265 1563
265 1565
265 1574
266 702
266 703
266 1019
266 1020
266 1441
266 1449
266 1552
266 1553
266 1560
266 1563
266 1811
266 1812
266 1963
267 268
267 515
267 517
267 956
267 963
267 1412
267 1415
267 1495
267 1503
267 1529
267 1530
267 1536
267 1541
267 1544
267 1547
267 1552
267 1555
267 1563
267 1564
267 1566
267 1575
267 1584
267 1589
267 2989
267 2991
268 515
268 517
268 959
268 962
268 1412
268 1415
268 1495
268 1503
268 1506
268 1508
268 1529
268 1530
268 1536
268 1544
268 1547
268 1552
268 1555
268 1563
268 1564
268 2989
268 2991
269 303
269 311
269 889
269 897
269 899
269 931
269 934
270 282
270 289
271 1803
271 1804
273 359
273 360
273 367
274 300
274 303
274 305
274 310
274 311
274 1408
274 1411
275 282
275 289
275 1803
275 1804
276 376
276 378
277 359
277 360
277 367
277 383
277 385
277 390
277 391
277 397
277 398
277 400
278 287
278 288
278 359
278 360
278 367
278 398
278 400
278 769
278 773
278 924
278 928
278 930
278 948
278 954
278 960
278 967
278 974
278 977
278 990
279 287
279 288
279 383
279 385
279 691
279 706
279 769
279 773
279 937
279 948
279 954
279 967
279 986
279 990
279 997
279 1018
279 1411
279 1413
279 1674
279 2193
280 383
280 385
280 691
280 706
280 937
280 986
280 997
280 1018
281 300
281 305
282 371
283 371
284 386
284 390
284 391
285 386
285 390
285 391
286 346
286 347
287 376
287 378
288 383
288 385
288 390
288 391
288 397
288 398
288 400
288 924
288 928
288 930
288 960
288 974
288 977
290 302
290 306
290 1411
290 1413
290 1674
290 2193
291 386
291 390
291 391
292 1530
292 1544
293 346
293 347
293 1411
293 1413
293 1530
293 1544
294 346
294 347
295 302
295 306
296 327
296 331
296 937
296 1018
296 1605
296 1609
297 318
298 303
298 310
299 937
299 1018
299 1605
299 1609
299 1612
300 310
300 311
300 358
300 1411
300 1413
300 1873
300 1875
301 321
302 321
303 310
303 358
303 554
303 555
303 910
303 911
303 912
303 917
303 1411
303 1412
304 318
305 310
305 311
305 358
305 1873
305 1875
306 1729
306 1888
307 927
307 932
307 1411
307 1413
308 320
308 322
308 323
308 324
308 326
308 330
309 937
309 1018
310 358
310 910
310 911
310 912
310 917
310 1411
310 1412
311 554
311 555
312 1729
312 1888
313 927
313 932
314 320
314 323
315 322
315 324
315 326
315 330
321 2342
321 2358
327 328
327 332
328 331
329 491
329 946
331 332
332 491
332 946
333 872
333 876
334 887
334 890
334 898
334 943
334 944
334 1886
334 1888
335 491
335 946
336 872
336 876
338 683
338 837
338 841
338 3023
338 3025
340 889
340 897
341 356
341 366
342 356
342 366
342 883
342 892
343 344
343 345
343 352
343 757
343 883
343 892
343 917
344 352
344 387
344 389
344 390
344 391
344 392
344 393
344 395
344 398
344 722
344 731
344 765
344 769
344 773
344 917
344 2101
344 2104
344 2105
345 765
345 769
345 773
345 2101
345 2104
345 2105
346 765
346 769
346 773
347 765
347 767
347 768
347 769
348 734
348 741
348 767
348 768
349 383
349 385
349 731
349 740
349 1004
349 1007
350 373
350 378
350 769
350 773
350 918
350 925
350 926
350 927
350 931
350 932
350 933
350 934
351 769
351 773
351 931
351 934
352 362
353 1003
353 1007
354 1003
354 1007
355 772
355 774
355 775
356 357
356 359
356 364
356 367
356 368
356 719
356 728
356 772
356 774
356 775
357 366
358 1408
358 1411
359 366
359 1806
359 1875
360 694
360 695
360 889
360 897
361 1644
361 1655
362 387
362 389
362 390
362 391
362 392
362 393
362 395
362 398
362 917
363 364
363 368
363 370
363 373
363 376
363 378
363 387
363 389
363 390
363 391
363 392
363 393
363 395
363 769
363 773
364 366
364 368
364 370
364 373
364 376
364 378
364 723
364 729
364 733
364 769
364 773
364 911
364 912
364 917
365 734
365 741
365 764
365 769
365 2021
365 2023
366 367
366 368
366 719
366 728
366 764
366 769
367 694
367 695
367 1806
367 1875
368 370
368 911
368 912
368 917
368 1015
368 1016
368 2021
368 2023
369 1644
369 1655
370 723
370 729
370 733
370 769
370 773
370 1015
370 1016
372 765
372 769
373 374
373 375
373 378
373 380
373 382
373 866
373 921
373 929
374 378
375 378
375 386
375 390
375 391
376 386
376 390
378 380
378 382
378 866
378 921
378 929
381 386
381 390
381 1404
381 1407
383 391
383 394
383 1404
383 1407
384 769
384 773
385 391
385 394
386 769
386 773
386 1904
386 1914
387 931
387 934
388 397
388 398
388 400
388 769
388 773
390 398
390 399
390 400
390 401
390 1411
390 1413
390 1904
390 1914
391 397
391 398
391 399
391 400
391 401
391 695
391 707
391 759
391 762
391 769
391 773
391 1411
391 1413
393 931
393 934
394 398
394 400
394 695
394 707
394 759
394 762
398 769
398 773
398 1411
398 1413
400 769
400 773
400 1411
400 1413
402 410
402 431
402 893
402 894
403 410
403 431
403 437
403 442
403 694
403 695
403 861
403 893
403 894
404 437
404 442
404 857
404 859
405 839
405 840
405 852
405 855
406 430
406 436
406 840
406 842
407 430
407 436
407 840
407 842
408 839
408 840
409 410
409 411
409 431
409 432
409 694
409 860
410 411
410 431
410 432
410 437
410 438
410 439
410 440
410 694
410 860
410 861
410 976
410 983
411 431
411 432
411 956
411 963
412 465
412 471
412 889
412 897
412 1404
412 1407
413 414
413 415
413 461
413 467
413 889
413 897
414 450
414 461
414 467
414 1654
414 1657
415 450
415 1654
415 1657
416 1658
416 1659
417 1626
417 1628
418 1624
418 1626
419 1510
419 1512
420 1658
420 1659
421 1658
421 1659
422 1654
422 1657
423 430
423 436
423 465
423 471
424 464
424 467
425 850
425 853
426 1643
426 1646
427 1625
427 1627
428 1620
428 1621
429 839
429 840
429 842
429 849
429 850
429 852
429 855
430 1644
430 1655
431 432
431 437
431 438
431 439
431 440
431 861
431 976
431 983
432 976
432 983
433 857
433 859
434 840
434 842
435 956
435 963
436 1644
436 1655
437 856
437 857
437 858
437 1066
437 1098
437 1638
437 1646
438 849
438 850
439 856
439 857
439 858
439 860
439 861
439 1066
439 1098
439 1638
439 1646
441 449
441 451
441 1668
441 1670
442 860
442 861
442 1638
442 1646
443 860
443 861
443 1638
443 1646
444 689
444 690
445 449
445 451
445 1668
445 1670
446 689
446 690
447 459
447 462
448 459
448 462
450 461
450 465
450 467
450 471
451 976
451 986
452 454
452 456
452 461
453 976
453 986
454 460
455 461
455 464
455 467
456 460
457 1664
457 1668
458 1664
458 1668
460 461
460 464
460 467
461 463
461 466
461 469
461 900
461 906
463 464
463 467
464 472
464 474
464 476
464 976
464 983
465 466
465 470
465 1644
465 1655
466 467
466 471
467 469
467 472
467 474
467 476
467 900
467 906
467 976
467 983
468 872
468 874
468 1633
468 1645
470 471
471 1644
471 1655
473 872
473 874
473 1633
473 1645
475 544
475 545
477 544
477 545
478 1624
478 1626
478 1628
479 601
479 610
479 888
479 896
479 1619
479 1620
480 601
480 610
480 731
480 740
480 871
480 876
480 888
480 896
480 1619
480 1620
481 679
481 795
481 871
481 876
482 679
482 795
483 871
483 876
484 871
484 876
485 496
485 556
485 965
485 971
485 1426
485 1427
486 496
486 556
486 965
486 971
486 1426
486 1427
487 499
487 550
487 554
487 555
488 544
488 545
488 546
488 973
488 978
488 1019
488 1421
488 1422
489 527
489 528
489 973
489 978
489 1019
490 491
490 536
490 541
490 946
490 955
490 961
491 524
491 525
491 530
491 1189
491 1290
491 1649
491 1653
492 511
492 514
492 517
492 520
492 903
492 908
492 1068
492 1096
492 1665
492 1667
493 903
493 908
493 1665
493 1667
494 958
494 966
494 1421
494 1422
495 958
495 966
495 1031
495 1032
495 1038
495 1041
495 1412
495 1415
495 1430
495 1450
497 1031
497 1032
498 499
498 546
498 547
498 549
498 550
498 1433
498 1441
499 546
499 547
499 549
499 550
499 945
499 1433
499 1441
500 1070
500 1090
501 1071
501 1072
501 1089
501 1615
501 1617
502 731
502 740
503 686
503 703
503 704
504 686
504 703
504 704
505 1634
505 1638
506 954
506 961
507 686
507 703
507 704
508 1634
508 1638
509 954
509 961
510 1413
510 3019
510 3022
510 3023
511 947
511 976
511 986
512 1413
512 1585
512 1591
512 3019
512 3022
512 3023
513 1070
513 1090
514 947
514 976
514 986
516 518
516 521
516 1585
516 1591
517 518
517 521
517 947
518 937
518 1018
520 947
520 1416
521 899
521 903
521 937
521 1018
521 1097
521 1098
522 899
522 903
522 1097
522 1098
523 1416
524 946
525 946
526 1189
526 1290
527 536
528 536
529 546
529 549
530 536
530 541
530 946
530 955
530 961
531 544
531 545
531 546
532 546
532 549
533 544
533 545
534 544
534 545
534 546
535 543
535 544
535 545
535 546
536 544
536 545
536 546
536 1421
536 1422
537 540
537 542
538 543
538 544
538 545
538 546
539 544
539 545
540 542
542 956
542 963
544 545
544 546
544 549
544 956
544 963
544 1544
544 1547
545 546
545 549
545 963
545 969
545 1544
545 1547
546 549
546 554
546 555
546 963
546 969
546 1431
546 1440
547 550
547 552
547 554
547 555
548 956
548 963
549 550
549 552
549 554
549 555
549 1431
549 1440
550 945
551 956
551 963
551 1456
551 1462
553 1456
553 1462
554 555
554 945
554 1031
554 1032
554 1426
554 1427
554 1456
554 1462
554 1484
554 1485
554 1487
555 945
555 1031
555 1032
555 1426
555 1427
555 1456
555 1462
555 1484
555 1485
555 1487
556 1031
556 1032
557 958
557 966
557 1038
557 1041
557 1412
557 1415
557 1430
557 1450
559 612
559 627
561 2410
561 2412
562 2410
562 2412
563 565
563 594
564 565
564 594
564 639
564 644
564 687
564 715
564 716
564 717
564 722
564 770
564 771
564 774
564 776
564 777
564 2423
564 2748
565 639
565 644
565 687
565 702
565 703
565 715
565 716
565 717
565 722
565 742
565 744
565 770
565 771
565 774
565 776
565 777
565 1368
565 1369
565 2423
565 2748
566 742
566 744
567 591
567 597
567 598
568 702
568 703
569 702
569 703
570 700
570 711
571 710
571 724
571 811
572 710
572 724
572 811
573 679
573 795
575 668
575 669
576 648
576 653
576 796
576 800
576 1368
576 1370
577 648
577 653
577 796
577 800
577 1368
577 1370
578 638
578 642
578 1366
578 1367
579 580
579 581
579 1327
579 1331
579 1354
579 1356
579 2216
579 2217
579 2295
580 581
580 583
580 584
580 1327
580 1331
580 1352
580 1353
581 583
581 584
581 1352
581 1353
581 1384
581 2716
581 2717
582 583
582 584
582 1333
582 1339
582 1343
582 1349
582 1352
582 2716
582 2717
583 679
583 782
583 795
583 1184
583 1291
583 1299
583 1302
583 1308
583 1310
583 1312
583 1315
583 1319
583 1326
583 1333
583 1336
583 1339
583 1343
583 1351
583 1357
583 1699
583 1704
584 679
584 782
584 795
584 1184
584 1291
584 1299
584 1302
584 1308
584 1310
584 1312
584 1315
584 1319
584 1326
584 1333
584 1336
584 1339
584 1343
584 1351
584 1357
584 1699
584 1704
585 638
585 642
585 652
585 679
585 795
586 1177
586 1178
586 1298
586 1299
586 1303
586 1306
586 1308
586 1313
586 1317
587 679
587 680
588 679
588 795
589 725
589 735
589 1634
589 1638
589 2220
589 2248
589 2873
590 710
590 724
590 725
590 735
590 811
590 1634
590 1638
591 700
591 702
591 703
591 711
591 713
591 721
591 749
592 702
592 703
592 712
592 841
593 683
593 700
594 620
594 630
594 758
594 766
594 771
594 777
594 1368
594 1369
594 2423
594 2748
595 1907
595 1927
596 638
596 642
596 652
596 679
596 680
596 795
597 610
597 619
597 620
597 625
597 630
597 648
597 653
597 684
597 701
597 749
597 1171
597 1172
598 619
598 625
598 630
598 702
598 703
598 713
598 721
598 749
599 685
599 686
599 701
599 710
599 713
599 714
599 724
600 615
600 619
600 625
600 635
600 639
600 684
600 701
600 702
600 713
601 620
601 630
601 736
601 743
601 744
601 747
601 758
601 766
602 697
602 698
602 816
602 818
602 1638
602 1643
602 1646
603 697
603 698
603 816
603 818
603 2220
603 2248
603 2873
604 685
604 686
604 701
604 712
604 713
604 714
604 841
605 619
605 625
605 1140
605 1151
607 1907
607 1927
608 612
608 627
609 685
609 702
609 710
609 724
609 1140
609 1151
610 614
610 620
610 630
610 684
610 685
610 686
610 701
610 702
610 713
610 714
610 726
610 727
610 743
610 746
610 747
610 750
610 1638
610 1643
610 1646
611 616
611 621
611 684
611 685
611 736
611 744
611 1040
611 1047
613 1354
613 1356
613 1379
613 1382
613 1638
613 1643
613 1646
614 619
614 620
614 625
614 630
614 648
614 653
614 684
614 701
614 1171
614 1172
615 633
615 684
615 685
615 702
615 703
615 747
615 749
615 750
615 751
615 1364
615 1369
615 1411
615 1413
615 2907
615 2908
616 621
617 685
617 701
617 712
617 841
618 619
618 625
618 685
618 702
618 1099
618 1100
619 621
619 628
619 633
619 683
619 700
619 702
619 703
619 713
619 721
620 630
620 640
620 649
620 685
620 686
620 702
620 713
620 714
620 726
620 727
621 625
621 640
621 649
621 684
621 685
621 701
621 702
621 713
621 746
621 750
621 1638
621 1643
621 1646
623 1883
623 1886
624 1354
624 1356
624 1379
624 1382
625 628
625 633
625 683
625 686
625 700
625 702
625 703
625 713
625 714
625 721
625 749
625 750
625 782
626 1040
626 1047
629 683
629 701
629 837
629 1099
629 1100
630 684
630 685
630 686
630 702
630 703
630 714
630 747
630 749
630 750
630 751
630 1133
630 1137
630 1364
630 1369
630 1411
630 1413
630 1631
630 1635
630 2907
630 2908
631 1883
631 1886
632 683
632 713
632 714
632 782
632 837
632 1133
632 1137
633 823
633 829
633 1409
633 1631
633 1635
634 635
634 639
634 683
634 700
634 702
634 713
635 683
635 700
635 713
635 714
635 1133
635 1137
636 1417
636 1526
636 1530
637 1384
638 657
638 1075
638 1076
638 1091
638 1095
639 702
639 703
639 1133
639 1137
639 1159
639 1160
639 1370
639 1373
640 823
640 829
640 1409
641 1015
641 1016
642 657
642 683
642 701
642 1075
642 1076
642 1091
642 1095
643 978
643 987
644 1370
644 1373
647 1361
647 1363
647 1365
647 1368
647 1369
648 702
648 703
648 1397
648 1398
648 1799
648 1800
649 2257
649 2258
650 1124
650 1129
650 1159
650 1160
650 1370
650 1373
650 1397
650 1398
650 1697
650 1799
650 1800
651 659
651 665
651 876
651 881
651 882
653 2257
653 2258
654 1363
654 1365
654 1368
654 1369
656 1417
656 1526
656 1530
657 1361
657 1363
657 1365
657 1366
657 1367
658 1124
658 1129
658 1697
659 665
659 876
659 881
659 882
660 884
660 889
660 897
661 1368
661 1369
662 1837
662 1838
663 978
663 987
664 1368
664 1369
665 1837
665 1838
668 678
669 678
671 1752
671 1760
677 1784
678 1784
679 792
679 800
679 802
679 810
679 1043
679 1047
679 1052
679 1077
679 1134
679 1203
679 1211
679 1320
679 1323
679 1699
680 1266
680 1269
681 710
681 724
681 1266
681 1269
681 1699
682 796
682 800
682 1364
682 1368
682 1369
682 1699
682 1704
683 1209
683 1216
683 1638
683 1646
684 685
684 702
684 1119
684 1123
684 1125
684 1436
684 1443
685 702
685 713
685 714
685 832
685 833
685 836
685 1119
685 1123
685 1125
685 1604
685 1606
686 1408
686 1411
686 1595
686 1601
686 1604
686 1606
686 1643
686 1646
687 704
687 715
687 752
687 755
687 770
687 822
687 824
687 828
687 832
687 848
687 1195
687 1208
687 1215
687 1227
687 1595
687 1601
688 722
688 731
688 1643
688 1646
689 722
689 731
689 752
689 753
689 758
690 691
690 692
690 706
690 755
690 761
691 693
691 694
691 695
691 696
691 705
691 709
691 716
691 717
692 693
692 696
692 705
692 709
693 694
693 696
693 706
693 709
693 731
693 732
693 734
693 737
693 740
693 773
693 775
693 860
693 861
694 696
694 705
694 706
694 709
694 717
694 719
694 728
694 737
694 738
694 740
694 767
694 768
694 769
694 773
694 775
694 861
694 911
694 917
694 1110
694 1113
695 705
695 706
695 717
695 737
695 738
695 740
695 763
695 767
695 768
695 769
695 773
695 861
695 911
695 917
695 1066
695 1098
695 1110
695 1113
696 705
696 706
696 709
696 717
696 719
696 728
696 731
696 732
696 734
696 737
696 740
696 773
696 775
696 860
696 861
697 1699
698 1699
699 710
699 724
699 1043
699 1047
699 1052
699 1641
699 1642
700 1043
700 1047
700 1052
700 1641
700 1642
701 832
701 833
701 836
701 1436
701 1443
702 713
702 714
702 766
702 941
702 942
702 1125
702 1128
702 1604
702 1606
702 1632
702 1636
703 766
703 941
703 942
703 1125
703 1128
703 1511
703 1513
703 1632
703 1636
704 752
704 755
704 848
704 1195
704 1208
704 1215
704 1227
704 1511
704 1513
705 706
705 789
705 1087
705 1088
705 3036
705 3050
706 709
706 716
706 717
706 789
706 1087
706 1088
707 763
707 767
707 768
707 1066
707 1098
708 796
708 800
708 1634
708 1635
708 1643
708 1646
709 722
709 731
709 732
709 734
709 737
709 740
709 774
709 776
709 860
709 861
713 751
713 752
714 751
714 752
714 1408
714 1411
714 1643
714 1646
715 770
715 848
716 745
716 748
716 796
716 800
716 1627
716 1630
716 1634
716 1635
717 745
717 748
717 755
717 761
717 1627
717 1630
717 3036
717 3050
718 722
718 731
718 774
718 776
719 755
719 758
719 761
719 766
719 945
719 950
720 774
720 776
722 757
722 763
722 765
722 767
722 774
722 776
723 767
723 768
726 751
726 752
726 755
730 752
730 753
730 758
730 945
730 950
731 737
731 740
731 757
731 758
731 763
731 765
731 766
731 767
731 774
731 776
733 767
733 768
736 751
736 752
736 755
737 740
747 755
747 761
751 755
751 761
754 767
754 768
756 767
756 768
756 863
756 1011
757 765
757 2101
757 2104
757 2105
760 863
760 1011
764 863
764 1011
765 2101
765 2104
765 2105
769 772
769 775
770 774
770 776
772 773
772 778
772 779
772 912
772 917
773 775
775 778
775 779
775 912
775 917
782 783
782 784
782 790
782 1180
782 1197
782 1198
782 1200
782 1206
782 1265
782 1266
782 1269
782 1273
782 1275
782 1296
782 1699
783 784
783 1197
783 1198
784 785
784 790
784 791
784 795
784 796
784 800
784 1160
784 1162
784 1220
784 1222
784 1229
784 1269
784 1272
784 1275
785 791
785 796
785 800
785 802
785 810
785 1160
785 1162
785 1221
785 1230
785 1254
785 1258
785 1269
785 1275
785 1278
786 823
786 829
787 832
787 833
787 836
787 1199
787 1208
788 832
788 833
788 836
789 852
789 855
790 1197
790 1198
791 796
791 800
791 1259
791 1260
791 1269
791 1275
792 795
792 802
792 810
792 1221
792 1230
792 1254
792 1258
792 1275
792 1278
792 1643
792 1646
793 823
793 829
794 1208
794 1214
794 1215
794 1219
794 1223
795 796
795 800
795 802
795 810
795 1043
795 1047
795 1052
795 1077
795 1134
795 1197
795 1200
795 1203
795 1206
795 1211
795 1265
795 1266
795 1273
795 1275
795 1320
795 1323
795 1699
796 800
796 802
796 804
796 810
796 812
796 815
796 816
796 817
796 819
796 1085
796 1086
796 1196
796 1220
796 1228
796 1229
796 1241
796 1242
796 1266
796 1275
796 1640
796 1647
796 1699
797 1162
797 1164
798 814
798 815
798 817
798 819
798 823
798 829
798 1162
798 1164
798 1210
798 1217
798 1241
798 1252
798 1263
799 1199
799 1208
799 1215
800 802
800 804
800 810
800 812
800 815
800 816
800 817
800 819
800 1085
800 1086
800 1196
800 1220
800 1228
800 1229
800 1242
800 1266
800 1275
800 1640
800 1643
800 1646
800 1647
800 1699
801 1123
801 1125
801 1128
801 1209
801 1216
802 807
802 1135
802 1145
802 1200
802 1206
802 1252
802 1263
803 814
803 815
803 817
803 819
803 823
803 825
803 829
803 1162
803 1164
803 1166
803 1167
803 1210
803 1217
803 1241
803 1252
803 1263
804 808
804 814
804 815
804 817
804 819
804 825
804 1122
804 1127
804 1149
804 1156
804 1160
804 1162
804 1164
804 1165
804 1166
804 1167
804 1168
804 1201
804 1202
804 1209
804 1214
804 1217
804 1218
804 1219
804 1223
804 1229
804 1241
804 1242
804 1252
805 1208
805 1214
805 1215
805 1219
805 1223
806 840
806 842
806 885
806 889
807 810
807 815
807 817
807 1241
807 1242
808 812
809 1209
809 1216
810 1135
810 1145
810 1200
810 1206
810 1252
810 1263
810 1699
812 814
812 815
812 817
812 819
812 825
812 1122
812 1127
812 1149
812 1156
812 1160
812 1162
812 1164
812 1165
812 1166
812 1167
812 1168
812 1201
812 1202
812 1209
812 1214
812 1217
812 1218
812 1219
812 1223
812 1229
812 1241
812 1242
812 1252
813 840
813 842
813 885
813 889
816 1219
816 1228
816 1242
816 1251
816 1252
816 1364
816 1368
816 1369
816 1699
816 1704
818 1219
818 1228
818 1242
818 1364
818 1368
818 1369
819 1186
819 1187
820 2341
820 2351
821 1889
821 1925
822 848
822 852
822 855
823 1112
823 1120
823 1144
823 1150
823 1251
823 1252
823 1649
823 1653
824 848
824 1112
824 1120
824 1126
824 1136
825 831
825 833
825 836
825 1186
825 1187
825 1654
825 1656
826 2341
826 2351
827 1123
827 1125
827 1128
827 1209
827 1216
827 1889
827 1925
828 848
828 849
828 850
828 852
828 855
828 1632
828 1636
829 1126
829 1136
829 1144
829 1150
829 1649
829 1653
830 1209
830 1216
831 833
831 836
831 1608
831 1610
831 1654
831 1656
832 843
832 848
833 843
833 848
833 1208
833 1215
833 1608
833 1610
834 1199
834 1208
834 1209
834 1215
834 1216
835 849
835 850
835 853
835 1632
835 1636
836 843
836 848
836 1208
836 1215
837 1209
837 1216
837 1638
837 1646
838 849
838 850
839 840
839 842
839 844
839 847
839 849
839 850
839 851
839 852
839 853
839 854
839 855
840 842
840 844
840 847
840 849
840 850
840 851
840 852
840 853
840 854
840 855
842 844
842 847
842 849
842 850
842 851
842 853
842 854
843 1133
843 1138
843 1619
843 1622
843 1634
843 1638
844 845
844 849
845 846
845 847
845 849
845 854
846 849
846 850
847 849
847 852
847 855
848 1133
848 1138
848 1619
848 1622
848 1634
848 1638
849 854
850 1644
852 854
852 1199
852 1605
852 1609
853 1644
854 855
855 1199
855 1605
855 1609
860 881
860 882
861 881
861 882
861 893
861 894
863 928
863 930
863 936
864 923
864 928
865 996
865 997
866 923
866 928
866 996
866 997
867 901
867 904
868 895
868 901
869 895
869 901
870 889
870 897
870 1404
870 1407
871 873
871 878
871 1658
871 1659
872 884
872 892
872 897
872 1658
872 1659
873 876
873 898
873 905
874 884
874 892
874 897
875 1643
875 1646
876 878
877 1119
877 1123
878 898
878 905
879 884
879 889
879 892
879 897
880 1643
880 1646
881 895
881 901
881 996
881 997
881 1000
883 885
883 893
883 955
883 961
883 1119
883 1123
883 1589
883 1594
884 889
884 892
884 897
884 913
884 920
884 1671
884 1672
884 1797
884 1798
885 892
886 1652
886 1654
889 894
889 903
889 913
889 920
889 954
889 955
890 895
890 901
890 996
890 997
890 1000
891 900
891 907
892 893
892 897
892 955
892 961
892 1589
892 1594
892 1671
892 1672
892 1797
892 1798
894 897
894 899
894 1064
894 1065
894 1094
894 1652
894 1654
896 900
896 907
897 903
897 913
897 920
897 954
897 955
898 1064
898 1065
898 1094
899 903
899 960
899 968
900 902
900 906
900 907
900 976
900 986
901 981
902 907
903 960
903 968
904 981
906 907
906 976
906 986
909 995
909 999
910 986
910 995
910 997
910 999
911 986
911 997
912 986
912 997
913 914
913 916
913 921
913 922
914 920
915 977
915 982
916 919
918 929
919 921
920 922
920 1066
920 1098
921 923
921 928
922 931
922 934
922 1015
922 1016
923 977
923 982
923 988
923 995
923 999
923 1003
923 1007
923 1066
923 1098
924 977
924 982
924 995
924 999
925 929
925 931
925 934
925 1015
925 1016
926 929
927 929
927 1004
927 1007
927 1014
927 1017
928 977
928 982
928 988
928 995
928 999
928 1003
928 1007
928 1011
929 931
929 932
929 933
929 934
930 1011
931 934
931 935
931 996
931 997
931 1003
931 1007
931 1411
931 1412
932 1004
932 1007
932 1014
932 1017
934 935
934 1003
934 1007
934 1411
934 1412
935 996
935 997
937 1598
937 1602
938 1002
938 1006
938 1008
938 1013
939 1588
939 1593
940 992
940 993
940 1588
940 1593
941 1588
941 1593
943 963
943 969
944 963
944 969
946 1648
946 1649
946 1650
946 1653
947 1068
947 1096
949 1582
949 1586
950 1582
950 1586
951 1589
951 1594
952 1589
952 1594
953 956
953 963
953 965
953 971
955 1648
955 1650
956 957
956 965
956 971
956 1495
956 1498
956 1548
956 1552
956 1563
956 1568
956 1579
956 1581
957 963
957 965
957 971
959 1449
959 1451
959 1541
962 1449
962 1451
962 1541
963 965
963 971
963 1027
963 1032
963 1495
963 1498
963 1526
963 1540
963 1548
963 1552
963 1563
963 1568
963 1579
963 1581
964 1592
964 1596
965 1019
969 1027
969 1032
969 1526
969 1540
970 1592
970 1596
971 1019
972 996
972 997
972 1930
972 1937
973 979
973 985
973 986
973 997
973 1605
973 1609
975 1426
975 1427
976 996
976 997
976 1930
976 1937
978 1118
978 1130
979 991
979 1208
979 1215
979 1417
979 1526
979 1530
980 1426
980 1427
984 986
984 987
984 992
984 997
984 1008
984 1013
984 1105
984 1106
985 991
985 1208
985 1215
985 1417
985 1526
985 1530
985 1663
985 1665
987 990
987 1115
987 1118
987 1130
989 992
989 993
989 1526
989 1540
989 1595
989 1601
990 992
990 1008
990 1013
990 1105
990 1106
991 1605
991 1609
992 998
992 1008
992 1009
992 1015
992 1016
992 1115
992 1118
992 1130
992 1451
992 1459
992 1548
992 1568
992 1590
992 1663
992 1665
993 998
993 1008
993 1009
993 1015
993 1016
993 1118
993 1130
993 1451
993 1459
993 1548
993 1568
993 1590
993 1595
993 1597
993 1601
994 1595
994 1597
994 1601
995 1000
995 1003
996 1411
996 1412
996 1413
996 1415
996 1878
996 1880
997 1411
997 1413
998 1526
998 1540
998 1595
998 1601
999 1000
999 1003
999 1412
999 1415
999 1878
999 1880
1001 1665
1001 1669
1002 1010
1002 1012
1002 1611
1004 1665
1004 1669
1005 1010
1005 1012
1006 1611
1008 1611
1013 1611
1018 1598
1018 1602
1019 1563
1020 1026
1020 1030
1020 1035
1020 1036
1020 1423
1020 1480
1020 1563
1021 1060
1021 1061
1022 1060
1022 1061
1023 1104
1023 1108
1024 1104
1024 1108
1025 1071
1025 1072
1025 1079
1025 1080
1025 1089
1025 1107
1025 1112
1025 1120
1025 1615
1025 1617
1026 1428
1026 1430
1026 1450
1027 1031
1027 1032
1028 1213
1028 1214
1028 1223
1029 1033
1029 1034
1029 1037
1030 1428
1033 1042
1033 1045
1033 1046
1033 1051
1033 1053
1033 1056
1033 1057
1033 1059
1034 1042
1034 1051
1034 1053
1034 1056
1034 1057
1034 1059
1034 1213
1034 1214
1034 1223
1035 1038
1035 1041
1035 1044
1035 1428
1036 1038
1036 1041
1036 1044
1036 1428
1037 1042
1037 1045
1037 1046
1037 1056
1037 1057
1037 1059
1038 1041
1039 1099
1039 1100
1041 1044
1041 1434
1041 1435
1041 1441
1041 1442
1044 1434
1044 1435
1044 1441
1044 1442
1045 1099
1045 1100
1047 1189
1047 1290
1048 1431
1048 1433
1048 1435
1048 1442
1048 1443
1048 1444
1049 1431
1049 1433
1049 1435
1049 1442
1049 1443
1049 1444
1052 1189
1052 1290
1055 2944
1058 2944
1060 1061
1062 1438
1062 1446
1063 1438
1063 1446
1066 1411
1066 1413
1067 1699
1069 1632
1069 1636
1070 1632
1070 1636
1073 1174
1073 1176
1074 1174
1074 1176
1075 1078
1075 1079
1075 1120
1075 1321
1075 1352
1075 1355
1075 1699
1076 1078
1076 1079
1076 1120
1076 1321
1076 1352
1076 1355
1076 1699
1077 1193
1077 1300
1078 1251
1078 1252
1078 1385
1078 1387
1078 1388
1078 1390
1078 1394
1078 1699
1079 1380
1079 1385
1079 1387
1079 1388
1079 1390
1079 1394
1079 2842
1079 2849
1080 1380
1080 1385
1081 1277
1081 1280
1082 1277
1082 1280
1083 1160
1083 1162
1084 1160
1084 1162
1091 1632
1091 1636
1092 1699
1093 1109
1093 1111
1095 1180
1095 1296
1095 1632
1095 1636
1097 1109
1097 1111
1098 1411
1098 1413
1099 1183
1099 1312
1100 1180
1100 1183
1100 1296
1100 1312
1100 1335
1100 1338
1101 1200
1101 1206
1102 1200
1102 1206
1103 1256
1103 1257
1104 1335
1104 1338
1104 1393
1107 1380
1107 1385
1108 1393
1112 1385
1115 1188
1115 1297
1115 1378
1115 1383
1116 1122
1116 1127
1117 1256
1117 1257
1118 1131
1118 1139
1119 1147
1119 1155
1119 1392
1120 1251
1120 1252
1120 1385
1120 1387
1120 1388
1120 1390
1120 1393
1120 1394
1120 2842
1120 2849
1121 1122
1121 1127
1123 1147
1123 1155
1123 1201
1123 1218
1123 1392
1123 1393
1123 1398
1123 1605
1123 1609
1124 1388
1124 1390
1124 1391
1124 1393
1124 1394
1124 1408
1124 1409
1125 1201
1125 1218
1128 1393
1128 1398
1128 1605
1128 1609
1129 1193
1129 1300
1129 1390
1129 1391
1129 1408
1129 1409
1130 1131
1130 1139
1131 1276
1131 1277
1131 1784
1132 1248
1132 1261
1133 1208
1133 1215
1133 1397
1133 1398
1133 2357
1133 2363
1134 1188
1134 1297
1134 1378
1134 1383
1137 1208
1137 1215
1137 2357
1137 2363
1139 1271
1139 1276
1139 1277
1139 1784
1141 1248
1141 1261
1142 1152
1142 1265
1142 1273
1143 2257
1143 2269
1146 1271
1146 1276
1148 1159
1148 1160
1148 1397
1148 1398
1149 1159
1149 1160
1149 1219
1149 1220
1149 1229
1149 1241
1149 1242
1149 1251
1150 2257
1150 2269
1152 1265
1152 1273
1156 1159
1156 1160
1156 1219
1156 1220
1156 1229
1156 1241
1156 1242
1156 1251
1157 1160
1157 1162
1157 1220
1157 1229
1158 1160
1158 1162
1159 1265
1159 1273
1160 1199
1160 1208
1160 1251
1160 1252
1160 1265
1160 1269
1160 1273
1160 1275
1161 1221
1161 1230
1162 1199
1162 1208
1162 1251
1162 1252
1162 1269
1162 1275
1163 1221
1163 1230
1163 1649
1163 1652
1163 1653
1165 1649
1165 1652
1165 1653
1169 2230
1169 2242
1169 2251
1170 2230
1170 2242
1170 2251
1171 1172
1171 1320
1171 1323
1172 1320
1172 1323
1173 1704
1174 1309
1174 1316
1175 1704
1176 1309
1176 1316
1177 1178
1177 1179
1177 1180
1177 1200
1177 1206
1177 1207
1177 1269
1177 1275
1177 1296
1177 1308
1178 1180
1178 1296
1178 1298
1178 1299
1178 1303
1178 1306
1178 1308
1179 1180
1179 1296
1179 1298
1179 1299
1179 1303
1179 1306
1179 1308
1180 1184
1180 1200
1180 1206
1180 1207
1180 1226
1180 1233
1180 1299
1180 1310
1180 1384
1180 2208
1180 2209
1180 2709
1180 2711
1181 1200
1181 1206
1181 1226
1181 1233
1181 1289
1181 1290
1182 1289
1182 1290
1183 1200
1183 1206
1183 1298
1183 1303
1183 1307
1183 1310
1183 1311
1183 1312
1184 1296
1185 1239
1185 1240
1185 1256
1185 1257
1185 1262
1186 1239
1186 1240
1186 1256
1186 1257
1186 1262
1186 1276
1186 1277
1187 1276
1187 1277
1188 1189
1188 1290
1188 1297
1188 1304
1188 1305
1189 1191
1189 1197
1189 1198
1189 1276
1189 1277
1189 1281
1189 1282
1189 1287
1189 1290
1189 1293
1189 1297
1189 1304
1189 1314
1189 1327
1189 1331
1190 1304
1190 1314
1191 1290
1191 1333
1191 1343
1192 1320
1192 1323
1194 1320
1194 1323
1196 1259
1196 1260
1197 1220
1197 1221
1197 1222
1197 1226
1197 1229
1197 1233
1197 1235
1197 1238
1197 1239
1197 1245
1197 1253
1197 1255
1197 1259
1197 1262
1197 1264
1197 1270
1197 1272
1197 1290
1198 1221
1198 1226
1198 1233
1198 1235
1198 1238
1198 1239
1198 1245
1198 1253
1198 1255
1198 1259
1198 1262
1198 1264
1198 1270
1198 1290
1199 1526
1199 1540
1200 1206
1200 1296
1200 1298
1200 1299
1200 1303
1200 1306
1200 1308
1200 1312
1200 2208
1200 2209
1204 1221
1204 1226
1204 1233
1204 1235
1205 1283
1205 1284
1206 1296
1206 1298
1206 1299
1206 1303
1206 1306
1206 1308
1206 1312
1206 2208
1206 2209
1207 1296
1207 1298
1207 1299
1207 1303
1207 1306
1207 1308
1208 1209
1208 1215
1208 1216
1208 1526
1208 1540
1209 1215
1212 1283
1212 1284
1214 1219
1214 1228
1215 1216
1217 1219
1217 1228
1217 1242
1217 1252
1217 1263
1219 1229
1219 1234
1221 1225
1221 1238
1223 1251
1223 1252
1223 1263
1223 2417
1223 2428
1224 1231
1224 1243
1225 1235
1226 1296
1228 1229
1228 1234
1229 1242
1229 1252
1229 1263
1231 1237
1232 1236
1232 1244
1233 1296
1235 1238
1236 1268
1236 1276
1236 1277
1237 1243
1237 1276
1237 1277
1239 1260
1239 1267
1239 1711
1239 1714
1239 1715
1242 1251
1242 1252
1242 1263
1242 2417
1242 2428
1243 1248
1243 1261
1244 1268
1245 1260
1245 1267
1245 1711
1245 1714
1245 1715
1246 1248
1246 1261
1247 1249
1247 1259
1249 1256
1249 1257
1249 1261
1249 1264
1249 1270
1250 1255
1250 1270
1255 1257
1255 1259
1255 1260
1255 1264
1255 1270
1256 1274
1256 1697
1257 1270
1257 1274
1257 1697
1259 1260
1259 1261
1259 1264
1259 1270
1264 1267
1264 1271
1267 1270
1270 1271
1276 1281
1276 1282
1276 1287
1276 1290
1276 1699
1277 1281
1277 1282
1277 1287
1277 1290
1277 1304
1277 1314
1277 1332
1277 1338
1277 1699
1279 1304
1279 1314
1279 1331
1279 1336
1280 1332
1280 1338
1281 1290
1282 1286
1282 1288
1282 1290
1285 1331
1285 1336
1286 1287
1287 1288
1287 1290
1290 1293
1290 1304
1290 1314
1290 1327
1290 1331
1292 1304
1292 1314
1293 1304
1293 1314
1293 1333
1293 1343
1293 2739
1293 2767
1294 1304
1294 1314
1294 2739
1294 2767
1295 1320
1295 1323
1296 1299
1296 1310
1296 1384
1296 2208
1296 2209
1296 2709
1296 2711
1297 1304
1297 1305
1298 1299
1298 1308
1298 1312
1298 1315
1298 1704
1298 2208
1298 2209
1299 1303
1299 1306
1299 1308
1300 1320
1300 1323
1301 1321
1303 1306
1303 1308
1303 1312
1303 1313
1303 1315
1303 1704
1304 1331
1304 1336
1306 1308
1306 1313
1307 1312
1308 1313
1308 1317
1309 1321
1310 1312
1311 1312
1317 1704
1318 1704
1321 1346
1321 1350
1322 1335
1322 1338
1324 1331
1324 1336
1325 1332
1325 1338
1327 1332
1327 1333
1327 1338
1327 1339
1327 1343
1327 1348
1327 1352
1327 1353
1327 1355
1328 1335
1328 1338
1329 1331
1329 1336
1330 1331
1330 1332
1330 1336
1330 1338
1331 1332
1331 1333
1331 1338
1331 1339
1331 1343
1331 1348
1331 1352
1331 1353
1331 1355
1332 1333
1332 1336
1332 1339
1332 1340
1332 1342
1332 1343
1332 1344
1332 1354
1332 1356
1333 1336
1333 1338
1334 1379
1334 1382
1336 1338
1336 1339
1336 1343
1336 1348
1336 1349
1336 1352
1336 1353
1337 1379
1337 1382
1338 1339
1338 1340
1338 1342
1338 1343
1338 1344
1338 1354
1338 1356
1339 1704
1341 1342
1341 1344
1342 1345
1343 1704
1344 1345
1347 1354
1347 1356
1348 1349
1348 1352
1348 1354
1348 1356
1348 1358
1348 1359
1348 1362
1348 1366
1348 2216
1348 2217
1348 2295
1349 1353
1351 1354
1351 1356
1352 1353
1352 1382
1352 1386
1353 1354
1353 1356
1353 1358
1353 1359
1353 1362
1353 1366
1353 1382
1353 1386
1355 1382
1355 1386
1364 2208
1364 2209
1369 2208
1369 2209
1371 1389
1372 1389
1374 1390
1374 1394
1374 1699
1377 1646
1377 1651
1380 1615
1380 1617
1382 1646
1382 1651
1385 1615
1385 1617
1395 1399
1395 1402
1395 1405
1396 1402
1396 1405
1397 1699
1399 1400
1400 1402
1401 1699
1414 1760
1414 1762
1414 1812
1414 1964
1415 1760
1415 1762
1415 1812
1415 1964
1416 1466
1416 1471
1416 1472
1416 1517
1416 1518
1416 1519
1416 1840
1416 1845
1417 1497
1417 1498
1417 1517
1417 1518
1417 1519
1417 1528
1417 1539
1417 1550
1417 1553
1418 1501
1418 1502
1418 1505
1418 1512
1418 1514
1418 1518
1418 1519
1418 1530
1418 1544
1418 1550
1418 1553
1419 1421
1419 1422
1419 1441
1419 1442
1419 1510
1419 1512
1419 1526
1419 1530
1419 1544
1420 1526
1420 1530
1420 1534
1420 1538
1420 1540
1420 1544
1420 1547
1420 1552
1420 1561
1420 1563
1420 1569
1421 1422
1421 1451
1421 1452
1421 1460
1421 1501
1421 1502
1421 1505
1421 1514
1421 1524
1421 1525
1421 2971
1421 2972
1422 1451
1422 1452
1422 1459
1422 1460
1422 1501
1422 1502
1422 1505
1422 1514
1422 1524
1422 1525
1422 2971
1422 2972
1423 1428
1424 1451
1424 1459
1424 1522
1424 1523
1424 1533
1425 1706
1425 1711
1426 1427
1428 1480
1429 2958
1429 2959
1429 2961
1431 1442
1431 1449
1432 1453
1432 1454
1433 1564
1433 1573
1433 1598
1433 1602
1434 1449
1434 1451
1435 1449
1435 1451
1436 1440
1436 1443
1436 2947
1436 2950
1436 2954
1436 2956
1437 1453
1437 1454
1437 2958
1437 2959
1437 2961
1438 2944
1439 1736
1440 1442
1440 1443
1440 1449
1440 2950
1440 2956
1441 1514
1441 1563
1441 1564
1441 1573
1441 1595
1441 1598
1441 1602
1441 1605
1441 1609
1441 1638
1441 1643
1441 1646
1442 1514
1442 1638
1442 1643
1442 1646
1443 1478
1443 1482
1443 2947
1443 2954
1444 1478
1444 1482
1445 2944
1447 1565
1447 1574
1448 1463
1448 1471
1448 1472
1448 1474
1448 2934
1448 2998
1449 1563
1449 1595
1449 1598
1449 1605
1449 1609
1449 2575
1449 2581
1451 1467
1451 1486
1451 2575
1451 2581
1452 1486
1452 1565
1452 1574
1453 2659
1453 2660
1454 1463
1454 1471
1454 1472
1454 1474
1454 2659
1454 2660
1454 2934
1454 2998
1456 1484
1456 1485
1458 1469
1458 1473
1458 2963
1458 2964
1459 1467
1459 1486
1459 1538
1459 1543
1460 1538
1460 1543
1461 1469
1461 1473
1461 2963
1461 2964
1464 1479
1464 2603
1464 2615
1465 1484
1465 1485
1466 1481
1466 1482
1466 2942
1466 2945
1468 2560
1468 3031
1471 1481
1471 1482
1471 1736
1471 2560
1471 2965
1471 2966
1471 3031
1472 1481
1472 1482
1472 1736
1472 2942
1472 2945
1472 2965
1472 2966
1474 1479
1474 2603
1474 2615
1475 1542
1475 1559
1477 1736
1478 1479
1480 1542
1480 1559
1481 1736
1483 1495
1483 1496
1483 1498
1483 1503
1483 2960
1483 2963
1483 2964
1484 1495
1484 1498
1484 1515
1484 1518
1484 1736
1484 1784
1484 1786
1484 2130
1484 2565
1484 2960
1484 2963
1484 2964
1485 1495
1485 1498
1485 1515
1485 1518
1485 1736
1485 1784
1485 1786
1487 1495
1487 1498
1487 1784
1487 1786
1487 2130
1487 2565
1488 1495
1488 1496
1488 1498
1488 1503
1489 1499
1489 1500
1492 1512
1492 1514
1493 1499
1493 1500
1495 1511
1495 1513
1495 1541
1495 1552
1495 2926
1495 2933
1495 2993
1495 2998
1497 1512
1497 1514
1497 1526
1497 1530
1498 1512
1498 1514
1498 1526
1498 1530
1498 1552
1498 1563
1498 2926
1498 2933
1498 2993
1498 2998
1501 1524
1501 1525
1501 1526
1502 1512
1502 1514
1502 1524
1502 1525
1502 1526
1502 1552
1502 1563
1503 1511
1503 1513
1503 1541
1503 1552
1504 1507
1504 1509
1505 1524
1505 1525
1505 1526
1506 1541
1506 1552
1506 1563
1507 1516
1507 1518
1507 1784
1507 1786
1508 1541
1508 1552
1508 1563
1509 1516
1509 1518
1509 1784
1509 1786
1510 1517
1510 1534
1510 1538
1510 1561
1510 1569
1511 1531
1511 1544
1511 1547
1511 3043
1511 3048
1512 1517
1512 1526
1512 1561
1512 1569
1514 1526
1514 1534
1514 1538
1514 1540
1514 1547
1514 1552
1514 1563
1515 1531
1515 1544
1515 1547
1515 3043
1515 3048
1517 1530
1517 1544
1517 1561
1517 1569
1517 1752
1517 1756
1518 1526
1518 1540
1519 1526
1519 1530
1519 1540
1519 1544
1519 1561
1519 1569
1519 1752
1519 1756
1520 1706
1520 1711
1521 1522
1521 1523
1521 1533
1522 1537
1522 1542
1523 1537
1523 1540
1523 1542
1523 1546
1523 1558
1523 1566
1524 1540
1524 1546
1524 1558
1524 1566
1525 1526
1525 1530
1526 1528
1526 1530
1526 1535
1526 1539
1526 1540
1526 1544
1526 1546
1526 1550
1526 1552
1526 1553
1526 1560
1526 1563
1527 1600
1527 1604
1527 1607
1528 1530
1529 1541
1529 1552
1530 1535
1530 1539
1530 1540
1530 1546
1530 1547
1530 1549
1530 1550
1530 1552
1530 1553
1530 1557
1530 1560
1530 1563
1530 1580
1530 1584
1531 1547
1531 1549
1531 1552
1531 1557
1531 1560
1532 1600
1532 1604
1532 1607
1533 1537
1533 1542
1536 1541
1536 1552
1540 1546
1540 1550
1540 1552
1540 1553
1540 1560
1540 1563
1541 1552
1541 1563
1541 2989
1541 2991
1544 1547
1544 1549
1544 1550
1544 1552
1544 1553
1544 1557
1544 1560
1544 1563
1544 1580
1544 1584
1544 1596
1544 1603
1544 3040
1544 3050
1546 1550
1546 1553
1547 1552
1547 1563
1547 1580
1547 1584
1547 1596
1547 1603
1547 1733
1547 2163
1547 2164
1547 2993
1547 3000
1547 3003
1547 3013
1547 3040
1547 3050
1548 1570
1548 1578
1549 1582
1549 1585
1549 1586
1549 1591
1550 1585
1550 1591
1552 1555
1552 1561
1552 1563
1552 1564
1552 1566
1552 1569
1552 1575
1552 1584
1552 1589
1552 1733
1552 2163
1552 2164
1552 2989
1552 2991
1552 2993
1552 3000
1552 3003
1552 3013
1553 1563
1553 1582
1553 1585
1553 1586
1553 1591
1557 1565
1557 1574
1557 1585
1557 1586
1557 1588
1560 1563
1560 1565
1560 1574
1560 1585
1560 1586
1560 1591
1561 1562
1561 1563
1561 1569
1561 1571
1561 1580
1561 1584
1561 1585
1561 1589
1561 1591
1562 1569
1562 1570
1562 1578
1563 1569
1563 1584
1563 1589
1563 1733
1563 1811
1563 1812
1563 1963
1563 2163
1563 2164
1563 2993
1565 1579
1565 1583
1565 1584
1565 1588
1565 1589
1565 1593
1565 1596
1565 1603
1567 1585
1567 1588
1567 1593
1567 1596
1567 1603
1568 1570
1568 1578
1568 1588
1568 1593
1569 1571
1569 1580
1569 1584
1569 1585
1569 1589
1569 1591
1570 1572
1572 1578
1574 1579
1574 1583
1574 1584
1574 1588
1574 1589
1574 1593
1576 1585
1576 1588
1577 1585
1577 1588
1579 1592
1579 1596
1582 1588
1582 1593
1583 1592
1583 1596
1586 1588
1586 1593
1587 1588
1587 1593
1588 1589
1588 1594
1589 1593
1589 1599
1593 1594
1593 1600
1593 1604
1594 1599
1599 1600
1599 1604
1613 1643
1613 1646
1614 1620
1614 1621
1616 1643
1616 1646
1621 1643
1621 1646
1624 1625
1624 1627
1627 1643
1627 1646
1629 1643
1629 1646
1632 1646
1632 1649
1632 1651
1632 1653
1634 1643
1634 1646
1636 1646
1636 1649
1636 1651
1636 1653
1637 1643
1637 1646
1638 1643
1638 1646
1639 1649
1639 1652
1639 1653
1640 1644
1640 1652
1640 1654
1640 1655
1640 1657
1643 1646
1644 1646
1644 1647
1644 1651
1646 1651
1646 1655
1647 1649
1647 1652
1647 1653
1647 1654
1647 1655
1647 1657
1648 1835
1648 1842
1650 1835
1650 1842
1651 1655
1654 1660
1657 1660
1657 1666
1657 1667
1658 1666
1658 1667
1663 1665
1663 1667
1665 1666
1665 1667
1665 1668
1666 1667
1667 1668
1673 1789
1673 1815
1675 1897
1675 1907
1675 1917
1675 1920
1675 1921
1675 1927
1675 1946
1675 1950
1675 1971
1675 1989
1675 2394
1675 2622
1675 2626
1676 1683
1676 1695
1676 1698
1676 1775
1676 1780
1676 2918
1676 2920
1676 2926
1676 2993
1676 3006
1676 3015
1676 3019
1676 3023
1677 1712
1677 1715
1677 2105
1677 2106
1677 2595
1677 2600
1678 2127
1678 2128
1678 2130
1678 2131
1678 2140
1678 2189
1678 2190
1678 2191
1678 2192
1678 2375
1678 2377
1678 2565
1678 2590
1678 2594
1678 2597
1678 2601
1678 2934
1678 2962
1678 2997
1678 3009
1678 3010
1678 3016
1678 3019
1679 2087
1679 2095
1680 1789
1680 1815
1680 2298
1680 2299
1681 1746
1681 1753
1681 1758
1681 1769
1681 2257
1681 2269
1682 1816
1682 1823
1682 1825
1682 2306
1683 2288
1683 2292
1683 2993
1684 1690
1684 1691
1685 2670
1685 2890
1686 2288
1686 2296
1686 2706
1686 2710
1686 2713
1687 1799
1687 1800
1687 1804
1687 1938
1687 1939
1687 1942
1687 1943
1687 2007
1687 2014
1687 2033
1687 2034
1687 2087
1687 2090
1687 2112
1687 2113
1687 2222
1687 2223
1687 2327
1687 2339
1687 2383
1687 2387
1687 2526
1687 2531
1687 2849
1688 2268
1688 2276
1688 2324
1688 2325
1689 2268
1689 2276
1689 2324
1689 2325
1690 1697
1690 2214
1690 2671
1690 2883
1690 2885
1690 2887
1690 2889
1691 2214
1691 2745
1691 2826
1691 2883
1691 2885
1691 2887
1692 2706
1692 2707
1692 2745
1692 2808
1692 2813
1692 2826
1693 1746
1693 1753
1693 1758
1693 1769
1693 2257
1693 2269
1694 2298
1694 2299
1695 2288
1695 2292
1695 2970
1695 2974
1695 2993
1696 2288
1696 2292
1697 1719
1697 2403
1697 2405
1698 2288
1698 2292
1698 2970
1698 2974
1698 2993
1699 1708
1699 1713
1699 1718
1699 1720
1699 2248
1699 2260
1699 2266
1699 2269
1699 2314
1699 2315
1699 2320
1699 2333
1699 2702
1699 2706
1699 2707
1699 2713
1699 2716
1699 2717
1699 2737
1699 2832
1699 2835
1699 2836
1699 2841
1699 2850
1699 2855
1699 2867
1699 2895
1699 2897
1700 2208
1700 2435
1701 2895
1701 2897
1702 1707
1702 3001
1702 3006
1703 2208
1703 2435
1704 1752
1704 1760
1704 2218
1704 2219
1704 2236
1704 2239
1704 2268
1704 2271
1704 2276
1704 2283
1704 2302
1704 2303
1704 2307
1704 2713
1704 2714
1704 2779
1704 2786
1704 2842
1704 2849
1704 2879
1704 2880
1705 2208
1705 2435
1706 2321
1706 2334
1707 2595
1707 2600
1707 3001
1707 3006
1708 1717
1708 1720
1709 2321
1709 2334
1709 2713
1709 2714
1710 2670
1710 2890
1711 2222
1711 2223
1711 2232
1711 2233
1711 2247
1711 2266
1711 2269
1711 2312
1711 2313
1711 2849
1712 1799
1712 1800
1712 1804
1712 1942
1712 2045
1712 2222
1712 2223
1712 2232
1712 2233
1712 2247
1712 2257
1712 2258
1712 2265
1712 2266
1712 2269
1712 2278
1712 2312
1712 2313
1712 2342
1712 2358
1712 2383
1712 2387
1712 2849
1712 2922
1712 2924
1713 1717
1713 1720
1714 2222
1714 2223
1714 2849
1715 2045
1715 2222
1715 2223
1715 2257
1715 2258
1715 2265
1715 2278
1715 2312
1715 2313
1715 2342
1715 2358
1715 2849
1715 2922
1715 2924
1716 2324
1716 2325
1718 2733
1718 2903
1719 2671
1719 2889
1720 2733
1720 2903
1721 2706
1721 2707
1721 2808
1721 2813
1721 2850
1721 2855
1721 2876
1721 2877
1722 2260
1722 2276
1722 2851
1722 2853
1722 2856
1722 2866
1722 2868
1723 2214
1723 2215
1723 2260
1723 2276
1723 2850
1723 2851
1723 2853
1723 2855
1723 2856
1723 2876
1723 2877
1724 2851
1724 2853
1724 2856
1724 2866
1724 2868
1725 2214
1725 2215
1725 2851
1725 2853
1725 2856
1726 1770
1726 1772
1726 1790
1726 1816
1726 2300
1726 2305
1726 2308
1727 1729
1727 1738
1727 1833
1727 1836
1728 1729
1728 1738
1728 1760
1728 1762
1728 1823
1728 1833
1728 1836
1728 2306
1729 1745
1729 1749
1729 1792
1729 1823
1729 2296
1729 2297
1729 2306
1730 1752
1730 1760
1730 1792
1730 1816
1730 1823
1730 1825
1730 2306
1730 2397
1730 2400
1731 1752
1731 1760
1731 1792
1731 1816
1731 1823
1731 1825
1731 2133
1731 2134
1731 2306
1732 2133
1732 2134
1733 1834
1733 1841
1733 2918
1733 2920
1734 1834
1734 1841
1735 1736
1736 2181
1736 2183
1736 2942
1736 2943
1736 2968
1736 2969
1736 2971
1736 2973
1736 2987
1737 1760
1737 1762
1737 1823
1737 2306
1739 2300
1739 2305
1739 2308
1740 1753
1740 1825
1740 1830
1741 1757
1741 1766
1741 1816
1741 1822
1742 1757
1742 1766
1742 1816
1742 1822
1744 1825
1744 1830
1745 1888
1746 1840
1746 1845
1746 2284
1746 2293
1747 1836
1747 1839
1748 1840
1748 1845
1748 1871
1748 1876
1748 1878
1748 1880
1749 1888
1750 1840
1750 1845
1751 1767
1751 1770
1751 1772
1751 1778
1752 1767
1752 1770
1752 1772
1752 1778
1752 1816
1752 1825
1752 2303
1752 2304
1752 2980
1752 2983
1753 1840
1753 1845
1753 2282
1753 2284
1753 2293
1754 1829
1754 1830
1755 1836
1755 1839
1755 1871
1755 1876
1755 1878
1755 1880
1756 2303
1756 2304
1756 2987
1756 2990
1758 1816
1758 1823
1758 1825
1758 2306
1759 1836
1759 1839
1760 1767
1760 1770
1760 1772
1760 1778
1760 1816
1760 1825
1760 2213
1760 2214
1760 2300
1760 2305
1760 2308
1760 2892
1760 2896
1760 2980
1760 2983
1760 2985
1760 2986
1761 1836
1761 1839
1762 2213
1762 2214
1762 2892
1762 2896
1763 1829
1763 1830
1764 1816
1764 1825
1765 2300
1765 2305
1765 2308
1765 2985
1765 2986
1765 2987
1765 2990
1769 1840
1769 1845
1769 2282
1769 2284
1769 2293
1769 2502
1769 2509
1770 1816
1770 1825
1770 1829
1771 1799
1771 1800
1772 1829
1774 1869
1774 1870
1774 2023
1774 2027
1774 2028
1775 2993
1777 2210
1777 2211
1777 2212
1777 2309
1779 2210
1779 2211
1779 2212
1779 2309
1780 2970
1780 2974
1780 2993
1781 2970
1781 2974
1782 2971
1782 2973
1783 2971
1783 2973
1785 2292
1785 2296
1787 2292
1787 2296
1788 2292
1788 2296
1789 2300
1789 2305
1789 2308
1790 1825
1790 1829
1790 1830
1790 2285
1790 2294
1790 2296
1790 2297
1790 2300
1790 2301
1790 2305
1790 2308
1790 2310
1790 2311
1791 1823
1791 1831
1791 1878
1791 1880
1791 2282
1791 2284
1792 1796
1792 1819
1792 1888
1792 2282
1792 2284
1792 3019
1792 3022
1792 3023
1793 3019
1793 3022
1793 3023
1794 1835
1794 1842
1795 2250
1795 2261
1796 2250
1796 2261
1796 2306
1797 1846
1797 1850
1797 2231
1797 2244
1797 3038
1797 3047
1798 1846
1798 1850
1798 1877
1798 1879
1798 2231
1798 2244
1798 3038
1798 3047
1799 1802
1799 1826
1799 1832
1799 1847
1799 1938
1799 1943
1799 2171
1799 2177
1799 2506
1799 2507
1799 2510
1799 2545
1799 2546
1799 2916
1800 1802
1800 1826
1800 1832
1800 1847
1800 1938
1800 1943
1800 2171
1800 2177
1800 2506
1800 2507
1800 2510
1800 2545
1800 2546
1800 2916
1802 1835
1802 1842
1803 1849
1803 1852
1803 1859
1803 1863
1804 1849
1804 1852
1804 1859
1804 1863
1804 1873
1804 1875
1806 1847
1806 1849
1809 2067
1809 2073
1809 2339
1809 2350
1809 2622
1809 2626
1810 2067
1810 2073
1810 2094
1810 2099
1810 2339
1810 2350
1810 2622
1810 2626
1811 2094
1811 2099
1812 1978
1812 2508
1812 2580
1812 2587
1812 2602
1812 2607
1813 2602
1813 2607
1813 2926
1813 2993
1814 1877
1814 1879
1814 1881
1814 1884
1815 1821
1815 1825
1815 1830
1815 2310
1815 2311
1816 1821
1816 1823
1816 1825
1816 1829
1816 1830
1816 1831
1816 2285
1816 2294
1816 2296
1816 2297
1816 2301
1817 1835
1817 1842
1818 1835
1818 1842
1818 1900
1818 3038
1818 3047
1818 3061
1819 2250
1819 2261
1819 2306
1819 3038
1819 3047
1821 1825
1821 2211
1821 2212
1821 2285
1821 2289
1821 2294
1821 2297
1821 2309
1821 2310
1821 2311
1822 1840
1822 1845
1822 1878
1822 1880
1823 1888
1823 2065
1823 2071
1824 1881
1824 1884
1825 1830
1827 1835
1827 1842
1827 1900
1827 3061
1829 2211
1829 2212
1829 2285
1829 2289
1829 2294
1829 2297
1829 2300
1829 2305
1829 2308
1829 2309
1829 2310
1829 2311
1830 2211
1830 2212
1830 2285
1830 2289
1830 2294
1830 2297
1830 2309
1830 2310
1830 2311
1831 1840
1831 1845
1832 1835
1832 1842
1835 1854
1835 1861
1835 1864
1835 1873
1835 1875
1835 2563
1835 2564
1842 1854
1842 1861
1842 1864
1842 1873
1842 1875
1842 2563
1842 2564
1843 1870
1843 1874
1844 1859
1844 1862
1844 1873
1844 1875
1844 2564
1844 2574
1844 2575
1847 1866
1847 1871
1847 1872
1847 1875
1847 1877
1848 1859
1848 1862
1849 1866
1849 1867
1849 1868
1849 1871
1849 1872
1849 1873
1849 1875
1849 1876
1849 1877
1849 2564
1849 2574
1849 2575
1851 1870
1851 1874
1852 1859
1852 1862
1852 1867
1852 1868
1852 1871
1852 1876
1852 2564
1852 2574
1852 2575
1853 1855
1853 1856
1853 1868
1853 1871
1853 1873
1853 1876
1855 1857
1856 1857
1857 1868
1857 1871
1857 1873
1857 1876
1857 1937
1857 1938
1858 1937
1858 1938
1871 1873
1871 1875
1871 2286
1871 2291
1873 1876
1873 1890
1873 1891
1873 1938
1873 1942
1873 1943
1875 1876
1875 1890
1875 1891
1875 1938
1875 1942
1875 1943
1876 2286
1876 2291
1877 1878
1877 1880
1878 1879
1879 1880
1882 2179
1882 2185
1884 2179
1884 2185
1885 2179
1885 2185
1886 2179
1886 2181
1888 2179
1888 2181
1888 2296
1888 2297
1888 2306
1888 2397
1888 2400
1890 1922
1890 1928
1890 1939
1890 1943
1890 1981
1890 1987
1890 2007
1890 2012
1890 2014
1891 1939
1891 1943
1891 1981
1891 1987
1891 2007
1891 2012
1891 2014
1892 1929
1892 1934
1892 2522
1892 2523
1892 2526
1893 1932
1893 1935
1894 1932
1894 1935
1895 2609
1895 2620
1896 2549
1896 2551
1896 2552
1896 2622
1896 2626
1897 1907
1897 1917
1897 1920
1897 1921
1897 1927
1897 1946
1897 1950
1897 1971
1897 1989
1897 2394
1897 2622
1897 2626
1898 1917
1898 1921
1899 2197
1899 2229
1900 1907
1900 1927
1900 1958
1900 1960
1901 1952
1901 1953
1902 1952
1902 1953
1903 3000
1903 3013
1904 1928
1904 1930
1904 1934
1904 1937
1904 1942
1905 1928
1905 1930
1905 1934
1905 1937
1906 1928
1906 1930
1907 3061
1908 1922
1908 1928
1909 2016
1909 2017
1909 2020
1909 2026
1909 2027
1909 2028
1909 2039
1910 1982
1910 1983
1910 2015
1910 2016
1910 2017
1910 2020
1910 2023
1910 2026
1910 2027
1910 2028
1910 2029
1910 2039
1910 2539
1910 2544
1911 1936
1911 1940
1911 2014
1911 2017
1911 2020
1911 2021
1911 2127
1911 2128
1911 2171
1911 2177
1911 2382
1911 2386
1911 2539
1911 2544
1912 1920
1912 1921
1912 2359
1912 2360
1913 1920
1913 1921
1913 2359
1913 2360
1913 2549
1913 2551
1913 2552
1913 2609
1913 2620
1913 2622
1913 2626
1914 1928
1914 1930
1914 1937
1914 1942
1915 1937
1915 1942
1916 1932
1916 1939
1917 1920
1917 1921
1918 1982
1918 1983
1918 2015
1918 2023
1918 2026
1918 2029
1919 1936
1919 1940
1919 2014
1919 2017
1919 2020
1919 2021
1919 2127
1919 2128
1919 2171
1919 2177
1919 2382
1919 2386
1923 1932
1923 1939
1924 2555
1924 2627
1924 2915
1924 2916
1926 2555
1926 2627
1926 2915
1926 2916
1927 2595
1927 2600
1927 3061
1929 1994
1930 2616
1930 2620
1931 2017
1931 2020
1931 2616
1931 2620
1931 2915
1931 2916
1932 1939
1932 1943
1932 2020
1932 2026
1932 2027
1932 2031
1932 2040
1932 2041
1932 2042
1933 2595
1933 2600
1934 1994
1935 1939
1935 1943
1935 2031
1935 2040
1935 2041
1935 2042
1935 2914
1935 2916
1936 2020
1936 2026
1936 2027
1938 2915
1938 2916
1939 1949
1939 1950
1939 2014
1939 2017
1939 2020
1939 2026
1939 2027
1939 2040
1939 2041
1939 2042
1939 2911
1939 2912
1939 2915
1939 2916
1939 2972
1939 2976
1940 2020
1940 2026
1940 2027
1940 2914
1940 2916
1941 1952
1941 1953
1943 1949
1943 1950
1943 2014
1943 2017
1943 2911
1943 2912
1943 2916
1943 2972
1943 2976
1944 2915
1944 2916
1947 1952
1947 1953
1948 1950
1948 1952
1949 1950
1949 1952
1949 2625
1949 2626
1949 3047
1949 3055
1950 1951
1950 1952
1950 2625
1950 2626
1950 3047
1950 3055
1951 1952
1955 3073
1955 3075
1957 2595
1957 2600
1958 3061
1959 2325
1959 2336
1959 2337
1959 2595
1959 2600
1959 3073
1959 3075
1960 3061
1961 2325
1961 2336
1961 2337
1962 2407
1962 2408
1962 2409
1963 1978
1963 2407
1963 2408
1963 2409
1963 2508
1963 2580
1963 2587
1963 3038
1963 3047
1964 2580
1964 2587
1964 3038
1964 3047
1966 2371
1966 2372
1967 1968
1967 1969
1967 2371
1967 2372
1968 1969
1969 1986
1969 1991
1969 1993
1970 1978
1970 2397
1970 2400
1970 2508
1971 1978
1971 2003
1971 2011
1971 2508
1972 1977
1972 1978
1972 2003
1972 2011
1972 2349
1972 2359
1972 2360
1972 2508
1972 2515
1972 2600
1972 2609
1973 2556
1973 3075
1974 2040
1974 2042
1975 2017
1975 2020
1975 2029
1975 2033
1976 1990
1976 1996
1976 2002
1977 1990
1977 1996
1978 1982
1978 1983
1978 1984
1978 1985
1978 1988
1978 1989
1978 1990
1978 1996
1978 2348
1978 2349
1978 2394
1978 2583
1978 2587
1978 3065
1978 3069
1982 1986
1982 1991
1982 1993
1982 2092
1982 2097
1982 2372
1982 2376
1982 2508
1982 2532
1982 2536
1982 2555
1982 2627
1983 2372
1983 2376
1983 2508
1984 1991
1984 1999
1984 2003
1984 2011
1984 2508
1985 1991
1985 1999
1985 2003
1985 2011
1985 2349
1985 2359
1985 2360
1985 2508
1985 2600
1985 2609
1988 2092
1988 2097
1988 2372
1988 2376
1988 2508
1988 2524
1988 2527
1988 2530
1988 2532
1988 2536
1988 2555
1988 2627
1989 2003
1989 2011
1989 2508
1990 1991
1990 1999
1990 2003
1990 2011
1990 2349
1990 2359
1990 2360
1990 2508
1990 2515
1990 2545
1990 2600
1990 2609
1992 2555
1992 2627
1994 2522
1994 2523
1994 2526
1995 2024
1995 2025
1995 2234
1995 2243
1996 2002
1996 2003
1996 2010
1996 2011
1996 2033
1996 2034
1996 2508
1996 2515
1996 2521
1996 2525
1996 2545
1997 2518
1997 2522
1998 2028
1998 2032
1998 2524
1998 2527
1998 2530
1999 2389
1999 2392
2000 2018
2000 2019
2000 2024
2000 2025
2000 2555
2000 2627
2001 2521
2001 2525
2002 2003
2002 2010
2002 2011
2002 2033
2002 2034
2002 2518
2002 2522
2002 2545
2005 2024
2005 2025
2005 2028
2005 2032
2005 2234
2005 2243
2006 2389
2006 2392
2007 2567
2007 2578
2007 2916
2008 2017
2008 2018
2008 2019
2008 2020
2008 2024
2008 2025
2008 2035
2008 2038
2008 2545
2008 2546
2012 2017
2012 2020
2012 2035
2012 2038
2012 2545
2012 2546
2013 2019
2013 2024
2014 2567
2014 2578
2014 2916
2016 2019
2016 2024
2017 2032
2017 2033
2017 2035
2017 2038
2017 2541
2018 2020
2018 2027
2018 2030
2018 2033
2018 3071
2018 3072
2020 2021
2020 2032
2020 2033
2020 2035
2020 2038
2020 2517
2020 2521
2020 2536
2020 2539
2020 2541
2020 2544
2020 2914
2020 2916
2021 2022
2021 2023
2021 2027
2021 2030
2021 2033
2021 2034
2021 2039
2021 2536
2021 2539
2021 2544
2021 2620
2021 2622
2021 3071
2021 3072
2022 2027
2022 2028
2023 2024
2023 2025
2023 2028
2023 2029
2023 2030
2023 2033
2023 2034
2023 2036
2023 2521
2023 2525
2023 2620
2023 2622
2024 2025
2024 2028
2024 2029
2024 2030
2024 2033
2024 2036
2024 2521
2024 2525
2026 2914
2026 2916
2027 2039
2027 2517
2027 2521
2027 2620
2027 2622
2028 2039
2028 2545
2028 2546
2029 2541
2032 2545
2032 2546
2033 2036
2033 2037
2033 2529
2033 2535
2033 2541
2033 2916
2034 2036
2034 2037
2034 2529
2034 2535
2034 2916
2036 2545
2036 2546
2037 2545
2037 2546
2040 2043
2042 2043
2044 2053
2044 2065
2044 2070
2044 2071
2044 2074
2044 2080
2044 2082
2044 2085
2044 2324
2044 2486
2044 2489
2044 2491
2045 2053
2045 2065
2045 2070
2045 2071
2045 2074
2045 2082
2045 2085
2045 2324
2045 2486
2046 2478
2046 2481
2047 2082
2047 2085
2048 2068
2048 2069
2048 2081
2048 2082
2048 2085
2048 2087
2048 2090
2048 2092
2049 2489
2049 2491
2050 2334
2050 2342
2051 2087
2051 2090
2052 2087
2052 2090
2052 2482
2052 2484
2053 2200
2053 2233
2055 2082
2055 2086
2055 2092
2055 2094
2055 2097
2055 2099
2055 2513
2055 2519
2055 2597
2055 2602
2056 2086
2056 2094
2056 2506
2056 2507
2057 2506
2057 2507
2057 2510
2057 2513
2058 2148
2058 2149
2059 2148
2059 2149
2059 2958
2059 2959
2059 2961
2059 3089
2059 3093
2060 2666
2060 2667
2060 2681
2060 3115
2061 2062
2061 2083
2062 2083
2062 2087
2062 2088
2062 2090
2062 2093
2062 3117
2062 3118
2063 2088
2063 2093
2064 2334
2064 2342
2065 2071
2065 2077
2065 2080
2065 2082
2065 2306
2065 2489
2065 2490
2065 2491
2066 2489
2066 2490
2068 2476
2068 2478
2068 2481
2069 2476
2070 2482
2070 2484
2071 2080
2071 2082
2071 2306
2071 2489
2071 2491
2072 2087
2072 2090
2074 2200
2074 2233
2075 2077
2075 2082
2075 2489
2075 2490
2076 2487
2076 2488
2076 2490
2077 2482
2077 2485
2077 2487
2077 2488
2077 2490
2078 2087
2078 2090
2079 2105
2079 2106
2079 2595
2079 2600
2081 2476
2082 2084
2082 2087
2082 2094
2082 2095
2082 2099
2082 2471
2082 2476
2082 2477
2082 2479
2082 2482
2082 2483
2082 2485
2082 2667
2082 3115
2083 2088
2083 2093
2083 3117
2083 3118
2084 2086
2084 2092
2084 2097
2085 2087
2085 2094
2085 2095
2085 2099
2085 2471
2085 2476
2085 2477
2085 2479
2085 2483
2085 2667
2085 3115
2086 2105
2086 2106
2087 2089
2087 2247
2087 2257
2087 2258
2087 2471
2087 2476
2087 2667
2087 2746
2087 2916
2087 3115
2088 2089
2089 2090
2089 2093
2089 3117
2089 3118
2090 2247
2090 2257
2090 2258
2090 2471
2090 2476
2090 2667
2090 2916
2090 3115
2091 3116
2091 3117
2091 3118
2092 2148
2092 2149
2092 2476
2092 3098
2092 3109
2093 3116
2093 3117
2093 3118
2094 2097
2094 2099
2094 2105
2094 2106
2094 2114
2094 2116
2094 2176
2094 2177
2094 2500
2094 2600
2094 2609
2095 2667
2095 2746
2095 3115
2096 3100
2096 3107
2097 2099
2097 2148
2097 2149
2097 2176
2097 2177
2097 2500
2097 3098
2097 3109
2098 3100
2098 3107
2099 2114
2099 2116
2099 2500
2099 2600
2099 2609
2100 3116
2100 3117
2101 2103
2101 2107
2101 2265
2101 2278
2101 3113
2101 3114
2102 2103
2102 2107
2102 2265
2102 2278
2102 3103
2102 3110
2102 3113
2102 3114
2103 3103
2103 3110
2104 2246
2104 2258
2104 3116
2104 3117
2105 2232
2105 2233
2105 2246
2105 2258
2105 3099
2105 3101
2105 3102
2105 3105
2106 2232
2106 2233
2106 3099
2106 3101
2106 3102
2106 3105
2108 2197
2108 2229
2108 2242
2109 2399
2109 2405
2109 3089
2109 3093
2110 2399
2110 2405
2111 2197
2111 2229
2111 2242
2112 2916
2112 3089
2112 3093
2113 2916
2115 3089
2115 3093
2117 2266
2117 2269
2118 3089
2118 3093
2119 2266
2119 2269
2122 2201
2122 2233
2123 2201
2123 2207
2123 2225
2123 2233
2124 2207
2124 2225
2125 2127
2125 2128
2125 2140
2125 2189
2125 2190
2125 2191
2125 2192
2125 2375
2125 2377
2125 2594
2125 2601
2125 2997
2125 3009
2125 3016
2125 3019
2126 3026
2126 3031
2128 2130
2128 2565
2129 2130
2129 2565
2130 2139
2130 2140
2130 2180
2130 2182
2130 2185
2130 2192
2130 2564
2130 2575
2130 2581
2130 2586
2130 2588
2130 2597
2130 2637
2130 2639
2130 2643
2130 2992
2130 3043
2130 3048
2131 2588
2131 2597
2131 2992
2131 3043
2131 3048
2132 2586
2132 2588
2134 2559
2134 2608
2135 2159
2135 2160
2135 2559
2135 2608
2137 2154
2137 2158
2137 2159
2138 2189
2138 2190
2138 2191
2138 3016
2138 3019
2139 2140
2139 2192
2139 2565
2139 2639
2139 2643
2140 2565
2140 2637
2141 2642
2141 2644
2142 2642
2142 2644
2143 2151
2143 2153
2143 2640
2144 2312
2144 2426
2145 2312
2145 2426
2146 2150
2146 2151
2147 2150
2147 2151
2147 2207
2147 2225
2151 2640
2152 2162
2152 2165
2153 2162
2153 2165
2153 2640
2154 2166
2154 2167
2154 2568
2155 2161
2155 2163
2156 2161
2156 2163
2157 2680
2157 2686
2158 2166
2158 2167
2158 2568
2158 2680
2158 2686
2159 2166
2159 2568
2160 2166
2163 2175
2163 2178
2163 2568
2163 2576
2164 2166
2164 2169
2164 2175
2164 2178
2164 2568
2164 2576
2164 2931
2164 3000
2166 2168
2166 2680
2166 2686
2168 2169
2168 2931
2168 3000
2169 2680
2169 2686
2170 2931
2170 3000
2172 2650
2172 2653
2174 2650
2174 2653
2179 2182
2179 2185
2179 2527
2179 2532
2180 2565
2182 2185
2182 2188
2182 2565
2185 2188
2185 2527
2185 2532
2185 2565
2186 2957
2186 2960
2187 2957
2187 2960
2192 2565
2192 2637
2195 2379
2195 2385
2195 2397
2195 2400
2195 2401
2196 2397
2196 2400
2196 2401
2197 2201
2197 2232
2197 2233
2197 2243
2197 2247
2197 2262
2197 2391
2197 2397
2197 2400
2197 2914
2197 2916
2197 3064
2198 2230
2198 2234
2198 2242
2198 2243
2198 2251
2198 2262
2199 2283
2199 2288
2200 2230
2200 2242
2200 2256
2200 2266
2200 2275
2200 2279
2200 2281
2200 2342
2200 2346
2200 2358
2200 2361
2200 2364
2200 2378
2200 2381
2201 2229
2201 2256
2201 2266
2201 2357
2201 2363
2201 3088
2201 3091
2202 2331
2202 2332
2203 2331
2203 2332
2204 2205
2204 2206
2205 2228
2205 2721
2205 2722
2206 2228
2206 2721
2206 2722
2208 2225
2208 2236
2208 2800
2208 2804
2209 2800
2209 2804
2213 2283
2213 2288
2214 2302
2214 2303
2214 2307
2215 2302
2215 2303
2215 2307
2220 2226
2220 2238
2221 2869
2221 2871
2222 2317
2222 2457
2222 2460
2222 2787
2222 2795
2222 2835
2222 2836
2222 2841
2222 2844
2222 2846
2223 2317
2223 2457
2223 2460
2223 2477
2223 2479
2223 2787
2223 2795
2223 2835
2223 2836
2223 2841
2223 2844
2223 2846
2223 2847
2223 2852
2223 2910
2223 2913
2225 2329
2225 2435
2226 2248
2227 2344
2227 2345
2229 2232
2229 2233
2229 2247
2229 2391
2229 2397
2229 2400
2229 2914
2229 2916
2229 3064
2230 2233
2230 2237
2230 2250
2230 2409
2232 2233
2232 2247
2232 2363
2232 2368
2233 2242
2233 2247
2233 2256
2233 2257
2233 2266
2233 2269
2233 2275
2233 2279
2233 2281
2233 2342
2233 2346
2233 2357
2233 2358
2233 2361
2233 2363
2233 2364
2233 2373
2233 2375
2233 2378
2233 2381
2233 3088
2233 3091
2234 2237
2234 2250
2234 2407
2236 2329
2236 2435
2237 2242
2237 2251
2238 2248
2240 2241
2240 2277
2240 2695
2240 2697
2241 2277
2242 2250
2242 2409
2243 2407
2245 2315
2245 2316
2245 2443
2246 2247
2246 2257
2246 2258
2246 2273
2246 2280
2246 2317
2246 2318
2246 2383
2246 2387
2246 2457
2247 2257
2247 2258
2247 2269
2247 2273
2247 2280
2247 2363
2247 2368
2247 2373
2247 2375
2247 2378
2247 2381
2247 2383
2247 2387
2247 3089
2247 3093
2249 2252
2249 2264
2250 2251
2250 2254
2250 2259
2250 2267
2251 2372
2251 2376
2251 2407
2251 2409
2252 2253
2252 2274
2252 2315
2252 2316
2252 2321
2252 2334
2252 2443
2253 2264
2253 2319
2253 2332
2254 2261
2256 2317
2256 2318
2256 2457
2257 2258
2257 2331
2257 2332
2257 2370
2257 2373
2257 2383
2257 2387
2258 2273
2258 2280
2258 2383
2258 2387
2258 3089
2258 3093
2259 2261
2260 2329
2260 2435
2260 2869
2260 2871
2261 2267
2262 2372
2262 2376
2263 2265
2263 2278
2264 2265
2264 2274
2264 2278
2264 2321
2264 2334
2266 2271
2266 2283
2266 2317
2266 2318
2266 2922
2266 2924
2268 2329
2268 2420
2268 2435
2268 2750
2269 2317
2269 2318
2269 2331
2269 2332
2269 2370
2269 2373
2269 2922
2269 2924
2270 2273
2270 2280
2270 2317
2270 2318
2270 2457
2270 3089
2270 3090
2271 2275
2271 2317
2271 2318
2271 2771
2271 2784
2271 2891
2271 2892
2272 3089
2272 3090
2274 2319
2274 2332
2275 2283
2276 2329
2276 2420
2276 2435
2276 2750
2277 2695
2277 2697
2282 2737
2282 2832
2283 2389
2283 2771
2283 2784
2283 2887
2283 2891
2283 2892
2284 2737
2284 2832
2286 3082
2286 3084
2287 3100
2287 3107
2288 2299
2288 2300
2288 2389
2288 2878
2288 2887
2290 2344
2290 2345
2291 3082
2291 3084
2291 3100
2291 3107
2296 2299
2296 2300
2296 2310
2296 2311
2296 2878
2302 2310
2302 2311
2302 2885
2302 2886
2303 2884
2303 2885
2303 2886
2307 2884
2307 2886
2312 2729
2312 2730
2312 2732
2312 2736
2312 2752
2312 2772
2312 2782
2312 2791
2312 2795
2313 2729
2313 2730
2313 2732
2313 2736
2313 2752
2313 2791
2313 2795
2314 2420
2314 2430
2314 2755
2314 2763
2315 2420
2315 2430
2315 2433
2315 2440
2315 2755
2315 2763
2316 2417
2316 2420
2316 2428
2316 2430
2316 2433
2316 2440
2316 2706
2316 2707
2316 2716
2316 2717
2317 2343
2317 2353
2317 2399
2317 2405
2317 2422
2317 2423
2317 2429
2317 2436
2317 2437
2317 2446
2317 2456
2317 2583
2317 2591
2317 2667
2317 2683
2317 2806
2317 2807
2317 2849
2317 3082
2317 3085
2317 3100
2317 3107
2317 3115
2318 2399
2318 2405
2318 2422
2318 2423
2318 2436
2318 2437
2318 2446
2318 2456
2318 2583
2318 2591
2318 2668
2318 2685
2318 2687
2318 2700
2318 2701
2318 3094
2319 2668
2319 2685
2319 2687
2319 2700
2319 2701
2319 3094
2320 2651
2320 2656
2320 2679
2320 2746
2322 3073
2322 3074
2323 2379
2323 2384
2324 2342
2324 2358
2324 2379
2324 2384
2324 2679
2324 2746
2324 3003
2324 3013
2325 2342
2325 2358
2325 2388
2325 2392
2325 2395
2325 3003
2325 3013
2325 3061
2325 3063
2326 2557
2326 3073
2327 2328
2327 2338
2327 2348
2327 2349
2327 2556
2327 2580
2327 2587
2327 2612
2327 2615
2327 2627
2327 2690
2327 2696
2327 2916
2328 2336
2328 2347
2328 2348
2328 2349
2328 2580
2328 2587
2329 2757
2329 2765
2330 2420
2330 2430
2331 2434
2331 2439
2331 2449
2332 2373
2332 2375
2333 2651
2333 2656
2333 2679
2333 2746
2334 2700
2334 2701
2334 3073
2334 3074
2335 3073
2335 3074
2336 2339
2336 2388
2336 2392
2336 2395
2336 3061
2336 3063
2337 2557
2337 2591
2337 2594
2337 3073
2338 2339
2338 2556
2338 2627
2338 2690
2338 2696
2339 2347
2339 2348
2339 2349
2339 2612
2339 2615
2339 2916
2339 3071
2339 3074
2340 2757
2340 2765
2341 2388
2341 2395
2341 2399
2341 2403
2341 2405
2342 2700
2342 2701
2342 2914
2342 2916
2342 3038
2342 3047
2342 3073
2342 3074
2342 3095
2342 3097
2343 2355
2343 2356
2343 2442
2343 2444
2343 2452
2343 2457
2346 2914
2346 2916
2346 3038
2346 3047
2347 2591
2347 2594
2348 2390
2348 2393
2348 2396
2348 2508
2348 2575
2348 2581
2348 2583
2348 2591
2348 2594
2348 2614
2348 2618
2348 2621
2349 2390
2349 2393
2349 2396
2349 2508
2349 2575
2349 2581
2349 2583
2349 2591
2349 2594
2349 2614
2349 2618
2349 2621
2350 2354
2350 2359
2350 2360
2350 2366
2350 3071
2350 3074
2351 2388
2351 2395
2351 2399
2351 2403
2351 2405
2352 2399
2352 2403
2352 2405
2353 2355
2353 2356
2353 2442
2353 2444
2353 2452
2353 2457
2354 2359
2354 2360
2354 2366
2354 2556
2354 3075
2357 2907
2357 2909
2358 2907
2358 2909
2358 2914
2358 2916
2358 3095
2358 3097
2359 2382
2359 2386
2359 3025
2359 3035
2360 2382
2360 2386
2361 3061
2361 3064
2362 3082
2362 3085
2362 3090
2364 3061
2364 3064
2365 2382
2365 2386
2365 3025
2365 3035
2367 3068
2367 3071
2369 3082
2369 3085
2369 3090
2373 2466
2374 3068
2374 3071
2375 2466
2376 2398
2376 2402
2379 2412
2380 2398
2380 2402
2385 2412
2393 2403
2393 2405
2394 2508
2396 2403
2396 2405
2397 2402
2397 2403
2397 2405
2397 2406
2397 2411
2397 2412
2399 2403
2399 2405
2399 2407
2399 2408
2400 2402
2400 2403
2400 2405
2400 2406
2400 2411
2400 2412
2401 2403
2401 2405
2401 2411
2401 2412
2403 2404
2403 2405
2403 3100
2403 3107
2404 2405
2405 2407
2405 2408
2405 3100
2405 3107
2413 2736
2413 2752
2414 2781
2414 2787
2414 2788
2414 2791
2414 2812
2414 2814
2415 2429
2415 2436
2415 2787
2415 2788
2416 2429
2416 2436
2416 2755
2416 2763
2417 2443
2417 2706
2417 2713
2417 2751
2417 2754
2417 2758
2417 2761
2417 2768
2417 2769
2417 2780
2417 2786
2418 2425
2418 2433
2419 2429
2419 2436
2420 2421
2420 2422
2420 2425
2420 2429
2420 2433
2420 2436
2420 2443
2420 2447
2420 2458
2420 2461
2420 2716
2420 2717
2420 2760
2420 2762
2420 2778
2420 2790
2421 2422
2421 2423
2421 2750
2422 2423
2422 2457
2422 2614
2422 2621
2422 2750
2423 2455
2423 2456
2423 2457
2423 2614
2423 2621
2424 2736
2424 2752
2425 2433
2425 2717
2425 2719
2425 2750
2426 2772
2426 2782
2427 2429
2427 2436
2427 2755
2427 2763
2428 2429
2428 2436
2428 2443
2428 2706
2428 2713
2428 2751
2428 2754
2428 2758
2428 2761
2428 2768
2428 2769
2428 2780
2428 2786
2429 2453
2429 2457
2429 2458
2429 2750
2430 2443
2430 2447
2430 2451
2430 2453
2430 2457
2430 2458
2430 2461
2430 2716
2430 2717
2431 2446
2431 2448
2432 2455
2432 2456
2432 2467
2432 2469
2432 2470
2433 2717
2433 2719
2433 2750
2434 2460
2434 2467
2434 2469
2434 2470
2436 2453
2436 2454
2436 2457
2436 2458
2436 2460
2436 2750
2437 2451
2437 2453
2437 2454
2437 2457
2437 2458
2437 2460
2437 2716
2437 2717
2438 2451
2438 2453
2438 2457
2438 2458
2439 2460
2441 2451
2441 2457
2441 2458
2441 2461
2441 2716
2441 2717
2442 2444
2442 2449
2442 2462
2442 2463
2443 2706
2443 2707
2444 2452
2445 2458
2445 2461
2446 2467
2446 2469
2446 2470
2446 2749
2448 2467
2448 2469
2448 2470
2448 2749
2449 2452
2449 2460
2450 2716
2450 2717
2452 2462
2452 2463
2455 2938
2455 2994
2456 2938
2456 2994
2457 2667
2457 2683
2457 2806
2457 2807
2457 2849
2457 3082
2457 3085
2457 3100
2457 3107
2457 3115
2459 2468
2459 2478
2460 2849
2464 2468
2464 2478
2465 2489
2465 2491
2470 2667
2470 3115
2472 2667
2472 3115
2473 2555
2473 2627
2474 2555
2474 2627
2475 2612
2475 2619
2477 2849
2479 2849
2480 2612
2480 2619
2486 2679
2486 2746
2492 2616
2492 2620
2493 2595
2493 2600
2494 2595
2494 2600
2495 2496
2495 2497
2495 2511
2495 2514
2496 2512
2497 2512
2498 2597
2498 2602
2499 2597
2499 2602
2500 2510
2500 2513
2500 2519
2501 2519
2501 2523
2501 2958
2501 2959
2501 2961
2501 3089
2501 3093
2502 2505
2502 2506
2503 2519
2503 2523
2504 2505
2504 2506
2504 2517
2504 2521
2505 2509
2506 2509
2506 2939
2506 2994
2507 2939
2507 2994
2508 2583
2508 2587
2508 3065
2508 3069
2511 2512
2511 2579
2511 2585
2512 2514
2514 2579
2514 2585
2516 2517
2516 2518
2516 2521
2517 2520
2518 2520
2518 2532
2518 2533
2518 2536
2518 2538
2518 2540
2518 2545
2518 2546
2520 2521
2522 2532
2522 2533
2522 2536
2522 2538
2522 2540
2522 2545
2522 2546
2525 2545
2525 2546
2526 2532
2526 2537
2526 2539
2526 2545
2526 2546
2526 2916
2527 2532
2527 2533
2527 2537
2527 2538
2527 2539
2528 2576
2528 2584
2531 2916
2532 2533
2532 2537
2532 2538
2532 2539
2532 2915
2532 2916
2533 2543
2533 2546
2534 2576
2534 2584
2536 2616
2536 2620
2536 2915
2536 2916
2538 2543
2538 2546
2538 2595
2538 2600
2539 2616
2539 2620
2539 2915
2539 2916
2540 2595
2540 2600
2543 2545
2543 2546
2544 2616
2544 2620
2545 2546
2548 2553
2548 2554
2550 2553
2550 2554
2555 2614
2555 2618
2555 2621
2555 3071
2555 3072
2555 3074
2556 3038
2556 3047
2556 3071
2556 3074
2557 2618
2557 2621
2558 3052
2558 3059
2559 2586
2559 2588
2560 2939
2560 2992
2561 3026
2561 3031
2563 2586
2563 2588
2563 2989
2563 2991
2563 3040
2563 3050
2564 2565
2564 2586
2564 2588
2564 2989
2564 2991
2564 3040
2564 3050
2565 2575
2565 2581
2565 2586
2565 2588
2565 2597
2565 2637
2565 2639
2565 2643
2565 2992
2566 2589
2566 2592
2569 2589
2569 2592
2570 3026
2570 3031
2573 3023
2573 3025
2575 3043
2575 3049
2579 2934
2579 2998
2580 3053
2580 3054
2581 3043
2581 3049
2583 2967
2583 2999
2583 3023
2583 3025
2583 3067
2583 3070
2585 2934
2585 2998
2586 2608
2586 2926
2586 2933
2586 2993
2586 2998
2586 3033
2586 3034
2586 3036
2586 3041
2587 2967
2587 2999
2587 3053
2587 3054
2588 2608
2588 2697
2588 2703
2588 2926
2588 2933
2588 2993
2588 2998
2588 3033
2588 3034
2588 3036
2588 3041
2590 2992
2591 3023
2591 3025
2591 3067
2591 3070
2593 2599
2593 2605
2593 2614
2593 2618
2593 2621
2594 2599
2594 2606
2594 2623
2594 2624
2594 3007
2594 3019
2594 3035
2594 3038
2595 2601
2595 2602
2595 2606
2595 2612
2596 2614
2596 2618
2596 2621
2597 2697
2597 2703
2597 2992
2598 2695
2598 2697
2599 2601
2599 2604
2600 2601
2600 2602
2600 2606
2600 2612
2600 2695
2600 2697
2601 2606
2601 2610
2601 2618
2601 2623
2601 2624
2601 3007
2601 3019
2601 3035
2601 3038
2601 3047
2602 2611
2602 2613
2602 2617
2602 3059
2602 3062
2604 2605
2606 2610
2606 2618
2606 2625
2606 3038
2606 3047
2606 3073
2606 3075
2607 2614
2607 2618
2607 2621
2611 2612
2611 2614
2611 2618
2611 2621
2611 2625
2611 3073
2611 3075
2612 2613
2612 2617
2612 2995
2612 3008
2612 3059
2612 3062
2614 2627
2614 3073
2614 3074
2615 2995
2615 3008
2616 2628
2618 2627
2618 3070
2620 2628
2620 3073
2620 3074
2621 2627
2621 3070
2621 3073
2621 3074
2622 3073
2622 3074
2627 3038
2627 3047
2627 3071
2627 3072
2629 2960
2629 2963
2630 2960
2630 2963
2631 2942
2631 2943
2632 2942
2632 2943
2633 2644
2633 2646
2634 2950
2634 2956
2634 2963
2634 2964
2635 2941
2635 2946
2635 2950
2635 2956
2635 2963
2635 2964
2635 2967
2635 2999
2636 2673
2636 2684
2637 2639
2637 2643
2638 2942
2638 2943
2638 2945
2641 2942
2641 2943
2641 2945
2642 2652
2642 2654
2644 2652
2644 2654
2644 2657
2646 2657
2647 2653
2647 2655
2647 2658
2649 2653
2649 2655
2649 2658
2652 2653
2652 2658
2653 2654
2654 2658
2659 2898
2659 2901
2659 2942
2659 2943
2660 2898
2660 2901
2660 2942
2660 2943
2661 2664
2661 2665
2662 2941
2662 2946
2662 2967
2662 2999
2663 2664
2663 2665
2666 3119
2667 3119
2669 2670
2669 2734
2669 2735
2670 2734
2670 2735
2672 2673
2672 2684
2672 2895
2672 2897
2672 2899
2672 2900
2672 2901
2672 2904
2672 2906
2672 2907
2673 2693
2673 2894
2674 2787
2674 2795
2674 2802
2674 2805
2674 3078
2674 3083
2675 2771
2675 2793
2676 2771
2676 2793
2677 2753
2677 2756
2678 2753
2678 2756
2678 2981
2678 2984
2680 2682
2680 2683
2680 2699
2680 2705
2681 3119
2682 2686
2683 2686
2684 2693
2684 2894
2686 2699
2686 2705
2689 3078
2689 3080
2692 2981
2692 2984
2693 2895
2693 2897
2693 2899
2693 2900
2693 2901
2693 2904
2693 2906
2693 2907
2694 3078
2694 3080
2696 2755
2696 2763
2696 2785
2696 2789
2697 2702
2697 2704
2697 2707
2697 2716
2697 2717
2698 2712
2698 2715
2700 2755
2700 2763
2700 2785
2700 2789
2702 2703
2702 2900
2702 2902
2703 2704
2703 2707
2703 2716
2703 2717
2704 2775
2704 2788
2704 2900
2704 2902
2706 2787
2706 2795
2706 2878
2707 2775
2707 2787
2707 2788
2707 2795
2707 2900
2707 2902
2708 2712
2708 2715
2710 2878
2713 2723
2713 2725
2713 2728
2713 2731
2713 2878
2714 2723
2714 2725
2714 2728
2714 2731
2716 2778
2716 2780
2716 2786
2716 2790
2716 2888
2716 2893
2717 2778
2717 2790
2720 2780
2720 2786
2720 2888
2720 2893
2721 2780
2721 2786
2722 2780
2722 2786
2724 2804
2724 2809
2725 2801
2725 2804
2726 2801
2726 2804
2727 2798
2727 2799
2727 2808
2727 2813
2728 2785
2728 2786
2728 2789
2728 2794
2728 2804
2728 2809
2729 2791
2729 2795
2730 2787
2730 2795
2730 2802
2730 2805
2730 3078
2730 3083
2731 2785
2731 2786
2731 2789
2731 2794
2731 2798
2731 2799
2731 2808
2731 2813
2732 2787
2732 2791
2732 2795
2732 2802
2732 2805
2736 2759
2736 2764
2738 2835
2738 2836
2738 2841
2739 2789
2739 2797
2740 2745
2740 2826
2740 2828
2741 2745
2741 2826
2741 2828
2742 2827
2742 2828
2743 2854
2743 2857
2744 2838
2744 2858
2744 2862
2744 2864
2745 2826
2745 2828
2745 2838
2745 2850
2745 2855
2745 2858
2745 2862
2745 2864
2747 2781
2747 2791
2747 2812
2747 2814
2750 2760
2750 2762
2750 2778
2750 2790
2752 2759
2752 2764
2755 2771
2755 2784
2763 2771
2763 2784
2765 2780
2765 2786
2766 2789
2766 2797
2767 2789
2767 2797
2770 2780
2770 2786
2771 2780
2771 2786
2772 2862
2772 2864
2773 2774
2773 2776
2773 2783
2774 2779
2774 2783
2774 2786
2774 2835
2774 2836
2774 2841
2775 2785
2775 2789
2776 2779
2776 2782
2776 2783
2776 2785
2776 2786
2776 2835
2776 2836
2776 2841
2777 2782
2777 2785
2780 2786
2780 2793
2783 2787
2783 2795
2785 2788
2785 2816
2785 2820
2786 2793
2787 2789
2787 2796
2787 2802
2787 2806
2787 2807
2787 2811
2787 2815
2787 2819
2788 2789
2789 2795
2789 2816
2789 2820
2792 2862
2792 2864
2795 2797
2795 2798
2795 2803
2795 2806
2795 2807
2795 2808
2795 2809
2795 2811
2795 2815
2795 2819
2796 2797
2796 2798
2796 2802
2796 2803
2796 2806
2796 2807
2796 2830
2796 2834
2797 2819
2797 2823
2798 2819
2798 2823
2802 2808
2802 2809
2802 2830
2802 2834
2806 2807
2806 2810
2806 2814
2806 2821
2806 2824
2806 2831
2806 2843
2806 2859
2806 2860
2807 2810
2807 2814
2807 2821
2807 2824
2807 2831
2807 2843
2807 2859
2807 2860
2810 2817
2810 2822
2810 2823
2810 2825
2814 2817
2814 2822
2814 2823
2814 2825
2816 2827
2816 2828
2818 2827
2818 2828
2820 2827
2820 2828
2826 2828
2826 2850
2826 2855
2828 2850
2828 2855
2829 2835
2829 2836
2829 2841
2832 2835
2832 2836
2832 2841
2833 2854
2833 2857
2835 2849
2836 2849
2837 2840
2837 2845
2837 2862
2837 2864
2839 2840
2839 2845
2839 2862
2839 2864
2841 2849
2844 2849
2846 2849
2847 2849
2847 2859
2847 2860
2849 2852
2849 2910
2849 2913
2852 2859
2852 2860
2859 2860
2865 2870
2865 2872
2865 2874
2869 2870
2869 2872
2869 2874
2881 2885
2881 2886
2882 2885
2882 2886
2902 3078
2902 3080
2905 3078
2905 3080
2908 2912
2908 2914
2910 2912
2910 2914
2917 2922
2917 2923
2917 2924
2919 2922
2919 2923
2919 2924
2920 2927
2920 3001
2921 2927
2921 3001
2926 2980
2926 2983
2926 3006
2926 3015
2927 2928
2927 2984
2927 3000
2927 3003
2928 2930
2928 2962
2928 3000
2928 3001
2928 3003
2928 3006
2928 3010
2928 3013
2928 3015
2929 2930
2929 3000
2929 3003
2929 3006
2929 3013
2929 3014
2931 2933
2931 2998
2932 2971
2932 2973
2933 2934
2933 2938
2933 2994
2933 2998
2933 3000
2933 3013
2934 2992
2934 2998
2934 3025
2934 3035
2935 3039
2935 3048
2936 2949
2936 2952
2937 2949
2937 2952
2938 2998
2938 3016
2938 3019
2938 3026
2938 3031
2939 3031
2940 2942
2940 2945
2941 2958
2941 2959
2942 2945
2946 2958
2946 2959
2948 2987
2948 2990
2951 2987
2951 2990
2951 2991
2955 2987
2955 2990
2955 2991
2958 2968
2958 2969
2959 2968
2959 2969
2962 2992
2962 3005
2963 2971
2963 2972
2963 3000
2963 3003
2963 3019
2963 3023
2964 2971
2964 2972
2964 3000
2964 3003
2964 3019
2964 3023
2967 3000
2967 3003
2967 3013
2968 2978
2968 2979
2968 2981
2968 2982
2969 2978
2969 2979
2969 2981
2969 2982
2970 2987
2970 2990
2971 2999
2973 2999
2974 2987
2974 2990
2980 2989
2980 2991
2980 2993
2982 3000
2982 3003
2982 3013
2983 2989
2983 2991
2983 2993
2984 3000
2984 3001
2984 3003
2984 3013
2988 3000
2988 3003
2989 3000
2989 3003
2991 3000
2991 3003
2992 3010
2992 3031
2993 3006
2993 3015
2993 3019
2993 3023
2994 2998
2994 3016
2994 3019
2994 3026
2994 3031
2995 3043
2995 3049
2996 3053
2996 3054
2997 3025
2997 3035
2997 3045
2997 3050
2998 3000
2998 3013
2999 3000
2999 3003
2999 3013
3000 3011
3000 3015
3000 3020
3002 3024
3002 3029
3003 3021
3003 3023
3003 3053
3003 3054
3004 3006
3004 3014
3005 3006
3005 3010
3005 3015
3006 3007
3006 3014
3007 3015
3008 3039
3008 3043
3008 3049
3008 3051
3008 3053
3008 3060
3009 3045
3009 3050
3011 3013
3012 3039
3012 3051
3012 3053
3012 3054
3012 3060
3013 3015
3013 3020
3013 3021
3013 3023
3013 3053
3013 3054
3014 3015
3015 3033
3015 3036
3015 3040
3015 3050
3017 3024
3017 3029
3018 3039
3018 3048
3019 3023
3019 3025
3019 3028
3019 3035
3019 3071
3019 3072
3020 3033
3020 3036
3020 3040
3020 3050
3022 3071
3022 3072
3023 3025
3023 3028
3023 3035
3023 3044
3023 3047
3025 3044
3025 3047
3027 3039
3027 3048
3030 3042
3030 3046
3032 3039
3032 3048
3034 3042
3034 3046
3036 3046
3036 3052
3037 3038
3037 3047
3038 3044
3039 3049
3039 3056
3040 3043
3040 3046
3040 3049
3040 3052
3043 3050
3044 3047
3046 3050
3048 3049
3048 3052
3048 3056
3048 3057
3048 3058
3048 3059
3049 3050
3049 3051
3050 3052
3051 3052
3051 3056
3051 3057
3051 3058
3051 3059
3073 3100
3073 3107
3075 3100
3075 3107
3076 3078
3076 3083
3077 3081
3077 3087
3078 3086
3079 3081
3079 3087
3083 3086
3092 3104
3092 3106
3094 3104
3094 3106
3096 3112
3096 3113
3108 3112
3108 3113
3115 3119
