0 65
0 66
0 79
0 84
0 1300
1 661
1 662
2 162
2 307
2 308
3 439
3 440
3 441
3 476
3 477
3 810
3 818
3 833
3 836
3 879
3 880
3 1402
3 1410
4 1268
4 1269
4 1331
4 1342
4 2312
4 2349
5 15
5 1208
6 15
6 1208
6 2011
6 2013
7 555
7 577
7 2011
7 2013
8 9
8 22
8 23
8 24
8 110
8 147
8 149
8 151
8 152
8 155
8 167
8 184
8 187
8 270
8 271
8 533
8 544
8 548
8 552
8 560
8 562
8 569
8 591
8 601
8 1539
8 1562
8 1569
8 1584
8 1585
8 1587
8 1588
8 1793
8 1797
8 1801
8 1968
8 1979
8 1981
8 1982
8 1987
8 1998
8 2005
8 2007
8 2012
8 2014
8 2016
8 2017
8 2018
8 2022
8 2032
8 2034
8 2593
8 2596
8 2685
8 2766
8 2768
9 22
9 23
9 24
9 152
9 155
9 171
9 207
9 208
9 210
9 211
9 214
9 217
9 267
9 270
9 271
9 273
9 277
9 531
9 548
9 1586
9 1587
9 1588
9 1590
9 1619
9 1620
9 1623
9 1624
9 1627
9 1630
9 1632
9 1710
9 1712
9 1713
9 1716
9 1783
9 1786
9 1790
9 1793
9 1797
9 1799
9 1801
9 1804
9 1807
9 1810
9 1973
9 1992
9 2232
9 2235
9 2393
9 2398
9 2399
10 25
10 26
10 155
10 207
10 208
10 210
10 211
10 214
10 217
10 267
10 270
10 273
10 1624
10 1630
10 1710
10 1712
10 1713
10 1716
10 1973
10 1992
10 2393
10 2398
10 2399
11 25
11 26
12 15
12 1208
13 1209
13 1210
14 1209
14 1210
15 27
15 1286
15 1289
15 1292
15 1298
15 1327
15 1328
16 558
16 566
16 932
16 969
16 971
16 1327
16 1328
17 1139
17 1140
18 925
18 941
18 1152
18 1166
19 151
19 152
19 169
19 249
19 480
19 481
19 522
19 534
19 591
19 602
19 636
19 638
19 644
19 645
19 1493
19 2610
20 591
20 602
20 636
20 638
20 644
20 645
21 37
21 39
21 550
21 557
21 1445
21 1448
21 1829
21 1857
21 2003
21 2013
21 2020
22 23
22 24
22 37
22 39
22 65
22 66
22 147
22 149
22 167
22 332
22 334
22 427
22 429
22 520
22 533
22 536
22 544
22 548
22 552
22 560
22 562
22 569
22 605
22 606
22 1438
22 1441
22 1445
22 1448
22 1562
22 1565
22 1584
22 1585
22 1619
22 1623
22 1793
22 1797
22 1801
22 1829
22 1857
22 1881
22 1882
22 1961
22 1989
22 1996
22 2003
22 2008
22 2010
22 2011
22 2013
22 2014
22 2016
22 2020
22 2032
22 2034
22 2593
22 2596
22 2766
22 2768
22 2787
22 2789
23 24
23 30
23 65
23 66
23 110
23 147
23 149
23 151
23 152
23 155
23 165
23 169
23 171
23 207
23 208
23 224
23 225
23 240
23 270
23 317
23 332
23 334
23 458
23 462
23 463
23 531
23 532
23 533
23 548
23 552
23 553
23 560
23 771
23 772
23 776
23 789
23 791
23 795
23 1539
23 1565
23 1569
23 1584
23 1585
23 1586
23 1587
23 1601
23 1607
23 1619
23 1623
23 1771
23 1775
23 1777
23 1784
23 1801
23 1804
23 1805
23 1806
23 1807
23 1810
23 1813
23 1981
23 1987
23 2014
23 2016
23 2109
23 2112
23 2113
23 2207
23 2212
23 2685
23 2766
23 2768
24 30
24 149
24 151
24 152
24 155
24 165
24 169
24 171
24 214
24 217
24 224
24 225
24 240
24 270
24 317
24 458
24 462
24 463
24 771
24 776
24 789
24 791
24 795
24 1586
24 1587
24 1590
24 1601
24 1607
24 1619
24 1620
24 1623
24 1624
24 1627
24 1632
24 1771
24 1775
24 1777
24 1783
24 1784
24 1786
24 1790
24 1793
24 1797
24 1799
24 1801
24 1804
24 1805
24 1806
24 1807
24 1810
24 1813
24 2207
24 2212
24 2232
24 2235
27 1208
28 90
28 92
29 30
29 31
29 125
29 131
29 147
29 148
29 155
29 165
29 168
29 207
29 208
29 270
29 305
29 306
29 427
29 429
29 481
29 506
29 520
29 532
29 533
29 536
29 543
29 544
29 548
29 552
29 553
29 554
29 557
29 568
29 570
29 587
29 588
29 589
29 591
29 601
29 603
29 605
29 606
29 607
29 616
29 620
29 715
29 743
29 746
29 750
29 946
29 947
29 1438
29 1441
29 1445
29 1448
29 1450
29 1451
29 1459
29 1463
29 1466
29 1468
29 1840
29 1878
29 1881
29 1882
29 1938
29 1961
29 1963
29 1966
29 1972
29 1978
29 1983
29 1988
29 1989
29 1990
29 1994
29 1996
29 1998
29 2004
29 2005
29 2006
29 2008
29 2010
29 2013
29 2014
29 2016
29 2106
29 2109
29 2112
29 2113
29 2192
29 2197
29 2364
29 2365
29 2785
29 2786
29 2787
29 2789
30 31
30 481
30 506
30 543
30 544
30 550
30 552
30 554
30 557
30 568
30 589
30 616
30 620
30 715
30 1939
30 1940
30 1966
30 1972
30 1978
30 1983
30 1988
30 1990
30 1993
30 1994
30 2002
30 2011
30 2013
30 2107
30 2110
30 2364
30 2365
30 2507
30 2509
30 2785
30 2786
31 125
31 131
31 147
31 148
31 155
31 165
31 168
31 270
31 305
31 306
31 533
31 536
31 544
31 548
31 568
31 570
31 587
31 588
31 591
31 601
31 603
31 607
31 743
31 746
31 750
31 771
31 772
31 946
31 947
31 1445
31 1448
31 1450
31 1451
31 1459
31 1463
31 1466
31 1468
31 1840
31 1878
31 1938
31 1963
31 1966
31 1972
31 1988
31 1998
31 2004
31 2005
31 2006
31 2014
31 2016
31 2106
31 2109
31 2112
31 2113
31 2192
31 2197
32 1049
32 1056
33 90
33 92
34 64
34 200
34 1049
34 1056
35 602
35 607
35 878
35 1073
35 1075
35 1215
35 1856
35 1859
35 1887
35 1888
35 1939
35 1940
35 1971
35 1987
35 1993
35 2002
35 2008
35 2015
35 2023
35 2107
35 2110
35 2507
35 2509
36 64
36 200
36 1049
36 1056
36 1209
36 1210
37 2767
37 2769
38 53
38 55
38 495
38 496
38 514
38 523
38 527
38 545
38 589
38 592
38 602
38 607
38 665
38 670
38 675
38 695
38 698
38 715
38 720
38 878
38 1017
38 1020
38 1021
38 1033
38 1066
38 1071
38 1073
38 1075
38 1151
38 1154
38 1180
38 1182
38 1215
38 1236
38 1237
38 1502
38 1506
38 1856
38 1859
38 1885
38 1887
38 1888
38 1901
38 1955
38 1956
38 1971
38 1986
38 1987
38 1997
38 2008
38 2015
38 2023
38 2128
38 2129
38 2398
38 2399
38 2418
38 2436
38 2450
38 2451
38 2460
38 2461
38 2518
38 2541
38 2763
38 2764
39 493
39 494
39 495
39 496
39 523
39 527
39 1017
39 1039
39 1042
39 1052
39 1981
39 1985
39 1987
39 2002
39 2015
39 2023
39 2419
39 2443
39 2447
39 2452
39 2456
39 2461
39 2466
39 2508
39 2511
39 2524
39 2527
39 2532
39 2563
39 2564
39 2767
39 2769
39 2795
39 2796
40 2472
40 2473
41 127
41 128
41 1595
41 1655
42 493
42 494
42 495
42 496
42 523
42 527
42 669
42 929
42 1017
42 1034
42 1038
42 1039
42 1042
42 1052
42 1161
42 1167
42 1172
42 1175
42 1212
42 1525
42 1526
42 1981
42 1985
42 1987
42 2002
42 2015
42 2023
42 2419
42 2443
42 2447
42 2452
42 2456
42 2461
42 2466
42 2508
42 2511
42 2524
42 2527
42 2532
42 2563
42 2564
42 2795
42 2796
43 45
43 49
43 1509
44 1161
44 1167
44 2472
44 2473
45 1509
46 127
46 128
46 648
46 652
46 1595
46 1648
46 1649
46 1655
47 87
47 95
47 2611
47 2695
48 1648
48 1649
49 1509
50 2611
50 2695
51 87
51 95
51 558
51 566
51 932
51 969
51 971
52 648
52 652
53 1502
54 1190
54 1193
54 1194
55 63
55 1163
55 1502
56 564
56 572
56 575
56 1190
56 1193
56 1194
57 564
57 572
57 575
58 63
58 1027
58 1131
58 1163
59 494
59 495
59 543
59 552
59 560
59 663
59 664
59 1027
59 1131
59 1151
59 1154
60 494
60 495
60 543
60 552
60 560
60 663
60 664
60 1151
60 1154
61 494
61 495
61 496
62 494
62 495
62 496
62 543
62 552
62 560
62 663
62 664
62 1151
62 1154
63 925
63 941
63 1152
63 1166
63 1187
63 1191
65 70
65 71
65 87
65 95
65 137
65 140
65 207
65 210
65 277
65 282
65 489
65 1654
65 1655
65 1656
65 1658
65 2030
65 2031
66 87
66 95
66 489
66 1656
66 1658
67 147
67 184
67 187
67 533
67 996
67 997
67 1001
67 1002
68 125
68 131
68 144
68 571
69 161
69 162
70 83
70 84
70 128
70 132
70 306
70 307
70 308
70 1376
70 1383
70 1400
70 1403
71 83
71 84
71 128
71 132
71 306
71 307
71 308
71 1308
71 1311
71 1356
71 1360
71 1368
71 1376
71 1383
71 1400
71 1403
72 1308
72 1311
72 1356
72 1360
72 1368
73 76
73 77
73 128
73 132
73 1326
73 1327
73 1328
73 2687
73 2689
74 76
74 77
74 128
74 132
75 116
75 120
76 116
76 120
78 556
78 567
79 489
80 81
80 137
80 140
80 1271
80 1276
80 1280
80 1282
80 1284
80 1291
80 1292
80 1298
80 1541
81 82
81 140
81 1264
81 1265
81 1292
81 1298
81 2319
81 2321
81 2635
81 2640
81 2674
81 2677
82 140
82 2635
82 2640
83 580
83 581
84 87
84 95
84 105
84 108
84 489
84 1654
84 1655
85 184
85 187
86 105
86 109
86 114
86 117
86 125
86 131
86 144
86 571
86 1599
86 1742
87 114
87 117
87 161
87 162
87 915
87 916
87 1599
87 1742
87 2713
87 2721
88 1302
88 1303
89 1302
89 1303
90 172
90 177
91 201
91 203
92 172
92 177
93 201
93 203
94 105
94 109
94 116
94 120
95 915
95 916
95 2713
95 2721
96 578
96 580
96 581
96 582
97 105
97 108
98 116
98 120
98 579
98 582
99 206
99 207
100 578
100 582
101 555
101 577
102 579
102 582
103 145
103 194
103 198
103 532
103 559
103 565
104 206
104 207
105 145
105 194
105 198
105 532
105 578
105 580
105 581
105 582
105 586
105 1551
105 1555
106 491
106 492
107 559
107 565
108 491
108 492
108 524
108 567
108 574
108 578
108 580
108 581
108 582
108 586
108 1280
108 1282
108 1551
108 1555
109 116
109 120
109 578
109 580
109 581
109 582
109 586
110 213
110 214
110 215
110 216
110 217
110 1511
110 1512
110 1516
110 1584
110 1585
110 1608
110 1614
110 1617
110 1646
110 1649
110 1654
110 1655
110 1661
110 1662
111 491
111 492
112 491
112 492
112 524
112 567
112 574
112 1280
112 1282
113 116
113 120
115 296
115 301
115 450
115 451
115 452
117 811
117 819
117 1414
117 1415
117 1894
117 1895
117 1925
117 2306
117 2319
118 121
118 126
118 207
118 208
118 214
118 217
118 234
118 273
118 275
118 276
118 277
118 278
118 280
118 281
118 282
118 533
118 541
118 589
118 608
118 613
118 717
118 731
118 866
118 1424
118 1513
118 1517
118 1597
118 1598
118 1652
118 1654
118 1655
118 1669
118 1670
118 1671
118 1714
118 1715
118 1720
118 1721
118 1739
118 1741
118 1874
118 1876
118 2302
118 2303
118 2351
118 2365
119 811
119 819
119 1414
119 1415
121 126
121 207
121 208
121 213
121 214
121 215
121 217
121 234
121 263
121 269
121 273
121 275
121 276
121 277
121 278
121 280
121 281
121 282
121 533
121 541
121 589
121 608
121 613
121 717
121 731
121 866
121 1422
121 1423
121 1424
121 1511
121 1512
121 1513
121 1516
121 1517
121 1584
121 1585
121 1596
121 1597
121 1598
121 1608
121 1614
121 1617
121 1652
121 1654
121 1655
121 1659
121 1661
121 1662
121 1669
121 1670
121 1671
121 1714
121 1715
121 1720
121 1721
121 1739
121 1741
121 1874
121 1876
121 1998
121 2005
121 2154
121 2159
121 2302
121 2303
121 2351
121 2365
121 2795
121 2796
122 556
122 567
123 159
123 235
123 236
123 296
123 300
123 301
123 302
123 305
123 306
123 307
123 450
123 451
123 452
123 1382
123 1386
123 1894
123 1895
123 1925
123 1991
123 1998
123 2005
123 2024
123 2254
123 2267
123 2306
123 2319
123 2743
123 2744
124 873
124 921
125 127
125 128
125 131
125 159
125 300
125 302
125 305
125 799
125 1382
125 1386
125 1395
125 1407
125 1412
125 1511
125 1513
125 1577
125 1991
125 1998
125 2005
125 2024
126 235
126 236
126 263
126 269
126 1422
126 1423
126 1596
126 1659
126 1670
126 1671
126 1998
126 2005
126 2154
126 2159
126 2254
126 2267
126 2743
126 2744
126 2795
126 2796
127 128
127 131
127 133
127 135
127 506
127 517
127 537
127 550
127 563
127 611
127 616
127 1396
127 1403
127 1407
127 1412
127 1511
127 1513
127 1557
127 1558
127 1577
127 2248
127 2249
127 2256
127 2713
127 2724
127 2734
127 2737
128 132
128 133
128 135
128 138
128 139
128 141
128 216
128 217
128 307
128 308
128 537
128 550
128 563
128 1327
128 1328
128 1387
128 1388
128 1392
128 1536
128 1537
128 1557
128 1558
128 1577
128 1578
128 1623
128 1627
128 2248
128 2249
128 2256
128 2259
128 2260
128 2664
128 2669
128 2676
128 2677
128 2678
128 2687
128 2689
128 2700
128 2706
128 2724
128 2726
129 873
129 921
130 306
130 307
131 799
131 1395
132 133
132 138
132 139
132 160
132 216
132 217
132 220
132 221
132 262
132 270
132 435
132 798
132 801
132 820
132 821
132 822
132 825
132 1244
132 1270
132 1279
132 1306
132 1309
132 1319
132 1320
132 1321
132 1322
132 1326
132 1327
132 1328
132 1333
132 1334
132 1338
132 1346
132 1349
132 1351
132 1352
132 1359
132 1360
132 1363
132 1374
132 1375
132 1381
132 1382
132 1383
132 1387
132 1388
132 1392
132 1395
132 1396
132 1403
132 1483
132 1536
132 1577
132 1890
132 2244
132 2259
132 2260
132 2398
132 2399
132 2614
132 2615
132 2652
132 2656
132 2661
132 2662
132 2664
132 2667
132 2669
132 2676
132 2678
132 2693
132 2694
132 2739
132 2740
133 135
133 137
133 138
133 139
133 140
133 141
133 610
133 614
133 798
133 820
133 821
133 1244
133 1292
133 1298
133 1306
133 1309
133 1319
133 1321
133 1333
133 1334
133 1365
133 1373
133 1395
133 1541
133 1890
133 1894
133 1895
133 1897
133 1925
133 1991
133 2020
133 2024
133 2037
133 2038
133 2244
133 2245
133 2246
133 2305
133 2307
133 2613
133 2614
133 2633
133 2638
133 2665
133 2670
133 2673
133 2676
133 2678
133 2690
133 2691
133 2693
133 2694
134 160
134 220
134 221
134 262
134 270
134 435
134 506
134 517
134 611
134 616
134 801
134 1326
134 1328
134 1338
134 1349
134 1351
134 1360
134 1374
134 1381
134 1382
134 1383
134 1396
134 1403
134 2248
134 2249
134 2256
134 2398
134 2399
134 2661
134 2662
134 2713
134 2724
134 2734
134 2737
134 2739
134 2740
135 137
135 139
135 140
135 141
135 1271
135 1276
135 1292
135 1294
135 1298
135 1299
135 1365
135 1373
135 1541
135 1894
135 1895
135 1897
135 1925
135 1991
135 2020
135 2024
135 2037
135 2038
135 2246
135 2305
135 2307
135 2620
135 2621
135 2673
135 2676
135 2690
135 2691
136 2641
136 2646
137 139
137 140
137 141
137 219
137 870
137 1251
137 1271
137 1276
137 1292
137 1294
137 1298
137 1299
137 1503
137 1504
137 1507
137 1541
137 1894
137 1895
137 1925
137 2620
137 2621
137 2641
137 2646
138 139
138 822
138 825
138 917
138 919
138 1270
138 1279
138 1346
138 1347
138 1352
138 1353
138 1359
138 1362
138 1363
138 1369
138 1375
138 1382
138 1392
138 1396
138 1577
138 1581
138 1582
138 1602
138 2614
138 2615
138 2652
138 2656
138 2661
138 2667
138 2680
138 2681
139 140
139 141
139 610
139 614
139 917
139 919
139 1248
139 1330
139 1331
139 1342
139 1346
139 1347
139 1353
139 1362
139 1369
139 1382
139 1383
139 1577
139 1581
139 1582
139 1602
139 1890
139 2037
139 2038
139 2245
139 2321
139 2322
139 2613
139 2614
139 2633
139 2635
139 2638
139 2640
139 2660
139 2661
139 2664
139 2665
139 2667
139 2669
139 2670
139 2672
139 2680
139 2681
139 2682
139 2684
140 141
140 219
140 870
140 1251
140 1264
140 1265
140 1271
140 1276
140 1291
140 1292
140 1298
140 1306
140 1309
140 1503
140 1504
140 1507
140 1541
140 2319
140 2321
140 2674
140 2677
141 1248
141 1330
141 1331
141 1342
141 1346
141 1382
141 1383
141 1577
141 2037
141 2038
141 2321
141 2322
141 2635
141 2640
141 2660
141 2664
141 2669
141 2672
141 2682
141 2684
142 1268
142 1269
142 1331
142 1342
142 2312
142 2349
143 193
143 197
144 193
144 197
145 152
145 171
145 506
145 517
146 148
146 149
146 151
146 169
147 148
147 182
147 185
147 222
147 277
147 282
147 303
147 306
147 307
147 438
147 533
147 541
147 553
147 802
147 1991
147 2024
147 2029
148 182
148 185
148 277
148 282
148 303
148 306
148 307
148 438
148 533
148 541
148 553
148 802
148 1991
148 2024
148 2029
149 262
149 270
149 541
149 553
150 262
150 270
150 327
150 332
150 1984
150 1995
151 155
151 262
151 270
151 553
151 1230
151 1231
151 1584
151 1585
151 2012
151 2016
152 155
152 164
152 262
152 270
152 271
152 277
152 541
152 553
152 791
152 795
152 1231
152 1786
152 1796
153 1801
153 1804
153 1983
153 1988
153 1994
154 191
154 192
154 196
154 199
155 160
155 171
155 189
155 192
155 196
155 199
155 221
155 1998
155 2005
156 189
156 196
157 161
157 221
157 273
157 277
157 280
157 283
157 286
157 291
157 296
157 297
157 301
158 161
158 221
158 273
158 277
158 280
158 283
158 286
158 291
158 296
158 297
158 301
160 270
160 303
160 306
160 510
160 523
160 1581
160 1582
160 1602
160 2611
160 2695
161 174
161 175
161 179
161 182
161 807
161 814
161 1340
161 1341
161 1351
162 174
162 175
162 179
162 182
162 1238
162 1340
162 1341
162 1351
163 207
163 208
163 548
163 554
164 171
165 262
165 270
165 327
165 332
166 207
166 208
166 548
166 554
167 207
167 208
168 262
168 270
168 327
168 332
168 1984
168 1995
169 173
169 176
169 186
169 190
169 553
169 1230
169 1231
169 2012
169 2016
170 188
170 195
171 173
171 176
171 186
171 190
171 262
171 270
171 271
171 277
171 541
171 553
171 791
171 795
171 1230
171 1231
171 1584
171 1585
171 1786
171 1796
174 188
174 195
175 541
175 553
178 1320
178 1322
179 187
179 189
180 541
180 553
180 1688
180 1698
181 1688
181 1698
182 187
182 189
183 1320
183 1322
184 533
184 541
184 1565
184 1591
184 1632
185 1801
185 1804
185 1983
185 1988
185 1994
187 533
187 541
187 1565
187 1591
187 1632
188 533
188 541
189 270
189 1591
189 1632
190 533
190 541
191 202
192 270
193 571
195 533
195 541
196 202
196 305
196 306
197 571
199 305
199 306
203 207
203 208
203 210
203 1620
203 1623
204 277
204 282
205 277
205 282
207 208
207 209
207 210
207 214
207 219
207 508
207 1620
207 1623
208 209
208 214
208 508
208 1619
208 1623
208 1624
208 1627
209 210
209 1637
209 1644
209 2087
209 2089
210 214
210 219
210 1661
210 1662
211 533
211 541
211 1619
211 1623
211 1624
211 1627
212 1637
212 1644
213 533
213 541
213 1569
213 1661
213 1662
214 649
214 655
214 1597
214 1598
214 1650
214 1653
214 1654
214 1656
214 2087
214 2089
215 1569
216 1569
217 649
217 655
217 1569
217 1597
217 1598
217 1650
217 1653
217 1654
217 1656
218 277
218 282
219 277
219 282
219 2030
219 2031
221 270
221 303
221 306
221 510
221 523
221 1581
221 1582
221 1602
221 2611
221 2695
222 533
222 996
222 997
222 1001
222 1002
223 327
223 332
224 225
224 326
224 332
224 602
224 607
224 1230
224 1231
225 326
225 332
225 602
225 607
225 1230
225 1231
226 807
226 814
227 348
227 353
228 247
228 251
228 348
228 353
229 242
229 243
229 247
229 251
229 356
229 360
229 361
230 242
230 243
231 243
231 248
232 243
232 248
233 1422
233 1423
234 235
234 236
234 255
234 257
234 346
234 348
234 732
234 784
234 788
234 790
234 841
234 935
234 936
234 1462
234 1469
234 1470
235 255
235 257
235 702
235 708
235 1422
235 1423
235 1424
236 261
236 263
236 268
236 269
236 360
236 361
236 610
236 611
236 616
236 702
236 708
236 854
236 861
236 1424
237 261
237 268
238 303
238 306
238 307
238 337
238 338
238 1356
238 1361
238 1368
239 303
239 306
239 307
239 337
239 338
239 872
239 916
239 1238
239 1239
239 1351
239 1356
239 1360
239 1361
239 1368
240 1230
240 1231
241 807
241 814
242 356
242 360
242 361
243 356
243 360
243 361
244 345
244 350
245 345
245 350
246 345
246 350
249 1231
250 258
250 264
250 335
250 337
250 338
250 345
250 350
250 1230
250 1234
252 2087
252 2089
253 258
253 264
253 1230
253 1231
253 2445
253 2453
254 335
254 337
254 338
254 1230
254 1231
254 1234
254 2445
254 2453
255 256
255 1424
255 2087
255 2089
256 257
257 1424
258 264
258 271
258 277
258 466
258 470
258 526
258 533
258 541
258 842
258 843
259 303
259 306
259 466
259 470
259 526
259 533
259 541
259 842
259 843
259 1230
259 1231
260 295
260 296
260 303
260 306
260 1404
260 1412
262 327
262 332
262 1230
262 1231
262 1706
262 1715
263 1420
264 271
264 277
265 295
265 296
265 1404
265 1412
266 280
266 282
266 1438
266 1444
267 268
267 273
267 276
267 289
267 291
267 295
267 303
267 306
267 589
267 715
267 864
267 866
267 1377
267 1385
267 1693
267 1701
268 272
268 273
268 274
268 284
268 287
268 295
268 296
268 300
268 301
268 1438
268 1444
269 1420
270 327
270 332
270 1230
270 1231
270 1562
270 1565
270 1706
270 1713
270 1714
270 1715
270 1998
270 2005
271 1230
271 1234
271 1562
271 1565
271 1567
271 1713
271 1714
271 1720
271 1726
272 279
272 291
272 295
272 303
272 306
273 276
273 289
273 290
273 291
273 293
273 295
273 306
273 307
273 589
273 715
273 864
273 866
273 1693
273 1701
274 279
275 291
275 292
275 295
275 296
276 280
276 282
276 291
276 292
276 295
276 296
277 289
277 290
277 291
277 293
277 295
277 296
277 300
277 301
277 306
277 307
277 1230
277 1234
277 1338
277 1349
277 1396
277 1403
277 1567
277 1581
277 1602
277 1720
277 1726
278 289
278 291
278 1377
278 1385
279 284
279 287
279 295
279 296
279 300
279 301
280 289
280 291
280 295
280 1338
280 1349
280 1396
280 1403
281 291
281 295
281 296
282 291
282 295
282 296
282 300
282 301
282 1581
282 1602
285 2112
285 2113
285 2114
288 2112
288 2113
288 2114
289 814
289 819
291 296
291 301
291 814
291 819
294 1408
294 1417
295 296
295 300
295 301
295 1597
295 1598
296 300
296 814
296 819
296 853
296 860
297 853
297 860
297 1230
297 1234
298 1356
298 1360
298 1368
299 1356
299 1360
299 1368
299 1408
299 1417
300 814
300 819
300 853
300 860
300 1597
300 1598
301 814
301 819
301 853
301 860
302 512
302 517
302 525
303 512
303 517
303 525
303 533
303 553
303 561
303 811
303 819
303 993
303 994
303 1350
303 1351
303 1355
303 1356
303 1360
303 1368
303 1404
303 1409
303 2747
303 2748
304 1230
304 1234
305 533
305 541
305 811
305 819
306 533
306 553
306 561
306 802
306 811
306 813
306 819
306 993
306 994
306 1238
306 1239
306 1350
306 1351
306 1355
306 1356
306 1360
306 1368
306 1371
306 1377
306 1404
306 1409
306 1412
306 2747
306 2748
307 533
307 541
307 589
307 715
307 802
307 807
307 811
307 813
307 814
307 819
307 1238
307 1239
307 1340
307 1341
307 1351
307 1356
307 1360
307 1368
307 1371
307 1377
307 1404
307 1412
307 1577
307 2747
307 2748
308 589
308 715
308 807
308 814
308 1238
308 1239
308 1340
308 1341
308 1351
308 1577
309 616
309 620
310 616
310 620
311 322
311 323
311 340
311 341
311 597
311 604
311 609
311 718
311 720
311 751
311 755
311 756
311 759
312 322
312 323
312 340
312 341
312 597
312 604
312 609
312 718
312 720
312 751
312 755
312 756
312 759
313 611
313 616
314 621
314 626
315 621
315 626
316 730
316 869
317 339
317 343
318 359
318 364
319 359
319 364
320 340
320 344
321 352
321 354
322 328
323 328
323 597
323 609
323 654
323 656
323 658
323 660
324 597
324 609
324 654
324 656
324 658
324 660
325 642
325 643
327 1406
327 1411
328 734
328 747
328 748
329 734
329 747
329 748
330 1443
330 1444
331 642
331 643
332 336
332 342
332 1406
332 1411
333 1443
333 1444
334 336
334 342
335 351
335 355
335 1508
335 1512
337 351
337 355
337 1361
337 1372
338 351
338 355
338 1361
338 1372
338 1508
338 1512
339 782
340 778
343 345
343 350
343 782
344 778
345 347
345 350
345 355
345 357
345 775
345 780
346 1424
347 348
347 350
347 353
347 769
347 773
348 352
348 1424
349 769
349 773
350 355
350 357
350 775
350 780
352 353
352 769
353 361
353 363
353 366
353 367
354 769
356 361
356 363
356 366
356 367
356 774
356 778
358 774
358 778
360 779
360 780
360 1420
361 363
361 774
361 778
361 1420
362 779
362 780
365 770
365 774
366 770
366 774
368 723
368 725
369 377
369 388
369 683
369 688
369 691
369 723
369 725
370 377
370 378
370 388
370 683
370 688
370 691
371 377
371 378
371 705
371 709
372 699
372 704
372 713
373 390
373 391
374 390
374 391
374 396
374 399
375 396
375 399
376 396
376 399
377 395
377 396
377 399
377 400
377 1407
377 1412
378 395
378 400
378 1407
378 1412
379 595
379 729
380 1427
380 1431
381 737
381 742
381 831
381 832
382 737
382 742
382 831
382 832
383 403
383 408
383 820
383 821
383 863
383 864
384 387
384 392
384 403
384 408
384 820
384 821
384 863
384 864
385 1464
385 1467
386 1443
386 1444
387 1477
387 1478
387 1481
388 392
388 394
389 392
389 394
389 815
389 822
389 1479
389 1480
392 705
392 709
392 1477
392 1478
392 1481
393 815
393 822
393 1479
393 1480
395 725
395 726
397 399
397 403
397 404
397 408
398 595
398 729
399 402
400 725
400 726
401 725
401 726
402 403
402 404
402 408
402 1479
402 1480
403 608
403 613
405 608
405 613
406 1479
406 1480
407 1462
407 1469
407 1470
408 1462
408 1469
408 1470
409 701
409 706
410 1427
410 1431
411 534
411 549
411 701
411 706
412 534
412 549
413 603
413 608
413 842
413 843
413 851
413 1459
413 1468
414 603
414 608
414 842
414 843
414 851
415 418
415 422
416 455
416 458
416 803
416 814
416 843
416 851
416 1459
416 1468
417 1463
417 1466
418 422
418 425
418 428
419 455
419 458
419 822
419 825
420 1463
420 1466
421 455
421 458
421 803
421 814
421 822
421 825
421 843
421 851
421 1459
421 1468
422 425
422 428
422 737
422 742
423 425
423 428
424 1464
424 1467
425 428
425 465
425 468
425 731
425 738
425 740
425 866
426 738
426 740
428 465
428 468
428 731
428 866
429 1431
429 1433
429 1436
429 1439
430 1431
430 1433
430 1436
430 1439
431 1425
431 1428
432 879
432 880
433 1248
433 1330
434 1248
434 1330
435 809
435 816
435 838
435 840
435 1458
435 1461
436 438
436 453
436 458
436 462
436 463
436 465
436 467
436 468
436 469
437 438
437 453
437 458
437 462
437 463
437 465
437 467
437 468
437 469
439 440
439 441
439 476
439 477
439 809
439 812
439 816
439 817
439 870
439 1402
439 1406
440 477
440 870
440 1352
440 1353
441 477
441 870
442 592
442 720
442 889
442 891
442 908
442 913
443 889
443 891
443 908
443 913
444 876
444 897
444 903
444 912
445 458
445 460
445 884
445 888
446 513
446 522
446 551
446 565
446 1046
446 1047
446 1086
446 1094
447 780
447 783
448 780
448 783
449 513
449 522
449 551
449 565
449 1046
449 1047
449 1086
449 1094
454 465
454 468
456 465
456 468
457 464
457 465
457 468
458 459
458 465
458 466
458 470
458 808
458 820
458 821
459 460
459 884
459 888
461 464
461 465
461 468
462 465
462 466
462 470
462 808
462 820
462 821
463 465
463 466
463 470
464 465
464 468
464 807
464 814
464 822
464 825
465 466
465 468
465 470
465 807
465 814
465 820
465 821
465 822
465 825
466 468
466 470
466 471
466 807
466 814
468 469
468 473
468 474
468 801
468 815
469 471
470 807
470 814
470 820
470 821
471 473
471 474
471 801
471 815
471 820
471 821
472 1540
472 2658
473 1288
473 1297
473 1540
473 2658
474 1283
474 1285
474 1288
474 1297
475 1283
475 1285
476 477
476 870
476 1352
476 1353
477 809
477 812
477 816
477 817
477 870
477 1402
477 1406
478 661
478 662
479 1591
479 1592
480 1231
481 1231
482 616
482 620
483 539
483 542
484 519
484 527
484 528
484 538
484 546
485 599
485 600
485 624
485 629
486 599
486 600
486 618
486 622
486 624
486 625
486 628
486 630
487 625
487 630
488 587
488 598
489 1300
490 2635
490 2640
491 918
491 920
491 1205
491 1206
491 1207
491 1209
492 918
492 920
492 1205
492 1206
492 1207
492 1209
493 1195
493 1203
494 1194
494 1195
494 1197
494 1199
494 1203
494 1204
494 1205
495 1064
495 1070
495 1155
495 1156
495 1172
495 1175
495 1182
495 1184
495 1187
495 1188
495 1190
495 1191
495 1192
495 1194
495 1195
495 1196
495 1197
495 1199
495 1204
495 1205
495 1502
496 1064
496 1070
496 1155
496 1156
496 1172
496 1175
496 1182
496 1184
496 1187
496 1188
496 1190
496 1191
496 1192
496 1194
496 1195
496 1196
496 1197
496 1199
496 1204
496 1205
496 1502
497 1017
497 1039
497 1042
497 1047
497 1066
497 1155
497 1156
498 663
498 1016
498 1017
498 1039
498 1042
498 1047
498 1066
498 1155
498 1156
499 587
499 598
500 618
500 622
500 624
500 625
500 628
500 630
500 635
500 636
501 624
501 629
501 633
501 635
502 636
502 638
503 519
503 527
503 528
503 538
503 546
504 519
504 528
504 538
504 539
504 542
505 589
505 616
505 620
505 715
505 717
506 518
506 520
506 525
506 532
506 1459
506 1468
506 1552
506 1557
507 1591
507 1592
509 700
509 705
510 625
510 628
510 630
510 633
510 635
510 636
510 700
510 705
511 615
511 623
511 625
511 630
512 520
512 525
512 589
512 715
512 717
512 1482
512 1601
514 1502
515 543
515 544
515 615
515 623
515 625
515 629
515 630
515 635
515 636
516 636
516 638
516 641
517 518
517 520
517 525
517 532
517 1459
517 1468
517 1552
517 1557
520 1482
520 1601
521 1230
521 1234
521 1340
521 1341
522 1231
523 635
523 636
523 638
523 1502
523 1993
523 2002
523 2127
523 2128
525 1482
525 1601
527 625
527 630
527 635
527 636
527 638
527 1502
527 1993
527 2002
527 2019
527 2021
527 2127
527 2128
528 638
528 641
529 530
529 540
529 543
529 544
529 552
529 560
530 539
530 540
530 544
530 552
530 560
530 638
530 641
531 544
531 552
531 1580
531 1581
533 541
533 553
533 1584
533 1585
533 1645
533 1646
534 1231
534 1989
534 1996
535 543
535 544
535 554
536 750
536 753
537 1230
537 1234
537 1338
537 1340
537 1341
537 1349
538 638
538 641
539 540
539 543
539 544
539 552
539 560
540 543
540 547
540 551
540 560
540 565
540 638
540 641
541 553
541 1584
541 1585
541 1645
541 1646
542 543
542 544
542 554
543 547
543 551
543 552
543 558
543 560
543 565
543 638
543 641
543 644
543 645
543 1552
543 1557
544 558
544 638
544 641
544 644
544 645
544 1552
544 1557
544 1562
545 1177
545 1178
545 1502
546 625
546 630
546 2019
546 2021
547 2004
547 2011
547 2014
548 644
548 645
548 750
548 753
548 1562
548 1580
548 1581
549 1177
549 1178
549 1989
549 1996
551 560
551 2004
551 2011
551 2014
552 554
552 560
552 638
552 641
554 560
554 638
554 641
554 644
554 645
557 1338
557 1349
558 615
558 623
558 625
558 629
558 630
558 635
558 636
559 638
559 641
559 1462
559 1470
560 565
561 753
561 758
562 1562
562 1983
562 1994
563 1338
563 1349
564 1207
564 1209
565 638
565 641
565 1462
565 1470
568 1317
568 1318
569 1562
569 1983
569 1994
570 1317
570 1318
570 1616
570 1619
571 753
571 758
572 1207
572 1208
572 2008
572 2015
573 1616
573 1619
575 1207
575 1208
575 1209
575 2008
575 2015
576 583
576 585
576 1616
576 1619
580 583
580 585
580 2004
580 2006
580 2014
581 2004
581 2006
581 2014
584 2635
584 2640
587 667
587 676
588 929
588 930
588 1464
588 1467
589 590
589 672
589 710
589 714
589 715
589 853
589 859
589 1044
589 1048
589 1053
589 1225
589 1228
589 1502
589 1552
589 1557
589 1938
589 1963
590 715
590 985
590 987
591 612
591 613
591 648
591 652
591 954
591 961
591 1562
592 603
592 607
592 608
592 613
592 881
592 1502
593 925
593 941
594 925
594 941
596 656
596 658
597 631
597 632
597 642
597 647
597 654
597 658
597 863
597 864
599 754
599 759
599 1409
599 1413
600 754
600 759
600 1409
600 1413
601 612
601 613
601 954
601 961
601 985
601 987
601 1562
602 648
602 652
603 607
603 608
603 613
603 807
603 814
603 1217
603 1220
603 1463
603 1466
603 1473
603 1474
604 642
604 647
604 656
604 658
607 608
607 613
607 807
607 814
607 1217
607 1220
607 1463
607 1466
608 610
608 614
608 625
608 630
608 636
608 638
608 639
608 701
608 711
608 1452
608 1454
608 1463
608 1466
608 1473
608 1474
609 631
609 632
609 642
609 647
609 654
609 658
609 863
609 864
610 613
610 1230
610 1231
610 1420
611 615
611 616
611 657
611 837
611 844
611 1392
611 1396
611 1400
611 1420
611 1437
611 1443
613 614
613 625
613 630
613 636
613 638
613 639
613 701
613 711
613 1452
613 1454
614 642
614 643
614 1230
614 1231
615 616
615 620
615 842
615 843
615 1392
615 1396
615 1409
615 1413
615 1429
615 1435
615 1438
615 1444
616 623
616 646
616 649
616 657
616 837
616 844
616 1141
616 1170
616 1396
616 1400
616 1420
616 1437
616 1443
616 1464
616 1467
617 621
617 627
619 621
619 627
620 623
620 625
620 626
620 630
620 631
620 632
620 646
620 649
620 650
620 651
620 1141
620 1170
620 1464
620 1467
621 626
621 631
621 632
621 642
621 643
621 650
621 651
623 842
623 843
623 1409
623 1413
623 1429
623 1435
623 1438
623 1444
625 627
625 1966
625 1972
625 1988
626 627
626 653
626 655
627 630
627 631
627 632
627 648
627 650
627 651
627 652
630 1966
630 1972
630 1988
631 653
631 655
632 653
632 655
634 648
634 652
634 1434
634 1437
637 650
637 651
640 1434
640 1437
642 650
642 651
642 771
642 772
642 777
643 650
643 651
643 771
643 772
643 777
647 771
647 772
647 777
654 659
654 660
656 659
656 660
663 1160
663 1472
663 1474
664 1073
664 1075
664 1079
664 1083
664 1469
664 1470
664 1472
664 1474
665 666
665 667
665 668
665 1026
665 1034
665 1072
665 1076
665 1079
665 1083
665 1125
665 1502
666 668
666 1034
666 1035
666 1038
666 1064
666 1070
666 1072
666 1076
666 1082
666 1089
667 668
667 689
667 690
667 696
667 701
667 706
667 1035
667 1038
667 1039
667 1042
667 1064
667 1070
667 1073
667 1075
667 1079
667 1083
668 692
668 695
668 926
668 940
668 1057
668 1058
668 1059
668 1064
668 1069
668 1070
668 1073
668 1075
669 677
669 678
669 681
669 684
669 685
669 692
669 695
669 1034
669 1041
669 1050
669 1057
669 1064
669 1070
669 1073
669 1075
669 1506
670 1057
670 1070
670 1434
670 1440
670 1502
671 1041
671 1050
672 717
673 704
673 713
674 937
674 938
675 1502
676 689
676 690
676 696
676 701
676 706
676 1039
676 1042
676 1064
676 1070
676 1079
676 1083
677 1034
678 1034
679 1041
679 1050
680 692
680 695
681 1034
682 933
682 934
682 1040
682 1041
682 1050
682 1051
683 706
683 712
683 723
683 725
684 692
684 695
684 1034
684 1057
684 1063
685 1034
686 1049
686 1056
687 933
687 934
687 1040
687 1041
687 1050
687 1051
688 706
688 712
688 723
688 725
689 1039
689 1042
689 1057
689 1063
690 1039
690 1042
692 1034
693 1049
693 1056
694 695
694 698
694 1064
694 1070
695 697
695 1034
695 1502
697 698
697 1064
697 1070
698 702
698 703
698 1502
699 716
699 725
699 726
700 1041
700 1049
700 1050
700 1056
700 1062
701 925
701 941
702 703
702 705
702 709
702 723
702 725
704 716
704 725
704 726
704 1043
705 708
705 958
705 965
705 1041
705 1049
705 1050
705 1056
705 1062
705 1453
705 1455
705 1482
705 1586
706 719
706 721
706 925
706 941
706 1049
706 1056
707 929
707 930
707 1464
707 1467
708 709
708 723
708 725
708 1445
708 1447
709 958
709 965
709 1453
709 1455
709 1482
709 1586
710 715
710 717
710 1000
710 1005
712 719
712 721
712 1049
712 1056
712 1462
712 1469
712 1470
713 716
713 719
713 721
713 725
713 726
713 1043
713 1462
713 1469
713 1470
714 715
714 717
714 1000
714 1005
714 1445
714 1447
715 853
715 859
715 1048
715 1053
715 1225
715 1228
715 1502
715 1552
715 1557
715 1938
715 1963
717 985
717 987
717 1044
720 881
720 1502
722 724
723 725
723 726
723 727
723 728
725 726
725 727
725 728
730 796
732 805
732 806
732 1424
733 831
733 832
735 752
735 756
735 759
736 831
736 832
739 743
739 746
739 750
741 752
741 756
741 759
742 1431
742 1436
743 744
743 745
743 751
743 753
743 755
743 758
743 772
743 777
744 746
744 750
745 746
745 750
746 751
746 753
746 755
746 758
746 772
746 777
747 768
747 772
748 768
748 772
749 1431
749 1436
750 753
750 756
750 758
750 759
750 772
750 777
751 756
751 759
753 755
753 756
753 759
753 772
753 777
755 758
756 758
756 772
756 777
756 831
756 832
756 842
756 843
757 761
757 763
758 759
759 772
759 777
759 831
759 832
759 842
759 843
760 761
760 763
761 765
761 767
762 772
762 775
762 777
762 779
762 780
763 765
763 767
763 803
763 814
763 819
764 772
764 775
764 777
764 779
764 780
764 782
764 785
764 789
766 782
766 789
768 803
768 814
768 819
770 775
770 779
770 780
770 782
770 785
775 785
775 789
777 786
777 792
777 793
779 785
779 789
779 791
779 794
780 785
780 789
780 791
780 794
781 786
781 792
781 793
783 791
783 795
784 1424
786 787
786 791
786 793
786 795
787 792
788 791
788 795
788 1424
790 1424
791 792
791 856
791 863
792 793
792 795
794 856
794 863
796 869
797 853
797 854
797 860
798 817
798 823
798 1396
798 1403
798 1406
798 1411
799 800
799 817
799 819
799 823
799 827
799 870
799 1407
799 1412
800 810
800 818
800 870
800 871
800 1395
800 1402
800 1410
801 807
801 809
801 814
801 816
801 838
801 840
801 1458
801 1461
803 1396
803 1403
803 2611
803 2695
804 831
804 832
805 822
805 825
805 832
805 834
805 841
806 822
806 825
806 832
806 834
806 841
807 814
807 815
807 820
807 821
807 853
807 859
807 867
807 868
807 960
807 968
807 972
807 979
807 1361
807 1372
807 1435
807 1438
807 1462
807 1469
807 1470
808 820
808 825
810 870
811 852
811 853
811 857
811 859
814 815
814 820
814 821
814 848
814 853
814 859
814 867
814 868
814 960
814 968
814 972
814 979
814 1361
814 1372
814 1396
814 1403
814 1435
814 1438
814 1441
814 1462
814 1469
814 1470
815 839
815 846
818 870
819 848
819 852
819 853
819 857
819 859
819 1395
819 1438
819 1441
819 2611
819 2695
820 821
820 825
820 1261
820 1266
821 825
821 1261
821 1266
822 825
822 828
822 839
822 845
822 853
822 860
822 970
822 976
822 981
822 1311
822 1313
822 1402
822 1410
823 1248
823 1330
824 839
824 846
825 828
825 839
825 845
825 853
825 860
825 1311
825 1313
825 1402
825 1410
826 1248
826 1330
827 1395
828 845
828 970
828 976
828 981
828 1391
829 835
829 847
829 854
830 845
830 849
830 850
830 855
830 1391
832 843
832 851
833 853
833 859
833 870
834 843
834 851
835 847
835 854
836 849
836 850
836 853
836 855
836 859
836 870
841 1424
843 1457
843 1464
843 1473
843 1474
851 1457
851 1464
851 1473
851 1474
853 858
853 1406
853 1411
854 855
854 858
854 862
854 1420
854 1422
854 1423
855 860
858 860
860 862
860 1406
860 1411
861 1420
861 1422
861 1423
862 1402
862 1410
865 1402
865 1410
870 871
870 879
870 880
870 886
870 889
870 1395
870 1402
870 1410
871 1402
871 1410
872 1253
872 1259
872 1361
872 1372
874 904
874 912
875 904
875 912
876 882
877 1170
877 1174
878 925
878 926
878 940
878 941
878 1170
878 1174
878 1430
878 1432
879 1292
879 1298
880 1292
880 1298
882 884
882 888
882 897
882 903
882 912
883 891
883 893
884 888
884 900
884 901
885 1264
885 1265
885 1267
886 1251
887 891
887 893
888 900
888 901
888 1264
888 1265
888 1267
889 1251
889 1402
889 1406
890 926
890 940
891 1402
891 1406
892 906
892 911
894 906
894 911
895 926
895 940
896 1247
896 1336
898 909
898 914
899 1247
899 1257
899 1263
899 1336
902 1257
902 1263
905 908
905 909
905 914
907 908
907 909
907 914
909 910
910 914
916 1253
916 1259
916 1361
916 1372
922 935
922 936
922 958
922 965
923 935
923 936
923 958
923 965
924 945
924 952
925 926
925 940
925 941
925 950
925 951
925 998
925 1000
925 1005
925 1019
925 1022
925 1023
925 1028
925 1029
925 1100
925 1101
925 1107
925 1133
925 1148
925 1215
925 1460
925 1465
925 1475
925 1476
926 941
926 1034
926 1035
926 1079
926 1083
926 1215
926 1216
926 1218
926 1221
926 1227
926 1229
927 1161
927 1166
927 1167
928 1161
928 1166
928 1167
929 1506
931 989
931 992
931 993
931 994
932 989
932 992
932 993
932 994
932 1213
932 1214
933 998
933 1000
933 1002
933 1005
933 1007
933 1935
933 1936
934 993
934 995
934 998
934 1000
934 1002
934 1005
934 1007
935 936
935 954
935 958
935 961
935 965
935 966
935 1402
935 1410
935 1423
935 1462
935 1469
936 954
936 958
936 961
936 965
936 966
936 1402
936 1410
936 1423
936 1462
936 1469
937 1032
938 1032
939 958
939 966
940 941
940 1034
940 1035
940 1079
940 1083
940 1215
940 1216
940 1227
940 1229
941 950
941 951
941 958
941 965
941 966
941 998
941 1000
941 1005
941 1019
941 1022
941 1023
941 1028
941 1029
941 1044
941 1051
941 1100
941 1101
941 1107
941 1133
941 1148
941 1215
941 1216
941 1218
941 1221
941 1475
941 1476
942 945
942 952
943 962
943 974
944 1044
944 1051
948 958
948 965
948 966
948 1225
948 1226
949 962
949 974
951 1019
951 1130
951 1133
952 1019
952 1130
952 1133
952 1227
952 1229
953 1227
953 1229
955 1019
955 1130
955 1133
956 958
956 965
956 966
957 972
957 985
958 963
958 965
958 966
958 977
958 981
958 1422
958 1423
959 1216
959 1219
961 972
961 985
963 965
963 966
964 967
964 975
964 983
965 966
965 977
965 981
965 1422
965 1423
966 1422
966 1423
967 968
968 975
968 983
969 992
969 993
969 994
969 1213
969 1214
969 1216
969 1219
972 977
972 981
972 984
973 1161
973 1167
977 985
977 990
977 991
978 1142
978 1168
980 1032
980 1061
980 1161
980 1167
981 985
981 990
981 991
982 1142
982 1168
984 985
985 1049
985 1056
986 1032
986 1061
987 1049
987 1056
988 990
988 991
989 1211
993 1003
993 1014
993 1015
993 1057
993 1063
993 1092
993 1093
993 1211
994 1057
994 1063
995 1003
995 1014
995 1015
995 1057
995 1063
995 1092
995 1093
999 1126
999 1127
1004 1010
1004 1011
1004 1126
1004 1127
1006 1010
1006 1011
1008 1012
1008 1013
1009 1012
1009 1013
1012 1462
1012 1469
1012 1470
1013 1462
1013 1469
1013 1470
1016 1160
1017 1019
1017 1020
1017 1021
1017 1077
1017 1078
1017 1089
1017 1133
1017 1137
1017 1450
1017 1456
1017 1502
1018 1046
1018 1047
1018 1078
1018 1089
1018 1133
1018 1135
1018 1137
1018 1450
1018 1456
1019 1046
1019 1047
1019 1052
1019 1066
1019 1442
1019 1446
1020 1052
1020 1502
1021 1052
1021 1502
1022 1104
1022 1110
1023 1025
1023 1104
1023 1109
1023 1110
1023 1132
1024 1025
1024 1104
1024 1109
1024 1132
1025 1124
1025 1125
1025 1127
1025 1182
1025 1187
1025 1191
1026 1038
1026 1117
1026 1120
1027 1150
1027 1162
1028 1030
1028 1031
1028 1150
1028 1162
1029 1141
1029 1149
1029 1161
1029 1162
1029 1167
1030 1134
1030 1149
1030 1152
1030 1153
1030 1162
1031 1134
1031 1152
1031 1153
1032 1060
1032 1061
1033 1034
1033 1035
1033 1057
1033 1070
1033 1434
1033 1440
1033 1502
1034 1035
1034 1036
1034 1037
1034 1041
1034 1045
1034 1050
1034 1057
1034 1058
1034 1059
1034 1064
1034 1069
1034 1070
1034 1073
1034 1075
1034 1078
1034 1082
1034 1506
1035 1036
1035 1037
1035 1045
1035 1058
1035 1059
1035 1064
1035 1069
1035 1070
1035 1078
1035 1082
1036 1073
1036 1075
1037 1072
1037 1073
1037 1075
1037 1076
1037 1082
1037 1089
1038 1072
1038 1073
1038 1075
1038 1076
1038 1079
1038 1083
1038 1125
1038 1506
1039 1042
1039 1047
1039 1064
1039 1070
1039 1073
1039 1075
1039 1079
1039 1083
1039 1092
1039 1160
1039 1430
1039 1432
1039 1462
1039 1469
1039 1470
1039 1502
1039 1506
1041 1050
1041 1073
1041 1075
1042 1047
1042 1064
1042 1070
1042 1072
1042 1073
1042 1075
1042 1076
1042 1079
1042 1083
1042 1092
1042 1160
1042 1430
1042 1432
1042 1462
1042 1469
1042 1502
1042 1506
1046 1064
1046 1070
1046 1072
1046 1076
1046 1077
1046 1079
1046 1083
1046 1130
1047 1064
1047 1070
1047 1077
1047 1079
1047 1083
1047 1130
1047 1143
1047 1145
1049 1085
1049 1095
1050 1073
1050 1075
1052 1064
1052 1070
1052 1077
1052 1143
1052 1145
1054 1060
1054 1061
1055 1067
1055 1068
1055 1222
1055 1223
1055 1224
1056 1085
1056 1095
1058 1059
1058 1069
1059 1064
1059 1072
1059 1076
1062 1085
1062 1095
1064 1069
1064 1072
1064 1073
1064 1075
1064 1076
1065 1067
1065 1068
1065 1073
1065 1075
1065 1222
1065 1223
1065 1224
1066 1077
1066 1133
1066 1135
1066 1137
1066 1502
1068 1101
1068 1107
1069 1072
1069 1076
1070 1072
1070 1073
1070 1075
1070 1076
1071 1502
1072 1978
1072 1990
1073 1076
1073 1091
1073 1102
1073 1466
1073 1471
1073 1502
1074 1101
1074 1107
1075 1076
1075 1091
1075 1102
1075 1466
1075 1471
1075 1502
1076 1078
1076 1082
1076 1978
1076 1990
1077 1442
1077 1446
1078 1080
1078 1086
1078 1094
1078 1453
1078 1455
1079 1180
1079 1183
1079 1462
1079 1469
1079 1470
1080 1082
1081 1088
1081 1096
1083 1180
1083 1182
1083 1183
1083 1187
1083 1191
1083 1462
1083 1469
1083 1470
1084 1088
1084 1096
1086 1090
1087 1088
1087 1096
1087 1097
1088 1093
1089 1453
1089 1455
1090 1094
1092 1182
1092 1187
1092 1191
1093 1096
1093 1097
1098 1100
1098 1101
1098 1107
1098 1118
1098 1121
1099 1113
1099 1120
1099 1475
1099 1476
1100 1101
1100 1106
1100 1107
1100 1117
1100 1120
1100 1124
1100 1127
1101 1103
1101 1106
1101 1107
1101 1117
1101 1120
1101 1124
1101 1127
1102 1236
1102 1237
1103 1107
1103 1118
1103 1121
1104 1119
1105 1123
1105 1126
1106 1107
1106 1118
1106 1121
1106 1126
1106 1128
1107 1124
1107 1127
1108 1935
1108 1936
1109 1119
1111 1236
1111 1237
1112 1124
1112 1126
1112 1127
1112 1128
1113 1120
1113 1475
1113 1476
1114 1116
1114 1119
1115 1116
1115 1119
1117 1120
1117 1124
1117 1125
1117 1126
1117 1127
1120 1123
1120 1125
1120 1126
1120 1127
1122 1126
1122 1127
1124 1132
1124 1136
1124 1150
1125 1126
1125 1128
1125 1132
1126 1127
1126 1136
1126 1150
1127 1128
1127 1132
1127 1136
1127 1150
1129 1141
1129 1149
1129 1161
1129 1162
1129 1167
1130 1133
1130 1137
1131 1150
1131 1162
1132 1182
1132 1187
1132 1191
1133 1462
1133 1469
1135 1462
1135 1469
1137 1462
1137 1469
1138 1147
1138 1158
1138 1159
1139 1200
1140 1200
1142 1154
1142 1156
1142 1159
1142 1164
1142 1187
1142 1191
1144 1147
1144 1158
1144 1159
1144 1164
1144 1169
1146 1159
1146 1164
1146 1169
1151 1502
1152 1163
1154 1159
1154 1160
1154 1164
1154 1168
1154 1169
1154 1502
1155 1159
1155 1164
1155 1169
1155 1187
1155 1191
1155 1458
1155 1461
1156 1159
1156 1160
1156 1164
1156 1168
1156 1169
1156 1187
1156 1191
1156 1458
1156 1461
1157 1159
1157 1164
1157 1169
1159 1168
1163 1166
1163 1187
1163 1191
1163 1195
1164 1168
1165 1191
1165 1195
1168 1187
1168 1191
1170 1218
1171 1184
1171 1190
1172 1173
1172 1176
1172 1506
1173 1175
1173 1179
1174 1184
1174 1190
1174 1218
1175 1176
1175 1506
1176 1179
1178 1192
1178 1196
1180 1502
1181 1192
1181 1196
1182 1502
1184 1188
1184 1189
1185 1186
1185 1192
1186 1198
1188 1190
1189 1190
1192 1198
1198 1199
1198 1202
1199 1201
1201 1202
1208 1286
1208 1289
1208 1292
1208 1298
1209 1210
1209 1277
1209 1278
1209 1320
1209 1322
1210 1277
1210 1278
1210 1320
1210 1322
1212 1506
1215 1430
1215 1432
1225 1446
1226 1446
1230 1593
1230 1597
1230 1598
1230 1726
1231 1493
1231 2610
1232 1235
1232 1236
1233 1656
1233 1659
1234 1593
1234 1597
1234 1598
1234 1656
1234 1659
1234 1726
1235 1236
1236 1502
1237 1502
1238 1239
1238 1328
1238 1339
1238 1344
1238 1351
1238 1360
1238 1361
1238 1372
1238 1397
1238 1400
1238 1401
1238 1403
1238 2611
1238 2695
1239 1326
1239 1327
1239 1328
1239 1338
1239 1339
1239 1344
1239 1349
1239 1351
1239 1360
1239 1361
1239 1372
1239 1397
1239 1401
1239 2319
1239 2321
1239 2611
1239 2695
1240 1344
1240 1349
1240 1350
1240 1351
1240 1360
1241 1313
1241 1316
1242 1306
1242 1309
1242 1320
1242 1321
1242 1339
1242 1344
1242 1382
1242 1386
1243 1324
1243 1326
1244 1245
1244 1261
1244 1266
1244 1320
1244 1324
1244 1325
1244 1326
1244 1331
1244 1334
1244 1338
1244 1342
1244 1346
1244 1347
1244 1349
1244 1352
1244 1353
1245 1261
1245 1266
1245 1320
1245 1325
1245 1334
1245 1346
1245 1352
1246 1347
1246 1353
1247 1251
1247 1252
1247 1346
1247 1352
1248 1251
1248 1252
1248 1331
1248 1336
1249 1264
1249 1265
1250 1292
1250 1298
1251 1330
1251 1336
1251 1407
1251 1412
1251 2632
1251 2633
1252 1330
1252 1336
1252 1407
1252 1412
1252 2632
1252 2633
1253 1264
1253 1265
1253 2634
1253 2640
1254 2672
1254 2674
1255 1292
1255 1298
1256 1292
1256 1298
1257 1258
1257 1262
1257 1263
1257 1331
1257 1336
1258 1262
1258 1263
1258 1264
1258 1265
1258 1270
1258 1279
1258 1348
1258 1354
1258 1362
1258 1369
1258 2701
1258 2704
1259 2634
1259 2640
1260 2672
1260 2674
1261 1334
1262 1263
1262 1331
1262 1336
1263 1264
1263 1265
1263 1270
1263 1279
1263 1331
1263 1336
1263 1348
1263 1354
1263 1362
1263 1369
1263 1371
1263 1377
1263 2701
1263 2704
1264 1346
1264 1352
1264 1371
1264 1377
1264 1483
1264 2695
1265 1346
1265 1352
1265 1371
1265 1377
1265 1483
1265 2695
1266 1334
1270 1346
1270 1352
1271 1292
1271 1298
1271 1307
1271 1308
1271 1311
1271 1316
1271 1327
1271 1328
1271 2635
1271 2645
1271 2682
1271 2684
1272 1280
1272 1282
1272 1284
1273 1274
1273 1283
1274 1329
1275 1292
1275 1298
1275 2627
1275 2636
1276 1292
1276 1298
1276 1307
1276 1308
1276 1311
1276 1316
1276 1327
1276 1328
1276 2627
1276 2635
1276 2636
1276 2645
1276 2682
1276 2684
1281 1346
1281 1352
1283 1329
1287 1346
1287 1352
1290 1303
1290 1304
1293 1303
1293 1304
1295 1332
1295 1343
1296 1332
1296 1343
1297 1302
1297 1305
1301 1302
1301 1305
1302 2722
1302 2723
1303 1327
1303 1328
1304 1327
1304 1328
1305 2722
1305 2723
1306 1319
1306 1320
1306 1321
1306 1541
1308 1309
1308 1313
1308 1327
1308 1328
1308 1338
1308 1349
1309 1311
1309 1319
1309 1320
1309 1321
1309 1327
1309 1328
1309 1338
1309 1349
1309 1541
1310 1320
1310 1322
1311 1313
1311 1327
1311 1328
1312 1319
1312 1321
1313 1324
1313 1326
1314 1327
1314 1328
1315 1320
1315 1322
1316 1324
1316 1326
1318 1327
1318 1328
1319 1320
1319 1321
1319 1382
1319 1386
1320 1324
1320 1325
1320 1334
1320 1578
1320 2717
1320 2718
1322 1324
1322 1325
1322 1578
1322 2717
1322 2718
1323 1326
1323 1327
1323 1328
1323 2687
1323 2689
1324 1334
1324 1338
1324 1349
1325 1334
1325 1338
1325 1349
1326 1334
1326 1340
1326 1341
1326 1350
1326 1351
1326 1360
1327 1340
1327 1341
1327 1348
1327 1354
1328 1340
1328 1341
1328 1348
1328 1354
1330 1331
1330 1336
1331 1334
1331 1337
1331 1346
1331 1382
1331 1386
1331 1396
1331 1403
1333 1347
1333 1353
1334 1338
1334 1342
1334 1346
1334 1347
1334 1349
1334 1352
1334 1353
1335 1344
1335 1349
1336 1346
1336 1352
1336 1396
1336 1403
1337 1342
1337 1345
1337 1346
1338 1339
1338 1340
1338 1341
1338 1344
1338 1350
1338 1351
1338 1360
1339 1349
1339 1350
1339 1351
1339 1360
1340 1341
1340 1344
1340 1349
1340 1351
1340 2319
1340 2321
1341 1344
1341 1349
1341 1351
1341 2319
1341 2321
1342 1346
1342 1382
1342 1386
1344 1349
1344 1350
1344 1351
1344 1354
1344 1360
1344 1364
1345 1346
1347 1353
1348 1358
1348 1366
1348 1376
1348 1383
1349 1350
1349 1351
1349 1354
1349 1360
1349 1364
1350 1356
1350 1368
1351 1356
1351 1360
1351 1361
1351 1368
1351 1370
1351 1372
1351 1385
1351 1389
1351 1393
1351 1397
1351 1401
1351 1407
1351 1581
1351 1582
1351 1602
1352 1376
1352 1382
1352 1383
1353 1357
1353 1358
1353 1376
1353 1382
1353 1383
1354 1483
1354 2695
1355 1356
1355 1368
1356 1360
1356 1361
1356 1368
1356 1370
1356 1372
1356 1378
1356 1379
1356 1384
1356 1385
1356 1389
1356 1397
1356 1401
1356 1407
1356 1412
1356 1414
1356 1417
1356 1581
1356 1582
1356 1602
1357 1362
1358 1359
1358 1362
1359 1366
1359 1376
1359 1383
1359 1483
1359 2695
1360 1361
1360 1368
1360 1370
1360 1372
1360 1378
1360 1379
1360 1384
1360 1385
1360 1389
1360 1393
1360 1397
1360 1401
1360 1407
1361 1368
1361 1390
1361 1394
1361 1397
1361 1401
1362 1396
1362 1400
1362 1403
1365 1374
1365 1376
1365 1381
1365 1382
1365 1383
1365 1386
1366 1376
1366 1383
1367 1376
1367 1383
1368 1372
1368 1390
1368 1394
1368 1397
1368 1401
1368 1407
1368 1412
1368 1414
1368 1417
1369 1376
1369 1382
1369 1383
1369 1386
1369 1396
1369 1400
1369 1403
1369 1406
1369 1411
1371 1376
1371 1383
1372 1390
1372 1394
1372 1397
1372 1401
1373 1374
1373 1381
1373 1406
1373 1411
1374 1380
1376 1377
1376 1383
1376 1388
1376 1392
1376 1396
1377 1383
1377 1387
1377 1388
1380 1381
1380 1382
1380 1386
1382 1396
1382 1403
1383 1388
1383 1392
1383 1396
1385 1387
1385 1388
1385 1599
1385 1742
1386 1396
1386 1403
1387 1599
1387 1742
1394 1397
1394 1401
1395 1396
1395 1403
1395 1406
1395 1407
1395 1411
1395 1412
1396 1400
1396 1403
1396 1406
1396 1411
1397 1398
1398 1401
1399 1407
1399 1414
1400 1403
1402 1406
1402 1410
1402 1411
1403 1406
1403 1411
1405 1407
1405 1414
1406 1410
1406 1414
1406 1417
1407 1660
1407 1661
1409 1418
1409 1419
1410 1411
1411 1414
1411 1417
1412 1660
1412 1661
1413 1418
1413 1419
1413 1422
1413 1423
1416 1422
1416 1423
1419 1422
1419 1423
1421 1422
1421 1423
1422 1423
1422 1424
1422 1675
1422 2752
1423 1424
1423 1675
1423 2752
1424 1462
1424 1469
1424 1470
1425 1426
1426 1428
1440 1450
1440 1451
1443 1449
1444 1449
1446 1460
1446 1465
1448 1450
1448 1451
1450 1456
1450 1459
1450 1468
1451 1459
1451 1468
1456 1459
1456 1462
1456 1468
1456 1469
1456 1470
1458 1937
1458 2117
1459 1461
1459 1462
1459 1469
1459 1470
1461 1462
1461 1468
1461 1469
1461 1470
1461 1937
1461 2117
1462 1468
1462 1472
1462 1473
1462 1474
1468 1469
1468 1470
1469 1472
1469 1473
1469 1474
1470 1472
1470 1474
1472 1475
1472 1476
1474 1475
1474 1476
1482 2713
1482 2724
1483 1578
1483 1894
1483 1895
1483 2612
1483 2613
1483 2692
1483 2694
1483 2713
1483 2724
1484 1993
1484 2002
1484 2479
1484 2485
1485 1852
1485 1855
1485 2132
1485 2428
1486 2014
1486 2016
1487 1489
1487 1501
1487 1504
1488 1514
1488 1518
1489 1552
1489 1557
1489 1949
1489 2646
1489 2650
1490 1522
1490 1524
1490 1525
1490 1552
1490 1557
1490 1821
1490 1822
1490 2590
1490 2591
1491 2527
1491 2532
1492 1505
1492 1507
1494 1586
1494 1587
1494 1732
1494 1733
1494 2048
1494 2058
1494 2255
1494 2262
1495 1983
1495 1994
1495 2048
1495 2058
1496 2027
1496 2033
1496 2532
1496 2543
1496 2588
1496 2589
1497 2027
1497 2033
1497 2502
1497 2507
1497 2513
1497 2514
1497 2532
1497 2543
1497 2588
1497 2589
1498 2502
1498 2507
1498 2513
1498 2514
1498 2532
1498 2543
1499 2532
1499 2543
1500 1514
1500 1518
1501 1552
1501 1557
1501 1949
1501 2646
1501 2650
1502 1506
1502 1885
1502 1901
1502 1955
1502 1956
1502 1986
1502 1987
1502 1997
1502 2128
1502 2129
1502 2398
1502 2399
1502 2418
1502 2436
1502 2450
1502 2451
1502 2460
1502 2461
1502 2518
1502 2541
1502 2763
1502 2764
1504 1949
1505 2585
1506 1525
1506 1526
1507 2585
1509 1511
1509 1513
1510 1550
1510 1556
1510 2527
1510 2532
1511 1513
1511 1692
1511 1695
1511 1700
1511 1707
1511 1801
1511 1804
1512 1695
1512 1707
1512 1801
1512 1804
1512 1964
1512 1973
1513 1597
1513 1598
1513 1699
1513 1711
1513 1716
1513 1739
1513 1741
1513 2049
1513 2072
1514 1550
1514 1556
1514 1950
1514 1951
1514 2527
1514 2532
1514 2587
1514 2589
1514 2675
1514 2679
1514 2703
1514 2705
1515 2660
1515 2668
1515 2675
1515 2679
1515 2703
1515 2705
1516 1695
1516 1707
1516 1801
1516 1804
1516 1938
1516 1964
1516 1966
1516 1973
1517 1586
1517 1587
1517 1597
1517 1598
1517 1692
1517 1699
1517 1700
1517 1711
1517 1716
1517 1739
1517 1741
1517 1938
1517 1966
1517 2049
1517 2072
1517 2255
1517 2262
1518 1950
1518 1951
1518 2587
1518 2589
1519 2660
1519 2668
1520 1524
1520 1525
1521 1983
1521 1994
1522 2591
1523 1524
1523 1525
1524 2591
1525 2496
1525 2501
1525 2582
1525 2583
1525 2586
1525 2587
1525 2591
1526 2482
1526 2483
1526 2496
1526 2501
1526 2519
1526 2525
1526 2582
1526 2583
1526 2586
1526 2587
1526 2779
1526 2782
1527 2510
1527 2512
1527 2519
1527 2525
1527 2527
1527 2532
1528 2482
1528 2483
1528 2496
1528 2501
1528 2510
1528 2512
1528 2519
1528 2525
1528 2779
1528 2782
1529 2527
1529 2532
1530 1560
1530 1564
1530 1568
1531 1560
1531 1564
1531 1568
1532 1605
1532 1606
1532 1610
1532 1643
1532 1645
1533 1583
1533 1648
1533 1649
1533 2018
1534 1552
1534 1557
1534 1620
1534 1624
1534 1627
1535 1552
1535 1554
1535 1620
1535 1624
1535 1627
1535 2682
1535 2684
1536 1577
1536 1578
1537 1577
1538 1620
1538 1623
1539 1582
1539 1583
1539 2027
1539 2028
1539 2033
1540 2034
1540 2036
1540 2642
1540 2647
1542 1560
1542 1563
1543 1552
1543 1557
1544 1559
1544 1561
1545 1552
1545 1554
1545 1557
1545 1559
1545 1561
1545 2682
1545 2684
1546 1949
1546 2041
1547 1560
1547 1563
1548 1583
1548 1605
1548 1610
1548 1629
1548 1631
1548 1648
1548 1649
1548 1657
1548 1658
1548 2018
1549 1552
1549 1557
1549 1605
1549 1610
1549 1629
1549 1631
1549 1657
1549 1658
1550 1949
1550 2041
1552 1580
1552 1606
1552 2591
1553 1579
1553 1580
1556 2014
1556 2016
1557 1580
1557 1606
1557 1657
1557 1658
1557 2591
1558 1657
1558 1658
1560 1618
1560 1625
1562 1579
1562 1580
1562 1793
1562 1797
1562 1801
1562 1968
1562 1979
1562 1998
1562 2005
1562 2007
1562 2014
1562 2016
1562 2017
1562 2018
1562 2022
1562 2032
1562 2034
1562 2593
1562 2596
1564 1613
1564 1615
1564 1618
1564 1625
1565 1587
1565 1588
1565 1982
1565 1998
1565 2005
1565 2012
1565 2018
1565 2022
1565 2034
1565 2036
1566 1613
1566 1615
1567 1620
1567 1624
1567 2034
1567 2036
1569 1646
1569 1649
1569 1654
1569 1655
1570 2031
1570 2034
1571 1856
1571 1859
1572 1856
1572 1859
1573 2031
1573 2034
1574 2040
1574 2041
1575 2040
1575 2041
1576 2040
1576 2041
1577 1578
1577 1623
1577 1627
1577 2676
1577 2677
1577 2678
1577 2687
1577 2689
1577 2700
1577 2706
1577 2724
1577 2726
1578 2661
1578 2667
1581 2026
1581 2032
1582 1619
1582 1623
1582 2026
1582 2032
1582 2685
1583 1622
1583 1629
1583 2685
1584 1619
1584 1620
1584 1623
1584 1624
1584 1830
1584 1831
1584 1973
1584 1984
1585 1619
1585 1620
1585 1623
1585 1624
1585 1973
1585 1984
1585 2771
1585 2772
1587 1590
1587 1621
1587 1626
1587 1632
1587 1983
1587 1990
1587 1994
1587 1998
1587 1999
1588 1589
1588 1590
1588 1593
1588 1620
1588 1621
1588 1624
1588 1626
1588 1632
1588 1637
1588 1641
1588 1683
1588 1698
1588 1704
1588 1726
1588 1983
1588 1990
1588 1994
1588 1998
1588 1999
1589 1593
1589 1683
1589 1698
1589 1704
1589 1726
1590 1591
1590 1592
1590 1683
1591 1593
1591 1632
1591 1726
1592 1593
1592 1632
1592 1726
1593 1620
1593 1621
1593 1624
1593 1628
1593 1630
1593 1632
1593 1640
1593 1645
1593 1646
1593 1647
1593 1683
1594 1620
1594 1624
1594 1640
1594 1646
1595 1972
1595 1988
1597 1938
1597 1963
1597 2264
1597 2275
1598 1938
1598 1963
1598 2264
1598 2275
1599 1678
1599 1679
1599 2243
1599 2257
1600 2612
1600 2613
1600 2713
1600 2724
1601 1619
1601 1620
1601 1623
1601 1624
1601 2771
1601 2772
1603 1619
1603 1623
1604 1622
1604 1629
1605 1633
1605 1635
1605 1639
1606 1619
1606 1623
1606 1639
1607 1619
1607 1620
1607 1623
1607 1624
1609 1619
1609 1623
1610 1619
1610 1623
1610 1633
1610 1635
1610 1639
1611 1619
1611 1623
1612 1619
1612 1623
1613 1615
1613 1618
1615 1618
1619 1626
1619 1628
1619 1632
1619 1656
1619 1658
1619 1719
1619 1726
1620 1634
1620 1636
1620 1637
1620 1641
1620 1645
1620 1646
1620 1648
1620 1649
1620 1683
1620 2689
1621 1726
1623 1626
1623 1628
1623 1632
1623 1656
1623 1658
1623 1719
1623 1726
1623 2689
1624 1628
1624 1630
1624 1634
1624 1636
1624 1645
1624 1646
1624 1648
1624 1649
1624 1683
1627 1628
1627 1630
1627 1634
1627 1636
1627 1637
1627 1641
1627 1645
1627 1646
1628 1630
1628 1726
1629 1639
1629 1642
1630 1645
1630 1646
1630 1726
1631 1639
1631 1642
1632 1683
1632 1726
1634 1638
1634 1645
1636 1638
1636 1645
1637 1641
1637 1644
1637 1683
1639 1643
1639 1645
1640 1650
1640 1651
1640 1652
1640 1654
1640 1726
1641 1644
1641 1683
1645 1726
1646 1726
1647 1650
1647 1651
1647 1652
1647 1654
1647 1726
1648 1651
1648 1652
1649 1651
1649 1652
1651 1974
1651 2001
1652 1974
1652 2001
1654 1656
1654 1658
1655 1656
1655 1658
1655 1972
1655 1988
1656 1714
1656 1715
1658 1714
1658 1715
1661 2193
1661 2200
1662 2193
1662 2200
1663 1688
1663 1689
1664 1688
1664 1689
1665 1707
1665 1711
1666 1684
1666 1685
1667 1684
1667 1685
1667 1812
1667 1815
1668 2087
1668 2089
1668 2112
1668 2113
1668 2114
1668 2185
1668 2304
1669 1686
1669 1687
1669 1717
1669 1722
1670 1686
1670 1687
1670 1693
1670 1701
1670 1717
1670 1722
1670 2080
1670 2085
1670 2192
1670 2197
1671 1693
1671 1701
1671 2080
1671 2085
1671 2192
1671 2197
1672 1701
1672 1708
1673 1737
1673 1740
1674 1733
1674 1734
1674 1737
1674 1740
1674 2148
1674 2155
1675 1733
1675 1737
1675 2151
1675 2161
1676 2747
1676 2748
1677 2747
1677 2748
1678 1681
1678 1688
1678 1742
1678 2259
1678 2260
1678 2726
1678 2728
1679 1681
1679 1688
1679 1742
1680 1770
1680 1771
1681 1770
1681 1771
1681 2795
1681 2796
1682 1707
1682 1711
1683 1726
1684 1686
1684 1687
1684 1801
1684 1802
1684 1818
1684 1819
1684 1820
1685 1686
1685 1687
1685 1801
1685 1802
1685 1818
1685 1819
1685 1820
1686 1812
1686 1815
1687 1717
1687 1722
1687 2087
1687 2089
1687 2112
1687 2113
1687 2114
1687 2185
1687 2304
1688 2795
1688 2796
1690 1784
1690 1790
1690 2113
1690 2114
1691 2087
1691 2089
1691 2112
1691 2113
1691 2114
1692 2086
1692 2089
1694 2087
1694 2089
1694 2112
1694 2113
1694 2114
1696 1784
1696 1790
1696 2113
1696 2114
1697 1792
1697 1796
1697 2086
1697 2089
1700 1792
1700 1796
1700 2086
1700 2089
1701 1709
1702 1712
1702 1716
1703 2239
1703 2290
1705 1739
1705 1741
1705 2197
1705 2200
1706 2319
1706 2321
1707 2319
1707 2321
1708 1709
1709 1712
1709 1716
1712 1730
1712 1731
1712 1733
1712 1737
1712 2239
1712 2290
1712 2607
1712 2609
1713 1739
1713 1741
1713 1744
1713 1756
1713 2197
1713 2200
1714 1744
1714 1756
1716 1730
1716 1731
1716 1733
1716 1737
1716 2607
1716 2609
1717 2148
1717 2155
1717 2197
1717 2200
1718 1736
1718 1741
1722 2197
1722 2200
1723 1736
1723 1739
1723 2116
1723 2118
1724 1732
1724 1733
1724 1736
1724 1739
1724 1741
1724 2116
1724 2118
1725 1733
1725 1737
1727 1736
1727 1739
1728 1732
1728 1733
1729 1733
1729 1737
1732 2606
1733 2606
1733 2752
1734 2752
1735 2264
1735 2275
1736 1960
1736 1969
1737 2747
1737 2748
1738 2224
1738 2227
1739 1960
1739 1969
1739 2046
1739 2166
1739 2264
1739 2275
1739 2297
1739 2300
1740 2224
1740 2227
1740 2747
1740 2748
1741 1960
1741 1969
1741 2046
1741 2166
1741 2297
1741 2300
1742 2243
1742 2257
1743 2713
1743 2724
1745 1772
1745 1776
1745 1778
1745 1780
1745 1783
1745 1785
1746 1772
1746 1778
1746 1780
1746 1785
1746 1790
1746 1791
1747 1790
1747 1791
1748 1762
1748 1767
1748 2104
1748 2105
1749 1760
1749 1761
1749 1765
1749 1766
1750 2112
1750 2113
1751 1813
1751 1814
1752 1964
1752 1973
1752 2060
1752 2069
1753 1770
1753 1771
1753 2051
1753 2059
1754 2051
1754 2059
1754 2068
1754 2069
1754 2070
1754 2079
1754 2089
1754 2091
1754 2118
1754 2119
1755 2089
1755 2091
1755 2101
1755 2104
1757 1776
1757 1783
1758 1770
1758 1774
1759 1760
1759 1761
1759 1765
1759 1766
1759 1770
1759 1774
1759 1790
1759 1791
1760 1761
1760 1765
1760 1766
1760 1790
1760 1791
1760 1808
1760 1812
1761 1808
1761 1812
1761 2106
1761 2109
1761 2112
1761 2113
1762 2102
1763 2060
1763 2069
1763 2070
1763 2079
1764 2060
1764 2069
1765 1808
1765 1812
1765 2112
1765 2113
1766 1808
1766 1812
1766 2106
1766 2109
1766 2112
1766 2113
1767 2085
1767 2087
1767 2102
1768 2070
1768 2079
1768 2085
1768 2087
1769 2106
1769 2109
1769 2112
1769 2113
1770 2106
1770 2109
1770 2112
1770 2113
1770 2203
1770 2213
1770 2218
1770 2229
1770 2230
1771 1775
1771 2106
1771 2109
1771 2188
1771 2189
1771 2203
1772 1773
1772 1781
1772 1790
1772 1798
1772 1799
1772 1800
1773 1780
1774 2113
1774 2114
1774 2213
1774 2218
1774 2229
1774 2230
1775 2106
1775 2109
1775 2188
1775 2189
1775 2220
1775 2222
1775 2223
1775 2225
1777 1779
1777 1786
1777 1801
1777 1802
1777 2113
1777 2114
1778 1924
1778 1928
1778 2078
1778 2080
1779 1784
1779 1806
1779 1807
1779 1810
1780 1781
1780 1790
1780 1798
1780 1799
1780 1800
1780 1806
1780 1807
1780 1810
1782 2113
1782 2114
1782 2220
1782 2222
1782 2223
1782 2225
1784 1786
1784 1801
1784 1802
1784 2106
1784 2109
1785 1924
1785 1928
1785 2078
1785 2080
1786 1807
1786 1810
1786 1811
1786 2228
1786 2232
1787 1810
1787 1811
1788 1803
1788 1817
1789 1793
1789 1797
1789 2114
1789 2115
1790 1813
1790 1814
1790 2113
1790 2114
1790 2115
1790 2223
1790 2225
1791 2106
1791 2109
1791 2223
1791 2225
1792 2228
1792 2232
1793 1795
1794 1803
1794 1817
1795 1797
1796 1807
1796 1810
1796 1811
1797 1807
1797 1810
1797 1811
1797 1870
1797 1871
1798 1809
1798 1812
1798 1813
1798 1814
1798 2112
1798 2113
1798 2223
1798 2225
1799 1809
1799 1812
1799 1813
1799 1814
1799 2112
1799 2113
1799 2114
1799 2115
1799 2223
1799 2225
1800 2114
1800 2115
1801 1807
1801 1810
1801 1811
1801 1870
1801 1871
1801 2112
1801 2113
1802 2112
1802 2113
1804 2228
1804 2236
1805 2114
1805 2115
1806 1811
1806 1815
1806 2228
1806 2236
1810 1811
1810 1815
1813 2114
1813 2115
1813 2226
1814 2226
1815 2106
1815 2109
1816 2106
1816 2109
1821 2591
1822 1841
1822 1847
1822 2591
1823 2178
1823 2179
1824 1845
1824 1848
1824 2175
1824 2176
1825 1826
1825 1844
1825 1845
1825 1848
1825 2175
1825 2176
1826 1843
1826 1844
1826 2178
1826 2179
1826 2180
1826 2181
1826 2253
1826 2265
1827 2279
1827 2281
1828 2052
1828 2059
1828 2060
1828 2068
1828 2109
1828 2112
1829 2052
1829 2059
1829 2060
1829 2068
1829 2109
1829 2112
1829 2208
1829 2212
1829 2216
1830 1917
1830 1922
1830 1964
1830 1973
1830 1975
1831 1917
1831 1922
1831 1964
1831 1973
1831 1975
1832 1894
1832 1895
1833 2208
1833 2209
1834 2266
1834 2273
1834 2611
1834 2695
1835 2266
1835 2273
1835 2611
1835 2695
1836 2496
1836 2501
1837 2080
1837 2085
1838 2788
1838 2790
1839 2788
1839 2790
1840 2779
1840 2782
1841 1842
1842 1847
1842 2178
1842 2179
1843 1844
1843 1845
1843 1848
1844 2178
1844 2179
1844 2180
1844 2181
1844 2253
1844 2265
1845 1863
1845 1865
1845 1869
1845 1870
1845 2154
1845 2159
1846 2258
1846 2268
1846 2279
1846 2281
1848 1863
1848 1865
1848 2154
1848 2159
1849 2258
1849 2268
1849 2283
1849 2287
1850 1869
1850 1870
1851 2093
1851 2097
1852 2361
1853 2283
1853 2287
1854 2093
1854 2097
1855 2361
1856 1894
1856 1930
1856 2048
1856 2057
1856 2058
1856 2066
1856 2351
1856 2364
1856 2365
1856 2372
1856 2378
1857 2208
1857 2212
1857 2216
1858 1961
1858 2010
1859 1894
1859 1930
1859 2048
1859 2057
1859 2058
1859 2066
1859 2351
1859 2364
1859 2365
1859 2372
1859 2378
1860 1961
1860 2010
1861 2080
1861 2085
1861 2496
1861 2501
1862 1972
1862 1983
1864 1972
1864 1983
1864 2208
1864 2212
1866 2208
1866 2212
1867 1880
1867 1881
1868 1880
1868 1881
1869 1903
1869 1904
1870 1903
1870 1904
1872 1989
1872 1996
1873 1989
1873 1996
1875 2792
1875 2793
1877 2093
1877 2097
1878 2779
1878 2782
1878 2792
1878 2793
1879 2208
1879 2209
1880 2093
1880 2097
1883 2151
1883 2160
1883 2447
1883 2452
1884 1960
1884 1969
1884 1970
1884 2151
1884 2160
1884 2447
1884 2452
1885 1960
1885 1969
1885 1970
1885 1985
1885 1989
1886 2481
1886 2482
1887 2469
1887 2470
1888 2469
1888 2470
1889 1899
1889 2240
1889 2241
1889 2242
1889 2274
1889 2314
1890 1894
1890 1895
1890 1899
1890 1925
1890 2240
1890 2241
1890 2242
1890 2271
1890 2274
1890 2278
1890 2314
1890 2325
1890 2327
1890 2712
1890 2719
1891 2241
1891 2242
1891 2270
1891 2271
1891 2278
1891 2280
1891 2712
1891 2719
1892 2270
1892 2271
1893 2259
1893 2260
1894 1918
1894 1919
1894 1923
1894 1924
1894 1925
1894 1927
1894 1928
1894 2100
1894 2103
1894 2182
1894 2184
1894 2191
1894 2244
1894 2245
1894 2248
1894 2249
1894 2253
1894 2256
1894 2260
1894 2265
1894 2695
1895 1918
1895 1919
1895 1923
1895 1925
1895 2182
1895 2184
1895 2191
1895 2244
1895 2245
1895 2248
1895 2249
1895 2253
1895 2256
1895 2260
1895 2265
1895 2695
1896 1915
1896 1916
1898 1908
1898 1909
1899 1900
1899 1926
1899 1931
1899 1932
1899 1933
1899 2245
1899 2315
1899 2323
1899 2325
1899 2632
1899 2633
1900 1931
1900 1933
1900 2313
1901 1985
1901 1989
1901 2460
1901 2461
1901 2481
1901 2482
1902 2460
1902 2461
1903 2190
1903 2206
1905 2190
1905 2206
1906 2318
1906 2320
1907 2318
1907 2320
1908 1912
1908 2254
1908 2747
1908 2748
1909 1912
1909 2254
1909 2747
1909 2748
1910 1913
1910 1914
1911 1913
1911 1914
1915 2246
1916 2246
1917 1922
1918 1925
1919 1925
1920 2258
1920 2268
1921 2253
1921 2265
1923 1924
1923 1928
1923 1931
1923 1933
1923 2258
1923 2268
1923 2696
1923 2702
1924 1925
1924 1927
1924 1928
1924 1930
1925 1928
1925 1931
1925 1933
1925 2100
1925 2103
1925 2244
1925 2245
1925 2248
1925 2249
1925 2253
1925 2260
1925 2265
1925 2696
1925 2702
1926 2314
1927 1928
1927 1930
1928 1930
1929 2253
1929 2265
1930 2259
1930 2260
1931 2315
1931 2317
1932 2314
1933 2315
1933 2317
1934 2713
1934 2724
1937 2071
1937 2080
1937 2209
1937 2216
1937 2219
1939 2178
1939 2179
1940 2178
1940 2179
1941 2178
1941 2179
1942 2066
1942 2067
1942 2077
1942 2766
1942 2768
1943 2056
1943 2057
1943 2066
1943 2067
1943 2077
1943 2766
1943 2768
1944 2046
1944 2054
1944 2055
1944 2056
1944 2057
1944 2166
1945 2046
1945 2054
1945 2055
1945 2166
1946 2043
1946 2044
1946 2158
1946 2163
1947 1976
1947 1996
1947 1997
1947 2042
1947 2128
1947 2135
1947 2138
1948 1956
1948 1957
1950 2040
1950 2041
1951 2040
1951 2041
1952 2588
1952 2589
1953 2002
1953 2009
1953 2582
1953 2583
1954 2002
1954 2009
1955 2552
1955 2554
1955 2556
1955 2558
1956 1959
1956 1993
1956 2002
1956 2530
1956 2541
1956 2552
1956 2554
1956 2555
1956 2556
1956 2558
1957 1959
1957 1993
1957 2002
1958 1976
1958 1996
1958 1997
1958 2042
1958 2128
1958 2135
1958 2138
1958 2147
1958 2152
1958 2416
1958 2417
1958 2476
1958 2481
1960 2043
1960 2044
1960 2130
1960 2139
1960 2147
1960 2152
1961 2046
1961 2166
1962 2044
1962 2045
1962 2156
1963 2499
1963 2506
1964 2192
1964 2197
1964 2214
1964 2499
1964 2506
1965 2094
1965 2098
1966 1972
1966 1988
1966 2107
1966 2110
1967 2147
1967 2151
1967 2152
1967 2160
1967 2416
1967 2417
1967 2476
1967 2481
1969 1976
1969 1986
1969 1996
1969 1997
1969 2130
1969 2139
1969 2147
1969 2151
1969 2152
1969 2160
1970 1976
1970 1986
1970 1996
1970 1997
1971 1976
1971 1986
1971 1997
1971 2044
1971 2045
1971 2047
1971 2055
1971 2056
1971 2057
1971 2065
1971 2066
1971 2076
1971 2090
1971 2092
1971 2156
1971 2157
1971 2162
1971 2164
1971 2784
1971 2785
1971 2786
1972 1988
1972 2000
1972 2107
1972 2110
1973 2192
1973 2197
1973 2214
1976 1987
1976 2418
1976 2518
1977 1978
1977 1983
1977 1998
1978 1983
1978 1998
1978 2094
1978 2098
1980 2765
1980 2768
1981 2064
1981 2065
1981 2066
1981 2076
1981 2088
1981 2090
1981 2092
1983 1992
1983 1995
1983 2001
1984 2255
1984 2262
1985 2151
1985 2161
1985 2500
1985 2503
1985 2788
1985 2791
1986 1987
1986 2043
1986 2044
1986 2418
1986 2518
1987 1997
1987 2047
1987 2055
1987 2056
1987 2057
1987 2064
1987 2065
1987 2066
1987 2076
1987 2088
1987 2090
1987 2092
1987 2157
1987 2162
1987 2164
1987 2784
1987 2785
1987 2786
1988 2000
1988 2107
1988 2110
1989 2043
1989 2044
1989 2147
1989 2151
1989 2152
1989 2157
1989 2161
1989 2162
1989 2406
1989 2407
1989 2430
1989 2446
1989 2500
1989 2503
1989 2594
1989 2597
1989 2758
1989 2761
1989 2788
1989 2791
1992 1994
1993 2120
1993 2433
1993 2440
1993 2765
1993 2768
1994 1995
1994 2001
1995 2255
1995 2262
1996 2043
1996 2044
1996 2147
1996 2151
1996 2152
1996 2157
1996 2161
1996 2162
1996 2406
1996 2407
1996 2430
1996 2446
1996 2594
1996 2597
1996 2758
1996 2761
1997 2043
1997 2044
1997 2418
1997 2518
1998 2765
1998 2768
2000 2683
2000 2685
2002 2120
2002 2253
2002 2265
2002 2433
2002 2440
2003 2591
2003 2592
2004 2006
2004 2011
2004 2014
2004 2016
2004 2020
2004 2027
2004 2028
2005 2765
2005 2768
2006 2011
2007 2683
2007 2685
2009 2253
2009 2265
2011 2014
2011 2016
2011 2020
2011 2027
2011 2028
2011 2591
2011 2592
2013 2591
2013 2592
2024 2031
2024 2034
2025 2031
2025 2034
2027 2037
2027 2039
2027 2685
2028 2685
2029 2031
2029 2034
2033 2037
2033 2039
2033 2642
2033 2647
2033 2685
2034 2658
2035 2642
2035 2647
2036 2658
2043 2073
2043 2074
2043 2082
2044 2057
2044 2065
2044 2073
2044 2074
2044 2082
2045 2063
2045 2074
2047 2063
2047 2074
2048 2080
2048 2085
2049 2051
2049 2059
2049 2750
2049 2755
2050 2078
2050 2080
2050 2085
2051 2053
2051 2061
2051 2062
2051 2072
2051 2081
2051 2085
2051 2087
2051 2178
2051 2179
2051 2182
2051 2184
2051 2199
2051 2203
2051 2297
2051 2300
2052 2072
2052 2081
2052 2087
2052 2089
2052 2178
2052 2179
2052 2182
2052 2184
2052 2297
2052 2300
2053 2059
2056 2063
2056 2074
2056 2075
2056 2083
2056 2771
2056 2772
2057 2075
2057 2083
2057 2156
2057 2173
2057 2176
2057 2771
2057 2772
2058 2080
2058 2085
2059 2061
2059 2062
2059 2085
2059 2087
2059 2089
2059 2199
2059 2203
2060 2106
2060 2109
2060 2192
2060 2199
2062 2080
2062 2085
2062 2750
2062 2755
2063 2166
2065 2156
2066 2173
2066 2176
2067 2768
2067 2770
2068 2106
2068 2109
2068 2199
2069 2192
2069 2199
2070 2087
2070 2089
2070 2100
2070 2103
2070 2199
2071 2080
2071 2085
2071 2117
2071 2497
2071 2503
2072 2078
2072 2080
2072 2085
2073 2158
2073 2163
2074 2166
2077 2768
2077 2770
2079 2087
2079 2089
2079 2100
2079 2103
2079 2199
2080 2117
2080 2497
2080 2503
2084 2086
2084 2089
2085 2603
2085 2604
2085 2605
2085 2750
2085 2755
2086 2087
2087 2089
2087 2603
2087 2604
2087 2605
2087 2750
2087 2755
2089 2199
2091 2101
2091 2102
2091 2104
2091 2199
2093 2795
2093 2796
2094 2101
2094 2102
2094 2104
2094 2105
2094 2106
2094 2109
2094 2606
2094 2608
2095 2104
2095 2105
2095 2106
2095 2108
2095 2109
2095 2111
2096 2101
2096 2104
2096 2105
2096 2108
2097 2795
2097 2796
2098 2606
2098 2608
2099 2105
2099 2108
2099 2111
2100 2101
2100 2104
2101 2103
2101 2199
2102 2104
2102 2105
2103 2104
2103 2108
2103 2111
2104 2199
2106 2114
2106 2115
2106 2197
2106 2200
2109 2112
2109 2114
2109 2115
2109 2197
2109 2200
2109 2753
2109 2754
2112 2232
2112 2233
2112 2235
2112 2396
2112 2400
2112 2753
2112 2754
2113 2232
2113 2233
2113 2235
2113 2396
2113 2400
2114 2206
2114 2211
2115 2206
2115 2211
2117 2209
2117 2216
2117 2219
2118 2199
2119 2199
2120 2479
2120 2485
2121 2443
2121 2456
2122 2419
2122 2420
2123 2144
2123 2145
2123 2419
2123 2420
2124 2126
2124 2135
2124 2137
2124 2142
2124 2144
2124 2145
2124 2419
2124 2420
2125 2127
2125 2128
2125 2135
2125 2142
2125 2144
2125 2145
2125 2482
2125 2483
2125 2518
2125 2524
2126 2144
2126 2145
2126 2435
2127 2128
2127 2129
2127 2383
2127 2388
2127 2433
2127 2434
2127 2440
2127 2441
2127 2448
2128 2129
2128 2134
2128 2138
2128 2139
2128 2383
2128 2388
2128 2393
2128 2398
2128 2399
2128 2433
2128 2434
2128 2441
2128 2448
2128 2449
2128 2457
2129 2139
2129 2402
2129 2404
2129 2430
2129 2446
2129 2449
2129 2457
2130 2402
2130 2404
2131 2429
2131 2444
2132 2425
2133 2419
2133 2420
2134 2138
2135 2136
2135 2137
2136 2142
2137 2142
2137 2144
2137 2145
2137 2435
2137 2482
2137 2483
2137 2518
2137 2524
2138 2393
2138 2398
2138 2399
2138 2433
2138 2440
2138 2449
2138 2457
2139 2402
2139 2404
2139 2430
2139 2446
2140 2429
2140 2444
2141 2178
2141 2179
2143 2178
2143 2179
2144 2426
2145 2426
2146 2432
2146 2433
2148 2149
2148 2150
2148 2151
2148 2161
2148 2170
2148 2173
2148 2174
2148 2176
2149 2155
2150 2155
2151 2155
2151 2752
2153 2432
2153 2433
2154 2177
2154 2178
2154 2179
2154 2180
2154 2368
2154 2371
2155 2161
2155 2170
2155 2173
2155 2174
2155 2176
2157 2398
2157 2399
2158 2175
2158 2176
2158 2278
2158 2280
2159 2177
2159 2178
2159 2179
2159 2180
2159 2368
2159 2371
2161 2752
2162 2398
2162 2399
2163 2175
2163 2176
2163 2278
2163 2280
2165 2171
2165 2172
2165 2178
2165 2179
2167 2171
2167 2172
2168 2178
2168 2179
2169 2178
2169 2179
2173 2408
2173 2409
2176 2408
2176 2409
2177 2182
2177 2183
2177 2185
2177 2197
2177 2200
2177 2304
2178 2182
2178 2183
2178 2185
2178 2197
2178 2200
2178 2304
2178 2747
2178 2748
2179 2747
2179 2748
2185 2186
2185 2301
2186 2304
2187 2188
2187 2299
2188 2299
2190 2269
2190 2272
2192 2258
2192 2268
2193 2202
2193 2204
2193 2207
2194 2205
2194 2206
2194 2210
2194 2211
2194 2216
2194 2217
2195 2205
2195 2206
2195 2210
2195 2211
2195 2216
2195 2217
2196 2220
2196 2222
2197 2253
2197 2258
2197 2265
2197 2268
2198 2220
2198 2222
2200 2202
2200 2204
2200 2207
2200 2253
2200 2265
2201 2220
2201 2222
2201 2788
2201 2790
2204 2207
2206 2269
2206 2272
2212 2220
2212 2222
2215 2788
2215 2790
2216 2220
2216 2222
2220 2223
2220 2225
2221 2224
2221 2225
2222 2223
2222 2225
2223 2224
2223 2225
2223 2230
2223 2231
2225 2230
2225 2231
2233 2282
2233 2285
2234 2282
2234 2285
2237 2292
2237 2296
2238 2276
2238 2277
2239 2240
2239 2274
2239 2278
2240 2241
2240 2242
2240 2244
2240 2245
2240 2290
2240 2686
2240 2688
2241 2244
2241 2245
2241 2274
2241 2278
2241 2280
2241 2305
2241 2307
2241 2316
2242 2244
2242 2245
2242 2274
2242 2278
2242 2280
2242 2305
2242 2307
2242 2316
2244 2271
2244 2274
2244 2278
2244 2280
2244 2712
2244 2719
2245 2271
2245 2274
2245 2278
2245 2280
2245 2314
2245 2325
2245 2327
2247 2259
2247 2260
2248 2253
2248 2258
2248 2259
2248 2260
2248 2265
2248 2268
2248 2712
2248 2719
2248 2725
2248 2726
2248 2728
2248 2731
2250 2272
2250 2275
2251 2272
2251 2275
2252 2253
2252 2258
2253 2256
2253 2261
2256 2258
2256 2265
2256 2268
2256 2712
2256 2718
2256 2719
2256 2720
2256 2725
2256 2726
2256 2728
2256 2731
2258 2261
2258 2692
2258 2694
2258 2707
2258 2709
2259 2721
2260 2718
2260 2720
2260 2721
2263 2278
2263 2280
2263 2676
2263 2678
2266 2723
2266 2727
2268 2692
2268 2694
2268 2707
2268 2709
2270 2278
2270 2280
2270 2676
2270 2678
2270 2703
2270 2705
2271 2703
2271 2705
2273 2723
2273 2727
2274 2290
2274 2686
2274 2688
2276 2293
2277 2293
2278 2290
2278 2676
2278 2678
2278 2686
2278 2688
2278 2702
2280 2676
2280 2678
2280 2702
2283 2295
2283 2298
2284 2291
2284 2294
2286 2291
2286 2294
2287 2295
2287 2298
2288 2611
2288 2695
2289 2611
2289 2695
2291 2747
2291 2748
2292 2751
2294 2747
2294 2748
2296 2751
2301 2304
2305 2633
2305 2643
2306 2661
2306 2662
2307 2633
2307 2643
2308 2622
2308 2626
2309 2622
2309 2626
2310 2324
2310 2328
2311 2333
2311 2335
2311 2634
2311 2640
2312 2634
2312 2640
2313 2315
2313 2632
2313 2633
2314 2323
2314 2325
2319 2330
2319 2331
2319 2530
2319 2541
2319 2661
2319 2662
2319 2686
2319 2688
2321 2330
2321 2331
2321 2530
2321 2541
2321 2686
2321 2688
2324 2328
2324 2619
2324 2622
2324 2623
2324 2624
2324 2626
2324 2628
2325 2335
2325 2339
2326 2340
2326 2341
2327 2622
2327 2626
2328 2619
2328 2622
2328 2623
2328 2624
2328 2626
2328 2628
2329 2335
2329 2339
2330 2626
2330 2629
2330 2632
2330 2633
2330 2634
2330 2643
2330 2682
2330 2684
2331 2626
2331 2629
2331 2632
2331 2633
2331 2634
2331 2643
2331 2682
2331 2684
2332 2340
2332 2341
2332 2346
2332 2350
2333 2335
2333 2336
2333 2349
2334 2335
2334 2336
2335 2336
2335 2337
2335 2349
2336 2337
2338 2346
2338 2350
2338 2625
2338 2630
2340 2342
2340 2345
2342 2343
2343 2345
2344 2627
2344 2636
2347 2625
2347 2630
2348 2627
2348 2636
2351 2368
2351 2371
2352 2369
2352 2377
2353 2586
2353 2587
2354 2537
2354 2542
2354 2548
2354 2586
2354 2587
2355 2537
2355 2542
2355 2548
2356 2411
2356 2414
2356 2478
2356 2486
2356 2489
2356 2490
2357 2393
2357 2398
2357 2399
2358 2385
2358 2390
2359 2385
2359 2390
2359 2437
2359 2439
2360 2437
2360 2439
2362 2595
2362 2598
2362 2599
2363 2366
2363 2369
2363 2374
2363 2377
2363 2391
2364 2701
2364 2704
2365 2368
2365 2371
2365 2701
2365 2704
2366 2373
2366 2374
2366 2376
2366 2377
2366 2391
2367 2595
2367 2598
2367 2599
2368 2373
2368 2376
2370 2601
2370 2602
2371 2373
2371 2374
2371 2376
2371 2377
2371 2391
2372 2375
2372 2383
2372 2795
2372 2796
2375 2378
2377 2378
2377 2381
2377 2382
2377 2386
2377 2392
2378 2383
2378 2385
2378 2390
2378 2394
2378 2532
2378 2543
2378 2795
2378 2796
2379 2532
2379 2543
2380 2601
2380 2602
2381 2391
2381 2394
2381 2795
2381 2796
2382 2385
2382 2390
2382 2394
2384 2480
2384 2484
2385 2386
2385 2396
2385 2400
2386 2390
2386 2394
2387 2795
2387 2796
2389 2480
2389 2484
2390 2396
2390 2400
2391 2392
2392 2394
2393 2415
2393 2416
2393 2488
2395 2403
2395 2405
2397 2398
2397 2399
2398 2406
2398 2410
2398 2412
2398 2415
2398 2416
2398 2488
2399 2406
2399 2410
2399 2412
2399 2488
2401 2403
2401 2405
2404 2445
2404 2453
2404 2499
2404 2506
2408 2445
2408 2453
2408 2499
2408 2506
2411 2495
2413 2463
2413 2465
2414 2495
2418 2443
2418 2456
2418 2529
2418 2538
2418 2539
2419 2435
2419 2442
2419 2443
2419 2460
2419 2461
2419 2472
2419 2482
2419 2518
2419 2530
2420 2435
2420 2460
2420 2461
2421 2483
2421 2486
2422 2483
2422 2486
2423 2767
2423 2769
2424 2542
2424 2551
2425 2428
2427 2443
2427 2456
2427 2518
2427 2524
2431 2471
2431 2485
2434 2482
2434 2483
2436 2518
2436 2524
2436 2529
2436 2538
2436 2539
2438 2471
2438 2485
2441 2442
2441 2443
2442 2448
2442 2524
2443 2448
2443 2463
2443 2473
2443 2518
2443 2524
2445 2471
2445 2485
2448 2449
2448 2451
2448 2456
2448 2457
2448 2463
2448 2465
2449 2451
2449 2456
2449 2457
2449 2463
2449 2465
2450 2455
2450 2459
2451 2455
2451 2458
2451 2459
2451 2460
2451 2461
2451 2466
2452 2469
2452 2470
2452 2517
2452 2523
2453 2471
2453 2485
2454 2469
2454 2470
2454 2517
2454 2523
2456 2458
2456 2460
2456 2461
2456 2463
2456 2466
2456 2473
2456 2518
2457 2463
2457 2465
2458 2461
2458 2466
2458 2467
2458 2469
2458 2470
2459 2467
2459 2474
2460 2461
2460 2466
2460 2467
2460 2469
2460 2470
2460 2472
2460 2473
2460 2474
2461 2464
2461 2467
2461 2469
2461 2470
2461 2472
2461 2473
2461 2474
2462 2482
2462 2483
2463 2600
2464 2466
2465 2482
2465 2483
2465 2600
2466 2467
2466 2469
2466 2470
2466 2474
2468 2471
2468 2485
2469 2472
2469 2482
2469 2493
2469 2494
2469 2517
2469 2523
2470 2493
2470 2494
2470 2517
2470 2523
2471 2475
2472 2477
2472 2487
2472 2491
2472 2518
2472 2524
2473 2487
2473 2491
2475 2485
2476 2479
2476 2485
2477 2482
2478 2495
2479 2481
2479 2485
2480 2484
2481 2485
2481 2490
2481 2492
2481 2507
2481 2509
2482 2486
2482 2487
2482 2490
2482 2491
2482 2492
2482 2507
2482 2509
2482 2518
2482 2524
2483 2486
2483 2487
2483 2490
2483 2491
2484 2507
2484 2509
2486 2487
2486 2491
2486 2495
2487 2490
2487 2493
2487 2494
2489 2495
2490 2491
2490 2495
2491 2493
2491 2494
2493 2494
2493 2517
2493 2523
2494 2517
2494 2523
2496 2500
2496 2503
2498 2507
2498 2509
2500 2501
2500 2516
2500 2527
2500 2532
2500 2543
2501 2503
2501 2532
2501 2543
2503 2516
2503 2527
2503 2532
2503 2543
2504 2507
2504 2509
2505 2531
2505 2543
2507 2509
2507 2520
2507 2527
2507 2528
2507 2531
2507 2532
2507 2543
2507 2544
2508 2532
2508 2543
2509 2520
2509 2527
2509 2528
2509 2531
2509 2532
2509 2544
2510 2532
2510 2535
2510 2543
2510 2546
2512 2532
2512 2535
2512 2543
2512 2546
2515 2542
2515 2551
2517 2757
2517 2774
2517 2777
2517 2781
2518 2524
2518 2530
2518 2540
2518 2541
2518 2547
2519 2537
2519 2542
2520 2542
2520 2551
2521 2540
2521 2547
2521 2767
2521 2769
2522 2540
2522 2547
2523 2757
2523 2774
2524 2530
2524 2541
2526 2532
2526 2537
2526 2542
2526 2543
2527 2533
2527 2536
2528 2532
2528 2543
2530 2540
2530 2541
2530 2547
2532 2533
2532 2536
2534 2777
2534 2781
2537 2546
2537 2550
2537 2553
2541 2552
2541 2554
2541 2555
2541 2556
2541 2558
2542 2546
2542 2550
2542 2553
2545 2552
2545 2555
2546 2550
2546 2553
2546 2566
2546 2567
2546 2573
2546 2575
2546 2578
2549 2552
2549 2555
2550 2553
2550 2573
2550 2575
2550 2578
2552 2556
2552 2558
2553 2566
2553 2567
2553 2573
2553 2575
2553 2578
2554 2556
2554 2558
2555 2556
2555 2558
2556 2557
2556 2560
2556 2562
2556 2570
2557 2558
2558 2560
2558 2562
2558 2570
2559 2570
2559 2571
2560 2570
2560 2571
2561 2566
2561 2567
2561 2570
2561 2571
2561 2574
2565 2566
2565 2567
2568 2582
2568 2583
2569 2570
2569 2571
2569 2574
2570 2582
2570 2583
2572 2582
2572 2583
2573 2577
2573 2580
2573 2581
2574 2582
2574 2583
2575 2577
2575 2581
2576 2582
2576 2583
2577 2578
2577 2582
2577 2583
2578 2580
2578 2581
2579 2582
2579 2583
2584 2588
2584 2589
2590 2591
2612 2661
2612 2662
2612 2703
2612 2705
2612 2722
2612 2723
2613 2661
2613 2662
2615 2710
2615 2718
2616 2653
2616 2659
2616 2710
2616 2718
2617 2659
2617 2661
2618 2659
2618 2661
2620 2623
2620 2624
2620 2628
2620 2634
2620 2635
2620 2640
2621 2623
2621 2624
2621 2628
2621 2634
2621 2635
2621 2640
2626 2744
2626 2745
2629 2635
2629 2640
2631 2637
2631 2639
2632 2744
2632 2745
2633 2653
2633 2659
2634 2635
2634 2640
2637 2639
2642 2658
2643 2653
2643 2659
2644 2653
2644 2659
2647 2658
2647 2661
2647 2662
2648 2657
2648 2661
2648 2662
2648 2677
2648 2678
2649 2657
2649 2661
2649 2662
2649 2677
2649 2678
2651 2661
2651 2662
2652 2723
2652 2727
2653 2698
2654 2664
2654 2668
2655 2664
2655 2668
2656 2723
2656 2727
2659 2661
2659 2662
2659 2698
2660 2664
2660 2669
2660 2674
2660 2677
2661 2662
2661 2664
2661 2669
2661 2676
2661 2678
2662 2664
2662 2669
2662 2676
2662 2678
2663 2697
2663 2698
2664 2668
2664 2676
2664 2678
2664 2682
2664 2684
2664 2692
2664 2694
2666 2671
2666 2675
2667 2697
2667 2698
2668 2669
2668 2674
2668 2677
2669 2676
2669 2678
2669 2682
2669 2684
2669 2692
2669 2694
2671 2675
2672 2678
2672 2682
2676 2712
2676 2719
2678 2712
2678 2719
2691 2711
2691 2712
2692 2695
2692 2711
2692 2712
2694 2695
2698 2710
2698 2718
2699 2703
2699 2705
2699 2722
2699 2723
2701 2741
2701 2742
2704 2741
2704 2742
2708 2714
2708 2715
2710 2735
2710 2736
2710 2739
2711 2741
2711 2744
2712 2713
2712 2723
2712 2724
2712 2725
2712 2741
2712 2744
2713 2715
2713 2716
2713 2719
2714 2715
2715 2724
2716 2724
2718 2735
2718 2736
2718 2739
2719 2723
2719 2724
2719 2725
2721 2726
2721 2728
2722 2723
2722 2727
2723 2727
2724 2742
2724 2746
2724 2747
2724 2748
2726 2729
2726 2730
2726 2742
2726 2746
2726 2747
2726 2748
2728 2729
2728 2730
2728 2737
2728 2742
2728 2747
2728 2748
2732 2737
2732 2742
2732 2747
2732 2748
2733 2747
2733 2748
2738 2747
2738 2748
2741 2748
2741 2749
2742 2748
2742 2749
2744 2746
2744 2747
2745 2746
2745 2747
2756 2795
2756 2796
2759 2771
2759 2772
2760 2795
2760 2796
2762 2771
2762 2772
2767 2783
2767 2784
2769 2783
2769 2784
2773 2778
2773 2780
2775 2778
2775 2780
2776 2779
2776 2782
2779 2782
2785 2794
2785 2795
2786 2794
2786 2795
