0 37
0 42
1 39
1 658
2 18
2 248
2 260
2 276
2 821
3 238
3 239
3 449
3 452
4 37
4 42
5 16
5 19
5 76
5 80
5 97
5 98
5 120
5 127
5 268
5 281
5 299
5 834
5 835
5 847
5 848
5 853
5 854
5 857
5 1076
5 1078
6 16
6 19
6 76
6 79
6 86
6 97
6 98
6 268
6 281
6 299
6 853
6 854
6 857
7 11
7 13
7 262
7 277
7 371
7 372
7 420
7 425
7 484
7 646
7 1136
7 1141
8 11
8 13
8 262
8 277
8 371
8 372
8 420
8 425
8 484
8 646
8 1136
8 1141
9 11
9 12
9 13
9 281
9 289
9 306
9 313
9 993
9 994
9 1033
9 1042
9 1076
9 1078
9 1079
9 1083
10 11
10 13
10 79
10 80
10 86
10 120
10 127
10 281
10 289
10 834
10 835
10 847
10 848
10 993
10 994
10 1005
10 1006
10 1007
10 1031
10 1032
10 1038
10 1039
10 1049
10 1060
10 1062
10 1070
10 1071
10 1160
10 1161
10 1163
10 1164
11 12
11 13
11 58
11 60
11 79
11 86
11 164
11 165
11 241
11 244
11 273
11 281
11 289
11 373
11 653
11 654
11 655
11 800
11 801
11 847
11 848
11 993
11 994
11 1005
11 1006
11 1007
11 1031
11 1032
11 1033
11 1038
11 1039
11 1042
11 1049
11 1057
11 1059
11 1060
11 1062
11 1064
11 1070
11 1071
11 1078
11 1079
11 1083
11 1160
11 1161
11 1163
11 1164
11 1165
11 1177
11 1179
11 1467
11 1470
12 306
12 313
12 653
12 654
12 1059
12 1060
12 1078
12 1079
12 1083
12 1177
12 1179
13 58
13 60
13 164
13 165
13 241
13 244
13 273
13 373
13 654
13 655
13 800
13 801
13 1007
13 1031
13 1038
13 1039
13 1057
13 1064
13 1163
13 1164
13 1165
13 1467
13 1470
14 1078
14 1083
15 23
15 306
15 313
15 574
15 580
15 605
15 609
15 823
15 1012
15 1013
15 1016
15 1027
15 1049
15 1050
15 1052
15 1059
15 1060
15 1062
15 1067
15 1069
15 1111
15 1120
15 1269
15 1271
16 640
16 641
16 1078
16 1083
17 20
17 324
17 400
17 1050
17 1059
17 1060
17 1329
17 1330
18 20
18 23
18 248
18 253
18 254
18 256
18 257
18 269
18 484
18 485
18 538
18 574
18 580
18 605
18 609
18 613
18 615
18 626
18 628
18 630
18 635
18 636
18 821
18 823
18 1012
18 1013
18 1016
18 1025
18 1027
18 1036
18 1048
18 1049
18 1050
18 1052
18 1054
18 1060
18 1062
18 1067
18 1069
18 1111
18 1120
18 1269
18 1271
18 1286
18 1287
18 1303
18 1304
18 1308
18 1309
18 1329
18 1330
18 1333
18 1335
19 246
19 247
19 640
19 641
19 1078
19 1083
20 23
20 256
20 262
20 277
20 312
20 315
20 324
20 400
20 626
20 821
20 1050
20 1059
20 1060
20 1284
20 1285
20 1294
20 1297
20 1312
20 1315
20 1329
20 1330
20 1347
20 1351
21 640
21 641
22 246
22 247
23 256
23 257
23 262
23 277
23 312
23 315
23 626
23 814
23 821
23 1016
23 1019
23 1027
23 1059
23 1060
23 1284
23 1285
23 1294
23 1297
23 1312
23 1315
23 1329
23 1330
23 1347
23 1351
24 1064
24 1069
24 1075
25 66
25 67
25 77
25 295
25 1081
25 1082
26 66
26 67
26 1081
26 1082
27 1064
27 1069
27 1075
28 77
28 295
28 353
28 357
28 1081
28 1082
29 353
29 357
29 1081
29 1082
30 638
30 639
31 638
31 639
32 625
32 627
33 52
33 54
34 52
34 54
35 95
35 99
36 95
36 99
38 75
38 308
38 828
38 833
39 62
39 63
39 119
39 449
39 452
39 658
39 756
39 776
39 781
40 680
40 688
41 680
41 688
42 828
42 833
43 62
43 63
44 62
44 63
45 714
45 715
46 311
46 316
47 714
47 715
48 311
48 316
49 57
49 62
49 829
49 830
50 244
50 266
50 858
50 859
50 865
50 866
51 57
51 62
51 829
51 830
53 140
53 141
55 241
55 373
55 451
55 455
55 858
55 859
55 860
55 862
55 1074
55 1077
56 241
56 244
56 266
56 373
56 451
56 455
56 858
56 859
56 860
56 862
56 865
56 866
56 1074
56 1077
58 76
58 83
58 140
58 141
58 145
58 146
58 149
58 295
58 299
58 850
58 857
58 872
58 1427
58 1456
58 1459
59 76
59 83
59 149
59 295
59 299
59 872
59 1427
60 145
60 146
60 850
60 857
60 1456
60 1459
61 76
61 295
62 68
62 69
62 71
62 658
62 831
62 832
62 842
62 1405
62 1406
62 1414
62 1420
62 1436
62 1439
63 64
63 65
63 68
63 69
63 71
63 433
63 434
63 658
63 831
63 832
63 986
63 987
63 1436
63 1439
63 1443
63 1447
63 1450
64 65
64 722
64 724
64 775
64 780
65 69
66 679
66 684
66 686
66 687
66 707
66 708
66 1205
66 1207
67 659
67 679
67 684
67 686
67 687
67 707
67 708
67 735
67 1205
67 1207
68 433
68 434
68 492
68 496
68 986
68 987
68 988
68 1397
68 1398
68 1410
68 1412
68 1443
68 1447
68 1450
69 71
69 209
69 240
69 492
69 496
69 497
69 498
69 693
69 700
69 718
69 721
69 775
69 780
69 987
69 988
69 1397
69 1398
69 1410
69 1412
69 1423
69 1425
70 659
70 735
71 209
71 240
71 497
71 498
71 693
71 700
71 718
71 721
71 1423
71 1425
72 1385
72 1386
73 1385
73 1386
74 112
74 113
74 714
74 715
74 847
74 848
75 114
75 295
75 299
76 860
76 863
77 108
77 109
78 97
78 98
78 101
78 104
78 108
78 109
79 1049
79 1062
80 82
80 97
80 98
80 100
80 102
80 138
81 82
81 97
81 98
81 100
81 102
81 138
82 127
84 274
84 283
85 94
85 96
86 100
86 102
86 1049
86 1062
87 112
87 113
88 94
88 96
88 112
88 113
89 101
89 104
90 97
90 98
90 100
90 102
91 97
91 98
91 100
91 102
92 274
92 283
93 97
93 98
93 100
93 102
97 855
97 856
98 855
98 856
100 109
100 110
102 109
102 110
103 110
103 111
105 110
105 111
106 109
106 110
107 109
107 110
110 295
110 299
111 295
111 299
112 320
112 851
112 852
113 320
113 851
113 852
114 308
115 122
115 128
116 170
116 171
117 894
117 897
118 231
118 232
118 754
118 758
118 766
118 773
119 658
119 747
119 751
119 754
119 758
121 122
121 128
122 129
122 131
122 132
123 129
123 131
123 132
124 130
124 653
124 654
125 137
125 139
125 653
125 654
126 137
126 139
127 138
129 648
129 649
132 145
132 146
132 648
132 649
132 653
132 654
133 654
133 655
134 145
134 146
134 653
134 654
134 657
135 654
135 657
136 654
136 655
139 295
139 299
140 295
140 299
142 144
142 145
143 144
143 145
145 656
145 657
146 656
146 657
147 1462
147 1463
148 1421
148 1424
148 1462
148 1463
150 1421
150 1424
151 279
151 280
152 279
152 280
153 350
153 354
154 456
154 466
155 365
155 368
156 365
156 368
157 360
157 361
158 360
158 361
159 160
159 162
159 654
159 655
160 161
160 166
160 168
160 332
160 333
160 365
160 366
160 1067
160 1069
161 162
161 654
161 655
162 167
162 169
163 166
163 167
163 168
163 169
163 332
163 333
163 365
163 366
163 1067
163 1069
167 430
167 432
169 430
169 432
170 172
171 172
173 783
173 784
174 783
174 784
175 412
175 478
176 177
176 414
177 184
177 185
177 186
177 190
177 191
177 192
177 195
177 197
177 198
177 810
177 811
178 184
178 185
178 192
178 195
178 810
178 811
179 190
179 191
179 197
179 198
180 806
180 809
181 806
181 809
182 363
182 367
183 412
183 478
184 189
184 190
184 414
184 812
184 813
185 189
185 190
185 414
185 812
185 813
186 414
187 404
187 406
188 404
188 406
190 504
190 507
190 555
190 560
191 504
191 507
191 555
191 560
192 414
193 796
193 797
193 798
194 810
194 811
195 414
196 796
196 797
196 798
197 415
198 415
199 215
199 216
200 215
200 216
200 806
200 809
201 806
201 809
202 511
202 514
203 452
203 460
203 660
203 664
203 723
203 731
204 452
204 460
204 660
204 664
204 723
204 731
205 238
205 239
206 238
206 239
207 445
207 446
208 751
208 756
209 238
209 239
210 238
210 239
210 449
210 452
211 238
211 239
212 495
212 496
213 234
213 235
214 228
214 229
215 413
215 458
215 464
215 465
215 466
216 413
216 458
216 464
216 465
216 466
217 226
217 227
218 226
218 227
219 221
219 225
220 221
220 225
221 232
221 233
222 232
222 233
223 230
223 231
224 230
224 231
228 491
229 491
231 756
231 762
232 235
232 236
232 756
232 762
233 235
233 236
234 237
235 237
235 439
235 446
235 449
235 452
236 439
236 446
236 449
236 452
238 240
238 487
238 491
238 494
238 731
238 737
239 240
239 487
239 491
239 494
239 731
239 737
241 648
241 650
242 275
242 284
243 1008
243 1009
244 262
244 277
244 1008
244 1009
244 1160
244 1161
245 278
245 305
245 503
245 504
245 507
245 1015
245 1028
248 258
248 286
248 290
248 821
249 286
249 290
249 789
249 802
250 516
250 520
251 642
251 643
252 636
252 637
253 821
254 821
255 610
255 611
256 616
256 617
256 621
256 623
256 821
256 823
257 616
257 617
257 621
257 623
257 821
257 823
258 260
259 516
259 520
260 287
260 302
260 322
261 272
261 277
261 323
261 331
261 1033
261 1042
262 264
262 265
262 266
262 278
262 305
263 1067
263 1069
264 277
264 1067
264 1069
265 277
265 278
265 305
265 503
265 504
265 507
265 1015
265 1028
266 277
266 1160
266 1161
267 275
267 284
269 821
270 272
270 277
271 272
271 277
271 323
271 331
272 282
272 286
275 279
275 285
275 1059
275 1060
276 287
276 302
276 322
277 278
277 286
277 305
278 286
278 290
278 293
278 294
279 296
283 293
283 301
284 316
284 319
284 1059
284 1060
285 296
286 291
286 334
288 293
288 294
290 291
290 334
291 293
291 294
292 293
292 294
292 1151
292 1152
293 294
293 296
293 297
293 298
293 306
293 307
293 313
293 314
293 317
293 518
293 524
293 816
293 1360
294 296
294 297
294 298
294 301
294 306
294 307
294 313
294 316
294 319
294 518
294 524
294 816
294 1360
295 308
295 860
295 863
295 1067
295 1069
297 1151
297 1152
299 308
299 1067
299 1069
300 865
300 866
301 314
301 317
303 1033
303 1042
304 865
304 866
305 636
305 637
309 636
309 637
310 865
310 866
317 640
317 641
317 1078
317 1079
317 1084
317 1085
318 640
318 641
318 1078
318 1079
318 1084
318 1085
320 714
320 715
320 847
320 848
321 642
321 643
324 382
324 388
325 335
325 341
326 335
326 341
327 336
327 337
327 342
327 407
327 409
327 449
327 452
327 648
327 650
328 404
328 406
329 332
329 337
329 343
329 347
330 343
330 347
332 411
332 449
332 452
332 475
332 476
332 654
332 655
333 336
333 337
333 342
333 404
333 406
333 407
333 409
333 475
333 476
333 648
333 650
333 654
333 655
334 789
334 802
336 338
336 340
336 348
336 349
336 476
336 477
336 647
336 648
336 650
336 772
336 775
336 785
336 786
337 411
337 476
337 477
338 342
338 358
338 362
339 345
339 346
340 342
340 358
340 362
342 348
342 349
342 364
342 366
342 476
342 477
342 647
342 648
342 650
342 772
342 775
342 785
342 786
343 345
343 346
344 364
344 366
344 785
344 786
345 351
345 352
345 355
345 356
346 351
346 352
346 355
346 356
350 369
353 358
353 362
354 358
354 362
354 369
358 365
358 368
359 370
359 371
360 364
360 366
361 364
361 366
362 365
362 368
362 370
362 371
363 792
364 366
367 792
371 922
371 927
372 922
372 927
373 648
373 650
374 569
374 575
375 569
375 575
376 508
376 509
377 548
377 552
378 535
378 536
378 537
379 548
379 552
380 393
380 399
380 566
380 570
381 551
381 565
381 568
382 398
382 462
382 463
382 519
382 525
382 549
382 556
383 548
383 552
384 517
384 523
385 548
385 552
386 390
386 393
386 399
386 566
386 570
387 551
387 565
387 568
388 398
388 462
388 463
388 519
388 525
388 549
388 556
389 517
389 523
391 401
391 403
391 405
392 395
392 396
393 566
393 570
394 395
394 396
394 549
394 556
397 401
397 403
397 405
398 549
398 556
399 566
399 570
399 1059
399 1060
401 1059
401 1060
402 551
402 565
402 568
403 785
403 786
404 408
404 410
404 807
404 808
405 785
405 786
406 408
406 410
406 807
406 808
415 810
415 811
416 424
416 426
417 421
417 423
417 796
417 797
417 798
418 421
418 423
418 796
418 797
418 798
419 424
419 426
422 440
422 447
424 440
424 447
424 453
424 467
425 428
425 429
426 453
426 467
427 428
427 429
431 456
431 466
433 486
433 490
434 486
434 490
435 445
435 446
436 751
436 756
437 472
437 474
438 456
438 466
438 747
438 755
441 756
441 762
442 472
442 474
443 488
443 493
443 659
443 735
443 736
444 456
444 466
444 488
444 493
444 659
444 735
444 736
444 747
444 755
444 756
444 762
447 450
447 459
448 450
448 459
449 658
449 663
449 732
449 810
449 811
451 555
451 560
452 469
452 470
452 472
452 474
452 658
452 663
452 732
452 778
452 782
452 810
452 811
452 1033
452 1041
454 468
454 471
457 555
457 560
460 469
460 470
460 472
460 474
460 778
460 782
460 1033
460 1041
461 468
461 471
462 472
462 473
463 472
463 473
475 861
475 864
476 861
476 864
479 662
479 677
479 679
479 684
479 742
479 748
480 662
480 677
480 679
480 684
480 742
480 748
481 672
481 673
481 676
481 677
481 681
481 683
481 708
481 709
482 499
482 500
482 501
482 502
482 671
482 675
483 499
483 500
483 501
483 502
483 671
483 675
484 589
484 590
484 821
485 821
486 672
486 677
489 495
489 496
490 673
490 676
490 681
490 683
490 708
490 709
497 665
497 670
497 679
497 683
497 684
497 1388
497 1389
498 665
498 670
498 679
498 683
498 684
498 1388
498 1389
503 582
503 586
504 531
504 533
505 508
505 509
506 582
506 586
510 644
510 645
511 514
511 522
511 527
511 790
512 522
512 527
513 555
513 560
514 522
514 527
514 790
515 555
515 560
516 644
516 645
519 555
519 560
521 549
521 563
526 555
526 560
528 549
528 563
529 566
529 570
530 566
530 570
531 795
532 549
532 556
532 563
533 795
534 549
534 556
534 563
535 550
536 550
537 550
538 821
539 557
539 562
539 605
539 609
540 541
540 604
541 542
541 559
541 567
541 604
542 604
543 544
543 545
543 546
543 602
543 603
544 596
544 599
544 600
544 607
544 612
545 546
545 593
545 596
545 597
545 599
545 600
545 603
545 607
545 612
546 600
546 602
547 614
547 619
549 556
549 563
549 728
549 738
549 796
549 798
553 569
553 572
553 575
553 576
554 557
554 562
556 563
556 728
556 738
556 796
556 798
557 581
557 584
558 571
558 577
559 604
561 569
561 572
561 575
561 576
562 581
562 584
564 571
564 577
565 571
565 577
567 573
567 578
567 604
571 577
571 579
573 608
574 821
577 579
578 608
580 821
583 591
583 592
585 589
585 590
587 591
587 592
588 589
588 590
589 595
589 598
589 646
590 595
590 598
590 646
593 602
594 595
594 599
595 601
596 602
596 804
596 805
597 602
599 601
599 602
599 804
599 805
600 602
600 603
602 603
605 609
606 614
606 619
610 625
610 626
610 627
611 625
611 626
611 627
613 821
614 625
614 627
615 821
618 821
618 822
619 625
619 627
619 1303
619 1304
620 625
620 627
622 1303
622 1304
624 821
624 822
626 821
628 629
628 632
628 821
629 630
630 632
630 821
631 1054
631 1055
633 1054
633 1055
634 636
634 637
635 821
636 821
651 654
651 657
652 654
652 657
658 756
658 776
658 781
659 733
659 734
659 745
660 664
660 716
660 717
660 726
660 731
660 733
660 741
660 744
660 745
661 747
661 755
661 771
661 773
663 678
663 682
663 683
663 725
663 728
663 739
663 772
663 775
664 730
664 772
664 775
666 679
666 684
667 691
667 699
668 679
668 684
669 685
669 689
673 679
673 684
673 685
673 689
673 716
673 717
674 691
674 699
676 679
676 684
676 685
676 689
676 716
676 717
678 727
679 684
682 725
682 749
682 757
683 727
690 1396
690 1397
692 1396
692 1397
694 711
694 713
695 701
695 702
695 1396
695 1397
696 701
696 702
696 1396
696 1397
697 714
697 715
698 711
698 713
701 714
701 715
703 704
703 705
704 706
704 718
704 721
705 706
705 718
705 721
708 709
710 717
710 719
712 717
712 719
716 723
717 723
719 735
719 736
720 735
720 736
722 843
723 733
723 741
723 744
723 745
724 843
725 738
725 739
725 749
725 757
726 730
728 732
729 741
729 744
730 731
730 734
730 745
732 738
732 739
733 735
733 766
733 767
734 735
734 746
734 747
734 755
734 771
734 773
735 745
740 741
740 744
740 754
740 758
741 766
741 767
741 775
741 780
742 749
742 757
743 775
743 780
744 775
744 780
745 746
745 747
745 755
747 756
747 761
747 767
747 1436
747 1439
748 749
748 757
749 765
749 774
749 777
749 780
750 775
750 780
751 756
752 764
752 769
753 754
753 758
754 756
754 761
754 766
754 767
754 770
754 771
754 772
754 773
755 761
755 767
755 1436
755 1439
756 758
756 766
756 773
757 765
757 774
757 777
757 780
758 761
758 766
758 767
758 770
758 771
758 772
758 773
759 764
759 769
760 775
760 780
762 766
762 773
763 772
763 775
763 780
768 772
768 775
768 780
779 894
779 897
783 785
783 786
784 785
784 786
787 865
787 866
788 865
788 866
791 796
791 798
793 794
793 799
794 796
794 798
796 799
796 803
796 806
797 803
797 806
798 799
798 803
798 806
814 823
815 1198
815 1204
817 1336
817 1339
818 1044
818 1048
819 825
819 826
820 825
820 826
821 823
821 1025
821 1036
821 1048
821 1050
821 1052
821 1054
821 1269
821 1271
821 1286
821 1287
821 1303
821 1304
821 1308
821 1309
821 1329
821 1330
821 1333
821 1335
823 1016
823 1019
823 1027
823 1059
823 1060
823 1329
823 1330
824 826
824 1357
824 1358
825 837
825 838
825 839
825 840
826 837
826 838
826 839
826 840
826 1357
826 1358
827 1044
827 1048
834 862
834 864
835 862
835 864
835 1067
835 1069
836 1067
836 1069
841 858
841 859
842 1405
842 1406
842 1414
842 1420
844 1078
844 1083
845 1241
845 1246
846 1241
846 1246
847 868
847 917
848 868
848 917
849 850
849 857
850 876
857 876
860 1049
860 1062
863 1049
863 1062
865 1249
865 1253
866 1249
866 1253
867 1370
867 1374
868 892
868 895
869 870
869 875
870 941
871 882
871 888
873 892
873 895
874 892
874 893
875 941
877 922
877 927
878 890
878 891
879 892
879 893
880 893
880 896
881 890
881 891
881 931
881 935
882 1459
883 894
883 897
884 1370
884 1372
885 1370
885 1372
886 893
886 896
887 890
887 891
887 922
887 927
887 931
887 935
888 1459
889 894
889 897
896 1370
896 1374
898 1370
898 1374
899 901
899 1004
900 901
900 1004
902 920
902 929
903 920
903 929
904 912
904 915
905 930
905 933
905 1136
905 1137
905 1147
905 1149
905 1155
906 1008
906 1029
906 1131
906 1134
907 1135
907 1139
907 1143
907 1211
907 1214
908 1104
908 1109
909 920
909 929
910 1370
910 1374
911 1156
911 1157
911 1158
912 930
912 933
912 1136
912 1137
912 1147
912 1148
912 1149
912 1154
912 1155
912 1157
913 1135
913 1143
914 1131
914 1134
914 1135
914 1142
914 1143
914 1146
915 1148
915 1154
915 1156
915 1157
915 1158
916 1142
916 1146
918 1162
918 1164
919 1162
919 1164
921 1145
921 1151
921 1152
922 1370
922 1374
923 939
923 940
923 942
923 1007
923 1145
923 1151
923 1164
923 1165
924 1145
924 1151
925 1145
925 1151
925 1152
926 939
926 940
927 1011
927 1150
927 1370
927 1374
928 932
928 933
929 939
929 940
929 942
929 1007
929 1145
929 1151
929 1164
929 1165
930 933
930 1114
930 1115
930 1145
930 1151
930 1152
930 1153
931 1011
931 1150
932 937
933 937
933 1114
933 1115
933 1152
933 1153
934 1159
934 1160
935 1159
935 1160
936 1098
936 1103
936 1159
936 1161
938 1098
938 1103
938 1159
938 1161
943 944
943 1191
944 1192
944 1194
944 1196
944 1197
945 946
945 1177
946 1177
947 1201
947 1206
948 1202
948 1206
949 1202
949 1206
950 1198
950 1204
951 1478
951 1482
952 978
952 979
953 978
953 979
953 1467
953 1470
954 1142
954 1146
955 1194
955 1197
956 1008
956 1009
956 1029
956 1043
956 1117
956 1124
957 1262
957 1270
958 959
958 960
959 962
959 965
959 966
960 962
961 1262
961 1270
963 965
963 966
964 1262
964 1270
967 970
967 971
968 970
968 971
969 1475
969 1476
971 1475
971 1476
972 1198
972 1199
973 1151
973 1152
974 1198
974 1199
975 1151
975 1152
976 1467
976 1470
977 1142
977 1146
980 983
980 984
980 1238
980 1239
981 983
981 984
981 1000
981 1238
981 1239
981 1243
981 1247
982 983
982 1000
982 1233
982 1234
982 1243
982 1247
983 1233
983 1234
983 1236
985 1228
985 1232
986 1422
986 1428
987 1412
987 1419
987 1422
987 1428
988 1412
988 1419
989 1001
989 1002
989 1003
989 1097
989 1102
990 991
990 992
990 998
990 999
991 997
992 997
995 1235
995 1237
996 1235
996 1237
997 998
997 999
998 1233
998 1236
1000 1233
1000 1234
1000 1236
1001 1233
1001 1236
1001 1257
1002 1257
1002 1258
1003 1257
1003 1258
1005 1462
1005 1463
1006 1211
1006 1214
1007 1030
1007 1162
1007 1163
1007 1164
1008 1118
1009 1012
1009 1013
1009 1099
1010 1012
1010 1013
1012 1043
1012 1271
1012 1273
1013 1015
1013 1028
1013 1043
1013 1271
1013 1273
1014 1015
1014 1028
1015 1140
1016 1026
1016 1027
1016 1096
1016 1101
1017 1096
1017 1181
1018 1035
1018 1044
1018 1046
1018 1065
1018 1094
1018 1095
1019 1044
1019 1048
1019 1291
1019 1292
1020 1352
1020 1355
1020 1356
1021 1329
1021 1330
1022 1329
1022 1330
1023 1035
1023 1044
1023 1046
1023 1065
1023 1094
1023 1095
1024 1329
1024 1330
1025 1172
1025 1173
1026 1027
1026 1096
1026 1181
1027 1096
1027 1101
1028 1140
1029 1031
1029 1038
1029 1039
1029 1118
1030 1163
1031 1037
1031 1160
1031 1161
1031 1211
1031 1214
1032 1462
1032 1463
1033 1370
1033 1372
1034 1329
1034 1330
1035 1051
1035 1058
1036 1172
1036 1173
1037 1038
1037 1039
1038 1050
1038 1052
1039 1050
1039 1052
1039 1160
1039 1161
1040 1369
1040 1372
1041 1370
1041 1372
1043 1050
1043 1052
1043 1099
1044 1051
1044 1058
1044 1092
1044 1093
1044 1167
1045 1059
1045 1060
1045 1093
1045 1167
1046 1048
1046 1054
1047 1050
1047 1052
1048 1063
1048 1065
1048 1066
1048 1092
1048 1093
1048 1167
1048 1176
1048 1178
1049 1053
1049 1061
1050 1059
1050 1060
1051 1284
1051 1285
1052 1059
1052 1060
1053 1057
1054 1063
1054 1065
1054 1066
1054 1093
1054 1167
1054 1176
1054 1178
1054 1473
1054 1474
1055 1093
1055 1167
1055 1473
1055 1474
1056 1369
1056 1372
1057 1061
1058 1284
1058 1285
1059 1060
1059 1065
1059 1067
1059 1069
1060 1065
1060 1067
1060 1069
1067 1073
1067 1080
1068 1455
1068 1456
1069 1073
1069 1080
1072 1455
1072 1456
1075 1370
1075 1372
1076 1370
1076 1372
1078 1088
1081 1371
1081 1373
1082 1371
1082 1373
1083 1088
1086 1090
1086 1091
1087 1090
1087 1091
1087 1358
1087 1359
1089 1358
1089 1359
1092 1291
1092 1292
1093 1282
1093 1283
1097 1119
1097 1125
1097 1257
1098 1181
1098 1184
1100 1117
1100 1124
1102 1119
1102 1125
1102 1257
1104 1203
1105 1114
1105 1115
1105 1121
1105 1127
1105 1129
1105 1130
1106 1369
1106 1372
1107 1117
1107 1124
1108 1138
1108 1144
1109 1203
1110 1181
1110 1184
1112 1369
1112 1372
1113 1133
1113 1137
1114 1117
1115 1117
1115 1138
1115 1144
1116 1129
1116 1130
1117 1121
1117 1122
1117 1127
1117 1129
1117 1130
1121 1133
1121 1137
1122 1124
1122 1133
1122 1137
1123 1126
1123 1128
1124 1126
1124 1128
1131 1139
1131 1145
1132 1139
1132 1145
1135 1181
1135 1184
1135 1215
1139 1151
1139 1152
1139 1181
1139 1184
1139 1215
1142 1195
1142 1200
1143 1215
1145 1151
1145 1152
1145 1156
1145 1157
1145 1158
1146 1195
1146 1200
1151 1152
1151 1156
1151 1157
1151 1158
1151 1181
1151 1184
1159 1370
1159 1372
1161 1370
1161 1372
1162 1163
1162 1164
1162 1250
1162 1252
1163 1164
1164 1250
1164 1252
1166 1294
1166 1297
1167 1282
1167 1283
1168 1294
1168 1297
1169 1294
1169 1297
1170 1176
1170 1178
1171 1176
1171 1178
1172 1176
1172 1178
1172 1264
1172 1265
1173 1176
1173 1178
1173 1264
1173 1265
1174 1277
1174 1279
1175 1277
1175 1279
1176 1186
1176 1187
1176 1271
1176 1273
1177 1267
1177 1268
1178 1186
1178 1187
1178 1271
1178 1273
1179 1267
1179 1268
1180 1183
1180 1185
1182 1183
1182 1185
1183 1305
1183 1307
1185 1305
1185 1307
1188 1465
1188 1468
1189 1465
1189 1468
1190 1194
1190 1197
1191 1192
1191 1194
1191 1196
1191 1197
1193 1201
1193 1206
1201 1205
1201 1207
1202 1205
1202 1207
1205 1206
1205 1210
1205 1212
1205 1213
1206 1207
1207 1210
1207 1212
1207 1213
1208 1228
1208 1232
1209 1228
1209 1232
1209 1240
1209 1244
1210 1240
1210 1244
1211 1215
1212 1240
1212 1244
1214 1215
1216 1219
1216 1220
1217 1219
1217 1220
1218 1221
1218 1222
1221 1223
1222 1223
1224 1245
1224 1248
1225 1245
1225 1248
1226 1227
1228 1229
1229 1232
1230 1436
1230 1439
1231 1436
1231 1439
1242 1251
1243 1272
1243 1274
1243 1424
1243 1427
1243 1447
1243 1449
1243 1450
1245 1250
1245 1447
1245 1448
1245 1449
1245 1451
1247 1272
1247 1274
1247 1424
1247 1427
1247 1447
1247 1448
1247 1449
1247 1450
1247 1451
1248 1448
1248 1451
1250 1447
1250 1449
1254 1388
1254 1389
1254 1422
1254 1428
1255 1383
1255 1384
1256 1383
1256 1384
1259 1319
1259 1321
1260 1319
1260 1321
1261 1388
1261 1389
1261 1422
1261 1428
1263 1269
1263 1271
1264 1316
1264 1317
1264 1320
1264 1323
1265 1316
1265 1317
1265 1320
1265 1323
1266 1305
1266 1307
1269 1271
1269 1273
1269 1471
1271 1273
1271 1367
1271 1368
1271 1471
1273 1367
1273 1368
1275 1361
1275 1362
1275 1363
1276 1364
1276 1365
1276 1366
1278 1361
1278 1362
1278 1363
1280 1364
1280 1365
1280 1366
1281 1305
1281 1307
1284 1285
1284 1290
1284 1293
1285 1290
1285 1293
1288 1290
1288 1293
1289 1322
1289 1325
1290 1293
1290 1327
1291 1295
1291 1300
1292 1295
1292 1300
1293 1327
1294 1297
1294 1301
1294 1302
1294 1306
1296 1303
1296 1304
1297 1301
1297 1302
1297 1306
1298 1303
1298 1304
1299 1305
1310 1312
1310 1315
1311 1312
1311 1315
1313 1318
1313 1324
1314 1318
1314 1324
1322 1326
1322 1328
1325 1328
1331 1334
1331 1335
1332 1334
1332 1335
1335 1337
1335 1342
1336 1338
1337 1344
1338 1339
1340 1341
1340 1343
1340 1349
1340 1353
1341 1346
1342 1344
1343 1346
1345 1349
1345 1353
1346 1350
1346 1354
1348 1350
1348 1354
1352 1355
1352 1356
1375 1378
1375 1413
1376 1377
1376 1378
1377 1399
1377 1401
1377 1407
1378 1399
1378 1401
1378 1407
1378 1415
1379 1411
1379 1416
1380 1408
1380 1417
1381 1455
1381 1456
1382 1455
1382 1456
1387 1391
1387 1392
1390 1391
1390 1392
1393 1408
1393 1417
1394 1396
1394 1397
1394 1398
1395 1396
1395 1397
1395 1398
1399 1403
1399 1404
1400 1405
1400 1406
1401 1403
1401 1404
1402 1405
1402 1406
1409 1411
1409 1416
1412 1414
1412 1420
1413 1415
1414 1419
1415 1426
1415 1430
1418 1426
1418 1430
1419 1420
1422 1458
1422 1461
1423 1432
1423 1435
1425 1432
1425 1435
1428 1447
1428 1449
1428 1458
1428 1461
1429 1443
1429 1450
1431 1447
1431 1449
1433 1443
1433 1450
1434 1438
1434 1440
1437 1438
1437 1440
1440 1454
1440 1455
1441 1452
1441 1453
1442 1443
1442 1447
1443 1446
1444 1452
1444 1453
1445 1454
1445 1455
1446 1447
1447 1457
1447 1460
1448 1458
1448 1461
1449 1457
1449 1460
1451 1458
1451 1461
1464 1469
1464 1470
1466 1469
1466 1470
1472 1478
1472 1482
1473 1484
1473 1485
1474 1484
1474 1485
1477 1484
1477 1485
1478 1479
1478 1482
1478 1483
1478 1484
1478 1485
1479 1481
1479 1484
1479 1485
1480 1484
1480 1485
1481 1482
1481 1484
1481 1485
1482 1483
1482 1484
1482 1485
