0 507
0 513
0 522
1 23
1 28
1 30
1 132
1 133
2 51
2 53
2 68
2 70
2 71
2 100
2 104
2 116
2 119
2 405
2 764
2 1387
2 1442
2 1444
3 507
3 513
3 522
4 537
4 539
4 1081
4 1083
5 514
5 519
6 21
6 22
6 28
6 133
6 134
6 257
6 260
6 497
6 499
6 514
6 518
6 519
6 520
6 524
6 526
6 529
6 571
6 573
6 597
6 599
6 600
6 604
6 809
6 811
6 1267
6 1273
6 1369
6 1376
6 1377
6 1394
6 1407
6 1437
6 1441
6 1486
6 1487
6 1610
6 1644
6 1646
6 1647
6 1681
6 1686
6 1785
6 1788
6 1790
6 1794
6 1796
6 1799
6 1842
6 1852
6 1954
6 2013
6 2526
6 2528
6 2533
6 2536
7 22
7 28
7 133
7 134
7 135
7 149
7 197
7 311
7 314
7 315
7 482
7 492
7 493
7 704
7 706
7 778
7 779
7 780
7 781
7 1053
7 1056
7 1369
7 1376
7 1377
7 1390
7 1391
7 1410
7 1437
7 1441
7 1442
7 1445
7 1551
7 1552
7 1573
7 1575
7 1603
7 1604
7 1644
7 1647
7 1681
7 1686
7 1785
7 1794
7 1962
7 2038
7 2040
7 2045
7 2050
7 2352
7 2353
8 1398
8 1428
8 1432
8 1485
8 1489
9 1485
9 1489
10 13
10 14
11 1085
11 1091
12 59
12 60
12 61
13 25
13 875
13 877
14 25
15 21
15 226
15 231
15 1317
16 505
16 512
16 662
16 669
17 505
17 512
17 662
17 669
18 963
18 968
19 963
19 968
20 914
20 915
21 22
21 28
21 29
21 35
21 42
21 46
21 342
21 383
21 488
21 491
21 497
21 499
21 504
21 508
21 518
21 519
21 520
21 524
21 526
21 529
21 551
21 562
21 564
21 571
21 573
21 579
21 580
21 582
21 809
21 811
21 888
21 891
21 1056
21 1267
21 1273
21 1305
21 1318
21 1394
21 1407
21 1741
21 1746
21 1788
21 1791
21 1793
21 1796
21 1799
21 1801
21 1802
21 1954
21 2013
21 2351
21 2353
21 2498
21 2501
21 2509
21 2510
22 28
22 47
22 49
22 133
22 134
22 135
22 149
22 257
22 260
22 342
22 383
22 482
22 492
22 493
22 504
22 508
22 515
22 518
22 519
22 520
22 523
22 524
22 526
22 529
22 533
22 551
22 562
22 564
22 573
22 597
22 599
22 600
22 604
22 610
22 613
22 809
22 811
22 847
22 888
22 891
22 1053
22 1055
22 1267
22 1273
22 1280
22 1283
22 1390
22 1391
22 1394
22 1407
22 1410
22 1421
22 1426
22 1437
22 1441
22 1442
22 1445
22 1486
22 1487
22 1539
22 1551
22 1552
22 1603
22 1604
22 1610
22 1644
22 1646
22 1647
22 1681
22 1686
22 1746
22 1754
22 1762
22 1769
22 1777
22 1784
22 1785
22 1788
22 1790
22 1794
22 1796
22 1799
22 1835
22 1842
22 1845
22 1852
22 1890
22 1891
22 1900
22 1902
22 1931
22 1932
22 1962
22 2351
22 2353
22 2509
22 2510
22 2526
22 2528
22 2533
22 2536
23 135
23 147
23 197
23 311
23 314
23 315
23 482
23 492
23 493
23 704
23 706
23 778
23 779
23 780
23 781
23 1053
23 1055
23 1056
23 1421
23 1426
23 1573
23 1575
23 2038
23 2040
23 2045
23 2050
23 2352
23 2353
24 1398
24 1428
24 1432
26 123
26 126
26 1081
26 1083
27 29
27 35
27 504
27 508
27 511
27 514
27 515
27 516
27 518
27 523
27 524
27 525
27 533
27 537
27 539
27 1048
27 1050
27 1266
27 1271
27 1806
27 1807
27 2351
27 2353
28 47
28 49
28 147
28 504
28 508
28 515
28 610
28 613
28 847
28 1050
28 1053
28 1055
28 1283
28 1297
28 1412
28 1421
28 1426
28 1539
28 1649
28 1653
28 1746
28 1754
28 1762
28 1769
28 1777
28 1784
28 1835
28 1845
28 1890
28 1891
28 1895
28 1897
28 1900
28 1902
28 1931
28 1932
28 2142
28 2158
28 2351
28 2353
29 33
29 35
29 397
29 398
29 480
29 481
29 491
29 497
29 499
29 504
29 508
29 517
29 518
29 521
29 523
29 524
29 533
29 579
29 580
29 582
29 1050
29 1053
29 1273
29 1274
29 1277
29 1280
29 1684
29 1689
29 1741
29 1746
29 1778
29 1784
29 1788
29 1801
29 2320
29 2324
29 2351
29 2353
29 2498
29 2501
30 147
30 1297
30 1412
30 1649
30 1653
30 1895
30 1897
30 2142
30 2158
31 123
31 126
32 1178
32 1184
33 35
33 41
33 44
33 472
33 480
33 481
33 504
33 506
33 508
33 511
33 514
33 515
33 518
33 519
33 523
33 524
33 525
33 533
33 826
33 836
33 841
33 859
33 862
33 1045
33 1048
33 1050
33 1052
33 1053
33 1055
33 1245
33 1258
33 1266
33 1271
33 1314
33 1685
33 1691
33 1778
33 1784
33 1790
33 1797
33 1798
33 2340
33 2342
33 2351
33 2353
34 1048
34 1050
35 39
35 42
35 397
35 398
35 517
35 521
35 1274
35 1277
35 1684
35 1689
35 1778
35 1784
35 2320
35 2324
36 1107
36 1109
36 1114
37 1178
37 1184
38 41
38 44
38 472
38 506
38 518
38 519
38 826
38 836
38 841
38 859
38 862
38 995
38 998
38 999
38 1053
38 1055
38 1245
38 1258
38 1314
38 1685
38 1691
38 1764
38 1765
38 1790
38 1797
38 2340
38 2342
38 2353
39 42
39 2234
39 2240
39 2241
39 2242
39 2280
39 2287
39 2291
40 1107
40 1109
40 1114
42 46
42 471
42 472
42 995
42 998
42 999
42 1006
42 1007
42 1020
42 1021
42 1317
42 1764
42 1765
42 1790
42 1797
42 2215
42 2229
42 2234
42 2238
42 2239
42 2240
42 2272
42 2280
42 2287
42 2291
42 2310
42 2313
42 2322
42 2323
43 1085
43 1091
44 904
44 905
44 958
44 959
44 1029
44 1031
45 1659
45 1660
45 2215
45 2229
45 2238
45 2239
45 2272
45 2310
45 2311
45 2313
45 2315
46 471
46 472
46 904
46 905
46 958
46 959
46 1006
46 1007
46 1020
46 1021
46 1029
46 1031
46 1317
46 2322
46 2323
47 205
47 1244
48 76
48 108
48 111
48 115
48 117
48 123
48 126
48 963
48 968
48 1109
48 1114
48 1115
48 1124
48 1128
48 1130
48 1133
48 1355
49 205
49 1244
50 963
50 968
50 1109
50 1114
50 1115
51 69
52 909
52 989
53 69
53 76
53 83
53 84
53 108
53 111
53 115
53 117
53 119
53 120
53 123
53 125
53 126
53 921
53 922
53 1124
53 1128
53 1130
53 1133
53 1355
53 1388
54 909
54 989
55 69
55 70
55 83
55 84
55 119
55 120
55 125
55 921
55 922
55 1033
55 1034
55 1063
55 1103
55 1109
55 1388
56 995
56 998
56 999
56 1112
56 1119
57 60
57 61
57 69
57 70
57 995
57 998
57 999
57 1033
57 1034
57 1063
57 1112
57 1119
58 853
58 1037
59 470
59 472
59 506
59 853
59 1025
59 1033
59 1034
59 1035
59 1037
59 1103
59 1109
60 61
60 62
60 470
60 1011
60 1025
60 1035
61 62
61 470
61 472
61 506
61 1011
61 1025
61 1035
62 914
62 915
63 542
63 543
64 163
64 167
64 520
64 526
64 1505
64 1507
65 163
65 167
65 190
65 192
65 1505
65 1507
66 92
66 97
67 92
67 97
68 70
68 71
68 105
68 108
68 116
68 119
68 1387
68 1442
68 1444
69 100
69 104
69 108
69 116
69 311
69 314
69 405
69 764
69 778
69 780
69 1063
69 1141
69 1142
69 1180
69 1182
69 1387
69 2401
69 2403
70 72
70 108
70 116
70 123
70 126
70 311
70 314
70 1135
70 1387
70 2401
70 2403
71 72
71 123
71 126
71 1135
73 1112
73 1120
74 1108
74 1117
75 1095
75 1097
76 126
76 1090
76 1095
76 1097
76 1355
77 117
77 119
77 518
77 524
77 820
77 845
77 1089
77 1094
77 1095
77 1097
77 1100
77 1101
77 1388
77 2379
77 2386
78 820
78 845
78 1089
78 1094
79 92
79 97
80 105
80 108
81 467
81 1036
82 467
82 1036
83 1050
83 1053
84 1050
84 1053
85 101
85 108
85 143
85 195
86 467
86 1036
87 101
87 108
87 143
87 195
88 128
88 146
88 528
88 533
89 162
89 165
89 172
89 174
90 128
90 146
90 1132
90 1133
91 186
91 188
92 128
92 146
92 528
92 533
92 1132
92 1133
93 162
93 165
93 172
93 174
94 128
94 146
95 132
95 133
95 137
95 154
95 157
95 182
95 185
95 186
95 188
95 189
95 191
95 220
95 221
95 248
95 254
95 269
95 270
95 684
95 818
95 1052
95 1053
95 1054
95 1298
95 1392
95 1444
95 1445
95 1464
95 1746
95 1754
95 1795
95 2014
96 193
96 194
97 1121
97 1124
97 1125
97 1128
98 193
98 194
99 154
99 157
99 252
99 255
99 1314
99 1617
99 1620
99 2353
102 1121
102 1124
102 1125
102 1128
103 186
103 188
103 189
103 191
103 248
103 249
103 254
103 255
103 269
103 270
103 684
103 818
103 1362
103 1365
103 1489
103 1499
106 1108
106 1113
106 1117
107 116
107 137
107 154
107 157
107 186
107 188
107 189
107 191
107 248
107 249
107 252
107 254
107 255
107 684
107 818
107 1052
107 1053
107 1362
107 1365
107 1387
107 1403
107 1489
107 1499
107 1520
108 1063
108 1457
108 1459
109 1108
109 1113
109 1117
110 116
110 154
110 157
110 189
110 191
110 221
110 224
110 1110
110 1111
110 1242
110 1243
110 1387
110 1453
110 1455
110 1457
110 1459
110 1467
110 1484
110 1487
110 1617
110 1620
110 2027
110 2031
110 2490
112 142
112 221
112 224
112 269
112 272
112 274
112 571
112 574
112 1110
112 1111
112 1242
112 1243
112 1453
112 1455
112 1457
112 1459
113 1467
113 1484
113 1487
113 2027
113 2031
113 2490
114 1112
114 1120
115 116
115 119
115 142
115 212
115 269
115 272
115 274
115 571
115 574
115 672
115 675
115 1054
115 1055
115 1109
115 1114
115 1170
115 1387
115 1539
115 1849
115 2435
115 2438
116 119
116 120
116 124
116 205
116 212
116 266
116 267
116 272
116 274
116 403
116 404
116 438
116 439
116 513
116 516
116 672
116 675
116 1054
116 1055
116 1063
116 1064
116 1065
116 1067
116 1068
116 1109
116 1114
116 1124
116 1128
116 1141
116 1142
116 1156
116 1157
116 1158
116 1168
116 1169
116 1170
116 1173
116 1176
116 1178
116 1183
116 1184
116 1226
116 1231
116 1243
116 1349
116 1357
116 1387
116 1388
116 1435
116 1437
116 1457
116 1459
116 1539
116 1664
116 1672
116 1711
116 1834
116 1844
116 1849
116 2086
116 2087
116 2435
116 2438
116 2444
116 2445
116 2455
116 2461
117 126
117 272
117 274
117 1100
117 1104
117 1124
117 1128
117 1210
117 1214
118 1124
118 1129
119 120
119 124
119 126
119 438
119 439
119 571
119 573
119 1086
119 1092
119 1140
119 1142
119 1156
119 1168
119 1169
119 1172
119 1178
119 1184
119 1349
119 1357
119 1388
119 1435
119 1437
119 1441
119 1442
119 1664
119 1672
119 1711
119 1834
119 1844
119 2086
119 2087
119 2455
119 2461
120 272
120 274
120 406
120 449
120 450
120 762
120 764
120 767
120 768
120 772
120 1066
120 1086
120 1092
120 1131
120 1132
120 1133
120 1134
120 1137
120 1138
120 1144
120 1148
120 1156
120 1159
120 1165
120 1168
120 1169
120 1171
120 1172
120 1178
120 1346
120 1351
120 1441
120 1442
120 1458
120 1707
120 1708
120 2356
120 2357
120 2387
120 2388
120 2392
120 2394
120 2420
120 2467
120 2469
121 571
121 573
122 123
122 449
122 450
122 767
122 772
122 1109
122 1110
122 1111
122 1114
122 1115
122 1116
122 1124
122 1129
122 1148
122 1159
122 1346
122 1458
122 2467
122 2469
123 1079
123 1082
123 1094
123 1100
123 1101
123 1106
123 1109
123 1110
123 1111
123 1112
123 1114
123 1115
123 1116
123 1120
124 1140
124 1142
125 127
125 271
125 272
125 409
125 449
125 451
125 762
125 768
125 828
125 1066
125 1131
125 1132
125 1133
125 1134
125 1144
125 1165
125 1171
125 1172
125 1174
125 1178
125 1183
125 1351
125 1707
125 1708
125 2356
125 2357
125 2387
125 2388
125 2392
125 2394
125 2420
126 518
126 524
126 542
126 544
126 1079
126 1082
126 1089
126 1090
126 1093
126 1094
126 1095
126 1097
126 1100
126 1101
126 1106
126 1110
126 1111
126 1112
126 1119
126 1123
126 1129
126 1355
126 1388
126 2379
126 2380
126 2385
126 2386
127 271
127 272
127 409
127 449
127 451
127 828
127 1174
127 1183
128 133
128 134
128 528
128 533
128 540
128 541
128 822
128 1061
128 1096
128 1098
129 511
129 514
129 518
129 521
129 524
129 525
130 181
130 182
131 133
131 134
132 147
132 150
132 1380
133 145
133 146
133 147
133 148
133 150
133 252
133 254
133 255
133 494
133 500
133 505
133 512
133 711
133 714
133 1376
133 1380
134 145
134 146
134 148
134 252
134 254
134 255
134 456
134 457
134 494
134 500
134 505
134 512
134 711
134 713
134 714
134 715
134 722
134 1376
135 1052
135 1053
136 1052
136 1053
137 156
137 159
137 181
137 182
137 252
137 255
137 1380
137 1812
137 1815
138 178
138 180
139 170
139 175
139 178
139 180
139 1392
139 1795
140 170
140 175
140 183
140 187
141 248
141 252
141 254
141 428
141 431
142 264
142 268
142 1054
142 1055
144 210
144 211
144 449
144 450
145 159
145 166
145 456
145 457
145 713
145 715
145 722
146 528
146 533
146 540
146 541
146 822
146 1061
146 1096
146 1098
148 159
148 166
151 158
151 161
152 1052
152 1053
153 542
153 543
154 1380
154 1812
154 1815
155 158
155 161
156 157
157 159
157 181
157 182
157 252
157 255
157 1380
157 1812
157 1815
158 169
158 173
160 169
160 173
161 248
161 254
163 505
163 512
164 248
164 254
167 505
167 512
168 526
168 534
171 526
171 534
172 520
172 526
173 505
173 512
174 520
174 526
174 1431
174 1435
175 520
175 526
175 1431
175 1435
176 505
176 512
177 505
177 512
179 520
179 526
179 1505
179 1507
180 1390
180 1391
180 1799
181 534
182 534
182 1380
183 248
183 1390
183 1391
183 1799
184 190
184 192
185 1380
186 1380
187 248
188 1380
189 1380
191 1380
193 1468
193 1469
194 1468
194 1469
196 210
196 211
196 449
196 450
197 1052
197 1053
198 222
198 223
198 428
198 431
198 710
198 721
198 1052
198 1053
199 222
199 223
199 428
199 431
199 710
199 721
199 1052
199 1053
200 229
200 230
201 229
201 230
202 323
202 324
203 579
203 580
203 582
203 586
203 594
204 579
204 580
204 582
204 586
204 594
205 909
205 989
205 1387
206 574
206 580
207 277
207 278
207 602
207 615
207 617
207 667
207 673
208 266
208 267
208 270
209 599
209 600
210 271
210 272
210 599
210 600
211 271
211 272
213 219
213 227
213 593
213 601
214 219
214 227
214 278
214 323
214 324
214 593
214 601
214 602
215 278
215 602
216 594
216 602
216 613
216 615
217 230
217 231
217 311
217 318
218 230
218 231
218 311
218 315
218 318
218 319
220 244
220 249
220 586
220 594
220 1380
221 244
221 245
221 249
221 311
221 314
221 315
221 586
221 594
221 1380
224 245
224 249
224 311
224 314
224 315
225 230
225 231
225 294
225 298
225 315
225 319
225 1052
225 1053
226 1056
227 250
227 256
228 594
228 602
228 613
228 615
229 230
229 231
230 231
230 1052
230 1053
230 1055
231 294
231 298
231 1052
231 1053
231 1055
231 1056
232 574
232 580
233 250
233 256
234 265
234 266
235 687
235 802
235 1050
235 1052
235 1053
235 1055
235 1057
236 687
236 802
236 1050
236 1052
236 1053
237 245
237 249
237 1057
237 1060
238 245
238 249
238 1057
238 1060
238 1223
238 1228
238 1450
238 1451
239 1223
239 1228
239 1450
239 1451
240 265
240 266
241 1055
241 1057
242 244
242 249
243 1392
243 1795
244 245
244 249
244 251
244 256
244 262
244 265
244 1055
244 1057
245 249
245 1190
245 1197
246 256
246 258
247 256
247 258
248 273
248 1380
249 262
249 265
249 1055
249 1057
249 1190
249 1197
250 251
250 256
250 262
250 265
252 273
252 699
252 708
252 752
252 755
252 1049
252 1052
253 1227
253 1233
254 273
254 1380
255 699
255 708
255 752
255 755
255 1049
255 1052
256 783
256 785
256 792
256 804
257 1227
257 1233
258 259
258 261
258 783
258 785
258 792
258 804
259 263
261 263
263 265
263 266
264 269
265 266
265 271
265 272
265 783
265 792
266 271
266 272
266 778
266 780
266 783
266 792
266 1238
266 1387
267 271
267 272
267 778
267 780
267 1053
267 1055
267 1238
267 1387
268 269
269 368
269 375
269 1054
269 1055
269 1380
270 271
270 272
270 368
270 375
270 1053
270 1055
270 1238
270 1380
271 272
271 274
271 407
271 432
271 446
271 448
272 274
272 407
272 432
272 446
272 448
272 769
272 774
272 809
272 811
272 1054
272 1055
272 1168
272 1169
272 1173
272 1229
272 1233
272 1387
273 428
273 431
274 769
274 774
274 809
274 811
274 1054
274 1055
274 1168
274 1169
274 1173
274 1229
274 1233
274 1387
275 618
275 619
276 614
276 615
277 309
277 317
277 614
277 615
277 684
277 818
277 1241
278 299
278 304
278 307
278 309
278 310
278 316
278 317
278 320
278 582
278 586
278 594
278 602
278 613
278 615
278 1228
278 1232
278 1241
279 566
279 571
280 700
280 709
280 744
280 745
280 748
280 751
280 755
281 748
281 755
282 748
282 751
282 755
283 312
283 316
284 312
284 316
285 579
285 582
285 735
285 740
286 618
286 619
287 416
287 418
287 422
288 684
288 818
289 579
289 582
289 735
289 740
290 416
290 418
290 422
291 705
291 710
292 705
292 710
292 737
292 742
293 586
293 594
293 705
293 710
294 731
294 736
294 737
294 742
294 1050
294 1053
295 594
295 597
295 601
295 602
295 614
295 615
295 705
295 710
295 731
295 732
295 736
295 737
296 313
296 320
296 586
296 594
297 705
297 709
297 710
297 739
297 747
298 594
298 597
298 601
298 602
298 614
298 615
298 731
298 732
298 736
298 737
298 742
298 1050
298 1053
299 602
300 313
300 320
300 594
300 602
301 549
301 594
301 602
301 683
302 615
302 617
302 710
302 714
302 721
302 738
302 743
303 313
303 320
303 594
303 602
304 549
304 602
304 683
305 615
305 617
305 705
305 709
305 710
305 714
305 721
305 738
305 739
305 743
305 747
306 313
306 320
306 594
306 602
307 602
308 586
308 594
309 602
309 709
309 717
309 804
309 809
310 602
311 749
311 753
311 1053
311 1056
311 1063
313 314
313 315
313 316
313 320
313 613
313 615
313 804
313 809
314 320
314 1063
315 320
315 1053
315 1056
316 320
316 602
316 804
316 809
317 709
317 717
318 749
318 753
320 602
320 613
320 615
321 586
321 594
322 748
322 755
325 858
325 863
326 858
326 860
326 861
326 863
326 1271
326 1276
327 329
327 330
327 331
327 332
327 353
327 354
327 1295
327 1296
328 1295
328 1296
329 346
329 350
329 355
330 346
330 350
330 355
331 346
332 346
333 340
333 1290
334 502
334 510
334 513
334 711
334 718
334 765
334 767
334 772
335 711
335 718
335 1452
335 1454
336 712
336 713
336 719
336 1452
336 1454
337 390
337 393
337 395
338 348
338 352
338 1271
338 1276
339 341
339 1285
340 347
341 1290
342 1247
342 1248
343 367
343 374
343 381
344 1256
344 1261
345 1256
345 1261
346 353
346 354
346 1295
346 1296
347 1290
348 352
348 865
348 870
348 1293
349 800
349 801
351 860
351 861
351 1271
351 1276
352 865
352 870
352 1293
353 1245
353 1258
353 1262
354 800
354 801
354 1245
354 1258
354 1262
356 511
356 516
357 1295
357 1296
358 1295
358 1296
359 511
359 516
360 1275
360 1280
361 1254
361 1269
361 1283
361 1284
362 367
362 381
363 367
363 381
364 1254
364 1269
364 1283
364 1284
365 502
365 510
365 513
365 710
365 714
366 711
366 712
366 1295
366 1296
366 1809
366 1810
367 370
367 379
367 477
367 489
368 369
368 376
368 603
368 608
368 693
368 694
368 699
368 707
368 716
368 775
368 778
368 780
368 867
368 869
368 872
369 376
370 374
370 377
370 381
371 710
371 711
371 714
371 718
371 1295
371 1296
372 715
372 722
372 1295
372 1296
373 386
373 391
373 711
373 712
373 1295
373 1296
373 1809
373 1810
374 379
375 386
375 391
375 603
375 608
375 693
375 694
375 699
375 707
375 716
375 775
375 778
375 780
376 867
376 869
376 872
377 391
377 394
378 391
378 394
379 381
379 481
379 488
380 715
380 722
381 477
381 489
382 699
382 708
383 391
383 394
384 460
384 612
384 699
384 708
384 805
384 808
384 1275
384 1280
385 390
385 393
387 390
387 393
387 460
387 612
387 805
387 808
388 391
388 394
388 1247
388 1248
389 406
389 433
389 708
389 715
390 695
391 786
391 790
392 406
392 433
392 708
392 715
393 406
393 433
393 695
393 708
393 715
394 786
394 790
395 694
395 695
395 697
396 694
396 697
397 921
397 922
398 906
398 921
398 922
398 983
398 1271
398 1276
399 961
399 972
400 410
400 449
400 451
400 452
401 410
401 449
401 451
401 452
401 1065
401 1156
402 438
402 439
403 410
403 446
403 448
403 452
403 1387
404 410
404 446
404 448
404 452
404 1387
406 1200
406 1206
406 1388
408 689
408 707
410 449
410 450
410 772
410 1076
410 1079
411 825
411 841
411 844
412 851
412 852
413 632
413 638
413 906
413 983
413 1271
413 1276
413 1790
413 1792
413 1797
414 632
414 638
414 961
414 972
414 1790
414 1792
414 1797
415 912
415 997
417 497
417 499
419 912
419 913
419 914
419 997
420 825
420 841
420 844
420 913
420 914
421 497
421 499
422 776
422 781
423 1093
423 1094
424 725
424 726
425 1093
425 1094
426 725
426 726
426 776
426 781
427 446
427 448
428 763
428 771
429 763
429 771
430 446
430 448
434 436
434 437
435 436
435 437
438 445
438 447
438 762
439 445
439 447
439 762
440 760
440 761
440 1165
440 1171
441 444
441 445
442 760
442 761
442 1165
442 1171
443 444
443 445
449 452
449 757
449 837
449 839
449 1064
449 1157
449 1224
450 452
450 1064
450 1157
451 757
451 837
451 839
451 1064
451 1157
451 1177
451 1187
451 1224
452 772
452 1076
452 1079
453 1177
453 1187
454 1071
454 1075
455 1071
455 1075
458 1251
458 1252
458 1295
458 1296
459 1050
459 1053
459 1288
459 1289
460 1050
460 1053
460 1288
460 1289
461 603
461 608
462 589
462 592
462 603
462 608
463 484
463 498
463 648
463 649
463 655
463 1270
463 1271
464 648
464 649
464 655
465 470
465 483
465 545
465 552
465 636
465 642
465 1931
465 1932
466 545
466 552
466 636
466 642
467 549
467 550
468 516
468 527
468 529
468 532
468 549
468 550
469 516
469 527
469 529
469 532
470 567
470 1019
470 1022
470 1042
470 1043
472 1009
472 1013
472 1020
472 1021
472 1023
473 826
473 836
473 1044
474 826
474 836
474 1044
475 1931
475 1932
476 484
476 498
476 1270
476 1271
477 589
477 592
477 631
477 637
478 484
478 498
479 1050
479 1053
480 1251
480 1252
480 1295
480 1296
481 1265
483 567
484 490
484 592
484 600
484 874
484 877
485 495
485 501
485 509
486 631
486 637
487 826
487 841
487 844
488 1265
488 1317
488 1680
488 1682
489 495
489 501
489 509
490 498
490 670
490 672
490 675
490 1053
490 1056
491 1317
491 1399
491 1432
491 1746
491 1762
495 620
495 621
495 670
495 672
495 675
495 1053
495 1056
496 826
496 841
496 844
497 499
497 504
497 508
497 868
497 885
497 1317
497 1680
497 1682
497 1716
497 1785
497 1794
497 1901
498 592
498 600
498 874
498 877
499 504
499 508
499 868
499 885
499 1399
499 1432
499 1716
499 1746
499 1762
499 1901
501 620
501 621
502 551
502 559
502 825
502 826
503 514
503 519
503 521
504 1052
504 1053
504 1317
506 1009
506 1013
506 1020
506 1021
506 1023
507 1275
507 1280
508 1052
508 1053
508 1317
508 1785
508 1794
509 620
509 621
510 551
510 559
510 825
510 826
511 514
511 519
511 521
511 534
513 599
513 604
513 826
513 836
513 1044
513 1275
513 1280
513 1387
513 1784
513 1794
514 515
514 518
514 519
514 521
514 524
514 525
514 534
515 518
515 519
515 524
516 599
516 604
516 826
516 836
516 1044
516 1317
516 1387
516 1784
516 1794
518 519
518 534
518 535
518 1304
518 1317
518 1319
518 2351
518 2353
519 521
519 524
519 525
521 525
521 534
522 1275
522 1280
524 534
524 535
524 1304
524 1317
524 1319
524 2351
524 2353
525 534
530 536
530 538
531 536
531 538
542 1355
544 1355
546 565
546 572
546 591
546 605
547 557
547 563
547 581
547 585
547 587
547 588
547 589
547 595
547 596
547 599
547 604
548 557
548 563
548 581
548 585
548 587
548 588
548 589
548 595
548 596
548 599
548 604
549 867
549 873
549 876
549 1409
549 1413
550 867
550 873
550 876
551 805
551 808
553 554
553 555
554 664
555 664
556 557
556 563
556 581
556 585
556 599
556 604
557 561
558 599
558 604
559 805
559 808
559 1239
559 1240
560 599
560 604
561 563
561 581
561 585
562 577
562 581
562 1239
562 1240
565 598
565 604
565 652
565 659
565 670
566 584
566 590
566 1072
566 1147
567 647
567 652
568 647
568 652
568 1050
568 1053
569 652
569 659
569 1050
569 1053
570 577
570 581
571 584
571 590
571 599
571 600
571 1072
571 1147
572 598
572 604
572 670
572 1070
572 1107
573 577
573 581
573 599
573 600
573 1072
573 1147
574 1072
574 1147
575 652
575 654
576 652
576 654
578 1070
578 1107
579 582
579 586
579 599
579 604
579 705
579 709
579 735
579 740
580 599
580 600
582 586
582 599
582 602
582 604
582 705
582 709
582 735
582 740
583 607
583 610
585 607
585 610
586 602
586 1232
586 1234
587 588
587 595
588 595
588 599
588 604
588 672
588 675
591 599
591 604
591 670
592 1225
592 1230
593 603
593 607
593 608
593 610
594 602
594 603
594 607
594 608
594 610
594 710
594 721
594 1232
594 1234
595 672
595 675
596 599
596 604
598 1295
598 1296
599 604
600 1225
600 1230
602 613
602 615
602 710
602 721
602 1228
602 1232
602 1241
604 1295
604 1296
605 670
606 875
606 877
609 875
609 877
611 1200
611 1202
613 1200
613 1202
615 1241
615 1253
615 1257
615 1260
616 1253
616 1257
616 1260
617 1241
620 927
620 934
620 942
620 948
620 953
620 957
620 984
620 990
621 927
621 934
621 942
621 943
621 948
621 949
621 953
621 957
621 984
621 990
622 917
622 927
622 943
622 949
623 917
623 927
623 974
623 977
624 645
624 646
624 942
624 948
625 645
625 646
625 942
625 948
626 627
626 660
626 666
626 916
627 634
627 651
627 653
627 658
627 660
627 677
627 678
628 1046
628 1047
629 645
629 646
629 942
629 948
630 944
630 951
631 642
631 643
631 645
631 646
631 942
631 948
631 958
631 959
632 942
632 948
633 645
633 646
634 916
635 942
635 948
635 1046
635 1047
637 642
637 643
637 645
637 646
637 942
637 948
637 958
637 959
638 645
638 646
639 944
639 951
640 942
640 948
641 958
641 959
644 958
644 959
645 942
645 948
648 826
648 1044
649 942
649 948
650 662
650 669
651 916
652 1275
652 1280
653 916
654 1275
654 1280
655 826
655 1044
656 856
656 857
657 662
657 669
657 856
657 857
658 916
659 791
659 798
659 1050
659 1053
660 916
660 940
661 791
661 798
661 1050
661 1053
662 894
662 895
662 1178
662 1184
662 1291
662 1295
662 1296
663 680
663 682
665 667
665 673
666 667
666 673
666 940
667 668
667 671
667 673
667 1241
668 673
668 1270
668 1271
669 894
669 895
669 1178
669 1184
669 1291
669 1295
669 1296
671 673
672 1178
672 1184
673 1241
673 1270
673 1271
674 677
674 679
674 680
674 681
674 682
675 1178
675 1184
676 677
676 679
676 681
677 916
678 916
683 1409
683 1413
684 705
684 709
684 879
684 881
684 1052
684 1054
684 1380
684 1438
684 1440
685 700
685 709
686 700
686 709
687 696
687 702
687 703
687 711
687 714
687 718
687 725
687 726
687 809
687 811
687 842
687 843
688 736
688 737
689 766
689 788
689 794
690 765
690 767
690 772
691 712
691 713
691 719
691 803
691 804
692 712
692 713
692 719
694 706
694 707
696 802
697 706
697 707
698 731
698 736
698 803
698 804
698 1247
698 1250
699 706
699 707
699 716
699 726
699 732
699 1257
699 1260
700 743
701 742
701 746
702 731
702 736
702 802
702 1247
702 1250
703 802
703 1257
703 1260
705 709
705 710
705 818
706 708
706 715
706 722
707 708
707 715
707 722
707 766
707 788
707 794
708 716
708 726
708 732
708 1257
708 1260
709 710
709 743
709 818
710 730
710 731
710 734
710 735
710 736
710 740
710 804
710 809
711 727
711 728
711 736
711 737
711 742
711 746
711 802
713 731
713 736
713 776
713 781
713 1247
713 1250
714 729
714 733
714 735
714 736
714 737
714 740
714 742
714 802
714 804
714 809
714 811
716 736
716 737
718 727
718 728
718 737
718 742
718 802
719 731
719 736
719 776
719 781
719 1247
719 1250
720 737
720 742
721 729
721 730
721 731
721 733
721 734
721 736
721 804
721 809
723 809
723 811
724 737
724 742
725 802
726 802
731 737
731 742
731 746
735 737
735 742
735 745
735 746
735 754
736 737
736 741
736 742
736 746
737 740
737 741
737 742
740 742
740 745
740 746
740 754
741 742
743 744
743 745
743 748
743 751
743 755
750 752
750 755
752 754
754 755
756 805
756 808
757 791
757 798
758 784
758 799
758 805
758 808
759 882
759 883
759 1217
759 1221
759 1225
760 882
760 883
760 1217
760 1221
760 1225
763 1200
763 1206
764 1289
764 1290
764 1388
767 1176
767 1190
767 1295
767 1296
768 858
768 863
770 1065
770 1156
772 1176
772 1190
772 1295
772 1296
773 1154
773 1166
774 1289
774 1290
775 858
775 863
775 1200
775 1202
776 1254
776 1259
777 1200
777 1202
778 782
778 787
778 805
778 808
778 1063
778 1154
778 1166
779 1254
779 1259
780 782
780 787
780 805
780 808
780 1063
781 1254
781 1259
784 810
784 812
784 1217
784 1220
784 1221
786 849
786 850
787 870
787 871
789 790
789 797
789 800
790 796
790 849
790 850
791 1235
792 1239
792 1240
793 870
793 871
795 1239
795 1240
796 797
796 800
798 1235
799 1217
799 1220
799 1221
802 809
802 811
802 842
802 843
805 806
805 808
805 812
805 813
805 1257
805 1263
806 808
807 810
807 812
807 1217
807 1221
808 812
808 813
808 1257
808 1263
814 815
814 816
815 817
816 817
818 879
818 881
818 1052
818 1054
818 1380
818 1438
818 1440
819 1073
819 1078
819 1094
819 1100
820 1073
820 1078
820 1094
820 1100
821 859
821 862
823 1089
823 1094
824 830
824 833
826 1319
827 851
827 852
829 832
829 835
830 832
830 835
830 837
830 838
830 839
830 840
830 844
831 837
831 839
833 837
833 838
833 839
833 840
833 844
834 837
834 839
845 1073
845 1078
845 1094
845 1100
846 1089
846 1094
847 864
847 866
848 864
848 866
854 963
854 968
855 963
855 968
856 880
856 882
856 925
856 936
857 880
857 882
857 925
857 936
858 865
858 870
859 1074
859 1270
859 1271
862 1074
862 1270
862 1271
863 865
863 870
867 882
867 883
867 886
867 1283
867 1284
868 883
868 884
869 882
869 883
869 886
869 1283
869 1284
870 873
870 874
870 875
870 876
871 873
871 874
871 875
871 876
872 882
872 883
872 886
872 1283
872 1284
873 925
873 936
874 882
874 883
874 894
874 895
874 1270
874 1271
874 1790
874 1797
875 882
875 883
875 894
875 895
875 1062
875 1270
875 1271
875 1790
875 1797
876 925
876 936
877 1062
878 882
878 883
879 882
879 883
879 884
879 887
881 884
881 887
882 939
882 946
882 975
882 979
883 885
884 885
886 939
886 946
886 975
886 979
889 942
889 948
890 1249
890 1272
892 942
892 948
893 1249
893 1272
896 964
896 968
897 964
897 968
898 899
898 922
898 924
898 938
899 922
899 924
899 995
899 996
899 998
900 922
900 924
900 995
900 998
901 922
901 924
901 967
901 969
902 903
902 971
902 1790
902 1797
902 1800
902 1804
903 960
904 906
904 907
904 983
905 978
905 982
905 995
905 998
905 1268
905 1272
905 1283
905 1284
906 973
906 1268
906 1272
907 973
908 909
908 993
909 985
909 986
909 994
909 1002
909 1004
909 1243
909 1266
909 1271
909 1279
909 1282
909 1730
909 2308
910 2231
910 2242
910 2245
911 2231
911 2242
911 2245
912 1004
912 1010
913 1001
913 1004
913 1010
913 1014
914 1011
914 1029
914 1031
914 1040
915 1011
915 1029
915 1031
915 1040
918 958
918 959
919 958
919 959
919 974
919 977
920 952
920 958
920 959
920 1050
920 1051
921 922
921 929
921 942
921 943
921 948
921 949
921 950
921 955
921 958
921 959
921 996
921 1000
922 929
922 931
922 932
922 938
922 943
922 949
922 950
922 955
922 958
922 959
922 992
922 996
922 1000
923 933
923 941
924 931
924 932
924 938
924 992
924 996
925 936
926 933
926 941
926 966
926 970
928 942
928 948
928 952
928 958
928 1050
928 1051
930 953
930 957
930 958
930 959
931 938
931 945
931 954
931 958
931 959
932 945
932 954
933 937
933 941
933 944
935 953
935 957
935 958
935 959
937 941
937 966
937 970
938 945
938 954
938 958
938 959
938 996
940 1246
940 1264
941 944
947 1246
947 1264
952 953
952 957
952 962
952 965
953 956
953 957
956 957
958 962
958 965
960 971
960 1790
960 1797
960 1800
960 1804
967 992
969 992
973 983
976 978
976 982
976 995
976 998
976 1268
976 1272
976 1283
976 1284
980 987
980 988
981 987
981 988
985 989
986 989
989 1002
989 1004
989 1243
989 1266
989 1271
989 1279
989 1282
989 1730
989 2308
991 1001
991 1014
993 994
995 998
996 1052
996 1053
1000 1052
1000 1053
1001 1008
1001 1012
1001 1015
1001 1016
1003 1009
1003 1013
1005 1009
1005 1013
1006 1009
1006 1013
1008 1014
1012 1014
1014 1015
1014 1016
1017 1025
1017 1029
1018 1025
1018 1029
1019 1025
1022 1025
1024 1026
1024 1032
1026 1030
1027 1029
1027 1031
1028 1029
1028 1031
1029 1042
1029 1043
1030 1032
1038 1039
1038 1041
1039 1041
1045 1319
1047 1058
1047 1059
1048 1319
1049 1448
1049 1449
1050 1319
1051 1058
1051 1059
1052 1319
1052 1345
1052 1356
1052 1380
1052 1390
1052 1391
1052 1448
1052 1449
1052 1791
1052 1793
1052 1799
1052 1802
1053 1319
1053 1380
1053 1390
1053 1391
1053 1791
1053 1793
1053 1799
1053 1802
1054 1178
1054 1184
1054 1345
1054 1356
1054 1380
1055 1178
1055 1184
1055 1448
1055 1449
1056 1317
1057 1448
1057 1449
1063 1141
1063 1142
1063 1180
1063 1182
1063 1387
1064 1387
1065 1156
1065 1168
1065 1387
1065 2358
1065 2427
1066 1156
1066 1163
1066 1167
1066 1168
1066 1169
1066 1173
1066 1176
1066 1190
1066 1221
1066 1224
1066 2358
1066 2427
1067 1387
1068 1387
1069 1151
1069 1161
1070 1151
1070 1161
1070 1192
1070 1199
1073 1084
1073 1087
1073 1109
1073 1114
1073 1115
1073 2382
1073 2386
1076 2420
1076 2421
1077 1080
1077 1109
1077 1114
1078 1084
1078 1087
1078 1109
1078 1114
1078 1115
1078 2382
1078 2386
1079 2420
1079 2421
1080 1109
1080 1114
1086 1107
1086 1109
1086 1114
1088 1140
1088 1142
1089 1099
1089 1105
1092 1107
1092 1109
1092 1114
1093 1140
1093 1142
1093 1355
1094 1099
1094 1105
1094 1355
1095 1118
1097 1118
1100 1110
1100 1111
1100 1132
1100 1133
1100 1355
1100 1388
1101 1110
1101 1111
1101 1132
1101 1133
1101 1355
1102 1161
1102 1162
1102 1189
1102 1196
1102 1203
1102 2029
1102 2040
1102 2378
1102 2380
1104 1110
1104 1111
1104 1388
1106 1110
1106 1111
1106 1124
1106 1128
1107 1109
1107 1114
1107 1161
1107 1162
1107 1189
1107 1192
1107 1196
1107 1199
1107 1203
1107 2029
1107 2040
1107 2378
1107 2380
1108 1118
1109 1114
1110 1121
1110 1124
1110 1125
1110 1128
1110 1132
1110 1138
1110 1355
1111 1121
1111 1124
1111 1125
1111 1128
1111 1132
1111 1138
1111 1355
1112 1355
1117 1118
1119 1126
1119 1355
1120 1355
1121 1124
1121 1128
1121 1141
1121 1142
1122 1134
1122 1137
1123 1355
1124 1128
1124 1136
1124 1139
1124 1141
1124 1142
1124 1143
1124 1146
1124 1387
1124 1388
1125 1141
1125 1142
1127 1134
1127 1137
1128 1141
1128 1142
1128 1143
1128 1146
1128 1387
1128 1388
1129 1136
1129 1139
1129 1355
1137 1388
1138 1388
1140 1163
1140 1167
1141 1387
1141 2381
1141 2384
1142 1387
1142 2381
1142 2384
1144 1156
1144 1168
1144 1169
1144 1173
1144 1174
1144 1176
1144 1183
1144 1190
1144 1221
1144 1224
1144 2358
1144 2427
1145 1174
1145 1183
1147 1164
1147 1165
1147 1178
1147 1184
1148 1164
1148 1165
1149 1198
1149 1204
1149 1223
1149 1228
1150 1179
1150 1185
1151 1152
1151 1162
1151 1179
1151 1185
1152 1161
1153 1164
1153 1165
1153 1178
1153 1184
1154 1186
1154 1193
1154 1223
1154 1226
1155 1158
1155 1170
1156 1169
1156 1173
1156 1174
1156 1183
1156 1387
1157 1387
1158 1168
1158 1387
1160 1181
1160 1185
1160 1191
1160 1193
1160 1195
1160 1198
1160 1204
1160 1223
1160 1228
1161 1162
1163 1177
1163 1187
1165 1178
1165 1181
1165 1184
1165 1186
1165 1188
1165 1191
1165 1193
1165 1195
1165 1198
1165 1199
1165 1204
1165 2406
1165 2408
1166 1186
1166 1193
1167 1177
1167 1187
1167 1223
1167 1226
1168 1169
1168 1170
1168 1173
1168 1174
1168 1183
1168 1186
1168 1193
1168 1387
1169 1173
1169 1176
1169 1186
1169 1190
1169 1193
1169 1387
1171 1178
1171 1181
1171 1184
1171 1185
1171 1186
1171 1188
1171 1189
1171 1191
1171 1193
1171 1195
1171 1196
1171 1198
1171 1199
1171 1204
1171 2406
1171 2408
1172 1181
1172 1188
1172 1195
1172 1388
1173 1176
1173 1186
1173 1190
1173 1193
1173 1387
1175 1188
1175 1189
1175 1195
1175 1196
1176 1182
1176 1194
1176 1199
1176 1200
1176 1201
1176 1202
1176 1204
1176 1207
1176 1208
1176 1209
1176 1219
1176 1226
1176 1387
1177 1179
1177 1185
1178 1192
1178 1195
1178 1196
1178 1198
1178 1199
1178 1204
1178 1217
1178 1221
1178 1239
1178 1240
1178 1387
1178 1388
1179 1187
1181 1195
1182 1190
1183 1387
1184 1192
1184 1195
1184 1196
1184 1198
1184 1199
1184 1204
1184 1217
1184 1221
1184 1239
1184 1240
1184 1387
1185 1187
1186 1190
1186 1197
1190 1193
1190 1194
1190 1199
1190 1200
1190 1201
1190 1202
1190 1204
1190 1207
1190 1208
1190 1209
1190 1219
1190 1226
1192 1207
1192 1208
1193 1197
1197 1200
1197 1204
1197 1206
1197 1207
1199 1200
1199 1202
1199 1204
1199 1207
1199 1208
1200 1204
1200 1205
1200 1210
1200 1214
1200 1223
1200 1228
1202 1204
1202 1210
1202 1214
1204 1205
1204 1207
1204 1223
1204 1226
1204 1227
1204 1233
1205 1206
1205 1207
1206 1223
1206 1228
1207 1223
1207 1226
1207 1227
1207 1233
1210 1219
1210 1226
1210 1388
1211 1232
1211 1234
1212 1219
1212 1226
1212 1232
1212 1234
1213 1227
1213 1233
1214 1219
1214 1226
1214 1388
1215 1219
1215 1226
1216 1227
1216 1233
1218 1219
1218 1226
1219 1222
1221 2048
1221 2053
1222 1226
1223 1228
1225 2048
1225 2053
1226 1387
1226 2356
1226 2428
1227 2356
1227 2428
1231 1387
1236 1239
1236 1240
1237 1239
1237 1240
1239 2483
1239 2485
1240 2483
1240 2485
1243 1387
1251 1273
1251 1275
1251 1280
1255 1273
1255 1275
1255 1280
1256 1257
1256 1260
1257 1261
1260 1261
1266 1319
1270 1291
1270 1295
1271 1291
1271 1293
1271 1295
1271 1319
1276 1293
1278 1289
1278 1290
1278 1295
1278 1296
1281 1289
1281 1290
1281 1295
1281 1296
1285 1290
1286 1292
1286 1294
1287 1292
1287 1294
1298 1380
1298 1464
1298 1465
1298 1823
1298 1832
1299 1527
1299 1529
1300 2180
1300 2194
1300 2195
1300 2274
1301 1538
1301 1539
1301 1769
1301 1778
1301 2043
1301 2044
1301 2486
1301 2488
1302 1662
1302 2023
1303 1599
1303 1605
1304 1804
1304 1805
1304 1808
1304 1809
1304 1812
1305 1317
1305 1726
1305 1727
1306 1726
1306 1727
1307 1326
1307 1328
1307 2405
1307 2407
1308 2405
1308 2407
1309 2329
1309 2330
1309 2331
1310 2320
1310 2324
1311 2320
1311 2324
1312 2277
1312 2281
1313 1399
1313 1400
1313 1457
1313 1459
1313 1497
1313 1508
1313 2099
1313 2100
1313 2368
1313 2370
1314 1380
1314 1399
1314 1400
1314 1497
1314 1508
1315 2258
1315 2264
1316 2258
1316 2264
1317 1318
1317 1791
1317 1793
1317 1802
1317 2351
1317 2353
1319 1797
1319 1798
1319 1806
1319 1807
1319 2351
1319 2353
1320 1331
1320 1333
1320 1809
1320 1813
1321 1326
1321 1328
1321 1331
1321 1333
1321 1809
1321 1813
1322 1659
1322 1660
1322 2241
1322 2242
1322 2311
1322 2315
1323 2323
1323 2325
1324 2329
1324 2330
1325 1751
1325 1766
1325 2323
1325 2325
1325 2329
1325 2330
1325 2331
1326 1751
1326 1766
1326 1780
1326 1782
1326 2329
1326 2330
1326 2331
1327 1723
1327 1734
1327 1751
1327 1766
1327 2229
1327 2238
1327 2239
1327 2494
1327 2497
1327 2529
1329 1656
1329 1680
1329 1682
1329 1737
1329 1750
1329 2137
1329 2140
1329 2180
1329 2276
1330 1737
1330 1750
1330 2180
1330 2276
1331 1654
1331 1655
1331 1770
1331 1779
1331 1780
1331 1782
1331 1790
1331 1797
1331 2351
1331 2353
1332 2229
1332 2238
1332 2239
1332 2494
1332 2497
1332 2529
1333 1654
1333 1655
1333 1723
1333 1728
1333 1729
1333 1734
1333 1759
1333 1770
1333 1779
1333 1780
1333 1782
1333 1790
1333 1797
1333 2351
1333 2353
1334 2326
1334 2327
1335 1656
1335 1680
1335 1682
1335 2137
1335 2140
1336 1728
1336 1729
1336 1759
1336 1770
1336 1779
1336 1790
1336 1797
1337 1728
1337 1729
1338 2326
1338 2327
1339 2290
1339 2300
1340 1747
1340 1750
1340 2311
1340 2314
1341 1747
1341 1750
1341 2311
1341 2314
1342 2277
1342 2281
1342 2285
1342 2290
1342 2295
1342 2300
1342 2306
1342 2307
1343 2277
1343 2281
1343 2285
1343 2295
1343 2306
1343 2307
1344 1368
1344 1371
1344 1373
1344 1375
1345 1414
1345 1418
1345 1437
1345 1441
1346 2435
1346 2438
1347 2025
1347 2034
1347 2035
1347 2435
1347 2438
1348 2025
1348 2034
1348 2035
1349 1352
1349 1353
1350 2471
1350 2475
1352 1357
1353 1357
1354 1368
1354 1373
1355 2380
1355 2385
1356 1414
1356 1418
1356 1437
1356 1441
1358 1810
1358 1813
1358 2369
1358 2372
1359 1378
1359 1379
1359 1381
1359 1382
1360 1378
1360 1379
1360 1381
1360 1382
1361 1416
1361 1417
1361 1419
1363 1413
1363 1414
1363 1810
1363 1813
1363 2369
1363 2372
1364 1416
1364 1419
1364 1814
1364 1816
1366 1814
1366 1816
1367 1447
1367 1451
1368 1379
1368 1382
1368 1383
1368 1420
1369 1376
1369 2369
1369 2372
1370 1447
1370 1451
1371 1416
1371 1417
1371 1419
1371 1420
1372 1413
1372 1414
1372 1804
1372 1805
1372 1808
1372 1809
1372 1812
1373 1379
1373 1382
1373 1383
1373 1420
1374 1777
1374 1784
1375 1420
1376 1377
1377 1777
1377 1784
1379 1771
1379 1783
1380 1392
1380 1403
1380 1444
1380 1445
1380 1464
1380 1520
1380 1746
1380 1754
1380 1795
1380 2014
1380 2353
1381 1385
1381 1386
1381 1771
1381 1783
1384 1385
1384 1386
1387 1388
1387 1457
1387 1459
1387 2444
1387 2445
1389 1785
1389 1803
1391 2068
1391 2072
1392 1989
1392 1993
1393 1401
1393 1402
1393 1741
1393 1746
1393 1754
1394 1401
1394 1402
1394 1423
1394 1427
1394 1741
1394 1746
1394 1754
1394 2351
1394 2353
1395 1425
1395 1430
1396 1399
1396 1400
1396 1425
1396 1430
1396 1432
1396 1494
1396 1496
1397 1399
1397 1400
1397 1432
1397 1494
1397 1496
1399 1431
1399 1435
1399 1461
1399 1462
1399 1475
1399 1555
1399 1690
1399 1692
1399 1741
1399 1746
1400 1431
1400 1435
1400 1461
1400 1462
1400 1475
1400 1555
1400 2352
1400 2354
1404 1405
1404 1741
1404 1746
1405 1741
1405 1746
1406 1527
1406 1529
1407 1415
1407 1423
1407 1427
1407 2351
1407 2353
1408 1791
1408 1802
1408 1812
1408 1815
1409 1791
1409 1802
1409 1812
1409 1815
1411 2068
1411 2072
1413 1429
1413 1433
1413 1796
1413 1799
1414 1429
1414 1433
1414 1785
1414 1796
1414 1799
1414 1803
1418 1785
1418 1803
1422 2428
1422 2430
1424 2428
1424 2430
1425 1437
1425 1441
1430 1437
1430 1441
1431 1436
1431 1439
1431 1441
1431 1442
1432 1690
1432 1692
1432 1741
1432 1746
1434 1441
1434 1442
1435 1436
1435 1439
1442 1512
1442 1515
1443 1512
1443 1515
1444 1512
1444 1515
1446 1512
1446 1515
1456 2409
1456 2413
1457 2355
1458 2409
1458 2413
1458 2435
1458 2438
1459 2355
1460 1475
1460 1476
1460 1980
1460 1984
1461 1475
1461 1476
1461 1494
1461 1496
1462 1494
1462 1496
1463 2352
1463 2354
1464 1465
1464 1536
1464 1540
1464 1550
1464 1588
1464 1589
1464 1823
1464 1832
1464 1954
1464 2004
1464 2014
1464 2078
1465 1540
1465 1588
1465 1589
1465 1954
1465 2004
1465 2014
1465 2065
1465 2067
1465 2078
1466 1486
1466 1487
1466 2065
1466 2067
1467 1473
1467 1486
1467 1487
1467 1530
1468 1473
1468 1474
1468 1522
1468 1523
1468 1530
1468 1831
1468 1852
1468 1855
1468 1860
1468 2459
1468 2465
1469 1521
1469 1523
1469 1855
1469 1860
1469 2459
1469 2465
1470 1566
1470 1568
1470 2479
1470 2480
1471 1523
1471 1525
1471 1527
1471 1529
1471 1531
1472 1529
1472 1531
1473 1474
1473 1495
1473 1501
1473 1502
1473 2015
1473 2027
1473 2031
1473 2437
1473 2483
1474 2027
1474 2031
1474 2437
1474 2451
1474 2452
1474 2456
1474 2459
1474 2461
1474 2462
1474 2479
1474 2480
1474 2483
1475 1494
1475 1496
1475 1505
1476 1494
1476 1496
1476 1505
1476 2352
1476 2354
1477 1479
1477 1480
1478 1831
1478 1836
1478 1852
1479 1483
1480 1483
1481 1536
1481 1550
1481 1831
1481 1852
1481 1886
1481 1887
1482 1486
1482 1492
1482 1536
1482 1550
1482 1831
1482 1852
1482 1886
1482 1887
1484 1486
1484 1492
1484 1842
1484 1852
1484 1954
1484 2078
1486 2490
1487 1495
1487 1502
1487 1842
1487 1852
1487 2490
1488 1958
1488 1959
1488 2010
1488 2011
1488 2351
1488 2353
1490 2351
1490 2353
1491 2010
1491 2011
1493 1495
1493 1502
1494 1958
1494 1959
1494 2010
1494 2011
1495 1530
1496 2352
1496 2354
1497 2352
1497 2354
1498 1847
1498 1857
1498 1987
1498 1988
1500 1516
1500 1518
1501 1530
1502 1530
1502 1900
1502 1902
1502 2010
1502 2011
1503 1831
1503 1836
1503 1852
1504 1516
1504 1518
1505 1716
1505 1901
1505 2047
1505 2055
1505 2352
1505 2354
1505 2360
1505 2426
1506 1521
1506 1523
1507 1716
1507 1901
1507 2047
1507 2055
1507 2360
1507 2426
1508 1847
1508 1857
1508 1987
1508 1988
1508 2352
1508 2354
1509 1900
1509 1902
1510 1838
1510 1842
1511 1521
1511 1523
1512 2352
1512 2354
1513 1716
1513 1901
1513 2047
1513 2055
1514 1521
1514 1523
1514 1838
1514 1842
1514 2459
1514 2465
1517 2464
1517 2472
1519 2464
1519 2472
1522 2483
1523 2474
1523 2483
1524 2476
1524 2479
1525 2474
1526 2476
1526 2479
1527 2451
1527 2456
1527 2464
1527 2472
1527 2474
1527 2476
1528 2368
1528 2370
1528 2371
1529 2368
1529 2370
1529 2371
1529 2451
1529 2456
1529 2474
1529 2476
1530 2015
1530 2461
1530 2462
1530 2464
1530 2472
1530 2474
1530 2476
1530 2483
1531 2474
1532 1899
1532 1900
1533 1899
1533 1900
1534 1573
1534 1575
1534 1886
1534 1887
1535 1559
1535 1560
1535 1573
1535 1575
1536 1559
1536 1560
1536 1576
1536 1577
1536 1579
1536 1580
1536 1859
1536 1864
1536 2014
1537 1572
1537 1886
1537 1887
1537 1890
1537 1891
1537 1990
1538 1835
1539 1835
1539 1954
1539 2078
1540 1565
1540 1572
1540 1577
1540 1578
1541 1958
1541 1997
1541 1999
1541 2002
1541 2005
1542 1543
1542 1578
1542 1586
1542 1588
1543 1591
1543 1993
1543 1994
1544 1993
1544 1994
1545 1551
1545 1552
1546 1859
1546 1864
1547 1980
1547 1984
1548 1886
1548 1887
1549 1883
1549 1886
1549 1890
1549 1891
1550 1576
1550 1577
1550 1579
1550 1580
1550 1859
1550 1864
1550 1890
1550 1891
1550 2014
1551 1552
1551 1553
1551 1554
1551 1572
1551 1886
1551 1887
1551 1978
1551 1990
1552 1553
1552 1554
1552 1762
1552 1769
1552 1978
1552 2065
1552 2067
1553 1890
1553 1891
1554 1762
1554 1769
1554 2065
1554 2067
1556 1571
1556 1577
1557 1859
1557 1864
1558 1847
1558 1854
1558 1857
1559 1571
1559 1577
1559 1872
1560 1872
1561 1884
1561 1888
1561 2028
1561 2037
1562 1847
1562 1854
1562 1857
1563 1881
1563 1891
1563 1892
1564 1890
1564 1891
1565 2004
1566 1569
1566 1574
1566 1830
1566 1851
1566 1855
1566 1857
1566 1860
1566 1884
1566 1888
1566 1975
1566 1979
1566 2028
1566 2037
1566 2480
1567 1876
1567 1888
1568 1569
1568 1574
1568 1830
1568 1851
1568 1855
1568 1857
1568 1860
1568 1975
1568 1979
1568 2028
1568 2037
1568 2480
1570 1881
1570 1886
1570 1887
1570 1890
1570 1891
1570 1892
1571 1884
1571 1888
1571 1890
1571 1891
1571 2007
1571 2073
1572 1876
1572 1888
1572 1993
1572 1994
1572 2004
1573 1872
1573 1875
1573 1878
1573 1879
1573 1890
1573 1891
1575 1872
1575 1875
1575 1878
1575 1879
1575 1890
1575 1891
1576 1893
1576 1894
1576 1957
1576 2007
1576 2009
1576 2073
1577 1884
1577 1886
1577 1887
1577 1888
1577 1890
1577 1893
1577 1894
1577 1957
1577 2004
1577 2007
1577 2009
1577 2047
1577 2050
1577 2073
1578 1591
1578 1993
1578 1994
1578 2004
1578 2047
1578 2050
1581 1993
1581 1994
1582 1993
1582 1994
1583 1587
1583 1590
1583 2006
1583 2008
1584 1954
1584 1993
1584 1994
1584 2013
1584 2078
1585 1587
1585 1590
1585 2006
1585 2008
1586 1591
1586 1592
1586 1954
1586 1993
1586 1994
1586 2013
1586 2078
1588 1591
1588 1592
1593 2486
1593 2488
1594 1921
1594 1928
1595 1921
1595 1928
1596 1621
1596 1624
1597 1946
1597 1947
1598 2052
1598 2061
1598 2543
1598 2544
1599 1605
1599 2285
1599 2289
1600 1617
1600 1620
1600 2041
1600 2048
1601 1617
1601 1620
1601 1966
1601 1971
1601 1973
1602 1762
1602 1772
1603 1762
1603 1772
1603 1982
1603 1983
1603 1988
1604 1983
1604 1988
1605 2285
1605 2289
1606 1757
1606 1768
1607 1757
1607 1768
1608 1638
1608 1641
1609 1637
1609 1638
1609 1719
1609 1720
1609 1755
1609 1764
1609 2496
1609 2522
1610 1636
1610 1643
1610 1756
1610 1767
1610 1782
1610 2496
1610 2519
1611 1654
1611 1655
1612 2052
1612 2061
1612 2543
1612 2544
1613 2543
1613 2544
1614 1921
1614 1928
1615 1621
1615 1624
1616 1946
1616 1947
1617 1670
1617 1714
1617 1950
1617 1953
1617 2515
1617 2521
1618 2543
1618 2544
1619 1921
1619 1928
1620 1670
1620 1714
1620 1950
1620 1953
1620 2515
1620 2521
1622 1921
1622 1928
1623 1980
1623 1984
1625 1627
1625 1629
1626 1627
1626 1629
1626 1630
1626 1632
1626 1963
1626 1971
1628 1757
1628 1768
1630 1632
1630 1963
1630 1971
1631 1638
1631 1641
1633 1638
1633 1641
1634 1637
1634 1638
1634 1719
1634 1720
1634 1755
1634 1764
1635 1651
1635 1653
1636 1646
1636 1771
1636 1775
1637 1651
1637 1653
1638 2515
1638 2521
1639 1717
1639 1897
1640 1993
1640 1994
1641 2515
1641 2521
1642 1980
1642 1984
1643 1646
1643 1771
1643 1775
1644 1717
1644 1897
1645 1993
1645 1994
1646 1745
1646 1756
1646 1761
1646 1767
1646 1782
1646 2496
1646 2519
1647 1980
1647 1984
1648 1745
1648 1761
1649 2506
1649 2510
1650 2054
1650 2060
1651 2054
1651 2060
1652 2054
1652 2060
1653 1654
1653 1655
1653 2054
1653 2060
1653 2506
1653 2510
1654 1671
1654 2091
1654 2502
1654 2505
1654 2509
1654 2510
1655 1671
1655 2091
1655 2502
1655 2505
1655 2509
1655 2510
1656 2185
1656 2186
1656 2285
1656 2289
1657 1751
1657 1763
1658 1751
1658 1763
1661 1717
1661 1897
1661 2022
1661 2034
1661 2035
1661 2434
1662 1669
1662 1717
1662 1897
1662 2022
1662 2034
1662 2035
1662 2359
1662 2412
1662 2434
1663 2359
1663 2412
1665 1666
1665 1673
1665 1700
1665 1704
1665 1901
1665 1902
1665 2027
1665 2033
1665 2048
1665 2049
1665 2087
1666 1711
1666 2033
1666 2048
1666 2049
1667 2024
1667 2030
1668 2024
1668 2030
1669 2023
1672 1709
1672 1710
1673 1708
1674 2090
1674 2096
1675 2088
1675 2092
1676 2088
1676 2092
1677 2103
1677 2105
1677 2106
1678 2104
1678 2107
1678 2108
1679 2103
1679 2105
1679 2106
1680 1683
1680 1687
1680 1718
1680 1722
1680 1738
1680 1748
1680 2185
1680 2186
1680 2285
1680 2289
1681 1886
1681 1887
1682 1683
1682 1687
1682 1718
1682 1722
1682 1738
1682 1748
1682 2185
1682 2186
1682 2285
1682 2289
1684 1742
1684 1754
1684 1886
1684 1887
1686 1960
1686 1981
1686 2038
1686 2040
1688 1960
1688 1981
1688 2038
1688 2040
1689 1742
1689 1754
1690 1899
1690 1900
1692 1899
1692 1900
1693 1697
1693 1701
1694 1698
1694 1699
1695 1698
1695 1699
1696 1697
1696 1701
1697 2359
1697 2412
1700 1708
1701 2359
1701 2412
1702 1704
1702 1706
1702 2038
1702 2040
1703 2090
1703 2096
1704 1705
1704 1708
1704 2036
1704 2042
1705 1706
1705 2038
1705 2040
1706 2036
1706 2042
1708 1901
1708 1902
1708 2087
1709 2086
1709 2087
1710 2086
1710 2087
1711 2027
1712 2513
1712 2515
1713 2513
1713 2515
1715 2506
1715 2510
1715 2511
1716 2066
1716 2070
1717 1777
1717 1785
1717 1794
1717 1899
1717 1900
1719 1757
1719 1768
1720 1743
1720 1757
1720 1758
1720 1768
1721 1743
1721 1758
1723 1764
1723 1765
1723 1828
1723 1840
1724 1725
1724 1750
1724 1751
1724 1759
1724 1763
1724 1766
1724 1770
1724 1779
1724 1826
1724 2492
1724 2493
1725 1734
1725 1747
1725 1750
1725 1751
1725 1759
1725 1763
1725 1766
1725 1770
1725 1779
1725 1826
1725 2492
1725 2493
1731 1909
1731 1912
1731 2197
1731 2198
1732 1909
1732 1912
1732 2175
1732 2179
1732 2197
1732 2198
1733 2175
1733 2179
1734 1736
1734 1764
1734 1765
1734 1818
1734 1828
1734 1840
1734 1916
1735 1818
1735 1907
1735 1908
1735 1911
1736 1747
1736 1818
1736 1907
1736 1908
1736 1911
1737 2152
1737 2154
1738 1760
1738 1764
1738 1765
1738 1822
1738 1839
1738 1848
1738 1865
1738 1869
1738 1931
1738 1932
1738 1942
1739 1760
1739 1764
1739 1765
1739 1822
1739 1839
1739 1848
1739 1865
1739 1869
1739 1931
1739 1932
1739 1942
1740 2506
1740 2510
1740 2511
1741 1746
1741 1754
1741 2051
1741 2057
1741 2351
1741 2353
1742 1960
1742 1961
1743 1764
1743 1765
1743 1973
1743 1974
1744 1764
1744 1765
1744 1973
1744 1974
1746 1754
1746 2051
1746 2057
1746 2351
1746 2353
1746 2501
1746 2504
1747 1750
1747 1763
1747 1818
1747 1819
1747 1820
1747 1916
1749 1907
1749 1908
1750 1763
1750 1766
1750 1773
1750 1819
1750 1820
1751 1764
1751 1765
1751 1766
1751 1773
1751 1820
1751 1821
1751 1924
1751 2152
1751 2154
1752 1764
1752 1765
1752 1804
1752 1809
1752 1845
1752 1849
1752 2526
1752 2527
1752 2528
1753 1845
1753 1849
1754 1960
1754 1961
1754 1965
1754 1969
1754 1972
1754 2051
1754 2057
1754 2351
1754 2353
1754 2501
1754 2504
1755 1767
1755 1782
1755 2526
1755 2527
1755 2528
1757 2351
1757 2353
1758 1764
1758 1765
1758 1973
1758 1974
1759 2191
1759 2192
1760 1764
1760 1765
1760 1804
1760 1809
1760 1845
1760 1849
1760 2340
1760 2342
1762 1845
1762 1849
1763 1766
1763 1773
1763 1820
1763 1821
1763 1924
1764 1765
1764 1766
1764 1767
1764 1773
1764 1774
1764 1782
1764 1828
1764 1829
1765 1766
1765 1773
1765 1774
1765 1828
1765 1829
1765 1845
1765 1849
1765 2340
1765 2342
1766 1773
1766 1774
1766 2509
1766 2510
1768 2351
1768 2353
1769 1834
1769 1835
1770 2191
1770 2192
1772 1965
1772 1969
1772 1972
1773 1774
1773 2509
1773 2510
1775 1789
1775 1793
1776 1962
1776 1968
1776 1970
1777 1897
1778 1834
1778 1835
1778 1977
1778 1988
1778 2352
1778 2353
1781 1789
1781 1793
1782 1962
1782 1968
1782 1970
1784 1977
1784 1988
1784 2352
1784 2353
1785 1897
1786 1907
1786 1908
1786 2294
1786 2299
1786 2352
1786 2353
1787 1907
1787 1908
1787 2294
1787 2299
1787 2352
1787 2353
1789 1811
1790 2143
1790 2155
1791 1800
1791 1802
1791 1804
1793 1811
1794 1897
1795 1989
1795 1993
1797 2143
1797 2155
1799 2068
1799 2072
1800 1802
1801 2509
1801 2510
1802 1804
1804 2150
1804 2157
1806 2509
1806 2510
1809 2150
1809 2157
1817 2259
1817 2265
1821 1917
1821 1920
1821 1926
1821 1927
1821 1931
1821 1932
1822 1831
1822 1836
1822 1842
1822 1852
1823 1832
1823 2014
1824 1952
1824 1953
1825 1921
1825 1928
1825 2043
1825 2044
1826 2259
1826 2265
1827 1931
1827 1932
1830 1941
1830 1944
1830 2438
1830 2441
1831 1941
1831 1944
1831 1945
1831 1949
1831 1950
1831 1951
1831 2483
1832 1833
1832 1843
1832 2014
1833 1837
1833 1952
1833 1953
1834 2043
1834 2044
1836 1941
1836 1950
1836 1951
1837 1843
1841 1954
1841 2078
1842 1845
1842 1849
1842 1941
1844 1866
1844 1870
1844 1871
1844 1874
1845 1852
1845 1868
1845 1871
1845 1873
1845 2066
1845 2070
1845 2074
1846 1855
1846 1857
1846 1860
1846 1890
1846 1891
1847 1853
1847 1858
1849 1852
1849 1868
1849 1871
1849 1873
1849 1954
1849 2066
1849 2070
1849 2074
1849 2078
1850 1954
1850 2078
1851 2438
1851 2441
1852 1941
1852 1944
1852 1945
1852 1949
1852 2483
1853 1854
1853 1856
1853 1857
1853 1861
1854 1855
1854 1857
1854 1858
1854 1860
1854 1890
1854 1891
1855 1859
1855 1864
1855 2483
1856 1858
1857 1858
1858 1861
1858 1863
1858 1875
1858 1878
1858 1883
1858 1886
1858 1887
1859 1860
1859 1866
1859 1870
1859 1871
1859 1874
1860 1864
1860 2483
1861 1862
1862 1863
1862 1875
1862 1878
1862 1883
1862 1886
1862 1887
1864 1890
1864 1891
1867 1883
1867 1886
1872 1883
1872 1886
1872 1887
1873 1884
1873 1888
1873 2351
1873 2353
1875 1887
1875 1890
1877 1886
1877 1887
1877 1890
1878 1887
1878 1890
1880 1884
1880 1888
1880 2351
1880 2353
1880 2501
1880 2504
1882 2501
1882 2504
1883 1886
1883 1887
1883 1890
1884 1996
1884 2001
1884 2351
1884 2353
1885 2351
1885 2353
1886 1887
1886 1890
1887 1890
1888 1996
1888 2001
1888 2351
1888 2353
1889 2351
1889 2353
1891 1996
1891 2001
1896 2471
1896 2472
1897 1899
1897 1900
1898 2471
1898 2472
1899 1994
1899 1995
1900 1994
1900 1995
1900 2351
1900 2353
1901 1980
1901 1984
1901 2066
1901 2070
1901 2351
1901 2353
1901 2470
1901 2471
1901 2472
1902 1980
1902 1984
1902 2351
1902 2353
1902 2470
1902 2471
1902 2472
1903 2180
1903 2194
1903 2195
1903 2274
1904 2191
1904 2192
1904 2197
1904 2198
1905 2191
1905 2192
1905 2197
1905 2198
1906 2191
1906 2192
1907 2180
1907 2194
1908 2180
1908 2194
1909 2122
1909 2123
1909 2161
1909 2164
1909 2216
1909 2226
1909 2235
1909 2237
1910 1914
1910 1918
1911 2259
1911 2265
1912 2122
1912 2123
1912 2161
1912 2164
1912 2216
1912 2226
1912 2235
1912 2237
1913 1914
1913 1918
1915 1921
1915 1928
1917 1924
1919 2234
1919 2240
1920 1924
1921 1930
1921 1935
1921 1937
1921 2146
1921 2149
1921 2542
1921 2543
1921 2544
1922 1925
1922 1933
1922 2204
1922 2218
1922 2225
1923 2234
1923 2240
1924 1926
1924 1927
1924 1931
1924 1932
1925 1930
1925 1933
1925 1939
1925 1940
1925 1943
1926 1929
1926 2129
1926 2130
1926 2532
1926 2536
1927 1929
1927 2129
1927 2130
1928 1930
1928 1935
1928 1937
1928 2146
1928 2149
1928 2542
1928 2543
1928 2544
1930 1933
1930 2204
1930 2218
1930 2225
1931 2544
1931 2545
1932 2544
1932 2545
1933 1940
1933 1943
1934 2532
1934 2536
1936 1939
1936 1943
1937 1939
1937 1943
1938 1939
1938 1943
1945 2472
1945 2473
1948 2481
1948 2482
1949 2472
1949 2473
1951 2481
1951 2482
1954 1955
1954 1956
1954 2075
1954 2483
1954 2485
1955 2078
1956 2078
1958 1983
1958 1988
1958 2005
1959 1983
1959 1988
1962 1982
1962 1983
1962 1988
1964 2041
1964 2048
1965 1966
1965 1971
1965 1973
1967 1982
1967 1983
1967 1987
1970 1980
1970 1983
1970 1984
1970 1987
1975 1980
1975 1984
1975 1989
1975 1993
1975 2036
1975 2045
1976 1980
1976 1984
1977 1989
1977 1992
1979 1989
1979 1993
1979 2036
1979 2045
1981 1984
1981 1986
1981 1989
1981 1992
1983 1989
1983 1992
1983 1993
1983 1994
1983 1999
1984 1985
1985 1986
1985 1989
1985 1992
1987 1989
1987 1992
1987 1993
1987 1994
1988 1989
1988 1992
1988 1993
1988 1994
1988 1999
1991 1992
1991 1993
1993 2038
1993 2047
1994 2038
1994 2047
1994 2050
1994 2054
1994 2060
1995 2047
1995 2050
1995 2054
1995 2060
1996 2000
1996 2003
1997 2005
1998 2000
1998 2003
1999 2005
2002 2005
2011 2012
2016 2062
2016 2065
2017 2058
2017 2063
2018 2053
2018 2056
2018 2058
2018 2059
2019 2053
2019 2056
2019 2058
2019 2059
2020 2539
2020 2540
2021 2058
2021 2063
2021 2147
2021 2159
2026 2356
2026 2357
2027 2031
2027 2032
2027 2033
2027 2048
2027 2148
2027 2157
2027 2411
2027 2414
2028 2034
2028 2035
2031 2032
2031 2148
2031 2157
2031 2411
2031 2414
2032 2033
2032 2048
2032 2148
2032 2157
2034 2037
2034 2041
2034 2048
2034 2053
2034 2058
2035 2037
2035 2041
2035 2048
2035 2053
2035 2058
2035 2356
2035 2357
2039 2048
2039 2053
2046 2067
2046 2071
2049 2067
2049 2071
2051 2428
2051 2430
2051 2488
2051 2490
2052 2486
2052 2488
2053 2481
2057 2428
2057 2430
2057 2488
2057 2490
2058 2064
2058 2069
2058 2481
2061 2486
2061 2488
2062 2487
2063 2064
2063 2069
2064 2147
2064 2159
2065 2076
2065 2077
2065 2477
2065 2478
2065 2479
2065 2484
2065 2485
2065 2486
2065 2487
2065 2488
2067 2076
2067 2077
2067 2477
2067 2478
2067 2479
2067 2484
2067 2485
2067 2486
2067 2488
2075 2078
2078 2483
2078 2485
2079 2080
2081 2368
2081 2370
2081 2371
2082 2368
2082 2370
2083 2368
2083 2370
2084 2367
2084 2373
2085 2122
2085 2123
2089 2388
2089 2394
2090 2099
2090 2101
2090 2364
2090 2365
2091 2364
2091 2365
2093 2368
2093 2370
2093 2371
2093 2388
2093 2394
2094 2366
2094 2371
2095 2103
2095 2105
2095 2106
2096 2099
2096 2101
2097 2366
2097 2371
2098 2104
2098 2107
2098 2108
2099 2355
2099 2366
2099 2368
2099 2376
2099 2377
2099 2387
2099 2388
2100 2355
2101 2387
2101 2388
2102 2366
2102 2368
2102 2376
2102 2377
2103 2335
2103 2337
2105 2335
2105 2337
2106 2335
2106 2337
2109 2110
2109 2112
2110 2111
2111 2112
2113 2367
2113 2373
2114 2115
2114 2541
2115 2118
2115 2119
2115 2135
2115 2146
2115 2149
2115 2527
2115 2531
2115 2542
2115 2543
2115 2544
2115 2545
2116 2542
2116 2543
2117 2523
2117 2524
2117 2526
2118 2119
2118 2541
2119 2541
2120 2492
2120 2493
2121 2122
2121 2123
2122 2131
2122 2344
2123 2131
2123 2344
2124 2160
2124 2161
2125 2334
2125 2336
2126 2338
2126 2339
2127 2189
2127 2190
2127 2191
2127 2192
2128 2189
2128 2190
2128 2191
2128 2192
2129 2152
2129 2154
2129 2167
2129 2172
2129 2216
2129 2226
2129 2244
2129 2248
2130 2152
2130 2154
2130 2216
2130 2226
2132 2523
2132 2524
2133 2345
2133 2347
2133 2492
2133 2493
2134 2523
2134 2524
2135 2146
2135 2149
2135 2541
2136 2345
2136 2347
2137 2492
2137 2493
2138 2146
2138 2149
2139 2146
2139 2149
2141 2512
2141 2517
2143 2146
2143 2149
2144 2146
2144 2149
2145 2512
2145 2517
2146 2150
2146 2153
2146 2155
2146 2156
2146 2157
2146 2541
2149 2150
2149 2153
2149 2155
2149 2156
2149 2157
2149 2541
2151 2338
2151 2339
2152 2168
2152 2169
2152 2170
2152 2171
2154 2168
2154 2169
2154 2170
2154 2171
2160 2177
2160 2345
2161 2162
2161 2165
2161 2177
2161 2345
2162 2164
2163 2166
2163 2168
2164 2165
2164 2166
2164 2168
2167 2254
2172 2254
2173 2234
2173 2240
2174 2234
2174 2240
2174 2247
2176 2235
2176 2237
2176 2240
2176 2247
2178 2235
2178 2237
2180 2181
2180 2182
2180 2191
2180 2192
2180 2195
2180 2201
2180 2203
2180 2275
2180 2343
2180 2346
2181 2194
2181 2276
2182 2276
2183 2495
2183 2535
2184 2228
2184 2243
2185 2187
2185 2258
2185 2261
2185 2262
2185 2263
2185 2266
2185 2267
2185 2273
2185 2282
2185 2288
2186 2187
2186 2258
2186 2261
2186 2262
2186 2263
2186 2266
2186 2267
2186 2273
2186 2282
2186 2288
2187 2285
2187 2295
2188 2191
2188 2192
2191 2194
2191 2207
2191 2208
2191 2212
2191 2213
2191 2233
2192 2194
2192 2207
2192 2208
2192 2212
2192 2213
2192 2233
2193 2207
2193 2208
2194 2195
2194 2201
2194 2203
2195 2276
2196 2234
2196 2240
2197 2199
2197 2209
2197 2252
2197 2255
2198 2199
2198 2209
2198 2252
2198 2255
2200 2213
2200 2222
2201 2276
2202 2213
2202 2222
2203 2276
2205 2234
2205 2240
2206 2207
2206 2208
2207 2213
2207 2217
2207 2220
2207 2222
2207 2224
2207 2230
2207 2238
2207 2239
2208 2217
2208 2220
2208 2224
2208 2230
2208 2238
2208 2239
2210 2213
2210 2222
2211 2213
2211 2222
2212 2238
2212 2239
2213 2217
2213 2223
2213 2224
2213 2235
2213 2236
2213 2237
2213 2238
2213 2246
2214 2217
2214 2224
2214 2235
2214 2236
2214 2237
2214 2238
2215 2495
2215 2535
2216 2254
2219 2234
2221 2229
2221 2238
2221 2239
2222 2223
2222 2235
2222 2236
2222 2237
2222 2238
2222 2246
2226 2254
2227 2232
2227 2236
2227 2238
2227 2239
2227 2246
2227 2249
2227 2253
2228 2229
2228 2237
2228 2239
2228 2243
2228 2251
2229 2230
2229 2235
2229 2236
2229 2237
2230 2238
2230 2239
2232 2237
2232 2238
2232 2243
2232 2246
2233 2238
2233 2239
2233 2246
2235 2236
2235 2237
2235 2238
2235 2239
2235 2246
2236 2237
2236 2239
2236 2530
2236 2534
2237 2238
2237 2239
2237 2243
2237 2246
2237 2249
2237 2253
2238 2530
2238 2534
2239 2243
2241 2250
2241 2251
2241 2280
2241 2287
2241 2291
2241 2491
2241 2492
2242 2250
2242 2251
2242 2280
2242 2287
2242 2291
2243 2251
2244 2254
2244 2266
2244 2267
2246 2530
2246 2534
2248 2254
2248 2266
2248 2267
2249 2491
2249 2492
2253 2266
2253 2267
2256 2258
2256 2264
2257 2258
2257 2264
2258 2260
2258 2264
2258 2270
2258 2271
2258 2280
2258 2287
2260 2261
2261 2264
2261 2270
2261 2271
2261 2280
2261 2287
2262 2285
2262 2295
2263 2285
2263 2295
2268 2516
2268 2520
2269 2306
2269 2307
2270 2516
2270 2520
2271 2306
2271 2307
2273 2285
2273 2295
2275 2276
2276 2343
2276 2346
2277 2283
2277 2284
2277 2303
2278 2286
2278 2289
2279 2286
2279 2289
2281 2283
2281 2284
2281 2303
2282 2306
2282 2309
2283 2285
2283 2295
2284 2285
2284 2295
2285 2289
2288 2306
2288 2309
2290 2306
2290 2309
2292 2296
2292 2302
2293 2296
2293 2302
2296 2298
2297 2300
2297 2301
2297 2304
2297 2305
2298 2302
2300 2303
2300 2317
2300 2321
2301 2303
2301 2305
2301 2306
2301 2309
2303 2304
2303 2305
2304 2305
2305 2317
2305 2321
2310 2312
2310 2317
2310 2319
2310 2321
2312 2313
2313 2317
2313 2319
2313 2321
2314 2316
2314 2318
2316 2317
2317 2318
2328 2329
2328 2330
2328 2331
2329 2332
2329 2333
2331 2332
2331 2333
2334 2341
2336 2341
2348 2500
2348 2503
2349 2500
2349 2503
2350 2500
2350 2503
2355 2368
2355 2370
2356 2418
2356 2419
2356 2424
2356 2433
2356 2446
2356 2447
2356 2452
2358 2464
2358 2472
2360 2362
2360 2363
2360 2400
2360 2413
2360 2417
2361 2454
2361 2455
2362 2378
2362 2380
2362 2426
2363 2426
2364 2448
2364 2453
2365 2448
2365 2453
2366 2493
2366 2495
2369 2396
2369 2399
2370 2488
2370 2489
2371 2493
2371 2495
2372 2396
2372 2399
2374 2488
2374 2489
2375 2396
2375 2399
2378 2389
2378 2390
2378 2400
2380 2389
2380 2390
2380 2400
2382 2389
2382 2393
2383 2396
2383 2399
2385 2389
2385 2393
2389 2393
2389 2402
2389 2404
2390 2416
2390 2417
2391 2397
2391 2398
2393 2402
2393 2404
2393 2416
2393 2417
2395 2397
2395 2398
2400 2426
2402 2406
2402 2408
2404 2406
2404 2408
2408 2413
2408 2415
2410 2413
2410 2415
2413 2426
2416 2417
2416 2441
2416 2442
2417 2426
2417 2441
2417 2442
2418 2422
2419 2422
2422 2424
2422 2433
2422 2471
2422 2475
2423 2454
2423 2458
2425 2454
2425 2455
2426 2445
2426 2449
2426 2454
2427 2464
2427 2472
2428 2446
2428 2447
2428 2451
2428 2452
2428 2456
2428 2462
2428 2466
2428 2471
2428 2472
2429 2454
2429 2458
2430 2443
2430 2444
2430 2450
2430 2451
2430 2452
2430 2455
2430 2456
2430 2457
2430 2459
2430 2461
2430 2462
2430 2465
2430 2466
2430 2471
2430 2472
2431 2445
2431 2451
2431 2461
2431 2462
2432 2445
2432 2451
2432 2461
2432 2462
2436 2445
2436 2449
2436 2454
2436 2455
2437 2443
2437 2444
2437 2450
2437 2451
2437 2452
2437 2455
2437 2456
2437 2457
2437 2459
2437 2461
2437 2465
2437 2479
2437 2480
2439 2449
2439 2454
2440 2449
2440 2454
2440 2455
2445 2449
2445 2454
2445 2455
2445 2470
2445 2471
2449 2454
2449 2455
2449 2470
2449 2471
2454 2455
2454 2458
2455 2458
2455 2466
2455 2470
2455 2471
2460 2470
2460 2471
2461 2463
2461 2466
2461 2468
2461 2470
2461 2471
2462 2463
2462 2466
2462 2468
2462 2470
2462 2471
2463 2466
2463 2470
2463 2471
2466 2468
2466 2470
2466 2471
2469 2539
2469 2540
2479 2480
2496 2513
2496 2518
2496 2525
2499 2513
2499 2518
2507 2523
2507 2524
2508 2523
2508 2524
2512 2539
2512 2540
2513 2519
2514 2516
2514 2517
2514 2539
2514 2540
2516 2517
2517 2539
2517 2540
2518 2519
2522 2525
2523 2537
2523 2538
2523 2539
2524 2537
2524 2538
2524 2539
2526 2533
2526 2536
2526 2537
2526 2538
2526 2539
2527 2541
2528 2533
2528 2536
2531 2541
2533 2539
2533 2540
2533 2542
2533 2543
2536 2539
2536 2540
2536 2542
2536 2543
2541 2542
2541 2544
2541 2545
