0 133
0 135
0 172
0 178
1 210
1 213
1 294
1 305
1 312
1 351
2 142
2 148
2 245
2 246
2 809
2 810
2 848
2 854
2 1217
2 1310
2 1376
2 1380
3 1031
3 1036
4 583
4 584
4 731
5 892
5 897
5 1276
5 1278
5 1336
5 1344
6 60
6 65
6 67
6 90
6 152
6 925
6 926
6 2216
6 2217
6 2218
6 2219
6 2470
6 2472
7 1074
7 1078
7 1091
7 1096
8 133
8 135
8 172
8 178
9 46
9 49
10 103
10 105
10 127
10 136
10 163
10 167
10 168
10 174
10 177
10 190
10 192
10 221
10 247
10 534
10 553
10 562
10 571
10 658
10 843
10 846
10 1538
10 1540
10 1542
10 1543
10 1557
10 1562
10 1563
10 1566
10 1569
10 1571
10 1572
10 1575
10 1577
10 1626
10 1630
10 1631
10 1632
10 1634
10 1639
10 1669
10 1670
10 1916
11 12
11 13
11 166
11 180
11 185
11 187
11 189
11 193
11 195
11 196
11 1543
11 1548
11 1549
11 1554
11 1675
11 1880
11 1892
11 2117
12 33
12 193
12 195
12 196
13 14
13 15
13 16
13 33
13 34
13 35
14 15
14 16
14 34
14 35
17 103
17 105
18 487
18 488
19 1177
19 1178
20 1177
20 1178
21 32
21 33
21 35
21 1464
22 23
22 59
23 59
24 37
24 43
24 142
24 148
24 161
24 167
24 168
24 176
24 179
24 222
24 223
24 267
24 270
24 309
24 310
24 531
24 560
24 575
24 580
24 602
24 708
24 952
24 957
24 1199
24 1200
24 1467
24 1469
25 37
25 43
25 161
25 167
25 168
25 176
25 179
25 309
25 310
25 531
25 560
25 575
25 708
25 952
25 957
25 1199
25 1200
25 1467
25 1469
25 2017
25 2018
26 2017
26 2018
27 698
27 704
28 68
28 70
28 698
28 704
29 68
29 70
30 1928
30 1934
31 37
31 39
31 63
31 64
31 103
31 105
31 166
31 180
31 190
31 192
31 549
31 553
31 557
31 562
31 824
31 833
31 1421
31 1424
31 1444
31 1483
31 1485
31 1539
31 1540
31 1554
31 1558
31 1563
31 1566
31 1658
31 1660
31 1661
31 1783
31 1786
31 1863
31 1881
31 1892
31 1898
31 1904
31 1906
31 1916
31 1918
31 1919
31 1921
31 1925
31 2091
31 2094
32 37
32 39
32 127
32 136
32 163
32 166
32 167
32 168
32 174
32 177
32 180
32 185
32 187
32 189
32 221
32 222
32 235
32 247
32 320
32 323
32 428
32 534
32 560
32 562
32 571
32 658
32 749
32 753
32 777
32 782
32 843
32 846
32 853
32 861
32 889
32 1464
32 1538
32 1542
32 1543
32 1548
32 1549
32 1554
32 1557
32 1562
32 1563
32 1566
32 1569
32 1571
32 1572
32 1575
32 1577
32 1626
32 1630
32 1631
32 1632
32 1634
32 1639
32 1669
32 1670
32 1675
32 1701
32 1703
32 1707
32 1880
32 1892
32 2117
32 2597
32 2598
33 185
33 187
33 428
33 889
33 1464
33 1675
33 1701
33 1703
33 1707
33 1880
33 1892
33 2117
35 1464
36 103
36 105
37 39
37 43
37 48
37 51
37 57
37 63
37 64
37 66
37 166
37 180
37 222
37 235
37 317
37 320
37 323
37 519
37 522
37 543
37 544
37 549
37 550
37 556
37 557
37 560
37 562
37 565
37 580
37 581
37 591
37 592
37 620
37 626
37 741
37 744
37 749
37 753
37 754
37 760
37 765
37 768
37 824
37 833
37 853
37 861
37 896
37 902
37 906
37 909
37 1196
37 1201
37 1210
37 1211
37 1392
37 1395
37 1396
37 1421
37 1424
37 1444
37 1455
37 1483
37 1485
37 1539
37 1554
37 1558
37 1658
37 1660
37 1661
37 1727
37 1729
37 1737
37 1743
37 1761
37 1767
37 1783
37 1786
37 1839
37 1852
37 1861
37 1863
37 1871
37 1872
37 1873
37 1876
37 1877
37 1881
37 1892
37 1898
37 1902
37 1904
37 1906
37 1918
37 1919
37 1921
37 1925
37 1930
37 1948
37 1958
37 2004
37 2010
37 2079
37 2080
37 2091
37 2092
37 2094
37 2107
37 2108
37 2257
37 2259
37 2393
37 2434
37 2597
37 2598
37 2611
37 2612
38 43
38 48
38 58
38 64
38 395
38 397
38 533
38 536
38 546
38 551
38 677
38 685
38 755
38 757
38 764
38 962
38 963
38 1194
38 1198
38 1211
38 1212
38 1395
38 1396
38 1538
38 1557
38 1650
38 1652
38 1761
38 1767
38 1872
38 1876
38 1881
38 1888
38 1928
38 1934
38 1962
38 2081
38 2082
39 51
39 57
39 63
39 66
39 187
39 189
39 222
39 235
39 317
39 320
39 323
39 519
39 522
39 543
39 565
39 580
39 581
39 591
39 592
39 620
39 626
39 741
39 744
39 749
39 753
39 754
39 760
39 765
39 768
39 777
39 782
39 853
39 861
39 1392
39 1395
39 1455
39 1727
39 1737
39 1743
39 1839
39 1852
39 1861
39 1863
39 1871
39 1873
39 1902
39 1904
39 1948
39 1958
39 2004
39 2010
39 2079
39 2080
39 2107
39 2108
39 2257
39 2259
39 2393
39 2434
39 2597
39 2598
39 2611
39 2612
40 469
40 471
41 1474
41 1479
42 56
42 58
42 64
42 395
42 397
42 505
42 506
42 558
42 559
42 1193
42 1194
42 1211
42 1212
42 1420
42 1423
42 1852
42 1875
42 1879
42 1884
42 1892
42 1896
42 1904
42 1908
42 1911
42 1915
42 1918
42 1919
42 2250
42 2251
42 2393
42 2432
42 2434
43 48
43 395
43 397
43 519
43 522
43 533
43 536
43 544
43 545
43 546
43 550
43 551
43 556
43 557
43 577
43 589
43 624
43 626
43 666
43 677
43 685
43 755
43 757
43 764
43 896
43 902
43 906
43 909
43 915
43 919
43 962
43 963
43 1001
43 1013
43 1027
43 1177
43 1178
43 1194
43 1196
43 1198
43 1201
43 1210
43 1211
43 1395
43 1396
43 1421
43 1424
43 1538
43 1557
43 1650
43 1652
43 1729
43 1761
43 1767
43 1852
43 1870
43 1872
43 1876
43 1877
43 1879
43 1881
43 1888
43 1904
43 1930
43 1962
43 2081
43 2082
43 2092
43 2230
43 2255
43 2290
43 2291
43 2393
44 469
44 471
45 1474
45 1479
46 96
46 487
46 488
47 56
47 58
47 64
47 395
47 397
47 434
47 438
47 505
47 506
47 556
47 557
47 558
47 559
47 691
47 698
47 1118
47 1128
47 1142
47 1193
47 1194
47 1198
47 1420
47 1423
47 1852
47 1875
47 1879
47 1883
47 1884
47 1892
47 1895
47 1896
47 1904
47 1908
47 1911
47 1915
47 1918
47 1919
47 2250
47 2251
47 2393
47 2395
47 2397
47 2432
47 2434
48 519
48 522
48 545
48 556
48 577
48 589
48 624
48 626
48 666
48 915
48 919
48 1013
48 1852
48 1870
48 1879
48 2230
48 2255
48 2290
48 2291
48 2338
48 2342
48 2393
49 96
50 55
50 434
50 438
50 494
50 501
50 502
50 514
50 556
50 557
50 691
50 698
50 1001
50 1027
50 1118
50 1128
50 1133
50 1139
50 1142
50 1154
50 1159
50 1177
50 1178
50 1193
50 1198
50 1852
50 1883
50 1891
50 1895
50 1900
50 2338
50 2342
50 2393
50 2395
50 2397
50 2406
50 2408
50 2409
50 2411
51 427
51 816
52 113
52 124
53 140
53 146
53 538
53 539
53 611
53 617
53 991
53 992
53 1419
53 1421
54 1476
54 1481
54 1852
54 2338
54 2342
54 2393
55 140
55 146
55 494
55 501
55 502
55 514
55 520
55 538
55 539
55 611
55 617
55 991
55 992
55 1133
55 1139
55 1154
55 1159
55 1419
55 1421
55 1852
55 1891
55 1900
55 2393
55 2406
55 2408
55 2409
55 2411
56 469
56 471
56 823
56 824
57 151
57 155
57 427
57 812
57 813
57 816
57 825
57 826
57 1877
57 1889
58 469
58 471
58 823
58 824
58 1039
58 1040
60 1018
60 1025
60 1163
60 1164
60 2196
61 494
61 514
61 520
61 1163
61 1164
61 1476
61 1481
62 113
62 124
63 151
63 155
63 812
63 813
63 825
63 826
63 1877
63 1889
64 1039
64 1040
65 1018
65 1025
65 1232
65 1233
65 2196
67 81
67 82
67 1018
67 1025
67 1232
67 1233
67 2196
68 1110
68 1117
69 81
69 82
70 1110
70 1117
70 1135
70 1142
71 1135
71 1142
72 1004
72 1106
72 1110
72 1117
73 1117
73 1127
73 1141
74 1004
74 1106
74 1110
74 1117
75 1117
75 1127
75 1141
76 133
76 137
77 119
77 122
77 133
77 137
78 210
78 212
79 1552
79 1553
80 188
80 191
81 313
81 316
82 142
82 148
82 245
82 246
82 313
82 316
82 809
82 810
82 848
82 854
82 1217
82 1310
82 1376
82 1380
83 143
83 149
83 230
83 233
83 234
83 423
83 461
83 1335
83 1345
83 1352
83 1363
84 233
84 1345
84 1352
85 1284
85 1288
86 108
86 109
86 1284
86 1288
87 108
87 109
87 149
87 155
87 1286
87 1287
87 1297
87 1298
88 101
88 102
89 1227
89 1229
90 887
90 2196
91 92
91 145
91 151
91 153
91 156
91 2475
91 2479
92 93
92 153
92 156
92 1233
92 1242
92 1259
92 1266
92 1279
92 1280
92 1284
92 1285
92 2212
92 2213
92 2470
92 2472
93 133
93 137
93 882
93 883
93 920
93 1233
93 1242
93 1249
93 1257
93 1259
93 1266
93 2212
93 2213
94 1258
94 1263
94 1268
95 149
95 151
97 119
97 122
98 110
98 118
99 110
99 118
99 194
99 197
99 1258
99 1263
99 1268
100 194
100 197
100 1258
100 1263
100 1268
101 143
101 148
101 149
101 151
101 154
101 1300
101 1373
101 1375
102 1300
104 143
104 148
104 149
104 154
104 1311
104 1312
104 1373
104 1375
104 2499
104 2502
104 2564
104 2565
106 1306
106 1309
107 125
107 130
108 1311
108 1312
108 2499
108 2502
108 2564
108 2565
111 125
111 130
112 563
112 567
114 885
114 886
115 1306
115 1309
116 563
116 567
117 149
117 155
117 1286
117 1287
117 1297
117 1298
118 129
118 135
119 885
119 886
119 1267
119 1271
120 129
120 135
121 182
121 184
121 193
121 194
121 196
121 198
121 200
121 201
121 202
121 206
121 1591
121 1592
121 1597
121 1599
121 1603
122 1267
122 1271
123 200
123 202
123 204
123 206
123 208
123 265
123 267
123 269
123 1591
123 1592
123 1609
123 1611
123 1614
123 1615
123 1741
123 1747
123 1967
123 1974
123 2583
123 2584
126 127
126 128
126 280
126 281
127 132
127 138
127 215
127 216
127 227
127 252
127 256
127 266
127 270
127 277
127 278
127 610
127 612
127 1397
127 1521
127 1522
127 1552
127 1553
127 1606
127 1607
127 1832
127 1833
127 2583
127 2584
127 2585
128 132
128 138
128 216
128 219
128 275
128 276
128 280
128 281
128 1521
128 1522
128 1606
128 1607
128 1619
128 1620
128 2566
128 2583
128 2585
131 169
131 182
131 184
131 193
131 194
131 196
131 198
131 200
131 201
131 202
131 203
131 204
131 206
131 207
131 265
131 267
131 269
131 1591
131 1592
131 1595
131 1596
131 1597
131 1599
131 1600
131 1601
131 1603
131 1967
131 1974
131 2182
131 2190
132 141
132 142
132 175
132 176
132 1949
132 1960
132 2072
132 2073
132 2075
133 1234
134 169
134 200
134 202
134 203
134 204
134 207
134 208
134 252
134 256
134 265
134 266
134 267
134 269
134 270
134 1595
134 1596
134 1600
134 1601
134 1609
134 1611
134 1614
134 1615
134 1741
134 1747
134 1967
134 1974
134 2182
134 2190
134 2583
134 2584
136 215
136 216
136 218
136 227
136 275
136 276
136 277
136 278
136 610
136 612
136 818
136 822
136 1397
136 1502
136 1508
136 1552
136 1553
136 1558
136 1559
136 1563
136 1564
136 1606
136 1607
136 1615
136 1619
136 1620
136 1634
136 1832
136 1833
136 2448
136 2523
136 2566
136 2569
136 2584
136 2585
137 1234
138 141
138 142
138 175
138 176
138 215
138 216
138 218
138 219
138 472
138 473
138 818
138 822
138 823
138 824
138 833
138 1559
138 1564
138 1664
138 1666
138 2136
138 2152
138 2448
138 2523
138 2566
138 2569
138 2576
138 2577
139 1502
139 1508
139 1558
139 1563
139 1615
139 1634
141 142
141 147
141 149
141 155
141 451
141 456
141 807
141 824
141 833
141 849
141 854
141 1360
141 1365
141 1372
141 1377
141 1381
141 1386
141 1391
141 1664
141 1666
141 1949
141 1960
141 2039
141 2047
141 2072
141 2073
141 2075
141 2136
141 2152
141 2441
141 2520
141 2523
141 2531
141 2572
141 2576
141 2577
142 147
142 148
142 149
142 155
142 578
142 590
142 807
142 824
142 833
142 870
142 871
142 1205
142 1216
142 1312
142 1360
142 1365
142 1372
142 1446
142 2039
142 2047
142 2153
142 2160
142 2441
142 2511
142 2514
142 2520
142 2523
142 2525
142 2526
142 2528
142 2530
142 2531
142 2533
142 2534
142 2562
142 2563
142 2572
142 2576
142 2577
143 1215
143 1227
143 1228
143 1291
143 1292
143 1294
143 1295
143 2490
143 2495
143 2496
143 2497
144 2566
144 2569
145 148
145 149
145 154
145 155
145 156
145 1263
145 1268
145 1291
145 1295
145 1301
145 1302
145 1304
145 1305
145 1309
145 1311
145 1468
145 1470
145 1558
145 1563
145 2133
145 2134
145 2496
145 2497
145 2564
145 2565
146 1227
146 1229
147 451
147 456
147 472
147 473
147 823
147 824
147 833
147 1386
147 1391
148 149
148 155
148 157
148 427
148 578
148 590
148 807
148 816
148 824
148 825
148 826
148 833
148 870
148 871
148 1205
148 1216
148 1217
148 1294
148 1295
148 1312
148 1317
148 1318
148 1321
148 1327
148 1332
148 1340
148 1348
148 1370
148 1372
148 1374
148 1446
148 2153
148 2160
148 2441
148 2509
148 2510
148 2511
148 2514
148 2520
148 2521
148 2525
148 2526
148 2528
148 2529
148 2530
148 2533
148 2534
148 2562
148 2563
149 151
149 154
149 155
149 427
149 807
149 809
149 810
149 811
149 816
149 825
149 826
149 831
149 840
149 848
149 1215
149 1217
149 1227
149 1228
149 1263
149 1268
149 1277
149 1281
149 1291
149 1292
149 1294
149 1295
149 1296
149 1301
149 1302
149 1304
149 1305
149 1318
149 1321
149 1332
149 1343
149 1347
149 1358
149 1361
149 1372
149 1446
149 1468
149 1470
149 1506
149 1558
149 1563
149 1574
149 1578
149 2133
149 2134
149 2442
149 2459
149 2463
149 2490
149 2495
149 2496
149 2497
149 2509
149 2510
149 2511
149 2514
149 2520
149 2555
149 2562
149 2564
149 2565
150 578
150 590
150 849
150 854
150 1340
150 1348
150 1377
150 1381
150 2153
150 2160
151 154
151 155
151 156
151 1263
151 1268
151 1277
151 1281
151 1294
151 1296
151 1301
151 1302
151 1304
151 1305
151 1308
151 1309
151 1311
151 1468
151 1470
151 1558
151 1563
151 2133
151 2134
151 2457
151 2462
151 2465
151 2473
151 2476
151 2479
151 2490
151 2495
151 2496
151 2497
151 2555
151 2562
151 2564
151 2565
152 887
152 2196
153 156
153 157
153 1269
153 1275
153 1306
153 1309
153 2476
153 2477
153 2479
153 2481
153 2496
153 2497
154 155
154 157
154 825
154 826
154 1217
154 1301
154 1302
154 1317
154 1318
154 1321
154 1327
154 1332
154 1370
154 1374
154 2511
154 2514
154 2521
154 2529
155 458
155 460
155 809
155 810
155 811
155 831
155 840
155 848
155 1256
155 1262
155 1263
155 1268
155 1277
155 1281
155 1301
155 1302
155 1304
155 1308
155 1316
155 1327
155 1343
155 1347
155 1358
155 1361
155 1446
155 1506
155 1574
155 1578
155 2442
155 2457
155 2459
155 2462
155 2463
155 2465
155 2473
155 2490
155 2495
155 2511
155 2514
155 2520
155 2555
155 2562
156 1279
156 1280
156 1284
156 1285
156 2470
156 2472
156 2475
156 2477
156 2479
156 2481
157 458
157 460
157 1256
157 1262
157 1269
157 1275
157 1306
157 1309
157 1316
157 1327
157 2457
157 2462
157 2465
157 2469
158 2465
158 2469
159 1267
159 1271
160 1267
160 1271
162 271
162 273
162 866
162 868
163 807
163 1372
164 165
164 528
165 528
167 188
167 191
167 758
167 763
167 767
167 1205
168 758
168 763
168 767
168 1205
170 224
170 236
170 257
170 258
170 274
170 275
170 276
170 277
170 823
170 824
170 838
170 843
170 846
170 850
170 851
170 967
170 970
171 224
171 236
171 274
171 275
171 276
171 277
171 823
171 824
171 838
171 843
171 846
171 850
171 851
171 967
171 970
173 271
173 273
173 866
173 868
174 200
174 201
174 1682
174 1683
175 215
175 218
175 1544
175 1545
175 1890
175 1899
175 1905
176 215
176 218
176 1544
176 1545
176 1890
176 1899
176 1905
177 200
177 201
177 1682
177 1683
179 963
179 964
180 188
180 191
181 214
181 217
182 188
182 191
183 214
183 217
184 188
184 191
186 216
186 219
186 1538
186 1539
186 1557
188 216
188 217
188 219
188 1538
188 1539
188 1557
188 1676
188 2117
191 217
191 1676
191 2117
193 206
193 210
195 206
195 210
196 209
196 211
199 209
199 211
201 217
201 220
202 1546
202 1547
202 1593
202 1596
204 209
204 211
205 217
205 220
206 1543
206 1546
206 1547
206 1554
206 1593
206 1596
208 209
208 211
209 316
209 319
210 212
210 732
211 316
211 319
212 1543
212 1554
213 732
214 879
214 1400
214 1552
214 1553
215 1550
215 1551
216 1550
216 1551
217 879
217 1400
218 276
218 277
219 276
219 277
222 1205
223 1205
225 265
225 267
226 305
226 312
228 245
228 251
229 245
229 251
229 273
229 274
230 1215
231 1366
231 1371
231 1373
231 1375
232 1208
232 1209
232 1371
232 1373
232 1375
233 825
233 827
233 830
233 849
233 850
233 1208
233 1209
233 1217
233 1225
233 1226
233 1310
233 1311
233 1312
233 2567
233 2573
234 1215
234 1351
234 1353
235 528
235 534
235 794
235 799
237 265
237 267
237 795
237 799
238 795
238 799
239 344
239 347
240 348
240 349
241 326
241 335
241 340
242 738
242 749
242 753
243 326
243 335
243 340
243 344
243 345
243 346
243 347
243 350
243 352
243 795
243 800
243 855
243 860
244 332
244 333
244 348
244 349
245 348
245 349
245 1398
245 1399
247 528
247 534
247 794
247 799
248 261
248 264
249 345
249 346
249 350
249 352
249 795
249 800
249 855
249 860
250 335
250 340
251 332
251 333
251 348
251 349
251 1398
251 1399
252 261
252 264
253 335
253 340
254 267
254 270
255 271
255 273
257 284
258 284
259 267
259 270
260 271
260 273
261 265
261 267
262 792
262 797
263 792
263 797
264 265
264 267
265 475
265 657
265 861
265 866
265 873
265 874
265 1192
265 1195
265 1203
265 1204
265 1636
265 1637
267 475
267 657
267 861
267 866
267 868
267 1192
267 1195
267 1203
267 1204
267 1205
268 274
268 275
269 873
269 874
269 1636
269 1637
270 866
270 868
270 1205
272 274
272 275
273 873
273 876
273 1387
273 1663
273 1665
274 873
274 876
274 1387
274 1663
274 1665
278 1203
278 1208
279 1366
279 1371
280 824
280 833
280 1362
280 1367
281 824
281 833
281 1203
281 1208
281 1362
281 1367
282 818
282 822
282 840
282 848
283 818
283 822
283 840
283 848
284 843
284 846
285 316
285 319
286 316
286 319
286 579
286 594
286 648
286 651
286 773
286 777
287 653
287 654
288 579
288 594
288 653
288 654
288 824
288 833
289 647
289 652
289 783
289 784
289 790
289 824
289 833
290 616
290 618
291 628
291 637
291 650
291 652
291 653
291 654
292 875
292 876
293 875
293 876
294 732
294 835
294 844
295 795
295 799
296 334
296 337
296 339
296 341
297 317
297 320
297 327
297 330
297 334
297 337
297 339
297 341
298 316
298 317
298 319
298 320
298 322
298 323
298 324
298 327
298 328
299 320
299 322
299 777
299 778
299 782
300 672
300 1024
301 672
301 1024
302 522
302 530
303 522
303 530
304 583
304 584
304 731
306 738
306 749
306 753
307 333
307 336
307 581
307 592
307 609
307 615
307 773
307 777
308 783
308 784
308 790
308 824
308 833
309 476
309 616
309 618
309 628
309 637
309 650
309 652
309 653
309 654
309 655
309 656
309 783
309 784
309 790
310 476
310 654
310 655
310 656
311 605
311 609
313 605
313 609
314 609
314 615
315 333
315 336
315 581
315 592
316 318
316 635
316 786
317 786
318 319
319 635
319 786
320 334
320 338
320 339
320 343
320 346
320 782
320 786
321 404
321 423
321 461
321 743
321 815
321 1380
321 1384
323 334
323 338
323 339
323 343
323 346
323 782
323 786
324 782
324 786
325 404
325 423
325 461
325 743
325 815
325 1380
325 1384
327 329
327 331
327 786
328 782
328 786
329 330
330 331
330 342
330 343
330 786
332 342
332 343
332 345
332 346
332 798
332 801
333 345
333 346
333 798
333 801
336 345
336 346
336 579
336 580
336 798
336 801
337 345
337 346
337 579
337 580
337 798
337 801
345 1192
345 1195
346 1192
346 1195
351 732
351 795
351 799
351 835
351 844
353 951
353 956
354 579
354 580
355 723
355 724
355 726
356 357
356 358
356 361
356 374
356 385
356 386
356 399
356 738
356 868
356 869
357 358
357 361
357 374
357 385
357 386
357 399
357 738
357 868
357 869
358 360
358 718
358 722
358 723
358 726
358 752
358 759
359 360
359 718
359 722
359 752
359 759
361 395
361 397
362 765
362 768
362 953
362 959
363 369
363 1442
364 412
364 414
364 436
364 439
364 820
364 838
364 1197
364 1202
365 366
365 406
365 436
365 439
365 1197
365 1202
366 406
366 742
366 748
366 767
366 769
366 771
367 852
367 857
368 426
368 745
368 748
368 768
368 772
368 819
369 739
370 400
370 401
371 400
371 401
371 672
371 679
372 1413
372 1416
373 396
373 402
375 376
375 593
376 593
377 396
377 402
378 711
378 712
379 389
379 390
379 391
379 408
380 390
380 391
381 396
381 402
382 389
382 390
382 391
382 408
383 711
383 712
384 390
384 391
387 398
387 400
388 398
388 400
392 403
392 405
393 403
393 405
394 765
394 768
394 953
394 959
395 399
395 403
395 405
395 410
395 411
395 738
395 960
395 961
395 1173
395 1174
395 1419
395 1421
397 399
397 403
397 405
397 410
397 411
397 738
397 960
397 961
397 1173
397 1174
397 1419
397 1421
398 960
398 961
400 407
400 960
400 961
400 1438
401 407
401 1438
403 672
403 679
404 413
404 414
405 672
405 679
406 413
406 414
406 742
406 748
407 672
407 679
409 767
409 769
409 771
412 740
413 743
414 740
414 743
415 745
415 748
415 768
415 772
416 750
416 751
417 750
417 751
418 1087
418 1090
419 472
419 473
419 812
419 828
420 893
420 894
421 810
421 836
421 858
421 859
422 810
422 836
422 858
422 859
423 424
423 465
423 466
423 821
423 825
423 826
423 876
423 878
423 1215
424 440
424 441
424 815
424 821
424 825
425 1386
425 1391
426 432
426 436
426 742
427 810
427 836
427 1264
427 1265
427 1278
429 470
429 472
430 470
430 472
430 890
430 892
430 893
430 897
431 895
431 899
432 819
432 1202
432 1204
433 1175
433 1176
434 1087
434 1090
435 745
435 748
435 1175
435 1176
436 740
436 819
436 1202
436 1204
436 1408
436 1411
437 745
437 748
439 740
439 1408
439 1411
440 815
441 815
441 1220
441 1303
442 447
442 448
443 447
443 448
444 1220
444 1303
445 453
445 458
445 823
445 824
446 453
446 458
446 823
446 824
449 1386
449 1391
450 465
450 466
452 465
452 466
453 795
453 799
454 795
454 799
455 458
455 460
457 458
457 460
458 459
459 460
461 465
461 466
461 825
461 826
461 876
461 878
461 1215
462 463
462 465
463 464
463 466
464 465
464 466
465 466
465 468
465 815
466 468
466 815
467 890
467 892
467 893
467 897
472 814
473 814
473 893
473 894
473 1254
473 1260
474 1254
474 1260
475 1211
475 1212
475 1414
475 1417
476 1426
476 1430
477 1201
477 1202
478 1392
478 1395
479 519
479 522
479 526
479 527
479 575
479 577
479 581
479 587
479 589
479 591
479 599
479 600
479 603
479 607
479 611
479 710
479 719
480 519
480 522
480 526
480 527
480 532
480 542
480 575
480 577
480 581
480 589
480 591
480 599
480 600
480 603
480 607
480 611
480 710
480 719
481 517
481 524
481 532
482 597
482 603
483 573
483 692
484 573
484 692
484 695
484 697
485 1050
485 1059
486 1050
486 1059
487 1211
487 1212
488 1211
488 1212
489 538
489 541
490 1173
490 1174
490 1180
490 1182
491 1170
491 1172
491 1173
491 1174
491 1180
491 1182
492 1168
492 1169
492 1170
492 1172
493 1168
493 1169
493 1170
493 1172
494 532
494 542
495 1038
495 1046
496 1038
496 1046
497 695
497 697
497 962
497 963
497 964
498 540
498 544
498 695
498 697
498 962
498 963
498 964
499 540
499 544
500 673
500 675
501 690
501 691
502 573
502 690
502 691
502 692
502 695
502 697
503 573
503 692
504 597
504 603
505 519
505 522
505 532
505 542
505 575
505 577
505 587
505 589
505 599
505 603
505 611
506 519
506 522
506 532
506 542
506 575
506 577
506 587
506 589
506 1392
506 1395
507 625
507 630
508 521
508 523
508 673
508 675
508 681
508 682
509 681
509 682
510 529
510 535
511 573
511 575
511 587
511 692
512 695
512 697
512 701
513 625
513 630
514 521
514 523
514 532
514 542
515 573
515 575
515 587
515 692
516 625
516 630
517 627
517 695
517 697
517 701
518 576
518 577
518 588
518 589
518 590
518 598
518 601
518 604
518 713
518 719
519 522
519 540
519 544
519 576
519 577
519 589
519 608
519 614
519 620
519 626
519 713
520 532
520 542
522 526
522 533
522 536
522 540
522 544
522 576
522 577
522 578
522 589
522 590
522 608
522 614
522 713
523 529
523 535
524 627
525 540
525 544
526 527
526 530
526 577
526 588
526 589
526 598
527 536
527 576
527 577
527 589
527 601
527 604
527 620
527 626
527 713
530 533
530 536
530 578
530 590
530 719
531 963
531 964
532 589
532 599
532 627
533 701
533 703
533 1421
533 1424
534 807
534 1372
535 540
535 544
535 927
535 928
536 588
536 598
536 1421
536 1424
537 664
537 665
538 555
538 1165
538 1166
538 1173
538 1174
538 1402
538 1405
538 1407
538 1421
538 1424
539 1421
539 1424
540 575
540 589
540 599
540 622
540 627
540 673
540 681
540 701
540 703
540 710
540 1058
540 1066
540 1419
540 1421
541 555
541 1165
541 1166
541 1173
541 1174
541 1402
541 1405
541 1407
542 589
542 599
544 575
544 589
544 599
544 600
544 622
544 627
544 673
544 681
544 701
544 703
544 710
544 1058
544 1066
544 1419
544 1421
544 1422
544 1424
546 1893
546 1899
546 1908
546 1915
547 1421
547 1424
548 664
548 665
550 576
550 599
550 600
550 713
550 1422
550 1424
550 1469
550 1476
551 1893
551 1899
551 1908
551 1915
552 589
552 599
552 695
552 697
552 701
552 1466
552 1469
552 1471
552 1476
553 1885
553 1890
553 1905
554 576
554 713
554 927
554 928
554 1421
554 1424
558 695
558 697
559 589
559 599
559 695
559 697
559 701
559 1466
559 1471
561 701
561 703
562 1885
562 1890
562 1905
564 1419
564 1421
566 1419
566 1421
568 701
568 703
569 1904
569 1914
570 1904
570 1914
571 660
571 662
571 667
571 669
571 670
571 673
571 1031
571 1036
571 1045
571 1049
571 1056
571 1058
571 1919
571 1921
571 1925
572 662
572 669
572 1919
572 1921
572 1925
573 597
573 603
573 673
573 681
573 701
573 703
573 1028
573 1032
574 705
575 599
575 600
575 619
575 621
575 694
575 699
575 701
575 703
575 1193
575 1195
575 1376
575 1380
576 861
576 866
576 903
576 904
576 1440
576 1441
577 695
577 697
577 861
577 866
577 1425
577 1426
578 1378
578 1382
579 654
579 655
579 731
580 624
580 633
580 731
580 1205
580 1384
580 1389
581 594
581 601
581 1376
581 1380
581 1399
581 1400
582 728
582 730
582 855
582 856
582 1386
582 1391
583 700
583 712
584 951
584 956
585 1419
585 1421
586 597
586 603
587 701
587 703
587 1376
587 1380
588 619
588 621
589 624
589 626
589 695
589 697
589 861
589 866
589 1425
589 1426
590 1371
590 1375
590 1378
590 1382
590 1425
590 1426
591 624
591 633
591 648
591 651
591 1384
591 1389
591 1399
591 1400
592 594
592 601
592 728
592 730
592 855
592 856
592 1376
592 1380
592 1386
592 1391
594 654
594 655
595 1050
595 1059
596 1419
596 1421
599 624
599 626
599 708
600 708
601 624
601 626
601 633
602 648
602 651
602 1205
604 624
604 626
604 633
606 701
606 703
609 634
609 635
613 701
613 703
615 634
615 635
615 636
615 638
616 636
616 638
620 629
620 633
620 644
620 649
623 653
623 654
626 629
626 633
626 638
626 642
626 644
626 649
626 653
626 654
631 651
631 652
632 651
632 652
633 638
633 642
635 650
635 652
637 641
637 645
639 641
639 645
640 647
640 650
640 652
643 787
643 801
643 802
646 787
646 801
646 802
646 1201
646 1202
648 651
650 654
650 655
652 654
652 655
656 1426
656 1430
657 1211
657 1212
657 1414
657 1417
658 660
658 667
658 670
658 673
658 1031
658 1036
658 1045
658 1049
658 1056
658 1058
659 1026
659 1030
660 661
660 1009
660 1026
660 1030
661 667
662 668
662 669
662 673
662 675
662 988
662 990
662 1008
662 1018
662 1146
662 1151
663 665
663 691
663 698
663 717
663 720
663 1014
663 1380
663 1384
663 1392
663 1395
664 665
664 691
664 698
664 717
664 720
664 1014
664 1016
664 1017
664 1380
664 1384
664 1392
664 1395
665 677
665 685
665 1016
665 1017
667 1009
668 669
669 673
669 675
669 988
669 990
669 1146
669 1151
670 695
670 697
671 677
671 685
671 982
671 985
672 706
672 709
672 718
672 722
672 1043
672 1048
673 674
673 675
673 681
673 683
673 686
673 687
673 692
673 695
673 697
673 993
673 994
673 1007
673 1146
673 1151
673 1876
673 1877
674 675
674 681
674 686
674 695
674 697
675 681
675 683
675 695
675 697
675 1007
676 988
676 990
677 678
677 696
677 702
677 988
677 990
677 1014
677 1050
677 1053
677 1059
677 1084
677 1088
678 685
678 982
678 985
679 706
679 709
679 1043
679 1048
680 723
680 726
681 683
681 686
681 687
681 692
681 695
681 697
681 993
681 994
681 1146
681 1151
681 1876
681 1877
682 695
682 697
683 686
683 695
683 697
684 1056
684 1066
684 1072
684 1076
685 696
685 702
685 988
685 990
685 1014
685 1050
685 1053
685 1059
685 1084
685 1088
686 695
686 697
687 695
687 697
688 983
688 986
688 1056
688 1076
689 1056
689 1066
689 1072
689 1076
691 1034
691 1035
691 1066
691 1072
692 701
692 703
692 1028
692 1032
693 983
693 986
693 1066
693 1072
694 710
695 960
695 961
695 1190
695 1191
695 1436
695 1437
696 853
696 861
697 960
697 961
697 1190
697 1191
697 1436
697 1437
698 1034
698 1035
698 1054
698 1064
698 1391
698 1394
699 710
699 1054
699 1064
699 1391
699 1394
700 716
700 723
700 731
700 843
700 846
702 711
702 712
702 853
702 861
706 718
706 722
707 711
707 712
709 718
709 722
710 1193
710 1195
711 715
711 721
711 722
711 725
712 715
712 716
712 722
712 723
712 731
712 843
712 846
713 903
713 904
713 1440
713 1441
714 721
714 723
714 724
714 725
714 726
717 969
717 972
718 1024
719 1371
719 1375
720 969
720 972
722 1024
723 858
723 859
724 858
724 859
727 869
727 872
729 869
729 872
733 794
733 799
734 785
734 791
735 785
735 791
735 852
735 857
736 950
736 951
737 950
737 951
738 824
738 833
739 1442
740 820
740 838
742 758
742 763
742 819
742 852
742 857
743 824
743 833
745 755
745 757
745 758
745 761
745 763
745 764
745 767
745 1421
745 1424
746 1421
746 1424
747 824
747 833
748 754
748 755
748 757
748 758
748 760
748 761
748 763
748 764
748 767
748 1421
748 1424
749 824
749 833
749 1421
749 1424
750 754
750 755
750 757
750 760
750 761
750 763
750 764
750 767
750 1404
751 1404
753 754
753 760
753 852
753 853
754 755
754 756
754 757
754 758
754 763
754 764
754 853
754 861
755 760
756 760
756 791
756 792
757 760
758 760
760 763
760 764
760 767
760 769
760 853
760 861
762 771
762 774
763 765
763 768
763 772
764 791
764 792
764 852
764 853
765 767
765 769
765 771
766 771
766 774
767 768
767 772
767 780
767 785
767 841
767 847
768 769
768 771
769 780
769 785
769 841
769 847
770 774
770 780
771 772
771 773
771 780
771 785
771 841
771 847
772 774
772 780
773 774
773 775
773 780
774 777
774 778
775 777
775 778
775 841
775 847
776 792
776 796
777 780
777 782
777 788
777 800
777 861
777 866
777 868
778 780
778 782
778 785
778 788
778 791
778 800
778 866
778 868
779 792
779 796
781 841
781 847
782 861
782 866
783 785
783 788
783 791
783 800
785 866
785 868
788 798
788 801
789 852
789 857
791 798
791 801
791 866
791 868
793 798
793 801
794 857
794 1201
794 1202
798 801
799 857
799 1201
799 1202
803 858
803 859
804 858
804 859
805 808
805 809
806 1311
806 1312
807 840
807 848
807 1235
807 1239
807 1311
807 1312
808 1379
809 811
809 831
809 840
809 848
809 1204
809 1209
809 1340
809 1348
809 1379
810 811
810 816
810 831
810 1204
810 1209
810 1340
810 1348
811 836
812 814
813 1321
813 1331
814 828
814 1276
814 1278
814 1336
814 1344
815 821
815 825
815 826
816 836
817 1439
817 1440
820 955
820 958
821 825
821 826
824 839
824 845
825 826
825 1345
825 1352
827 1345
827 1352
829 834
829 841
830 1345
830 1352
831 836
832 834
832 841
833 839
833 845
834 835
834 844
834 852
834 853
835 841
836 840
836 848
837 1439
837 1440
838 955
838 958
840 1372
841 844
841 852
841 853
842 1439
842 1440
843 950
843 951
843 955
843 958
843 1146
843 1149
843 1351
843 1353
843 1392
843 1395
843 2278
843 2279
846 950
846 951
846 955
846 958
846 1146
846 1149
846 1351
846 1353
846 1392
846 1395
846 2278
846 2279
848 1372
849 858
849 859
849 873
849 876
849 1352
850 858
850 859
850 873
850 876
850 1352
851 858
851 859
854 859
854 864
855 1386
855 1391
859 860
860 864
860 867
860 871
860 1386
860 1391
862 879
862 1401
863 879
863 1401
865 867
865 871
875 877
880 892
880 897
880 1264
880 1265
880 1272
880 1276
880 1278
881 1216
881 1324
882 1234
883 1234
884 1233
884 1242
887 925
887 926
888 945
888 947
888 1095
888 1099
890 898
890 903
891 895
891 899
892 1314
892 1319
894 898
894 903
897 1216
897 1314
897 1319
897 1324
898 907
898 908
898 912
898 913
900 907
900 908
901 945
901 947
903 907
903 908
903 912
903 913
905 915
905 919
906 915
906 919
909 915
909 919
910 921
910 922
911 916
911 917
914 916
914 917
918 921
918 922
920 1234
922 923
922 924
923 925
924 925
925 2196
926 2196
929 1095
929 1099
930 1091
930 1096
931 995
931 996
931 1090
931 1091
931 1096
932 1181
932 1184
933 1181
933 1184
934 965
934 966
934 968
934 971
934 978
934 980
935 965
935 966
935 978
935 980
936 1183
936 1185
937 1183
937 1185
938 1128
938 1141
939 1128
939 1141
940 1074
940 1078
941 942
941 1056
941 1076
941 1082
942 1056
942 1076
942 1082
943 1042
943 1052
944 1042
944 1052
946 1181
946 1184
948 995
948 996
948 1128
948 1135
949 1906
949 1913
951 1095
951 1099
952 1128
952 1135
954 1906
954 1913
955 989
955 992
958 989
958 992
965 1128
965 1141
965 1186
966 1186
968 982
968 985
968 989
968 991
968 1186
971 982
971 985
971 989
971 991
971 1186
973 1903
973 1915
974 976
974 981
975 1903
975 1915
976 979
976 984
976 987
976 989
977 1070
977 1081
978 1186
979 981
980 1186
981 984
981 987
981 989
982 1070
982 1081
983 993
983 994
986 993
986 994
987 1089
987 1102
988 1002
988 1080
989 993
989 994
989 1089
989 1091
989 1096
989 1102
990 1002
990 1080
991 1091
991 1096
992 993
992 994
993 997
993 998
993 1034
993 1035
993 1049
993 1058
993 1095
993 1099
994 997
994 998
994 1034
994 1035
994 1049
994 1058
994 1095
994 1099
999 1000
999 1111
1000 1023
1002 1050
1002 1059
1003 1113
1003 1126
1004 1113
1004 1126
1005 1113
1005 1137
1006 1113
1006 1137
1007 1008
1007 1018
1008 1010
1008 1011
1008 1030
1008 1033
1010 1018
1011 1018
1012 1038
1012 1046
1014 1016
1014 1017
1015 1038
1015 1046
1018 1030
1018 1033
1018 1038
1018 1046
1019 1038
1019 1046
1020 1038
1020 1046
1021 1044
1021 1055
1022 1410
1022 1412
1023 1111
1025 1038
1025 1044
1025 1046
1025 1055
1029 1410
1029 1412
1031 1038
1031 1046
1033 1057
1033 1060
1033 1061
1033 1062
1033 1063
1033 1065
1033 1067
1033 1069
1033 1071
1034 1042
1034 1052
1035 1042
1035 1052
1036 1038
1036 1046
1037 1057
1037 1061
1037 1062
1037 1063
1037 1065
1037 1067
1037 1069
1037 1071
1038 1061
1038 1063
1038 1067
1039 1057
1039 1062
1039 1071
1040 1057
1040 1061
1040 1062
1040 1063
1040 1065
1040 1067
1040 1069
1040 1071
1041 1057
1041 1060
1041 1065
1041 1067
1041 1069
1045 1054
1045 1064
1046 1061
1046 1063
1046 1067
1047 1057
1047 1061
1047 1062
1047 1063
1047 1065
1047 1067
1047 1069
1047 1071
1050 1073
1050 1077
1050 1079
1050 1080
1050 1083
1050 1084
1050 1085
1050 1086
1050 1088
1051 1065
1051 1067
1054 1056
1056 1064
1059 1073
1059 1077
1059 1079
1059 1080
1059 1083
1059 1084
1059 1085
1059 1086
1059 1088
1066 1079
1066 1084
1066 1092
1066 1097
1068 1091
1068 1096
1072 1079
1072 1084
1074 1092
1074 1097
1075 1091
1075 1096
1077 1079
1077 1084
1077 1086
1077 1090
1079 1083
1080 1091
1080 1096
1083 1084
1083 1086
1083 1090
1089 1107
1089 1126
1090 1093
1090 1094
1090 1415
1091 1093
1091 1094
1091 1104
1091 1415
1091 1435
1095 1098
1095 1100
1095 1187
1096 1104
1096 1415
1096 1435
1098 1099
1099 1100
1099 1187
1101 1125
1101 1136
1102 1107
1102 1126
1103 1125
1103 1136
1105 1108
1105 1116
1108 1111
1108 1120
1108 1123
1108 1129
1108 1130
1109 1113
1109 1135
1109 1137
1109 1142
1111 1116
1112 1121
1112 1142
1114 1160
1114 1163
1115 1120
1115 1123
1115 1131
1115 1132
1116 1120
1116 1123
1116 1129
1116 1130
1117 1135
1117 1142
1119 1133
1119 1134
1120 1146
1120 1149
1121 1137
1122 1133
1122 1134
1123 1146
1123 1149
1124 1131
1124 1132
1127 1213
1127 1214
1127 1481
1127 1487
1128 1163
1128 1164
1131 1132
1131 1133
1131 1139
1131 1146
1132 1133
1132 1139
1132 1146
1133 1138
1133 1145
1133 1147
1133 1197
1133 1202
1137 1142
1138 1139
1138 1146
1139 1144
1139 1145
1139 1146
1139 1147
1139 1149
1139 1197
1139 1202
1140 1213
1140 1214
1140 1481
1140 1487
1142 1163
1142 1164
1143 1160
1143 1163
1144 1146
1145 1146
1146 1147
1146 1148
1146 1160
1146 1163
1148 1149
1150 1160
1150 1163
1151 1160
1151 1163
1152 1154
1152 1159
1153 1160
1153 1163
1154 1157
1154 1158
1154 1162
1155 1496
1155 1497
1156 1496
1156 1497
1157 1159
1157 1161
1158 1159
1158 1161
1161 1162
1167 1173
1167 1174
1171 1173
1171 1174
1175 1273
1175 1274
1176 1273
1176 1274
1179 1183
1179 1185
1188 1189
1197 2436
1197 2440
1201 1208
1201 1209
1201 2437
1201 2438
1202 1203
1202 1204
1202 1208
1202 1209
1202 2436
1202 2437
1202 2438
1202 2440
1203 1204
1203 1205
1204 1205
1206 1211
1206 1212
1207 1211
1207 1212
1215 1335
1215 1363
1216 1335
1216 1345
1217 1335
1217 1342
1217 1345
1217 1352
1217 1370
1217 1374
1217 1448
1217 1798
1218 1342
1218 1345
1218 2441
1218 2520
1219 1222
1219 1317
1219 1321
1219 1331
1219 2525
1219 2534
1220 1222
1220 1296
1220 1299
1220 1317
1220 1321
1220 1331
1220 2525
1220 2534
1221 2525
1221 2526
1221 2534
1222 1282
1222 1286
1222 1303
1222 1356
1222 1360
1222 2525
1222 2526
1222 2534
1223 1252
1223 1270
1223 1276
1223 1315
1223 1356
1223 1360
1224 1270
1224 1276
1225 1345
1226 1345
1226 1353
1226 1354
1228 1253
1228 1254
1229 1253
1229 1254
1230 1276
1230 1278
1231 1263
1231 1268
1232 1277
1232 1281
1233 1237
1233 1277
1233 1281
1234 1249
1234 1257
1235 1276
1235 1278
1235 1372
1236 1255
1236 1261
1237 1242
1238 1263
1238 1268
1239 1372
1240 1248
1240 1256
1241 1255
1241 1261
1242 1277
1242 1281
1243 1263
1243 1268
1244 1248
1244 1256
1245 1267
1245 1271
1246 1270
1246 1276
1246 1316
1246 1327
1246 1343
1246 1347
1247 1296
1247 1299
1250 1270
1250 1276
1250 1316
1250 1327
1251 1267
1251 1271
1252 1316
1252 1338
1252 1346
1252 1353
1252 1354
1253 1296
1253 1299
1263 1290
1263 1293
1267 1291
1267 1292
1267 2476
1267 2479
1268 1290
1268 1293
1270 1316
1270 1327
1270 1329
1270 1337
1271 1290
1271 1291
1271 1292
1271 1293
1271 2476
1271 2479
1272 1319
1272 1325
1272 1330
1276 1316
1276 1319
1276 1325
1276 1327
1276 1329
1276 1330
1276 1337
1276 1338
1277 1294
1277 1299
1277 2498
1277 2501
1278 1337
1278 1338
1281 1294
1281 1299
1281 2498
1281 2501
1282 1317
1283 2497
1283 2499
1284 2497
1284 2499
1286 1317
1289 2483
1289 2491
1291 2483
1291 2491
1294 1311
1294 1312
1296 1303
1299 1303
1299 1311
1299 1312
1303 1317
1304 1306
1304 1308
1304 1311
1304 1312
1304 1321
1304 1332
1305 1311
1305 1312
1306 1308
1306 2503
1306 2504
1307 2441
1307 2520
1308 1321
1308 1332
1309 2503
1309 2504
1310 1345
1310 1352
1310 1448
1310 1798
1311 1321
1311 1331
1311 1345
1311 1352
1311 1372
1312 1321
1312 1331
1312 1345
1312 1352
1312 1372
1313 1329
1313 1337
1313 1367
1313 1370
1315 1316
1315 1338
1315 1346
1315 1353
1315 1354
1316 1329
1316 1330
1318 1370
1318 1374
1320 1329
1320 1337
1320 1367
1320 1370
1321 1328
1322 1376
1322 1380
1323 1376
1323 1380
1325 1350
1325 1351
1326 1343
1326 1347
1327 1329
1327 1330
1327 1359
1327 1364
1328 1331
1330 1350
1330 1351
1333 1376
1333 1380
1334 1342
1334 1345
1335 1344
1335 1349
1335 1351
1335 1353
1339 1359
1339 1364
1341 1342
1341 1345
1343 1350
1343 1351
1344 1349
1344 1352
1345 2567
1345 2573
1347 1350
1347 1351
1349 1352
1350 1355
1350 1360
1351 1355
1351 1360
1356 1360
1356 1369
1357 1371
1357 1373
1357 1375
1358 1360
1358 1369
1360 1370
1360 1374
1363 1371
1363 1373
1363 1375
1365 1370
1365 1374
1368 2515
1368 2516
1376 2515
1376 2516
1378 1386
1378 1391
1380 1383
1380 1388
1380 1391
1380 1394
1382 1385
1382 1386
1382 1390
1382 1391
1383 1384
1384 1388
1384 1391
1384 1394
1385 1386
1386 1390
1386 1391
1386 1393
1386 1394
1386 1396
1391 1393
1391 1394
1391 1396
1391 2520
1391 2532
1394 2520
1394 2532
1403 1537
1403 1560
1406 1537
1406 1560
1409 1413
1409 1416
1418 1433
1418 1435
1420 1422
1420 1424
1421 1890
1421 1898
1421 1905
1422 1423
1422 1433
1422 1435
1423 1424
1424 1890
1424 1898
1424 1905
1427 1428
1427 1429
1428 1431
1428 2010
1428 2012
1429 1431
1432 2010
1432 2012
1433 1434
1433 1435
1434 1435
1443 1514
1443 1520
1443 1523
1443 1524
1445 1685
1445 1686
1445 2125
1445 2126
1446 2135
1446 2147
1446 2443
1446 2515
1447 1851
1447 1909
1447 2308
1447 2316
1449 1878
1449 1891
1449 2348
1449 2349
1449 2352
1449 2356
1449 2359
1449 2361
1449 2362
1450 1768
1450 1770
1450 1771
1450 1775
1450 2260
1450 2264
1451 1514
1451 1520
1452 1922
1452 1926
1453 1482
1453 1486
1453 1560
1453 1565
1454 1499
1454 1500
1454 1510
1454 1938
1454 1940
1455 1669
1455 1670
1455 1854
1455 2385
1455 2388
1456 2423
1456 2425
1457 2423
1457 2425
1458 2229
1458 2275
1458 2281
1458 2419
1459 2275
1459 2281
1460 2227
1460 2228
1461 2286
1461 2287
1462 1922
1462 1926
1463 1514
1463 1520
1463 1926
1463 1928
1463 1929
1465 1499
1465 1500
1465 1510
1465 1514
1465 1520
1465 1926
1465 1928
1465 1929
1465 1938
1465 1940
1467 1521
1467 1522
1468 1866
1468 1880
1468 2424
1468 2425
1468 2426
1468 2427
1469 1521
1469 1522
1471 1912
1471 1914
1471 1926
1471 1927
1471 1928
1471 1934
1471 1939
1471 1941
1472 1866
1472 1880
1472 2424
1472 2425
1472 2426
1472 2427
1473 1912
1473 1914
1473 1926
1473 1927
1473 1928
1473 1934
1473 1939
1473 1941
1475 1771
1475 1776
1475 1884
1475 1907
1475 1908
1475 1915
1475 1927
1475 1934
1475 1939
1475 1941
1475 2409
1475 2411
1477 1771
1477 1776
1477 1884
1477 1907
1477 1908
1477 1915
1477 1926
1477 1927
1477 1928
1477 1934
1477 2409
1477 2411
1478 2512
1478 2513
1480 1867
1480 1878
1480 1908
1480 1915
1480 2405
1480 2407
1480 2409
1480 2411
1481 2424
1481 2425
1482 1520
1482 1555
1482 1561
1483 2512
1483 2513
1484 2424
1484 2425
1485 1669
1485 1670
1486 1520
1486 1555
1486 1561
1486 1867
1486 1878
1486 1908
1486 1915
1486 1921
1486 1926
1486 2405
1486 2407
1486 2409
1486 2411
1487 1492
1487 1495
1487 2403
1487 2404
1488 1867
1488 1878
1488 1908
1488 1915
1488 2403
1488 2404
1488 2405
1488 2407
1488 2409
1488 2411
1489 1921
1489 1926
1489 1939
1489 1941
1490 1492
1490 1495
1490 2371
1490 2373
1490 2403
1490 2404
1491 1939
1491 1941
1492 2040
1492 2045
1492 2591
1492 2592
1493 2371
1493 2373
1494 2381
1494 2391
1495 2040
1495 2045
1495 2286
1495 2287
1495 2591
1495 2592
1498 2381
1498 2391
1499 1555
1499 1561
1500 1555
1500 1561
1501 1515
1501 1517
1502 1567
1502 1572
1502 1593
1502 1594
1502 1606
1502 1607
1503 1509
1503 1513
1504 1509
1504 1513
1505 1610
1505 1611
1506 2135
1506 2147
1506 2534
1506 2540
1507 1805
1507 2136
1509 1610
1509 1611
1509 1862
1509 1863
1509 1873
1509 2165
1509 2169
1511 2148
1511 2159
1512 1606
1512 1607
1513 1862
1513 1863
1513 1873
1513 2165
1513 2169
1513 2511
1513 2514
1515 1540
1515 1584
1515 1588
1515 1590
1515 1605
1515 1606
1515 1607
1515 1608
1515 1916
1516 2511
1516 2514
1517 1540
1517 1584
1517 1588
1517 1590
1517 1916
1518 2148
1518 2159
1519 1605
1519 1608
1520 1560
1520 1565
1523 1535
1523 1555
1523 1556
1523 1561
1524 1535
1524 1555
1524 1556
1524 1561
1524 1940
1524 1942
1525 1931
1525 1933
1525 1936
1526 1570
1526 1573
1526 1931
1526 1933
1526 1936
1527 1578
1527 1581
1527 1650
1527 1652
1528 1940
1528 1942
1529 1578
1529 1581
1529 1650
1529 1652
1530 1570
1530 1573
1531 1555
1531 1556
1531 1561
1532 1555
1532 1556
1532 1561
1533 1555
1533 1561
1534 1555
1534 1561
1536 1943
1536 1944
1538 1605
1538 1608
1538 1767
1538 1773
1538 1893
1538 1899
1539 1767
1539 1773
1539 1893
1539 1899
1541 2098
1541 2104
1541 2177
1541 2180
1542 1861
1542 1863
1542 1871
1543 1861
1543 1863
1543 1871
1548 1582
1548 1585
1549 1582
1549 1585
1552 1614
1552 1615
1552 1959
1552 1968
1552 2158
1552 2163
1552 2184
1552 2189
1553 1614
1553 1615
1553 1959
1553 1968
1553 2158
1553 2163
1553 2184
1553 2189
1555 1932
1555 1937
1555 1943
1555 1944
1555 2511
1555 2514
1556 1932
1556 1937
1556 1943
1556 1944
1556 2511
1556 2514
1557 1605
1557 1608
1557 1767
1557 1773
1557 1893
1557 1899
1559 2098
1559 2104
1559 2177
1559 2180
1561 1932
1561 1937
1561 1943
1561 1944
1561 2511
1561 2514
1563 1660
1563 1661
1566 1660
1566 1661
1567 1598
1568 1575
1568 1576
1568 1577
1568 1579
1569 1575
1569 1577
1569 1580
1569 1583
1572 1598
1575 1639
1576 1578
1576 1639
1577 1639
1579 1639
1580 1639
1583 1639
1586 1656
1586 1658
1587 1593
1587 1596
1589 1593
1589 1596
1589 1656
1589 1658
1593 1602
1594 1602
1595 1604
1595 1606
1597 1648
1597 1649
1598 1606
1598 1607
1599 1648
1599 1649
1600 1604
1600 1606
1612 1616
1612 2587
1613 1628
1613 1629
1614 1631
1614 1634
1614 1636
1614 1637
1614 1681
1614 2013
1614 2014
1614 2113
1614 2125
1614 2126
1615 1619
1615 1631
1615 1634
1615 1636
1615 1637
1615 1681
1615 1959
1615 1968
1615 2013
1615 2014
1615 2113
1615 2566
1616 1619
1616 1625
1616 1654
1616 1656
1616 1959
1616 1968
1616 2566
1617 2566
1617 2569
1618 1619
1618 1653
1618 1655
1618 2566
1618 2581
1618 2583
1619 1653
1619 1655
1619 2566
1619 2581
1619 2583
1619 2584
1619 2585
1620 2020
1620 2021
1620 2585
1620 2586
1621 2437
1621 2438
1621 2585
1621 2586
1622 2437
1622 2438
1623 2136
1623 2144
1624 2136
1624 2144
1625 1650
1625 1652
1625 1677
1625 2123
1625 2587
1626 1650
1626 1652
1627 1697
1627 1700
1628 1697
1628 1700
1628 1717
1629 1717
1631 1638
1631 1640
1631 1641
1631 1643
1631 1671
1631 1685
1631 2074
1631 2076
1632 1677
1632 2123
1633 1697
1633 1700
1634 1638
1634 1640
1634 1641
1634 1643
1634 1671
1634 1685
1634 1959
1634 1968
1634 2074
1634 2076
1634 2566
1634 2569
1635 2566
1635 2569
1636 1963
1636 1977
1636 2015
1636 2016
1637 1963
1637 1977
1637 2015
1637 2016
1637 2566
1637 2569
1640 2566
1640 2569
1642 1651
1642 1653
1642 2571
1642 2574
1643 2566
1643 2569
1644 2571
1644 2574
1645 1651
1645 1653
1645 2566
1645 2569
1646 2566
1646 2569
1647 2433
1647 2434
1647 2571
1647 2574
1648 1660
1648 1661
1648 2433
1648 2434
1649 1660
1649 1661
1649 2571
1649 2574
1650 1667
1650 1668
1650 1684
1650 2571
1650 2574
1652 1667
1652 1668
1652 1684
1652 2571
1652 2574
1653 1655
1654 2586
1654 2587
1656 1660
1656 1662
1656 2184
1656 2189
1656 2586
1656 2587
1657 1663
1657 1665
1658 1660
1658 1662
1658 2184
1658 2189
1659 1663
1659 1665
1660 1806
1660 1957
1660 1966
1660 2143
1661 1806
1661 1957
1661 1966
1661 2143
1669 1698
1669 1703
1669 2093
1669 2100
1670 1698
1670 1703
1670 2093
1670 2100
1671 1704
1671 1705
1672 1704
1672 1705
1673 1680
1673 2113
1674 2094
1674 2096
1675 1712
1675 1713
1675 2178
1675 2181
1678 1690
1678 1691
1678 1713
1678 1714
1678 1718
1678 1719
1678 1952
1678 1962
1678 2119
1678 2120
1678 2122
1678 2124
1679 1713
1679 1714
1679 1952
1679 1962
1680 1687
1680 1690
1680 1691
1680 2005
1681 1682
1681 1683
1681 1686
1681 1687
1681 1688
1681 1690
1681 1691
1681 2002
1681 2005
1681 2007
1681 2009
1681 2099
1681 2106
1681 2108
1681 2110
1681 2177
1681 2180
1681 2184
1682 1698
1682 1703
1682 2111
1682 2171
1682 2172
1683 2111
1685 1704
1685 1708
1685 1712
1685 2127
1686 1704
1686 1708
1686 2111
1686 2113
1686 2127
1687 1695
1687 1696
1687 1699
1687 1704
1687 1705
1687 2111
1687 2113
1688 1696
1688 1699
1688 1704
1688 1705
1688 2111
1689 1704
1689 1713
1690 1695
1690 1696
1690 1702
1690 1704
1690 1705
1690 1706
1690 1713
1690 2121
1691 1695
1691 1696
1691 1702
1691 1706
1691 2121
1692 1991
1692 1994
1692 2007
1692 2009
1692 2011
1692 2013
1692 2014
1693 1704
1693 1713
1694 1991
1694 1994
1694 2007
1694 2009
1694 2011
1694 2013
1694 2014
1695 1704
1695 1713
1696 2007
1696 2009
1697 1703
1697 1707
1697 1708
1697 2584
1697 2585
1698 2111
1700 1703
1700 1707
1700 1708
1700 2584
1700 2585
1701 1704
1701 1708
1701 1712
1701 2013
1701 2014
1701 2433
1701 2435
1701 2592
1701 2593
1702 1710
1702 1711
1703 1708
1703 1712
1703 2111
1703 2433
1703 2435
1703 2592
1703 2593
1704 1707
1704 1710
1704 1711
1704 1713
1704 1716
1704 1997
1704 2013
1704 2014
1704 2072
1704 2075
1704 2116
1704 2579
1704 2581
1705 2579
1705 2581
1706 1710
1706 1711
1707 1708
1707 1712
1707 2013
1707 2014
1707 2433
1707 2435
1707 2592
1707 2593
1708 1999
1708 2008
1709 1712
1709 1713
1709 2002
1709 2005
1710 1712
1710 1713
1710 2002
1710 2005
1710 2013
1710 2014
1710 2125
1710 2126
1711 1712
1711 1713
1711 2002
1711 2005
1711 2013
1711 2014
1711 2125
1711 2126
1712 1715
1712 1718
1712 1997
1712 1999
1712 2008
1712 2013
1712 2014
1712 2072
1712 2075
1712 2116
1712 2117
1713 1715
1713 1716
1713 1718
1713 2013
1713 2014
1713 2116
1713 2117
1718 2121
1719 2121
1720 1728
1720 2088
1721 1722
1721 1723
1721 1728
1721 1749
1721 1754
1721 1758
1721 2087
1721 2092
1721 2094
1721 2105
1722 1723
1722 2087
1722 2105
1724 1752
1724 1757
1725 1741
1725 1747
1725 1752
1725 1757
1725 2221
1725 2246
1726 1741
1726 1747
1726 1768
1726 1775
1726 2221
1726 2246
1727 1768
1727 1775
1728 1739
1728 1740
1728 1953
1728 1963
1728 1971
1728 2094
1728 2096
1729 2095
1729 2102
1730 2097
1730 2103
1731 2097
1731 2103
1732 2136
1732 2152
1733 1780
1733 1787
1733 2136
1733 2152
1734 1794
1734 1797
1735 1794
1735 1797
1736 2221
1736 2246
1736 2605
1736 2606
1736 2607
1736 2608
1736 2609
1738 1789
1738 1792
1739 1758
1739 2004
1739 2010
1739 2088
1739 2092
1739 2094
1740 1749
1740 1754
1740 1758
1740 2004
1740 2010
1740 2017
1740 2018
1740 2019
1741 1748
1741 1753
1741 1763
1741 1764
1741 2135
1741 2147
1741 2220
1741 2240
1742 1804
1742 2136
1743 1745
1743 1748
1744 1745
1744 1748
1746 1804
1746 2136
1747 1748
1747 1753
1747 1756
1747 1759
1747 1763
1747 1764
1747 2135
1747 2147
1747 2220
1747 2240
1749 2004
1749 2010
1749 2017
1749 2018
1749 2019
1750 2086
1750 2105
1751 1756
1751 1759
1751 1785
1751 1788
1754 2154
1754 2162
1755 2086
1755 2105
1756 1785
1756 1788
1758 2154
1758 2162
1760 1785
1760 1788
1762 2258
1762 2262
1764 1772
1764 1774
1765 1772
1765 1774
1766 2101
1766 2106
1767 1803
1767 2139
1768 1777
1768 1779
1768 2067
1768 2240
1769 2258
1769 2262
1770 1782
1770 1786
1770 2240
1771 1782
1771 1786
1771 2240
1773 1803
1773 2139
1775 1777
1775 1779
1775 2067
1775 2240
1778 2101
1778 2106
1780 2090
1781 2030
1781 2031
1781 2601
1781 2602
1782 2030
1782 2031
1782 2601
1782 2602
1784 1785
1784 1788
1785 2110
1785 2112
1787 2090
1788 1904
1788 1914
1789 1790
1789 2110
1789 2112
1790 1792
1790 1904
1790 1914
1791 2104
1791 2109
1791 2595
1791 2598
1792 2595
1792 2598
1793 1824
1793 1826
1794 2095
1794 2102
1795 2104
1795 2109
1796 1824
1796 1826
1796 2095
1796 2102
1798 2168
1798 2170
1799 2168
1799 2170
1800 2151
1800 2157
1801 2151
1801 2153
1801 2157
1801 2160
1802 2177
1802 2180
1805 2517
1806 1971
1806 1973
1806 2145
1806 2156
1807 2093
1807 2100
1808 1820
1808 1823
1808 2107
1808 2110
1809 2138
1809 2150
1810 2138
1810 2150
1810 2153
1810 2160
1811 1829
1811 1830
1812 2055
1812 2058
1813 1821
1813 1822
1814 1821
1814 1822
1815 2339
1815 2340
1816 2339
1816 2340
1817 1820
1817 1823
1818 2093
1818 2100
1819 2145
1819 2156
1821 1835
1822 1835
1825 1826
1825 1828
1826 1827
1827 1828
1829 2198
1830 2198
1831 2177
1831 2180
1834 2151
1834 2157
1836 2151
1836 2157
1837 2055
1837 2058
1838 2151
1838 2153
1838 2157
1838 2160
1839 1862
1839 1863
1840 1866
1840 1880
1840 2010
1840 2012
1841 1844
1841 1845
1841 1957
1841 1966
1842 1947
1842 1949
1842 1960
1842 2066
1843 1947
1843 1949
1843 1960
1843 2066
1844 1998
1845 1998
1846 1855
1846 1858
1846 1886
1846 1894
1846 2042
1846 2048
1847 1849
1847 1850
1847 1896
1847 1911
1847 1915
1847 1918
1847 1924
1847 1931
1847 1933
1848 1849
1848 1850
1848 1896
1848 1911
1848 1915
1848 1918
1848 1924
1848 1931
1848 1933
1849 1915
1849 1918
1851 1945
1851 2401
1851 2403
1852 1856
1852 1857
1852 1891
1852 1900
1852 1945
1852 2033
1852 2398
1852 2399
1852 2400
1852 2402
1852 2403
1852 2404
1853 2227
1853 2416
1854 2227
1854 2416
1854 2434
1855 1858
1855 1886
1855 1894
1855 2042
1855 2043
1855 2048
1856 2393
1857 2393
1858 2042
1858 2043
1858 2048
1859 1870
1859 1917
1860 1866
1860 1880
1860 2010
1860 2012
1862 2021
1863 2021
1864 2177
1864 2180
1865 1879
1865 1884
1865 1907
1866 1890
1866 1897
1866 1898
1866 1901
1866 1902
1866 1904
1866 1905
1868 1879
1868 1884
1868 1907
1869 1956
1869 1964
1869 1965
1870 1917
1870 1957
1870 1988
1870 1992
1870 2069
1874 1883
1874 1907
1876 1948
1876 1958
1876 1959
1876 1968
1877 1959
1877 1968
1878 2231
1879 1957
1879 2069
1880 1890
1880 1897
1880 1898
1880 1901
1880 1902
1880 1904
1880 1905
1882 1946
1882 1955
1883 1910
1884 1988
1884 1992
1885 2250
1885 2251
1886 1946
1886 1955
1887 1888
1887 1897
1888 1889
1888 1948
1888 1958
1889 1897
1889 1959
1889 1968
1890 1892
1890 1898
1890 1905
1890 1906
1890 1959
1890 1968
1890 2092
1890 2094
1890 2250
1890 2251
1891 2231
1891 2393
1892 1898
1892 1905
1896 2065
1896 2066
1898 1905
1898 1906
1899 1959
1899 1968
1899 2092
1899 2094
1900 2393
1903 2410
1903 2412
1905 1906
1905 2092
1905 2094
1905 2250
1905 2251
1906 2184
1906 2189
1906 2432
1906 2434
1907 1910
1907 1988
1907 1992
1908 1931
1908 1933
1909 1945
1909 2401
1909 2403
1910 1956
1910 1964
1910 1965
1911 2065
1911 2066
1913 2184
1913 2189
1913 2432
1913 2434
1915 1931
1915 1933
1915 2410
1915 2412
1915 2413
1915 2414
1918 2413
1918 2414
1920 2410
1920 2412
1921 1939
1921 1941
1923 2410
1923 2412
1926 1939
1926 1941
1928 1939
1928 1941
1929 1939
1929 1941
1935 1939
1935 1941
1945 2308
1945 2316
1945 2393
1946 2029
1946 2034
1946 2038
1946 2300
1948 2039
1948 2047
1949 1985
1949 1990
1949 2072
1949 2075
1949 2544
1949 2545
1949 2584
1949 2585
1950 2223
1950 2244
1951 2223
1951 2244
1953 2088
1953 2529
1953 2537
1954 2160
1954 2161
1955 2029
1955 2300
1957 1998
1958 2039
1958 2047
1959 1961
1959 2081
1959 2574
1959 2575
1960 1985
1960 1990
1960 2072
1960 2075
1960 2544
1960 2545
1960 2584
1960 2585
1961 1968
1961 2451
1961 2452
1962 2202
1962 2205
1963 2088
1966 1998
1966 2571
1966 2574
1968 2081
1968 2574
1968 2575
1969 2123
1969 2124
1969 2553
1969 2560
1970 2000
1970 2004
1970 2106
1970 2110
1971 2000
1971 2004
1971 2088
1971 2106
1971 2110
1971 2143
1971 2164
1971 2166
1972 2042
1972 2048
1973 2094
1973 2096
1973 2143
1974 2571
1974 2574
1975 1981
1975 1984
1975 2007
1975 2009
1975 2011
1976 2123
1976 2124
1977 1991
1977 1994
1977 1996
1977 2000
1977 2001
1977 2004
1977 2106
1977 2110
1977 2164
1977 2166
1978 1981
1978 1984
1978 2007
1978 2009
1978 2011
1979 1982
1979 1986
1979 1991
1979 1994
1979 1995
1980 1991
1980 1994
1980 1995
1980 1996
1980 2001
1981 1992
1981 1993
1982 1987
1983 2000
1983 2004
1984 1992
1984 1993
1986 1987
1989 2000
1989 2004
1991 1999
1991 2006
1991 2110
1991 2112
1991 2148
1991 2165
1994 1999
1994 2006
1994 2110
1994 2112
1994 2148
1994 2165
2001 2013
2001 2014
2002 2111
2003 2013
2003 2014
2004 2428
2004 2430
2005 2111
2005 2113
2007 2013
2007 2014
2007 2113
2007 2585
2007 2586
2009 2013
2009 2014
2009 2113
2009 2585
2009 2586
2010 2428
2010 2430
2013 2116
2013 2581
2013 2583
2014 2116
2014 2581
2014 2583
2015 2433
2015 2435
2016 2433
2016 2435
2020 2566
2021 2566
2022 2028
2022 2032
2022 2034
2022 2038
2022 2313
2022 2323
2022 2599
2022 2600
2023 2028
2023 2032
2023 2034
2023 2038
2024 2026
2024 2027
2025 2026
2025 2027
2026 2321
2026 2324
2027 2321
2027 2324
2028 2312
2028 2314
2032 2312
2032 2314
2033 2034
2033 2038
2033 2287
2033 2288
2033 2363
2033 2365
2033 2393
2034 2037
2034 2303
2034 2306
2034 2307
2034 2313
2034 2319
2034 2320
2035 2036
2035 2051
2036 2056
2036 2062
2036 2063
2037 2038
2037 2287
2037 2288
2037 2363
2037 2365
2038 2303
2038 2306
2038 2307
2038 2313
2038 2319
2038 2320
2040 2235
2040 2236
2040 2314
2040 2325
2041 2079
2041 2080
2041 2258
2041 2262
2041 2550
2041 2553
2044 2332
2044 2335
2045 2314
2045 2325
2045 2332
2045 2335
2046 2079
2046 2080
2046 2258
2046 2262
2046 2550
2046 2553
2049 2050
2049 2054
2049 2059
2049 2061
2050 2059
2050 2061
2050 2312
2050 2314
2050 2325
2051 2056
2051 2062
2051 2063
2052 2057
2052 2058
2053 2057
2053 2058
2053 2235
2053 2236
2054 2061
2054 2312
2054 2314
2054 2325
2055 2199
2055 2314
2055 2325
2058 2199
2058 2314
2058 2325
2060 2064
2062 2068
2062 2070
2063 2068
2063 2070
2070 2239
2070 2250
2071 2137
2071 2138
2071 2248
2071 2266
2071 2554
2071 2561
2072 2074
2072 2076
2072 2582
2072 2584
2073 2074
2073 2076
2073 2077
2073 2137
2073 2138
2073 2554
2073 2561
2074 2075
2074 2076
2075 2076
2075 2077
2075 2582
2075 2584
2076 2248
2076 2266
2078 2239
2078 2250
2081 2202
2081 2205
2081 2451
2081 2452
2082 2553
2082 2560
2083 2160
2083 2161
2084 2529
2084 2537
2085 2125
2085 2126
2088 2094
2088 2096
2089 2136
2089 2152
2092 2095
2092 2102
2094 2182
2094 2186
2096 2182
2096 2186
2099 2113
2106 2113
2107 2141
2107 2171
2107 2172
2108 2113
2110 2113
2110 2141
2110 2171
2110 2172
2111 2171
2111 2172
2111 2177
2111 2180
2111 2184
2114 2118
2114 2120
2115 2118
2115 2120
2117 2178
2117 2181
2119 2121
2120 2121
2121 2122
2121 2124
2122 2433
2122 2434
2124 2433
2124 2434
2125 2183
2126 2183
2128 2179
2128 2182
2129 2179
2129 2182
2130 2131
2130 2529
2130 2537
2131 2529
2131 2537
2132 2148
2132 2153
2132 2159
2132 2160
2132 2161
2133 2148
2133 2153
2133 2159
2133 2160
2133 2161
2135 2546
2135 2548
2136 2517
2140 2142
2140 2146
2142 2146
2145 2149
2145 2159
2145 2566
2145 2569
2147 2546
2147 2548
2148 2524
2148 2528
2148 2532
2148 2536
2148 2578
2148 2580
2149 2156
2149 2545
2149 2549
2153 2201
2153 2252
2153 2254
2153 2441
2153 2520
2155 2528
2155 2532
2155 2578
2155 2580
2156 2159
2156 2566
2156 2569
2159 2524
2159 2536
2159 2545
2159 2549
2160 2201
2160 2252
2160 2254
2160 2441
2160 2448
2160 2520
2160 2523
2161 2267
2161 2268
2161 2441
2161 2448
2161 2520
2161 2523
2167 2267
2167 2268
2172 2177
2172 2180
2173 2572
2173 2577
2174 2572
2174 2577
2175 2572
2175 2577
2176 2177
2176 2180
2185 2583
2185 2585
2187 2583
2187 2585
2188 2191
2188 2192
2189 2191
2189 2192
2193 2530
2193 2533
2193 2538
2193 2554
2193 2561
2194 2530
2194 2533
2194 2538
2195 2210
2195 2211
2196 2216
2196 2217
2196 2218
2196 2219
2196 2470
2196 2472
2197 2350
2197 2355
2200 2554
2200 2561
2203 2214
2203 2215
2204 2210
2204 2211
2206 2553
2206 2560
2207 2214
2207 2215
2208 2553
2208 2560
2209 2455
2209 2458
2210 2455
2210 2458
2220 2221
2220 2246
2221 2240
2221 2613
2222 2245
2222 2246
2224 2298
2224 2301
2224 2363
2224 2365
2225 2361
2225 2362
2226 2229
2226 2419
2227 2334
2227 2337
2227 2420
2228 2334
2228 2337
2228 2420
2231 2348
2231 2349
2231 2352
2231 2356
2231 2359
2231 2361
2231 2362
2232 2332
2232 2335
2233 2284
2233 2285
2233 2332
2233 2335
2234 2284
2234 2285
2237 2258
2237 2262
2238 2258
2238 2262
2240 2246
2240 2260
2240 2264
2241 2298
2241 2301
2242 2363
2242 2365
2243 2245
2243 2246
2245 2247
2245 2610
2246 2247
2246 2610
2246 2613
2249 2253
2249 2254
2249 2256
2249 2261
2251 2253
2251 2254
2251 2256
2251 2261
2258 2302
2258 2311
2262 2302
2262 2311
2263 2342
2263 2349
2265 2342
2265 2349
2269 2277
2269 2280
2270 2272
2270 2299
2270 2305
2271 2277
2271 2280
2272 2299
2272 2305
2272 2314
2272 2325
2273 2274
2273 2276
2274 2278
2274 2314
2274 2325
2276 2278
2282 2343
2282 2346
2283 2343
2283 2346
2289 2313
2289 2323
2289 2599
2289 2600
2290 2321
2290 2324
2290 2336
2290 2339
2291 2321
2291 2324
2292 2379
2292 2383
2292 2387
2292 2389
2293 2387
2293 2389
2294 2374
2294 2377
2294 2386
2295 2374
2295 2377
2295 2386
2296 2358
2296 2361
2296 2372
2296 2374
2297 2358
2297 2361
2297 2365
2297 2372
2297 2374
2297 2378
2297 2382
2298 2299
2298 2305
2298 2307
2298 2319
2299 2301
2301 2305
2301 2307
2301 2319
2301 2336
2301 2339
2304 2309
2304 2322
2308 2329
2308 2333
2309 2310
2309 2372
2309 2374
2310 2322
2313 2330
2313 2331
2315 2319
2315 2320
2316 2329
2316 2333
2317 2321
2317 2324
2318 2319
2318 2320
2320 2394
2320 2396
2322 2329
2322 2333
2322 2372
2322 2374
2324 2330
2324 2331
2326 2394
2326 2396
2327 2334
2327 2341
2328 2356
2328 2359
2332 2353
2332 2354
2332 2357
2332 2361
2332 2365
2333 2334
2333 2341
2334 2340
2335 2353
2335 2354
2335 2357
2335 2361
2335 2365
2336 2356
2336 2359
2340 2341
2340 2350
2340 2355
2341 2345
2341 2347
2341 2350
2341 2355
2342 2422
2342 2423
2344 2345
2344 2347
2349 2422
2349 2423
2350 2418
2350 2421
2351 2379
2351 2383
2355 2418
2355 2421
2358 2366
2360 2361
2360 2362
2361 2364
2361 2366
2361 2367
2361 2370
2361 2382
2361 2415
2361 2416
2361 2417
2361 2420
2362 2364
2362 2375
2362 2380
2362 2415
2362 2416
2362 2417
2362 2420
2363 2368
2363 2369
2363 2374
2363 2377
2365 2367
2365 2368
2365 2369
2365 2370
2365 2374
2365 2375
2365 2377
2365 2380
2365 2382
2365 2415
2365 2416
2366 2378
2366 2382
2368 2376
2368 2377
2368 2386
2369 2376
2369 2377
2369 2386
2375 2379
2375 2383
2376 2383
2376 2384
2377 2383
2377 2384
2379 2380
2380 2383
2383 2386
2384 2386
2385 2434
2388 2434
2390 2393
2390 2395
2392 2393
2392 2395
2393 2398
2393 2399
2393 2400
2393 2402
2393 2403
2393 2404
2429 2439
2429 2440
2431 2439
2431 2440
2437 2484
2437 2494
2438 2484
2438 2494
2441 2504
2441 2505
2441 2512
2441 2513
2441 2536
2441 2541
2443 2516
2443 2518
2443 2520
2443 2527
2443 2535
2444 2568
2444 2570
2445 2503
2445 2507
2446 2503
2446 2507
2446 2525
2446 2526
2446 2533
2446 2538
2446 2551
2446 2552
2447 2468
2447 2471
2447 2483
2447 2491
2447 2525
2447 2526
2447 2551
2447 2552
2448 2449
2448 2459
2448 2463
2448 2464
2448 2468
2448 2471
2448 2483
2448 2491
2448 2498
2448 2501
2448 2531
2448 2534
2448 2540
2449 2459
2449 2463
2449 2523
2449 2551
2449 2556
2450 2463
2450 2468
2451 2453
2451 2519
2452 2453
2452 2519
2453 2530
2453 2542
2453 2561
2453 2563
2454 2458
2454 2460
2456 2458
2456 2460
2457 2474
2457 2477
2457 2478
2457 2481
2459 2480
2459 2523
2459 2531
2461 2477
2461 2481
2462 2474
2462 2477
2462 2478
2462 2481
2463 2480
2463 2522
2463 2523
2463 2531
2464 2480
2466 2477
2466 2481
2466 2498
2466 2501
2467 2498
2467 2501
2468 2522
2468 2531
2474 2489
2474 2492
2477 2489
2477 2492
2478 2489
2478 2492
2481 2489
2481 2492
2482 2522
2482 2531
2483 2530
2483 2533
2483 2538
2484 2533
2484 2538
2484 2568
2484 2570
2485 2489
2485 2492
2486 2506
2486 2508
2487 2506
2487 2508
2488 2503
2488 2507
2488 2522
2488 2531
2488 2568
2488 2570
2489 2492
2489 2493
2489 2500
2489 2502
2491 2503
2491 2507
2491 2530
2491 2533
2491 2538
2492 2493
2493 2500
2493 2502
2494 2568
2494 2570
2496 2528
2496 2532
2497 2528
2497 2532
2498 2523
2498 2528
2498 2532
2499 2506
2499 2508
2501 2523
2502 2506
2502 2508
2504 2520
2505 2520
2512 2520
2513 2520
2515 2516
2515 2520
2516 2517
2516 2608
2516 2609
2517 2518
2517 2527
2517 2535
2518 2608
2518 2609
2519 2530
2519 2542
2519 2561
2519 2563
2520 2536
2520 2541
2523 2531
2523 2534
2523 2540
2525 2534
2525 2539
2525 2540
2525 2543
2525 2546
2525 2548
2526 2534
2526 2540
2527 2568
2527 2570
2528 2534
2528 2540
2531 2551
2531 2556
2534 2539
2534 2540
2534 2543
2534 2546
2534 2548
2534 2557
2534 2559
2540 2557
2540 2559
2541 2547
2541 2550
2541 2553
2547 2548
2547 2550
2547 2553
2547 2568
2547 2570
2548 2568
2548 2570
2549 2553
2549 2560
2553 2558
2558 2560
2564 2584
2564 2585
2588 2590
2588 2591
2589 2590
2589 2591
2591 2601
2591 2602
2592 2601
2592 2602
2594 2603
2594 2604
2596 2603
2596 2604
2605 2613
2606 2613
2607 2613
2608 2613
2609 2613
