0 378
0 382
1 460
1 463
2 105
2 109
2 276
2 316
2 537
2 538
2 548
2 553
2 566
2 809
2 811
2 889
2 916
2 922
3 364
3 372
3 1001
3 1016
3 1087
3 1088
3 1089
3 1105
3 1345
4 7
4 8
4 80
4 117
4 118
4 137
4 138
4 150
4 151
4 174
4 175
4 186
4 190
4 1001
4 1016
4 1069
4 1072
4 1073
4 1094
4 1095
4 1096
4 1105
4 1118
4 1122
4 1123
4 1126
4 1158
4 1166
4 1173
4 1174
4 1177
4 1178
4 1181
4 1182
4 1184
4 1340
4 1533
4 1534
4 1536
5 80
5 118
5 137
5 138
5 150
5 151
5 174
5 175
5 190
5 1073
5 1095
5 1096
5 1158
5 1166
5 1173
5 1174
5 1181
5 1182
6 11
6 792
7 1072
8 1072
9 22
9 25
9 158
9 159
9 160
9 168
9 169
9 218
9 219
9 794
9 795
10 22
10 25
10 168
10 169
11 1005
12 748
12 751
13 748
13 751
14 18
14 20
14 35
14 37
14 250
14 251
14 351
14 356
14 982
14 985
14 993
14 1001
14 1086
14 1274
14 1314
14 1329
14 1334
14 1344
14 1378
14 1380
14 1381
14 1503
14 1505
14 1542
14 1688
14 1740
14 1742
14 1743
15 30
15 39
15 125
15 129
15 206
15 210
15 216
15 217
15 364
15 372
15 517
15 520
15 1091
15 1092
15 1114
15 1118
15 1234
15 1364
15 1375
15 1496
15 1529
15 1535
16 30
16 39
16 206
16 210
16 216
16 217
16 517
16 520
16 1001
16 1016
16 1094
16 1114
16 1118
16 1122
16 1126
16 1529
16 1533
16 1534
16 1535
16 1536
17 593
17 788
17 794
17 795
17 797
17 1743
18 20
18 35
18 37
18 122
18 123
18 250
18 251
18 349
18 350
18 351
18 356
18 366
18 391
18 397
18 401
18 406
18 416
18 418
18 593
18 630
18 637
18 647
18 649
18 788
18 793
18 794
18 982
18 985
18 993
18 1001
18 1011
18 1014
18 1274
18 1296
18 1301
18 1314
18 1329
18 1335
18 1339
18 1350
18 1353
18 1362
18 1369
18 1370
18 1499
18 1503
18 1505
18 1542
18 1688
18 1740
18 1742
18 1743
19 22
19 25
19 344
19 349
19 350
19 685
19 690
19 1362
19 1369
19 1370
20 122
20 123
20 125
20 129
20 356
20 366
20 401
20 406
20 416
20 418
20 593
20 647
20 649
20 788
20 793
20 794
20 1011
20 1014
20 1091
20 1092
20 1234
20 1296
20 1301
20 1335
20 1339
20 1350
20 1353
20 1362
20 1369
20 1370
20 1413
20 1416
20 1496
20 1499
20 1505
21 355
21 365
22 23
22 37
22 42
22 593
22 716
22 717
22 724
22 725
22 728
22 788
22 789
22 790
22 794
22 795
22 797
22 1368
22 1369
22 1373
22 1377
22 1743
22 1820
22 1824
23 25
23 344
23 350
23 391
23 397
23 416
23 418
23 630
23 637
23 685
23 690
23 701
23 706
23 1014
23 1016
23 1350
23 1353
23 1362
23 1369
23 1370
23 1413
23 1416
23 1632
23 1633
23 1733
23 1735
24 28
24 31
24 355
24 365
25 37
25 42
25 716
25 717
25 724
25 725
25 728
25 789
25 790
25 1368
25 1369
25 1373
25 1377
26 416
26 418
26 701
26 706
26 1014
26 1016
26 1632
26 1633
26 1678
26 1683
26 1684
26 1733
26 1735
27 33
27 1012
28 31
28 60
28 102
29 679
29 682
29 699
29 708
29 716
29 717
29 757
29 760
29 1626
29 1636
29 1693
29 1694
31 60
31 102
32 679
32 682
32 699
32 708
32 716
32 717
32 757
32 760
32 1626
32 1636
32 1693
32 1694
33 103
33 104
33 602
33 603
33 1012
34 788
34 791
36 100
36 575
36 580
36 1079
36 1080
37 734
37 739
38 105
38 107
39 100
39 575
39 580
39 1079
39 1080
40 105
40 107
40 345
40 360
40 362
40 368
40 546
40 550
40 788
40 791
40 1786
40 1789
41 345
41 360
41 788
41 791
42 734
42 739
42 1373
42 1377
43 669
43 733
44 362
44 368
44 546
44 550
44 1786
44 1789
45 65
45 67
45 70
46 669
46 733
47 1373
47 1377
48 65
48 67
48 70
48 968
48 974
49 357
49 362
49 968
49 974
50 357
50 362
51 378
51 382
52 112
52 113
53 112
53 113
54 65
54 67
54 70
54 149
54 151
54 152
54 153
55 65
55 67
55 70
56 57
56 98
56 99
56 103
56 104
56 109
56 111
56 544
56 549
56 897
56 905
56 1080
57 98
57 99
57 103
57 104
57 109
57 111
57 544
57 549
57 897
57 905
57 1079
57 1080
58 1079
58 1080
59 886
59 887
61 62
61 110
62 63
62 105
62 106
62 107
62 110
62 598
62 599
62 816
62 819
62 821
62 822
62 824
62 825
62 829
62 833
62 840
62 843
62 852
62 858
62 859
62 860
62 862
63 105
63 107
63 110
63 598
63 599
63 816
63 819
63 821
63 822
63 824
63 825
63 830
63 834
63 852
63 858
63 859
63 860
63 862
64 819
64 822
64 830
64 834
65 126
65 133
65 152
65 153
65 355
65 358
66 149
66 151
67 126
67 133
67 152
67 153
67 355
67 358
68 100
68 104
68 1856
68 1857
69 107
69 110
69 614
69 615
70 126
70 133
71 82
71 83
71 100
71 104
71 1856
71 1857
72 107
72 110
72 614
72 615
73 126
73 128
73 133
74 126
74 128
75 82
75 83
76 886
76 887
77 375
77 379
77 597
77 600
77 886
77 887
78 375
78 379
79 597
79 600
80 99
80 103
80 114
80 115
80 147
80 150
80 153
80 154
80 1034
80 1042
80 1047
80 1086
80 1095
80 1126
80 1139
80 1150
80 1151
80 1183
80 1185
80 1186
80 1364
80 1375
80 1380
81 94
81 98
81 99
81 100
81 798
81 887
81 1079
81 1080
84 94
84 98
84 99
84 101
84 105
84 1079
85 99
85 103
85 114
85 115
85 177
85 178
85 1140
85 1141
85 1364
85 1375
86 94
86 99
86 100
86 798
86 887
86 1079
86 1080
87 375
87 378
88 91
88 96
88 118
88 153
88 154
88 189
88 190
88 264
88 525
88 530
88 963
88 994
88 1073
88 1128
88 1130
88 1150
88 1152
88 1185
88 1186
88 1641
88 1644
88 1859
89 101
89 105
90 375
90 378
91 96
91 118
91 119
91 120
91 153
91 154
91 189
91 190
91 192
91 193
91 264
91 525
91 530
91 963
91 994
91 1047
91 1054
91 1073
91 1095
91 1126
91 1128
91 1130
91 1150
91 1152
91 1185
91 1186
91 1458
91 1459
91 1605
91 1607
91 1641
91 1644
91 1859
92 828
92 894
92 1132
92 1134
92 1178
92 1182
92 1256
92 1259
93 98
93 99
93 161
93 177
93 178
93 196
93 197
93 574
93 577
93 959
93 960
93 1140
93 1141
93 1189
93 1191
94 99
94 100
94 103
94 104
94 107
94 109
94 110
94 111
94 1078
94 1079
94 1080
94 1839
94 1842
95 98
95 99
95 196
95 197
95 305
95 307
95 574
95 577
95 955
95 957
95 1140
95 1141
95 1189
95 1191
96 119
96 120
96 161
96 192
96 193
96 959
96 960
96 1458
96 1459
96 1605
96 1607
97 378
97 381
97 838
97 839
97 847
98 273
98 305
98 307
98 467
98 468
98 480
98 543
98 897
98 898
98 905
98 913
98 933
98 939
98 955
98 957
98 1043
98 1044
98 1099
98 1100
99 103
99 104
99 156
99 157
99 273
99 364
99 370
99 467
99 468
99 480
99 543
99 551
99 552
99 557
99 559
99 799
99 828
99 886
99 887
99 892
99 894
99 897
99 898
99 904
99 905
99 910
99 913
99 920
99 927
99 929
99 933
99 939
99 950
99 952
99 995
99 1035
99 1043
99 1044
99 1078
99 1079
99 1080
99 1099
99 1100
99 1132
99 1134
99 1580
99 1582
99 1744
99 1753
99 1754
99 1810
99 1829
99 1834
99 1839
99 1842
100 101
100 103
100 104
100 107
100 109
100 110
100 111
100 799
100 880
100 881
100 885
100 886
100 887
100 915
100 921
100 1013
100 1017
100 1036
100 1058
100 1079
100 1080
100 1142
100 1144
100 1748
100 1812
101 187
101 189
101 817
101 820
101 857
101 862
101 1080
101 1539
101 1545
101 1744
101 1772
101 1773
101 1810
102 378
102 381
102 838
102 839
102 847
103 104
103 109
103 156
103 157
103 167
103 170
103 274
103 292
103 306
103 308
103 348
103 352
103 401
103 406
103 475
103 479
103 535
103 536
103 552
103 559
103 799
103 811
103 876
103 878
103 881
103 885
103 886
103 887
103 889
103 892
103 904
103 908
103 909
103 910
103 916
103 919
103 920
103 927
103 929
103 933
103 939
103 950
103 952
103 995
103 1012
103 1035
103 1079
103 1080
103 1282
103 1283
103 1539
103 1545
103 1546
103 1593
103 1599
103 1745
103 1753
103 1754
103 1764
103 1766
103 1807
103 1808
103 1809
103 1813
103 1829
103 1834
103 1855
103 1856
104 109
104 124
104 128
104 167
104 170
104 173
104 174
104 272
104 274
104 292
104 306
104 308
104 348
104 352
104 401
104 406
104 475
104 479
104 535
104 536
104 544
104 546
104 550
104 552
104 558
104 559
104 561
104 594
104 598
104 799
104 811
104 876
104 878
104 880
104 881
104 885
104 886
104 887
104 889
104 908
104 909
104 915
104 916
104 919
104 921
104 933
104 939
104 1012
104 1079
104 1080
104 1271
104 1272
104 1282
104 1283
104 1539
104 1540
104 1543
104 1545
104 1546
104 1547
104 1593
104 1599
104 1745
104 1764
104 1766
104 1807
104 1808
104 1809
104 1813
104 1836
104 1837
104 1855
104 1856
105 106
105 107
105 110
105 124
105 128
105 167
105 170
105 173
105 174
105 187
105 189
105 272
105 277
105 544
105 552
105 558
105 559
105 561
105 589
105 594
105 598
105 806
105 807
105 817
105 820
105 857
105 862
105 886
105 887
105 915
105 921
105 1267
105 1268
105 1271
105 1272
105 1539
105 1543
105 1545
105 1744
105 1772
105 1773
105 1810
106 107
106 110
107 110
107 277
107 594
107 598
107 599
107 602
107 603
107 806
107 807
107 814
107 817
107 856
107 857
107 868
107 874
107 1000
107 1079
107 1080
107 1267
107 1268
107 1581
107 1582
107 1741
107 1783
107 1785
107 1789
107 1790
107 1792
107 1797
107 1798
108 109
108 916
108 919
108 1844
108 1849
109 111
109 276
109 305
109 307
109 316
109 546
109 550
109 589
109 799
109 802
109 835
109 842
109 885
109 886
109 887
109 895
109 915
109 921
109 924
109 928
109 1080
109 1267
109 1268
109 1272
109 1273
109 1539
109 1540
109 1546
109 1547
109 1750
109 1752
109 1763
109 1765
109 1789
109 1792
109 1836
109 1837
109 1844
109 1849
110 323
110 598
110 599
110 602
110 603
110 785
110 814
110 816
110 817
110 821
110 829
110 833
110 840
110 843
110 845
110 848
110 856
110 857
110 858
110 862
110 868
110 874
110 1000
110 1079
110 1080
110 1581
110 1582
110 1741
110 1783
110 1785
110 1789
110 1790
110 1792
110 1797
110 1798
111 276
111 305
111 307
111 316
111 802
111 835
111 842
111 886
111 887
111 895
111 915
111 921
111 924
111 928
111 1080
111 1267
111 1268
111 1272
111 1273
111 1750
111 1752
111 1763
111 1765
111 1789
111 1792
114 1188
114 1190
115 1188
115 1190
116 187
116 189
117 139
117 141
117 1072
117 1165
117 1171
118 1073
119 181
119 185
119 907
119 915
120 127
120 132
121 127
121 132
122 378
122 382
125 144
125 146
125 147
125 274
125 492
125 493
125 543
126 378
126 382
128 378
128 382
129 144
129 146
129 147
129 274
129 492
129 493
129 543
130 1124
130 1125
131 1124
131 1125
134 140
134 143
135 293
135 294
136 140
136 143
137 220
137 221
137 293
137 294
137 1114
137 1118
138 220
138 221
138 293
138 294
138 1114
138 1118
139 186
141 186
142 1181
142 1184
145 1181
145 1184
147 187
147 189
147 1073
148 187
148 189
148 1181
148 1184
149 195
149 196
149 1116
149 1121
150 182
150 187
150 189
150 195
150 196
150 1073
150 1116
150 1121
151 182
151 187
151 195
151 196
151 1116
151 1121
152 155
153 155
153 1073
154 1073
156 578
156 581
157 578
157 581
158 795
159 180
159 186
159 529
159 532
159 587
159 588
159 795
160 180
160 186
160 529
160 532
160 587
160 588
160 795
162 389
162 395
163 949
163 951
164 933
164 934
165 544
165 549
165 576
165 578
165 933
165 934
166 544
166 549
166 576
166 578
166 909
166 919
166 937
166 942
166 944
166 945
166 948
166 952
168 182
168 187
168 795
169 182
169 187
171 222
171 223
172 222
172 223
176 187
176 189
178 575
178 580
179 575
179 580
179 955
179 957
181 192
181 193
183 955
183 957
184 191
184 192
185 192
185 193
186 1072
186 1165
186 1171
187 274
187 543
187 994
187 1149
187 1178
187 1182
188 191
188 192
189 274
189 543
189 587
189 588
189 994
189 1149
189 1178
189 1182
190 587
190 588
190 1073
193 907
193 915
194 944
194 945
196 944
196 945
196 1159
196 1164
197 1159
197 1164
198 926
198 927
199 926
199 927
200 213
200 214
201 213
201 214
202 391
202 397
202 428
202 431
203 391
203 397
203 428
203 431
204 577
204 580
205 237
205 238
207 587
207 588
208 237
208 238
209 518
209 522
210 587
210 588
211 518
211 522
212 577
212 580
215 220
215 221
217 220
217 221
218 795
219 795
224 226
224 227
224 241
224 244
225 241
225 244
226 240
226 579
226 582
226 617
226 992
227 240
227 579
227 582
227 617
227 992
228 967
228 969
228 972
228 976
229 235
229 965
229 969
230 987
230 988
231 987
231 988
232 794
232 795
232 967
232 969
233 794
233 795
234 565
234 569
235 257
235 259
235 260
235 505
235 510
236 388
236 389
236 485
236 486
239 485
239 486
241 388
241 389
242 474
242 477
242 485
242 486
243 396
243 487
243 617
243 992
245 989
245 990
246 617
246 992
247 474
247 477
248 989
248 990
249 396
249 487
249 617
249 992
251 252
251 254
252 253
252 990
252 991
253 254
254 990
254 991
255 504
255 508
256 504
256 508
257 969
258 565
258 569
259 969
260 965
260 969
260 972
260 976
261 275
261 542
262 505
262 510
263 494
263 495
265 362
265 368
265 701
265 706
266 333
266 747
267 333
267 747
268 537
268 538
268 566
269 808
269 890
270 808
270 890
271 546
271 550
272 300
272 303
272 305
272 307
272 602
272 603
273 293
273 294
273 605
273 606
273 872
273 876
273 895
273 902
275 284
276 277
276 278
276 313
276 314
276 315
276 537
276 548
276 553
276 566
276 589
276 595
277 316
277 538
277 552
277 559
277 562
278 310
278 312
278 316
278 594
278 595
279 280
279 313
279 314
279 594
279 595
280 313
280 314
280 817
280 818
281 282
281 283
282 302
282 304
282 311
282 612
282 613
283 302
283 304
283 311
283 612
283 613
284 542
285 494
285 495
285 505
285 510
286 701
286 706
287 494
287 495
288 290
288 291
289 290
289 291
293 297
293 301
293 543
294 297
294 301
294 302
294 543
295 301
295 302
296 297
296 301
296 544
296 549
296 823
296 827
296 903
296 908
297 299
297 802
297 895
297 946
297 947
298 301
298 302
299 301
299 302
299 903
299 908
300 544
300 549
300 823
300 827
301 305
301 307
301 802
301 895
301 946
301 947
302 305
302 307
303 544
305 544
305 546
305 550
305 554
305 555
305 560
306 989
306 991
307 544
307 546
307 550
307 554
307 555
307 560
308 989
308 991
309 310
309 312
310 312
310 595
312 595
313 316
313 817
313 818
314 316
315 316
315 608
315 609
316 548
316 553
316 589
316 595
317 386
317 392
318 453
318 456
319 334
319 337
319 453
319 456
320 321
320 334
320 337
320 398
320 453
320 455
320 456
320 457
320 459
321 398
322 378
322 382
323 324
323 347
323 353
323 784
323 785
323 1040
324 785
325 347
325 353
326 329
326 363
327 329
327 363
328 744
328 750
329 744
329 750
329 770
329 776
330 762
330 763
330 767
330 768
330 770
330 776
331 762
331 763
331 767
331 768
332 748
332 751
333 961
335 386
335 392
336 416
336 418
337 362
337 368
338 416
338 418
338 1342
338 1354
339 1342
339 1354
340 362
340 368
340 776
340 777
341 347
341 353
342 347
342 353
342 400
342 403
343 955
343 957
344 496
344 498
344 581
344 584
344 971
344 972
346 500
346 503
347 348
347 353
347 354
347 367
347 368
347 383
347 400
347 403
347 412
347 413
347 454
347 457
347 785
348 353
348 973
348 977
349 955
349 957
350 427
350 430
350 496
350 498
350 581
350 584
350 955
350 957
350 971
350 972
351 500
351 503
352 782
352 783
353 354
353 355
353 358
353 367
353 368
353 383
353 412
353 413
353 454
353 457
353 785
353 973
353 977
353 1402
353 1403
354 355
354 358
354 973
354 977
354 1402
354 1403
355 358
355 1353
355 1363
357 385
357 386
358 1353
358 1363
359 427
359 430
361 776
361 777
362 385
362 386
362 962
364 1079
365 1371
365 1373
368 782
368 783
368 962
369 1320
369 1321
369 1371
369 1373
369 1423
370 1079
371 1320
371 1321
371 1371
371 1373
371 1423
373 1101
373 1108
373 1389
373 1390
374 1101
374 1108
374 1389
374 1390
376 838
376 839
377 1854
377 1858
380 838
380 839
381 1854
381 1858
384 386
384 393
385 386
385 392
385 393
385 399
386 392
386 393
386 394
386 399
386 983
386 986
387 464
387 469
388 464
388 469
388 959
388 960
389 443
389 449
389 502
389 506
389 958
390 592
390 593
390 643
390 645
390 791
390 796
390 1743
392 983
392 986
393 394
393 983
393 986
395 443
395 449
395 502
395 506
395 958
395 959
395 960
398 455
398 457
398 459
400 407
400 409
401 416
401 418
401 714
401 717
401 955
401 957
402 453
402 456
403 407
403 409
404 414
404 417
405 406
405 410
405 413
405 416
405 714
405 717
406 411
406 416
406 418
406 424
406 425
406 955
406 957
407 414
407 417
408 414
408 417
409 414
409 417
410 411
410 424
410 425
411 413
411 416
412 592
412 593
412 791
414 420
414 422
414 427
414 429
414 432
415 592
415 593
415 791
415 944
415 945
416 794
416 795
416 944
416 945
417 420
417 422
417 427
417 428
417 429
417 431
417 432
418 794
418 795
418 944
418 945
419 428
419 431
421 428
421 431
423 428
423 431
424 500
424 503
425 500
425 503
426 516
426 521
428 516
428 521
433 661
433 662
433 671
433 676
433 679
433 680
433 682
433 703
433 709
433 732
433 745
433 753
434 446
434 451
435 445
435 450
436 697
436 702
437 458
437 460
438 683
438 685
439 445
439 450
440 683
440 685
441 672
441 678
442 461
442 462
442 697
442 702
443 653
443 654
444 458
444 460
445 671
445 676
446 674
447 460
447 463
447 672
447 678
448 461
448 462
449 653
449 654
450 671
450 676
451 674
452 460
452 461
452 462
452 463
454 686
454 691
457 686
457 691
460 660
463 660
465 469
465 474
466 794
466 795
468 471
468 476
468 481
468 482
469 470
470 474
471 473
472 473
472 476
472 641
472 642
473 476
473 481
473 482
476 641
476 642
478 593
478 788
479 794
479 795
483 593
483 788
484 593
484 788
488 592
488 593
488 643
488 645
488 791
488 796
488 1743
489 580
489 583
490 527
490 531
491 527
491 531
492 494
492 495
493 494
493 495
497 967
497 969
499 1389
499 1390
500 625
500 629
501 963
501 964
501 967
501 972
502 565
502 569
503 625
503 629
505 515
505 516
505 963
505 964
505 965
505 967
505 969
506 565
506 569
507 1389
507 1390
509 515
509 516
509 967
509 969
509 972
510 965
510 969
511 515
511 516
512 517
512 520
513 517
513 520
514 933
514 934
519 933
519 934
522 529
522 531
523 529
523 531
524 526
524 528
526 528
533 547
533 552
534 547
534 552
537 545
537 550
537 554
538 545
538 550
538 554
538 589
538 595
539 811
539 889
540 811
540 889
541 546
541 550
543 605
543 606
543 872
543 876
543 895
543 902
544 602
544 603
545 566
547 1744
547 1810
550 551
550 557
550 566
551 554
551 892
551 904
551 1079
551 1080
552 594
552 595
552 1744
552 1810
554 557
554 566
556 563
556 568
557 892
557 904
557 1079
557 1080
559 594
559 595
562 595
563 564
564 568
566 589
567 617
567 992
569 578
569 581
570 617
570 992
571 572
571 626
571 632
571 644
571 646
572 626
572 632
572 644
572 646
573 580
573 583
574 578
574 581
575 618
575 624
576 630
576 637
579 585
579 586
580 618
580 624
582 585
582 586
586 630
586 637
589 809
589 811
589 889
589 893
589 916
589 922
590 1009
590 1010
591 824
591 825
593 668
593 735
593 1006
594 828
594 888
594 894
596 608
596 609
598 602
598 603
598 809
598 811
598 828
598 888
598 894
599 602
599 603
599 809
599 811
601 812
601 813
601 815
601 820
602 814
602 815
602 817
602 1012
603 814
603 815
603 817
603 1012
604 812
604 813
604 815
604 820
605 812
605 813
605 817
605 820
607 817
607 820
610 830
610 834
611 830
611 834
612 836
612 837
613 836
613 837
616 824
616 825
619 669
619 670
619 733
620 657
620 658
621 794
621 795
622 631
622 639
623 631
623 639
627 989
627 991
628 669
628 733
630 636
630 640
631 636
631 640
631 647
631 649
633 989
633 991
634 636
634 640
635 669
635 733
636 637
636 638
636 639
637 640
638 640
639 640
639 647
639 649
648 651
648 652
650 651
650 652
655 794
655 795
656 657
656 658
657 659
657 719
658 659
658 719
660 661
660 662
660 671
660 676
660 679
660 680
660 682
660 703
660 709
660 732
660 736
660 738
660 745
660 753
662 687
662 692
662 732
663 1627
663 1628
664 1322
664 1330
665 669
665 733
666 669
666 733
667 720
667 722
668 669
668 720
668 722
668 733
668 788
668 791
669 727
669 728
669 735
669 966
669 1316
669 1334
670 727
670 728
670 966
672 673
672 677
672 678
672 687
672 689
672 692
672 693
672 694
672 695
673 678
673 684
673 686
675 679
675 682
675 687
675 692
675 696
675 700
677 678
678 687
678 689
678 692
678 693
678 694
678 695
679 682
679 687
679 692
679 696
679 700
681 684
681 686
685 690
686 694
686 695
686 698
687 731
687 737
687 741
687 1453
687 1631
688 704
688 706
688 709
688 710
689 1465
689 1467
691 694
691 695
691 698
692 731
692 737
692 741
692 1453
692 1631
693 1465
693 1467
694 704
694 706
694 707
694 708
694 709
694 710
694 981
694 982
694 985
695 707
695 708
695 981
695 982
695 985
701 703
701 707
701 708
701 709
701 716
701 717
703 706
703 710
703 714
704 707
704 708
705 709
705 710
706 707
706 708
706 709
706 716
706 717
707 712
707 713
708 712
708 713
709 710
709 711
709 714
710 711
712 716
712 717
713 716
713 717
715 716
715 717
716 718
716 722
716 726
717 718
717 722
717 726
721 722
721 723
722 724
723 724
727 733
728 733
729 742
729 743
730 742
730 743
731 1322
731 1330
733 735
733 966
733 1316
733 1334
734 761
734 764
735 788
735 791
736 737
736 741
736 1013
736 1018
736 1019
736 1627
736 1628
737 738
737 740
738 741
738 1013
738 1018
738 1019
739 761
739 764
740 741
745 1626
745 1636
746 755
746 758
747 961
748 759
749 752
749 753
751 759
752 754
752 755
753 754
753 755
753 1626
753 1636
755 756
756 758
761 762
761 766
762 765
765 766
769 772
769 774
770 773
770 775
771 773
771 775
772 773
772 775
773 774
773 776
773 777
774 775
775 776
775 777
778 779
778 780
778 786
778 787
779 781
780 781
781 786
781 787
784 785
785 1040
788 1006
792 1005
794 795
794 1006
795 1006
796 1014
796 1016
797 1006
798 806
798 891
798 910
798 914
799 881
799 883
799 903
799 905
799 909
799 910
799 913
799 916
799 919
799 920
799 1080
800 878
800 881
801 802
801 884
801 885
801 895
802 865
802 866
802 883
803 836
803 837
803 840
803 843
803 872
803 876
803 881
803 883
803 892
803 904
803 911
803 918
804 840
804 843
804 881
804 883
804 911
804 918
805 903
805 908
805 915
805 921
806 823
806 827
806 887
806 895
806 902
806 903
806 908
806 915
806 916
806 919
806 921
806 933
806 934
806 1797
806 1798
806 1807
806 1809
807 823
807 827
807 915
807 921
807 933
807 939
807 1807
807 1809
808 811
808 889
808 915
808 921
809 915
809 921
810 1009
810 1010
811 889
811 890
816 841
816 846
816 1755
816 1758
817 865
817 866
819 826
819 829
819 830
819 834
819 867
819 871
819 878
819 881
819 1000
819 1741
819 1762
819 1767
820 865
820 866
821 841
821 846
821 878
821 881
821 1000
821 1741
821 1755
821 1758
822 826
822 829
822 830
822 834
822 867
822 871
822 1762
822 1767
824 877
824 879
824 1756
824 1759
825 877
825 879
825 1756
825 1759
826 830
826 834
828 915
828 921
828 926
828 927
828 929
828 954
828 955
828 1079
829 830
829 833
829 834
829 836
829 837
829 1764
829 1766
829 1823
829 1826
830 834
830 845
830 848
830 1764
830 1766
831 838
831 839
832 838
832 839
833 836
833 837
833 1823
833 1826
834 845
834 848
834 1764
834 1766
835 885
835 886
835 887
835 1797
835 1798
836 861
837 861
841 850
841 854
842 885
842 886
842 887
842 895
842 902
842 903
842 908
842 915
842 921
842 933
842 934
842 1797
842 1798
843 857
843 862
843 1772
843 1773
844 850
844 854
845 868
845 870
845 874
845 1040
846 868
846 870
848 857
848 862
848 866
848 868
848 870
848 874
848 1040
848 1772
848 1773
849 868
849 870
851 858
851 862
853 865
853 866
853 870
855 858
855 862
856 863
856 864
857 858
857 862
858 862
858 865
858 868
858 870
861 872
861 876
861 892
861 904
862 868
862 870
863 864
865 868
865 872
865 874
865 878
865 881
866 868
866 872
866 874
866 878
866 881
867 871
867 875
869 885
869 886
869 887
870 873
870 874
870 878
870 880
870 881
871 875
873 874
873 878
873 880
873 881
873 885
873 886
873 887
874 885
874 886
874 887
878 883
880 885
880 886
880 887
880 1080
880 1807
880 1809
881 883
881 885
881 886
881 887
881 1080
881 1807
881 1809
882 886
882 887
883 885
883 895
884 896
885 896
885 1080
885 1825
885 1829
886 932
886 935
886 1080
886 1825
886 1829
886 1889
886 1890
887 891
887 910
887 914
887 932
887 935
887 1080
887 1825
887 1829
887 1889
887 1890
888 933
888 939
889 890
889 893
891 916
891 919
891 933
891 934
892 895
892 902
892 903
892 905
892 909
892 910
892 912
892 913
892 916
892 919
892 920
892 933
892 934
892 1837
892 1839
894 915
894 921
894 926
894 927
894 929
894 954
894 955
894 1079
895 904
895 915
895 921
895 930
895 931
899 915
899 921
900 915
900 921
901 922
901 925
902 904
902 915
902 921
902 930
902 931
903 904
904 909
904 912
904 916
904 919
904 933
904 934
904 1837
904 1839
905 908
905 916
905 917
905 924
906 922
906 925
908 913
908 916
908 919
909 913
909 920
909 923
910 917
910 924
911 915
911 921
913 916
913 919
913 942
913 944
915 917
915 921
915 926
915 927
915 929
915 1080
916 917
916 919
916 924
916 933
916 934
916 939
916 1043
916 1050
917 919
917 921
919 920
919 923
919 924
919 933
919 934
919 939
919 1043
919 1050
920 926
920 929
920 942
920 944
921 926
921 927
921 929
921 1080
923 926
923 929
923 937
923 942
923 944
923 945
923 948
923 952
924 933
924 934
925 933
925 939
927 1080
928 933
928 934
929 1080
930 933
930 939
933 936
933 938
934 936
934 938
937 955
937 957
940 955
940 957
941 949
941 951
942 955
942 957
943 955
943 957
946 1844
946 1849
947 1844
947 1849
953 1001
953 1016
956 1001
956 1016
967 970
967 974
967 975
967 979
969 970
969 974
969 975
969 979
970 972
972 974
972 975
978 983
978 984
980 983
980 984
995 1756
995 1759
996 1328
996 1341
996 1342
996 1695
997 1548
997 1553
998 1686
998 1690
999 1686
999 1690
1001 1066
1001 1069
1001 1091
1001 1093
1001 1095
1001 1126
1001 1338
1001 1344
1001 1356
1002 1006
1002 1007
1003 1006
1003 1007
1004 1613
1004 1614
1006 1743
1006 1820
1006 1824
1008 1678
1008 1683
1008 1684
1009 1036
1009 1037
1009 1725
1009 1726
1010 1036
1010 1037
1010 1725
1010 1726
1010 1800
1010 1802
1011 1402
1011 1409
1013 1067
1013 1075
1013 1080
1014 1402
1014 1409
1014 1440
1014 1442
1014 1743
1015 1440
1015 1442
1015 1606
1015 1608
1015 1611
1016 1066
1016 1069
1016 1338
1016 1344
1016 1356
1016 1738
1016 1739
1016 1743
1017 1080
1017 1800
1017 1802
1018 1371
1018 1373
1018 1377
1018 1379
1018 1714
1018 1715
1019 1067
1019 1075
1019 1371
1019 1373
1019 1377
1019 1379
1020 1596
1020 1603
1021 1738
1021 1739
1022 1589
1022 1590
1022 1606
1022 1608
1022 1611
1023 1596
1023 1603
1024 1589
1024 1590
1024 1714
1024 1715
1025 1327
1025 1328
1025 1695
1026 1327
1026 1328
1026 1613
1026 1614
1026 1630
1026 1676
1026 1695
1026 1699
1026 1701
1027 1698
1027 1702
1028 1630
1028 1676
1028 1698
1028 1699
1028 1701
1028 1702
1029 1109
1029 1111
1030 1045
1030 1051
1030 1109
1030 1111
1030 1383
1030 1385
1030 1395
1030 1396
1031 1395
1031 1396
1032 1107
1032 1112
1033 1076
1033 1077
1034 1073
1035 1756
1035 1759
1036 1080
1036 1786
1036 1788
1038 1768
1038 1769
1038 1770
1039 1056
1039 1061
1041 1076
1041 1077
1042 1073
1042 1107
1042 1110
1042 1129
1042 1131
1043 1076
1043 1077
1043 1087
1043 1375
1043 1376
1045 1115
1046 1076
1046 1077
1047 1073
1047 1107
1047 1110
1047 1129
1047 1131
1047 1140
1047 1141
1048 1076
1048 1077
1048 1085
1048 1086
1048 1087
1048 1106
1048 1107
1048 1109
1048 1110
1048 1143
1048 1144
1048 1375
1048 1376
1049 1324
1049 1394
1049 1395
1049 1396
1051 1115
1052 1386
1052 1387
1053 1386
1053 1387
1054 1065
1054 1071
1054 1073
1054 1140
1054 1141
1055 1085
1055 1086
1055 1106
1055 1107
1055 1109
1055 1110
1055 1143
1055 1144
1056 1081
1056 1124
1056 1125
1057 1324
1057 1394
1057 1395
1057 1396
1058 1080
1059 1065
1059 1071
1060 1082
1060 1102
1060 1103
1061 1081
1061 1124
1061 1125
1062 1082
1062 1102
1062 1103
1062 1382
1062 1384
1063 1386
1063 1387
1064 1386
1064 1387
1066 1086
1066 1089
1066 1105
1066 1334
1066 1344
1066 1345
1066 1378
1066 1380
1066 1381
1068 1382
1068 1384
1069 1072
1069 1087
1069 1088
1069 1117
1069 1119
1069 1364
1069 1375
1070 1074
1070 1103
1070 1109
1072 1105
1072 1117
1072 1119
1072 1122
1072 1123
1072 1177
1072 1178
1072 1181
1072 1184
1072 1340
1073 1086
1073 1095
1073 1126
1073 1128
1073 1130
1073 1139
1073 1150
1073 1151
1073 1183
1073 1185
1073 1186
1073 1380
1073 1641
1073 1644
1074 1103
1074 1109
1078 1079
1078 1080
1079 1080
1079 1132
1079 1134
1079 1178
1079 1182
1079 1256
1079 1259
1079 1496
1079 1497
1079 1502
1079 1548
1079 1552
1079 1580
1079 1582
1079 1744
1079 1810
1079 1839
1079 1842
1080 1142
1080 1144
1080 1496
1080 1497
1080 1502
1080 1548
1080 1552
1080 1748
1080 1812
1080 1839
1080 1842
1083 1106
1083 1107
1083 1393
1084 1272
1084 1387
1084 1391
1084 1392
1084 1543
1085 1272
1085 1543
1086 1844
1086 1848
1089 1122
1089 1123
1090 1122
1090 1123
1091 1740
1092 1097
1092 1177
1092 1178
1092 1180
1093 1097
1093 1177
1093 1178
1093 1180
1093 1740
1094 1095
1094 1096
1095 1104
1095 1126
1095 1181
1095 1184
1095 1335
1095 1740
1096 1104
1096 1126
1096 1335
1098 1101
1098 1108
1099 1141
1099 1142
1099 1539
1099 1545
1099 1548
1099 1552
1100 1141
1100 1142
1100 1539
1100 1545
1101 1187
1103 1118
1103 1122
1104 1514
1104 1517
1106 1107
1106 1393
1107 1127
1107 1140
1107 1141
1108 1187
1109 1113
1109 1118
1109 1122
1110 1140
1110 1141
1111 1113
1112 1127
1113 1395
1113 1396
1115 1383
1115 1385
1115 1395
1115 1396
1120 1813
1120 1822
1122 1181
1122 1184
1123 1181
1123 1184
1123 1813
1123 1822
1126 1181
1126 1184
1126 1740
1128 1131
1128 1133
1130 1131
1130 1133
1135 1136
1135 1137
1136 1138
1137 1138
1140 1166
1140 1168
1141 1166
1141 1168
1145 1160
1145 1201
1146 1160
1146 1201
1147 1530
1147 1535
1148 1215
1148 1217
1152 1176
1152 1179
1153 1845
1153 1850
1154 1845
1154 1850
1155 1170
1155 1172
1155 1530
1155 1535
1156 1215
1156 1217
1157 1213
1157 1217
1161 1170
1161 1172
1162 1178
1162 1182
1163 1213
1163 1217
1163 1221
1163 1231
1165 1171
1167 1178
1167 1182
1169 1221
1169 1231
1175 1529
1175 1535
1176 1188
1176 1190
1176 1859
1179 1188
1179 1190
1179 1859
1180 1529
1180 1535
1183 1492
1183 1563
1185 1492
1185 1563
1186 1492
1186 1563
1189 1566
1189 1568
1189 1570
1191 1566
1191 1568
1191 1570
1192 1544
1192 1554
1193 1544
1193 1548
1193 1552
1193 1554
1194 1214
1194 1218
1195 1207
1195 1212
1196 1207
1196 1212
1196 1235
1196 1498
1197 1446
1197 1447
1197 1504
1197 1508
1198 1446
1198 1447
1198 1504
1198 1508
1199 1214
1199 1218
1200 1235
1200 1498
1202 1207
1202 1212
1202 1504
1202 1508
1203 1444
1203 1447
1204 1207
1204 1212
1204 1504
1204 1508
1205 1207
1205 1212
1206 1444
1206 1447
1207 1436
1207 1439
1207 1443
1207 1444
1208 1220
1208 1223
1209 1524
1209 1526
1210 1220
1210 1223
1211 1524
1211 1526
1212 1436
1212 1439
1212 1443
1212 1444
1214 1522
1214 1523
1216 1533
1216 1536
1218 1522
1218 1523
1219 1533
1219 1536
1222 1595
1222 1597
1223 1533
1223 1534
1224 1595
1224 1597
1225 1533
1225 1534
1226 1533
1226 1534
1226 1536
1227 1533
1227 1534
1227 1536
1228 1533
1228 1536
1229 1860
1229 1861
1230 1860
1230 1861
1232 1267
1232 1268
1233 1267
1233 1268
1234 1315
1234 1449
1236 1489
1236 1490
1237 1255
1237 1258
1237 1877
1237 1878
1238 1500
1238 1501
1239 1344
1239 1360
1240 1344
1240 1360
1241 1888
1241 1891
1242 1888
1242 1891
1243 1267
1243 1268
1244 1267
1244 1268
1245 1248
1245 1249
1246 1248
1246 1249
1247 1256
1247 1259
1250 1489
1250 1490
1251 1256
1251 1259
1252 1267
1252 1268
1253 1489
1253 1490
1254 1267
1254 1268
1255 1257
1257 1258
1257 1877
1257 1878
1260 1877
1260 1878
1261 1500
1261 1501
1262 1870
1262 1872
1263 1348
1263 1358
1263 1870
1263 1872
1264 1627
1264 1628
1265 1627
1265 1628
1266 1548
1266 1553
1267 1537
1267 1745
1267 1748
1267 1749
1267 1791
1267 1794
1267 1816
1267 1822
1267 1825
1267 1865
1268 1537
1268 1745
1268 1748
1268 1749
1268 1791
1268 1794
1268 1816
1268 1822
1268 1825
1268 1865
1269 1304
1269 1307
1269 1406
1269 1412
1270 1539
1270 1545
1271 1298
1271 1303
1272 1298
1272 1303
1272 1304
1272 1305
1272 1307
1272 1822
1272 1825
1272 1835
1272 1837
1273 1295
1273 1297
1273 1299
1273 1300
1273 1304
1273 1307
1273 1822
1273 1825
1273 1835
1273 1837
1275 1746
1275 1805
1275 1817
1275 1818
1276 1746
1276 1805
1276 1817
1276 1818
1277 1310
1277 1311
1278 1348
1278 1358
1278 1649
1278 1650
1278 1654
1279 1649
1279 1650
1279 1654
1280 1514
1280 1517
1281 1514
1281 1517
1282 1304
1282 1307
1282 1538
1282 1549
1282 1550
1282 1555
1282 1843
1282 1847
1282 1852
1283 1304
1283 1307
1283 1538
1283 1549
1283 1550
1283 1555
1283 1843
1283 1847
1283 1852
1284 1301
1284 1303
1285 1301
1285 1303
1286 1549
1286 1555
1287 1549
1287 1555
1288 1303
1288 1304
1289 1303
1289 1304
1290 1296
1290 1298
1291 1303
1291 1304
1292 1303
1292 1305
1293 1303
1293 1305
1294 1296
1294 1298
1295 1297
1296 1512
1296 1516
1297 1299
1297 1300
1298 1304
1298 1307
1298 1543
1301 1500
1301 1501
1301 1512
1301 1516
1302 1310
1302 1311
1303 1304
1303 1307
1303 1500
1303 1501
1303 1543
1304 1541
1305 1543
1306 1406
1306 1412
1306 1539
1306 1545
1306 1745
1306 1821
1307 1541
1308 1310
1308 1311
1309 1413
1309 1416
1310 1312
1310 1505
1310 1509
1311 1312
1311 1505
1311 1509
1313 1413
1313 1416
1313 1745
1313 1821
1315 1496
1315 1503
1315 1505
1315 1510
1315 1512
1317 1346
1317 1365
1318 1346
1318 1365
1319 1333
1319 1347
1319 1400
1319 1404
1319 1405
1319 1411
1319 1430
1319 1432
1319 1433
1319 1435
1322 1332
1322 1365
1322 1397
1322 1462
1323 1328
1323 1329
1324 1325
1324 1723
1324 1724
1325 1723
1325 1724
1326 1388
1326 1389
1327 1694
1327 1697
1327 1705
1327 1708
1328 1331
1328 1397
1328 1455
1328 1456
1328 1683
1328 1684
1328 1694
1328 1697
1329 1331
1329 1351
1329 1361
1330 1332
1330 1341
1330 1342
1330 1346
1330 1365
1330 1397
1330 1462
1332 1877
1332 1879
1333 1336
1333 1347
1333 1348
1333 1358
1333 1400
1333 1404
1333 1405
1333 1411
1333 1419
1333 1420
1333 1430
1333 1432
1333 1433
1333 1434
1333 1435
1333 1437
1333 1871
1333 1872
1334 1495
1334 1511
1335 1514
1335 1517
1336 1347
1337 1362
1337 1370
1338 1350
1338 1366
1341 1342
1341 1346
1341 1351
1341 1361
1341 1365
1341 1397
1342 1346
1342 1351
1342 1361
1342 1365
1342 1397
1343 1346
1343 1365
1343 1680
1343 1685
1343 1875
1343 1876
1344 1495
1344 1511
1346 1357
1346 1359
1346 1374
1346 1398
1346 1399
1346 1464
1346 1466
1346 1467
1346 1468
1346 1476
1346 1483
1346 1619
1346 1622
1346 1637
1346 1638
1346 1642
1346 1652
1347 1348
1347 1358
1347 1419
1347 1420
1347 1432
1347 1433
1347 1434
1347 1435
1347 1437
1347 1871
1347 1872
1349 1362
1349 1370
1349 1371
1349 1373
1350 1353
1350 1362
1350 1370
1351 1456
1351 1461
1351 1688
1352 1415
1352 1418
1353 1362
1353 1366
1353 1370
1355 1359
1355 1374
1355 1399
1355 1467
1355 1468
1355 1483
1357 1365
1357 1680
1357 1685
1357 1875
1357 1876
1361 1456
1361 1461
1361 1688
1362 1415
1362 1418
1362 1882
1362 1883
1365 1398
1365 1464
1365 1466
1365 1476
1365 1619
1365 1622
1365 1637
1365 1638
1365 1642
1365 1652
1365 1877
1365 1879
1367 1371
1367 1373
1368 1381
1368 1384
1369 1381
1369 1384
1369 1882
1369 1883
1370 1882
1370 1883
1371 1372
1371 1374
1371 1378
1371 1381
1372 1373
1373 1374
1373 1378
1373 1381
1380 1844
1380 1848
1387 1393
1388 1721
1389 1721
1391 1393
1392 1393
1397 1695
1401 1489
1401 1490
1402 1860
1402 1862
1403 1424
1403 1426
1403 1427
1405 1576
1405 1578
1405 1579
1407 1421
1407 1422
1408 1410
1408 1417
1408 1429
1408 1432
1408 1433
1409 1860
1409 1862
1410 1415
1411 1576
1411 1578
1411 1579
1413 1504
1413 1508
1414 1421
1414 1422
1415 1417
1415 1429
1415 1432
1415 1433
1416 1504
1416 1508
1422 1446
1422 1447
1424 1474
1424 1484
1424 1486
1425 1446
1425 1447
1426 1486
1427 1474
1427 1484
1427 1486
1428 1443
1428 1444
1431 1443
1431 1444
1436 1443
1436 1444
1438 1560
1438 1562
1441 1560
1441 1562
1443 1444
1443 1530
1443 1535
1444 1530
1444 1535
1445 1533
1445 1536
1446 1505
1446 1509
1446 1527
1446 1532
1446 1533
1446 1536
1447 1527
1447 1532
1448 1505
1448 1509
1449 1496
1449 1503
1449 1505
1449 1510
1449 1512
1449 1516
1450 1495
1450 1511
1450 1522
1450 1523
1451 1503
1451 1505
1451 1510
1451 1512
1451 1516
1451 1522
1451 1523
1452 1495
1452 1511
1454 1632
1454 1633
1455 1695
1456 1695
1457 1478
1457 1479
1460 1632
1460 1633
1461 1478
1461 1479
1463 1632
1463 1633
1464 1641
1464 1644
1466 1641
1466 1644
1467 1468
1467 1471
1467 1867
1467 1868
1468 1471
1468 1867
1468 1868
1469 1480
1469 1482
1469 1749
1469 1811
1469 1812
1470 1830
1470 1831
1472 1489
1472 1490
1473 1480
1473 1482
1473 1749
1473 1811
1473 1812
1475 1830
1475 1831
1477 1487
1477 1489
1477 1490
1478 1601
1478 1604
1479 1601
1479 1604
1481 1487
1481 1489
1481 1490
1485 1489
1485 1490
1488 1615
1488 1616
1489 1491
1489 1615
1489 1616
1490 1491
1493 1517
1493 1519
1494 1517
1494 1519
1496 1520
1496 1522
1496 1544
1496 1554
1502 1520
1502 1522
1502 1544
1502 1554
1506 1514
1506 1517
1507 1514
1507 1517
1507 1519
1507 1521
1511 1517
1511 1519
1512 1514
1512 1516
1512 1517
1512 1519
1512 1520
1512 1522
1512 1523
1513 1514
1513 1517
1513 1519
1514 1516
1515 1517
1515 1519
1516 1517
1516 1519
1516 1520
1516 1522
1516 1523
1517 1518
1518 1519
1518 1521
1522 1533
1522 1534
1523 1525
1523 1528
1523 1533
1523 1534
1524 1525
1524 1528
1524 1533
1524 1534
1526 1533
1526 1534
1529 1531
1529 1533
1529 1534
1529 1535
1529 1536
1531 1535
1533 1535
1534 1535
1535 1536
1537 1558
1537 1561
1537 1567
1537 1569
1539 1564
1539 1565
1539 1605
1539 1607
1539 1827
1539 1832
1545 1827
1545 1832
1546 1564
1546 1565
1546 1605
1546 1607
1546 1827
1546 1832
1548 1557
1548 1559
1548 1577
1548 1848
1548 1853
1548 1877
1548 1879
1551 1571
1551 1572
1552 1557
1552 1559
1552 1877
1552 1879
1553 1577
1553 1848
1553 1853
1556 1571
1556 1572
1558 1863
1561 1863
1567 1865
1569 1865
1573 1755
1573 1760
1574 1583
1574 1584
1574 1585
1575 1583
1575 1584
1575 1585
1586 1889
1586 1890
1587 1731
1587 1732
1588 1731
1588 1732
1591 1641
1591 1644
1592 1641
1592 1644
1594 1889
1594 1890
1595 1601
1595 1604
1596 1642
1596 1652
1596 1732
1596 1733
1596 1734
1598 1601
1598 1604
1600 1642
1600 1652
1602 1732
1602 1733
1602 1734
1603 1642
1603 1652
1603 1732
1603 1733
1603 1734
1605 1854
1605 1858
1607 1854
1607 1858
1608 1630
1608 1676
1609 1658
1609 1660
1610 1658
1610 1660
1610 1735
1610 1736
1610 1737
1611 1630
1611 1676
1612 1735
1612 1736
1612 1737
1617 1620
1617 1621
1618 1620
1618 1621
1621 1655
1621 1661
1623 1657
1623 1661
1624 1655
1624 1657
1624 1661
1625 1634
1625 1679
1625 1683
1625 1684
1626 1632
1626 1633
1626 1678
1626 1682
1626 1683
1626 1684
1627 1639
1627 1640
1628 1639
1628 1640
1629 1665
1629 1666
1629 1670
1629 1671
1629 1686
1629 1690
1630 1665
1630 1666
1631 1632
1631 1633
1632 1636
1633 1636
1634 1679
1635 1683
1635 1684
1636 1678
1636 1682
1636 1683
1636 1684
1637 1647
1637 1653
1638 1647
1638 1653
1641 1663
1643 1645
1643 1648
1644 1663
1645 1646
1646 1648
1647 1658
1647 1660
1649 1651
1649 1656
1650 1651
1650 1656
1653 1658
1653 1660
1656 1662
1656 1664
1659 1662
1659 1664
1665 1674
1665 1675
1665 1676
1666 1672
1666 1673
1666 1674
1666 1675
1666 1676
1667 1696
1667 1701
1668 1672
1668 1673
1669 1696
1669 1701
1670 1676
1670 1681
1670 1686
1670 1689
1670 1690
1671 1676
1671 1681
1671 1686
1671 1689
1671 1690
1676 1686
1676 1690
1677 1687
1677 1691
1678 1697
1678 1700
1679 1683
1679 1684
1681 1686
1681 1690
1682 1697
1682 1700
1683 1692
1683 1693
1683 1695
1684 1692
1684 1693
1684 1695
1686 1689
1687 1691
1688 1694
1688 1697
1689 1690
1694 1695
1695 1697
1695 1705
1695 1708
1703 1704
1703 1706
1704 1705
1704 1706
1704 1708
1705 1706
1705 1707
1705 1710
1705 1711
1706 1708
1706 1709
1707 1708
1707 1709
1707 1712
1707 1713
1708 1710
1708 1711
1709 1710
1709 1711
1711 1712
1711 1713
1716 1719
1716 1720
1717 1719
1717 1720
1718 1719
1718 1720
1722 1725
1722 1726
1725 1726
1727 1729
1727 1730
1728 1729
1728 1730
1744 1745
1744 1813
1744 1815
1744 1820
1744 1822
1744 1825
1745 1746
1745 1799
1745 1801
1745 1803
1745 1810
1745 1820
1746 1798
1746 1801
1746 1813
1747 1811
1747 1812
1747 1818
1751 1753
1751 1755
1751 1757
1751 1760
1753 1756
1753 1757
1753 1759
1753 1782
1753 1784
1754 1756
1754 1759
1754 1782
1754 1784
1756 1761
1756 1763
1759 1761
1759 1763
1768 1775
1768 1778
1768 1779
1769 1775
1769 1778
1769 1779
1770 1775
1771 1780
1771 1781
1774 1780
1774 1781
1776 1786
1776 1788
1777 1786
1777 1788
1786 1791
1786 1794
1786 1808
1787 1789
1787 1792
1787 1797
1787 1801
1787 1804
1787 1806
1788 1791
1788 1794
1788 1808
1789 1792
1789 1797
1789 1801
1789 1804
1789 1806
1790 1793
1790 1796
1790 1804
1790 1806
1793 1795
1795 1796
1798 1820
1799 1813
1799 1816
1801 1816
1801 1820
1803 1813
1804 1806
1810 1813
1810 1815
1810 1820
1810 1822
1810 1825
1811 1814
1811 1819
1811 1824
1812 1814
1813 1815
1813 1820
1814 1818
1815 1822
1817 1827
1817 1833
1818 1819
1818 1824
1818 1827
1818 1833
1820 1822
1823 1847
1823 1852
1824 1827
1824 1832
1826 1847
1826 1852
1827 1828
1828 1832
1837 1844
1837 1849
1838 1846
1838 1851
1839 1844
1839 1849
1840 1842
1840 1843
1841 1842
1841 1843
1841 1846
1841 1851
1849 1855
1849 1856
1854 1855
1854 1856
1860 1886
1860 1887
1861 1886
1861 1887
1863 1864
1866 1869
1866 1873
1866 1889
1866 1890
1869 1874
1873 1874
1874 1889
1874 1890
1880 1883
1880 1884
1880 1886
1880 1887
1881 1883
1881 1884
1881 1886
1881 1887
1883 1889
1883 1890
1884 1889
1884 1890
1885 1888
1885 1891
1886 1889
1886 1890
1887 1889
1887 1890
1888 1891
