0 1021
0 1025
1 284
1 1141
2 224
2 236
3 659
3 667
3 684
3 687
4 808
4 810
5 92
5 93
5 96
5 99
6 93
6 99
7 56
7 58
8 239
8 242
8 279
8 298
8 300
8 435
8 441
8 454
8 457
8 459
8 460
8 601
8 689
8 693
8 1155
8 1163
8 1193
8 1216
8 1218
8 1263
8 1264
8 1518
8 1523
8 1530
8 1533
8 1544
8 1686
8 1688
8 1724
8 1725
8 1756
8 1761
8 1845
8 1853
8 2034
8 2037
8 2039
8 2041
8 2042
8 2048
8 2049
8 2160
8 2162
8 2173
8 2176
8 2180
8 2182
9 22
9 23
9 239
9 242
9 244
9 248
9 279
9 384
9 429
9 443
9 459
9 460
9 543
9 601
9 636
9 642
9 1193
9 1215
9 1245
9 1268
9 1340
9 1573
9 1578
9 1698
9 1756
9 1761
9 1766
9 1769
9 1936
10 31
10 75
10 155
10 395
10 458
10 461
10 470
11 124
11 127
12 446
12 452
12 468
12 469
12 470
12 962
12 964
12 1034
12 1039
13 446
13 452
13 468
13 469
13 470
13 962
13 964
13 1034
13 1039
14 399
14 400
15 102
15 111
16 931
16 936
16 946
16 947
17 783
17 791
18 375
18 376
19 375
19 376
20 444
20 447
20 1055
20 1056
21 115
21 214
21 215
21 444
21 447
21 1055
21 1056
21 1247
22 26
22 444
22 447
22 1137
22 1150
22 1414
22 2166
23 26
23 444
23 447
23 983
23 984
23 1137
23 1150
23 1414
23 2166
24 983
24 984
25 56
25 58
25 158
25 165
25 281
25 388
25 454
25 457
25 534
25 602
25 604
25 1163
25 1166
25 1456
25 1458
25 1523
25 1527
25 1533
25 1541
25 1557
25 1578
25 1724
25 1725
25 1875
25 1876
26 35
26 36
26 158
26 165
26 244
26 248
26 281
26 298
26 300
26 384
26 388
26 414
26 415
26 423
26 429
26 435
26 441
26 443
26 447
26 526
26 529
26 534
26 543
26 602
26 604
26 972
26 973
26 1155
26 1163
26 1166
26 1193
26 1205
26 1206
26 1215
26 1263
26 1264
26 1410
26 1422
26 1425
26 1444
26 1447
26 1455
26 1456
26 1457
26 1458
26 1523
26 1527
26 1533
26 1541
26 1557
26 1573
26 1578
26 1698
26 1743
26 1766
26 1769
26 1845
26 1853
26 1875
26 1876
26 1877
26 1884
26 1890
26 1936
26 2034
26 2037
26 2039
26 2041
26 2042
26 2048
26 2049
26 2160
26 2162
26 2173
26 2176
26 2180
26 2182
27 30
27 1199
28 53
28 55
29 33
29 1197
30 33
30 37
30 1197
30 1201
31 75
31 155
31 395
31 458
31 461
31 470
31 1021
31 1025
32 92
32 96
33 37
33 43
33 53
33 55
34 2039
34 2042
35 36
35 414
35 415
35 423
35 435
35 447
35 972
35 973
35 1410
35 1455
35 1457
35 1743
35 1876
35 1877
36 526
36 529
36 965
36 967
36 1205
36 1206
36 1422
36 1425
36 1444
36 1447
36 1876
36 1877
36 1884
36 1890
36 1893
36 1896
37 1197
37 1199
38 53
38 55
39 40
39 45
39 453
39 458
40 41
40 45
40 427
40 439
40 444
40 449
40 450
40 451
40 453
40 455
40 458
40 928
40 932
40 935
40 983
40 984
40 1173
40 1174
40 1446
40 1450
40 2039
40 2042
40 2157
40 2159
41 45
41 1142
41 1144
42 843
42 844
42 851
42 925
42 965
42 967
42 1574
42 1577
42 1893
42 1896
43 1197
44 453
44 456
44 458
44 962
44 964
44 1033
44 1038
45 427
45 439
45 444
45 449
45 450
45 451
45 453
45 455
45 458
45 474
45 479
45 876
45 926
45 928
45 932
45 935
45 983
45 984
45 1173
45 1174
45 1446
45 1450
45 1542
45 1558
45 1604
45 1615
45 2157
45 2159
46 843
46 844
46 851
46 925
47 995
47 996
47 1009
47 1015
48 453
48 456
48 962
48 964
48 1142
48 1144
49 474
49 479
49 876
49 926
49 1542
49 1558
49 1604
49 1615
50 1084
50 1090
51 995
51 996
51 1009
51 1015
51 1084
51 1090
52 124
52 127
52 453
52 458
52 1033
52 1038
53 55
53 60
54 1470
54 1792
55 60
57 126
57 129
58 1213
58 1220
59 115
59 1247
59 1470
59 1792
61 126
61 129
62 1213
62 1220
63 75
63 103
63 108
63 162
64 729
64 959
64 960
64 966
65 75
65 103
65 108
65 162
66 103
66 108
66 959
66 960
67 729
67 799
67 966
67 1152
68 102
68 111
68 419
68 438
69 116
69 119
69 799
69 1152
70 116
70 119
71 419
71 438
72 116
72 119
73 783
73 791
74 931
74 936
74 946
74 947
76 167
76 168
77 167
77 168
78 89
78 91
78 173
78 176
79 89
79 91
80 125
80 127
80 130
80 131
80 132
80 659
80 667
80 684
80 687
80 988
80 1058
80 1059
81 125
81 127
81 130
81 132
81 659
81 667
81 988
81 1058
81 1059
82 1036
82 1040
83 98
83 101
83 124
83 127
84 1031
84 1036
85 129
85 134
85 142
85 144
85 1021
85 1025
86 142
86 144
86 1021
86 1025
87 89
87 91
88 167
88 168
89 90
90 91
94 175
94 177
95 464
95 465
97 98
97 101
97 464
97 465
98 105
98 123
98 125
98 131
98 1051
98 1239
98 1242
100 175
100 177
101 105
101 123
101 125
101 131
101 1051
101 1239
101 1242
103 151
103 152
103 977
103 978
104 978
104 982
105 978
105 982
106 124
106 127
106 463
106 465
106 1035
106 1037
107 117
107 122
109 132
109 137
110 463
110 465
110 1035
110 1037
112 117
112 122
112 132
112 137
113 115
113 151
113 152
113 167
113 168
113 176
113 178
113 977
113 978
113 1247
113 1288
113 1290
113 1573
113 1578
114 124
114 127
114 397
114 398
115 120
115 121
115 160
115 161
115 172
115 174
115 200
115 202
115 383
115 416
115 1247
115 1267
115 1268
115 1288
115 1290
115 1291
115 2079
115 2080
116 120
116 121
116 131
116 136
117 397
117 398
118 1036
118 1040
119 1244
119 1245
119 1259
119 1272
120 121
120 131
120 136
120 158
120 159
120 1247
120 1274
120 1277
121 158
121 159
121 1247
121 1259
121 1272
121 1274
121 1277
121 1280
121 1285
121 2135
121 2138
123 668
123 675
123 988
123 1058
123 1059
123 1244
123 1245
123 1280
123 1285
123 2135
123 2138
124 1051
125 132
125 137
125 157
125 166
125 200
125 202
125 657
125 664
125 671
125 684
125 687
125 986
125 988
125 1058
125 1059
125 1076
125 1079
125 1083
125 1084
125 1090
125 1092
125 1239
125 1242
125 1292
125 1294
127 132
127 1051
127 1250
127 1809
127 1813
128 668
128 675
129 1011
129 1031
129 1036
130 131
130 132
130 136
130 137
130 200
130 202
130 684
130 687
130 689
130 694
130 1258
130 1596
130 1685
130 1687
130 2100
130 2109
130 2110
130 2117
131 132
131 136
131 137
131 138
131 157
131 166
131 187
131 335
131 380
131 503
131 510
131 657
131 664
131 671
131 672
131 674
131 689
131 694
131 986
131 987
131 993
131 1009
131 1014
131 1055
131 1056
131 1059
131 1061
131 1064
131 1068
131 1070
131 1073
131 1076
131 1079
131 1080
131 1083
131 1084
131 1087
131 1088
131 1090
131 1092
131 1155
131 1163
131 1239
131 1242
131 1250
131 1258
131 1292
131 1294
131 1596
131 1685
131 1687
131 2097
131 2098
131 2099
131 2100
131 2105
131 2109
131 2110
131 2113
131 2117
131 2137
131 2140
131 2141
132 136
132 137
132 367
132 371
132 995
132 996
132 1045
132 1046
132 1048
132 1049
132 1050
132 1250
132 1674
132 1677
132 1809
132 1813
132 2088
132 2090
133 138
133 139
133 1035
133 1037
133 1046
133 1050
134 1011
134 1031
134 1036
135 1031
135 1036
136 137
136 138
136 187
136 335
136 380
136 503
136 510
136 672
136 674
136 993
136 1009
136 1014
136 1055
136 1056
136 1061
136 1064
136 1068
136 1070
136 1073
136 1079
136 1080
136 1083
136 1084
136 1087
136 1088
136 1090
136 1092
136 1117
136 1118
136 1145
136 1149
136 1155
136 1163
136 1250
136 1252
136 1468
136 1469
136 1470
136 1790
136 1798
136 2051
136 2095
136 2097
136 2098
136 2099
136 2105
136 2109
136 2113
136 2137
136 2140
136 2141
137 138
137 367
137 371
137 662
137 670
137 995
137 996
137 1016
137 1018
137 1035
137 1037
137 1042
137 1043
137 1045
137 1046
137 1048
137 1049
137 1050
137 1054
137 1057
137 1080
137 1084
137 1086
137 1090
137 1117
137 1118
137 1145
137 1149
137 1250
137 1252
137 1468
137 1469
137 1470
137 1473
137 1674
137 1677
137 1790
137 1791
137 1798
137 2051
137 2074
137 2076
137 2088
137 2090
137 2095
138 139
138 1035
138 1037
138 1042
138 1043
138 1046
138 1050
138 1054
138 1055
138 1056
138 1057
138 1080
138 1086
138 1226
138 1227
138 1250
138 1473
138 1584
138 1593
138 1791
138 2058
138 2059
138 2074
138 2076
139 1019
139 1020
139 1035
139 1037
139 1055
139 1056
139 1226
139 1227
139 1584
139 1593
139 2058
139 2059
139 2074
139 2076
140 662
140 670
140 995
140 996
140 1009
140 1014
140 1016
140 1018
141 142
141 144
141 1019
141 1020
141 1021
141 1025
141 2074
141 2076
142 995
142 996
142 1009
142 1014
142 1843
142 2054
143 144
143 727
143 728
143 769
143 772
143 1034
143 1039
143 1842
143 1862
143 1864
143 1865
143 2056
143 2062
143 2063
143 2084
143 2085
144 727
144 728
144 769
144 772
144 1034
144 1039
144 1842
144 1843
144 1862
144 1864
144 1865
144 2054
144 2056
144 2062
144 2063
144 2084
144 2085
145 657
145 671
146 221
146 222
147 221
147 222
147 541
147 542
147 1408
147 1409
148 541
148 542
148 1303
148 1304
149 151
149 205
150 151
150 205
151 176
151 178
151 1286
151 1289
152 176
152 178
153 221
153 222
154 221
154 222
156 1034
156 1039
158 463
158 465
158 1031
158 1036
160 975
160 977
160 1247
161 430
161 437
161 975
161 977
161 1247
163 657
163 671
164 430
164 437
165 463
165 465
165 1031
165 1036
166 1034
166 1039
167 1247
168 1247
169 173
169 176
170 173
170 176
171 1263
171 1264
172 1247
172 1263
172 1264
173 179
174 1247
175 666
175 673
176 179
176 1247
176 1275
176 1496
177 666
177 673
178 1247
178 1275
178 1496
180 196
180 199
181 196
181 199
182 193
182 194
183 270
183 271
183 484
183 493
184 270
184 271
184 484
184 493
185 224
185 236
186 256
186 259
188 196
188 199
189 196
189 199
190 240
190 241
191 632
191 637
192 246
192 248
193 199
193 201
193 267
194 199
194 201
194 267
195 240
195 241
196 254
196 258
196 259
197 632
197 637
198 246
198 248
199 254
199 258
199 259
199 975
199 976
200 204
200 207
200 697
200 700
200 1247
201 975
201 976
202 204
202 206
202 207
202 209
202 697
202 700
202 1247
203 206
203 209
204 347
204 519
204 520
204 734
204 1100
204 1106
205 1286
205 1289
207 347
207 734
208 519
208 520
208 541
208 542
208 1100
208 1106
210 541
210 542
211 213
211 215
211 682
211 686
212 213
212 215
212 682
212 686
213 703
213 706
213 1279
213 1281
214 682
214 686
214 691
214 693
214 703
214 706
214 979
215 682
215 686
215 691
215 693
215 979
215 1279
215 1281
216 686
216 692
217 686
217 692
218 666
218 673
219 666
219 673
220 1091
220 1101
220 1104
221 657
221 664
221 1091
221 1101
221 1104
221 1224
221 1225
222 657
222 664
222 1224
222 1225
223 239
223 242
224 232
224 233
224 247
224 250
224 503
224 505
224 621
224 623
224 624
225 232
225 233
226 533
226 535
227 499
227 506
227 533
227 535
228 414
228 415
229 1122
229 1124
230 268
230 269
231 635
231 644
232 236
232 237
232 503
232 510
232 711
232 716
233 236
233 237
233 255
233 260
233 503
233 510
233 626
233 630
233 711
233 716
234 490
234 492
235 239
235 242
236 247
236 250
236 503
236 505
236 621
236 623
236 624
238 499
238 506
240 489
240 491
241 489
241 491
241 687
241 694
242 539
242 540
243 687
243 694
244 257
244 262
244 264
244 265
244 539
244 540
245 536
245 537
247 251
247 253
247 533
247 535
248 257
248 262
248 264
248 265
249 536
249 537
250 251
250 253
250 533
250 535
252 639
252 644
255 623
256 257
256 262
256 1121
256 1124
256 1126
257 258
257 1125
257 1126
258 262
258 1124
258 1126
259 1121
260 623
261 639
261 644
262 265
262 266
262 1125
262 1126
263 639
263 644
264 265
264 266
264 1124
264 1126
265 1124
265 1126
268 634
268 635
268 644
269 634
270 593
270 721
271 593
271 721
272 278
272 279
272 591
272 592
273 278
273 279
273 591
273 592
274 591
274 592
275 591
275 592
276 649
276 1112
277 649
277 1112
278 303
278 308
278 435
278 441
278 453
278 456
279 303
279 308
279 435
279 441
280 306
280 311
280 313
280 972
280 973
281 1155
281 1156
282 295
282 296
283 1155
283 1163
284 382
284 1155
284 1156
285 289
285 290
286 1122
286 1124
287 683
287 689
288 289
288 290
289 683
289 689
289 800
289 801
290 683
290 689
290 800
290 801
291 295
291 296
292 306
292 311
293 295
293 296
294 306
294 311
295 796
295 1155
295 1163
295 1178
295 1179
296 796
296 1155
296 1163
296 1178
296 1179
296 1180
297 1179
297 1180
299 453
299 456
301 311
301 313
302 306
302 311
302 313
302 697
302 700
302 1155
302 1156
302 1173
302 1174
303 310
303 312
303 601
303 697
303 700
304 306
304 311
304 313
304 665
304 673
304 972
304 973
305 311
305 313
305 1173
305 1174
306 307
306 308
307 313
307 697
307 700
307 1155
307 1156
308 310
308 311
308 312
308 313
308 601
308 697
308 700
309 1155
309 1163
310 665
310 673
311 1155
311 1163
314 1163
314 1166
315 1163
315 1166
316 414
316 423
317 414
317 423
318 1155
318 1163
319 603
319 607
320 603
320 607
321 1139
321 1158
321 1162
322 1139
322 1158
322 1162
323 666
323 673
323 1143
323 1146
324 1133
324 1136
324 1155
324 1156
325 1143
325 1146
326 603
326 608
326 666
326 673
327 603
327 608
327 1133
327 1136
328 1133
328 1136
328 1155
328 1156
329 605
329 606
330 1139
330 1162
331 1130
331 1140
332 341
332 730
333 341
333 343
333 730
333 732
334 341
334 342
334 731
334 732
334 738
335 344
335 345
335 632
335 633
335 650
335 651
335 652
335 667
335 671
335 723
335 724
336 344
336 345
336 650
336 651
336 652
336 667
336 671
336 723
336 724
337 362
337 365
338 362
338 365
339 362
339 365
340 662
340 663
341 658
341 662
341 669
341 670
342 650
342 651
342 658
342 662
342 670
342 676
342 699
342 702
342 776
342 778
342 793
342 801
343 654
343 656
343 661
343 662
343 670
343 699
343 702
343 753
343 756
343 776
343 778
343 793
343 801
344 370
344 371
344 374
345 367
345 370
345 371
345 374
346 740
346 744
346 746
346 747
347 740
347 744
347 746
347 747
348 609
348 615
349 598
349 599
349 609
349 615
350 598
350 599
351 353
351 355
351 598
351 599
351 665
351 673
352 353
352 355
352 598
352 599
352 665
352 673
354 361
354 363
356 361
356 363
357 362
357 365
358 697
358 700
359 697
359 700
360 362
360 365
362 367
362 371
362 659
362 674
364 372
364 376
365 367
365 371
365 659
365 674
366 372
366 376
367 370
367 371
367 372
367 376
367 379
368 1080
368 1087
369 1080
369 1087
370 371
370 372
370 374
370 375
370 376
370 377
370 672
370 674
370 684
370 687
371 372
371 374
371 375
371 376
371 377
371 379
371 672
371 674
371 684
371 687
372 375
372 378
373 672
373 674
374 375
374 377
374 378
374 672
374 674
375 376
376 378
379 1016
379 1018
380 632
380 633
381 661
382 1141
383 1247
385 414
385 415
386 969
386 971
387 607
387 608
388 411
388 412
388 607
388 608
389 501
389 509
390 968
390 970
391 480
391 563
391 565
391 571
392 480
392 558
392 562
392 563
392 565
392 567
392 571
393 473
393 557
394 473
394 557
395 466
395 467
396 397
396 398
396 466
396 467
396 468
396 469
397 398
397 456
397 458
397 461
397 466
397 467
397 470
397 471
397 472
398 456
398 458
398 461
398 466
398 467
398 470
398 471
398 472
399 956
399 957
399 958
399 959
399 960
400 956
400 957
400 958
400 959
400 960
401 956
401 957
402 954
402 955
402 956
402 957
403 954
403 955
404 1516
404 2004
405 1516
405 2004
406 909
406 913
407 909
407 913
408 474
408 479
409 480
409 571
410 511
410 518
410 968
410 970
411 427
411 439
411 498
411 502
411 534
412 417
412 419
412 424
412 426
412 534
413 427
413 431
413 439
413 488
413 494
413 607
413 608
414 430
414 437
414 503
414 506
414 510
414 530
414 531
415 503
415 506
415 510
415 530
415 531
415 697
415 700
415 969
415 971
415 983
415 984
415 985
416 1247
417 452
418 427
418 431
418 439
419 424
419 425
419 434
419 438
419 452
419 511
419 518
420 1148
420 1159
421 422
421 433
422 427
422 431
422 439
422 442
422 444
422 449
422 451
422 488
422 494
423 430
423 432
423 435
423 437
423 441
424 426
424 438
424 452
424 473
424 474
424 479
424 557
425 426
425 427
425 431
425 438
425 439
425 473
425 557
426 434
426 438
426 452
426 511
426 518
426 1148
426 1159
427 439
427 498
427 502
427 526
427 529
428 697
428 700
428 983
428 984
428 985
429 2048
429 2049
430 682
430 686
430 692
430 975
430 976
432 433
432 436
432 444
432 449
432 451
433 435
433 441
433 442
434 439
434 445
434 488
434 494
434 961
434 963
434 1173
434 1174
434 1175
435 436
435 440
435 444
435 474
435 512
435 519
435 525
435 577
435 601
435 826
435 829
435 1155
435 1163
436 441
437 682
437 686
437 692
437 975
437 976
438 439
438 445
438 488
438 494
438 961
438 963
438 1173
438 1174
438 1175
439 526
439 529
440 441
440 782
440 783
441 444
441 519
441 525
441 601
441 826
441 829
441 1155
441 1163
442 480
442 481
443 2048
443 2049
444 474
444 577
444 782
444 783
447 474
447 512
447 519
447 577
448 541
448 542
448 1303
448 1304
448 1408
448 1409
449 1892
449 1900
449 2010
449 2012
450 480
450 481
451 1892
451 1900
453 2010
453 2012
457 787
457 788
462 787
462 788
468 470
468 1034
468 1039
468 1058
468 1059
469 470
470 1034
470 1039
470 1058
470 1059
473 555
473 559
474 790
474 811
475 823
475 828
476 1109
476 1111
477 723
477 724
477 1125
477 1126
478 723
478 724
478 968
478 973
478 1125
478 1126
481 511
481 518
481 519
481 520
482 1109
482 1111
483 519
483 520
483 1122
483 1124
485 968
485 973
486 511
486 518
487 526
487 529
488 513
488 519
488 520
488 525
488 526
488 529
488 972
488 976
489 519
489 520
489 1122
489 1124
490 613
491 493
491 496
491 1173
491 1174
492 613
493 495
494 513
494 519
494 520
494 525
494 526
494 529
494 972
494 976
495 496
495 1173
495 1174
497 524
497 525
497 528
497 529
500 558
500 562
500 567
501 516
503 505
503 522
503 523
503 524
503 525
503 528
503 529
503 686
503 693
504 515
504 521
505 522
505 523
505 524
505 528
507 532
507 535
508 515
508 521
509 516
510 514
510 517
510 686
510 693
514 517
514 527
514 530
514 532
514 535
514 1121
514 1123
519 520
519 525
519 537
519 538
519 580
519 974
519 980
520 525
520 580
521 527
521 530
521 1121
521 1123
525 537
525 538
525 974
525 980
526 842
526 927
526 1151
526 1153
529 842
529 927
529 1151
529 1153
540 614
540 620
541 614
541 620
544 545
544 551
545 840
545 856
545 861
545 929
546 876
546 926
547 549
547 853
548 883
548 888
549 855
550 813
550 818
550 820
551 840
551 856
551 861
551 929
552 813
552 818
552 820
553 815
553 817
554 558
554 562
555 557
555 815
555 817
556 561
556 563
556 565
556 566
556 574
557 558
557 559
557 562
558 561
558 563
558 565
558 566
558 567
558 573
558 574
559 561
559 563
559 565
559 566
559 574
560 563
560 565
561 562
561 566
561 573
562 563
562 565
562 566
562 567
562 573
562 574
563 564
564 565
566 567
566 574
566 581
566 583
566 831
566 832
566 891
566 893
567 573
568 572
568 578
569 584
569 587
569 857
569 867
570 790
570 811
571 831
571 832
571 833
572 575
573 574
573 581
573 583
573 831
573 832
573 891
573 893
574 581
574 583
575 576
575 578
575 582
575 584
575 587
576 578
576 582
576 584
576 587
576 590
576 689
576 694
577 790
577 811
577 823
577 828
578 582
579 584
579 587
580 831
580 832
580 833
582 583
582 584
582 587
582 588
582 589
582 590
582 689
582 694
583 585
584 585
585 587
585 588
585 589
586 857
586 867
591 616
591 618
591 706
591 709
592 616
592 618
592 706
592 709
593 698
593 703
594 694
594 695
595 706
595 709
596 697
596 700
597 611
597 617
597 621
597 624
598 600
598 609
599 600
599 609
599 610
599 617
600 610
600 617
603 776
603 778
603 1436
603 1438
605 1134
606 1134
607 776
607 778
607 1436
607 1438
610 667
610 671
611 619
611 625
612 647
612 1115
613 647
613 1115
617 619
617 625
617 667
617 671
618 627
618 630
619 621
619 624
621 625
621 632
621 633
621 681
621 685
621 688
621 691
622 627
622 630
623 626
623 630
624 625
624 632
624 633
624 681
624 685
624 688
624 691
628 700
628 705
629 632
629 633
629 637
629 639
629 643
631 632
631 633
631 637
631 639
631 643
633 700
633 705
636 720
636 721
636 1245
638 702
638 706
640 720
640 721
641 702
641 706
642 1245
645 687
645 694
646 660
646 677
647 708
647 710
647 715
647 717
648 1007
648 1012
649 650
649 651
649 672
649 677
649 1007
649 1012
649 1073
649 1083
649 1096
649 1099
650 670
650 676
650 731
650 822
650 824
650 1112
651 670
651 676
651 731
651 822
651 824
651 1112
653 676
653 678
654 732
655 703
655 706
656 732
658 731
658 732
658 738
659 672
659 674
659 1079
659 1083
659 1089
659 1092
659 1093
660 701
660 704
660 1115
661 732
662 731
662 736
662 1724
662 1725
662 1727
663 736
667 671
667 689
667 694
667 1079
667 1083
667 1089
667 1092
667 1093
667 2044
667 2046
668 684
668 687
668 703
668 706
669 730
670 731
670 1724
670 1725
670 1727
671 689
671 694
671 2044
671 2046
672 674
672 1112
675 684
675 687
675 701
675 704
676 678
676 731
676 736
676 742
677 701
677 704
677 1112
677 1115
678 736
678 742
679 681
679 685
680 681
680 685
682 706
682 709
684 703
684 706
686 706
686 709
687 703
687 706
687 712
687 718
687 1100
687 1102
687 1125
687 1126
687 1127
689 1100
689 1102
689 1243
689 1244
690 706
690 709
692 706
692 709
693 1243
693 1244
694 712
694 718
694 820
694 822
694 970
694 972
694 1125
694 1126
694 1127
695 712
695 718
695 820
695 822
695 857
695 867
695 970
695 972
696 857
696 867
697 700
698 722
703 722
706 803
706 807
707 713
707 714
708 1113
709 803
709 807
710 1113
713 714
713 1125
713 1126
715 1113
717 1113
719 1125
719 1126
724 732
724 737
724 738
724 741
724 745
725 1007
725 1012
726 1007
726 1012
727 1008
727 1010
727 1035
727 1037
728 1008
728 1010
728 1035
728 1037
729 945
729 948
729 1154
729 1161
732 753
732 756
732 995
732 999
732 1003
732 1160
732 1161
733 1016
733 1018
734 740
734 746
734 748
734 749
735 759
735 762
735 765
737 995
737 999
737 1003
738 995
738 999
738 1003
738 1160
738 1161
739 748
739 749
740 759
740 762
740 765
741 995
743 748
743 749
744 748
744 749
745 995
747 748
747 749
748 1128
748 1138
748 1147
749 1128
749 1138
749 1147
750 1154
750 1161
751 758
751 760
752 758
752 760
754 1161
754 1164
755 1161
755 1164
757 1161
757 1164
761 999
761 1003
763 999
763 1003
764 999
764 1003
766 1024
766 1026
767 768
767 773
767 774
768 771
770 1024
770 1026
771 773
771 774
775 776
775 778
776 796
777 1178
777 1179
778 796
779 795
779 800
780 795
780 800
781 904
781 905
782 828
782 830
783 828
783 830
784 850
784 922
785 850
785 922
786 913
786 917
789 899
789 900
790 899
790 900
791 883
791 884
791 888
792 904
792 905
793 1178
793 1179
794 934
794 937
797 883
797 884
797 888
798 803
798 804
798 807
800 934
800 937
802 808
802 810
802 813
802 818
803 804
803 991
803 1041
804 807
805 846
805 847
805 849
805 923
806 1164
806 1165
807 991
807 1041
807 1164
807 1165
808 809
809 810
809 813
809 818
811 820
811 822
812 820
812 822
812 846
812 847
812 849
812 923
814 846
814 847
816 1114
816 1116
819 1114
819 1116
820 904
820 907
820 995
820 996
821 851
821 925
822 826
822 829
822 904
822 907
822 995
822 996
823 845
823 851
823 896
823 925
824 826
824 829
825 990
825 1056
827 845
827 896
827 990
827 1056
831 869
831 874
831 879
832 869
832 874
832 879
834 869
834 874
834 879
835 909
835 913
836 1119
836 1120
837 1119
837 1120
838 909
838 913
839 913
839 917
840 928
840 932
840 935
841 968
841 969
847 912
847 915
848 912
848 915
850 923
850 924
851 919
851 920
852 855
852 860
853 855
854 883
854 888
855 858
855 873
855 880
856 876
856 926
858 860
859 883
859 888
860 873
860 880
861 883
861 884
862 870
862 877
863 968
863 969
864 870
864 877
865 881
865 889
866 883
866 884
868 881
868 889
871 883
871 888
872 875
872 894
875 878
875 883
875 888
878 894
882 910
882 911
883 894
883 897
883 898
883 901
883 903
883 910
884 898
884 901
884 903
884 910
885 910
885 911
886 888
886 892
887 888
887 892
888 894
888 897
890 910
890 911
895 902
895 906
899 902
899 906
904 905
904 907
904 908
905 907
905 908
905 919
905 920
905 921
905 930
907 908
907 919
907 920
908 919
908 920
908 921
908 930
914 920
914 923
914 924
915 933
915 944
916 933
916 944
918 920
918 923
918 924
919 925
920 925
923 924
928 929
929 932
929 935
934 939
934 952
937 939
937 952
937 983
937 984
937 1208
937 1210
937 1211
937 1218
938 1927
938 1945
939 954
939 955
940 983
940 984
940 1208
940 1210
940 1211
940 1218
941 949
941 950
941 951
942 949
942 950
942 951
943 1927
943 1945
945 966
946 953
947 953
948 966
953 954
953 955
972 975
972 976
972 1155
972 1156
972 1216
972 1221
972 1279
972 1284
973 1155
973 1156
973 1216
973 1221
973 1279
973 1284
975 976
976 1268
976 1340
977 978
977 981
977 982
978 981
978 1032
978 1041
978 1268
978 1340
978 2044
978 2047
981 982
982 1032
982 1041
982 2044
982 2047
987 1250
989 1055
989 1056
991 1060
991 1066
991 1075
991 1081
992 1081
992 1087
994 1073
994 1083
995 998
995 1003
995 1071
995 1077
996 998
996 1003
996 1007
996 1012
996 1071
996 1077
997 1007
997 1012
1000 1017
1000 1021
1001 1017
1001 1021
1002 1073
1002 1083
1002 2055
1002 2059
1004 1073
1004 1083
1004 2055
1004 2059
1005 2055
1005 2059
1006 1024
1006 1025
1006 1026
1006 1027
1006 1045
1006 1048
1007 1014
1007 1023
1007 1035
1007 1037
1007 1112
1008 1024
1008 1025
1008 1026
1008 1027
1008 1045
1008 1048
1012 1014
1012 1023
1012 1035
1012 1037
1012 1112
1013 1063
1013 1069
1019 1030
1019 1038
1020 1030
1020 1038
1021 1031
1021 1040
1022 1082
1022 1088
1023 1082
1023 1088
1025 1031
1025 1040
1028 1035
1028 1037
1029 1035
1029 1037
1031 2074
1031 2076
1035 1129
1035 1147
1036 2074
1036 2076
1037 1129
1037 1147
1041 1060
1041 1066
1041 1075
1041 1081
1041 1087
1044 1046
1044 1050
1045 1055
1045 1056
1046 1047
1047 1050
1048 1055
1048 1056
1052 1065
1052 1067
1053 1065
1053 1067
1054 2097
1054 2098
1055 1056
1057 2097
1057 2098
1059 1250
1060 1071
1060 1074
1062 1063
1062 1069
1064 1102
1064 1106
1064 1905
1064 1907
1066 1071
1066 1074
1069 1080
1069 1087
1070 1102
1070 1106
1070 1905
1070 1907
1072 1096
1072 1104
1073 1112
1075 1080
1075 1087
1076 1079
1076 1083
1076 1091
1076 1096
1076 1104
1078 1082
1078 1088
1078 1096
1078 1104
1079 1082
1079 1089
1079 1091
1079 1093
1079 1100
1079 1102
1079 1104
1082 1083
1082 1085
1083 1089
1083 1093
1083 1112
1084 1086
1084 1089
1084 1250
1085 1088
1086 1090
1088 1091
1088 1100
1088 1102
1088 1104
1089 1090
1089 1095
1089 1097
1089 1098
1089 1103
1090 1250
1091 1094
1093 1095
1093 1097
1093 1098
1093 1103
1094 1096
1094 1104
1096 1112
1099 1112
1105 1107
1105 1108
1105 1111
1107 1110
1108 1110
1109 1119
1109 1120
1110 1111
1111 1119
1111 1120
1119 1125
1119 1126
1120 1125
1120 1126
1130 1131
1130 1168
1130 1172
1131 1139
1131 1140
1131 1162
1132 1155
1132 1163
1135 1155
1135 1163
1139 1172
1140 1168
1140 1172
1141 1155
1141 1156
1157 1166
1157 1169
1161 1170
1161 1171
1162 1172
1164 1166
1164 1169
1164 1170
1164 1171
1165 1170
1165 1171
1167 1170
1167 1171
1173 1176
1173 1177
1174 1176
1174 1177
1181 1390
1181 1393
1182 2087
1182 2089
1183 1913
1183 1915
1184 1784
1184 1785
1185 1189
1185 1202
1186 1189
1186 1202
1187 1205
1187 1207
1187 1216
1187 1218
1187 1221
1187 1582
1187 1588
1188 1232
1188 1235
1188 2021
1188 2023
1189 1232
1189 1235
1189 1559
1189 1560
1189 2021
1189 2023
1190 1604
1190 1615
1191 1514
1191 1515
1191 1604
1191 1615
1192 1264
1192 1265
1193 1244
1193 1245
1193 1261
1193 1269
1193 1273
1193 1277
1193 1526
1193 1531
1193 2034
1193 2035
1194 1210
1194 1216
1194 1218
1195 1210
1195 1216
1195 1218
1196 1216
1196 1218
1196 1221
1198 1234
1198 1235
1198 1244
1198 1245
1199 1201
1200 1234
1200 1235
1200 1244
1200 1245
1200 1582
1200 1588
1200 1730
1200 1732
1202 1216
1202 1221
1202 1234
1202 1235
1202 1244
1202 1245
1202 1559
1202 1560
1202 1727
1202 1729
1202 1730
1202 1732
1202 2032
1202 2033
1203 1216
1203 1221
1203 1582
1203 1588
1203 1727
1203 1729
1203 1730
1203 1732
1203 2032
1203 2033
1204 1574
1204 1577
1205 1229
1205 1234
1205 1235
1205 1559
1205 1560
1205 1599
1205 1600
1205 1727
1205 1729
1205 2032
1205 2033
1206 1251
1206 1253
1206 1992
1206 1997
1207 1229
1207 1251
1207 1253
1207 1599
1207 1600
1208 1992
1208 1997
1209 1931
1209 1981
1210 1992
1210 1997
1212 1931
1212 1981
1214 1987
1214 1996
1215 1273
1215 1277
1215 1577
1215 1581
1215 2034
1215 2035
1216 1244
1216 1510
1216 1511
1216 2019
1217 2016
1217 2018
1218 1244
1218 2016
1218 2018
1219 1987
1219 1996
1220 1577
1220 1581
1221 1510
1221 1511
1221 2019
1222 2001
1222 2005
1223 2001
1223 2005
1224 2044
1224 2047
1225 2044
1225 2047
1228 1255
1228 1270
1228 1278
1230 1595
1230 1597
1231 1282
1231 1287
1231 1295
1231 1296
1233 1282
1233 1287
1233 1295
1233 1296
1235 1582
1235 1588
1236 1584
1236 1587
1236 1591
1236 1593
1237 2063
1237 2066
1238 1584
1238 1593
1239 2073
1239 2074
1240 2063
1240 2066
1241 1587
1241 1591
1242 2073
1242 2074
1244 1518
1244 1530
1244 1544
1244 1686
1244 1688
1244 1721
1244 1722
1244 1756
1244 1761
1244 2042
1245 1268
1245 1340
1245 1721
1245 1722
1245 2042
1246 1255
1246 1270
1247 1267
1247 1268
1247 1288
1247 1290
1247 1291
1247 1573
1247 1578
1247 2079
1247 2080
1248 1255
1248 1270
1249 1293
1249 1295
1250 2097
1250 2098
1252 1293
1252 1295
1254 1595
1254 1597
1255 1256
1255 1270
1255 1271
1255 1510
1255 1597
1255 2021
1255 2023
1255 2081
1256 1599
1256 2021
1256 2023
1257 1589
1257 1592
1257 1594
1257 2021
1257 2023
1260 1563
1260 1578
1261 1275
1261 1496
1261 1766
1261 1769
1261 2039
1262 2039
1262 2042
1263 2041
1263 2042
1264 1266
1264 1291
1264 2041
1264 2042
1264 2047
1265 1266
1265 1291
1265 2047
1268 2034
1268 2037
1268 2041
1268 2042
1268 2044
1269 1275
1269 1496
1269 1766
1269 1769
1269 2039
1270 1599
1270 2081
1271 1599
1273 1556
1273 1563
1273 1578
1276 2039
1276 2042
1277 1556
1277 1563
1278 2081
1283 1595
1283 1597
1297 1337
1297 1338
1298 1337
1298 1338
1298 1831
1298 1832
1299 1831
1299 1832
1300 1623
1300 1630
1301 1623
1301 1630
1302 2037
1302 2038
1303 1304
1303 1341
1303 1342
1303 1343
1303 1344
1303 1380
1303 1384
1303 1625
1303 1631
1304 1341
1304 1342
1304 1343
1304 1344
1304 1380
1304 1384
1304 1625
1304 1631
1305 1323
1305 1329
1306 1318
1306 1319
1307 1318
1307 1319
1308 1390
1308 1393
1309 1324
1309 1330
1309 1351
1309 1671
1309 1675
1309 2146
1309 2149
1310 1820
1310 1827
1311 1336
1311 1339
1312 1741
1312 1783
1312 1800
1312 1802
1312 2037
1312 2038
1312 2040
1312 2041
1313 1323
1313 1329
1313 1534
1313 1543
1313 1731
1313 1732
1313 1741
1313 1783
1314 1731
1314 1732
1314 2034
1314 2036
1315 2041
1315 2042
1316 1667
1316 1670
1317 1667
1317 1670
1318 1319
1318 1350
1318 1386
1318 1387
1318 1390
1318 1671
1318 1675
1319 1387
1319 1390
1320 1780
1320 1781
1320 1800
1320 1802
1320 2040
1320 2041
1321 1780
1321 1781
1321 1800
1321 1802
1322 1328
1322 1329
1322 2034
1322 2036
1323 1380
1323 1384
1324 1667
1324 1670
1324 2155
1325 1386
1325 1387
1326 1350
1326 1671
1326 1675
1327 1328
1327 1329
1329 1380
1329 1384
1330 1332
1330 1335
1330 1667
1330 1670
1330 2147
1330 2152
1330 2155
1331 1332
1331 1335
1331 2147
1331 2152
1333 2037
1333 2038
1334 2040
1334 2043
1336 1346
1337 2037
1337 2038
1338 2040
1338 2043
1339 1346
1340 2034
1340 2037
1340 2041
1340 2042
1340 2044
1341 1838
1341 1844
1342 1838
1342 1844
1345 2152
1345 2153
1347 2152
1347 2153
1348 1390
1348 1393
1349 1390
1349 1393
1349 1678
1349 1681
1349 1682
1350 1358
1350 1374
1350 1376
1350 1379
1350 1382
1350 1389
1350 1390
1350 1393
1350 1780
1350 1781
1351 1356
1351 1374
1351 1375
1351 1376
1351 1390
1351 1393
1351 1400
1351 2155
1352 2137
1352 2140
1353 1653
1353 1655
1354 1632
1354 1640
1354 1673
1354 1679
1355 1360
1355 1757
1356 1675
1357 1779
1357 1780
1358 1390
1358 1392
1358 1393
1358 1396
1358 1680
1358 1747
1358 1755
1358 1806
1358 1810
1358 1820
1358 1827
1359 1361
1359 1752
1360 1366
1360 1367
1360 1486
1360 1489
1360 1638
1360 1750
1360 1753
1361 1752
1361 1790
1361 1799
1361 1808
1361 1809
1361 1813
1361 1827
1361 1831
1362 1789
1362 1790
1362 1798
1363 1678
1363 1681
1363 1682
1364 1379
1364 1382
1365 1789
1365 1790
1365 1798
1365 1833
1365 1835
1366 1757
1366 1789
1366 1790
1366 1798
1367 1486
1367 1489
1367 1757
1368 1534
1368 1543
1369 1486
1369 1489
1369 1753
1369 1758
1370 1833
1370 1835
1371 1780
1371 1781
1372 1753
1372 1758
1373 1780
1373 1781
1374 1675
1375 1675
1376 1675
1377 1808
1377 1809
1377 1813
1378 1394
1378 1395
1379 1386
1379 1387
1379 1678
1379 1682
1380 1486
1380 1489
1380 1831
1380 1832
1381 1394
1381 1395
1382 1386
1382 1387
1383 1678
1383 1682
1384 1486
1384 1489
1384 1831
1384 1832
1385 1386
1385 1387
1385 1390
1385 1393
1386 1387
1386 1388
1386 1389
1386 1390
1386 1393
1386 1394
1386 1397
1386 1398
1386 1399
1386 1402
1387 1388
1387 1389
1387 1390
1387 1393
1387 1394
1387 1397
1387 1398
1387 1399
1387 1402
1389 1680
1390 1393
1390 1394
1390 1397
1390 1398
1390 1400
1390 1401
1390 1675
1390 1680
1390 1775
1391 1397
1391 1398
1392 1394
1392 1397
1392 1398
1392 1775
1393 1394
1393 1397
1393 1398
1393 1400
1393 1401
1393 1675
1393 1680
1393 1775
1394 1395
1394 1677
1394 1678
1394 1682
1395 1397
1395 1398
1396 1775
1397 1677
1397 1678
1397 1682
1399 1625
1399 1631
1400 1675
1402 1625
1402 1631
1403 1613
1403 1622
1404 1408
1404 1409
1405 1753
1405 1758
1406 1426
1406 1429
1406 1753
1406 1758
1407 1423
1407 1622
1408 1409
1408 1740
1409 1740
1411 2159
1411 2160
1411 2162
1412 1440
1412 1445
1412 1738
1412 1739
1413 1436
1413 1437
1415 1416
1415 1459
1415 1684
1415 1685
1416 1453
1417 1419
1417 2156
1418 1419
1418 2156
1420 1426
1420 1429
1421 1426
1421 1428
1421 1429
1421 1430
1423 1471
1423 1745
1423 1788
1424 1426
1424 1428
1424 1429
1424 1430
1426 1427
1426 1429
1427 1429
1430 1848
1430 1850
1431 1441
1431 1442
1431 1443
1431 1444
1431 1447
1431 1448
1432 1848
1432 1850
1433 1436
1433 1437
1434 1444
1434 1447
1435 1441
1435 1442
1435 1443
1435 1448
1436 1877
1436 1888
1438 1441
1438 1448
1438 1877
1438 1888
1439 1738
1439 1739
1440 2184
1441 1577
1441 1581
1444 1486
1444 1489
1444 1743
1444 1751
1445 2184
1446 1746
1446 1754
1447 1486
1447 1489
1447 1743
1447 1751
1448 1577
1448 1581
1449 1738
1449 1739
1450 1746
1450 1754
1451 1747
1451 1755
1452 1526
1452 1531
1453 1459
1453 1684
1453 1685
1454 1747
1454 1755
1456 1526
1456 1531
1460 1950
1460 1957
1461 1479
1461 1847
1462 1479
1462 1847
1462 1849
1463 1653
1463 1655
1464 1466
1464 1467
1465 1466
1465 1467
1466 1786
1466 1797
1466 1801
1467 1786
1467 1797
1467 1801
1469 1470
1469 1486
1469 1489
1469 1792
1469 2105
1469 2113
1470 1471
1470 1484
1470 1485
1470 1486
1470 1489
1470 1788
1470 1789
1470 1798
1471 1484
1471 1485
1471 1486
1471 1489
1471 1629
1471 1789
1471 1792
1471 1798
1471 2125
1471 2128
1472 1486
1472 1489
1472 1789
1472 1798
1472 2125
1472 2128
1474 1784
1474 1785
1475 1854
1475 1857
1476 1854
1476 1857
1477 1486
1477 1489
1478 1486
1478 1489
1479 1481
1480 1950
1480 1957
1481 1847
1481 1849
1482 1932
1482 1985
1483 1932
1483 1985
1484 1788
1485 1788
1486 1757
1486 1788
1486 1790
1486 1792
1486 1797
1486 1799
1486 1814
1486 1817
1486 1973
1486 1975
1487 1492
1487 1493
1488 1880
1488 1885
1488 2044
1488 2046
1489 1757
1489 1788
1489 1790
1489 1792
1489 1797
1489 1799
1489 1814
1489 1817
1489 1973
1489 1975
1490 1880
1490 1885
1491 1492
1491 1493
1493 2044
1493 2046
1494 1814
1494 1817
1495 1784
1495 1785
1497 1548
1497 1549
1498 1531
1498 1545
1498 1548
1498 1549
1499 1501
1499 1525
1499 1526
1499 1531
1499 1551
1499 1560
1499 1562
1499 1609
1499 1618
1499 1672
1499 1676
1500 1501
1500 1525
1500 1551
1500 1560
1500 1562
1500 1672
1500 1676
1502 1607
1502 1608
1502 1609
1502 1618
1502 1643
1502 1646
1503 1607
1503 1608
1503 1609
1503 1618
1503 1643
1503 1646
1504 1643
1504 1646
1504 1662
1504 1669
1505 1607
1505 1608
1506 1607
1506 1608
1507 1551
1507 1560
1507 1562
1507 1605
1507 1607
1507 1608
1507 1720
1508 1614
1508 1707
1509 1510
1509 1597
1510 1598
1510 1600
1512 1516
1512 2004
1512 2013
1512 2015
1513 1516
1513 2004
1513 2013
1513 2015
1514 2018
1515 2018
1516 1986
1516 1990
1516 1991
1516 1997
1516 2002
1516 2007
1516 2009
1516 2011
1517 1614
1517 1707
1518 1551
1518 1560
1518 1562
1518 1607
1518 1617
1518 2158
1518 2169
1518 2172
1519 1526
1519 1531
1519 1607
1519 1608
1519 1628
1519 1637
1520 1526
1520 1531
1520 1627
1520 1628
1520 1636
1520 1637
1520 1662
1520 1669
1521 1523
1521 1526
1521 1531
1521 1533
1521 1540
1521 1545
1521 1548
1521 1549
1521 1552
1521 1609
1521 1618
1521 1679
1521 1683
1522 1551
1522 1562
1523 1527
1523 1531
1523 1532
1523 1540
1523 1541
1523 1545
1523 1612
1523 1621
1523 2039
1523 2042
1523 2133
1523 2137
1524 1625
1524 1631
1525 1673
1525 1679
1526 1530
1526 1537
1526 1540
1526 1544
1526 1548
1526 1551
1526 1552
1526 1560
1526 1562
1526 1605
1526 1679
1526 1683
1526 1720
1526 2039
1527 1531
1527 1533
1527 1540
1527 1545
1528 1560
1528 1562
1529 1530
1529 1544
1529 1716
1529 1717
1530 1531
1530 1534
1530 1540
1530 1552
1530 1559
1530 1568
1530 1603
1530 1604
1530 1606
1530 1656
1530 1657
1530 1716
1530 1717
1530 1723
1530 2135
1530 2139
1530 2158
1530 2169
1530 2172
1531 1537
1531 1544
1531 1548
1531 1551
1531 1556
1531 1560
1531 1562
1531 1564
1531 1605
1531 1679
1531 1683
1531 1720
1531 2039
1532 1533
1532 1551
1532 1560
1532 1562
1533 1541
1533 1612
1533 1621
1533 2039
1533 2042
1533 2133
1533 2137
1534 1544
1534 1566
1534 1568
1534 1576
1534 1691
1534 1716
1534 1717
1534 1934
1535 1627
1535 1636
1536 1625
1536 1631
1537 1540
1537 1545
1537 1673
1537 1679
1538 1674
1538 1677
1539 1559
1539 1568
1540 1544
1540 1548
1540 1549
1540 1551
1540 1554
1540 1560
1540 1561
1540 1562
1540 1566
1540 1576
1540 1605
1540 1674
1540 1677
1540 1720
1543 1566
1543 1568
1543 1576
1543 1691
1543 1716
1543 1717
1543 1934
1544 1552
1544 1559
1544 1568
1544 1603
1544 1604
1544 1606
1544 1607
1544 1617
1544 1656
1544 1657
1544 1716
1544 1717
1544 1723
1544 2135
1544 2139
1544 2158
1544 2169
1544 2172
1545 1548
1545 1551
1545 1556
1545 1560
1545 1562
1545 1564
1545 1566
1545 1576
1545 1605
1545 1720
1546 1605
1546 1607
1546 1608
1546 1720
1547 1625
1547 1631
1548 1607
1548 1608
1549 1552
1550 1551
1550 1560
1550 1562
1551 1552
1551 1556
1551 1557
1551 1559
1551 1568
1551 1570
1551 1575
1552 1554
1552 1561
1552 1674
1552 1677
1553 1605
1553 1607
1553 1608
1553 1720
1554 2039
1554 2042
1555 1607
1555 1608
1556 1560
1556 1562
1557 1562
1559 1562
1560 1562
1560 1564
1561 2039
1561 2042
1562 1564
1562 1568
1562 1570
1562 1575
1565 1569
1565 1571
1565 1572
1565 1576
1565 1579
1565 1609
1565 1618
1567 1569
1567 1571
1567 1572
1567 1576
1567 1579
1567 1609
1567 1618
1568 1574
1568 1577
1568 1607
1568 1608
1569 1574
1569 1625
1569 1631
1570 1574
1570 1577
1570 1580
1570 1585
1570 1607
1570 1608
1570 2039
1570 2042
1571 1580
1571 1585
1572 1574
1572 1625
1572 1631
1575 1580
1575 1584
1575 1585
1575 2039
1575 2042
1576 1580
1576 1584
1576 1585
1577 1712
1577 1715
1577 1718
1579 1580
1579 1585
1580 2014
1580 2017
1581 1712
1581 1715
1581 1718
1583 1588
1583 1590
1584 2039
1584 2042
1585 2014
1585 2017
1586 1588
1586 1590
1587 2022
1587 2023
1589 1592
1589 1594
1589 1595
1589 1597
1590 2039
1590 2042
1591 2022
1591 2023
1592 1594
1592 1595
1592 1597
1593 2039
1593 2042
1594 1595
1594 1597
1595 1600
1597 1598
1597 1600
1598 2021
1598 2023
1601 1692
1601 1694
1601 1939
1601 1941
1602 1614
1602 1692
1602 1707
1602 1919
1602 1922
1602 1940
1602 1941
1602 1942
1602 1982
1602 1984
1604 1633
1604 1641
1604 1642
1604 1893
1604 1896
1604 2020
1605 1634
1605 1635
1605 1641
1605 1697
1605 1703
1605 2181
1605 2183
1607 1616
1607 1617
1607 1643
1607 1646
1607 1648
1607 1650
1608 1616
1608 1617
1608 1643
1608 1646
1608 1648
1608 1650
1609 1672
1609 1676
1610 1639
1610 1644
1610 1661
1610 1663
1610 2130
1610 2136
1611 1639
1611 1644
1611 1661
1611 1663
1611 2130
1611 2136
1613 1622
1614 1701
1614 1958
1614 1968
1615 1633
1615 1641
1615 1642
1615 2020
1618 1672
1618 1676
1619 1814
1619 1818
1619 1822
1620 1789
1620 1798
1622 1745
1624 1694
1624 1700
1625 1647
1625 1652
1625 1653
1625 1655
1625 1660
1625 2129
1625 2134
1626 1672
1626 1676
1626 2135
1626 2138
1628 1789
1628 1798
1629 1788
1631 1647
1631 1652
1631 1653
1631 1655
1631 1660
1631 2129
1631 2134
1632 1645
1634 1720
1635 1720
1638 1757
1639 1672
1639 1676
1639 2135
1639 2138
1640 1645
1641 1720
1643 1649
1643 1651
1643 1652
1643 1653
1644 1672
1644 1676
1646 1649
1646 1651
1646 1652
1646 1653
1647 1651
1647 1652
1647 1661
1647 1663
1649 1662
1649 1664
1649 1666
1649 1667
1649 1672
1649 1673
1649 1676
1649 1679
1651 1652
1652 1661
1652 1663
1653 1654
1653 1662
1653 1664
1653 1666
1653 1667
1653 1672
1653 1676
1653 1787
1654 1655
1655 1787
1658 1659
1658 1665
1659 1661
1659 1663
1661 1664
1661 1665
1663 1664
1666 1818
1666 1825
1667 1818
1667 1825
1668 2137
1668 2140
1671 2155
1672 1727
1672 1729
1673 1758
1673 1765
1675 2155
1676 1727
1676 1729
1679 1758
1679 1765
1680 1780
1680 1781
1685 1741
1685 1742
1687 1741
1687 1742
1689 1694
1689 1695
1689 1700
1689 1913
1689 1915
1689 1962
1689 1965
1690 1694
1690 1695
1690 1700
1690 1962
1690 1965
1692 1694
1692 1699
1692 1701
1692 1702
1692 1705
1692 1707
1692 1711
1692 1939
1692 1941
1692 1942
1692 1952
1692 1961
1693 1892
1693 1903
1694 1697
1694 1701
1694 1703
1694 1710
1694 1938
1694 1941
1694 1946
1695 1697
1695 1703
1695 1938
1695 1946
1696 1925
1696 1926
1697 1720
1697 1892
1697 1903
1698 1716
1698 1717
1698 1903
1698 1906
1699 1940
1699 1941
1699 1942
1699 1947
1700 1710
1701 1707
1701 1939
1701 1941
1701 1942
1701 1982
1701 1984
1702 1940
1702 1941
1702 1942
1702 1947
1703 1720
1703 1925
1703 1926
1704 1716
1704 1717
1705 1942
1706 1716
1706 1717
1707 1919
1707 1922
1707 1940
1707 1941
1707 1942
1707 1958
1707 1968
1708 1903
1708 1906
1708 1907
1709 1903
1709 1906
1709 1907
1711 1942
1713 1714
1713 1719
1714 1719
1716 1893
1716 1896
1716 1936
1716 1967
1716 1976
1716 2177
1716 2179
1717 1936
1717 1967
1717 1976
1717 2177
1717 2179
1720 2181
1720 2183
1726 1728
1726 1731
1727 1825
1727 1830
1728 1729
1728 2144
1728 2145
1729 1731
1729 1825
1729 1830
1731 2144
1731 2145
1733 1823
1733 1826
1734 1823
1734 1826
1735 1814
1735 1818
1735 1822
1736 1823
1736 1826
1737 1823
1737 1826
1738 2184
1739 2184
1741 1814
1741 1822
1742 1814
1742 1822
1743 1760
1743 1763
1744 1747
1744 1755
1746 1747
1746 1755
1747 1775
1748 2159
1748 2160
1748 2162
1749 1804
1749 1811
1749 1812
1750 1757
1751 1760
1751 1763
1753 1757
1755 1775
1756 1774
1756 1777
1756 1804
1756 1811
1756 1812
1757 1790
1757 1799
1757 1827
1757 1831
1759 1804
1759 1811
1759 1812
1761 1774
1761 1776
1761 1777
1761 1782
1762 1766
1764 1776
1764 1782
1767 1772
1767 1773
1768 1779
1768 1780
1770 1772
1770 1773
1771 1779
1771 1780
1771 1781
1771 1820
1771 1827
1775 1779
1775 1780
1775 1781
1775 1806
1775 1810
1775 1820
1775 1827
1776 1780
1776 1781
1778 1780
1778 1781
1784 1785
1784 1796
1784 1799
1784 1837
1784 2106
1784 2115
1785 1796
1785 1799
1785 1837
1785 2106
1785 2115
1787 1814
1787 1817
1788 1789
1788 1792
1788 1798
1789 1792
1789 2119
1789 2122
1790 1805
1790 1808
1790 1809
1790 1813
1790 1814
1790 1816
1790 1817
1790 1819
1790 1824
1790 1829
1790 1839
1790 1846
1792 1798
1793 1814
1793 1817
1794 1827
1794 1831
1794 1832
1795 1827
1795 1831
1795 1832
1796 2124
1796 2126
1797 1821
1797 1824
1797 1829
1797 2105
1797 2113
1798 1805
1798 1808
1798 1809
1798 1813
1798 1814
1798 1817
1798 1821
1798 1824
1798 1829
1798 2119
1798 2122
1799 1813
1799 1814
1799 1816
1799 1817
1799 1819
1799 1824
1799 1829
1799 1839
1799 1846
1799 2124
1799 2126
1803 2099
1803 2109
1807 2099
1807 2109
1814 1815
1814 1816
1814 1826
1815 1818
1815 1822
1816 1817
1817 1826
1818 1822
1818 1826
1818 1828
1820 2150
1822 1826
1822 1828
1823 1834
1823 1836
1823 2148
1823 2151
1825 2148
1825 2151
1826 1834
1826 1836
1826 2148
1826 2151
1827 2150
1830 2148
1830 2151
1840 2057
1840 2060
1841 2057
1841 2060
1851 2065
1851 2069
1852 2065
1852 2069
1854 2058
1854 2059
1855 2058
1855 2059
1856 1862
1856 1864
1858 1862
1858 1864
1859 1860
1859 1861
1860 1861
1862 1880
1862 1885
1863 2039
1863 2042
1864 1880
1864 1885
1864 2039
1864 2042
1866 2053
1866 2056
1866 2061
1867 2053
1867 2056
1867 2061
1868 1889
1868 1896
1869 2161
1869 2163
1869 2168
1869 2173
1870 1891
1870 1896
1870 2177
1870 2178
1871 1872
1871 1873
1872 2031
1873 2031
1874 2026
1874 2028
1875 1876
1875 1889
1875 1896
1876 1889
1876 1896
1878 2029
1878 2030
1879 1891
1879 1896
1879 2177
1879 2178
1881 1882
1881 1894
1882 1885
1882 1886
1882 1891
1883 1897
1883 1901
1884 1887
1884 1933
1885 1894
1886 1894
1887 1890
1889 1896
1889 2146
1889 2149
1889 2167
1890 1897
1890 1901
1890 1933
1891 1894
1892 1937
1892 1940
1893 1908
1893 1910
1893 1919
1893 1922
1895 2025
1895 2027
1896 1908
1896 1910
1896 1919
1896 1922
1896 2146
1896 2149
1896 2167
1897 1910
1897 1912
1898 2025
1898 2027
1899 1903
1899 1906
1899 1909
1899 1913
1901 1910
1901 1912
1902 1930
1902 1931
1902 1983
1903 1904
1903 1936
1903 1937
1903 1940
1904 1906
1904 1909
1904 1913
1904 1930
1904 1931
1904 1983
1906 1936
1911 1919
1911 1922
1913 1919
1913 1922
1914 2126
1914 2127
1916 2126
1916 2127
1917 2165
1917 2166
1918 1969
1918 1972
1919 1971
1919 1978
1920 2165
1920 2166
1921 1982
1921 1984
1922 1971
1922 1978
1923 1982
1923 1984
1924 1969
1924 1972
1928 1935
1928 1945
1928 1955
1928 1966
1929 1935
1929 1945
1929 1955
1929 1966
1929 2170
1929 2174
1929 2175
1930 2170
1930 2174
1930 2175
1935 1951
1935 1960
1935 1988
1935 1989
1939 1941
1941 1942
1941 1952
1941 1961
1942 1952
1942 1961
1943 1959
1943 1960
1943 1961
1943 1970
1944 1959
1944 1960
1944 1961
1944 1962
1944 1965
1944 1970
1945 1951
1945 1960
1945 1988
1945 1989
1948 1951
1948 1960
1948 1962
1948 1965
1949 1951
1949 1960
1951 1980
1951 1981
1953 1956
1953 1963
1953 1964
1954 1956
1954 1963
1954 1964
1959 1962
1959 1965
1960 1962
1960 1965
1960 1980
1960 1981
1962 1973
1962 1975
1965 1973
1965 1975
1969 1971
1969 1978
1971 1972
1971 1974
1972 1978
1974 1978
1977 1982
1977 1984
1979 1982
1979 1984
1986 2004
1990 2004
1991 1995
1991 1998
1991 2004
1993 2000
1993 2006
1994 2000
1994 2006
1995 1997
1997 1998
1997 2004
1999 2003
1999 2005
1999 2008
1999 2009
2002 2004
2003 2009
2004 2007
2004 2009
2004 2011
2005 2009
2008 2009
2024 2026
2024 2028
2029 2163
2030 2163
2044 2050
2044 2065
2044 2069
2044 2099
2045 2048
2045 2049
2047 2050
2047 2065
2047 2069
2047 2099
2048 2049
2050 2112
2050 2113
2051 2052
2051 2102
2052 2100
2052 2104
2052 2105
2052 2110
2052 2113
2058 2065
2058 2069
2058 2070
2059 2065
2059 2069
2059 2070
2064 2107
2064 2110
2065 2069
2065 2116
2065 2118
2065 2119
2065 2120
2065 2121
2067 2107
2067 2110
2068 2075
2068 2077
2068 2078
2069 2116
2069 2118
2069 2119
2069 2120
2069 2121
2070 2118
2070 2119
2070 2120
2071 2075
2071 2077
2071 2078
2072 2075
2072 2078
2073 2079
2073 2080
2074 2079
2074 2080
2076 2079
2076 2080
2079 2085
2079 2086
2079 2092
2079 2094
2079 2095
2079 2096
2080 2085
2080 2086
2080 2092
2080 2094
2080 2095
2080 2096
2082 2088
2082 2091
2083 2088
2083 2091
2085 2092
2085 2093
2086 2092
2086 2093
2087 2099
2089 2099
2099 2103
2099 2112
2099 2113
2099 2114
2099 2130
2099 2136
2100 2101
2100 2102
2100 2108
2101 2110
2102 2104
2102 2105
2102 2110
2102 2113
2103 2109
2107 2108
2107 2111
2108 2110
2109 2114
2109 2130
2109 2136
2110 2111
2119 2123
2119 2124
2122 2123
2122 2124
2123 2124
2123 2131
2123 2132
2123 2135
2124 2131
2124 2132
2124 2135
2126 2135
2126 2138
2127 2135
2127 2138
2131 2142
2131 2143
2132 2142
2132 2143
2146 2154
2149 2154
2161 2164
2163 2164
2168 2171
2171 2173
2173 2177
2173 2179
2176 2177
2176 2179
