0 16
0 511
0 1369
0 1374
1 140
1 145
1 147
1 236
1 277
1 281
1 283
1 902
1 911
2 49
2 52
2 1132
2 1139
2 1146
2 1151
2 1235
2 1241
3 39
3 43
3 698
3 700
3 892
3 899
4 140
4 145
4 147
4 150
4 151
4 937
4 947
4 1305
4 1306
4 1401
4 1403
4 1451
4 1457
4 1705
5 152
5 157
5 602
5 944
5 986
5 987
5 988
5 989
5 1640
5 2540
5 2541
6 1116
6 1117
7 119
7 126
7 798
7 799
7 800
7 809
7 820
8 548
8 554
9 34
9 36
9 443
9 861
10 122
10 134
10 601
10 602
10 805
10 817
11 127
11 132
11 134
11 142
11 160
11 161
11 165
11 179
11 181
11 182
11 253
11 254
11 264
11 267
11 276
11 280
11 291
11 292
11 334
11 336
11 548
11 549
11 595
11 597
11 601
11 602
11 603
11 784
11 935
11 1157
11 1171
11 1721
11 1722
11 1753
11 1759
11 1760
11 1762
11 1764
11 1768
11 1772
11 1776
11 1798
11 1815
11 1817
11 1822
11 2402
11 2405
11 2409
11 2413
11 2785
11 2788
12 14
12 15
12 32
12 134
12 138
12 142
12 227
12 228
12 1818
12 1819
12 2783
12 2784
13 34
13 36
13 244
13 250
13 257
13 258
13 2597
13 2600
14 31
14 36
14 40
14 391
14 400
15 31
16 101
16 102
16 511
17 2916
17 2919
17 2924
18 140
18 145
18 147
18 2916
18 2919
18 2924
19 140
19 145
19 147
20 71
20 73
20 75
20 76
21 28
21 34
21 35
21 83
21 84
22 28
22 34
22 35
22 83
22 84
23 164
23 179
23 240
23 241
23 291
23 292
23 307
23 611
23 626
23 691
23 692
23 1306
23 1308
23 1616
23 1622
24 1076
24 1077
25 1245
25 1248
26 1245
26 1248
27 1003
27 1004
28 29
28 34
28 35
28 36
28 40
28 122
28 134
28 137
28 144
28 158
28 159
28 164
28 179
28 359
28 391
28 400
28 443
28 541
28 553
28 568
28 572
28 575
28 576
28 585
28 666
28 670
28 672
28 673
28 752
28 756
28 805
28 816
28 817
28 822
28 861
28 1304
28 1307
28 1570
28 1597
28 1617
28 1619
28 1620
28 1716
28 1747
28 1752
28 1815
28 1896
28 1906
28 1966
28 2007
28 2014
28 2037
28 2147
28 2198
28 2199
28 2201
28 2369
28 2370
28 2379
28 2380
28 2785
28 2786
28 2788
28 2949
28 2951
29 34
29 36
29 122
29 127
29 132
29 134
29 158
29 159
29 160
29 161
29 164
29 165
29 179
29 181
29 182
29 185
29 186
29 276
29 280
29 334
29 336
29 541
29 542
29 548
29 549
29 553
29 601
29 602
29 795
29 805
29 817
29 892
29 899
29 1157
29 1171
29 1299
29 1301
29 1476
29 1483
29 1597
29 1619
29 1620
29 1737
29 1744
29 1748
29 1753
29 1759
29 1760
29 1764
29 1768
29 1772
29 1776
29 1817
29 1822
29 1888
29 1961
29 2007
29 2014
29 2291
29 2293
29 2349
29 2350
29 2369
29 2370
29 2372
29 2377
29 2379
29 2380
29 2390
29 2395
29 2409
29 2413
29 2416
29 2419
29 2785
29 2786
29 2788
29 2916
29 2919
29 2924
29 2934
29 2935
29 2955
29 2959
30 127
30 132
30 165
30 179
30 181
30 182
30 253
30 254
30 264
30 267
30 291
30 292
30 334
30 336
30 548
30 549
30 595
30 597
30 603
30 784
30 935
30 1157
30 1171
30 1721
30 1722
30 1737
30 1744
30 1748
30 1753
30 1759
30 1760
30 1762
30 1764
30 1768
30 1798
30 1815
30 1817
30 1822
30 2291
30 2293
30 2349
30 2377
30 2390
30 2395
30 2402
30 2405
30 2409
30 2413
30 2785
30 2788
31 32
31 138
33 548
33 554
34 35
34 36
34 39
34 40
34 43
34 108
34 127
34 132
34 137
34 144
34 158
34 159
34 164
34 179
34 351
34 359
34 391
34 400
34 541
34 550
34 553
34 558
34 568
34 572
34 575
34 576
34 583
34 585
34 666
34 670
34 672
34 673
34 752
34 756
34 789
34 790
34 794
34 795
34 806
34 811
34 816
34 822
34 870
34 876
34 897
34 910
34 1299
34 1301
34 1304
34 1307
34 1516
34 1518
34 1530
34 1535
34 1551
34 1557
34 1570
34 1590
34 1597
34 1600
34 1617
34 1619
34 1620
34 1689
34 1716
34 1735
34 1747
34 1752
34 1815
34 1878
34 1888
34 1896
34 1906
34 1961
34 1966
34 1977
34 2007
34 2012
34 2014
34 2026
34 2027
34 2028
34 2031
34 2034
34 2037
34 2045
34 2123
34 2141
34 2147
34 2240
34 2273
34 2276
34 2295
34 2296
34 2309
34 2312
34 2350
34 2369
34 2370
34 2372
34 2379
34 2380
34 2409
34 2413
34 2416
34 2419
34 2567
34 2579
34 2785
34 2786
34 2933
34 2936
34 2948
34 2949
34 2950
34 2951
34 2955
34 2959
34 2962
34 2963
34 2967
34 2969
35 453
35 456
35 533
35 548
35 549
35 572
35 575
35 576
35 582
35 585
35 789
35 790
35 816
35 822
35 1301
35 1302
35 1597
35 2198
35 2199
35 2201
35 2276
35 2280
35 2786
35 2962
35 2963
36 39
36 43
36 108
36 127
36 132
36 138
36 159
36 185
36 186
36 223
36 240
36 351
36 541
36 542
36 550
36 553
36 558
36 583
36 794
36 795
36 805
36 806
36 811
36 870
36 876
36 892
36 897
36 899
36 903
36 906
36 907
36 910
36 929
36 932
36 1299
36 1301
36 1476
36 1483
36 1516
36 1518
36 1530
36 1535
36 1551
36 1557
36 1590
36 1597
36 1600
36 1617
36 1689
36 1716
36 1735
36 1888
36 1961
36 1977
36 2012
36 2026
36 2027
36 2028
36 2031
36 2034
36 2045
36 2123
36 2141
36 2147
36 2273
36 2276
36 2295
36 2296
36 2309
36 2312
36 2350
36 2370
36 2372
36 2380
36 2409
36 2413
36 2416
36 2419
36 2567
36 2579
36 2785
36 2786
36 2916
36 2919
36 2924
36 2933
36 2934
36 2935
36 2936
36 2948
36 2949
36 2950
36 2951
36 2967
36 2969
37 562
37 575
38 42
38 49
38 52
38 427
38 428
38 561
38 571
38 572
38 575
38 584
38 586
38 1173
38 1194
38 2187
38 2189
38 2191
39 63
39 66
39 67
39 294
39 309
39 311
39 453
39 456
39 522
39 523
39 533
39 548
39 549
39 552
39 568
39 572
39 575
39 576
39 582
39 816
39 822
39 1301
39 1302
39 1878
39 1888
39 2151
39 2164
39 2198
39 2201
39 2240
39 2247
39 2252
39 2276
39 2280
39 2286
39 2290
39 2350
39 2584
39 2594
39 2665
39 2668
39 2777
39 2779
39 2952
39 2957
40 138
40 223
40 240
40 903
40 906
40 907
40 929
40 932
41 562
41 575
42 49
42 52
42 427
42 428
42 561
42 571
42 572
42 575
42 584
42 586
42 1173
42 1194
42 2187
42 2189
42 2191
42 2669
42 2677
43 63
43 66
43 67
43 294
43 309
43 311
43 522
43 523
43 552
43 568
43 576
43 1069
43 1070
43 1073
43 1113
43 1153
43 1158
43 1163
43 1164
43 1171
43 1178
43 1228
43 1589
43 1600
43 2129
43 2134
43 2151
43 2164
43 2247
43 2252
43 2279
43 2286
43 2290
43 2305
43 2584
43 2594
43 2665
43 2668
43 2684
43 2685
43 2738
43 2741
43 2757
43 2777
43 2779
43 2952
43 2957
44 265
44 269
45 47
45 50
45 57
45 69
45 70
45 429
45 518
45 519
45 1109
45 1195
45 1246
45 1249
45 1264
45 1268
45 1554
45 1555
45 2198
45 2201
45 2669
45 2677
45 2731
45 2735
45 2744
45 2745
46 265
46 269
47 50
47 122
47 129
47 134
47 136
47 586
47 590
48 121
48 128
48 1310
48 1427
48 1429
49 521
50 57
50 69
50 70
50 429
50 518
50 519
50 1109
50 1195
50 1211
50 1215
50 1246
50 1249
50 1267
50 1269
50 1554
50 1555
50 2198
50 2201
50 2731
50 2735
50 2744
50 2745
50 2747
50 2751
50 2763
50 2764
51 2785
51 2788
52 521
52 1264
52 1268
53 1117
53 1226
53 1230
54 122
54 134
54 848
54 851
54 1152
54 1161
54 1296
54 1300
55 291
55 292
55 681
55 863
55 873
56 1310
56 1427
56 1429
57 129
57 136
57 586
57 590
57 1152
57 1161
57 1296
57 1300
58 848
58 851
59 1246
59 1249
60 1246
60 1249
61 121
61 128
61 1310
61 1427
61 1429
62 291
62 292
62 572
62 575
62 681
62 863
62 873
62 1247
62 1250
63 572
63 575
63 1117
63 1226
63 1230
63 1247
63 1250
64 516
64 517
65 212
65 214
65 286
65 287
65 516
65 517
65 562
65 575
65 581
65 587
68 212
68 214
68 286
68 287
68 562
68 575
69 581
69 587
69 1116
69 1117
69 1238
69 1244
70 1116
70 1117
71 139
71 144
71 212
71 214
71 1109
71 1195
71 1238
71 1244
71 1270
71 1274
71 1276
72 1271
72 1272
73 139
73 144
73 1270
73 1274
73 1275
73 1276
74 1271
74 1272
75 1109
75 1195
75 1270
75 1274
75 1276
76 1073
76 1076
76 1237
76 1245
76 1270
76 1274
76 1275
77 1073
77 1076
77 1237
77 1245
78 92
78 94
78 101
78 104
78 173
78 180
78 184
78 191
78 192
78 193
78 194
78 195
78 198
78 200
78 205
78 208
78 210
78 212
78 565
79 92
79 94
79 101
79 104
79 173
79 191
79 193
79 198
79 200
79 205
79 208
79 210
79 565
80 103
80 107
81 216
81 219
82 140
82 145
82 147
83 125
83 133
83 140
83 150
83 151
83 236
83 277
83 281
83 283
83 902
83 911
83 1422
83 1423
83 1425
83 1426
83 1428
83 1702
83 2889
83 2897
84 125
84 133
84 140
84 150
84 151
84 1422
84 1423
84 1425
84 1426
84 1428
84 1702
84 2889
84 2897
85 1635
85 1730
86 1422
86 1425
87 1422
87 1425
88 123
88 131
89 90
89 91
89 140
89 145
89 146
89 962
89 965
89 1335
89 1340
89 1341
89 1346
89 1347
89 1359
89 1360
89 1702
89 1705
89 2817
89 2820
89 2821
89 2822
90 91
90 148
90 151
90 152
90 153
90 472
90 474
90 595
90 597
90 603
90 941
90 942
90 1330
90 1335
90 1336
90 1340
90 1341
90 1347
90 1360
90 1376
90 1380
90 1381
90 1640
90 2517
90 2538
90 2539
90 2802
90 2817
90 2821
91 148
91 151
91 152
91 153
91 472
91 474
91 595
91 597
91 603
91 941
91 942
91 1330
91 1336
91 1376
91 1381
91 1640
91 2517
91 2538
91 2539
91 2802
92 219
92 220
93 157
93 175
93 216
93 219
93 602
94 103
94 109
94 216
94 217
94 1306
94 1308
94 1420
94 1422
95 1306
95 1308
95 1420
95 1422
96 161
96 162
97 106
97 112
97 157
97 175
97 192
97 194
98 161
98 162
99 106
99 112
99 157
99 175
100 157
100 175
100 602
101 103
101 109
101 125
101 128
101 129
101 133
101 140
101 145
101 146
101 199
101 202
101 216
101 217
101 511
101 1331
101 1336
101 1409
101 1413
101 1418
101 1422
101 1425
101 1702
101 1705
102 129
102 133
102 511
102 1409
102 1413
102 1418
102 1422
102 1425
103 192
103 194
103 201
103 207
103 219
103 2460
103 2467
104 201
104 207
104 219
104 220
105 125
105 128
105 140
105 145
105 1331
105 1336
105 1702
106 125
106 128
106 129
106 133
106 145
106 146
106 199
106 202
106 1705
107 219
109 2460
109 2467
110 134
110 142
110 189
110 190
111 221
111 222
113 221
113 222
114 134
114 142
114 161
114 162
114 189
114 190
114 195
114 196
114 197
114 200
114 205
114 206
114 211
115 122
115 134
115 198
115 205
115 1305
115 1306
116 134
116 142
116 161
116 162
116 195
116 196
116 197
116 200
116 205
116 206
116 211
117 122
117 134
117 198
117 205
117 213
117 215
117 247
117 248
117 263
117 268
117 870
117 873
117 1305
117 1306
117 1678
117 1685
118 164
118 179
118 1305
118 1306
119 424
119 941
119 942
120 1409
120 1413
121 134
121 142
122 134
122 160
122 161
122 263
122 268
122 870
122 873
122 1633
122 1643
122 1652
122 1685
122 1692
122 1796
122 1860
122 1862
122 1867
122 1868
122 1872
122 1873
122 2087
122 2088
123 1409
123 1413
124 134
124 142
124 164
124 179
124 1305
124 1306
125 157
125 175
126 424
126 941
126 942
127 132
127 134
127 227
127 228
127 244
127 250
127 257
127 258
127 265
127 269
127 786
127 853
127 931
127 934
127 1666
127 1680
127 1791
127 1792
127 1818
127 1819
127 1825
127 1826
127 1832
127 1932
127 1936
127 2469
127 2472
127 2597
127 2600
127 2783
127 2784
128 134
128 142
128 157
128 175
129 1404
129 1412
129 1413
129 1418
130 489
130 492
130 939
130 940
131 133
131 140
131 148
131 149
131 1413
132 134
132 139
132 144
132 147
132 168
132 169
132 210
132 212
132 213
132 214
132 215
132 216
132 228
132 244
132 245
132 246
132 247
132 248
132 249
132 250
132 263
132 264
132 265
132 267
132 268
132 269
132 270
132 271
132 273
132 275
132 316
132 320
132 328
132 329
132 786
132 853
132 931
132 934
132 1666
132 1678
132 1680
132 1685
132 1791
132 1792
132 1803
132 1818
132 1819
132 1823
132 1825
132 1826
132 1829
132 1831
132 1832
132 1932
132 1936
132 2469
132 2472
133 135
133 874
133 876
133 1413
133 1418
134 137
134 138
134 139
134 142
134 147
134 160
134 161
134 219
134 220
134 228
134 232
134 233
134 249
134 271
134 273
134 357
134 381
134 931
134 934
134 1306
134 1308
134 1512
134 1515
134 1524
134 1525
134 1526
134 1633
134 1643
134 1652
134 1685
134 1692
134 1796
134 1804
134 1805
134 1823
134 1825
134 1826
134 1832
134 1836
134 1860
134 1862
134 1865
134 1866
134 1867
134 1868
134 1872
134 1873
134 2087
134 2088
134 2443
134 2456
134 2460
134 2466
134 2488
134 2491
134 2493
134 2495
134 2502
134 2504
135 140
135 148
135 149
135 489
135 492
135 939
135 940
136 1404
136 1412
136 1418
136 1423
137 138
137 139
137 144
137 159
137 170
137 219
137 220
137 284
137 357
137 381
137 583
137 627
137 628
137 637
137 871
137 877
137 1306
137 1308
137 1512
137 1515
137 1985
137 2052
137 2053
137 2221
137 2339
137 2341
137 2456
137 2460
137 2466
137 2467
137 2478
137 2481
137 2487
137 2488
137 2787
137 2789
138 139
138 142
138 144
138 147
138 214
138 216
138 245
138 246
138 263
138 264
138 265
138 267
138 271
138 273
138 316
138 320
138 328
138 329
138 387
138 388
138 391
138 400
138 931
138 934
138 1306
138 1308
138 1524
138 1525
138 1526
138 1803
138 1804
138 1805
138 1823
138 1825
138 1826
138 1829
138 1831
138 1832
138 1836
138 1865
138 1866
138 2456
138 2466
138 2488
138 2491
138 2493
138 2495
139 140
139 142
139 144
139 145
139 147
139 150
139 238
139 431
139 473
139 475
139 498
139 877
139 881
139 1306
139 1308
139 1320
139 1432
139 1441
139 1442
139 1473
139 1500
139 1503
139 1505
139 1508
139 1584
139 1636
139 1645
139 1702
139 1814
139 2444
139 2454
139 2456
139 2457
139 2466
139 2469
139 2470
139 2473
139 2476
139 2477
139 2479
139 2481
139 2487
139 2815
139 2816
139 2905
139 2910
139 2913
139 2914
140 145
140 146
140 147
140 150
140 152
140 391
140 400
140 431
140 598
140 604
140 785
140 858
140 874
140 876
140 877
140 881
140 934
140 936
140 1311
140 1312
140 1320
140 1390
140 1393
140 1409
140 1413
140 1422
140 1423
140 1424
140 1427
140 1432
140 1436
140 1441
140 1442
140 1487
140 1490
140 1501
140 1503
140 1505
140 1506
140 1508
140 1584
140 1636
140 1640
140 1701
140 1702
140 1703
140 1705
140 1813
140 1867
140 1868
140 2057
140 2284
140 2287
140 2426
140 2450
140 2468
140 2472
140 2476
140 2479
140 2487
140 2840
140 2843
140 2864
140 2865
140 2867
140 2882
140 2913
140 2914
140 2918
140 2919
141 1418
141 1423
142 147
142 170
142 232
142 233
142 284
142 387
142 388
142 627
142 628
142 637
142 931
142 934
142 1804
142 1836
142 1867
142 1868
142 2052
142 2053
142 2221
142 2339
142 2443
142 2456
142 2460
142 2466
142 2502
142 2504
143 148
143 151
144 159
144 583
144 871
144 877
144 1985
144 2341
144 2444
144 2454
144 2460
144 2467
144 2470
144 2477
144 2478
144 2488
144 2787
144 2789
144 2815
144 2816
144 2905
144 2910
145 146
145 147
145 148
145 149
145 152
145 153
145 217
145 218
145 280
145 284
145 285
145 391
145 400
145 431
145 785
145 858
145 871
145 877
145 882
145 888
145 934
145 936
145 937
145 938
145 1311
145 1312
145 1320
145 1390
145 1391
145 1393
145 1395
145 1396
145 1397
145 1409
145 1413
145 1424
145 1427
145 1432
145 1436
145 1487
145 1490
145 1491
145 1584
145 1636
145 1640
145 1702
145 1705
145 1727
145 1764
145 1768
145 1813
145 1867
145 1868
145 1871
145 2052
145 2057
145 2284
145 2287
145 2426
145 2431
145 2432
145 2440
145 2448
145 2449
145 2468
145 2472
145 2476
145 2479
145 2487
145 2840
145 2843
145 2864
145 2865
145 2882
145 2891
145 2892
145 2913
145 2914
145 2916
145 2918
145 2919
145 2923
146 148
146 149
146 151
146 152
146 153
146 280
146 284
146 285
146 434
146 446
146 488
146 490
146 491
146 498
146 866
146 872
146 877
146 881
146 1311
146 1315
146 1327
146 1328
146 1332
146 1333
146 1337
146 1346
146 1359
146 1391
146 1395
146 1396
146 1397
146 1409
146 1413
146 1417
146 1420
146 1434
146 1435
146 1436
146 1584
146 1636
146 1702
146 1705
146 2099
146 2101
146 2440
146 2448
146 2792
146 2826
146 2827
146 2828
146 2830
146 2857
146 2858
146 2860
146 2861
146 2862
146 2863
146 2864
146 2916
146 2919
147 238
147 431
147 473
147 475
147 498
147 858
147 936
147 1312
147 1320
147 1424
147 1432
147 1473
147 1487
147 1491
147 1500
147 1503
147 1505
147 1645
147 1702
147 1705
147 1727
147 1764
147 1768
147 1814
147 1867
147 1868
147 1871
147 2052
147 2057
147 2431
147 2432
147 2449
147 2457
147 2469
147 2473
147 2476
147 2479
147 2913
147 2914
148 149
148 151
148 152
148 434
148 446
148 490
148 491
148 494
148 498
148 1315
148 1321
148 1338
148 1346
148 1356
148 1371
148 1404
148 1407
148 1411
148 1412
148 1417
148 1420
148 1431
148 1434
148 1435
148 1705
148 2827
148 2830
148 2831
148 2835
148 2857
148 2858
148 2860
148 2861
148 2863
148 2864
149 151
149 152
149 153
149 968
149 969
149 1386
149 1389
149 1404
149 1407
149 1412
149 1640
149 1705
149 2815
149 2816
149 2833
149 2836
150 280
150 284
150 285
150 431
150 871
150 877
150 882
150 888
150 937
150 938
150 1391
150 1395
150 1396
150 1397
150 1584
150 1636
150 1685
150 1692
150 1702
150 2054
150 2055
150 2891
150 2892
150 2913
150 2914
151 431
151 434
151 446
151 490
151 491
151 494
151 498
151 877
151 881
151 962
151 965
151 968
151 969
151 1315
151 1321
151 1327
151 1328
151 1332
151 1333
151 1337
151 1338
151 1346
151 1356
151 1359
151 1365
151 1371
151 1372
151 1394
151 1398
151 1407
151 1409
151 1411
151 1412
151 1413
151 1417
151 1420
151 1431
151 1434
151 1435
151 1488
151 1491
151 1586
151 1592
151 1606
151 1607
151 1685
151 1692
151 2054
151 2055
151 2099
151 2101
151 2110
151 2112
151 2522
151 2792
151 2826
151 2827
151 2828
151 2830
151 2831
151 2835
151 2862
152 153
152 154
152 962
152 965
152 968
152 969
152 1346
152 1347
152 1359
152 1360
152 1380
152 1381
152 1386
152 1389
152 1702
152 1705
152 2529
152 2530
152 2817
152 2820
152 2821
152 2822
153 962
153 965
153 968
153 969
153 983
153 984
153 1315
153 1321
153 1356
153 1365
153 1371
153 1372
153 1394
153 1398
153 1431
153 1435
153 1488
153 1491
153 1586
153 1592
153 1606
153 1607
153 1640
153 1705
153 2110
153 2112
153 2522
153 2815
153 2816
153 2833
153 2836
154 983
154 984
154 1640
155 1344
155 1353
156 594
156 596
156 600
156 1395
156 1396
157 596
157 599
157 600
157 605
157 1395
157 1396
157 2520
159 816
159 822
160 161
160 162
160 186
160 188
160 198
160 204
160 206
160 211
161 162
161 186
161 188
161 198
161 204
161 206
161 211
161 288
161 499
162 288
162 499
163 1729
163 1730
164 166
164 182
164 1307
166 179
167 191
167 193
167 499
167 534
168 191
168 193
168 200
168 205
168 1689
169 200
169 205
169 1689
170 870
170 873
170 1522
170 1523
171 1344
171 1353
172 594
172 596
172 598
172 600
172 604
172 1395
172 1396
174 210
174 212
175 596
175 598
175 599
175 600
175 604
175 605
175 1395
175 1396
176 1729
176 1730
177 210
177 212
178 185
178 186
179 182
179 1307
180 201
181 185
181 186
183 1503
183 1505
184 201
187 1503
187 1505
192 195
192 200
192 201
193 200
193 205
194 201
195 200
195 201
196 200
196 205
197 499
197 534
200 203
200 208
200 209
200 210
200 212
200 259
200 264
201 210
201 212
203 205
205 208
205 209
205 210
205 212
205 259
205 264
206 221
206 222
208 259
208 264
209 213
209 215
210 259
210 264
210 1689
211 213
211 215
211 221
211 222
212 1689
213 1689
214 2913
214 2914
215 1689
216 220
216 2913
216 2914
217 1705
218 1705
219 220
221 1459
221 1467
222 1459
222 1467
224 242
224 243
225 242
225 243
225 915
225 919
226 915
226 919
226 1303
226 1306
227 844
227 849
228 844
228 849
229 899
229 902
230 899
230 902
231 284
231 285
232 284
232 285
234 1478
234 1484
235 1478
235 1484
236 912
236 913
236 1496
236 1497
236 1503
236 1504
236 1505
236 1506
237 1497
237 1504
238 1492
238 1499
238 1505
238 1508
239 278
239 282
239 1311
239 1436
239 1505
239 1508
240 1307
241 1307
242 332
242 333
242 1303
242 1306
243 332
243 333
246 248
246 252
246 1791
246 1792
247 1689
247 1791
247 1792
248 251
248 1689
250 1305
250 1306
251 252
255 1305
255 1306
256 258
256 259
256 270
256 275
256 1406
256 1410
257 258
257 259
257 270
257 275
257 1406
257 1410
258 1306
258 1308
259 453
259 456
260 1725
260 1726
261 628
261 637
261 1306
261 1308
262 276
262 280
263 265
263 269
263 286
263 287
263 786
263 839
263 841
263 927
263 1689
264 453
264 456
264 919
264 922
264 924
264 1855
264 1857
265 268
265 919
265 922
265 924
265 1689
265 1855
265 1857
266 276
266 280
266 628
266 637
267 286
267 287
267 786
267 927
267 1725
267 1726
268 269
268 839
268 841
268 1689
269 1689
269 1727
269 1871
270 1689
272 276
272 280
272 1727
272 1871
274 1522
274 1523
275 1522
275 1523
275 1689
276 280
276 881
276 886
276 1305
276 1306
276 1525
276 1526
277 1507
277 1513
278 1473
279 1525
279 1526
280 441
280 862
280 881
280 886
280 932
280 935
280 1305
280 1306
280 1525
280 1526
281 1507
281 1513
282 1473
283 912
283 913
283 1496
283 1503
283 1505
283 1506
284 870
284 873
284 932
284 935
284 1522
284 1523
285 441
285 862
285 932
285 935
289 317
289 319
290 317
290 319
291 301
291 309
291 805
291 810
291 1307
292 1307
293 702
293 703
294 702
294 703
294 2193
294 2197
295 681
295 687
295 2193
295 2197
296 337
296 338
296 787
296 850
297 638
297 643
297 775
298 638
298 643
298 775
299 301
299 302
299 309
299 367
300 301
300 302
301 681
301 687
302 892
302 899
303 324
303 327
304 324
304 327
305 696
305 699
306 696
306 699
307 1307
308 681
308 687
308 2193
308 2197
309 681
309 687
309 698
309 700
309 834
310 321
310 322
310 1517
310 1519
311 557
311 574
311 692
311 695
312 321
312 322
312 1517
312 1519
313 325
313 326
313 613
313 628
313 757
313 758
313 788
313 839
313 841
313 850
314 323
314 326
315 323
315 326
316 836
316 841
316 910
316 915
316 1027
316 1035
317 321
317 322
317 325
317 326
317 613
317 628
317 757
317 758
317 788
317 839
317 841
317 850
318 757
318 758
318 788
318 836
318 841
318 850
318 910
318 915
318 1027
318 1035
319 321
319 322
319 325
319 326
320 1027
320 1035
327 613
327 628
330 337
330 338
330 613
330 628
331 753
331 769
331 787
331 788
331 842
331 845
331 849
331 852
332 336
332 337
332 844
332 849
333 336
333 337
333 338
333 844
333 849
335 753
335 769
335 787
335 788
335 842
335 845
335 849
335 852
336 1764
336 1768
337 787
337 846
337 848
337 851
337 853
337 1764
337 1768
338 787
338 846
338 848
338 851
338 853
339 620
339 632
340 341
340 364
341 783
342 347
342 349
342 365
342 366
342 738
343 347
343 349
343 365
343 366
343 738
344 757
344 758
345 356
345 382
345 438
345 757
345 758
345 818
345 825
345 830
345 859
346 438
346 818
346 825
346 830
346 859
348 752
348 756
349 990
349 1039
350 698
350 700
351 805
351 806
352 809
352 820
353 363
353 423
353 798
353 800
353 801
353 802
354 809
354 820
355 611
355 626
356 366
356 374
356 390
356 391
356 402
356 405
356 610
356 611
356 622
356 623
356 813
356 818
356 827
357 1576
357 1577
357 1578
357 1579
358 1000
358 1001
358 1541
359 557
359 574
359 1156
359 1168
359 1542
359 1556
360 1551
360 1557
361 1545
361 1548
362 1537
362 1538
362 1545
362 1548
363 421
363 422
363 425
363 426
363 792
363 793
363 800
363 809
363 820
364 783
366 382
367 834
367 990
367 1039
368 990
368 1039
369 881
369 886
370 378
370 380
371 881
371 886
372 781
372 782
372 1028
372 1031
373 781
373 782
373 992
373 1021
373 1028
373 1031
374 377
374 379
374 382
374 386
374 394
374 396
374 399
375 378
375 380
376 992
376 1021
377 402
377 405
379 402
379 405
381 1576
381 1577
381 1578
381 1579
382 390
382 391
382 402
382 405
382 610
382 611
382 622
382 623
382 813
382 818
382 827
383 1577
383 1578
384 531
384 532
384 544
384 577
385 544
385 577
386 402
386 805
386 806
388 390
388 391
388 397
388 406
389 390
389 391
389 397
389 406
390 1231
390 1234
391 392
391 393
391 395
391 397
391 403
391 406
391 408
391 414
391 417
391 813
391 819
391 827
391 875
391 885
391 1231
391 1234
391 1705
392 399
393 400
394 402
395 400
395 881
395 886
396 397
396 402
396 406
397 399
397 400
398 881
398 886
399 402
399 403
399 406
399 408
400 406
400 414
400 417
400 813
400 819
400 827
400 875
400 885
400 1705
401 739
401 741
403 465
403 467
404 1000
404 1001
404 1541
406 465
406 467
407 557
407 574
407 1156
407 1168
408 739
408 741
409 863
409 873
410 416
410 419
410 420
410 531
410 532
411 863
411 873
412 418
412 420
413 416
413 419
413 420
415 418
415 420
415 1551
415 1557
416 675
416 676
419 675
419 676
420 1545
420 1548
421 423
422 423
422 809
422 820
423 792
423 793
423 800
423 809
423 820
424 798
424 799
424 800
424 809
424 820
425 1533
426 1533
430 1549
430 1554
431 491
431 494
431 1305
431 1306
431 1451
431 1457
431 2510
431 2522
432 446
432 448
432 493
432 498
433 954
433 958
434 437
434 859
434 1417
434 1420
435 437
435 859
436 466
436 468
436 1134
436 1143
437 438
437 439
437 440
437 486
437 487
437 859
437 1134
437 1143
438 859
439 485
440 467
440 469
440 474
440 477
440 485
440 489
440 492
442 459
442 460
442 464
442 861
442 862
442 1411
442 1412
444 875
444 880
444 885
445 875
445 885
446 497
446 948
446 952
446 1357
446 1365
447 950
447 954
447 957
447 1357
447 1365
448 497
449 965
449 969
450 476
450 478
450 965
450 969
451 476
451 478
452 480
452 484
453 875
453 880
453 885
453 894
453 895
454 875
454 883
454 885
454 889
454 894
454 895
454 901
455 875
455 885
456 875
456 880
456 883
456 885
456 889
456 901
457 875
457 880
457 885
458 480
458 484
459 460
459 464
459 470
459 862
459 869
460 464
460 470
460 862
461 816
461 822
462 479
462 483
462 489
462 492
463 479
463 483
463 489
463 492
464 862
464 869
465 816
465 822
466 481
467 863
467 867
468 481
469 863
469 867
470 476
470 478
470 1411
470 1412
471 476
471 478
472 867
472 873
473 475
473 867
473 873
474 859
474 863
474 865
474 867
474 873
474 887
474 897
475 867
475 873
477 859
477 863
477 865
477 887
477 897
478 629
478 630
481 1134
481 1143
482 629
482 630
485 486
485 487
488 954
488 958
488 1705
489 863
489 949
489 952
489 965
489 969
490 1417
490 1420
491 497
491 498
491 1705
492 863
492 949
492 952
492 965
492 969
493 497
494 497
494 498
495 858
495 1431
496 950
496 954
496 957
497 498
498 948
498 952
498 2510
498 2522
500 548
500 549
500 1540
500 1543
501 665
501 666
501 673
501 675
501 682
501 688
502 627
502 637
502 665
502 666
502 673
502 675
502 682
502 688
502 1564
502 1566
503 557
503 578
503 582
504 652
504 656
505 540
505 574
506 1031
506 1041
507 520
507 521
507 527
507 537
507 538
507 1100
507 1101
507 1252
507 1253
507 1579
507 1580
508 520
508 521
508 1231
508 1234
508 1236
509 1130
509 1138
510 543
510 555
510 1118
510 1130
510 1138
510 1223
511 604
511 606
511 1369
511 1374
512 604
512 606
513 539
513 551
513 572
513 575
514 539
514 551
514 572
514 575
515 1263
515 1266
516 1253
516 1254
516 1255
516 1265
516 1267
517 1253
517 1254
517 1255
517 1265
517 1267
518 536
518 1238
518 1244
518 1250
520 522
520 523
520 1233
520 1235
520 1241
520 1242
521 1139
521 1146
521 1151
521 1235
521 1241
522 1150
522 1166
522 1185
522 1192
522 1243
523 621
523 622
523 1150
523 1166
523 1185
523 1192
523 1243
524 621
524 622
524 1132
524 1138
525 556
525 559
525 1231
525 1234
525 1236
526 1252
526 1253
527 645
528 539
528 540
528 551
528 574
528 636
528 646
529 539
529 551
530 652
530 656
531 542
531 550
531 553
531 554
531 563
531 813
531 818
531 867
531 873
531 1106
531 1107
531 1564
531 1566
532 542
532 550
532 553
532 554
532 563
532 627
532 637
532 813
532 818
532 1564
532 1566
533 805
533 806
533 873
533 875
533 884
533 885
535 556
535 559
536 1115
536 1116
536 1132
536 1138
536 1231
536 1234
536 1256
537 645
538 645
539 560
539 660
539 662
539 670
540 570
540 646
540 647
542 659
542 665
542 867
542 873
542 1106
542 1107
543 621
543 633
545 660
545 670
546 572
546 578
546 725
546 730
547 557
547 578
547 582
548 705
549 705
549 805
549 806
549 873
549 875
549 884
549 885
551 560
551 660
551 662
552 646
552 647
553 659
553 665
553 748
553 754
553 1895
553 1899
554 813
554 818
555 621
555 633
556 739
556 741
556 1108
556 1109
557 657
557 1214
557 1220
558 813
558 818
559 739
559 741
559 1108
559 1109
560 572
560 578
560 725
560 730
562 1285
562 1289
563 748
563 754
563 796
563 803
563 1285
563 1289
563 1711
563 1895
563 1899
563 2208
564 798
564 800
564 816
564 822
565 816
565 822
566 1104
566 1105
566 1224
566 1253
566 1255
567 1214
567 1220
568 748
568 754
568 1711
568 2208
569 798
569 800
569 813
569 816
569 818
569 822
570 574
570 636
570 646
573 816
573 822
574 657
576 796
576 803
579 588
579 592
580 1104
580 1105
580 1224
580 1253
580 1255
580 1263
580 1266
585 588
585 592
589 1276
589 1277
591 2170
591 2179
591 2182
593 1276
593 1277
594 1422
594 1425
594 1661
594 1680
594 2170
594 2179
594 2182
595 598
595 604
596 1422
596 1425
596 1661
596 1680
598 603
598 1702
602 2520
603 604
604 1702
607 725
607 726
607 757
607 758
607 760
607 1072
607 1078
607 1120
607 1130
608 611
608 625
608 626
608 651
608 656
608 658
608 662
608 664
608 672
608 715
608 716
608 735
608 737
609 742
609 744
609 746
609 747
609 751
609 753
609 757
609 758
610 744
610 747
610 751
610 753
610 757
610 758
610 1559
610 1560
611 623
611 736
611 749
611 753
611 755
611 1155
611 1307
611 1559
611 1560
611 1581
612 684
612 689
613 659
613 661
613 723
613 731
614 723
614 731
615 638
615 643
615 671
615 677
615 775
615 1522
615 1523
616 638
616 643
616 667
616 668
616 671
616 677
616 698
616 700
616 775
616 1522
616 1523
617 667
617 668
617 694
617 697
617 698
617 700
617 702
617 703
618 619
618 783
619 702
619 703
619 783
620 640
620 694
620 697
620 702
620 703
621 1120
621 1130
622 652
622 656
622 1120
622 1130
623 625
623 626
623 652
623 656
624 651
624 656
624 658
624 662
624 715
624 716
624 735
624 737
624 747
624 753
624 1011
624 1012
624 1120
624 1130
625 742
625 744
625 746
625 747
625 751
625 753
625 1011
625 1012
625 1058
625 1064
625 1120
625 1130
626 736
626 749
626 753
626 755
626 1155
626 1307
626 1581
627 684
627 689
627 769
627 772
628 659
628 661
629 671
629 677
631 702
631 703
632 640
633 1118
633 1120
633 1130
633 1223
634 734
634 741
635 1058
635 1064
636 675
636 676
636 682
636 683
637 682
637 683
637 769
637 772
639 691
639 694
639 697
639 702
639 703
640 674
640 678
640 680
640 681
641 691
641 694
641 697
641 702
641 703
642 674
642 678
642 680
642 681
643 771
643 773
643 1016
643 1017
644 683
644 688
645 734
645 741
645 1100
645 1101
645 1579
645 1580
646 673
646 676
646 683
646 688
647 673
647 675
647 676
648 690
648 704
649 1016
649 1017
650 683
650 688
652 1185
652 1192
653 683
653 688
653 690
653 704
654 685
654 689
654 691
655 685
655 689
655 691
656 1185
656 1192
656 1561
656 1565
657 692
657 695
660 1561
660 1565
663 685
663 686
663 692
664 745
669 685
669 689
669 692
669 695
669 698
670 1031
670 1041
671 676
671 678
671 680
671 682
672 745
674 685
674 686
674 689
674 691
674 692
674 695
674 698
675 690
675 691
675 694
675 697
675 701
675 702
675 704
676 677
676 690
676 691
676 694
676 695
676 697
676 698
676 701
676 702
676 704
677 678
677 680
677 682
678 684
678 685
678 689
678 691
678 695
678 698
679 695
679 698
680 684
680 685
680 689
680 691
681 805
681 810
687 805
687 810
691 1307
692 1307
693 910
693 915
696 910
696 915
698 804
698 1773
698 1777
700 804
703 1773
703 1777
705 1540
705 1543
706 1132
706 1146
707 1124
707 1224
707 1225
708 1031
708 1041
708 1132
708 1138
708 1159
708 1168
708 1179
708 1180
708 1187
708 1191
708 1196
708 1200
709 1031
709 1041
709 1132
709 1138
709 1159
709 1168
709 1179
709 1180
709 1187
709 1191
709 1196
709 1200
710 734
710 740
711 734
711 740
712 727
712 732
712 734
712 735
712 737
712 740
713 714
713 723
713 727
713 732
714 723
714 731
715 761
715 765
716 717
716 761
716 765
716 1115
716 1116
716 1126
716 1135
717 1047
717 1059
717 1126
717 1135
717 1147
717 1169
717 1172
717 1173
718 779
718 780
718 892
718 899
719 781
719 782
720 991
720 992
720 1022
720 1028
720 1029
721 1224
721 1225
722 734
722 740
723 727
723 731
723 732
724 725
724 726
724 757
724 758
724 760
724 1072
724 1078
724 1120
724 1130
725 1010
725 1011
725 1031
725 1041
726 727
726 732
727 773
727 777
727 1136
727 1145
727 1172
727 1173
728 766
728 772
728 892
728 899
729 1120
729 1130
730 1010
730 1011
730 1031
730 1041
732 773
732 777
732 1136
732 1145
732 1172
732 1173
733 1028
733 1029
734 1120
734 1130
734 1136
735 1120
735 1121
735 1130
735 1136
735 1138
736 766
736 772
736 779
736 780
737 1120
737 1121
737 1130
737 1136
737 1138
738 752
738 756
738 990
738 991
738 992
738 1022
738 1039
739 1172
739 1184
739 1539
739 1542
740 1120
740 1130
740 1136
741 1120
741 1130
741 1172
741 1184
741 1539
741 1542
743 757
743 760
749 757
749 760
749 779
749 780
749 1068
749 1075
749 1561
749 1565
750 757
750 760
750 779
750 780
750 1068
750 1075
752 771
752 773
752 779
752 780
752 1021
752 1022
752 1026
752 1582
752 1583
754 757
754 758
755 1561
755 1565
756 771
756 773
756 779
756 780
756 1021
756 1022
756 1026
756 1582
756 1583
757 759
757 773
757 777
757 1155
758 759
760 773
760 777
760 1155
762 779
762 780
763 781
763 782
763 1042
763 1062
764 781
764 782
764 1042
764 1062
766 1144
767 779
767 780
768 781
768 782
770 779
770 780
771 775
772 1144
773 775
773 779
773 780
774 1084
774 1091
776 1084
776 1091
777 779
777 780
778 1084
778 1091
779 780
779 1119
779 1144
780 1119
780 1144
781 1119
782 1119
784 785
784 934
785 935
786 844
786 849
787 846
790 809
790 815
790 820
790 821
790 887
790 897
790 910
791 808
791 809
791 815
791 820
791 824
792 808
792 809
792 815
792 820
792 824
792 875
792 880
792 885
793 875
793 880
793 885
797 814
797 823
798 800
798 809
798 814
798 820
798 823
799 801
799 802
800 801
800 802
802 824
802 826
805 813
805 827
805 887
805 897
806 812
806 816
807 824
807 826
809 875
809 885
809 887
809 893
809 897
809 900
809 908
811 812
811 816
813 817
813 828
813 833
813 839
813 841
813 875
813 880
813 885
815 893
816 871
816 877
816 897
816 910
817 827
817 887
817 897
818 825
820 875
820 885
820 887
820 893
820 897
820 900
820 908
821 893
822 871
822 877
822 897
822 910
824 875
824 885
826 875
826 885
827 828
827 833
827 839
827 841
827 875
827 880
827 885
829 833
829 837
829 839
829 900
829 908
831 838
831 843
832 833
832 837
832 839
832 900
832 908
835 838
835 843
836 887
836 897
836 909
836 910
836 915
836 919
838 887
838 897
840 910
840 915
841 887
841 897
841 909
841 910
841 915
841 919
842 910
842 915
843 887
843 897
844 853
846 850
847 915
847 919
849 853
850 915
850 919
854 1321
854 1431
855 1503
855 1505
856 857
856 879
856 892
856 899
857 1502
858 860
858 904
858 912
858 937
858 947
858 1401
858 1403
858 1705
860 1431
861 862
862 868
862 890
864 875
864 885
866 1705
868 869
869 890
870 906
870 907
870 917
870 920
870 930
870 933
871 881
871 886
872 1311
872 1440
872 1705
873 906
873 907
874 1119
874 1125
874 1516
874 1518
875 885
875 887
875 889
875 897
876 917
876 920
876 930
876 933
876 949
876 952
876 1119
876 1125
877 881
877 886
878 1311
878 1440
879 1502
880 887
880 897
881 1119
881 1125
881 1516
881 1518
885 887
885 889
885 897
886 1119
886 1125
887 897
887 901
891 949
891 952
891 1492
891 1499
892 914
892 918
892 926
892 928
892 1016
892 1017
892 1502
892 1516
892 1518
896 930
896 933
896 1492
896 1499
897 900
897 901
897 908
898 932
898 935
899 914
899 918
899 926
899 928
899 930
899 933
899 1016
899 1017
899 1040
899 1047
899 1059
899 1502
899 1507
899 1509
899 1516
899 1518
900 910
902 1040
902 1047
902 1059
902 1507
902 1509
903 932
903 935
904 1431
904 1516
904 1518
905 1516
905 1518
906 921
906 926
907 921
907 926
907 1524
907 1525
908 910
911 1507
911 1513
911 1524
911 1525
912 1431
912 1507
912 1513
916 1311
916 1436
919 1311
919 1436
921 1511
921 1514
923 932
923 935
924 1306
924 1307
925 929
925 932
926 929
926 932
926 935
926 1511
926 1514
927 1306
927 1307
930 1516
930 1518
931 1689
933 1516
933 1518
934 935
934 1689
937 1320
937 1350
937 1354
937 1356
937 1357
937 1370
937 1371
937 1379
937 1384
937 1432
938 1379
938 1384
939 948
939 952
939 975
939 976
939 1320
939 1432
939 1487
939 1491
940 948
940 952
940 975
940 976
940 1310
940 1320
940 1357
940 1365
940 1432
940 1441
940 1487
940 1491
941 949
941 952
941 1330
941 1336
941 1346
941 1347
941 1359
941 1360
941 1361
941 1368
942 949
942 952
942 1330
942 1336
942 1346
942 1347
942 1359
942 1360
942 1361
942 1368
943 945
943 988
943 1346
943 1347
943 1359
944 2520
945 1322
946 988
946 989
947 1320
947 1350
947 1354
947 1356
947 1357
947 1370
947 1371
947 1432
949 961
949 962
949 968
949 969
949 1346
949 1359
950 1319
950 1321
950 1345
950 1431
950 1443
950 1447
951 961
951 962
951 965
952 961
952 962
952 965
952 968
952 969
952 1346
952 1359
953 955
953 959
954 965
954 969
955 956
955 961
955 962
955 965
956 959
957 1319
957 1321
957 1345
957 1431
957 1443
957 1447
958 965
958 969
959 962
959 965
960 966
960 967
960 970
960 977
960 978
961 972
961 975
962 1640
963 966
963 967
963 970
963 976
963 977
963 978
964 975
964 976
964 1288
964 1290
965 972
965 975
965 1640
967 976
967 977
968 1358
968 1365
969 1358
969 1365
971 1487
971 1491
973 975
973 976
973 1288
973 1290
974 975
974 976
975 976
975 2817
975 2821
976 2817
976 2821
977 1848
977 1852
978 1848
978 1852
979 1365
979 1372
980 1334
980 1339
980 1365
980 1372
981 1334
981 1339
982 1330
982 1336
982 1422
982 1425
985 1330
985 1336
985 1422
985 1425
986 2520
987 2520
988 1322
990 992
990 1021
991 992
991 1022
992 1018
992 1022
992 1023
992 1029
992 1034
992 1044
992 1049
992 1053
992 1109
992 1195
992 1582
993 1040
993 1047
993 1059
993 1109
993 1195
993 1575
993 1577
994 1040
994 1047
994 1059
994 1109
994 1195
994 1575
994 1577
995 1554
995 1558
995 1561
995 1565
995 1572
995 1573
996 1025
996 1027
997 1025
997 1027
998 1030
998 1040
999 1001
999 1541
1000 1020
1000 1553
1001 1100
1001 1101
1001 1113
1001 1114
1001 1115
1001 1116
1001 1228
1001 1546
1002 1115
1002 1116
1003 1286
1004 1286
1005 1273
1005 1274
1006 1273
1006 1274
1007 1292
1007 1293
1008 1116
1008 1117
1009 1091
1009 1094
1009 1095
1009 1097
1009 1098
1009 1100
1010 1098
1010 1100
1012 1081
1012 1089
1013 1081
1013 1089
1014 1015
1014 1017
1015 1031
1015 1041
1015 1082
1015 1084
1015 1154
1017 1031
1017 1041
1017 1082
1017 1084
1017 1154
1018 1021
1019 1113
1019 1114
1019 1115
1019 1116
1019 1228
1020 1030
1020 1040
1020 1541
1021 1023
1021 1029
1021 1034
1021 1038
1021 1045
1021 1109
1021 1195
1022 1038
1022 1044
1022 1045
1022 1049
1022 1053
1022 1109
1022 1136
1022 1148
1022 1195
1022 1582
1024 1136
1024 1148
1027 1030
1027 1040
1028 1206
1028 1209
1030 1035
1030 1109
1030 1125
1030 1134
1030 1195
1030 1198
1030 1203
1031 1032
1031 1043
1031 1206
1031 1209
1032 1041
1032 1134
1032 1143
1033 1232
1033 1239
1035 1040
1035 1047
1035 1059
1035 1232
1035 1239
1036 1040
1036 1047
1036 1059
1037 1052
1037 1057
1038 1582
1040 1057
1040 1063
1040 1109
1040 1122
1040 1123
1040 1125
1040 1127
1040 1134
1040 1195
1040 1198
1040 1203
1041 1043
1041 1052
1041 1057
1043 1134
1043 1143
1044 1077
1044 1083
1044 1212
1044 1216
1045 1052
1045 1057
1045 1063
1045 1582
1046 1050
1046 1056
1047 1057
1047 1063
1047 1109
1047 1122
1047 1123
1047 1126
1047 1127
1047 1195
1048 1067
1048 1074
1048 1087
1049 1077
1049 1083
1049 1212
1049 1216
1050 1052
1050 1057
1050 1063
1050 1134
1050 1143
1051 1052
1051 1057
1051 1063
1051 1134
1051 1143
1052 1056
1052 1061
1052 1078
1052 1079
1052 1189
1052 1190
1053 1077
1053 1083
1053 1212
1053 1216
1053 1292
1053 1293
1054 1067
1054 1074
1054 1087
1055 1176
1055 1186
1056 1057
1056 1134
1056 1143
1057 1059
1057 1061
1057 1078
1057 1079
1057 1189
1057 1190
1059 1063
1059 1109
1059 1122
1059 1123
1059 1126
1059 1127
1059 1195
1060 1176
1060 1186
1061 1063
1063 1078
1063 1079
1065 1068
1065 1075
1066 1213
1066 1218
1068 1072
1069 1090
1069 1093
1069 1605
1070 1090
1070 1093
1070 1605
1071 1213
1071 1218
1072 1075
1073 1090
1073 1093
1073 1605
1076 1227
1076 1230
1076 1285
1076 1287
1076 1289
1076 1291
1077 1291
1079 1169
1079 1172
1080 1084
1080 1091
1082 1182
1082 1193
1083 1100
1083 1101
1083 1197
1083 1200
1084 1088
1084 1182
1084 1193
1085 1227
1085 1230
1085 1285
1085 1287
1085 1289
1086 1169
1086 1172
1087 1095
1087 1097
1088 1091
1090 1099
1090 1100
1090 1101
1090 1197
1090 1200
1091 1193
1092 1099
1092 1100
1092 1101
1093 1099
1093 1100
1093 1101
1094 1095
1094 1097
1094 1193
1095 1193
1096 1100
1096 1101
1097 1193
1099 1108
1099 1109
1099 1195
1100 1541
1101 1108
1101 1109
1101 1195
1101 1541
1102 1132
1102 1146
1103 1104
1103 1105
1103 1224
1104 1133
1105 1133
1108 1185
1108 1192
1109 1181
1109 1183
1109 1185
1109 1192
1109 1195
1109 1528
1109 1532
1109 1561
1109 1562
1110 1561
1110 1565
1111 1201
1111 1202
1111 1207
1111 1561
1111 1565
1111 2362
1111 2371
1112 1201
1112 1202
1112 1207
1112 2362
1112 2371
1113 1115
1113 1116
1113 1571
1113 1572
1113 1605
1115 1128
1115 1228
1115 1250
1116 1128
1116 1214
1116 1220
1116 1228
1116 1250
1117 1214
1117 1220
1118 1238
1118 1244
1122 1196
1122 1200
1123 1152
1123 1160
1126 1135
1126 1147
1126 1169
1126 1172
1128 1165
1128 1169
1129 1137
1129 1142
1129 1148
1129 1149
1129 1165
1129 1169
1131 1152
1131 1160
1131 1162
1131 1168
1133 1224
1135 1147
1135 1169
1135 1172
1135 1173
1137 1141
1139 1187
1139 1191
1140 1162
1140 1168
1141 1142
1141 1148
1141 1149
1151 1187
1151 1191
1153 1187
1153 1199
1153 1605
1156 1159
1156 1166
1158 1605
1159 1168
1159 1187
1159 1199
1162 1189
1162 1190
1163 1187
1163 1199
1163 1605
1164 1605
1166 1168
1167 1189
1167 1190
1168 1187
1168 1199
1170 1189
1170 1190
1171 1605
1174 1198
1174 1203
1175 2749
1175 2759
1176 1186
1176 1198
1176 1203
1177 2749
1177 2759
1178 1605
1181 1195
1183 1195
1183 1196
1183 1200
1185 1189
1185 1190
1185 1192
1185 1195
1186 1198
1186 1203
1188 1196
1188 1200
1189 1192
1190 1192
1192 1195
1195 1528
1195 1532
1195 1561
1195 1562
1198 1217
1198 1221
1200 1208
1200 1210
1203 1217
1203 1221
1204 1214
1204 1219
1205 1214
1205 1219
1206 1208
1206 1210
1211 1605
1212 1260
1212 1263
1213 1260
1213 1263
1215 1605
1216 1561
1216 1565
1222 1561
1222 1565
1223 1226
1223 1230
1223 1238
1223 1244
1226 1229
1228 1571
1228 1572
1228 1605
1229 1230
1231 1234
1231 1236
1231 1250
1231 1529
1231 1534
1233 1243
1234 1236
1234 1250
1234 1529
1234 1534
1237 1240
1237 1248
1238 1249
1238 1251
1238 1256
1240 1245
1242 1243
1244 1249
1244 1251
1244 1256
1245 1248
1250 1256
1257 1261
1257 1263
1258 1263
1258 1266
1259 1261
1259 1263
1262 1263
1262 1266
1267 1608
1269 1608
1274 1278
1274 1280
1276 1278
1276 1280
1279 2916
1279 2919
1279 2924
1281 1283
1281 1284
1282 1283
1282 1284
1294 1295
1294 1297
1295 1298
1297 1298
1303 2788
1303 2790
1305 2788
1305 2790
1306 1307
1306 1791
1306 1792
1307 1308
1307 1616
1307 1622
1308 1791
1308 1792
1309 1635
1309 1730
1310 1314
1310 1315
1310 1327
1310 1424
1310 1427
1310 1461
1310 1465
1310 1635
1310 1730
1311 1313
1311 1419
1311 1434
1311 1439
1311 1440
1311 1445
1311 1450
1311 1451
1311 1455
1311 1463
1311 1466
1311 1705
1312 1365
1312 1372
1312 1415
1312 1417
1312 1436
1312 1439
1312 1446
1312 1450
1312 1451
1312 1705
1313 1436
1314 1429
1315 1379
1315 1383
1315 1384
1315 1387
1315 1391
1315 1392
1315 1397
1315 1406
1315 1410
1315 1429
1315 1434
1315 1444
1315 1445
1315 1480
1315 1481
1316 1319
1316 1343
1316 1351
1316 1383
1316 1387
1316 1430
1316 1434
1316 1435
1316 1444
1316 1445
1317 1380
1317 1385
1318 1434
1318 1435
1319 1346
1319 1347
1319 1356
1319 1371
1319 1397
1319 1434
1319 1444
1319 1445
1320 1323
1320 1324
1320 1325
1320 1326
1320 1357
1320 1365
1320 1484
1320 1486
1321 1488
1321 1491
1321 1520
1323 1432
1324 1432
1325 1432
1326 1432
1327 1357
1327 1365
1327 1441
1329 1362
1329 1364
1330 1343
1330 1351
1330 1703
1330 1706
1331 1703
1331 1706
1332 1356
1332 1357
1332 1503
1332 1505
1333 1356
1333 1371
1335 1421
1335 1424
1336 1343
1336 1351
1337 1356
1337 1357
1337 1371
1337 1503
1337 1505
1340 1421
1340 1424
1342 1362
1342 1364
1343 1397
1345 1346
1345 1347
1345 1356
1345 1371
1345 1434
1345 1444
1345 1445
1346 1640
1346 2821
1346 2823
1346 2833
1346 2836
1347 1360
1347 1367
1348 1373
1348 1376
1348 1380
1348 1385
1349 1373
1349 1376
1349 1380
1349 1385
1351 1397
1351 1412
1351 1417
1352 1388
1352 1395
1354 1432
1354 1437
1354 1443
1355 1436
1355 1440
1356 1430
1356 1434
1356 1435
1356 1438
1357 1430
1357 1432
1357 1438
1357 2509
1357 2510
1359 1360
1359 1367
1359 1640
1359 2821
1359 2823
1359 2833
1359 2836
1363 1388
1363 1395
1365 1427
1365 1432
1365 2509
1365 2510
1366 1412
1366 1417
1370 1432
1370 1437
1370 1443
1371 1434
1371 1435
1372 1427
1375 1406
1375 1410
1375 1420
1375 1425
1377 1439
1377 1450
1378 1380
1378 1381
1378 1395
1378 1396
1379 1406
1379 1410
1379 1420
1379 1425
1379 1435
1380 1382
1380 1394
1380 1397
1380 1398
1380 1404
1380 1409
1380 1412
1380 1413
1381 1382
1381 1394
1381 1398
1381 1404
1381 1409
1381 1412
1381 1413
1382 1395
1382 1396
1383 1435
1383 1439
1383 1450
1384 1434
1384 1435
1385 1397
1387 1434
1387 1435
1387 1445
1390 1420
1390 1422
1391 1434
1391 1435
1391 1445
1392 1411
1392 1412
1392 1434
1392 1435
1393 1420
1393 1422
1394 1398
1394 1406
1394 1408
1394 1410
1394 1412
1394 1415
1394 1416
1394 1417
1395 1408
1395 1409
1395 1806
1395 1807
1396 1408
1396 1409
1396 1806
1396 1807
1397 1430
1397 1434
1397 1435
1398 1406
1398 1408
1398 1410
1398 1412
1398 1415
1398 1416
1398 1417
1399 1407
1399 1411
1400 1407
1400 1411
1400 1412
1402 1420
1402 1422
1403 1420
1403 1422
1405 1420
1405 1422
1406 1435
1409 1702
1410 1435
1411 2854
1411 2855
1412 1414
1412 1415
1412 2854
1412 2855
1413 1702
1414 1417
1415 1417
1415 1427
1417 1427
1419 1436
1421 1457
1421 1462
1421 2842
1421 2845
1422 1426
1422 1428
1422 1476
1422 1483
1422 1702
1423 1702
1424 1439
1424 1441
1424 1450
1424 1457
1424 1462
1424 2842
1424 2845
1425 1426
1425 1428
1425 1476
1425 1483
1427 1436
1427 1439
1427 1441
1427 1446
1427 1450
1427 1451
1427 1705
1430 1436
1430 1440
1430 1465
1430 1471
1431 1488
1431 1491
1431 1520
1432 1484
1432 1486
1433 1434
1433 1435
1434 1436
1434 1445
1434 1452
1434 1474
1434 1476
1434 1480
1434 1481
1435 1474
1435 1476
1435 1480
1435 1481
1436 1439
1436 1445
1436 1450
1436 1463
1436 1471
1436 1477
1436 1492
1436 1494
1436 1705
1437 1443
1437 1447
1438 1465
1438 1471
1440 1451
1440 1455
1440 1466
1440 1468
1440 1471
1440 1472
1440 1477
1441 1461
1441 1465
1443 1447
1444 1464
1444 1470
1445 1452
1445 1464
1445 1470
1445 1503
1445 1505
1446 1472
1446 1479
1448 1487
1448 1490
1448 1491
1449 1500
1449 1503
1449 1505
1451 1453
1451 1456
1451 1458
1451 1468
1451 1472
1451 1478
1451 1479
1451 1484
1451 1492
1451 1494
1452 1464
1452 1470
1452 1503
1452 1505
1453 1457
1454 1487
1454 1490
1454 1491
1455 1492
1455 1499
1455 2473
1455 2479
1456 1457
1456 1472
1456 1479
1457 1458
1457 1468
1457 1478
1457 1479
1457 1484
1457 1500
1457 1503
1457 1505
1460 1500
1460 1503
1460 1505
1461 1465
1461 1471
1461 1482
1461 1483
1461 1487
1461 1488
1461 1491
1461 1639
1461 1687
1462 1500
1462 1503
1462 1505
1464 1476
1464 1482
1465 1471
1465 1482
1465 1483
1465 1487
1465 1488
1465 1491
1465 1639
1465 1687
1466 1492
1466 1499
1466 2473
1466 2479
1469 1476
1469 1483
1470 1476
1470 1482
1471 1477
1473 1505
1473 1508
1475 1500
1475 1503
1475 1505
1476 1485
1479 1500
1479 1505
1481 1500
1481 1503
1481 1505
1483 1485
1484 1500
1484 1505
1489 1492
1489 1499
1492 1503
1492 1505
1493 1503
1493 1505
1494 1503
1494 1505
1495 1503
1495 1505
1495 1510
1495 1511
1497 1503
1497 1505
1498 1510
1498 1511
1500 1503
1500 1505
1501 1702
1503 1505
1506 1702
1510 2454
1510 2457
1511 1516
1511 1518
1514 1516
1514 1518
1514 2454
1514 2457
1516 1517
1516 1519
1517 1518
1518 1519
1521 1524
1521 1525
1523 1524
1523 1525
1525 1526
1527 1549
1527 1554
1530 1551
1530 1552
1531 1551
1531 1552
1535 1551
1535 1552
1536 1537
1536 1538
1539 1547
1539 1550
1541 1546
1541 1553
1542 1570
1544 1547
1544 1550
1554 1567
1554 1569
1556 1570
1558 1567
1558 1569
1561 1567
1561 1569
1561 1572
1561 1573
1561 1574
1563 1567
1563 1569
1565 1567
1565 1569
1565 1572
1565 1573
1565 1574
1567 1568
1567 1572
1567 1573
1568 1569
1569 1571
1569 1572
1569 1573
1571 1572
1584 1676
1584 1686
1584 1702
1584 1867
1584 1869
1584 2111
1584 2113
1584 2441
1584 2789
1584 2790
1585 1953
1585 1954
1586 2287
1586 2288
1586 2490
1586 2493
1586 2498
1587 2542
1587 2567
1588 2521
1588 2526
1589 1605
1589 2199
1589 2201
1589 2203
1589 2204
1589 2291
1589 2292
1589 2359
1589 2360
1589 2361
1589 2363
1589 2953
1589 2955
1589 2956
1589 2959
1589 2960
1590 1955
1590 2199
1590 2200
1590 2201
1590 2205
1590 2291
1590 2292
1590 2343
1590 2358
1590 2359
1590 2360
1590 2361
1590 2363
1590 2365
1590 2367
1590 2370
1590 2375
1590 2380
1590 2483
1590 2490
1590 2953
1590 2955
1590 2956
1590 2959
1590 2960
1591 1654
1591 1666
1591 2582
1591 2596
1592 2195
1592 2198
1592 2201
1593 2230
1593 2238
1594 1675
1594 1684
1595 2554
1595 2772
1595 2774
1596 2554
1596 2772
1596 2774
1597 2636
1597 2730
1598 2761
1598 2763
1599 2761
1599 2763
1600 1605
1600 1955
1600 2200
1600 2203
1600 2204
1600 2205
1600 2291
1600 2292
1600 2343
1600 2359
1600 2360
1600 2365
1600 2375
1601 1993
1601 2001
1601 2785
1601 2788
1602 1993
1602 2001
1602 2348
1602 2383
1602 2785
1602 2788
1603 2348
1603 2383
1604 2348
1604 2383
1605 2129
1605 2134
1605 2279
1605 2286
1605 2305
1605 2665
1605 2668
1605 2684
1605 2685
1605 2738
1605 2741
1605 2747
1605 2751
1605 2757
1606 2181
1606 2190
1607 2174
1607 2181
1607 2184
1607 2190
1607 2230
1607 2238
1608 2763
1608 2764
1609 2174
1609 2181
1609 2184
1609 2190
1610 2046
1610 2047
1610 2164
1610 2175
1610 2548
1610 2549
1610 2780
1610 2781
1611 2785
1611 2788
1612 2130
1612 2131
1613 2765
1613 2769
1614 2174
1614 2184
1615 2780
1615 2781
1616 2046
1616 2047
1616 2164
1616 2175
1616 2548
1616 2549
1617 2636
1617 2730
1618 2130
1618 2131
1619 1791
1619 1792
1619 2765
1619 2769
1620 2199
1620 2201
1621 1675
1621 1684
1623 1791
1623 1792
1623 2199
1623 2201
1624 2750
1624 2752
1625 2750
1625 2752
1626 1678
1626 1685
1626 1696
1626 1698
1626 2810
1626 2812
1626 2818
1627 1635
1627 1636
1627 1637
1627 1730
1628 1732
1628 1746
1629 1732
1629 1734
1629 1741
1629 1746
1630 1770
1630 1775
1630 1778
1630 1782
1630 1783
1630 1796
1630 1797
1631 1749
1631 1830
1632 1749
1632 1830
1634 1656
1634 1659
1635 1752
1635 1867
1635 1868
1635 2775
1635 2778
1636 1752
1636 2111
1636 2113
1636 2441
1636 2789
1636 2790
1637 1638
1637 1639
1637 1656
1637 1659
1637 1752
1638 1657
1638 1699
1638 1701
1638 1702
1638 1703
1639 1657
1639 1673
1639 1674
1639 1687
1639 1693
1639 1695
1639 1696
1639 1697
1639 1699
1639 1701
1639 1702
1639 1703
1639 2856
1640 1702
1640 2529
1640 2530
1640 2817
1640 2820
1640 2821
1640 2822
1641 1733
1641 1734
1641 1739
1641 1741
1642 1711
1642 2208
1642 2369
1642 2370
1642 2380
1643 1791
1643 1792
1644 1656
1644 1659
1646 1678
1646 1685
1646 1696
1646 1698
1646 2810
1646 2812
1646 2818
1647 1681
1647 1685
1647 1692
1648 1675
1648 1682
1648 1733
1648 1739
1649 1675
1649 1682
1650 1690
1650 1693
1650 1711
1650 2208
1650 2369
1650 2370
1650 2380
1651 1681
1651 1685
1651 1692
1652 1791
1652 1792
1653 2484
1653 2490
1653 2788
1653 2790
1654 2770
1655 1690
1655 1693
1655 1710
1655 1733
1656 1657
1656 1684
1656 1686
1657 1659
1657 2484
1657 2490
1657 2788
1657 2790
1658 1743
1658 1747
1659 1684
1659 1686
1659 1710
1659 1733
1660 1694
1660 1697
1660 1702
1660 1705
1660 2863
1660 2864
1661 1681
1661 1685
1661 1692
1661 1734
1661 1740
1661 1744
1661 1745
1661 1751
1661 1753
1661 1881
1661 1947
1662 1743
1662 1747
1663 1694
1663 1697
1664 1678
1664 1685
1665 1694
1665 1697
1665 1702
1665 1705
1665 2863
1665 2864
1666 1689
1666 1734
1666 1740
1666 1744
1666 1745
1666 2358
1666 2367
1666 2370
1666 2380
1666 2483
1666 2490
1666 2770
1667 1688
1667 1694
1668 1678
1668 1685
1669 1688
1669 1694
1669 1697
1670 1751
1670 1753
1670 1764
1670 1768
1670 2785
1670 2788
1671 1724
1671 1725
1671 1784
1671 1788
1672 1696
1672 1698
1673 1684
1673 1686
1673 1697
1673 1699
1673 2856
1674 2856
1675 1733
1675 1739
1676 2867
1677 1724
1677 1725
1677 1784
1677 1788
1678 1689
1678 1696
1678 1698
1679 1684
1679 1686
1679 1697
1679 1699
1680 1689
1680 1764
1680 1768
1680 1881
1680 1916
1680 1924
1680 1947
1682 1733
1682 1739
1683 1764
1683 1768
1683 1916
1683 1924
1683 2785
1683 2788
1685 1689
1685 1794
1685 1795
1685 2788
1685 2790
1686 2867
1687 1693
1687 1695
1687 1704
1687 1706
1687 2856
1689 1826
1689 1832
1691 1704
1691 1706
1692 1794
1692 1795
1692 2788
1692 2790
1696 2856
1697 1701
1697 1703
1697 1704
1697 1706
1697 2856
1699 1701
1699 1703
1699 1708
1699 1731
1699 2114
1699 2116
1699 2856
1700 1739
1700 1743
1701 1702
1701 1703
1701 1708
1701 1731
1701 2854
1701 2855
1701 2856
1701 2863
1701 2864
1702 1703
1702 1704
1702 1705
1702 1706
1702 1867
1702 1868
1702 2057
1702 2114
1702 2116
1702 2426
1702 2450
1702 2487
1702 2864
1702 2865
1702 2867
1703 2846
1703 2852
1703 2854
1703 2855
1703 2856
1703 2863
1703 2864
1703 2865
1704 1739
1704 1743
1704 2846
1704 2849
1704 2852
1705 2284
1705 2287
1705 2426
1705 2487
1705 2864
1705 2865
1705 2913
1705 2914
1705 2919
1705 2923
1706 2844
1706 2846
1706 2847
1706 2849
1706 2850
1706 2852
1706 2864
1706 2865
1707 2844
1707 2847
1707 2850
1709 1743
1709 1747
1711 1736
1711 1742
1711 2192
1711 2206
1712 1736
1712 1742
1713 1977
1713 2045
1714 1899
1714 1905
1715 1899
1715 1905
1717 1889
1717 1897
1718 1764
1718 1768
1718 2141
1718 2146
1718 2391
1718 2397
1719 1764
1719 1768
1719 2141
1719 2146
1719 2391
1719 2397
1720 1749
1720 1830
1721 1843
1721 1849
1722 1843
1722 1849
1723 1783
1723 1785
1724 1784
1724 1785
1724 1867
1724 1868
1724 2784
1724 2788
1725 1761
1725 1764
1725 1766
1725 1768
1725 2784
1725 2788
1726 1761
1726 1764
1726 1766
1726 1768
1727 2448
1727 2461
1728 2448
1728 2461
1729 2444
1729 2454
1730 1752
1730 1867
1730 1868
1730 1869
1730 2775
1730 2778
1732 1743
1732 1747
1736 2208
1738 1889
1738 1897
1739 2214
1739 2215
1742 2208
1743 2207
1743 2211
1743 2214
1743 2215
1744 1755
1744 1757
1745 1755
1745 1757
1747 2207
1747 2211
1749 1762
1750 1789
1750 1792
1751 1790
1751 1793
1751 2382
1751 2387
1753 1789
1753 1790
1753 1792
1753 1793
1753 2382
1753 2387
1754 1778
1754 1782
1756 1779
1756 1781
1756 1789
1756 1792
1758 1779
1758 1781
1759 1783
1759 1784
1759 1789
1759 1792
1761 1791
1761 1792
1762 1778
1762 1782
1762 1830
1763 1769
1763 1774
1763 1783
1763 1784
1764 1772
1764 1776
1765 1778
1765 1780
1766 1778
1766 1780
1766 1791
1766 1792
1767 1789
1767 1792
1768 1769
1768 1772
1768 1774
1768 1776
1770 1786
1771 1789
1771 1792
1772 1774
1772 1779
1774 1776
1775 1786
1776 1779
1778 1786
1779 1782
1779 1783
1780 1848
1780 1852
1781 1782
1781 1783
1782 1786
1782 1791
1782 1794
1783 1786
1783 1791
1783 1794
1783 1848
1783 1852
1784 1787
1784 1789
1784 1792
1785 1787
1785 1789
1785 1792
1785 1848
1786 1796
1786 1797
1787 1867
1787 1868
1791 1794
1796 1863
1796 1864
1797 1863
1797 1864
1799 1950
1799 1951
1800 1950
1800 1951
1801 2422
1801 2508
1802 2422
1802 2488
1802 2495
1802 2508
1802 2531
1802 2532
1802 2844
1802 2847
1802 2850
1803 2237
1803 2238
1803 2344
1803 2507
1803 2531
1803 2532
1804 1825
1804 1826
1805 1806
1805 1807
1805 1812
1805 1864
1805 1867
1805 2877
1805 2880
1805 2885
1805 2897
1805 2907
1806 1807
1806 1812
1806 1858
1806 1861
1806 1867
1806 1868
1806 2877
1806 2880
1806 2885
1806 2897
1806 2907
1806 2925
1806 2931
1807 1858
1807 1861
1807 1867
1807 1868
1807 2925
1807 2931
1808 1810
1808 1811
1808 1867
1808 1869
1808 2057
1808 2268
1808 2281
1808 2449
1808 2503
1808 2505
1808 2889
1808 2900
1808 2907
1808 2922
1808 2927
1809 1867
1809 1869
1809 2057
1809 2268
1809 2281
1809 2449
1809 2913
1809 2914
1810 1811
1810 1845
1810 1846
1810 2447
1810 2467
1810 2889
1810 2897
1810 2915
1810 2921
1810 2932
1811 1845
1811 1846
1811 1858
1811 2447
1811 2467
1811 2889
1811 2897
1811 2915
1811 2921
1811 2928
1811 2932
1813 1816
1813 1821
1815 1860
1815 1862
1815 2397
1815 2398
1815 2402
1815 2403
1815 2409
1815 2413
1816 2882
1818 2367
1818 2373
1818 2832
1818 2837
1819 2367
1819 2373
1819 2832
1819 2837
1820 1860
1820 1862
1820 2398
1820 2403
1821 1925
1821 1928
1821 2781
1821 2782
1821 2882
1823 2237
1823 2238
1823 2344
1823 2488
1823 2495
1823 2507
1823 2531
1823 2532
1823 2844
1823 2847
1823 2850
1824 1860
1824 1862
1825 1836
1826 1836
1826 2320
1826 2321
1827 1925
1827 1928
1828 2781
1828 2782
1829 1860
1829 1862
1832 2320
1832 2321
1833 1854
1833 1856
1834 1854
1834 1856
1834 2485
1834 2495
1834 2497
1835 1874
1835 1875
1836 1864
1836 1867
1837 1851
1837 1853
1837 1858
1837 1861
1838 1851
1838 1853
1838 1854
1838 1856
1838 1858
1838 1861
1839 1922
1839 1924
1840 1841
1840 1842
1840 1874
1840 1875
1841 1846
1842 1846
1842 1851
1842 1853
1842 1854
1842 1856
1842 2485
1842 2495
1842 2497
1844 2121
1844 2147
1845 1922
1845 1924
1847 1851
1847 1853
1849 2121
1849 2147
1850 1867
1850 1868
1858 2503
1858 2505
1858 2889
1858 2900
1858 2907
1859 1863
1859 1866
1860 2495
1860 2499
1860 2502
1861 1863
1861 1866
1862 2495
1862 2499
1862 2502
1862 2788
1862 2790
1863 1867
1863 1868
1865 2788
1865 2790
1866 1867
1866 1868
1867 2103
1867 2104
1867 2485
1867 2489
1867 2492
1867 2495
1867 2497
1867 2937
1868 2103
1868 2104
1868 2485
1868 2489
1868 2492
1868 2495
1868 2497
1868 2937
1870 2500
1870 2503
1872 2500
1872 2503
1873 2444
1873 2454
1874 1914
1874 1918
1874 1944
1875 1914
1875 1918
1875 1944
1875 1947
1875 1948
1875 1949
1876 2286
1876 2290
1877 1948
1877 1949
1877 2260
1877 2264
1877 2612
1877 2616
1878 1948
1878 1949
1878 2182
1878 2186
1878 2237
1878 2246
1878 2612
1878 2616
1879 2237
1879 2238
1880 1881
1880 1947
1881 1941
1882 2124
1882 2140
1882 2392
1882 2398
1883 2124
1883 2140
1883 2390
1883 2392
1883 2395
1883 2398
1884 2398
1884 2401
1885 2398
1885 2401
1886 1892
1886 1902
1886 1908
1886 1936
1886 1943
1887 1898
1887 1907
1887 2121
1887 2122
1887 2354
1887 2361
1888 1993
1888 2001
1888 2354
1888 2361
1890 1947
1890 1948
1890 1949
1891 2272
1891 2278
1891 2289
1891 2291
1892 1917
1892 1925
1892 2268
1892 2272
1892 2278
1892 2286
1892 2290
1892 2371
1893 2260
1893 2264
1893 2295
1893 2296
1894 2295
1894 2296
1895 2186
1895 2188
1896 1936
1896 1943
1896 2397
1896 2398
1896 2402
1896 2403
1896 2409
1896 2413
1897 1934
1897 1935
1898 1926
1898 1932
1898 2371
1899 2186
1899 2188
1899 2192
1899 2206
1900 1943
1900 1945
1901 2124
1901 2140
1901 2272
1901 2277
1901 2278
1901 2289
1901 2291
1902 1917
1902 1925
1902 1945
1902 1946
1902 2124
1902 2140
1902 2268
1902 2272
1902 2277
1902 2278
1902 2289
1902 2291
1902 2371
1903 2492
1903 2497
1903 2501
1904 1934
1904 1935
1904 2123
1904 2297
1904 2298
1904 2299
1905 2192
1905 2206
1906 1936
1906 1943
1906 2409
1906 2413
1907 1910
1907 1915
1907 1921
1907 1926
1907 1932
1907 2123
1907 2297
1907 2298
1907 2299
1907 2371
1908 1945
1908 1946
1908 2371
1908 2469
1908 2472
1909 1943
1909 1945
1910 1911
1910 2272
1910 2277
1910 2278
1910 2492
1910 2497
1910 2501
1911 1915
1911 1921
1912 2469
1912 2472
1913 2295
1913 2296
1914 1931
1914 1932
1914 1934
1914 1952
1915 2272
1915 2277
1915 2278
1916 2395
1916 2397
1917 2073
1917 2074
1917 2409
1917 2413
1918 1929
1918 1931
1918 1932
1918 2409
1918 2413
1919 1934
1919 1952
1920 2318
1920 2321
1922 2295
1922 2296
1923 1936
1923 1940
1923 2416
1923 2417
1924 2395
1924 2397
1925 1936
1925 1940
1925 2073
1925 2074
1926 1932
1926 1936
1926 1940
1927 1929
1927 1932
1927 1936
1927 1940
1927 2318
1927 2321
1927 2416
1927 2417
1929 1931
1929 1932
1929 1934
1929 1944
1929 2227
1929 2234
1930 1936
1930 1937
1931 1932
1931 1944
1931 2291
1931 2292
1932 1933
1932 1934
1932 1942
1932 1944
1932 1952
1932 2227
1932 2234
1932 2291
1932 2292
1933 1936
1934 1936
1934 1948
1934 1949
1936 1937
1936 1938
1936 1939
1936 1942
1936 1952
1936 2371
1937 1939
1937 1943
1938 1943
1941 1947
1942 2409
1942 2413
1943 2371
1947 2013
1947 2014
1948 1950
1948 1951
1948 1952
1948 2409
1948 2413
1949 1950
1949 1951
1949 1952
1949 2013
1949 2014
1949 2409
1949 2413
1953 1983
1953 2008
1953 2017
1953 2195
1953 2201
1953 2203
1954 1961
1954 1983
1954 2000
1954 2195
1954 2201
1954 2203
1955 1961
1955 2000
1955 2011
1955 2013
1955 2132
1955 2133
1956 2011
1956 2013
1957 1958
1957 1959
1957 2013
1957 2020
1958 1994
1959 1994
1959 2158
1959 2170
1959 2542
1959 2567
1959 2570
1959 2573
1960 2237
1960 2246
1961 2024
1961 2029
1961 2567
1961 2579
1961 2815
1961 2816
1962 2370
1962 2374
1963 1964
1963 1965
1963 1966
1963 2005
1963 2032
1963 2152
1963 2168
1963 2352
1964 1965
1964 1966
1964 2005
1964 2032
1964 2152
1964 2168
1964 2352
1965 2351
1965 2452
1965 2455
1966 1968
1966 1979
1966 2044
1966 2351
1966 2946
1967 1968
1967 1979
1967 2044
1967 2370
1967 2380
1967 2946
1968 1979
1968 2353
1968 2370
1968 2380
1968 2946
1969 1979
1969 2946
1970 1994
1970 1997
1971 2976
1971 2978
1972 2947
1972 2966
1973 2947
1973 2966
1974 2966
1974 2968
1975 2139
1975 2196
1976 2139
1976 2196
1977 2193
1978 2024
1978 2029
1979 2024
1979 2029
1979 2069
1979 2071
1979 2353
1979 2357
1979 2366
1979 2946
1980 2144
1980 2156
1981 1994
1981 1997
1982 2145
1982 2151
1984 1990
1984 1998
1985 2103
1985 2107
1986 1995
1986 1999
1986 2158
1986 2170
1986 2542
1986 2570
1986 2573
1987 1994
1987 1997
1988 2336
1988 2338
1989 1990
1989 1994
1989 1997
1989 1998
1991 2027
1991 2028
1992 1995
1992 1999
1993 2350
1994 1997
1994 1999
1994 2013
1994 2020
1996 2010
1996 2017
1996 2032
1997 1999
1998 2027
1998 2028
2001 2350
2002 2010
2002 2017
2002 2032
2002 2209
2002 2212
2003 2976
2003 2978
2004 2008
2004 2037
2005 2351
2006 2008
2006 2037
2007 2443
2007 2447
2008 2011
2008 2013
2008 2020
2008 2225
2008 2377
2008 2383
2009 2018
2009 2019
2010 2452
2010 2455
2011 2037
2013 2037
2014 2443
2014 2447
2015 2970
2015 2971
2016 2018
2016 2019
2017 2225
2018 2970
2018 2971
2020 2037
2021 2124
2021 2295
2021 2296
2022 2732
2022 2740
2022 2973
2022 2977
2023 2732
2023 2740
2023 2973
2023 2977
2024 2078
2024 2080
2024 2372
2025 2966
2025 2968
2026 2027
2026 2028
2026 2042
2026 2043
2027 2036
2027 2145
2027 2159
2027 2595
2027 2597
2028 2036
2028 2145
2028 2159
2028 2595
2028 2597
2028 2954
2028 2958
2029 2078
2029 2080
2029 2372
2030 2038
2030 2039
2031 2964
2031 2965
2032 2452
2032 2455
2033 2042
2033 2043
2034 2954
2034 2958
2034 2964
2034 2965
2035 2038
2035 2039
2035 2124
2035 2295
2035 2296
2037 2377
2037 2383
2040 2052
2040 2053
2041 2209
2041 2212
2042 2052
2042 2053
2044 2353
2045 2193
2048 2169
2048 2177
2048 2547
2048 2548
2049 2169
2049 2177
2049 2547
2049 2548
2050 2868
2050 2875
2051 2868
2051 2875
2052 2435
2052 2445
2052 2481
2052 2487
2053 2435
2053 2445
2053 2481
2053 2487
2055 2109
2055 2112
2055 2436
2055 2441
2056 2109
2056 2112
2057 2090
2057 2095
2057 2100
2057 2102
2057 2112
2057 2115
2057 2451
2057 2458
2058 2090
2058 2095
2058 2096
2058 2097
2058 2102
2058 2103
2058 2109
2058 2112
2058 2827
2058 2830
2059 2096
2059 2097
2059 2102
2059 2103
2059 2106
2059 2108
2059 2109
2059 2112
2059 2434
2059 2444
2059 2456
2059 2466
2059 2844
2059 2847
2060 2094
2060 2095
2060 2434
2060 2444
2060 2456
2060 2466
2061 2076
2061 2079
2062 2076
2062 2079
2063 2399
2063 2404
2064 2399
2064 2404
2065 2066
2065 2067
2066 2524
2066 2533
2066 2535
2067 2524
2068 2521
2068 2526
2069 2070
2069 2072
2069 2076
2069 2079
2069 2349
2069 2377
2069 2946
2070 2071
2071 2072
2071 2076
2071 2079
2071 2348
2071 2349
2071 2370
2071 2377
2071 2380
2071 2946
2072 2348
2072 2370
2072 2377
2072 2380
2072 2437
2072 2455
2075 2348
2075 2377
2075 2437
2075 2455
2076 2393
2076 2400
2076 2433
2076 2438
2076 2439
2076 2453
2076 2456
2076 2462
2076 2465
2076 2471
2077 2101
2077 2105
2079 2393
2079 2400
2079 2433
2079 2438
2079 2439
2079 2453
2079 2456
2079 2462
2079 2465
2079 2466
2079 2471
2081 2101
2081 2105
2082 2438
2082 2453
2082 2456
2082 2462
2082 2466
2083 2091
2083 2092
2084 2102
2084 2103
2085 2091
2085 2092
2085 2102
2085 2103
2086 2091
2086 2092
2089 2106
2089 2108
2091 2354
2091 2361
2093 2106
2093 2108
2094 2434
2095 2434
2096 2354
2096 2361
2097 2440
2097 2448
2098 2440
2098 2448
2100 2449
2102 2448
2102 2449
2102 2457
2103 2110
2103 2112
2103 2115
2103 2343
2104 2110
2104 2112
2106 2434
2106 2533
2106 2535
2107 2112
2107 2115
2107 2343
2107 2448
2107 2457
2108 2434
2109 2112
2109 2115
2111 2112
2111 2115
2112 2113
2112 2115
2112 2449
2113 2115
2115 2449
2117 2445
2117 2446
2118 2511
2118 2525
2119 2445
2119 2446
2120 2511
2120 2525
2121 2311
2121 2319
2121 2362
2121 2371
2122 2362
2122 2371
2123 2279
2123 2286
2123 2290
2123 2322
2123 2327
2124 2142
2124 2146
2124 2153
2125 2167
2125 2170
2126 2167
2126 2170
2126 2174
2126 2184
2126 2255
2126 2256
2127 2174
2127 2184
2128 2597
2128 2600
2128 2644
2128 2649
2129 2597
2129 2600
2132 2343
2133 2343
2135 2149
2135 2161
2135 2644
2135 2649
2135 2744
2135 2745
2135 2964
2135 2965
2136 2744
2136 2745
2136 2964
2136 2965
2137 2148
2137 2149
2137 2216
2137 2305
2138 2148
2138 2149
2138 2216
2138 2305
2139 2167
2139 2170
2139 2173
2139 2180
2139 2753
2139 2754
2139 2767
2139 2768
2140 2142
2140 2146
2140 2153
2141 2322
2141 2327
2143 2174
2143 2184
2144 2167
2144 2170
2144 2179
2144 2225
2144 2234
2144 2243
2145 2343
2146 2279
2146 2286
2146 2290
2146 2322
2146 2327
2147 2311
2147 2319
2149 2597
2149 2600
2149 2742
2150 2166
2150 2178
2150 2233
2150 2241
2150 2249
2150 2257
2151 2343
2152 2264
2152 2272
2154 2179
2154 2182
2154 2241
2154 2242
2155 2166
2155 2174
2155 2184
2155 2565
2155 2566
2156 2167
2156 2170
2156 2179
2156 2225
2156 2234
2156 2243
2157 2179
2157 2182
2158 2165
2158 2171
2158 2172
2158 2173
2158 2174
2158 2180
2158 2184
2158 2218
2158 2227
2158 2254
2158 2257
2158 2258
2158 2261
2158 2307
2158 2313
2159 2179
2159 2182
2160 2264
2160 2272
2161 2597
2161 2600
2161 2742
2162 2241
2162 2242
2163 2249
2163 2257
2164 2644
2164 2649
2165 2170
2165 2232
2165 2241
2166 2171
2166 2185
2166 2227
2166 2234
2167 2196
2167 2250
2167 2258
2168 2193
2168 2197
2168 2322
2168 2323
2170 2171
2170 2172
2170 2173
2170 2174
2170 2180
2170 2184
2170 2196
2170 2218
2170 2227
2170 2232
2170 2233
2170 2250
2170 2254
2170 2257
2170 2258
2170 2261
2170 2263
2170 2269
2170 2307
2170 2313
2171 2174
2171 2565
2171 2566
2172 2179
2172 2182
2172 2232
2172 2241
2173 2196
2173 2263
2173 2269
2174 2232
2174 2233
2175 2644
2175 2649
2176 2193
2176 2197
2176 2322
2176 2323
2178 2185
2178 2227
2178 2234
2179 2232
2179 2233
2180 2196
2182 2232
2182 2233
2182 2240
2183 2717
2183 2722
2184 2232
2184 2233
2185 2233
2185 2241
2186 2220
2186 2240
2186 2332
2188 2220
2188 2332
2192 2208
2194 2717
2194 2722
2195 2770
2196 2753
2196 2754
2196 2767
2196 2768
2198 2210
2198 2213
2198 2267
2198 2270
2198 2770
2199 2210
2199 2213
2201 2210
2201 2213
2201 2267
2201 2270
2201 2770
2202 2214
2202 2215
2206 2208
2212 2214
2212 2215
2217 2631
2217 2732
2219 2220
2219 2236
2219 2245
2219 2332
2220 2228
2221 2472
2221 2473
2221 2721
2221 2730
2222 2248
2222 2255
2222 2262
2222 2267
2222 2340
2222 2342
2223 2237
2223 2239
2223 2246
2223 2248
2224 2275
2224 2280
2224 2286
2224 2303
2224 2308
2226 2597
2226 2600
2226 2644
2226 2649
2227 2266
2227 2269
2228 2236
2228 2245
2228 2332
2229 2248
2229 2255
2229 2262
2229 2267
2229 2340
2229 2342
2230 2275
2230 2280
2230 2286
2230 2303
2230 2308
2231 2237
2231 2239
2231 2246
2231 2248
2233 2249
2233 2257
2233 2307
2233 2313
2233 2622
2233 2624
2233 2644
2233 2649
2234 2266
2234 2269
2235 2236
2235 2245
2237 2240
2237 2350
2238 2240
2239 2244
2239 2251
2240 2246
2242 2249
2242 2257
2242 2307
2242 2313
2242 2622
2242 2624
2242 2644
2242 2649
2244 2248
2246 2350
2247 2267
2247 2271
2247 2273
2248 2251
2252 2267
2252 2271
2252 2273
2253 2260
2253 2264
2255 2275
2255 2280
2255 2282
2255 2283
2255 2284
2255 2287
2256 2275
2256 2280
2256 2282
2256 2283
2256 2284
2256 2287
2259 2260
2259 2264
2260 2264
2260 2272
2264 2272
2265 2289
2265 2291
2268 2277
2268 2285
2269 2275
2269 2286
2272 2289
2272 2291
2273 2284
2273 2287
2274 2275
2274 2286
2276 2284
2276 2287
2277 2278
2278 2285
2286 2485
2286 2495
2286 2497
2287 2866
2288 2866
2290 2485
2290 2495
2290 2497
2291 2423
2291 2424
2292 2423
2292 2424
2294 2361
2294 2363
2294 2389
2294 2393
2295 2361
2295 2363
2295 2389
2295 2393
2300 2314
2300 2317
2301 2314
2301 2317
2302 2644
2302 2649
2304 2651
2304 2662
2306 2651
2306 2662
2309 2310
2309 2655
2309 2687
2309 2690
2310 2312
2310 2644
2310 2649
2312 2655
2312 2687
2312 2690
2315 2322
2315 2327
2316 2648
2316 2654
2318 2425
2318 2426
2318 2542
2318 2567
2320 2648
2320 2654
2321 2425
2321 2426
2321 2542
2321 2567
2322 2325
2324 2334
2324 2335
2325 2327
2326 2631
2326 2732
2328 2483
2328 2490
2329 2334
2329 2335
2330 2334
2330 2337
2330 2483
2330 2490
2331 2334
2331 2337
2333 2472
2333 2473
2333 2721
2333 2730
2334 2798
2334 2799
2336 2338
2337 2798
2337 2799
2341 2370
2341 2380
2342 2370
2342 2380
2345 2499
2345 2502
2345 2785
2345 2788
2346 2499
2346 2502
2346 2785
2346 2788
2347 2348
2347 2377
2347 2452
2347 2455
2348 2387
2348 2394
2350 2354
2350 2361
2351 2352
2353 2946
2354 2385
2354 2387
2354 2466
2354 2471
2355 2370
2355 2374
2356 2363
2356 2367
2356 2376
2356 2377
2356 2383
2357 2946
2358 2369
2358 2370
2358 2380
2361 2385
2361 2387
2361 2466
2361 2471
2363 2364
2363 2375
2363 2376
2364 2367
2364 2376
2364 2377
2364 2383
2365 2376
2365 2377
2365 2383
2365 2394
2365 2398
2365 2440
2365 2448
2366 2946
2367 2369
2367 2370
2367 2375
2367 2376
2367 2380
2367 2384
2368 2377
2368 2378
2368 2383
2368 2384
2369 2373
2369 2381
2369 2385
2369 2394
2369 2396
2369 2406
2369 2411
2370 2373
2370 2381
2370 2385
2370 2394
2370 2396
2370 2406
2370 2411
2372 2567
2372 2579
2372 2815
2372 2816
2373 2380
2373 2384
2375 2394
2375 2398
2375 2440
2375 2448
2377 2378
2377 2384
2377 2386
2377 2387
2377 2394
2378 2383
2378 2384
2380 2381
2380 2385
2380 2394
2380 2396
2381 2386
2383 2384
2383 2386
2383 2453
2383 2462
2383 2465
2384 2394
2384 2396
2385 2386
2386 2394
2386 2396
2386 2398
2386 2401
2387 2452
2387 2455
2388 2453
2388 2462
2388 2465
2389 2399
2389 2404
2390 2395
2390 2398
2390 2401
2390 2404
2390 2408
2391 2410
2391 2414
2393 2399
2393 2404
2394 2452
2394 2455
2394 2462
2395 2404
2395 2408
2396 2455
2396 2462
2397 2410
2397 2414
2399 2400
2400 2404
2407 2418
2407 2420
2412 2418
2412 2420
2415 2418
2415 2420
2421 2483
2421 2490
2422 2481
2422 2487
2422 2930
2422 2934
2425 2523
2425 2528
2425 2889
2425 2897
2426 2523
2426 2528
2426 2902
2426 2909
2427 2897
2427 2907
2428 2897
2428 2907
2429 2876
2429 2879
2429 2908
2429 2911
2430 2444
2430 2454
2430 2478
2430 2488
2431 2435
2431 2445
2431 2481
2431 2487
2431 2832
2431 2834
2432 2448
2432 2457
2432 2476
2432 2479
2432 2480
2432 2481
2432 2487
2432 2491
2432 2832
2432 2834
2434 2474
2434 2478
2434 2844
2434 2847
2435 2436
2435 2441
2438 2488
2438 2495
2438 2499
2440 2827
2440 2830
2442 2448
2442 2457
2442 2476
2442 2479
2442 2480
2442 2481
2442 2487
2442 2491
2444 2447
2444 2467
2444 2474
2444 2478
2447 2454
2447 2478
2447 2488
2448 2488
2448 2499
2448 2827
2448 2830
2449 2451
2449 2458
2451 2876
2451 2879
2454 2467
2455 2488
2455 2495
2455 2499
2456 2485
2456 2495
2456 2497
2456 2834
2456 2837
2459 2876
2459 2879
2461 2483
2461 2484
2461 2488
2461 2490
2461 2499
2461 2502
2461 2504
2463 2481
2463 2487
2464 2481
2464 2487
2466 2485
2466 2495
2466 2497
2466 2834
2466 2837
2467 2478
2467 2488
2468 2504
2468 2506
2469 2484
2469 2490
2469 2502
2469 2504
2470 2473
2470 2476
2470 2479
2470 2486
2470 2496
2472 2504
2472 2506
2473 2483
2473 2868
2473 2875
2475 2483
2475 2490
2476 2483
2477 2486
2477 2496
2477 2503
2477 2504
2477 2505
2477 2506
2478 2496
2478 2500
2479 2483
2479 2868
2479 2875
2481 2876
2481 2879
2481 2943
2482 2503
2482 2505
2483 2943
2487 2876
2487 2879
2487 2943
2488 2496
2488 2500
2490 2522
2490 2791
2490 2863
2490 2943
2493 2522
2493 2791
2493 2863
2493 2866
2494 2889
2494 2897
2494 2902
2494 2909
2498 2866
2509 2515
2509 2529
2509 2530
2509 2800
2509 2940
2509 2942
2510 2515
2510 2529
2510 2530
2510 2800
2510 2940
2510 2942
2511 2815
2511 2816
2512 2919
2512 2923
2513 2804
2513 2805
2513 2919
2513 2923
2514 2804
2514 2805
2515 2808
2515 2813
2515 2851
2515 2853
2516 2818
2516 2819
2518 2825
2518 2829
2519 2824
2519 2825
2519 2829
2520 2540
2520 2541
2523 2920
2525 2815
2525 2816
2527 2815
2527 2816
2528 2920
2534 2537
2534 2539
2536 2537
2536 2539
2542 2545
2542 2979
2543 2555
2543 2575
2543 2581
2543 2706
2543 2718
2543 2771
2544 2636
2544 2637
2545 2567
2546 2972
2546 2975
2547 2552
2547 2553
2547 2972
2547 2975
2548 2550
2548 2551
2548 2552
2548 2553
2549 2550
2549 2551
2555 2568
2556 2571
2556 2585
2556 2605
2556 2773
2557 2625
2557 2627
2558 2619
2558 2625
2558 2627
2558 2628
2559 2619
2559 2628
2560 2678
2560 2686
2561 2678
2561 2686
2562 2671
2562 2678
2562 2679
2562 2686
2563 2671
2563 2679
2564 2607
2564 2609
2564 2642
2564 2650
2567 2575
2567 2581
2567 2979
2568 2575
2568 2581
2568 2636
2568 2637
2568 2706
2568 2718
2568 2771
2569 2572
2569 2578
2571 2572
2571 2576
2571 2578
2574 2588
2574 2592
2575 2579
2575 2634
2575 2635
2575 2702
2576 2585
2576 2605
2576 2773
2577 2636
2577 2730
2578 2587
2578 2591
2579 2581
2580 2659
2580 2660
2580 2672
2581 2634
2581 2635
2581 2702
2582 2770
2583 2588
2583 2592
2586 2593
2586 2594
2587 2590
2589 2593
2589 2594
2590 2591
2590 2636
2590 2730
2591 2659
2591 2660
2591 2672
2596 2770
2597 2598
2597 2607
2597 2613
2597 2614
2598 2600
2598 2610
2598 2612
2599 2610
2599 2776
2600 2607
2600 2613
2600 2614
2601 2616
2601 2618
2601 2620
2602 2610
2602 2776
2603 2678
2603 2686
2604 2671
2604 2679
2606 2678
2606 2686
2607 2654
2607 2671
2607 2679
2608 2616
2608 2618
2608 2620
2609 2654
2609 2671
2609 2679
2610 2611
2610 2776
2611 2612
2612 2613
2612 2614
2613 2615
2614 2615
2617 2625
2617 2627
2617 2956
2617 2961
2621 2638
2621 2639
2622 2687
2622 2690
2623 2683
2623 2687
2623 2688
2623 2690
2623 2705
2623 2707
2624 2638
2624 2639
2625 2626
2625 2669
2625 2677
2625 2683
2625 2688
2625 2705
2625 2707
2626 2627
2626 2956
2626 2961
2627 2669
2627 2677
2629 2680
2629 2691
2630 2680
2630 2691
2631 2674
2631 2676
2632 2697
2632 2701
2633 2697
2633 2701
2634 2635
2634 2698
2634 2702
2635 2698
2637 2720
2637 2723
2638 2720
2638 2723
2639 2713
2639 2718
2639 2721
2639 2730
2640 2733
2640 2736
2640 2743
2640 2746
2641 2657
2641 2670
2641 2719
2641 2724
2642 2654
2643 2644
2643 2649
2644 2645
2644 2646
2644 2656
2644 2742
2645 2649
2646 2649
2647 2657
2647 2670
2647 2719
2647 2724
2649 2656
2649 2742
2650 2654
2651 2712
2651 2717
2652 2663
2652 2667
2653 2657
2653 2665
2653 2668
2653 2670
2657 2658
2657 2684
2657 2685
2657 2691
2657 2692
2657 2694
2657 2945
2657 2970
2658 2665
2658 2668
2658 2670
2661 2669
2661 2675
2661 2712
2661 2717
2663 2664
2664 2667
2666 2709
2666 2710
2669 2673
2670 2684
2670 2685
2670 2691
2670 2692
2670 2694
2670 2945
2670 2970
2673 2675
2674 2732
2676 2709
2676 2710
2676 2732
2681 2973
2681 2974
2682 2732
2682 2740
2688 2732
2688 2740
2689 2973
2689 2974
2693 2703
2693 2708
2695 2700
2695 2704
2696 2703
2696 2708
2696 2714
2696 2720
2697 2714
2697 2720
2698 2702
2699 2700
2699 2704
2701 2714
2701 2720
2711 2712
2711 2717
2712 2715
2713 2729
2713 2734
2715 2717
2716 2720
2716 2723
2718 2729
2718 2734
2720 2723
2721 2729
2721 2734
2723 2724
2723 2728
2724 2726
2725 2737
2725 2739
2726 2728
2727 2737
2727 2739
2729 2730
2730 2734
2732 2944
2732 2945
2733 2736
2733 2743
2733 2746
2740 2944
2740 2945
2747 2766
2747 2767
2748 2752
2748 2755
2751 2766
2751 2767
2752 2757
2755 2757
2756 2760
2756 2762
2758 2760
2758 2762
2791 2886
2791 2887
2791 2894
2791 2896
2791 2899
2791 2906
2793 2832
2793 2834
2794 2832
2794 2834
2794 2881
2794 2886
2795 2827
2795 2830
2795 2832
2796 2826
2796 2828
2796 2919
2796 2923
2797 2919
2797 2923
2800 2808
2800 2813
2800 2851
2800 2853
2801 2818
2801 2819
2803 2824
2803 2825
2803 2829
2806 2808
2806 2813
2806 2817
2806 2821
2807 2808
2807 2813
2807 2817
2807 2821
2808 2815
2808 2816
2809 2825
2809 2829
2811 2826
2811 2831
2813 2815
2813 2816
2814 2826
2814 2831
2817 2838
2817 2839
2821 2838
2821 2839
2825 2838
2825 2839
2826 2870
2827 2870
2828 2870
2829 2838
2829 2839
2830 2870
2832 2870
2833 2851
2833 2853
2833 2854
2834 2848
2834 2851
2835 2848
2835 2851
2836 2851
2836 2853
2836 2854
2838 2864
2838 2865
2839 2864
2839 2865
2840 2846
2840 2852
2841 2857
2841 2858
2843 2846
2843 2852
2845 2857
2845 2858
2854 2855
2854 2860
2855 2860
2857 2873
2857 2878
2857 2881
2858 2873
2858 2878
2859 2878
2859 2881
2869 2919
2869 2923
2871 2881
2871 2886
2872 2899
2872 2906
2874 2886
2874 2887
2874 2894
2874 2896
2874 2899
2874 2906
2875 2876
2875 2879
2876 2879
2876 2898
2876 2908
2876 2911
2879 2898
2879 2908
2879 2911
2883 2917
2883 2929
2884 2916
2884 2919
2885 2895
2885 2904
2888 2917
2888 2929
2889 2897
2889 2907
2889 2916
2889 2919
2890 2916
2890 2919
2893 2895
2893 2904
2895 2909
2895 2912
2895 2919
2895 2924
2897 2900
2900 2907
2900 2916
2900 2919
2901 2908
2901 2911
2903 2913
2903 2914
2903 2916
2903 2919
2904 2909
2904 2912
2904 2913
2904 2914
2904 2916
2904 2919
2904 2924
2907 2921
2907 2928
2913 2927
2914 2927
2919 2926
2919 2928
2922 2932
2923 2926
2923 2928
2927 2932
2930 2941
2934 2941
2938 2940
2938 2942
2939 2940
2939 2942
2954 2962
2954 2963
2958 2962
2958 2963
