0 509
0 515
1 162
1 164
1 463
1 471
1 747
1 752
2 745
2 750
2 827
2 828
3 73
3 87
3 166
3 168
3 790
3 795
3 1194
3 1195
4 37
4 40
4 51
4 55
4 623
4 630
4 635
4 637
4 961
4 969
4 1050
4 1309
4 1316
5 384
5 388
5 724
5 727
6 13
6 45
6 1298
6 1299
7 8
7 27
7 195
7 206
7 468
7 489
7 493
7 500
8 9
8 27
8 28
8 34
8 167
8 168
8 250
8 251
8 754
8 1393
8 1415
8 1416
8 1417
8 1418
8 1428
8 1432
8 1434
8 1435
8 1436
8 1437
8 1438
8 1439
8 1440
8 1477
8 1482
8 1537
8 1538
8 1542
8 1543
8 1545
8 1732
8 1734
8 1948
8 1949
8 1950
9 27
9 28
9 34
9 152
9 153
9 174
9 175
9 178
9 181
9 208
9 210
9 211
9 220
9 223
9 224
9 225
9 226
9 303
9 464
9 465
9 472
9 477
9 744
9 1087
9 1088
9 1315
9 1318
9 1337
9 1429
9 1431
9 1441
9 1442
9 1478
9 1479
9 1482
9 1483
9 1484
9 1489
9 1491
9 1529
9 1531
9 1535
9 1546
9 1547
9 1684
9 1696
9 1697
9 1712
9 1954
9 1958
9 2251
10 178
10 181
10 208
10 210
10 220
10 223
10 224
10 225
10 226
10 303
10 744
10 1315
10 1318
10 1478
10 1484
10 1660
10 1684
10 1696
10 1905
10 2017
11 29
11 30
12 97
12 100
12 108
12 112
12 115
12 119
12 121
13 32
13 87
13 93
13 104
13 111
13 1180
13 1184
14 87
14 93
14 1337
14 2251
15 470
15 479
15 1337
15 2251
16 68
16 69
17 1041
17 1046
18 1040
18 1043
18 1825
18 1828
18 1830
18 2239
18 2241
19 1040
19 1043
19 1825
19 1828
19 1830
19 2239
19 2241
20 124
20 125
20 127
20 130
20 133
20 134
20 1542
20 1543
20 2020
20 2273
21 134
21 139
21 140
21 1375
22 35
22 38
22 150
22 212
22 319
22 320
22 630
22 713
22 721
22 802
22 804
22 969
23 35
23 38
23 150
23 212
23 319
23 320
23 630
23 713
23 721
23 969
24 306
24 318
24 319
25 306
25 318
25 319
26 1406
26 1421
26 1425
26 1726
26 1732
26 1734
27 28
27 34
27 35
27 146
27 147
27 150
27 151
27 162
27 164
27 165
27 167
27 168
27 195
27 196
27 206
27 264
27 269
27 270
27 275
27 277
27 463
27 468
27 471
27 485
27 489
27 491
27 493
27 500
27 511
27 517
27 711
27 714
27 717
27 723
27 732
27 735
27 1082
27 1085
27 1337
27 1357
27 1393
27 1412
27 1415
27 1419
27 1422
27 1428
27 1432
27 1436
27 1437
27 1439
27 1440
27 1536
27 1537
27 1538
27 1540
27 1542
27 1543
27 1544
27 1545
27 1547
27 1548
27 1605
27 1607
27 1627
27 1628
27 1656
27 1685
27 1689
27 1698
27 1708
27 1723
27 1726
27 1727
27 1729
27 1732
27 1733
27 1734
27 1737
27 1908
27 1909
27 1921
27 1923
27 1926
27 1930
27 1934
27 1938
27 1941
27 1944
27 1948
27 1949
27 1950
27 2058
27 2059
27 2248
27 2251
27 2281
27 2288
28 34
28 36
28 150
28 151
28 152
28 153
28 162
28 164
28 167
28 168
28 210
28 211
28 219
28 222
28 225
28 250
28 251
28 269
28 275
28 281
28 285
28 719
28 724
28 733
28 734
28 754
28 1087
28 1088
28 1337
28 1393
28 1413
28 1414
28 1416
28 1417
28 1418
28 1422
28 1434
28 1435
28 1437
28 1438
28 1440
28 1460
28 1477
28 1482
28 1483
28 1512
28 1529
28 1531
28 1533
28 1535
28 1536
28 1538
28 1540
28 1542
28 1543
28 1544
28 1545
28 1547
28 1548
28 1551
28 1627
28 1628
28 1656
28 1657
28 1908
28 1909
28 1921
28 1926
28 1938
28 1941
28 1944
28 1954
28 1958
28 2248
28 2251
28 2281
28 2288
29 31
29 210
29 211
29 219
29 222
29 733
29 734
29 1087
29 1088
29 1413
29 1414
29 1429
29 1431
29 1478
29 1479
29 1482
29 1483
29 1484
29 1489
29 1491
29 1529
29 1531
29 1535
29 1546
29 1547
29 1551
29 1938
29 1941
29 1944
30 31
32 45
33 1298
33 1299
34 36
34 75
34 76
34 146
34 147
34 148
34 150
34 151
34 164
34 165
34 196
34 264
34 269
34 270
34 275
34 277
34 281
34 285
34 311
34 312
34 343
34 348
34 424
34 427
34 428
34 460
34 463
34 465
34 471
34 472
34 477
34 481
34 489
34 491
34 492
34 493
34 495
34 496
34 511
34 517
34 531
34 543
34 603
34 608
34 609
34 610
34 612
34 613
34 618
34 619
34 706
34 708
34 709
34 711
34 713
34 717
34 719
34 720
34 721
34 724
34 732
34 735
34 789
34 790
34 799
34 809
34 1082
34 1085
34 1337
34 1352
34 1355
34 1357
34 1393
34 1412
34 1419
34 1422
34 1460
34 1503
34 1505
34 1511
34 1512
34 1520
34 1522
34 1533
34 1536
34 1538
34 1540
34 1544
34 1547
34 1548
34 1574
34 1575
34 1589
34 1593
34 1605
34 1607
34 1656
34 1657
34 1685
34 1689
34 1698
34 1706
34 1708
34 1719
34 1723
34 1727
34 1729
34 1735
34 1914
34 1917
34 1923
34 1926
34 1930
34 1934
34 2058
34 2059
34 2248
34 2251
34 2281
34 2288
34 2403
34 2405
35 311
35 312
35 345
35 347
35 427
35 428
35 472
35 476
35 477
35 481
35 485
35 489
35 491
35 492
35 493
35 495
35 496
35 531
35 543
35 603
35 608
35 610
35 613
35 618
35 619
35 706
35 708
35 709
35 1082
35 1085
35 1087
35 1337
35 1352
35 1355
35 1357
35 1406
35 1412
35 1419
35 1421
35 1425
35 1520
35 1522
35 1589
35 1593
35 1685
35 1689
35 1706
35 1719
35 1733
35 1735
35 1737
35 1926
35 1934
36 75
36 76
36 148
36 269
36 275
36 281
36 285
36 343
36 348
36 424
36 460
36 463
36 465
36 471
36 472
36 609
36 612
36 713
36 719
36 720
36 721
36 724
36 789
36 790
36 799
36 809
36 1422
36 1503
36 1505
36 1511
36 1574
36 1575
36 1656
36 1657
36 1914
36 1917
36 1923
36 1926
36 1934
36 2403
36 2405
37 475
37 482
37 494
37 501
37 530
37 531
37 961
37 2248
37 2250
37 2251
38 345
38 347
38 476
38 485
38 1085
38 1087
38 1716
38 1734
38 2025
38 2194
38 2195
38 2203
38 2210
38 2215
38 2216
38 2243
39 1153
39 1154
39 1167
39 1171
40 475
40 482
40 494
40 501
40 530
40 531
40 924
40 929
40 961
40 1669
40 1670
40 1900
40 1901
40 2248
40 2250
40 2251
41 1716
41 1734
41 2025
41 2194
41 2195
41 2203
41 2210
41 2215
41 2216
41 2243
42 50
42 1153
42 1154
42 1167
42 1171
43 623
43 924
43 929
43 961
43 1048
43 1051
43 1669
43 1670
43 1713
43 1721
43 1900
43 1901
44 129
44 133
44 830
44 831
45 104
45 111
45 1180
45 1184
46 623
46 642
46 643
46 961
46 1713
46 1721
47 1048
47 1051
48 642
48 643
49 830
49 831
51 129
51 133
51 961
51 1207
51 1211
52 134
52 139
52 140
52 1375
53 437
53 446
54 1112
54 1117
55 961
55 978
55 986
55 1207
55 1211
56 437
56 446
56 978
56 986
57 544
57 545
57 1112
57 1117
58 965
58 966
59 470
59 479
59 544
59 545
59 1112
59 1117
60 78
60 107
60 1159
60 1161
61 1027
61 1030
62 357
62 1281
63 78
63 107
63 1159
63 1161
64 1027
64 1030
65 357
65 1281
66 1159
66 1161
67 965
67 966
68 1053
68 1059
68 1063
68 1064
69 1053
69 1059
69 1063
69 1064
70 177
70 180
71 92
71 95
72 189
72 190
73 75
74 790
74 795
74 1194
74 1195
75 87
75 128
75 129
75 135
75 166
75 168
75 192
75 193
75 408
75 411
75 887
75 909
75 1187
75 1188
75 1223
75 1232
75 1399
76 128
76 129
76 134
76 136
76 192
76 193
76 408
76 411
76 1187
76 1188
76 1204
76 1210
76 1223
76 1232
77 134
77 136
77 1204
77 1210
78 1187
78 1188
79 1187
79 1188
80 1172
80 1174
81 1172
81 1174
82 122
82 123
83 1116
83 1124
83 1125
84 136
84 137
84 139
84 141
84 861
84 865
84 1104
84 1111
84 1112
84 1117
84 1122
84 1123
84 1136
84 1385
84 1387
84 2300
84 2307
84 2308
84 2322
84 2324
85 1104
85 1111
85 1116
85 1124
85 1125
85 1385
85 1387
85 2024
85 2265
86 177
86 178
87 493
87 497
88 102
88 103
89 144
89 500
89 502
89 503
90 177
90 178
90 183
90 186
91 144
91 500
91 502
91 503
92 177
92 178
92 183
92 185
92 186
93 493
93 497
93 1186
93 1190
94 102
94 103
95 116
95 118
95 183
95 185
95 186
95 188
96 117
96 122
97 1073
98 1186
98 1190
99 113
99 116
99 118
99 186
99 188
99 476
99 485
100 1073
101 113
101 117
101 118
101 122
101 476
101 485
102 2353
102 2359
103 2353
103 2359
104 1123
104 1136
105 142
105 159
106 117
106 122
107 1187
107 1188
108 1073
109 117
109 122
110 133
110 134
110 1402
111 1123
111 1136
112 1073
114 133
114 134
114 1402
115 882
115 885
115 1073
116 142
116 159
116 1450
116 1451
117 133
117 138
119 1073
120 125
120 127
120 154
120 155
120 213
120 215
120 217
120 221
120 1275
120 1276
120 1457
120 1458
120 1468
120 1474
120 1542
120 1545
120 1660
120 1684
120 1905
120 1966
120 1967
120 2017
120 2116
120 2117
121 882
121 885
121 1073
122 131
122 133
122 138
123 131
124 125
124 126
124 127
124 154
124 155
124 213
124 215
124 217
124 221
124 1275
124 1276
124 1336
124 1457
124 1458
124 1468
124 1474
124 1542
124 1545
124 1704
124 1718
124 1731
124 1966
124 1967
124 2065
124 2066
124 2116
124 2117
124 2269
124 2275
125 126
125 127
125 133
125 135
125 179
125 181
125 182
125 183
125 217
125 221
125 227
125 229
125 234
125 235
125 369
125 391
125 530
125 542
125 775
125 777
125 784
125 788
125 790
125 796
125 799
125 801
125 946
125 947
125 1087
125 1090
125 1270
125 1273
125 1336
125 1433
125 1436
125 1438
125 1450
125 1451
125 1467
125 1469
125 1562
125 1697
125 1712
125 1717
125 1824
125 1825
125 1827
125 1828
125 1978
125 1981
125 2068
125 2249
125 2252
125 2385
125 2386
125 2387
125 2388
125 2389
126 127
126 128
126 129
126 133
126 135
126 138
126 176
126 179
126 180
126 181
126 234
126 235
126 530
126 542
126 790
126 799
126 1121
126 1132
126 1203
126 1213
126 1378
126 1380
126 1452
126 1453
126 1459
126 1467
126 1469
126 1697
126 1712
126 1717
126 1771
126 1772
126 1972
126 1978
126 1979
126 1981
126 1982
126 1986
126 1999
126 2002
126 2006
126 2013
126 2385
127 182
127 183
127 217
127 221
127 227
127 229
127 234
127 235
127 369
127 391
127 775
127 777
127 788
127 796
127 801
127 1270
127 1273
127 1336
127 1433
127 1436
127 1438
127 1562
127 1704
127 1718
127 1731
127 1824
127 1825
127 1827
127 1828
127 2065
127 2066
127 2068
127 2269
127 2275
127 2387
127 2388
127 2389
128 133
128 135
128 138
128 176
128 180
128 771
128 773
128 799
128 808
128 812
128 817
128 1092
128 1098
128 1099
128 1121
128 1132
128 1187
128 1188
128 1203
128 1204
128 1205
128 1213
128 1248
128 1250
128 1260
128 1262
128 1264
128 1267
128 1337
128 1378
128 1380
128 1771
128 1772
128 1871
128 1878
128 1972
128 1979
128 1982
128 1986
128 1993
128 1995
128 1996
128 1999
128 2000
128 2002
128 2004
128 2012
128 2251
128 2346
128 2352
128 2364
128 2367
129 130
129 133
129 134
129 135
129 138
129 139
129 364
129 365
129 1092
129 1098
129 1099
129 1187
129 1188
129 1204
129 1205
129 1232
129 1233
129 1247
129 1252
129 1399
129 1402
129 1747
129 1748
129 1968
129 1993
129 1997
129 2141
129 2146
129 2258
129 2296
129 2297
129 2337
129 2338
129 2345
129 2352
129 2358
129 2384
130 133
130 784
130 790
130 799
130 946
130 947
130 1087
130 1090
130 1336
130 1452
130 1453
130 1459
130 1467
130 1469
130 1978
130 1981
130 2249
130 2252
130 2385
130 2386
132 1264
132 1267
132 1378
132 1380
132 1871
132 1878
132 1978
132 1981
132 2006
132 2013
133 134
133 135
133 138
133 139
133 364
133 365
133 366
133 902
133 903
133 1086
133 1089
133 1095
133 1096
133 1098
133 1099
133 1101
133 1102
133 1182
133 1183
133 1189
133 1204
133 1210
133 1216
133 1228
133 1230
133 1232
133 1233
133 1236
133 1247
133 1252
133 1255
133 1259
133 1336
133 1352
133 1355
133 1399
133 1402
133 1563
133 1564
133 1616
133 1618
133 1650
133 1747
133 1748
133 1968
133 1973
133 1974
133 1982
133 1983
133 1990
133 1993
133 1997
133 2005
133 2072
133 2075
133 2141
133 2146
133 2258
133 2296
133 2297
133 2303
133 2304
133 2322
133 2324
133 2330
133 2331
133 2337
133 2338
133 2345
133 2352
133 2354
133 2358
133 2361
133 2362
133 2363
133 2365
133 2368
133 2373
133 2375
133 2377
133 2378
133 2382
133 2383
133 2384
134 138
134 139
134 140
134 141
134 361
134 362
134 364
134 365
134 366
134 1097
134 1098
134 1122
134 1123
134 1172
134 1174
134 1176
134 1179
134 1199
134 1200
134 1216
134 1228
134 1336
134 1375
134 1386
134 1389
134 1399
134 1402
134 1497
134 1500
134 1618
134 1974
134 1988
134 1991
134 1994
134 1996
134 2000
134 2072
134 2075
134 2296
134 2299
134 2322
134 2324
134 2330
134 2331
134 2348
134 2351
134 2354
134 2358
134 2362
134 2363
134 2369
134 2370
134 2374
134 2377
135 138
135 771
135 773
135 799
135 808
135 812
135 817
135 902
135 903
135 1092
135 1098
135 1099
135 1248
135 1250
135 1260
135 1262
135 1337
135 1378
135 1380
135 1993
135 1995
135 1996
135 2000
135 2004
135 2012
135 2251
135 2346
135 2352
135 2364
135 2365
135 2367
135 2368
135 2373
135 2375
135 2377
135 2378
136 1097
136 1098
136 1126
136 1133
136 1141
136 1144
136 1153
136 1154
136 1176
136 1179
136 1375
137 1103
137 1109
137 1123
137 1126
137 1133
137 1135
137 1136
137 1141
137 1144
137 1153
137 1154
137 2278
137 2290
137 2294
138 365
138 366
138 764
138 783
138 830
138 831
138 1086
138 1089
138 1095
138 1096
138 1101
138 1102
138 1182
138 1183
138 1189
138 1204
138 1210
138 1230
138 1236
138 1255
138 1259
138 1352
138 1355
138 1402
138 1563
138 1564
138 1616
138 1650
138 1973
138 1982
138 1983
138 1990
138 1997
138 2005
138 2303
138 2304
138 2322
138 2324
138 2330
138 2331
138 2354
138 2361
138 2377
138 2380
138 2382
138 2383
139 140
139 141
139 361
139 362
139 364
139 365
139 366
139 764
139 783
139 830
139 831
139 1097
139 1098
139 1122
139 1123
139 1172
139 1174
139 1176
139 1177
139 1375
139 1386
139 1389
139 1399
139 1402
139 1497
139 1500
139 1988
139 1991
139 1994
139 1996
139 2000
139 2262
139 2263
139 2268
139 2274
139 2285
139 2289
139 2296
139 2299
139 2348
139 2351
139 2354
139 2358
139 2369
139 2370
139 2377
139 2380
140 376
140 377
140 1127
140 1134
140 1158
140 1164
140 2290
140 2292
140 2294
140 2295
140 2300
140 2308
140 2315
140 2316
140 2317
140 2318
141 1097
141 1098
141 1103
141 1109
141 1123
141 1135
141 1136
141 1176
141 1177
141 2262
141 2263
141 2268
141 2274
141 2278
141 2285
141 2289
142 440
142 475
142 482
142 485
142 509
142 515
142 519
142 520
142 521
143 507
143 510
143 516
145 149
145 212
148 238
148 239
148 465
148 472
148 478
149 426
150 151
150 170
150 171
150 194
150 195
150 693
150 694
150 810
150 824
150 1084
150 1086
151 170
151 171
151 172
151 173
151 194
151 195
151 693
151 694
151 810
151 824
151 1084
151 1086
152 194
152 195
153 169
153 170
153 194
153 195
154 1443
154 1444
154 1733
154 1737
155 1443
155 1444
156 787
156 793
156 1337
156 2251
157 787
157 793
157 1337
157 2251
158 782
158 800
159 440
159 441
159 442
159 509
159 515
159 521
160 475
160 482
160 485
160 519
160 520
161 507
161 510
161 516
162 424
163 172
163 173
164 424
167 1393
168 1393
169 225
170 225
174 1395
175 1395
176 518
176 520
176 1684
176 1696
176 1697
177 178
177 180
177 181
178 181
178 1447
178 1449
179 181
179 182
179 1447
179 1449
180 518
180 520
180 1684
180 1696
180 1697
181 182
181 1447
181 1449
184 1085
184 1088
187 1085
187 1088
187 1733
187 1737
189 191
189 1423
189 1656
190 191
190 1423
190 1656
192 782
192 800
194 356
194 357
194 1085
194 1087
195 290
195 291
195 356
195 357
195 1085
195 1087
196 267
196 273
197 198
197 208
198 207
199 745
199 750
200 201
200 214
200 216
200 706
200 708
200 1275
200 1276
201 1278
202 229
202 231
203 1205
203 1214
204 802
204 804
205 802
205 804
206 290
206 291
207 208
209 284
209 286
210 1487
210 1490
211 284
211 286
211 1487
211 1490
212 426
214 1278
215 228
215 230
216 1278
217 228
217 230
218 301
218 302
221 228
221 230
222 301
222 302
229 1274
231 1274
232 819
232 823
233 819
233 823
234 1243
234 1245
236 1243
236 1245
237 747
237 752
238 425
239 425
240 274
240 279
240 569
240 572
240 576
241 274
241 279
241 706
241 708
242 569
242 572
242 576
243 572
243 576
243 581
244 565
244 569
244 572
245 565
245 569
245 572
245 706
245 708
246 254
246 255
246 706
246 708
247 248
247 533
247 547
247 565
247 581
247 590
247 591
248 258
248 262
248 563
248 564
248 565
248 569
248 572
248 581
248 586
248 591
249 692
249 828
250 751
250 757
251 289
251 292
251 295
251 694
251 695
251 756
251 757
252 266
252 276
253 266
253 276
254 259
254 565
254 569
254 1268
254 1271
255 259
255 534
255 535
255 569
255 572
255 576
255 580
255 581
255 586
255 590
255 591
256 742
256 743
257 274
257 279
258 563
258 565
258 572
258 576
258 581
259 706
259 709
260 533
260 547
260 590
260 591
260 695
260 696
261 742
261 743
262 563
262 565
263 706
263 709
264 267
264 273
264 1084
264 1086
265 269
265 275
267 756
267 760
268 1084
268 1086
269 278
269 612
269 615
269 617
269 900
269 901
269 1085
269 1087
270 356
270 357
270 901
270 902
271 274
271 279
272 274
272 279
273 756
273 760
273 1084
273 1086
274 733
274 734
274 737
274 747
274 752
274 756
274 759
274 760
274 973
274 983
274 1532
274 1536
275 278
275 356
275 357
275 612
275 615
275 617
275 900
275 901
275 902
275 1085
275 1087
277 733
277 734
279 733
279 734
279 737
279 747
279 752
279 756
279 759
279 760
279 973
279 983
279 1532
279 1536
280 289
280 292
280 295
282 731
282 733
282 734
282 737
282 740
282 747
283 296
283 298
283 753
283 755
284 286
285 296
285 298
285 753
285 755
286 294
286 297
286 299
287 731
287 733
287 734
287 737
287 740
287 747
287 753
287 755
288 297
288 299
289 293
289 296
289 298
289 300
290 294
290 297
290 299
291 294
291 297
291 299
292 293
292 296
292 297
292 298
292 299
292 300
292 621
292 622
293 295
295 297
295 299
295 300
295 621
295 622
296 297
296 298
296 299
296 738
296 742
298 304
298 305
298 738
298 742
300 304
300 305
300 756
300 757
306 323
306 327
306 595
306 604
306 606
307 688
307 689
308 325
308 326
309 322
309 324
309 325
309 326
309 329
309 332
309 606
309 607
309 682
309 685
309 808
309 813
310 617
310 619
310 620
312 802
312 804
313 707
313 714
314 724
314 725
315 719
315 723
316 333
316 338
316 339
317 322
317 324
317 329
317 332
317 606
317 607
317 682
317 685
317 713
317 721
317 808
317 813
318 323
318 327
318 595
318 604
318 606
319 320
319 323
319 595
319 604
319 606
319 688
319 689
320 323
320 688
320 689
320 1293
320 1296
321 713
321 721
323 1293
323 1296
324 682
324 685
328 682
328 685
330 334
330 336
331 1319
331 1320
332 1319
332 1320
333 334
333 336
333 337
333 339
335 802
335 804
337 338
337 339
340 348
340 349
341 703
341 705
342 703
342 705
344 348
344 349
345 346
345 347
345 1305
345 1306
345 1308
345 1313
346 347
347 1305
347 1306
347 1308
347 1313
350 351
350 353
350 788
350 796
350 801
351 352
351 1298
351 1299
352 353
352 788
352 796
352 801
353 1298
353 1299
354 1298
354 1299
355 724
355 727
357 438
357 538
358 438
358 538
359 649
359 654
360 414
360 416
361 776
361 778
362 776
362 778
363 364
363 365
364 411
364 788
364 796
364 801
364 1402
365 411
365 1209
365 1218
365 1402
366 1097
366 1098
366 1209
366 1218
366 1402
367 770
367 775
368 696
368 797
368 806
370 829
370 839
370 840
370 848
371 417
371 419
371 829
371 842
371 847
371 854
371 1129
371 1132
372 847
372 854
373 380
373 381
373 395
373 397
373 399
373 403
373 417
373 419
373 855
373 856
374 380
374 381
374 855
374 856
375 380
375 381
376 378
376 380
376 381
376 845
376 859
376 863
376 1284
376 1295
376 1375
377 378
377 845
377 859
377 863
377 1284
377 1295
377 1375
379 852
379 859
382 905
382 1279
383 905
383 1034
383 1035
383 1279
384 702
385 444
385 1031
385 1033
385 1058
386 444
386 916
386 917
386 1031
386 1033
386 1058
386 1283
386 1286
387 1079
387 1080
388 702
389 444
389 1058
390 444
390 1058
392 1034
392 1035
393 905
393 1034
393 1035
393 1279
394 770
394 775
395 417
396 770
396 775
397 417
398 770
398 775
399 400
399 401
399 413
399 415
399 417
400 403
401 403
401 410
401 412
402 1211
402 1219
403 413
403 415
403 417
404 410
404 412
405 1211
405 1219
406 412
406 413
407 412
407 413
409 412
409 413
410 412
410 413
410 414
410 416
410 1129
410 1132
412 413
412 414
412 416
412 1129
412 1132
414 416
416 417
416 419
416 829
416 848
417 418
417 419
417 421
418 419
418 829
418 848
419 421
420 1120
420 1129
421 829
421 842
421 1129
421 1132
422 784
422 790
422 1120
422 1129
423 784
423 790
424 463
424 465
424 471
424 472
424 478
424 788
424 801
427 456
427 460
427 463
427 468
427 481
427 788
427 801
428 456
428 460
428 463
428 468
428 481
428 788
428 801
429 531
429 543
430 460
430 471
431 456
431 463
431 603
431 611
432 449
432 452
432 453
432 458
432 475
432 482
432 533
432 547
432 548
432 554
432 570
432 574
432 578
432 585
432 612
432 615
432 667
432 673
433 470
433 479
433 528
433 530
433 531
433 532
433 540
433 541
433 548
433 554
433 558
433 669
434 528
434 548
434 554
434 667
435 461
435 469
435 470
435 473
435 479
435 487
435 890
435 908
436 526
436 527
436 528
436 539
436 667
438 445
438 642
438 646
438 647
438 649
438 650
438 1058
439 509
439 515
441 522
441 776
441 778
442 522
442 776
442 778
443 523
443 538
444 523
444 538
445 446
445 1311
445 1313
446 649
446 650
446 1058
447 527
447 528
447 667
448 461
448 469
449 452
450 528
450 667
451 470
451 475
451 479
451 488
451 528
451 530
451 531
451 540
451 541
451 548
451 554
451 558
451 667
451 669
452 453
452 458
452 470
452 475
452 479
452 482
452 488
452 528
452 531
452 543
452 548
452 554
452 570
452 574
452 578
452 585
452 612
452 615
452 667
452 673
453 456
453 463
453 470
453 479
453 531
453 533
453 543
453 547
453 603
453 611
453 612
453 615
454 460
454 471
455 531
455 543
456 468
456 481
456 532
456 547
457 788
457 801
459 528
459 530
459 531
459 667
461 466
461 469
461 470
461 473
461 475
461 479
461 487
461 494
461 501
461 1012
461 1021
461 1282
461 1287
462 473
462 487
463 468
463 481
463 532
463 547
463 611
463 613
463 1301
463 1308
464 477
464 481
464 680
464 684
464 1393
464 1395
465 1395
465 1658
465 1841
466 469
466 470
466 479
467 577
467 584
467 1087
467 1088
469 470
469 475
469 479
469 494
469 501
469 1012
469 1021
469 1282
469 1287
470 475
470 476
470 488
470 490
470 528
470 529
470 530
470 557
470 667
470 673
471 611
471 613
471 1087
471 1088
471 1301
471 1308
472 1393
472 1395
472 1658
472 1733
472 1737
472 1841
473 557
474 475
474 488
474 490
474 529
474 530
475 479
475 1733
475 1737
476 479
476 577
476 584
476 927
476 930
477 481
477 680
477 684
477 1393
477 1395
478 1324
478 1423
479 528
479 529
479 557
479 667
479 673
480 577
480 584
480 927
480 930
482 1733
482 1737
483 1324
483 1423
483 1733
483 1737
484 676
484 679
484 1609
484 1610
485 1828
485 1830
486 927
486 930
487 557
488 676
488 679
488 1609
488 1610
490 1828
490 1830
494 1871
494 1878
495 1775
495 1776
496 1775
496 1776
498 1775
498 1776
499 1871
499 1878
500 1166
500 1167
502 513
502 518
502 520
502 1166
502 1167
504 518
504 520
505 518
505 520
506 513
506 518
506 520
508 518
508 520
512 1116
512 1124
512 1125
513 1116
513 1124
513 1125
513 1187
513 1188
514 1116
514 1124
514 1125
518 1116
518 1124
518 1125
518 1162
518 1168
518 1169
518 1187
518 1188
519 522
520 522
520 1162
520 1168
520 1169
523 525
523 628
523 629
523 633
523 634
523 635
523 637
523 638
523 644
523 646
523 649
523 650
523 1315
523 1318
524 525
524 628
524 629
524 635
524 637
524 644
524 646
524 649
524 650
524 1315
524 1318
525 635
525 637
525 640
525 644
525 648
525 649
526 557
526 649
526 654
528 976
528 984
528 1702
528 1724
529 566
529 570
529 575
529 577
530 531
530 543
530 558
530 559
530 566
530 567
530 570
530 574
530 575
530 600
530 606
530 679
530 682
531 543
531 570
531 575
531 582
531 589
531 593
531 597
531 600
531 606
531 611
531 614
532 582
532 598
532 602
532 611
532 614
533 536
533 537
533 556
533 560
533 563
533 564
533 572
533 581
533 595
533 598
533 602
533 604
534 553
534 595
534 604
535 553
535 1321
535 1322
536 547
537 547
537 617
537 619
537 620
538 642
538 646
538 647
538 650
539 557
541 558
541 566
541 582
541 584
541 589
541 592
542 558
542 559
542 567
542 570
542 574
542 589
542 592
542 679
542 682
542 1733
542 1737
543 570
543 575
543 589
543 593
543 597
543 600
543 606
544 552
544 563
545 682
545 685
546 565
546 569
546 1268
546 1271
547 556
547 560
547 563
547 564
547 572
547 581
547 598
547 602
548 558
548 566
548 573
548 575
548 577
548 582
548 584
549 575
549 577
550 589
550 597
551 552
551 563
552 598
552 602
553 563
553 565
553 569
553 572
553 576
553 580
553 581
553 586
553 590
553 591
553 598
553 602
554 573
554 577
554 584
555 579
555 583
555 589
555 593
555 597
555 598
555 602
556 572
556 581
556 590
556 591
557 890
557 908
558 577
558 584
559 577
559 584
560 572
560 581
560 591
561 579
561 583
561 589
561 593
561 597
562 598
562 602
563 565
563 569
563 590
563 591
563 695
563 696
564 565
565 569
565 572
565 581
565 612
565 615
566 598
566 602
568 589
568 592
569 572
569 576
569 581
569 586
569 591
569 612
569 615
570 598
570 602
570 1752
570 1753
571 589
571 592
571 593
571 597
572 576
572 581
572 586
572 590
572 591
572 594
572 598
574 589
574 593
574 597
575 598
575 602
575 673
575 1752
575 1753
576 581
576 586
576 591
576 598
576 717
576 726
577 579
577 580
577 585
577 587
577 588
577 589
577 592
577 598
577 602
577 673
579 582
579 584
580 582
580 584
581 590
581 591
581 594
581 596
581 598
581 599
581 605
582 598
582 602
584 585
584 587
584 588
584 589
584 592
584 598
584 602
586 717
586 726
589 606
589 607
591 596
591 598
591 599
591 605
591 617
591 620
593 606
593 607
594 612
594 615
595 612
595 615
596 601
596 602
597 606
597 607
598 617
598 620
599 601
599 602
599 603
599 608
599 613
599 2072
599 2075
601 605
602 605
603 605
604 612
604 615
605 608
605 613
605 2072
605 2075
606 612
606 615
612 615
612 617
612 677
612 680
612 684
615 617
615 677
615 680
615 684
616 706
616 708
623 624
623 625
623 630
623 635
623 637
623 641
623 645
623 961
623 969
623 981
623 987
623 1050
623 1662
623 1663
624 961
625 635
625 637
625 961
625 970
625 980
626 634
626 635
626 637
626 639
626 970
626 980
627 1002
627 1008
628 969
628 978
628 1002
628 1008
628 1309
628 1315
629 969
629 978
629 1002
629 1008
629 1309
629 1315
630 961
631 1020
631 1026
632 896
632 897
633 634
633 636
633 637
633 639
634 636
635 636
635 640
635 644
635 961
635 992
635 997
636 637
636 638
637 640
637 644
637 961
638 992
638 997
640 644
641 961
642 659
642 660
643 659
643 660
644 648
644 649
645 961
646 662
646 666
649 651
649 657
649 662
649 666
649 977
649 988
649 993
649 997
649 1280
650 662
650 666
651 654
651 941
651 942
651 944
652 656
652 661
653 941
653 942
653 944
654 657
654 977
654 988
654 993
654 997
654 1280
655 656
655 661
655 662
655 666
658 659
658 663
658 951
658 954
658 955
658 977
658 988
659 660
659 663
659 951
659 954
659 955
660 663
660 951
660 954
660 955
660 977
660 988
662 675
662 677
664 975
664 985
664 1741
664 1742
665 983
665 990
666 675
666 677
666 974
666 977
666 984
666 988
667 976
667 984
667 1702
667 1724
668 682
668 685
668 1304
668 1316
669 975
669 985
669 1741
669 1742
670 679
670 682
671 977
671 983
671 988
671 990
672 974
672 984
674 946
674 947
675 679
675 682
677 680
677 684
678 682
678 685
679 974
679 984
680 684
680 901
680 902
681 1733
681 1737
682 686
682 946
682 947
682 974
682 984
683 1304
683 1316
684 901
684 902
685 686
687 1321
687 1322
688 690
689 690
691 827
691 828
692 761
693 706
693 708
694 695
694 696
694 754
694 1084
694 1086
695 696
695 713
695 721
695 738
695 742
695 754
695 756
695 760
695 782
695 800
695 806
696 713
696 721
696 735
696 736
696 738
696 739
696 742
696 743
696 756
696 760
696 772
696 774
696 781
696 782
696 792
696 800
696 806
697 794
697 811
698 707
698 714
698 794
698 811
699 707
699 714
699 724
699 725
700 719
700 723
700 724
700 729
700 735
701 719
701 723
701 724
701 729
701 735
704 718
704 722
705 718
705 722
706 788
706 801
706 802
706 804
706 824
706 1278
708 788
708 801
708 802
708 804
708 824
708 1278
709 710
709 713
709 717
709 721
710 713
710 716
710 721
711 1084
711 1086
712 888
712 889
713 716
713 721
713 727
713 732
714 718
714 722
714 732
714 735
714 1392
715 729
715 735
715 780
715 781
716 717
716 721
717 729
717 735
718 723
718 1084
718 1086
719 1924
719 1933
720 729
720 732
720 735
720 780
720 781
720 888
720 889
721 727
721 732
722 723
723 732
723 735
723 1392
724 732
724 735
724 1924
724 1933
726 729
726 735
728 732
728 735
730 732
730 735
735 772
735 774
735 806
736 772
736 774
736 806
738 746
738 751
738 775
738 777
739 806
741 743
741 749
742 746
742 751
742 775
742 777
742 806
743 748
743 806
748 749
751 754
751 755
751 758
754 757
755 757
757 758
761 828
762 1276
762 1277
763 1276
763 1277
765 766
765 767
765 768
765 786
765 790
765 799
765 2329
765 2331
766 767
766 768
766 786
766 2329
766 2331
769 788
769 796
769 801
771 1097
771 1098
772 797
772 806
774 791
774 797
774 806
776 790
776 795
776 802
776 804
776 805
776 1244
776 1245
778 790
778 795
778 802
778 804
778 805
778 1244
778 1245
779 791
779 797
781 806
784 1102
784 1105
784 1106
785 901
785 902
786 790
786 799
788 794
788 811
788 1285
788 1300
789 825
789 826
789 886
789 1322
790 795
790 830
790 831
790 1102
790 1105
790 1106
790 2354
790 2361
792 806
792 1086
792 1087
794 801
795 1257
795 1261
795 2354
795 2361
796 1285
796 1300
798 901
798 902
799 830
799 831
801 811
801 1285
801 1300
802 1088
803 1257
803 1261
804 1088
807 1086
807 1087
809 825
809 826
809 886
809 1322
810 1084
810 1086
812 1270
812 1273
812 2350
812 2357
813 1270
813 1273
813 2350
813 2357
814 823
814 824
815 825
815 826
816 1269
816 1272
818 823
818 824
820 902
820 973
820 983
820 1269
820 1272
821 823
821 824
822 902
822 973
822 983
829 839
829 1121
829 1132
830 1102
830 1105
830 1115
830 1120
830 1129
830 1133
831 1102
831 1105
831 1115
831 1120
831 1129
831 1133
832 835
832 1108
832 1110
832 1132
832 1133
832 1140
833 835
833 1108
833 1110
833 1132
833 1133
833 1140
834 1121
834 1132
834 1176
834 1179
836 878
836 1127
836 1134
837 1127
837 1134
838 881
838 882
838 885
839 840
839 848
841 870
841 873
843 852
843 858
844 852
844 858
846 852
846 859
846 870
846 873
848 1121
848 1132
849 870
849 873
850 1113
850 1119
851 1284
851 1295
853 867
853 872
854 859
854 863
856 859
856 863
857 1284
857 1295
859 1309
859 1315
860 871
860 874
861 867
861 872
861 874
861 875
861 876
861 877
861 1375
862 880
862 884
863 1309
863 1315
864 871
864 874
865 867
865 872
865 874
865 875
865 876
865 877
865 1375
866 869
866 873
866 880
866 884
868 1113
868 1119
869 873
878 1127
878 1134
879 1130
879 1139
880 2285
880 2289
881 1091
882 1091
883 1130
883 1139
884 2285
884 2289
885 1091
886 888
886 909
887 1092
888 1322
888 1323
891 1078
891 1080
892 1078
892 1080
893 1078
893 1080
894 954
894 955
895 954
895 955
896 939
896 943
896 988
896 994
896 1000
897 939
897 943
897 988
897 994
897 1000
898 977
898 988
898 991
898 994
898 996
898 1085
898 1087
899 921
899 928
899 931
899 934
899 940
899 977
899 988
899 991
899 994
899 996
899 1085
899 1087
900 907
900 912
900 932
900 933
900 935
900 936
900 937
900 938
901 907
901 912
901 921
901 927
901 928
901 930
901 932
901 933
901 935
901 936
901 937
901 938
902 921
902 927
902 928
902 930
904 975
904 985
906 1078
906 1080
909 1092
909 1322
909 1323
910 915
910 917
911 915
911 917
913 975
913 985
914 975
914 985
916 1013
916 1016
916 1077
917 1013
917 1016
917 1077
918 922
918 923
919 921
919 928
920 927
920 930
921 922
921 923
921 926
922 928
925 927
925 930
926 928
926 931
926 934
926 940
927 945
927 950
927 973
927 983
930 945
930 950
930 973
930 983
943 977
943 988
943 991
943 994
943 996
948 993
948 997
949 977
949 988
952 993
952 997
953 993
953 997
956 972
956 982
956 1030
956 1036
957 1030
957 1036
958 972
958 982
959 1015
959 1021
960 1015
960 1021
961 969
961 1050
961 1309
961 1316
961 1662
961 1663
962 972
962 982
963 1055
963 1056
964 1055
964 1056
965 1044
965 1045
965 1052
965 1054
966 1039
966 1042
966 1044
966 1045
966 1052
966 1054
967 1074
967 1075
968 1041
968 1046
969 993
969 997
969 1012
969 1021
970 979
970 980
971 979
971 980
972 982
973 976
973 984
976 983
977 993
977 997
977 1716
977 1734
978 993
978 997
978 1010
978 1012
978 1021
981 1050
983 984
985 1011
985 1022
985 1304
985 1316
986 1010
986 1012
987 1050
988 993
988 997
988 1716
988 1734
989 1013
989 1016
989 1716
989 1734
993 994
993 998
993 1005
993 1011
993 1013
993 1016
993 1022
993 1304
993 1316
994 997
995 1002
995 1008
997 998
997 1005
999 1013
999 1016
999 1017
1001 1014
1001 1019
1002 1008
1003 1027
1003 1030
1004 1020
1004 1026
1006 1013
1006 1016
1007 1014
1007 1019
1009 1027
1009 1030
1012 1027
1012 1030
1012 1040
1012 1043
1013 1016
1013 1018
1013 1022
1013 1024
1015 1031
1015 1033
1015 1082
1015 1083
1016 1018
1016 1022
1016 1024
1016 1031
1016 1033
1016 1082
1016 1083
1017 1018
1017 1022
1017 1024
1021 1040
1021 1043
1023 1307
1023 1314
1025 1080
1025 1081
1026 1307
1026 1314
1028 1080
1028 1081
1029 1041
1029 1046
1032 1041
1032 1046
1037 1309
1037 1315
1038 1309
1038 1315
1039 1047
1042 1047
1044 1347
1044 1350
1045 1347
1045 1350
1047 1052
1047 1054
1047 1074
1047 1075
1048 1060
1048 1062
1049 1060
1049 1062
1057 1060
1057 1062
1058 1311
1058 1313
1060 1061
1061 1062
1065 1071
1065 1072
1066 1071
1066 1072
1067 1069
1067 1070
1068 1069
1068 1070
1076 1079
1076 1080
1077 1283
1077 1286
1092 1399
1093 1239
1093 1240
1094 1215
1094 1222
1095 1175
1095 1178
1095 1215
1095 1222
1096 1175
1096 1178
1096 1181
1096 1205
1096 1209
1096 1214
1096 1215
1096 1218
1096 1221
1096 1222
1096 1229
1096 1234
1096 1241
1097 1120
1097 1121
1097 1129
1097 1131
1097 1132
1097 1142
1097 1148
1097 1202
1097 1211
1098 1120
1098 1121
1098 1129
1098 1131
1098 1132
1098 1142
1098 1148
1098 1202
1098 1211
1098 1399
1099 1120
1099 1121
1099 1131
1099 1132
1099 1399
1100 1217
1100 1225
1101 1105
1101 1106
1101 1231
1101 1232
1102 1105
1102 1106
1102 1231
1102 1232
1104 1375
1104 2264
1104 2270
1104 2278
1107 1121
1107 1132
1108 1121
1108 1132
1108 1176
1108 1179
1109 1123
1109 1135
1109 1136
1111 1123
1111 1135
1111 1136
1111 1375
1111 2264
1111 2270
1111 2278
1112 1118
1114 1202
1114 1211
1116 1118
1116 1374
1116 2278
1116 2325
1117 1118
1118 1124
1118 1125
1120 1160
1121 1160
1121 1170
1122 1135
1122 1136
1122 1141
1122 1375
1123 1127
1123 1134
1123 1135
1123 1136
1123 1141
1123 1147
1123 1154
1123 1375
1124 2278
1125 1374
1125 2278
1125 2325
1127 1133
1127 1134
1127 1136
1127 1209
1127 1218
1127 1375
1128 1137
1128 1138
1128 1147
1128 1153
1128 1154
1131 1160
1132 1160
1132 1170
1133 1134
1133 1156
1133 1157
1134 1136
1134 1209
1134 1218
1134 1375
1135 1136
1135 1141
1135 1147
1135 1154
1136 1137
1136 1138
1136 1147
1136 1149
1136 1153
1136 1154
1136 1375
1140 1156
1140 1157
1141 1147
1141 1149
1141 1153
1142 1165
1142 1170
1143 1165
1143 1170
1145 1146
1145 1152
1146 1150
1146 1151
1146 1155
1147 1173
1147 1176
1147 1177
1150 1152
1151 1152
1152 1155
1153 1176
1153 1177
1153 1179
1154 1173
1154 1176
1154 1177
1154 1179
1158 1167
1158 1171
1158 1173
1158 1176
1158 1375
1160 1181
1160 1185
1160 1208
1160 1209
1160 1218
1162 1168
1162 1169
1163 1173
1163 1176
1164 1167
1164 1171
1164 1375
1166 1173
1166 1176
1167 1173
1167 1176
1168 1169
1168 1176
1168 1177
1169 1176
1169 1177
1170 1181
1170 1185
1170 1208
1170 1209
1170 1218
1175 1189
1175 1191
1175 1192
1176 2287
1176 2291
1176 2322
1176 2324
1178 1189
1178 1191
1178 1192
1178 1208
1178 1209
1179 2287
1179 2291
1179 2322
1179 2324
1181 1189
1181 1208
1181 1209
1187 1193
1187 1194
1188 1193
1188 1194
1189 1205
1189 1209
1189 1214
1189 1215
1189 1218
1189 1221
1189 1222
1189 1229
1189 1234
1189 1241
1194 1205
1194 1214
1195 1205
1195 1214
1196 1202
1196 1211
1196 1224
1196 1232
1197 1231
1197 1232
1198 1217
1198 1225
1199 1402
1200 1402
1201 1224
1201 1231
1201 1232
1202 1214
1202 1215
1202 1222
1202 1224
1202 1231
1202 1232
1204 1226
1204 1234
1205 1214
1205 1215
1205 1222
1205 1227
1205 1274
1206 1239
1206 1240
1207 1231
1207 1232
1209 1997
1209 2005
1210 1226
1210 1234
1210 1239
1210 1240
1211 1230
1211 1231
1211 1232
1211 1237
1212 1214
1212 1215
1212 1222
1213 1239
1213 1240
1214 1215
1214 1220
1214 1222
1214 1227
1214 1274
1215 1220
1215 1232
1215 1233
1215 1239
1215 1240
1215 1243
1215 1245
1215 1260
1215 1262
1215 1264
1215 2353
1215 2359
1218 1224
1218 1997
1218 2005
1219 1230
1219 1231
1219 1237
1220 1222
1220 1231
1220 1237
1222 1232
1222 1233
1222 1239
1222 1240
1222 1243
1222 1245
1222 1260
1222 1262
1222 1264
1222 2353
1222 2359
1228 1260
1228 1262
1230 1231
1230 1237
1231 1236
1231 1246
1231 1249
1232 1246
1232 1249
1235 1260
1235 1262
1236 1237
1238 1251
1238 1256
1238 1260
1238 1262
1238 1265
1238 1269
1242 1251
1242 1256
1242 1260
1242 1262
1242 1265
1242 1269
1248 1257
1248 1261
1250 1257
1250 1261
1253 1263
1253 1266
1254 1263
1254 1266
1255 1263
1255 1266
1258 1260
1258 1262
1259 1260
1259 1263
1259 1266
1259 1267
1260 1261
1260 1262
1261 1267
1269 1275
1269 1276
1272 1275
1272 1276
1275 1278
1276 1278
1284 2329
1284 2331
1288 1292
1288 1293
1288 1298
1288 1299
1289 1297
1289 1298
1289 1299
1290 1292
1290 1293
1291 1298
1291 1299
1294 1297
1294 1298
1294 1299
1295 2329
1295 2331
1301 1307
1301 1314
1302 1307
1302 1314
1303 1307
1303 1314
1305 1306
1305 1307
1305 1313
1305 1314
1306 1307
1306 1314
1307 1308
1307 1309
1307 1310
1307 1313
1308 1314
1309 1314
1310 1314
1311 1312
1311 1317
1312 1313
1313 1314
1313 1317
1325 1556
1325 1557
1326 1612
1326 1625
1326 1666
1326 1679
1326 1692
1326 1704
1326 2127
1326 2162
1326 2163
1326 2180
1326 2182
1326 2200
1326 2205
1326 2207
1327 1589
1327 1593
1327 1595
1328 1876
1328 1880
1329 2233
1329 2235
1329 2236
1330 1703
1330 1723
1331 1576
1331 1578
1331 1838
1331 1839
1331 1840
1332 1382
1332 1387
1332 1398
1332 1400
1333 1715
1333 1725
1334 2223
1334 2224
1335 2223
1335 2224
1336 1542
1336 1543
1336 2020
1336 2273
1337 1357
1337 1360
1337 1703
1337 1707
1337 1720
1337 1723
1337 1727
1337 2398
1337 2401
1338 1665
1338 1681
1339 2226
1339 2228
1340 2233
1340 2235
1340 2236
1341 1662
1341 1663
1342 1662
1342 1663
1343 2314
1343 2319
1344 2314
1344 2319
1345 1576
1345 1578
1346 1576
1346 1578
1348 1838
1348 1839
1348 1840
1349 1999
1349 2006
1349 2225
1349 2227
1351 1999
1351 2006
1351 2225
1351 2227
1352 2165
1352 2173
1353 2225
1353 2227
1354 2239
1354 2241
1355 2154
1355 2160
1355 2165
1355 2173
1356 2239
1356 2241
1357 1703
1357 1707
1357 1720
1357 1723
1357 1727
1357 2154
1357 2160
1357 2251
1357 2398
1357 2401
1358 2225
1358 2227
1359 2171
1359 2175
1360 2171
1360 2175
1360 2251
1361 2223
1361 2224
1362 2226
1362 2228
1363 2213
1363 2218
1364 2213
1364 2218
1365 1407
1365 1408
1365 1739
1365 1744
1366 1406
1366 1420
1366 1421
1366 1425
1366 1426
1366 1436
1366 1438
1367 1738
1367 1739
1368 1435
1368 1438
1369 1435
1369 1438
1370 1739
1370 1744
1371 1739
1371 1744
1372 1738
1372 1739
1372 2319
1372 2321
1372 2322
1372 2323
1372 2324
1372 2325
1373 1738
1373 1739
1373 2319
1373 2321
1373 2322
1373 2323
1373 2324
1373 2325
1374 2279
1374 2283
1375 2290
1375 2292
1375 2294
1375 2295
1375 2300
1375 2307
1375 2308
1375 2315
1375 2316
1375 2317
1375 2318
1375 2322
1375 2324
1376 1406
1376 1420
1376 1421
1376 1425
1376 1426
1376 1436
1376 1438
1376 1738
1376 1739
1377 1410
1377 1738
1377 1744
1377 1752
1377 1757
1379 1750
1379 1754
1381 1741
1381 1745
1381 1748
1381 1749
1382 2230
1383 1750
1383 1754
1384 1410
1384 1738
1384 1744
1384 1752
1384 1757
1385 1408
1385 1433
1385 1435
1385 1741
1385 1745
1385 1748
1385 1749
1385 1756
1387 2230
1388 1443
1388 1444
1390 1443
1390 1444
1391 2310
1391 2313
1392 1408
1392 1433
1392 1435
1392 1756
1393 1417
1393 1418
1393 1434
1393 1435
1393 1436
1393 1438
1393 1439
1394 2310
1394 2313
1395 1441
1395 1442
1395 1697
1395 1712
1396 1401
1396 1403
1397 1401
1397 1403
1398 2229
1400 2229
1401 2292
1401 2295
1402 2072
1402 2075
1402 2258
1402 2296
1402 2297
1402 2337
1402 2374
1402 2377
1403 2292
1403 2295
1404 1752
1404 1754
1404 1757
1404 1758
1405 1750
1405 1751
1405 1752
1405 1754
1405 1755
1405 1757
1405 1758
1406 1750
1406 1751
1406 1755
1406 1759
1406 1761
1407 1421
1407 1425
1407 1430
1407 1732
1407 1734
1407 1742
1407 1759
1407 1761
1408 1421
1408 1425
1408 1430
1408 1732
1408 1734
1408 1735
1408 1737
1408 1739
1408 1742
1408 1744
1408 1745
1408 1746
1408 1749
1409 1499
1409 1500
1410 1499
1410 1500
1410 2300
1410 2308
1411 1658
1411 1841
1412 1416
1412 1429
1412 1431
1412 1434
1412 1436
1412 1502
1412 1509
1412 1689
1412 1708
1413 1445
1413 1446
1414 1445
1414 1446
1415 1501
1415 1509
1416 1419
1416 1427
1416 1454
1416 1460
1416 1471
1419 1429
1419 1431
1419 1434
1419 1436
1419 1502
1419 1509
1419 1689
1419 1708
1420 1750
1420 1751
1420 1754
1420 1755
1420 1758
1424 1754
1424 1758
1427 1434
1428 1501
1428 1509
1430 1739
1430 1744
1434 1454
1434 1460
1434 1471
1435 1738
1435 1739
1435 1744
1438 1738
1438 1739
1438 1744
1448 1449
1448 1450
1449 1450
1454 1466
1454 1470
1455 1478
1455 1484
1455 1536
1455 1540
1455 1544
1456 1556
1456 1557
1457 1492
1457 1494
1458 1492
1458 1494
1461 1478
1461 1484
1462 1484
1462 1487
1462 1952
1462 1956
1462 2001
1462 2011
1463 1547
1463 1551
1463 1904
1463 1965
1464 1547
1464 1551
1464 1904
1464 1965
1465 1478
1465 1484
1465 1487
1465 1952
1465 1956
1465 2001
1465 2011
1466 1525
1466 1887
1466 1888
1470 1525
1470 1887
1470 1888
1472 1908
1472 1909
1473 1475
1473 1481
1475 1480
1476 1908
1476 1909
1478 1530
1480 1481
1481 1495
1481 1498
1482 2249
1482 2250
1482 2251
1482 2252
1484 1530
1484 2248
1484 2251
1485 1495
1485 1498
1486 2249
1486 2250
1486 2251
1486 2252
1488 2248
1488 2251
1493 1497
1493 1500
1496 1497
1496 1500
1497 1500
1497 2352
1497 2358
1500 2352
1500 2358
1503 1517
1503 1527
1503 1611
1503 2392
1504 1923
1504 1930
1505 1517
1505 1527
1505 1611
1505 1803
1505 1808
1505 2392
1506 1923
1506 1930
1507 1548
1507 1549
1507 1555
1507 1957
1508 1836
1508 1837
1509 1520
1509 1522
1510 1923
1510 1930
1513 1811
1513 1817
1513 1818
1514 1520
1514 1522
1515 1811
1515 1817
1515 1818
1516 1518
1516 1523
1518 1521
1519 1627
1519 1628
1520 1540
1520 1541
1520 1544
1520 1935
1520 1936
1520 2246
1520 2247
1521 1523
1522 1540
1522 1541
1522 1544
1522 2246
1522 2247
1524 1627
1524 1628
1526 1935
1526 1936
1528 1950
1528 1951
1528 1962
1528 1964
1529 1926
1529 1931
1529 1934
1530 1536
1530 1540
1530 1544
1531 1951
1531 1954
1534 1950
1534 1951
1534 1962
1534 1964
1535 1926
1535 1931
1535 1934
1535 1951
1535 1954
1536 1908
1536 1909
1537 1546
1537 1550
1537 1792
1537 1796
1537 1797
1537 1955
1537 1958
1537 2388
1537 2389
1538 1546
1538 1550
1538 1955
1538 1958
1538 2248
1538 2251
1539 1962
1539 1964
1539 2248
1539 2251
1540 1908
1540 1909
1541 1792
1541 1796
1541 1797
1541 2388
1541 2389
1542 1543
1542 1545
1542 1959
1542 1960
1542 2250
1542 2251
1543 1545
1543 1546
1543 1547
1545 1546
1545 1547
1545 1959
1545 1960
1545 2250
1545 2251
1548 1959
1549 1959
1551 1552
1551 1554
1552 1553
1553 1554
1555 1923
1555 1930
1555 1959
1558 1587
1558 1591
1559 1560
1559 1561
1560 1588
1560 1589
1560 1890
1560 1891
1560 1892
1560 1899
1560 1999
1560 2006
1561 1588
1561 1589
1561 1890
1561 1891
1561 1892
1561 1899
1561 1999
1561 2006
1563 2262
1563 2263
1564 2339
1564 2347
1565 1627
1565 1630
1565 2339
1565 2347
1566 1589
1566 1595
1566 1606
1566 1608
1566 2403
1566 2405
1567 2403
1567 2405
1568 1588
1568 1593
1568 2416
1568 2417
1568 2419
1568 2421
1569 2161
1569 2170
1570 2397
1570 2400
1571 1896
1571 1898
1572 1889
1572 1893
1573 1587
1573 1591
1576 1915
1576 1916
1577 1896
1577 1898
1578 1915
1578 1916
1579 1896
1579 1898
1579 1938
1579 1941
1579 1944
1580 1589
1580 1593
1580 1595
1581 1896
1581 1898
1581 1938
1581 1941
1581 1944
1582 1699
1582 1710
1582 1807
1582 1812
1582 2417
1582 2418
1583 1624
1583 2028
1584 1699
1584 1710
1584 1807
1584 1812
1584 1919
1584 1922
1584 2417
1584 2418
1585 1589
1585 1593
1585 1595
1586 2161
1586 2170
1588 1599
1588 1600
1588 1703
1588 1723
1588 1919
1588 1922
1588 2422
1589 1896
1589 1898
1589 1912
1589 2019
1589 2409
1589 2410
1590 2057
1590 2420
1591 1703
1591 1723
1592 2057
1592 2420
1593 1599
1593 1600
1593 1896
1593 1898
1593 2019
1593 2409
1593 2410
1593 2422
1594 1596
1594 1598
1595 1912
1595 2019
1596 1598
1597 1599
1597 1600
1598 1599
1598 1600
1601 2409
1601 2410
1602 2409
1602 2410
1603 1624
1603 2028
1604 1659
1604 1697
1604 1924
1604 1933
1605 1659
1605 1697
1605 1924
1605 1933
1606 1608
1606 1935
1606 1936
1607 1935
1607 1936
1612 1666
1612 1679
1612 2125
1613 1666
1613 1679
1613 2180
1613 2182
1613 2186
1613 2192
1614 1880
1614 1883
1614 2186
1614 2192
1615 1880
1615 1883
1615 2186
1615 2192
1616 1980
1616 1984
1617 1651
1617 1652
1618 1619
1618 1620
1618 1972
1618 1973
1618 1982
1618 1983
1618 1985
1618 2355
1618 2363
1619 1974
1620 1974
1621 1654
1621 1655
1622 1636
1622 1637
1623 2030
1623 2031
1625 1666
1625 1679
1625 1842
1625 1843
1625 2125
1625 2186
1625 2192
1626 1842
1626 1843
1627 1911
1629 1838
1629 1839
1630 1838
1630 1839
1630 1911
1631 1992
1631 1998
1632 2040
1632 2042
1633 1992
1633 1998
1634 1642
1634 1643
1635 1642
1635 1643
1635 2040
1635 2042
1636 1975
1636 1976
1636 1992
1636 1998
1637 1975
1637 1976
1638 1639
1638 1641
1639 1640
1640 1641
1643 1915
1643 1924
1644 1977
1644 1986
1645 1973
1645 1977
1645 1982
1645 1983
1645 1986
1646 1649
1646 1915
1646 1924
1647 1651
1647 1652
1648 1973
1648 1982
1648 1983
1651 1987
1651 1993
1652 1987
1652 1993
1653 1980
1653 1984
1654 1979
1655 1979
1657 1658
1657 1841
1658 1684
1658 1688
1659 1944
1659 1945
1660 1828
1660 1830
1661 2065
1661 2066
1662 1686
1662 1691
1662 1701
1662 1703
1662 1715
1662 1724
1662 1725
1662 1734
1662 1769
1662 1780
1662 2065
1662 2066
1663 1682
1663 1686
1663 1694
1663 1701
1663 1705
1663 1715
1663 1721
1663 1724
1663 1725
1663 1730
1663 1734
1663 1736
1663 1779
1663 1789
1664 1682
1664 1686
1664 1694
1664 1701
1664 1705
1664 1721
1664 1730
1664 1736
1664 1779
1664 1789
1664 1807
1664 1812
1664 1819
1664 1824
1664 1828
1665 2244
1666 1676
1666 1677
1666 1680
1666 1692
1666 2125
1666 2180
1666 2185
1666 2212
1667 1703
1667 1723
1668 1752
1668 1757
1669 1747
1669 1748
1671 1673
1671 1740
1671 1743
1672 1673
1672 1740
1672 1743
1673 1725
1673 1726
1674 1713
1674 1721
1674 2111
1674 2115
1675 2145
1675 2148
1675 2215
1675 2216
1676 1679
1676 2145
1676 2148
1676 2215
1676 2216
1676 2219
1676 2220
1677 1679
1677 1854
1677 1855
1677 2219
1677 2220
1678 1766
1678 1777
1678 1848
1678 1854
1678 2086
1678 2089
1678 2105
1678 2109
1678 2169
1678 2171
1679 1680
1679 1692
1679 1854
1679 1855
1679 2125
1679 2180
1679 2185
1679 2212
1681 1713
1681 1721
1681 2244
1682 1683
1682 1700
1682 1715
1682 1725
1682 1778
1682 1786
1682 1787
1682 1788
1682 1872
1683 1695
1683 1705
1683 1711
1683 1713
1683 1716
1683 1721
1683 1725
1683 1728
1683 1730
1683 1736
1684 1685
1684 1687
1684 1714
1685 1688
1686 1691
1686 1703
1686 1769
1686 1780
1686 1807
1686 1812
1686 1819
1687 1688
1688 1714
1688 1828
1688 1830
1688 2248
1688 2251
1690 1693
1690 1694
1690 1766
1690 1777
1690 1848
1690 1854
1690 2086
1690 2089
1690 2105
1690 2109
1690 2169
1690 2171
1692 1765
1692 1766
1692 1842
1692 1848
1692 1854
1692 2125
1692 2178
1692 2179
1692 2253
1692 2254
1692 2255
1692 2256
1693 1694
1693 2122
1693 2124
1693 2183
1693 2190
1694 1879
1694 1882
1695 1700
1697 1944
1697 1945
1699 1879
1699 1882
1700 1705
1700 1711
1700 1713
1700 1716
1700 1721
1700 1725
1700 1728
1700 1730
1700 1736
1701 1807
1701 1812
1701 1819
1702 1715
1702 1724
1704 1765
1704 1766
1704 1842
1704 1848
1704 1854
1704 2125
1704 2178
1704 2179
1704 2253
1704 2254
1704 2255
1704 2256
1705 1715
1705 1725
1709 1747
1709 1748
1709 1766
1709 1777
1709 1786
1709 1795
1709 1848
1709 1849
1709 2122
1709 2124
1709 2183
1709 2190
1710 1879
1710 1882
1711 1778
1711 1786
1711 1787
1711 1788
1711 1872
1712 2248
1712 2251
1713 1722
1713 1726
1713 1732
1713 1734
1713 1747
1713 1748
1713 1766
1713 1777
1713 1786
1713 1795
1713 1848
1713 1849
1713 2105
1713 2112
1713 2118
1713 2120
1713 2122
1713 2124
1713 2221
1713 2222
1714 2106
1714 2238
1715 1723
1715 1724
1715 1729
1715 1769
1715 1780
1715 2229
1716 1724
1716 1730
1720 2248
1720 2251
1721 1722
1721 1726
1721 1732
1721 1734
1721 1747
1721 1748
1721 2105
1721 2112
1721 2118
1721 2120
1721 2122
1721 2124
1721 2221
1721 2222
1723 1724
1724 1729
1724 1730
1724 1740
1724 1743
1724 1769
1724 1780
1724 2106
1724 2238
1725 1743
1725 1870
1725 1875
1725 2229
1726 1743
1726 1870
1726 1875
1730 1740
1730 1743
1731 2111
1731 2115
1732 1756
1734 1756
1735 1756
1737 1756
1738 2300
1738 2308
1739 1756
1742 1756
1744 1756
1745 1756
1745 1759
1745 1760
1746 1756
1746 1759
1746 1760
1747 1748
1747 1752
1747 2231
1748 1752
1748 2231
1748 2327
1748 2328
1749 1756
1749 1759
1749 1760
1749 2327
1749 2328
1750 2327
1750 2328
1752 1763
1754 1762
1757 1763
1758 1762
1764 2121
1764 2123
1765 1870
1765 1875
1765 2121
1765 2123
1765 2168
1765 2174
1766 1870
1766 1875
1766 2168
1766 2174
1766 2412
1766 2413
1767 2075
1767 2086
1768 1804
1768 1809
1769 1804
1769 1812
1769 2097
1769 2098
1769 2107
1769 2110
1769 2119
1769 2120
1769 2409
1769 2410
1770 1828
1770 1830
1770 2114
1770 2116
1773 1776
1773 1783
1774 1889
1774 1893
1776 1784
1776 1892
1776 1897
1776 1900
1776 1901
1776 1902
1779 1804
1779 1809
1780 1804
1780 1812
1780 2097
1780 2098
1780 2107
1780 2110
1780 2119
1780 2120
1780 2409
1780 2410
1781 1828
1781 1830
1781 2114
1781 2116
1781 2412
1781 2413
1782 1793
1782 1798
1782 1799
1782 1828
1782 1830
1783 1784
1783 1892
1783 1897
1783 1900
1783 1901
1783 1902
1784 1791
1784 1796
1785 1793
1785 1798
1785 1799
1785 1828
1785 1830
1789 2146
1789 2147
1790 2412
1790 2413
1791 1794
1791 1836
1791 1837
1792 1813
1792 1816
1792 1828
1792 1830
1792 1836
1792 1837
1794 1796
1796 1808
1796 1813
1796 1822
1796 1825
1796 1827
1796 1828
1796 1829
1796 1830
1797 1813
1797 1816
1797 1822
1797 1827
1797 1828
1797 1829
1797 1830
1799 1828
1799 1830
1800 1808
1800 1813
1800 1825
1800 1827
1800 1828
1800 1830
1801 1828
1801 1830
1802 1828
1802 1830
1803 1822
1803 1825
1803 1827
1803 1829
1803 1831
1803 1836
1805 1828
1805 1830
1806 1808
1806 1813
1806 1828
1806 1830
1807 1808
1807 1809
1807 1812
1807 1813
1807 1814
1807 1815
1807 1819
1807 1820
1807 1825
1807 1827
1807 1828
1807 1830
1807 1832
1808 1810
1808 1812
1808 1814
1808 1822
1808 1825
1808 1827
1808 1828
1808 1829
1808 1830
1808 1831
1808 1836
1808 2006
1808 2013
1809 1812
1810 1813
1810 1828
1810 1830
1811 1827
1811 1829
1812 1813
1812 1814
1812 1815
1812 1819
1812 1820
1812 1825
1812 1827
1812 1828
1812 1830
1812 1832
1813 1814
1813 1822
1813 1825
1813 1827
1813 1828
1813 1830
1813 2006
1813 2013
1816 1824
1816 1828
1819 1824
1819 1828
1821 1828
1821 1830
1822 1825
1822 1827
1822 1955
1822 1961
1823 1824
1823 1828
1825 1827
1825 1955
1825 1961
1826 1828
1826 1830
1827 1955
1827 1961
1829 1982
1829 1983
1831 2250
1831 2251
1833 1982
1833 1983
1834 1951
1834 1954
1834 2250
1834 2251
1835 1905
1835 1906
1835 1907
1835 1951
1835 1954
1835 2017
1836 1905
1836 1906
1836 1907
1836 1910
1836 2017
1837 1910
1842 1848
1842 1849
1842 1854
1842 1855
1842 2128
1842 2129
1842 2165
1842 2166
1842 2186
1842 2192
1842 2197
1843 1848
1843 1849
1843 1854
1843 1855
1843 2128
1843 2129
1843 2165
1843 2166
1843 2186
1843 2192
1843 2197
1844 1848
1844 1854
1844 1855
1845 1848
1845 1854
1845 1855
1846 1848
1846 1849
1846 1854
1846 1858
1846 2137
1846 2138
1846 2139
1846 2150
1846 2155
1847 2151
1847 2153
1848 1854
1848 1855
1848 2122
1848 2124
1848 2139
1849 1854
1849 1855
1849 2122
1849 2124
1849 2139
1850 2161
1850 2170
1851 1873
1851 1880
1852 1862
1852 1863
1853 1873
1853 1880
1854 1857
1854 1861
1854 2136
1854 2139
1854 2143
1854 2151
1854 2153
1854 2179
1854 2180
1854 2181
1854 2185
1855 1857
1855 1861
1855 2136
1855 2143
1855 2145
1855 2148
1855 2179
1855 2180
1855 2181
1855 2185
1856 1862
1856 1863
1857 2149
1857 2155
1858 2139
1858 2145
1858 2148
1859 1864
1859 1881
1860 2149
1860 2155
1861 1869
1861 1870
1861 1875
1861 2149
1861 2155
1862 2136
1862 2144
1862 2158
1862 2167
1863 2136
1863 2144
1864 1881
1865 1869
1865 1870
1865 1875
1866 1874
1866 1877
1867 1873
1867 1880
1868 1874
1868 1877
1868 2158
1868 2167
1871 1885
1871 1886
1872 2412
1872 2413
1873 2134
1875 2161
1875 2170
1876 2161
1876 2170
1876 2232
1878 1885
1878 1886
1879 2075
1879 2086
1880 2134
1880 2232
1884 2146
1884 2147
1889 1902
1889 1903
1893 1902
1893 1903
1894 2387
1894 2388
1895 2387
1895 2388
1896 1997
1896 2005
1898 1997
1898 2005
1907 1955
1907 1958
1910 1923
1910 1930
1913 2403
1913 2405
1914 1923
1914 1930
1914 2030
1914 2031
1914 2262
1914 2263
1918 1932
1918 1940
1920 1923
1920 1930
1921 1932
1921 1940
1923 1925
1923 1929
1923 1930
1923 1931
1923 1935
1923 1936
1923 2030
1923 2031
1924 1927
1924 1928
1925 1930
1927 1933
1927 1944
1927 1947
1928 1933
1929 1930
1930 1931
1930 1935
1930 1936
1932 1935
1932 1936
1935 1936
1935 1937
1935 1942
1935 1944
1935 1947
1935 2003
1935 2014
1936 1937
1936 1942
1936 2003
1936 2014
1938 1944
1938 1947
1938 2399
1938 2402
1939 1944
1939 1945
1940 1944
1940 1947
1940 1948
1941 1944
1941 1947
1941 2399
1941 2402
1942 1944
1942 1947
1943 1944
1943 1947
1943 1948
1944 1945
1944 1947
1945 1947
1945 1948
1946 1947
1946 1948
1947 1948
1947 1952
1947 1956
1947 1975
1947 1976
1948 1952
1948 1956
1948 1975
1948 1976
1952 1953
1952 1958
1953 1956
1955 1963
1956 1958
1957 1959
1958 1963
1969 2377
1969 2380
1969 2381
1970 2377
1970 2380
1970 2381
1971 2262
1971 2263
1972 1973
1972 1974
1972 1982
1972 1983
1973 1974
1973 1979
1973 1982
1973 1983
1973 1984
1973 1990
1974 1982
1974 1983
1974 1985
1974 1990
1974 2355
1974 2363
1975 1992
1975 1998
1976 1992
1976 1998
1977 1982
1977 1985
1977 1986
1979 1982
1979 1983
1982 1983
1982 1985
1983 1984
1983 1990
1984 2361
1984 2365
1985 1986
1987 2361
1987 2365
1989 2262
1989 2263
1991 2322
1991 2324
1993 2263
1993 2332
1994 2322
1994 2324
1996 2353
1996 2359
1997 2077
1997 2087
1997 2263
1997 2332
2000 2353
2000 2359
2001 2004
2001 2012
2001 2262
2001 2263
2002 2006
2002 2007
2002 2015
2002 2016
2002 2017
2002 2018
2003 2031
2003 2032
2004 2011
2005 2077
2005 2087
2006 2007
2006 2015
2006 2017
2007 2016
2007 2018
2008 2380
2008 2381
2009 2380
2009 2381
2010 2031
2010 2032
2011 2012
2011 2262
2011 2263
2016 2388
2016 2389
2016 2390
2018 2388
2018 2389
2018 2390
2021 2282
2021 2286
2022 2282
2022 2286
2022 2288
2023 2282
2023 2288
2024 2278
2024 2293
2024 2298
2026 2030
2026 2031
2026 2032
2026 2034
2027 2032
2027 2034
2029 2038
2029 2039
2029 2049
2029 2051
2029 2053
2030 2309
2030 2311
2031 2309
2031 2311
2033 2038
2033 2039
2033 2049
2033 2051
2033 2053
2035 2043
2035 2045
2036 2052
2036 2055
2037 2043
2037 2045
2038 2040
2038 2042
2038 2043
2038 2045
2038 2048
2038 2050
2039 2040
2039 2042
2039 2043
2039 2045
2039 2048
2039 2050
2041 2052
2041 2055
2044 2301
2044 2305
2045 2049
2045 2053
2046 2049
2046 2053
2047 2301
2047 2305
2048 2264
2048 2272
2049 2054
2049 2056
2050 2264
2050 2272
2053 2054
2053 2056
2057 2074
2057 2079
2058 2074
2058 2079
2060 2234
2060 2237
2060 2243
2060 2245
2061 2234
2061 2237
2062 2234
2062 2237
2063 2179
2063 2181
2063 2183
2063 2190
2064 2179
2064 2181
2064 2183
2064 2190
2065 2066
2065 2072
2065 2075
2065 2076
2065 2081
2065 2082
2065 2089
2065 2090
2065 2091
2065 2092
2065 2094
2066 2072
2066 2075
2066 2076
2066 2081
2066 2082
2066 2089
2066 2090
2066 2091
2066 2092
2066 2094
2067 2086
2067 2089
2069 2243
2069 2245
2070 2084
2070 2088
2071 2106
2071 2238
2073 2084
2073 2088
2077 2086
2077 2089
2078 2106
2078 2238
2078 2240
2078 2242
2080 2414
2080 2415
2083 2240
2083 2242
2085 2414
2085 2415
2093 2414
2093 2415
2095 2104
2095 2108
2096 2104
2096 2108
2099 2149
2099 2155
2099 2404
2099 2406
2100 2149
2100 2155
2100 2404
2100 2406
2101 2114
2101 2116
2102 2404
2102 2406
2103 2114
2103 2116
2105 2108
2105 2113
2106 2108
2106 2113
2108 2238
2113 2238
2118 2181
2118 2190
2120 2181
2120 2190
2122 2168
2122 2174
2122 2183
2122 2190
2124 2168
2124 2174
2124 2183
2124 2190
2125 2127
2125 2162
2125 2163
2125 2180
2125 2182
2125 2200
2125 2205
2125 2207
2126 2169
2126 2171
2127 2205
2127 2207
2128 2180
2128 2182
2129 2180
2129 2182
2129 2207
2129 2208
2129 2211
2130 2207
2130 2208
2130 2211
2131 2180
2131 2185
2132 2180
2132 2182
2133 2180
2133 2182
2133 2209
2133 2214
2135 2161
2135 2170
2136 2168
2136 2174
2137 2139
2138 2139
2139 2150
2139 2155
2140 2165
2140 2166
2142 2161
2142 2170
2143 2161
2143 2168
2143 2170
2143 2174
2149 2150
2149 2152
2149 2154
2149 2160
2149 2168
2149 2174
2149 2180
2149 2182
2150 2155
2150 2176
2150 2177
2151 2154
2151 2160
2152 2155
2153 2154
2153 2160
2153 2171
2153 2172
2154 2155
2154 2164
2154 2165
2155 2160
2155 2168
2155 2174
2155 2176
2155 2177
2155 2180
2155 2182
2156 2180
2156 2185
2157 2171
2157 2172
2159 2180
2159 2185
2160 2164
2160 2165
2164 2205
2164 2207
2165 2201
2165 2204
2166 2201
2166 2204
2169 2199
2169 2202
2171 2199
2171 2202
2173 2205
2173 2207
2180 2196
2180 2197
2180 2198
2180 2199
2180 2391
2182 2196
2182 2197
2182 2199
2182 2391
2184 2193
2184 2195
2185 2198
2186 2187
2186 2188
2187 2189
2188 2189
2191 2193
2191 2195
2196 2209
2196 2214
2200 2205
2200 2207
2203 2414
2203 2415
2206 2414
2206 2415
2208 2215
2208 2216
2209 2213
2209 2218
2210 2414
2210 2415
2211 2215
2211 2216
2213 2217
2217 2218
2234 2394
2237 2394
2257 2336
2257 2346
2258 2336
2258 2346
2259 2341
2259 2342
2259 2343
2259 2349
2259 2356
2260 2307
2260 2309
2261 2333
2261 2360
2262 2340
2262 2347
2263 2340
2263 2347
2264 2266
2264 2270
2264 2275
2265 2278
2265 2293
2265 2298
2266 2270
2266 2271
2267 2274
2267 2277
2267 2302
2267 2306
2268 2274
2268 2277
2268 2302
2268 2306
2269 2282
2269 2288
2270 2271
2270 2275
2271 2275
2275 2282
2275 2285
2275 2288
2275 2289
2276 2285
2276 2289
2279 2290
2279 2294
2279 2307
2279 2308
2279 2325
2280 2286
2280 2288
2283 2290
2283 2294
2283 2307
2283 2308
2283 2325
2284 2333
2284 2360
2286 2288
2287 2322
2287 2324
2291 2322
2291 2324
2307 2308
2307 2312
2307 2316
2307 2318
2307 2334
2308 2312
2308 2316
2308 2318
2309 2334
2312 2319
2312 2321
2312 2322
2312 2324
2315 2329
2315 2331
2316 2319
2316 2321
2316 2322
2316 2324
2317 2329
2317 2331
2318 2322
2318 2324
2320 2322
2320 2324
2322 2326
2322 2327
2322 2419
2322 2421
2324 2326
2324 2327
2324 2419
2324 2421
2326 2330
2326 2331
2327 2330
2327 2331
2328 2330
2328 2331
2335 2341
2335 2342
2335 2343
2335 2349
2335 2356
2338 2345
2338 2362
2338 2363
2338 2376
2338 2379
2340 2377
2340 2380
2344 2376
2344 2379
2345 2362
2345 2363
2347 2377
2347 2380
2348 2361
2348 2365
2354 2361
2354 2365
2361 2365
2362 2369
2362 2370
2362 2371
2362 2372
2362 2377
2362 2380
2362 2381
2365 2369
2365 2370
2366 2371
2366 2372
2366 2377
2366 2378
2366 2380
2366 2381
2369 2377
2369 2378
2374 2377
2374 2380
2374 2381
2377 2380
2377 2381
2377 2382
2377 2383
2380 2382
2380 2383
2393 2397
2393 2400
2395 2407
2395 2408
2396 2407
2396 2408
2399 2403
2399 2405
2402 2403
2402 2405
2403 2405
2409 2418
2409 2421
2410 2418
2410 2421
2411 2414
2411 2415
2412 2414
2412 2415
2414 2416
2414 2417
2415 2416
2415 2417
2416 2422
2417 2422
2418 2419
2418 2421
2419 2421
2419 2422
2421 2422
