0 76
0 81
0 410
0 412
1 83
1 86
2 669
2 672
3 471
3 488
3 503
3 506
4 865
4 876
5 300
5 308
5 1202
5 1210
6 7
6 17
6 18
6 19
6 20
6 22
6 297
6 299
6 870
6 877
6 968
6 969
6 970
6 971
6 1260
6 1262
7 8
7 18
7 19
7 20
7 74
7 108
7 111
7 129
7 131
7 508
7 509
7 511
7 966
7 967
7 982
7 983
7 988
7 989
7 991
7 992
7 994
7 996
7 997
7 998
7 1001
7 1002
7 1004
7 1030
7 1033
8 19
8 20
8 23
8 25
8 71
8 74
8 76
8 78
8 118
8 122
8 129
8 131
8 132
8 972
8 973
8 974
8 998
8 1001
8 1030
8 1033
8 1041
9 19
9 25
9 74
9 76
9 1290
9 1291
10 63
10 66
11 65
11 68
12 474
12 478
12 492
12 532
12 533
12 1165
12 1167
13 474
13 478
13 492
13 532
13 533
13 1165
13 1167
14 91
14 94
15 26
15 30
15 706
15 707
16 675
16 685
17 22
17 24
17 954
17 1101
17 1114
18 19
18 20
18 22
18 24
18 78
18 84
18 118
18 121
18 436
18 438
18 954
18 967
18 968
18 969
18 983
18 984
18 1055
18 1064
18 1072
18 1077
18 1101
18 1114
18 1180
18 1197
18 1202
18 1210
18 1274
18 1277
18 1279
18 1318
18 1319
18 1635
18 1636
19 20
19 22
19 25
19 74
19 108
19 111
19 297
19 299
19 870
19 877
19 956
19 966
19 967
19 968
19 969
19 982
19 983
19 988
19 991
19 994
19 996
19 997
19 998
19 1001
19 1002
19 1004
19 1049
19 1050
19 1055
19 1064
19 1260
19 1262
19 1315
19 1316
20 21
20 74
20 108
20 111
20 508
20 509
20 511
20 956
20 966
20 967
20 982
20 983
20 988
20 991
20 994
20 996
20 997
20 998
20 1001
20 1002
20 1004
21 23
22 25
22 78
22 84
22 118
22 121
22 208
22 314
22 319
22 382
22 383
22 433
22 436
22 438
22 573
22 575
22 954
22 967
22 968
22 969
22 983
22 984
22 1055
22 1064
22 1072
22 1077
22 1109
22 1125
22 1127
22 1180
22 1196
22 1197
22 1202
22 1209
22 1210
22 1217
22 1223
22 1274
22 1277
22 1279
22 1315
22 1316
22 1318
22 1319
22 1321
22 1322
22 1327
22 1405
22 1410
22 1522
22 1523
22 1623
22 1633
22 1635
22 1636
22 1660
24 314
24 319
24 385
24 601
24 954
24 1214
24 1217
24 1220
24 1223
24 1405
24 1410
24 1522
24 1523
25 74
25 208
25 382
25 383
25 433
25 573
25 575
25 1049
25 1050
25 1055
25 1064
25 1109
25 1125
25 1127
25 1196
25 1209
25 1289
25 1294
25 1321
25 1322
25 1327
25 1623
25 1633
25 1660
26 385
26 601
26 708
26 1214
26 1217
26 1220
26 1223
27 1289
27 1294
28 725
28 800
28 806
29 63
29 66
30 708
31 725
31 800
31 806
32 63
32 66
32 590
32 628
33 65
33 68
34 63
34 66
34 590
34 628
34 674
34 680
35 918
35 922
35 1189
35 1190
36 674
36 680
37 918
37 922
37 1189
37 1190
38 916
38 920
39 916
39 920
40 61
40 64
40 693
40 695
41 693
41 695
42 309
42 320
42 321
43 61
43 64
43 89
43 91
43 309
43 320
43 321
44 61
44 64
44 89
44 91
45 556
45 697
46 556
46 697
47 675
47 685
48 119
48 123
49 479
49 484
49 749
49 807
49 815
49 962
49 963
50 51
50 52
51 785
51 786
51 794
52 785
52 786
52 794
53 741
53 748
54 741
54 748
55 56
55 91
55 94
55 519
55 520
55 1533
55 1535
55 1536
56 519
56 520
57 118
57 122
58 119
58 123
59 60
59 118
59 122
60 118
60 122
62 300
62 308
62 1202
62 1210
63 73
63 77
63 276
64 73
64 77
65 113
65 116
65 118
65 122
66 276
67 109
67 110
68 113
68 116
68 118
68 122
69 109
69 110
70 71
70 78
71 72
71 74
71 76
71 103
71 131
71 132
71 313
71 974
71 975
71 978
71 979
72 78
72 80
72 133
72 134
72 139
72 140
72 1202
72 1210
74 76
74 78
74 118
74 122
74 131
74 132
74 934
74 969
74 970
74 972
74 973
74 974
74 989
74 992
74 998
74 1001
74 1010
74 1014
74 1015
74 1041
75 83
75 100
75 101
75 718
75 781
75 783
75 790
75 962
76 103
76 144
76 313
76 934
76 969
76 970
76 974
76 975
76 977
76 989
76 992
76 1010
76 1011
76 1014
76 1015
76 1290
76 1291
77 83
77 86
77 962
78 131
78 132
78 137
78 138
78 139
78 140
78 171
78 172
78 707
78 710
78 934
78 978
78 979
78 980
78 1010
78 1202
78 1210
78 1211
78 1218
78 1256
78 1257
79 87
79 89
79 850
79 853
80 83
80 100
80 101
80 133
80 134
80 171
80 172
80 478
80 492
80 707
80 710
80 781
80 783
80 937
80 962
80 1202
80 1210
80 1293
80 1295
80 1309
80 1310
80 1524
80 1569
81 137
81 138
81 144
81 171
81 172
81 934
81 977
81 979
81 980
81 1010
81 1011
81 1211
81 1218
82 83
82 86
82 173
82 175
82 718
82 735
82 736
82 790
82 899
82 938
82 963
82 1561
82 1569
82 1595
82 1603
83 86
83 87
83 88
83 89
83 92
83 499
83 501
83 505
83 715
83 735
83 736
83 805
83 810
83 823
83 830
83 848
83 849
83 850
83 851
83 853
83 855
83 858
83 899
83 938
83 962
83 1531
83 1552
83 1555
83 1561
83 1564
83 1566
83 1569
83 1570
84 171
84 172
84 1211
84 1218
84 1256
84 1257
85 478
85 492
85 937
85 1293
85 1295
85 1309
85 1310
85 1524
85 1569
86 88
86 92
86 499
86 501
86 505
86 715
86 805
86 810
86 823
86 830
86 848
86 849
86 851
86 855
86 858
86 899
86 937
86 1524
86 1552
86 1555
86 1564
86 1566
86 1567
86 1568
86 1569
86 1599
86 1602
86 1615
86 1616
87 91
87 94
87 147
87 148
87 718
87 719
87 744
87 745
87 750
87 754
87 755
87 775
87 776
87 788
87 789
87 790
87 792
87 813
87 822
87 831
87 941
87 942
87 1357
87 1358
87 1380
87 1526
87 1527
87 1532
87 1534
87 1535
87 1562
87 1563
87 1565
88 92
88 173
88 175
88 963
88 1531
88 1570
88 1595
88 1603
89 91
89 93
89 94
89 95
89 744
89 745
89 750
89 760
89 765
89 801
89 811
89 1551
89 1553
89 1562
89 1563
89 1565
90 751
90 752
91 93
91 94
91 95
91 713
91 751
91 752
91 753
91 760
91 765
91 768
91 772
91 783
91 786
91 801
91 811
91 1379
91 1384
91 1541
91 1545
91 1547
91 1548
91 1551
91 1553
91 1562
91 1565
92 899
92 937
92 1524
92 1569
92 1599
92 1602
92 1615
92 1616
93 94
93 95
93 147
93 148
93 718
93 719
93 754
93 755
93 775
93 776
93 781
93 783
93 788
93 789
93 790
93 792
93 813
93 822
93 831
93 941
93 942
93 1145
93 1346
93 1357
93 1358
93 1380
93 1526
93 1527
93 1532
93 1534
93 1535
93 1549
93 1550
94 713
94 751
94 752
94 753
94 768
94 772
94 783
94 786
94 1379
94 1384
94 1533
94 1535
94 1536
94 1541
94 1545
94 1547
94 1548
95 520
95 521
95 781
95 783
95 1145
95 1346
95 1380
95 1534
95 1549
95 1550
96 520
96 521
97 707
97 708
98 131
98 132
98 135
98 136
99 131
99 132
99 135
99 136
100 173
100 175
102 707
102 708
104 128
104 130
105 114
105 115
106 114
106 115
107 128
107 130
112 137
112 138
114 137
114 138
114 298
114 305
115 298
115 305
117 129
117 131
118 123
118 126
118 128
118 129
118 130
118 131
118 132
118 976
118 1009
120 129
120 131
121 123
121 126
121 129
121 131
122 128
122 129
122 130
122 131
122 132
122 976
122 1009
124 129
124 131
125 129
125 131
127 129
127 131
128 311
128 316
129 311
129 316
141 707
141 708
142 153
142 154
142 707
142 708
143 410
143 412
145 479
145 481
146 810
146 819
147 474
147 492
147 522
147 523
147 725
147 800
147 810
147 819
148 522
148 523
149 153
149 154
150 181
150 466
151 181
151 466
152 181
152 466
155 181
155 466
156 705
156 706
157 706
157 707
158 162
158 165
158 702
158 703
159 705
159 706
160 166
160 167
160 706
160 707
161 162
161 165
161 702
161 703
162 856
162 859
163 856
163 859
164 166
164 167
165 856
165 859
168 707
168 710
169 707
169 710
170 479
170 481
173 174
173 846
173 852
174 175
175 846
175 852
176 180
176 354
177 180
177 190
177 193
177 354
177 462
177 464
178 180
178 354
178 360
178 368
178 449
178 453
178 462
178 464
179 360
179 368
179 449
179 451
179 453
179 458
180 370
180 375
180 451
180 458
182 508
182 509
182 511
183 498
183 500
184 450
184 454
185 483
185 489
186 382
186 383
187 707
187 708
188 707
188 708
189 328
189 337
189 369
189 375
190 370
191 328
191 337
191 369
191 375
192 194
192 197
193 370
194 198
195 423
195 424
196 326
196 340
196 702
196 703
197 198
199 326
199 340
199 423
199 424
199 702
199 703
200 215
200 216
201 215
201 216
202 215
202 216
202 332
202 423
203 215
203 216
203 332
203 423
204 217
204 419
205 458
205 462
206 548
206 549
207 249
207 250
209 562
209 564
210 562
210 564
211 223
211 227
211 295
211 296
211 382
211 383
212 382
212 383
213 872
213 877
214 415
214 418
215 218
215 219
215 331
215 415
215 417
216 218
216 219
216 331
216 415
216 417
217 422
220 458
220 462
221 895
221 896
222 895
222 896
223 232
224 479
224 481
225 479
225 481
226 437
226 440
226 441
226 478
226 492
226 891
226 893
227 232
228 437
228 440
229 437
229 440
229 441
229 478
229 492
229 891
229 893
230 478
230 492
231 437
231 440
232 295
232 296
233 470
233 471
233 480
233 486
233 488
233 490
233 491
233 495
233 825
233 833
234 790
234 792
234 804
234 812
234 814
235 522
235 523
236 261
236 262
236 263
236 709
236 710
237 261
237 262
237 263
237 709
237 710
238 251
238 252
239 496
239 497
240 496
240 497
241 470
241 471
241 486
241 488
241 490
241 491
241 495
241 503
241 506
241 825
241 833
241 1582
241 1592
242 471
242 488
243 471
243 488
244 527
244 528
244 529
244 531
244 532
244 533
244 534
245 527
245 528
245 529
245 531
245 532
245 534
246 543
246 544
246 638
246 641
247 543
247 544
247 638
247 641
248 865
248 876
249 432
250 432
251 475
252 475
253 256
253 257
254 256
254 257
255 479
255 481
258 479
258 481
259 474
259 476
259 478
259 479
259 481
259 484
260 474
260 476
260 478
260 479
260 481
260 484
264 528
264 531
264 532
264 533
265 528
265 531
265 532
265 533
266 522
266 523
267 790
267 792
267 804
267 812
267 814
268 470
268 471
268 480
268 486
268 488
268 490
268 491
268 495
268 825
268 833
269 288
269 292
270 332
270 333
270 377
270 381
271 296
271 318
272 322
272 323
272 406
272 407
272 568
272 571
272 611
272 616
273 285
273 286
273 322
273 323
273 406
273 407
273 581
273 582
273 583
273 611
273 616
273 618
273 1230
273 1237
274 285
274 286
274 322
274 402
274 403
274 406
275 281
275 289
277 554
277 555
277 559
278 554
278 555
278 559
279 322
279 406
279 669
279 672
279 674
279 681
279 687
279 690
280 669
280 672
281 346
282 324
282 325
283 285
283 286
283 322
283 323
283 324
283 325
283 406
283 407
283 581
283 582
283 583
283 616
283 618
283 1230
283 1237
284 323
284 407
284 568
284 571
284 611
284 616
285 297
285 299
285 324
285 326
285 332
285 333
285 335
285 336
285 377
285 381
285 411
286 297
286 299
286 324
286 326
286 335
286 336
286 411
287 288
287 292
289 346
289 388
289 394
290 622
290 625
291 296
291 318
293 388
293 394
294 622
294 625
295 322
295 406
296 322
296 406
297 299
297 301
297 306
297 310
297 910
297 911
297 912
299 301
299 306
299 310
299 910
299 911
299 912
302 1199
302 1213
303 1199
303 1213
304 307
304 312
304 1199
304 1213
306 910
306 911
306 912
307 311
311 312
311 316
311 317
314 698
314 699
315 698
315 699
316 317
322 351
322 567
322 570
322 682
323 392
323 557
323 558
323 602
324 325
324 334
324 411
324 416
324 604
324 610
325 334
325 411
325 416
327 604
327 608
328 332
328 423
329 332
329 423
330 342
330 344
338 342
338 344
339 352
339 353
339 362
339 363
341 604
341 608
343 352
343 353
343 362
343 363
344 360
344 371
345 356
345 358
347 360
347 371
348 368
348 371
349 356
349 358
350 362
350 363
350 368
350 371
351 402
351 403
351 406
354 362
354 363
354 370
354 371
354 375
355 377
355 381
357 377
357 381
357 382
357 383
359 372
359 374
361 450
361 454
361 483
361 489
362 365
362 367
362 373
362 376
362 408
362 410
363 373
363 376
363 408
363 410
364 378
364 379
365 371
365 372
365 373
365 374
366 450
366 454
367 371
367 373
367 374
367 378
367 379
369 502
369 507
370 462
370 464
375 502
375 507
375 862
375 863
380 862
380 863
384 622
384 625
384 647
384 648
384 1229
384 1237
384 1241
385 647
385 648
385 1229
385 1237
385 1241
386 388
386 599
387 388
387 599
388 389
388 394
388 573
388 575
389 394
390 629
390 630
391 612
391 613
392 407
393 622
393 625
394 573
394 575
395 629
395 630
396 609
396 614
397 609
397 614
398 572
398 574
398 579
398 582
398 610
398 611
398 616
398 630
398 634
399 402
399 403
399 572
399 574
399 579
399 582
399 610
399 611
399 616
399 630
399 634
400 402
400 403
401 402
401 403
402 404
403 404
404 572
404 574
405 572
405 574
406 567
406 570
406 682
407 557
407 558
407 602
409 467
409 515
411 604
411 610
412 467
412 515
413 415
413 417
414 415
414 417
415 420
415 421
418 420
418 421
419 422
425 513
425 514
426 428
426 429
427 428
427 429
429 447
429 452
429 483
429 489
429 511
429 512
430 447
430 452
430 483
430 489
430 511
430 512
431 548
431 549
432 892
432 894
434 892
434 894
435 442
435 445
439 442
439 445
439 461
439 463
443 461
443 463
444 704
444 706
446 704
446 706
447 483
447 494
448 457
448 458
451 455
451 460
452 455
452 460
452 483
452 494
456 457
456 458
459 498
459 500
465 508
465 509
465 511
466 513
466 514
467 499
467 501
468 854
468 857
469 813
469 822
469 858
469 860
471 516
471 523
471 725
471 800
472 817
472 826
472 842
472 843
473 817
473 826
473 842
473 843
474 838
477 499
477 501
477 710
477 711
477 809
477 823
479 481
479 484
479 796
479 809
479 823
481 484
481 809
481 823
482 710
482 711
482 809
482 823
484 796
485 499
485 501
486 799
486 807
487 799
487 807
488 516
488 523
488 725
488 800
490 504
490 506
490 799
490 807
491 499
491 501
491 799
491 807
492 809
492 823
492 838
493 504
493 506
495 499
495 501
499 515
499 715
499 810
501 515
501 715
501 810
503 850
503 853
504 858
504 860
506 850
506 853
510 858
510 860
516 1582
516 1592
517 766
517 770
518 766
518 770
519 727
519 734
520 727
520 734
522 831
523 831
524 532
524 533
525 726
525 731
525 739
525 746
526 707
526 710
530 745
530 750
531 731
531 738
535 707
535 710
535 726
535 731
535 739
535 745
535 746
535 750
536 731
536 738
537 728
537 732
538 545
538 547
539 728
539 732
540 545
540 547
541 778
541 781
542 778
542 781
543 545
543 546
543 700
543 701
544 545
544 546
544 700
544 701
550 561
550 563
550 565
550 659
550 665
551 659
551 665
552 882
552 884
553 882
553 884
554 647
554 648
555 647
555 648
560 561
560 563
560 565
566 706
566 707
569 706
569 707
573 603
573 608
573 611
573 616
573 618
573 621
575 603
575 608
575 611
575 616
575 618
575 621
575 864
575 880
576 589
576 644
576 648
576 657
577 589
577 644
577 648
577 657
578 588
578 662
579 864
579 880
580 588
580 662
584 645
584 646
585 645
585 646
586 592
586 593
587 592
587 593
588 589
588 638
588 641
588 649
588 650
588 657
588 661
589 590
589 617
589 662
589 669
589 672
590 606
590 607
590 657
591 669
591 672
594 651
594 653
594 666
594 671
595 620
595 624
596 620
596 624
597 677
597 683
598 659
598 665
598 675
598 685
600 633
600 635
605 633
605 635
606 628
607 628
607 638
607 641
612 613
615 622
615 625
617 657
617 669
617 672
619 622
619 625
619 658
619 661
619 691
619 692
622 626
622 627
622 633
622 635
622 687
622 690
623 691
623 692
625 633
625 635
625 687
625 690
626 631
626 658
626 661
626 691
626 692
627 631
632 640
632 642
632 645
636 642
636 645
637 642
637 645
639 640
639 642
639 645
642 645
643 644
643 648
644 645
645 648
647 648
647 652
648 652
648 885
648 886
649 662
650 654
650 655
650 662
651 660
651 670
652 654
652 655
652 885
652 886
653 660
653 670
656 659
656 665
657 662
657 669
657 672
659 687
659 690
660 666
660 671
660 687
660 690
661 662
661 669
661 672
663 675
663 685
664 677
664 683
665 687
665 690
666 669
666 672
666 674
666 681
667 669
667 672
668 687
668 690
669 673
669 678
669 679
669 682
670 687
670 690
672 673
672 678
672 679
672 682
673 674
673 681
674 682
674 687
674 690
675 676
675 677
676 677
677 691
677 692
681 682
681 687
681 690
682 687
682 690
683 691
683 692
684 687
684 690
686 687
686 690
687 689
688 1229
688 1237
688 1241
689 690
691 1229
691 1237
691 1241
693 694
693 696
694 695
695 696
706 707
706 708
706 710
707 708
707 710
709 710
712 1399
712 1474
714 1399
714 1474
715 721
715 770
715 782
715 784
715 1564
715 1566
716 797
716 798
717 810
717 819
718 766
718 770
720 722
720 766
720 801
720 811
721 810
722 803
723 724
723 806
724 749
724 754
724 755
724 799
724 807
725 749
725 754
725 755
725 778
725 781
725 799
725 802
725 804
725 807
725 832
725 835
725 838
725 981
725 1021
726 778
726 779
729 745
729 750
730 763
730 767
731 778
731 779
733 745
733 750
733 809
733 810
736 763
736 767
737 809
737 810
740 756
740 757
742 1380
742 1533
743 1380
743 1533
745 760
745 765
747 756
747 757
749 796
749 806
749 813
749 820
749 822
749 834
750 760
750 765
751 761
751 762
751 768
751 772
752 761
752 762
752 768
752 772
754 806
754 821
754 828
755 806
755 821
755 828
756 758
756 764
757 758
757 764
759 1552
759 1554
762 1552
762 1554
766 795
766 803
768 779
768 782
769 777
769 780
770 781
770 783
770 795
770 810
771 779
771 782
771 788
771 789
773 777
773 780
774 781
774 783
775 778
775 781
775 788
775 789
776 778
776 781
778 779
778 781
778 800
778 818
778 826
778 1562
778 1563
779 781
779 818
779 826
781 797
781 798
781 800
781 1562
781 1563
782 810
783 797
783 798
784 810
785 790
785 792
787 790
787 792
790 808
790 816
790 1564
790 1566
791 797
791 798
792 797
792 798
792 808
792 816
792 1564
792 1566
793 797
793 798
795 797
795 798
795 810
795 819
796 807
796 815
796 962
796 963
797 805
797 823
798 805
798 823
799 806
799 822
799 829
800 802
800 804
800 832
800 835
800 838
800 981
800 1021
801 803
801 820
801 834
803 811
806 807
807 813
807 822
807 829
809 813
809 822
810 1564
810 1566
811 820
811 821
811 828
811 834
813 823
813 844
813 845
813 847
813 849
813 851
815 821
815 828
817 832
817 835
818 850
818 853
820 824
821 832
821 835
822 823
822 844
822 845
822 847
822 849
822 851
824 834
826 832
826 835
826 850
826 853
827 835
827 839
828 835
828 839
832 834
832 837
832 841
834 835
835 837
835 841
836 846
836 852
836 1525
836 1526
836 1574
840 846
840 852
840 1525
840 1526
840 1574
851 858
851 860
854 861
857 861
866 881
866 883
867 875
867 878
868 875
868 878
869 874
869 879
870 875
870 878
871 881
871 883
872 873
872 878
872 879
873 874
873 877
873 879
877 878
877 879
887 889
887 890
888 889
888 890
897 1564
897 1566
898 1023
898 1028
899 1005
899 1006
899 1573
899 1574
900 1280
900 1281
900 1451
900 1458
900 1641
900 1647
901 1392
901 1657
902 1564
902 1566
903 906
903 911
903 913
904 907
904 915
904 966
904 982
904 1072
904 1077
904 1242
904 1243
905 1242
905 1243
906 909
907 944
907 948
908 1507
908 1508
909 911
909 913
909 1242
909 1243
914 1233
914 1236
914 1239
915 944
915 948
915 1233
915 1239
915 1564
915 1566
917 1233
917 1236
917 1239
919 1233
919 1239
919 1564
919 1566
921 932
921 933
923 939
923 940
923 1503
923 1504
924 1513
924 1515
925 1396
925 1424
926 939
926 940
926 1225
926 1227
926 1503
926 1504
927 932
927 933
927 1237
927 1241
927 1396
927 1424
928 932
928 933
928 1237
928 1241
929 1441
929 1485
930 1441
930 1485
930 1513
930 1515
931 1225
931 1227
934 1005
934 1006
935 967
935 968
935 969
935 983
936 967
936 983
937 1005
937 1006
943 967
943 983
945 958
945 959
946 995
946 999
947 995
947 999
948 966
948 982
948 1072
948 1077
948 1242
948 1243
949 958
949 959
950 1564
950 1566
951 958
951 959
952 1564
952 1566
953 1007
953 1008
953 1560
953 1561
954 970
954 971
954 1242
954 1243
955 970
955 971
955 989
955 992
957 1007
957 1008
957 1560
957 1561
960 1035
960 1040
960 1564
960 1566
961 1035
961 1040
961 1564
961 1566
963 1567
963 1568
964 965
964 986
965 966
965 982
965 986
965 1224
965 1228
966 986
966 1228
966 1234
966 1583
966 1597
967 987
967 1005
967 1006
967 1012
967 1244
968 981
968 1005
968 1006
968 1012
968 1021
969 981
969 1005
969 1006
969 1012
969 1021
970 1197
970 1198
970 1210
974 1002
974 1004
976 1032
976 1033
977 1000
977 1003
977 1039
977 1042
978 1039
978 1042
982 986
982 1228
982 1234
982 1583
982 1597
983 1005
983 1006
983 1012
985 1197
985 1198
985 1210
986 1224
986 1228
987 1235
990 1556
990 1558
993 1556
993 1558
1000 1011
1002 1041
1003 1011
1004 1041
1005 1010
1005 1569
1006 1010
1006 1569
1009 1032
1009 1033
1013 1014
1013 1015
1014 1022
1015 1022
1015 1023
1015 1028
1016 1372
1016 1374
1017 1372
1017 1374
1018 1045
1018 1046
1019 1045
1019 1046
1019 1362
1019 1364
1019 1588
1019 1595
1020 1362
1020 1364
1020 1588
1020 1595
1023 1517
1023 1519
1024 1079
1024 1083
1025 1079
1025 1083
1026 1084
1026 1086
1026 1087
1026 1099
1026 1100
1027 1084
1027 1086
1027 1087
1027 1099
1027 1100
1028 1517
1028 1519
1029 1088
1029 1091
1029 1093
1030 1088
1030 1091
1030 1093
1031 1035
1031 1040
1034 1035
1034 1040
1035 1036
1035 1041
1035 1046
1035 1047
1036 1040
1037 1039
1037 1042
1038 1039
1038 1042
1040 1041
1040 1046
1040 1047
1043 1045
1043 1046
1044 1045
1044 1046
1047 1598
1047 1600
1048 1598
1048 1600
1049 1290
1049 1291
1051 1271
1051 1272
1052 1070
1052 1075
1053 1072
1053 1077
1054 1336
1054 1339
1055 1359
1055 1366
1056 1361
1056 1367
1057 1290
1057 1291
1058 1341
1058 1342
1059 1061
1059 1069
1059 1070
1059 1075
1059 1341
1059 1342
1060 1062
1060 1070
1060 1074
1060 1075
1061 1082
1061 1085
1061 1263
1062 1068
1062 1069
1062 1070
1062 1072
1062 1075
1062 1077
1062 1336
1062 1338
1062 1339
1063 1265
1063 1270
1064 1359
1064 1366
1065 1361
1065 1367
1066 1078
1066 1081
1066 1092
1066 1093
1066 1361
1066 1367
1067 1078
1067 1081
1067 1092
1067 1093
1068 1070
1068 1074
1068 1075
1069 1074
1069 1082
1069 1085
1069 1263
1070 1072
1070 1074
1070 1077
1070 1336
1070 1339
1071 1078
1071 1081
1071 1092
1071 1093
1072 1075
1072 1263
1072 1265
1072 1270
1073 1089
1073 1090
1074 1075
1074 1338
1074 1339
1075 1077
1075 1265
1075 1270
1076 1089
1076 1090
1077 1263
1077 1265
1077 1270
1078 1092
1078 1093
1080 1265
1080 1270
1081 1517
1081 1518
1083 1517
1083 1518
1094 1096
1094 1097
1094 1098
1095 1096
1095 1097
1095 1098
1096 1317
1096 1343
1097 1317
1097 1343
1102 1103
1102 1307
1102 1309
1102 1393
1102 1654
1103 1307
1103 1309
1103 1393
1103 1654
1104 1188
1104 1192
1105 1125
1105 1127
1106 1117
1106 1119
1106 1135
1106 1138
1106 1158
1106 1161
1107 1117
1107 1119
1107 1135
1107 1138
1107 1158
1107 1161
1108 1391
1108 1657
1108 1658
1108 1659
1109 1293
1109 1295
1109 1391
1109 1657
1109 1658
1109 1659
1110 1639
1110 1642
1111 1112
1111 1653
1112 1653
1113 1132
1113 1133
1115 1315
1115 1316
1116 1118
1116 1120
1116 1298
1116 1301
1116 1315
1116 1316
1117 1118
1117 1120
1117 1298
1117 1301
1117 1315
1117 1316
1121 1658
1121 1659
1121 1660
1122 1639
1122 1642
1123 1125
1123 1127
1123 1655
1123 1656
1124 1125
1124 1127
1124 1655
1124 1656
1124 1658
1124 1659
1124 1660
1125 1293
1125 1295
1125 1305
1125 1306
1125 1313
1125 1649
1125 1650
1126 1320
1126 1321
1126 1323
1126 1324
1127 1293
1127 1295
1127 1305
1127 1306
1127 1313
1127 1649
1127 1650
1128 1320
1128 1321
1128 1323
1128 1324
1129 1320
1129 1321
1130 1641
1130 1648
1131 1624
1131 1632
1132 1141
1133 1141
1134 1641
1134 1648
1136 1187
1136 1193
1137 1547
1137 1548
1139 1187
1139 1193
1140 1624
1140 1632
1141 1547
1141 1548
1142 1641
1142 1648
1143 1641
1143 1648
1144 1549
1144 1553
1145 1549
1145 1553
1146 1355
1146 1358
1146 1360
1146 1370
1147 1563
1147 1565
1148 1563
1148 1565
1149 1177
1149 1178
1149 1357
1149 1358
1149 1361
1149 1367
1150 1177
1150 1178
1150 1357
1150 1358
1150 1361
1150 1367
1151 1161
1151 1163
1152 1153
1152 1158
1152 1161
1152 1347
1152 1354
1152 1355
1152 1357
1153 1347
1154 1526
1154 1540
1154 1543
1154 1573
1155 1156
1155 1177
1155 1178
1155 1179
1156 1170
1156 1172
1156 1382
1157 1385
1157 1386
1158 1347
1159 1162
1159 1166
1160 1162
1160 1166
1161 1168
1161 1347
1163 1168
1163 1562
1163 1565
1164 1562
1164 1565
1165 1169
1165 1171
1167 1169
1167 1171
1169 1170
1169 1172
1170 1171
1170 1179
1170 1382
1171 1172
1172 1179
1172 1382
1173 1174
1173 1175
1173 1520
1173 1521
1174 1175
1174 1176
1174 1520
1174 1521
1175 1176
1177 1382
1178 1382
1179 1382
1181 1182
1181 1269
1182 1196
1183 1184
1185 1186
1185 1194
1186 1215
1186 1250
1186 1253
1188 1206
1188 1211
1188 1314
1188 1397
1188 1398
1191 1638
1191 1644
1192 1206
1192 1211
1192 1314
1192 1397
1192 1398
1193 1255
1193 1258
1194 1215
1195 1250
1195 1253
1196 1269
1200 1202
1200 1210
1200 1624
1200 1632
1201 1217
1201 1223
1202 1214
1203 1451
1203 1458
1204 1273
1204 1275
1204 1440
1204 1448
1205 1451
1205 1458
1206 1255
1206 1258
1207 1250
1207 1253
1208 1217
1208 1223
1210 1214
1212 1250
1212 1253
1214 1219
1214 1222
1214 1624
1214 1632
1216 1273
1216 1275
1216 1440
1216 1448
1217 1219
1217 1266
1219 1220
1219 1223
1220 1222
1221 1228
1221 1234
1223 1266
1224 1595
1224 1601
1225 1242
1225 1243
1226 1231
1226 1238
1226 1240
1227 1228
1227 1234
1227 1242
1227 1243
1228 1595
1228 1601
1231 1232
1232 1238
1232 1240
1235 1244
1242 1245
1242 1246
1243 1245
1243 1246
1247 1280
1247 1281
1247 1451
1247 1458
1247 1641
1247 1647
1248 1302
1248 1303
1249 1302
1249 1303
1251 1252
1251 1254
1252 1254
1259 1274
1259 1275
1261 1274
1261 1275
1264 1276
1264 1278
1265 1330
1265 1331
1267 1276
1267 1278
1268 1271
1268 1272
1270 1330
1270 1331
1274 1517
1274 1519
1277 1517
1277 1519
1282 1428
1282 1432
1283 1289
1283 1294
1283 1309
1283 1310
1283 1400
1283 1401
1284 1289
1284 1294
1285 1289
1285 1294
1285 1309
1285 1310
1285 1400
1285 1401
1286 1289
1286 1294
1286 1593
1286 1594
1287 1289
1287 1294
1288 1593
1288 1594
1289 1292
1292 1294
1293 1296
1293 1300
1293 1304
1293 1308
1293 1660
1295 1296
1295 1300
1295 1304
1295 1308
1295 1660
1297 1309
1297 1310
1297 1461
1297 1462
1298 1461
1298 1462
1299 1309
1299 1310
1305 1640
1305 1643
1308 1640
1308 1643
1311 1421
1311 1454
1312 1421
1312 1454
1317 1423
1317 1425
1322 1361
1322 1368
1325 1330
1325 1331
1326 1336
1326 1339
1327 1361
1327 1368
1328 1330
1328 1331
1329 1330
1329 1331
1330 1332
1330 1333
1330 1335
1331 1332
1333 1334
1333 1337
1333 1340
1334 1335
1335 1337
1335 1340
1343 1423
1343 1425
1344 1619
1344 1620
1345 1584
1345 1588
1346 1355
1346 1358
1346 1360
1346 1370
1347 1354
1347 1355
1347 1357
1348 1362
1348 1364
1349 1362
1349 1364
1349 1615
1349 1616
1350 1593
1350 1594
1351 1353
1351 1356
1351 1362
1351 1364
1351 1615
1351 1616
1352 1372
1352 1374
1353 1355
1354 1593
1354 1594
1355 1356
1355 1362
1355 1364
1357 1362
1357 1364
1357 1414
1357 1416
1357 1526
1357 1527
1358 1414
1358 1416
1358 1526
1358 1527
1363 1372
1363 1374
1365 1526
1365 1527
1367 1371
1367 1373
1369 1371
1369 1373
1374 1375
1376 1619
1376 1620
1377 1526
1377 1540
1377 1543
1377 1573
1378 1530
1378 1539
1378 1571
1378 1572
1378 1575
1381 1491
1381 1492
1383 1385
1383 1386
1384 1530
1384 1539
1384 1571
1384 1572
1384 1575
1387 1389
1387 1390
1388 1389
1388 1390
1389 1520
1389 1521
1390 1520
1390 1521
1392 1402
1392 1405
1392 1410
1392 1651
1392 1652
1394 1517
1394 1518
1395 1509
1395 1510
1396 1510
1396 1511
1402 1657
1403 1509
1403 1510
1404 1413
1404 1418
1404 1420
1405 1475
1405 1476
1405 1512
1405 1514
1405 1640
1405 1643
1405 1657
1406 1475
1406 1476
1406 1512
1406 1514
1406 1640
1406 1643
1407 1408
1407 1413
1407 1418
1407 1420
1407 1446
1407 1449
1408 1416
1409 1412
1409 1417
1410 1475
1410 1476
1410 1512
1410 1514
1410 1640
1410 1643
1410 1657
1411 1412
1411 1417
1411 1426
1411 1427
1412 1415
1415 1417
1416 1446
1416 1449
1419 1426
1419 1427
1419 1510
1419 1511
1421 1598
1421 1600
1422 1510
1422 1511
1424 1510
1424 1511
1428 1447
1429 1475
1429 1476
1430 1436
1430 1437
1431 1436
1431 1437
1432 1447
1433 1475
1433 1476
1434 1505
1434 1507
1435 1505
1435 1507
1438 1447
1438 1450
1439 1447
1439 1450
1440 1442
1440 1443
1440 1465
1440 1468
1442 1448
1443 1448
1444 1488
1444 1489
1445 1488
1445 1489
1448 1465
1448 1468
1450 1452
1450 1459
1452 1455
1453 1456
1453 1460
1455 1459
1456 1460
1457 1598
1457 1600
1463 1466
1463 1471
1463 1473
1464 1467
1464 1469
1464 1470
1464 1472
1465 1477
1465 1478
1466 1467
1466 1469
1466 1470
1466 1471
1466 1472
1466 1473
1468 1477
1468 1478
1475 1640
1475 1643
1476 1640
1476 1643
1477 1516
1477 1517
1478 1516
1478 1517
1479 1482
1479 1484
1479 1486
1479 1487
1480 1482
1480 1484
1480 1486
1480 1487
1481 1486
1481 1487
1483 1486
1483 1487
1490 1638
1490 1644
1491 1506
1492 1506
1493 1494
1493 1495
1493 1496
1493 1497
1494 1497
1495 1497
1496 1497
1498 1499
1498 1501
1498 1502
1499 1500
1500 1501
1500 1502
1507 1508
1517 1634
1518 1634
1526 1529
1526 1530
1526 1539
1526 1585
1526 1586
1527 1529
1527 1530
1527 1539
1528 1562
1528 1565
1529 1573
1529 1577
1529 1578
1529 1591
1529 1596
1529 1604
1529 1605
1530 1573
1530 1577
1530 1578
1530 1591
1530 1596
1530 1604
1530 1605
1537 1542
1537 1544
1537 1546
1538 1542
1538 1544
1538 1546
1538 1547
1538 1548
1538 1552
1538 1554
1539 1577
1539 1578
1539 1604
1539 1605
1542 1547
1542 1548
1542 1551
1542 1553
1544 1551
1544 1552
1544 1553
1544 1554
1546 1551
1546 1553
1547 1552
1547 1554
1548 1552
1548 1554
1549 1552
1549 1554
1549 1564
1549 1566
1550 1552
1550 1554
1550 1564
1550 1566
1554 1555
1554 1556
1555 1556
1555 1564
1555 1566
1556 1564
1556 1566
1557 1562
1557 1565
1559 1563
1559 1565
1563 1565
1569 1573
1569 1574
1571 1581
1571 1586
1572 1575
1572 1581
1572 1586
1574 1585
1574 1586
1576 1582
1576 1592
1576 1593
1576 1594
1579 1582
1579 1592
1579 1593
1579 1594
1580 1598
1580 1600
1580 1607
1580 1611
1580 1612
1583 1587
1583 1590
1584 1587
1584 1590
1584 1604
1588 1604
1589 1598
1589 1600
1589 1607
1589 1611
1589 1612
1593 1594
1598 1610
1598 1611
1598 1612
1598 1613
1600 1610
1600 1611
1600 1612
1600 1613
1603 1640
1603 1643
1606 1640
1606 1643
1608 1609
1608 1614
1609 1610
1610 1614
1611 1612
1611 1615
1612 1615
1617 1619
1617 1620
1618 1619
1618 1620
1621 1641
1621 1648
1622 1641
1622 1648
1625 1626
1625 1630
1626 1628
1626 1630
1626 1631
1626 1641
1626 1647
1627 1628
1627 1631
1628 1630
1629 1636
1629 1637
1629 1641
1629 1648
1630 1641
1630 1647
1632 1636
1632 1637
1632 1641
1632 1648
1640 1643
1640 1645
1640 1646
1640 1655
1640 1656
1641 1655
1641 1656
1643 1645
1643 1646
1643 1655
1643 1656
1647 1655
1647 1656
1651 1657
1652 1657
