0 286
0 297
0 423
0 427
1 110
1 115
1 126
1 127
1 133
1 827
1 833
2 38
2 42
2 466
2 467
2 468
2 469
2 470
2 471
2 472
2 485
2 492
2 664
2 665
2 673
2 679
2 686
2 687
2 691
2 695
2 703
2 906
2 930
2 989
2 990
2 997
2 1092
2 1095
3 634
3 640
3 650
3 651
3 653
3 654
4 886
4 889
5 855
5 856
6 334
6 746
6 747
6 753
7 866
7 1168
8 551
8 555
8 560
9 40
9 45
9 147
9 554
10 149
10 174
10 176
10 484
10 812
10 813
10 829
10 841
10 1407
10 1519
10 1520
10 1524
10 1526
10 1529
10 1530
10 1541
10 1543
10 1544
10 1674
10 1678
10 1867
10 1871
10 1906
10 1916
10 1917
10 1932
10 1955
10 1959
10 1961
10 1964
10 1974
10 2023
10 2024
10 2165
10 2169
10 2171
10 2183
10 2184
10 2191
10 2202
10 2204
10 2232
10 2243
10 2249
11 25
11 26
11 71
11 84
11 98
11 106
11 149
11 150
11 773
11 777
11 801
11 803
11 812
11 813
11 1407
11 1519
11 1520
11 1521
11 1522
11 1526
11 1529
11 1530
11 1533
11 1539
11 1541
11 1549
11 1552
11 1554
11 1639
11 1642
11 1703
11 1709
11 1867
11 1917
11 1984
11 2183
11 2184
11 2192
11 2209
11 2212
11 2216
11 2217
12 15
12 16
12 125
12 129
12 149
12 150
12 267
12 282
12 313
12 314
12 801
12 803
12 1521
12 1522
12 1533
12 1552
12 1554
12 1637
12 1639
12 1640
12 1642
12 1703
12 1709
12 1984
13 15
13 16
13 25
13 26
13 32
13 156
13 252
14 25
14 26
14 32
17 460
17 1165
18 2617
18 2620
19 1162
19 1163
20 985
20 986
21 48
21 1444
21 1612
21 1619
21 2687
21 2690
22 158
22 204
22 215
22 1308
23 87
23 88
23 146
23 481
23 482
23 490
23 524
23 527
23 532
23 537
23 551
23 555
23 561
23 594
23 602
23 1521
23 1522
23 1909
23 1916
23 1926
23 1937
23 1949
23 1953
23 1954
23 1955
23 1956
23 1959
23 1965
23 1970
23 1971
23 1976
23 1984
23 2085
23 2087
24 31
24 38
24 87
24 88
24 134
24 140
24 146
24 213
24 481
24 482
24 490
24 524
24 527
24 532
24 535
24 537
24 539
24 561
24 578
24 579
24 594
24 602
24 715
24 721
24 954
24 956
24 1174
24 1176
24 1177
24 1316
24 1387
24 1389
24 1521
24 1522
24 1524
24 1543
24 1544
24 1611
24 1612
24 1730
24 1731
24 1740
24 1741
24 1787
24 1870
24 1906
24 1909
24 1912
24 1916
24 1922
24 1926
24 1931
24 1932
24 1934
24 1937
24 1943
24 1946
24 1949
24 1953
24 1954
24 1955
24 1956
24 1959
24 1961
24 1964
24 1965
24 1970
24 1971
24 1974
24 1976
24 1984
24 2023
24 2024
24 2085
24 2086
24 2087
24 2165
24 2166
24 2169
24 2232
24 2243
24 2249
24 2254
24 2255
24 2733
25 26
25 31
25 149
25 150
25 174
25 176
25 197
25 200
25 205
25 212
25 213
25 214
25 216
25 365
25 371
25 393
25 446
25 482
25 483
25 484
25 490
25 491
25 496
25 513
25 520
25 537
25 541
25 650
25 654
25 658
25 743
25 758
25 761
25 762
25 768
25 773
25 777
25 785
25 787
25 790
25 798
25 801
25 809
25 829
25 841
25 842
25 1176
25 1179
25 1291
25 1297
25 1357
25 1422
25 1423
25 1446
25 1448
25 1525
25 1527
25 1528
25 1529
25 1530
25 1531
25 1533
25 1534
25 1537
25 1539
25 1545
25 1549
25 1552
25 1556
25 1638
25 1641
25 1645
25 1664
25 1671
25 1674
25 1678
25 1734
25 1739
25 1758
25 1761
25 1785
25 1788
25 1794
25 1796
25 1869
25 1870
25 1871
25 1899
25 1900
25 1906
25 1910
25 1916
25 1920
25 1923
25 1924
25 1955
25 1959
25 2040
25 2049
25 2082
25 2084
25 2085
25 2086
25 2088
25 2090
25 2091
25 2160
25 2165
25 2167
25 2169
25 2171
25 2176
25 2177
25 2183
25 2184
25 2191
25 2192
25 2202
25 2204
25 2209
25 2212
25 2216
25 2217
25 2234
25 2241
25 2261
25 2262
25 2267
25 2270
25 2272
25 2740
26 31
26 149
26 150
26 393
26 482
26 483
26 484
26 490
26 491
26 496
26 650
26 654
26 743
26 758
26 761
26 762
26 768
26 785
26 787
26 798
26 801
26 809
26 842
26 1291
26 1297
26 1527
26 1528
26 1529
26 1530
26 1531
26 1537
26 1549
26 1556
26 1645
26 1664
26 1671
26 1869
26 1870
26 1899
26 1900
26 1906
26 1910
26 1920
26 1923
26 2091
26 2160
26 2267
27 125
27 129
28 460
28 1165
29 30
29 37
29 71
29 84
29 147
29 554
30 34
30 37
30 71
30 84
30 147
30 554
30 555
30 560
31 33
31 38
31 42
31 197
31 200
31 205
31 212
31 213
31 214
31 216
31 365
31 371
31 446
31 497
31 513
31 520
31 521
31 525
31 534
31 537
31 540
31 541
31 572
31 584
31 646
31 647
31 658
31 762
31 768
31 769
31 776
31 790
31 798
31 1176
31 1179
31 1291
31 1297
31 1336
31 1342
31 1357
31 1422
31 1423
31 1437
31 1446
31 1448
31 1468
31 1474
31 1525
31 1527
31 1533
31 1534
31 1537
31 1545
31 1552
31 1638
31 1641
31 1645
31 1730
31 1731
31 1734
31 1739
31 1740
31 1758
31 1761
31 1781
31 1785
31 1787
31 1788
31 1794
31 1796
31 1869
31 1910
31 1912
31 1920
31 1922
31 1923
31 1924
31 1931
31 1934
31 1935
31 1944
31 1946
31 1976
31 1977
31 2040
31 2049
31 2082
31 2084
31 2085
31 2086
31 2088
31 2090
31 2091
31 2167
31 2176
31 2177
31 2234
31 2241
31 2261
31 2262
31 2270
31 2272
31 2329
31 2566
31 2568
31 2732
31 2733
31 2740
31 2748
33 38
33 42
33 134
33 140
33 213
33 481
33 482
33 490
33 491
33 503
33 524
33 532
33 533
33 535
33 539
33 572
33 578
33 579
33 584
33 594
33 602
33 715
33 721
33 769
33 776
33 954
33 956
33 1063
33 1070
33 1174
33 1176
33 1177
33 1316
33 1387
33 1389
33 1390
33 1391
33 1410
33 1422
33 1423
33 1424
33 1468
33 1474
33 1521
33 1522
33 1611
33 1612
33 1717
33 1740
33 1741
33 1758
33 1761
33 1781
33 1785
33 1787
33 1909
33 1912
33 1916
33 1920
33 1922
33 1923
33 1931
33 1934
33 1943
33 1946
33 1949
33 1953
33 1954
33 1956
33 1965
33 1970
33 1971
33 1976
33 1984
33 1996
33 1997
33 2085
33 2086
33 2087
33 2165
33 2166
33 2169
33 2254
33 2255
33 2560
33 2562
33 2565
33 2566
33 2733
34 37
34 53
34 55
34 1176
34 1179
35 1439
35 1447
36 57
36 59
36 1912
36 1922
36 1996
36 1997
37 53
37 55
37 1176
37 1179
38 42
38 43
38 213
38 214
38 471
38 491
38 497
38 503
38 521
38 524
38 525
38 532
38 533
38 534
38 540
38 646
38 647
38 1036
38 1047
38 1054
38 1055
38 1063
38 1070
38 1119
38 1121
38 1176
38 1179
38 1336
38 1342
38 1390
38 1391
38 1410
38 1422
38 1423
38 1424
38 1437
38 1446
38 1448
38 1717
38 1740
38 1758
38 1761
38 1787
38 1800
38 1801
38 1912
38 1920
38 1922
38 1923
38 1931
38 1933
38 1934
38 1935
38 1941
38 1944
38 1946
38 1958
38 1969
38 1976
38 1977
38 2010
38 2021
38 2082
38 2083
38 2090
38 2091
38 2329
38 2560
38 2562
38 2565
38 2566
38 2568
38 2732
38 2733
38 2748
39 1439
39 1447
40 93
41 43
41 47
41 57
41 59
41 111
41 114
41 471
41 472
41 543
41 546
41 1033
41 1049
41 1369
41 1380
41 1918
41 1926
41 1974
41 1979
41 1981
41 1985
41 2429
41 2435
42 468
42 469
42 471
42 913
42 914
42 977
42 978
42 979
42 1009
42 1036
42 1040
42 1047
42 1049
42 1054
42 1055
42 1069
42 1073
42 1119
42 1121
42 1137
42 1143
42 1174
42 1176
42 1437
42 1800
42 1801
42 1928
42 1933
42 1936
42 1941
42 1958
42 1969
42 2010
42 2021
42 2082
42 2083
42 2502
42 2507
43 46
43 47
43 466
43 467
43 471
43 472
43 487
43 501
43 543
43 546
43 978
43 1033
43 1047
43 1049
43 1051
43 1099
43 1106
43 1108
43 1129
43 1139
43 1145
43 1161
43 1162
43 1176
43 1179
43 1369
43 1380
43 1441
43 1459
43 1460
43 1880
43 1881
43 1892
43 1895
43 1896
43 1914
43 1918
43 1926
43 1936
43 1939
43 1953
43 1963
43 1966
43 1979
43 1981
43 1985
43 2416
43 2422
43 2429
43 2435
43 2445
43 2448
43 2502
43 2507
43 2529
44 913
44 914
45 93
45 2617
45 2620
46 47
46 111
46 114
47 50
47 464
47 466
47 467
47 525
47 978
47 981
47 982
47 1040
47 1047
47 1049
47 1051
47 1087
47 1094
47 1099
47 1103
47 1106
47 1108
47 1129
47 1137
47 1139
47 1143
47 1145
47 1161
47 1162
47 1437
47 1441
47 1448
47 1452
47 1455
47 1459
47 1460
47 1880
47 1881
47 1892
47 1895
47 1896
47 1926
47 1933
47 1936
47 1939
47 1941
47 1953
47 1963
47 1966
47 2402
47 2416
47 2420
47 2422
47 2445
47 2448
47 2485
47 2489
47 2492
47 2502
47 2507
47 2512
47 2516
47 2529
48 1420
49 487
49 501
49 1176
49 1179
49 1914
49 1918
49 1974
49 1979
50 913
50 914
50 981
50 982
50 1087
50 1437
50 1441
50 2402
50 2485
51 101
51 107
51 116
51 120
51 210
51 225
51 226
51 394
51 814
51 1361
52 75
52 76
52 102
52 105
52 1208
52 1217
53 101
53 107
53 116
53 120
53 210
53 225
53 226
53 394
53 814
53 1054
53 1055
53 1361
54 75
54 76
54 102
54 105
54 122
54 124
54 1208
54 1217
55 935
55 944
55 1054
55 1055
56 75
56 76
56 102
56 105
56 122
56 124
56 158
56 197
56 200
56 204
56 1208
56 1217
56 1264
56 1266
57 935
57 944
58 75
58 76
58 102
58 105
58 122
58 124
58 158
58 197
58 200
58 204
58 461
58 462
58 1208
58 1217
58 1264
58 1266
60 461
60 462
60 466
60 467
61 466
61 467
62 466
62 467
62 981
62 1087
62 1162
62 1163
63 981
63 1087
63 1162
63 1163
64 1137
64 1140
64 1144
64 1148
65 1137
65 1140
65 1144
65 1148
66 985
66 986
67 96
67 97
67 179
67 180
68 96
68 97
68 184
68 186
69 87
69 88
69 98
69 101
69 166
69 167
69 537
69 541
70 148
70 554
70 563
70 564
70 2258
70 2261
70 2262
71 148
71 554
71 1501
72 126
72 127
72 133
73 110
73 115
73 124
73 126
73 827
73 833
74 124
74 126
75 78
75 79
75 1278
75 1280
76 78
76 79
76 1278
76 1280
77 1234
77 1241
78 79
78 80
78 92
78 95
78 142
78 1216
78 1218
78 1226
78 1227
78 1230
78 1231
78 1234
78 1241
78 1256
78 1261
78 1512
78 1515
78 2327
78 2328
78 2615
78 2621
79 80
79 142
79 1216
79 1218
79 1226
79 1227
79 1230
79 1231
79 1491
79 1495
79 1512
79 1515
79 2590
79 2592
79 2602
79 2603
79 2608
79 2621
79 2625
80 2602
80 2603
80 2621
80 2625
81 84
81 87
81 88
81 90
81 98
81 101
81 166
81 167
81 552
81 557
81 1582
81 1583
82 1600
82 1643
83 1600
83 1643
84 88
84 89
84 1501
85 104
85 108
85 112
85 119
86 104
86 108
86 112
86 119
87 544
87 547
87 552
87 557
88 90
88 98
88 101
88 544
88 547
88 552
88 557
88 1582
88 1583
89 90
91 112
91 119
92 142
93 147
93 554
94 2625
94 2627
95 118
95 123
95 142
97 2625
97 2627
98 187
98 189
98 191
98 194
98 196
98 199
98 1501
99 459
99 562
100 110
100 115
100 118
100 123
100 460
100 1165
101 191
101 194
101 196
101 199
102 117
102 118
102 121
102 127
102 128
102 130
102 555
102 560
103 459
103 562
104 460
104 1165
105 110
105 115
105 117
105 118
105 121
105 127
105 128
105 130
105 555
105 560
106 107
106 134
106 135
106 151
106 152
106 187
106 188
106 189
106 190
106 191
106 194
106 1501
106 1503
107 116
107 148
107 170
107 172
107 190
107 191
107 192
107 194
107 203
107 204
107 209
107 254
107 256
107 527
107 537
107 553
107 1223
107 1228
107 1362
107 1520
107 1542
107 1547
107 1558
107 1562
107 1575
107 1578
107 1621
107 1622
107 2099
107 2405
109 147
109 554
110 459
110 558
111 114
111 116
111 120
111 139
111 142
111 157
111 174
111 176
111 198
111 201
111 203
111 204
111 209
111 254
111 256
111 260
111 1179
111 1183
111 1362
111 1528
111 1539
111 1549
111 1568
111 1569
111 1584
111 1585
111 1871
111 1906
113 147
113 554
114 127
114 134
114 139
114 142
114 148
114 157
114 198
114 201
114 260
114 461
114 462
114 504
114 510
114 517
114 530
114 553
114 554
114 1179
114 1183
114 1568
114 1569
114 1944
114 1959
114 2238
114 2248
115 459
115 558
115 1207
115 1219
116 120
116 122
116 124
116 134
116 135
116 148
116 151
116 152
116 156
116 188
116 190
116 192
116 193
116 195
116 199
116 202
116 210
116 220
116 231
116 252
116 253
116 255
116 267
116 282
116 313
116 314
116 517
116 527
116 530
116 536
116 537
116 542
116 553
116 1223
116 1228
116 1362
116 1501
116 1503
116 1520
116 1536
116 1542
116 1547
116 1548
116 1551
116 1558
116 1562
116 1575
116 1576
116 1578
116 1579
116 1597
116 1598
116 1637
116 1639
116 1640
116 1642
116 2183
116 2191
117 122
117 124
117 255
117 257
117 259
117 261
117 511
117 517
117 817
117 820
117 1422
117 1423
117 1912
117 1922
117 2238
117 2248
118 127
118 134
118 1207
118 1219
120 122
120 124
120 125
120 129
120 170
120 172
120 193
120 195
120 199
120 202
120 210
120 220
120 231
120 253
120 254
120 255
120 256
120 517
120 527
120 530
120 536
120 537
120 542
120 1223
120 1228
120 1362
120 1536
120 1548
120 1551
120 1576
120 1579
120 1597
120 1598
120 1621
120 1622
120 1629
120 2099
120 2405
121 126
121 127
121 134
121 141
121 143
121 1210
121 1220
121 1409
121 1465
121 1466
121 1602
122 124
122 125
122 134
122 136
122 148
122 408
122 410
122 461
122 462
122 510
122 530
122 553
122 554
122 847
122 850
122 1422
122 1423
122 1478
122 1486
122 1529
122 1530
122 1673
122 1678
122 1944
122 1959
122 2117
122 2119
122 2238
122 2248
122 2265
122 2268
122 2613
122 2616
124 127
124 134
124 136
124 255
124 256
124 257
124 259
124 261
124 504
124 511
124 517
124 530
124 817
124 820
124 827
124 833
124 1137
124 1143
124 1181
124 1182
124 1336
124 1342
124 1350
124 1352
124 1354
124 1357
124 1422
124 1423
124 1478
124 1486
124 1529
124 1530
124 1912
124 1922
124 2613
124 2616
125 129
125 408
125 410
125 847
125 850
125 1422
125 1423
125 1621
125 1629
125 1673
125 1678
125 2117
125 2119
125 2238
125 2248
125 2265
125 2268
126 127
126 133
126 135
126 136
126 137
126 255
126 256
126 257
126 817
126 820
126 827
126 833
126 947
126 950
126 951
126 1137
126 1143
126 1187
126 1210
126 1220
126 1279
126 1336
126 1342
126 1350
126 1352
126 1354
126 1357
126 1465
126 1466
126 1512
126 1515
126 1529
126 1530
126 1601
126 1602
126 2085
126 2087
126 2227
126 2228
126 2236
126 2237
126 2239
126 2247
127 134
127 135
127 136
127 137
127 140
127 141
127 143
127 393
127 810
127 947
127 950
127 951
127 1210
127 1220
127 1280
127 1282
127 1294
127 1300
127 1333
127 1334
127 1339
127 1340
127 1409
127 1465
127 1466
127 1512
127 1515
127 1601
127 1602
127 1872
127 1909
127 2085
127 2087
127 2228
127 2239
127 2640
127 2641
128 1256
128 1261
129 1181
129 1182
130 1256
130 1261
131 864
131 865
132 2608
132 2611
133 1137
133 1143
133 1529
133 1530
134 135
134 136
134 137
134 140
134 141
134 393
134 810
134 857
134 858
134 1186
134 1231
134 1239
134 1248
134 1250
134 1251
134 1253
134 1280
134 1282
134 1290
134 1294
134 1300
134 1333
134 1334
134 1339
134 1340
134 1347
134 1463
134 1464
134 1467
134 1512
134 1872
134 1909
134 2227
134 2228
134 2238
134 2248
134 2614
134 2620
134 2633
134 2636
134 2638
134 2640
134 2641
134 2665
134 2671
134 2743
134 2744
134 2745
135 137
135 139
135 141
135 142
135 143
135 420
135 421
135 857
135 858
135 1186
135 1231
135 1239
135 1243
135 1245
135 1248
135 1250
135 1251
135 1253
135 1290
135 1306
135 1310
135 1467
135 1480
135 1484
135 1512
135 1515
135 1765
135 1773
135 2227
135 2228
135 2238
135 2248
135 2614
135 2620
135 2630
135 2632
135 2633
135 2634
135 2636
135 2638
135 2642
135 2643
135 2644
135 2670
135 2675
136 140
136 947
136 950
136 951
136 1187
136 1279
136 1333
136 1334
136 1339
136 1340
136 1347
136 1463
136 1464
136 2227
136 2236
136 2237
136 2247
136 2665
136 2671
136 2743
136 2744
136 2745
137 139
137 141
137 142
137 143
137 1199
137 1204
137 1225
137 1226
137 1231
137 1239
137 1243
137 1245
137 1248
137 1251
137 1264
137 1266
137 1288
137 1289
137 1480
137 1484
137 1512
137 1515
137 1970
137 1971
137 1976
137 2625
137 2627
137 2630
137 2632
137 2635
137 2637
137 2642
137 2643
138 139
138 142
138 864
138 865
138 1230
138 1236
139 142
139 143
139 1199
139 1204
139 1225
139 1226
139 1230
139 1234
139 1236
139 1241
139 1252
139 1255
139 1262
139 1264
139 1265
139 1268
139 1274
139 1277
139 1515
139 1970
139 1971
139 1976
139 2608
139 2611
139 2622
139 2625
139 2627
140 420
140 421
140 857
140 858
140 1186
140 1250
140 1253
140 1290
140 1463
140 1464
140 1512
140 2227
140 2228
140 2238
140 2248
140 2617
140 2620
140 2634
140 2636
140 2638
140 2642
140 2643
141 143
141 420
141 421
141 819
141 823
141 1231
141 1239
141 1243
141 1245
141 1246
141 1248
141 1251
141 1253
141 1264
141 1266
141 1268
141 1272
141 1288
141 1289
141 1303
141 1304
141 1306
141 1310
141 1512
141 1515
141 1765
141 1773
141 2582
141 2601
141 2609
141 2617
141 2618
141 2620
141 2624
141 2625
141 2627
141 2629
141 2630
141 2631
141 2632
141 2634
141 2635
141 2636
141 2637
141 2642
141 2643
141 2670
141 2675
142 1216
142 1226
142 1230
142 1234
142 1236
142 1241
142 1256
142 1261
142 1262
142 1264
142 1265
142 1268
142 1274
142 1277
142 1491
142 1495
142 2327
142 2328
142 2590
142 2592
142 2602
142 2608
142 2615
142 2621
142 2622
142 2625
142 2627
143 819
143 823
143 1205
143 1211
143 1246
143 1252
143 1253
143 1255
143 1268
143 1272
143 1303
143 1304
143 1515
143 2582
143 2601
143 2609
143 2618
143 2624
143 2625
143 2627
143 2629
143 2631
143 2632
143 2642
144 1205
144 1211
145 562
145 563
147 549
147 551
147 1920
147 1923
147 1927
147 1937
148 762
148 768
148 1927
148 1937
149 161
149 162
149 163
149 205
149 241
149 245
149 291
149 428
149 431
149 550
149 551
149 1176
149 1179
149 1529
149 1530
150 161
150 162
150 163
150 238
150 241
150 242
150 245
150 428
150 431
150 550
150 551
150 1176
150 1179
150 1529
150 1530
150 1931
150 1934
150 1942
150 1943
152 237
152 241
153 527
153 536
154 527
154 536
155 1181
155 1182
155 1576
155 1579
156 183
156 185
157 2707
157 2708
158 1183
159 524
159 533
160 562
160 563
161 257
161 258
161 484
162 257
162 258
163 238
163 242
163 257
163 258
163 484
163 1931
163 1934
163 1942
163 1943
164 555
164 560
164 1252
164 1255
165 555
165 560
165 1252
165 1255
168 1739
168 2740
169 1739
169 2740
171 1466
171 1538
173 178
173 182
174 1503
175 178
175 182
176 1503
177 179
177 180
177 536
177 542
177 1466
177 1538
180 1525
180 1924
181 184
181 186
181 536
181 542
183 252
183 1525
183 1924
185 252
188 193
188 195
188 1637
188 1640
190 193
190 195
190 1637
190 1640
191 537
191 541
191 1503
194 1503
197 556
197 559
197 1646
197 1650
198 483
198 496
198 1584
198 1586
199 483
199 496
199 511
199 517
199 556
199 559
199 1585
199 1586
199 1588
199 1590
200 511
200 517
200 1646
200 1650
201 483
201 496
201 1584
201 1586
202 483
202 496
202 563
202 564
202 1585
202 1586
202 1588
202 1590
202 2258
202 2261
202 2262
203 829
203 841
203 1503
204 829
204 841
204 1183
204 1503
205 225
205 226
205 484
206 242
206 245
207 310
207 313
207 1180
207 1181
208 235
208 240
209 235
209 240
209 315
209 316
209 826
209 829
209 1503
210 572
210 573
210 584
210 761
210 762
210 768
210 770
210 776
210 844
210 847
210 1351
210 1356
211 1010
211 1018
212 816
212 832
213 1223
213 1228
215 1183
216 225
216 226
216 236
216 237
217 242
217 245
218 310
218 313
218 318
218 319
218 1180
218 1181
219 310
219 313
219 318
219 319
221 805
221 830
222 805
222 830
223 234
223 428
223 431
223 685
223 690
224 236
224 237
224 241
225 782
225 786
225 791
227 1581
227 1583
228 1581
228 1583
229 782
229 786
229 791
230 428
230 431
230 685
230 690
232 233
232 238
232 1175
232 1179
233 238
233 1175
233 1179
237 801
237 803
238 1179
238 1182
238 1637
238 1640
239 256
239 257
239 741
239 831
239 844
239 847
239 849
239 850
239 852
241 801
241 803
241 1179
241 1182
241 1637
241 1640
242 1179
242 1181
242 1182
242 1637
242 1640
243 256
243 257
243 416
243 421
243 741
243 814
243 824
243 831
243 844
243 847
243 849
243 850
243 852
244 839
244 844
245 1179
245 1181
245 1182
245 1637
245 1640
246 839
246 844
247 416
247 421
247 814
247 824
248 250
248 251
248 829
248 841
249 1181
249 1182
249 1576
249 1579
250 251
250 829
250 841
253 1179
253 1183
254 1503
255 1179
255 1183
256 1503
257 496
257 499
257 503
258 496
258 499
258 503
259 732
259 734
260 2707
260 2708
261 732
261 734
262 524
262 533
263 280
263 284
263 762
263 768
264 280
264 284
264 578
264 579
265 268
265 282
265 640
265 644
266 268
266 282
266 640
266 644
267 278
267 280
267 281
267 284
267 637
267 640
267 644
267 651
267 653
268 603
268 612
268 631
268 634
268 640
268 643
268 648
268 649
268 651
268 653
268 762
268 768
269 850
269 852
270 850
270 852
271 829
271 839
271 841
272 786
272 791
273 786
273 791
274 298
274 304
275 298
275 304
276 653
276 657
276 951
276 953
277 634
277 640
277 643
277 650
277 651
277 653
277 654
278 282
279 578
279 579
279 589
279 597
279 603
280 282
280 578
280 579
280 762
280 768
280 782
280 787
281 282
282 284
282 631
282 634
282 637
282 640
282 644
282 648
282 649
282 651
282 653
283 603
283 612
283 648
283 649
283 762
283 768
284 589
284 597
284 603
284 782
284 787
285 781
285 784
286 445
287 302
287 305
287 781
287 784
288 301
288 309
288 572
288 584
288 770
288 776
289 303
289 308
289 1529
289 1530
290 302
290 305
291 484
291 790
291 795
292 651
292 653
292 2574
292 2575
293 303
293 308
293 1529
293 1530
294 301
294 309
294 572
294 584
294 770
294 776
295 590
295 599
296 651
296 653
296 790
296 795
296 2574
296 2575
297 445
298 773
298 777
298 785
298 787
299 590
299 599
299 785
299 787
300 306
300 310
301 769
301 774
303 306
303 307
303 309
303 310
303 313
304 773
304 777
306 307
306 309
306 311
307 308
307 309
307 310
307 312
308 309
308 310
308 313
309 310
309 311
309 769
309 774
310 311
311 312
313 316
313 317
313 579
313 588
314 316
314 317
314 579
314 588
315 316
315 317
315 844
315 847
315 1362
316 844
316 847
316 1362
320 829
320 839
320 841
321 716
321 717
322 735
322 737
322 738
322 739
323 729
323 730
324 1173
324 1174
325 330
325 347
325 348
325 749
326 330
326 749
327 347
327 348
327 1173
327 1174
328 951
328 953
329 361
329 368
330 356
330 360
330 367
330 524
330 533
330 749
330 939
330 940
331 359
331 361
331 365
331 368
332 1519
332 1541
333 360
333 367
333 763
333 769
333 774
334 365
334 374
334 385
334 746
334 747
334 1385
334 1388
335 855
335 856
336 678
336 684
337 764
337 769
338 932
338 942
339 703
339 709
340 1387
340 1390
341 1381
341 1383
342 1372
342 1376
342 1384
342 1386
343 729
343 730
344 735
344 737
344 738
344 739
345 360
345 367
346 360
346 367
347 653
347 657
349 737
349 738
350 737
350 738
351 357
351 358
352 738
352 739
353 357
353 358
353 738
353 739
354 363
354 366
355 363
355 366
356 360
356 362
356 367
356 370
356 939
356 940
359 369
359 372
359 748
359 750
360 361
360 368
360 380
361 364
361 367
361 369
361 371
361 373
361 1674
361 1678
362 370
364 368
364 752
364 756
365 369
365 372
365 471
365 472
365 473
365 748
365 750
365 751
365 753
365 755
365 827
365 833
365 1388
365 1389
365 1944
365 1955
365 1959
367 368
367 380
368 369
368 371
368 373
368 1674
368 1678
371 471
371 472
371 473
371 827
371 833
371 1388
371 1389
371 1944
371 1955
371 1959
373 752
373 756
374 751
374 753
374 755
374 1388
374 1389
374 1944
374 1955
374 1959
375 1519
375 1541
376 703
376 709
377 380
377 382
378 483
378 491
378 496
378 499
379 380
379 382
379 524
379 532
380 483
380 491
380 496
380 499
380 763
380 769
380 774
381 524
381 532
381 746
381 747
383 746
383 747
384 1384
384 1386
385 746
385 747
385 753
386 811
386 818
387 811
387 818
388 1314
388 1319
389 513
389 520
390 513
390 520
391 1313
391 1318
392 1332
392 1337
393 413
393 414
394 767
394 772
395 811
395 818
395 1191
395 1284
396 434
396 436
396 438
396 806
396 830
396 857
396 858
396 1215
396 1224
396 1252
396 1255
397 881
397 886
398 881
398 886
399 402
399 869
400 891
400 894
401 869
401 873
401 878
401 880
402 437
402 869
402 870
402 873
402 876
402 878
402 880
402 891
402 894
403 424
403 425
404 1054
404 1055
405 753
405 757
406 753
406 757
407 1178
407 1180
409 1178
409 1180
410 1054
410 1055
411 1266
411 1268
412 1266
412 1268
413 415
414 415
417 424
417 426
418 424
418 426
418 429
419 829
419 841
422 426
422 429
422 430
423 429
423 430
423 445
424 583
424 723
424 829
424 841
424 870
424 876
425 870
425 876
426 583
426 723
426 1245
426 1246
427 445
429 432
429 434
429 1245
429 1246
430 432
430 434
433 891
433 894
434 440
434 441
434 444
435 440
435 441
436 444
437 869
437 881
437 886
438 444
439 881
439 886
440 1214
440 1223
441 811
441 818
441 1214
441 1223
442 811
442 818
443 857
443 858
443 883
443 888
444 806
444 811
444 818
444 830
444 883
444 888
444 1191
444 1215
444 1224
444 1284
447 497
447 506
447 514
447 534
447 589
447 603
447 611
448 505
448 522
448 589
448 597
448 603
448 611
449 585
449 596
449 597
449 603
450 585
450 596
450 632
450 635
450 638
450 639
450 641
451 480
451 481
451 489
451 507
451 572
451 584
451 595
451 602
451 607
451 608
451 632
451 638
452 480
452 481
452 489
452 490
452 491
452 507
452 509
452 513
452 569
452 582
452 583
452 711
452 718
452 723
453 509
453 513
453 569
453 582
453 583
453 594
453 595
453 602
453 606
453 711
453 723
454 569
454 594
454 606
454 711
455 458
455 471
455 472
455 473
455 487
455 501
455 505
455 569
455 582
455 665
455 673
455 695
455 698
455 711
455 718
456 457
456 458
456 471
456 472
456 473
456 475
456 485
456 567
456 568
456 569
456 582
456 665
456 673
456 679
456 687
456 695
456 696
456 698
456 711
456 718
457 458
458 604
461 462
461 1164
462 1164
463 471
463 472
463 1162
463 1163
464 1441
465 2501
465 2506
466 472
466 1120
466 1121
466 1153
466 1155
466 1159
466 1441
466 1998
466 2134
466 2444
466 2447
467 472
467 500
467 512
467 1120
467 1121
467 1399
467 1401
467 1441
467 1998
467 2134
467 2444
467 2447
468 471
468 472
468 475
468 485
468 492
468 1000
468 1006
468 1040
468 1049
468 1117
468 1118
468 1123
468 1131
468 1137
468 1437
469 471
469 472
469 1040
469 1049
469 1120
469 1121
469 1125
469 1126
469 1437
470 565
470 663
470 672
470 1026
470 1034
470 1092
470 1095
470 1109
470 1114
470 1120
470 1121
471 472
471 474
471 475
471 485
471 543
471 565
471 604
471 665
471 673
471 1026
471 1034
471 1092
471 1095
471 1109
471 1114
471 1395
471 1397
472 474
472 475
472 485
472 492
472 543
472 565
472 604
472 665
472 673
472 989
472 997
472 1092
472 1095
472 1395
472 1397
473 474
473 475
473 485
473 604
475 485
475 567
475 568
475 593
475 606
475 695
475 696
475 698
475 906
475 907
475 1039
475 1051
475 1129
476 569
476 581
476 593
476 594
476 606
476 695
476 698
476 711
476 1039
476 1051
477 487
477 494
477 581
477 582
477 583
477 594
477 595
477 602
477 723
477 1979
477 1981
478 481
478 487
478 489
478 490
478 491
478 494
478 524
478 532
478 569
478 582
478 583
478 611
478 620
478 711
478 718
478 723
479 481
479 489
479 572
479 584
479 595
479 602
480 583
480 603
480 611
480 632
480 635
480 638
480 639
480 641
480 723
481 482
481 483
481 487
481 490
481 494
481 496
481 499
481 503
481 505
481 514
481 522
481 526
481 589
481 597
481 603
481 611
481 620
482 483
482 487
482 490
482 491
482 494
482 496
482 497
482 499
482 503
482 506
482 514
482 534
482 597
482 603
482 607
482 608
483 490
483 524
483 532
483 571
483 572
483 603
483 611
483 651
483 653
483 763
483 767
483 774
483 906
483 907
484 550
484 551
485 906
485 907
485 1129
486 568
486 569
486 570
486 1979
486 1981
486 2445
486 2448
487 490
487 494
487 511
487 517
487 522
487 524
487 532
487 534
487 538
487 540
487 569
487 570
487 581
487 582
487 583
487 595
487 597
487 603
487 604
487 611
487 620
487 623
487 625
487 639
487 642
487 645
487 711
487 718
487 723
488 490
488 491
488 502
488 508
489 589
489 597
489 611
489 620
490 491
490 494
490 496
490 499
490 503
490 505
490 514
490 526
490 589
490 597
490 607
490 608
490 611
490 620
491 494
491 496
491 499
491 503
491 603
491 607
491 608
491 611
492 521
492 525
492 906
492 907
492 1129
492 1899
492 1900
492 2449
492 2456
493 521
493 525
493 568
493 569
493 682
493 683
493 695
493 703
493 1899
493 1900
493 2445
493 2448
493 2449
493 2456
494 502
494 508
494 511
494 517
494 522
494 524
494 532
494 534
494 538
494 540
494 569
494 570
494 581
494 582
494 583
494 595
494 597
494 603
494 611
494 620
494 623
494 625
494 639
494 642
494 645
494 711
494 718
494 723
495 499
495 503
496 524
496 532
496 571
496 572
496 603
496 611
496 651
496 653
496 763
496 767
496 774
496 906
496 907
497 524
497 532
497 579
497 588
498 589
498 597
499 503
499 506
499 597
499 603
499 611
499 1379
499 1382
500 1129
501 519
501 520
501 524
501 529
501 532
501 569
501 570
501 594
501 604
501 606
503 506
503 514
503 524
503 532
503 571
503 572
503 597
503 603
503 1379
503 1382
505 511
505 517
505 519
505 520
505 524
505 529
505 532
505 586
505 598
505 604
505 639
505 642
505 645
506 513
506 524
506 532
507 546
507 548
507 583
507 603
507 611
507 723
508 597
508 603
512 1129
512 1153
512 1155
512 1159
513 514
514 516
514 523
514 528
514 549
514 1375
514 1392
515 516
515 523
515 524
515 528
515 532
515 533
515 549
516 597
516 603
518 524
518 532
518 533
518 546
518 548
519 524
519 532
519 533
519 597
519 603
519 1665
519 1672
521 568
521 569
521 594
521 606
521 682
521 683
521 695
521 703
521 2445
521 2448
522 586
522 598
524 529
524 534
524 545
524 578
524 579
524 603
524 611
524 653
524 657
524 749
524 1666
524 1676
525 1153
525 1155
525 1159
525 1441
526 529
526 535
526 539
526 1375
526 1392
529 531
529 532
529 533
529 1665
529 1672
531 535
531 539
532 534
532 545
532 578
532 579
532 585
532 596
532 603
532 611
532 1666
532 1676
532 1981
532 1982
533 545
533 578
533 579
533 653
533 657
533 749
533 1666
533 1676
535 585
535 596
535 1981
535 1982
538 963
538 966
539 585
539 596
540 579
540 588
541 544
541 547
541 1979
541 1981
543 571
543 583
543 963
543 966
543 1162
543 1163
544 547
544 1979
544 1981
544 2238
544 2248
545 1665
545 1672
546 571
546 583
547 1979
547 1981
547 2238
547 2248
549 554
549 1434
549 1435
550 1944
550 1957
550 1959
551 554
551 1944
551 1957
551 1959
552 1434
552 1435
554 762
554 768
554 1920
554 1923
554 1927
554 1937
565 664
565 679
565 686
565 687
565 691
565 695
565 703
565 906
565 930
565 989
565 990
565 1092
565 1095
566 591
566 592
567 591
567 592
569 604
569 971
569 972
569 973
569 974
569 1004
569 1011
569 1047
569 1051
569 1345
569 1348
569 1366
569 1374
570 597
570 603
571 597
571 603
571 1210
571 1220
572 574
572 584
572 608
572 617
572 619
572 656
572 657
572 685
572 690
572 712
572 713
572 1361
573 574
573 608
573 651
573 653
573 712
573 713
573 1338
573 1344
573 1361
574 584
575 597
575 603
575 701
575 707
576 579
576 584
576 585
576 586
576 588
576 589
576 597
576 598
576 701
576 707
577 579
577 584
577 585
577 586
577 588
577 589
577 597
577 598
577 603
578 603
578 609
578 610
578 611
578 633
578 634
578 643
578 646
578 647
578 648
578 651
578 653
578 657
579 597
579 600
579 603
579 609
579 610
579 612
579 633
579 634
579 643
579 646
579 647
579 649
579 651
579 653
579 657
579 739
579 740
580 650
580 654
582 595
582 604
582 607
582 614
582 619
582 676
582 680
582 703
582 705
582 709
582 816
582 832
583 614
583 619
583 703
583 705
583 709
583 1210
583 1220
583 1336
583 1342
583 1390
583 1391
583 1681
583 1688
584 608
584 617
584 619
584 651
584 653
584 656
584 657
584 685
584 690
584 712
584 713
584 1361
584 1389
584 1390
584 1391
585 1389
585 1390
585 1391
586 597
586 598
586 603
586 611
586 612
586 633
586 634
586 639
586 640
586 642
586 643
586 702
586 708
586 735
586 737
586 739
586 1173
586 1174
587 597
587 598
587 603
587 735
587 737
588 597
588 600
588 603
588 612
588 646
588 647
588 649
588 651
588 653
588 657
588 739
588 740
589 597
589 603
589 613
589 616
589 641
589 645
589 785
589 787
590 639
590 642
590 646
590 647
590 650
590 653
590 654
590 655
592 695
592 698
594 816
594 832
595 718
595 1681
595 1688
597 598
597 599
597 601
597 603
597 620
597 621
597 626
597 627
597 628
597 641
597 643
597 645
597 646
597 651
597 653
597 739
597 785
597 787
597 1943
597 1946
598 603
598 611
598 612
598 633
598 634
598 639
598 640
598 642
598 643
598 702
598 708
598 739
598 1173
598 1174
599 603
599 617
599 622
599 639
599 642
599 646
599 647
599 651
599 653
599 655
600 702
600 708
601 603
601 617
601 622
601 651
601 653
602 1387
602 1389
603 612
603 613
603 616
603 618
603 620
603 621
603 624
603 626
603 627
603 628
603 630
603 633
603 634
603 636
603 643
603 646
603 647
603 651
603 653
603 739
603 740
603 1175
603 1178
603 1313
603 1325
603 1943
603 1946
604 679
604 687
604 695
604 698
604 711
604 718
605 695
605 698
607 629
607 718
608 629
611 612
611 613
611 616
611 618
611 633
611 634
611 635
611 636
611 639
611 642
611 643
611 646
611 647
611 651
611 739
611 740
611 1175
611 1178
611 1313
611 1325
612 624
612 627
612 630
612 633
612 634
612 642
612 643
612 1175
612 1178
613 633
613 634
613 642
613 643
614 723
614 1387
614 1389
615 642
615 643
616 633
616 634
617 1370
617 1375
618 633
618 634
618 642
618 643
619 723
620 635
620 639
620 642
620 646
620 647
620 651
622 1370
622 1375
624 626
624 630
624 651
624 653
626 630
626 646
626 647
626 651
626 653
629 632
629 638
630 651
630 653
632 651
632 653
633 646
633 647
634 646
634 647
636 646
636 647
640 651
640 653
642 651
642 653
643 651
643 653
643 2000
643 2013
645 652
645 656
646 712
646 719
646 739
646 740
646 2000
646 2013
648 652
648 656
648 712
648 719
648 739
648 740
651 712
651 719
651 781
651 785
653 656
653 657
653 763
653 769
653 774
653 781
653 785
655 656
655 657
657 763
657 769
657 774
659 663
659 672
659 996
659 1001
659 1092
659 1095
660 996
660 1001
660 1092
660 1095
661 976
661 1022
661 1091
662 676
662 680
662 990
662 1000
663 675
663 676
663 680
663 688
663 990
663 1000
663 1009
663 1022
663 1041
663 1091
663 1110
664 665
664 666
664 676
664 679
664 680
664 687
664 688
664 693
664 700
664 949
664 950
664 988
664 989
664 990
664 991
664 993
664 998
664 999
664 1000
664 1006
664 1013
664 1016
664 1017
664 1021
664 1025
664 1026
664 1034
664 1044
664 1046
664 1057
664 1063
664 1137
664 1140
665 676
665 677
665 679
665 680
665 682
665 683
665 687
665 688
665 990
665 1023
665 1036
665 1387
665 1390
666 674
666 682
666 989
667 1004
667 1011
668 685
668 690
668 922
668 923
668 1010
668 1018
669 685
669 690
669 922
669 923
669 2565
669 2566
670 1002
670 1010
671 976
671 1000
671 1006
671 1092
671 1095
672 675
672 676
672 680
672 1009
672 1022
672 1041
672 1091
672 1110
673 676
673 677
673 680
673 682
673 683
674 682
674 683
674 695
674 698
674 703
674 705
674 709
674 988
674 995
674 1003
674 1004
674 1011
674 1019
674 1032
674 1040
674 1046
674 1049
676 718
676 917
676 918
676 976
676 989
676 990
676 1022
676 1028
676 1029
676 1033
676 1046
676 1047
676 1048
676 1049
676 1054
676 1055
676 1091
677 1004
677 1011
677 1013
677 1017
678 902
678 934
679 976
679 989
679 1000
679 1006
679 1092
679 1095
680 718
680 917
680 918
680 989
680 990
680 1028
680 1029
680 1033
680 1046
680 1047
680 1048
680 1049
680 1054
680 1055
681 709
681 712
681 1059
681 1067
682 683
682 703
682 705
682 709
682 988
682 989
682 1013
682 1017
682 1032
682 1035
682 1040
682 1046
682 1048
682 1049
683 695
683 698
683 703
683 705
683 709
683 989
683 995
683 1003
683 1004
683 1011
683 1019
683 1032
683 1035
683 1048
684 902
684 934
685 987
685 1346
685 1349
687 989
688 989
689 703
689 709
690 987
690 1346
690 1349
692 709
692 712
693 703
693 709
693 712
693 989
693 1059
693 1067
694 729
694 730
694 731
694 732
694 733
694 734
694 917
694 918
695 697
695 706
695 972
695 974
695 1030
695 1031
695 1387
695 1389
697 703
698 972
698 974
698 1387
698 1389
699 709
699 712
700 989
701 731
701 732
701 733
701 734
703 706
703 723
703 1030
703 1031
703 1035
703 1046
703 1048
703 1389
703 1390
703 1391
704 720
704 724
704 842
704 845
705 723
705 1389
705 1390
705 1391
707 731
707 732
707 733
707 734
707 735
707 737
707 917
707 918
707 940
707 947
708 729
708 730
708 731
708 732
708 733
708 734
708 735
708 737
708 940
708 947
709 723
709 1035
709 1046
709 1048
709 1389
709 1390
709 1391
710 720
710 724
710 725
710 842
710 845
711 971
711 972
711 973
711 974
711 1004
711 1011
711 1047
711 1051
711 1345
711 1348
711 1366
711 1374
714 720
714 724
715 720
715 724
715 725
716 736
717 729
717 730
717 731
717 732
717 734
717 736
722 729
722 730
723 1336
723 1342
726 822
726 834
727 1338
727 1344
728 822
728 834
732 1355
732 1359
734 1355
734 1359
739 925
739 936
740 925
740 936
742 788
742 793
742 796
742 797
742 800
742 802
743 785
743 787
743 788
743 794
743 797
743 842
743 847
743 849
743 850
743 852
744 771
744 775
744 779
744 837
744 838
745 760
745 761
745 762
745 766
745 768
745 771
745 775
745 779
745 837
745 838
745 1387
745 1389
746 753
746 760
746 761
746 762
746 766
746 768
746 1387
746 1389
747 753
747 1373
747 1379
753 760
753 766
753 771
753 1365
753 1367
753 1385
753 1388
754 760
754 766
754 771
754 1365
754 1367
754 1385
754 1388
758 1442
758 1449
759 1373
759 1379
760 813
760 814
760 824
761 1361
761 1442
761 1449
762 767
762 774
762 1361
763 767
763 772
763 829
763 838
763 841
764 903
764 1868
764 1869
764 1910
765 770
765 776
766 813
766 814
766 824
767 768
767 769
767 773
767 774
767 777
767 785
767 787
767 814
767 2085
767 2087
768 774
768 1361
769 772
769 773
769 777
769 781
769 785
769 829
769 838
769 839
769 841
769 844
769 903
769 1868
769 1869
769 1910
770 778
770 785
770 787
770 1362
770 1399
770 1401
771 783
771 789
772 774
772 814
773 774
774 777
774 781
774 785
774 787
774 829
774 838
774 841
774 2085
774 2087
775 783
775 789
776 778
776 781
776 785
776 787
776 839
776 844
776 1362
776 1399
776 1401
780 829
780 841
780 1529
780 1530
782 829
782 841
782 1529
782 1530
783 837
783 845
783 849
785 790
785 792
785 793
785 795
785 842
786 829
786 838
787 790
787 792
787 793
787 795
787 842
787 1529
787 1530
789 837
789 845
789 849
790 1569
790 1572
791 829
791 838
793 842
793 843
793 844
794 842
794 847
794 849
795 1529
795 1530
795 1569
795 1572
796 800
796 842
796 843
796 844
796 850
796 852
799 849
799 852
800 842
800 843
800 844
800 850
800 852
802 842
802 843
802 844
802 849
802 852
804 811
804 818
804 857
804 858
805 811
805 818
805 857
805 858
806 811
806 818
807 815
807 819
807 823
808 1313
808 1318
810 1332
810 1337
811 830
811 857
811 858
811 1189
811 1260
811 1291
811 1297
811 1314
811 1319
813 958
813 960
814 958
814 960
815 1285
815 1303
815 1304
815 1309
816 1360
818 830
818 857
818 858
818 1189
818 1260
818 1291
818 1297
819 1285
819 1303
819 1304
819 1309
821 848
821 851
822 924
822 936
822 1186
822 1290
823 1285
823 1303
823 1304
823 1309
824 958
824 960
825 848
825 851
826 1362
828 829
828 841
829 836
829 1362
832 1360
834 924
834 936
834 1186
834 1290
835 848
835 851
836 841
840 848
840 851
842 850
842 852
844 1362
846 1343
846 1346
846 1353
847 1362
848 1343
848 1346
848 1353
853 1954
853 1956
854 1954
854 1956
857 883
857 884
857 888
857 1210
857 1220
858 883
858 884
858 888
858 1210
858 1220
859 1196
859 1199
860 900
860 901
861 900
861 901
862 1194
862 1202
863 1194
863 1202
866 908
866 909
866 910
866 926
866 927
867 1252
867 1255
868 1197
868 1200
869 870
869 875
869 876
869 877
869 878
869 891
869 894
870 897
870 898
871 1203
871 1209
872 1197
872 1200
873 875
873 877
874 1203
874 1209
876 897
876 898
878 897
878 898
879 897
879 898
882 897
882 898
883 1192
883 1193
883 1204
883 1214
883 1215
883 1223
884 1204
884 1214
884 1215
884 1223
885 890
885 893
886 1195
886 1223
886 1228
887 890
887 893
888 1192
888 1193
888 1196
888 1199
888 1204
888 1214
888 1215
888 1223
889 1195
889 1223
889 1228
890 892
890 896
890 899
892 895
893 896
893 899
895 896
902 1007
902 1008
904 930
904 931
905 1050
905 1052
906 932
906 942
906 1019
906 1032
906 1313
906 1318
906 1402
907 932
907 942
907 1019
907 1032
907 1402
908 1047
908 1049
908 1092
908 1095
908 1168
909 1168
910 1168
911 968
911 970
912 968
912 970
915 935
915 944
915 1166
915 1168
915 1170
916 927
916 935
919 1004
919 1015
920 1004
920 1015
921 1002
921 1010
922 987
922 994
922 1002
922 1010
923 987
923 994
923 1002
923 1010
926 1168
927 957
927 1047
927 1049
927 1092
927 1095
927 1168
928 930
928 931
929 958
929 960
930 1313
930 1318
932 1398
933 947
933 951
935 957
937 958
937 960
938 1346
938 1349
940 1062
940 1068
941 943
941 952
942 1398
943 945
943 947
943 951
943 953
944 957
945 952
946 1346
946 1349
947 952
947 1053
947 1056
947 1062
947 1068
947 1076
947 1083
947 1089
947 1090
947 1173
947 1174
948 989
948 997
949 989
950 989
950 1053
950 1056
950 1076
950 1083
950 1089
950 1090
950 1173
950 1174
951 952
952 953
954 1718
954 1743
955 989
955 997
956 1718
956 1743
957 1168
957 1170
959 1166
959 1168
959 1170
961 1076
961 1083
962 1167
962 1169
964 1076
964 1083
965 1167
965 1169
967 1080
967 1085
969 1080
969 1085
975 1092
975 1095
975 1096
976 1092
976 1095
977 1437
978 1053
978 1056
978 1437
979 1053
979 1056
979 1437
980 1061
980 1072
981 1086
981 1088
981 1094
981 1103
981 1441
982 984
982 1081
982 1082
982 1084
982 1090
982 1104
982 1112
982 1441
983 1081
983 1082
983 1084
983 1104
983 1112
984 1093
984 1104
984 1112
985 1113
986 1113
987 1010
987 1018
988 989
989 990
989 998
989 1000
989 1005
989 1006
989 1012
989 1013
989 1016
989 1021
989 1023
989 1035
989 1036
989 1044
989 1046
989 1048
989 1057
989 1063
989 1387
989 1390
990 991
990 993
990 998
990 999
990 1006
990 1013
990 1016
990 1017
990 1020
990 1025
990 1026
990 1027
990 1034
990 1137
990 1140
992 1054
992 1055
993 1369
993 1380
994 1356
994 1358
994 2565
994 2566
995 1042
995 1043
996 1369
996 1380
996 1394
996 1397
997 1005
997 1012
997 1020
997 1023
997 1033
997 1035
997 1036
997 1048
997 1049
998 1054
998 1055
1000 1006
1000 1019
1000 1020
1000 1026
1000 1027
1000 1032
1000 1033
1000 1034
1000 1035
1000 1045
1000 1049
1000 1050
1000 1129
1001 1369
1001 1380
1001 1394
1001 1397
1002 1018
1002 1350
1002 1354
1002 1356
1002 1358
1003 1042
1003 1043
1003 1044
1005 1020
1005 1023
1005 1033
1005 1036
1005 1049
1006 1013
1006 1017
1006 1045
1006 1050
1006 1129
1007 1405
1008 1405
1009 1437
1010 1018
1010 1350
1010 1354
1010 1356
1010 1358
1010 1361
1012 1019
1012 1023
1012 1032
1012 1035
1012 1036
1012 1047
1012 1049
1013 1016
1013 1017
1013 1019
1013 1028
1013 1032
1013 1035
1013 1038
1014 1043
1014 1044
1016 1017
1016 1019
1016 1032
1016 1035
1016 1047
1016 1049
1017 1026
1017 1028
1017 1034
1017 1037
1017 1038
1018 1361
1019 1399
1019 1401
1020 1025
1020 1026
1020 1032
1020 1033
1020 1035
1020 1046
1020 1047
1020 1049
1023 1025
1023 1026
1023 1032
1023 1033
1023 1035
1023 1040
1023 1046
1023 1049
1024 1047
1024 1049
1025 1026
1025 1028
1025 1034
1025 1036
1025 1037
1025 1038
1025 1047
1025 1049
1025 1956
1025 1964
1026 1028
1026 1036
1026 1037
1026 1038
1026 1956
1026 1964
1027 1032
1027 1033
1027 1046
1027 1047
1027 1049
1032 1036
1032 1046
1032 1048
1032 1399
1032 1401
1033 1036
1034 1047
1034 1049
1035 1036
1035 1046
1035 1048
1036 1040
1036 1046
1036 1049
1038 1047
1038 1049
1039 1995
1039 1996
1040 1437
1044 1057
1044 1063
1046 1048
1046 1057
1046 1063
1047 1441
1048 1057
1048 1063
1049 1437
1050 1393
1051 1441
1051 1995
1051 1996
1052 1393
1054 1080
1054 1083
1054 1437
1055 1057
1055 1060
1055 1080
1055 1081
1055 1082
1055 1083
1055 1084
1055 1437
1057 1064
1057 1080
1057 1083
1057 1171
1057 1172
1057 1220
1057 1222
1058 1075
1058 1079
1059 1062
1059 1063
1059 1066
1059 1068
1059 1070
1059 1071
1059 1074
1059 1081
1059 1082
1059 1084
1060 1064
1060 1080
1060 1083
1061 1065
1062 1067
1063 1067
1063 1080
1063 1083
1063 1171
1063 1172
1063 1220
1063 1222
1065 1072
1065 1075
1065 1079
1066 1067
1067 1068
1067 1070
1067 1071
1067 1074
1069 1437
1073 1437
1076 1077
1076 1078
1076 1080
1076 1085
1077 1083
1078 1083
1080 1083
1080 1111
1080 1116
1083 1085
1085 1111
1085 1116
1086 1087
1087 1088
1087 1094
1087 1103
1087 1441
1090 1093
1090 1104
1090 1112
1092 1095
1092 1096
1092 1110
1092 1173
1092 1174
1093 1104
1093 1112
1094 1441
1095 1096
1095 1110
1095 1173
1095 1174
1097 1122
1097 1127
1098 1104
1098 1112
1100 1109
1100 1114
1101 1122
1101 1127
1102 1120
1102 1121
1103 1441
1105 1109
1105 1114
1107 1120
1107 1121
1109 1120
1109 1121
1110 1120
1110 1121
1110 1125
1110 1126
1114 1120
1114 1121
1115 1132
1115 1138
1116 1132
1116 1138
1117 1129
1117 1131
1117 1137
1118 1129
1120 1121
1120 1123
1120 1124
1120 1125
1121 1125
1122 1137
1122 1143
1123 1125
1123 1129
1124 1125
1127 1131
1127 1137
1127 1143
1128 1137
1128 1140
1129 1131
1129 1137
1129 1153
1129 1155
1129 1159
1129 1399
1129 1401
1130 1137
1130 1140
1130 1143
1133 1142
1133 1149
1134 1142
1134 1149
1135 1138
1135 1148
1136 1137
1136 1140
1137 1139
1137 1143
1137 1145
1137 1149
1137 1150
1137 1151
1137 1154
1137 1156
1137 1437
1138 1141
1139 1143
1139 1147
1139 1152
1140 1149
1140 1150
1140 1151
1140 1154
1140 1155
1140 1156
1140 1159
1141 1148
1143 1145
1143 1437
1145 1147
1145 1149
1145 1152
1145 1156
1146 1149
1146 1156
1147 1148
1147 1149
1147 1153
1147 1155
1147 1156
1147 1159
1147 2501
1147 2506
1148 1152
1148 1157
1148 1158
1152 1153
1152 1155
1152 1159
1153 1157
1153 1158
1160 1162
1160 1163
1164 2010
1164 2021
1164 2621
1164 2625
1165 2010
1165 2021
1165 2621
1165 2625
1174 1437
1176 1437
1176 2731
1176 2732
1179 1982
1179 1986
1179 2731
1179 2732
1181 1313
1181 1318
1182 1267
1182 1270
1182 1313
1182 1318
1183 1308
1183 1982
1183 1986
1184 1267
1184 1270
1185 1307
1185 1313
1185 1318
1186 1267
1186 1270
1186 1307
1186 1313
1188 1287
1188 1296
1189 1288
1189 1289
1190 1293
1190 1302
1190 1308
1190 1314
1190 1316
1190 1319
1190 1324
1190 1328
1191 1209
1191 1220
1191 1243
1191 1245
1191 1306
1191 1308
1191 1310
1191 1314
1191 1316
1191 1319
1192 1303
1192 1304
1193 1303
1193 1304
1197 1199
1197 1200
1197 1204
1198 2284
1198 2590
1199 1200
1200 1204
1201 2284
1201 2590
1206 2311
1206 2313
1209 1284
1210 1293
1210 1302
1210 1327
1210 1330
1210 1345
1210 1350
1212 2311
1212 2313
1213 1232
1213 1238
1213 1259
1213 1263
1216 1264
1216 1266
1220 1284
1220 1293
1220 1302
1220 1327
1220 1330
1220 1345
1220 1350
1221 1232
1221 1238
1223 1243
1223 1245
1223 1246
1223 1247
1223 1251
1223 1252
1223 1254
1223 1282
1223 1283
1223 1316
1225 1251
1225 1252
1226 1252
1226 1255
1226 1264
1226 1266
1226 2623
1226 2626
1227 1259
1227 1263
1228 1243
1228 1245
1228 1246
1228 1247
1228 1251
1228 1252
1228 1254
1228 1282
1228 1283
1228 1316
1229 1251
1229 1252
1230 1231
1230 1239
1230 1252
1230 1255
1230 1256
1230 1261
1230 2623
1230 2626
1231 1239
1231 1269
1231 1273
1232 1244
1232 1249
1232 1257
1232 1258
1233 1322
1233 1326
1234 1256
1234 1257
1234 1258
1234 1261
1235 1322
1235 1326
1236 1252
1236 1255
1236 1256
1236 1261
1237 1255
1237 1256
1238 1244
1238 1249
1238 1257
1238 1258
1239 1269
1239 1273
1240 1288
1240 1289
1240 1293
1240 1302
1240 1319
1240 1323
1240 1324
1240 1328
1241 1255
1241 1256
1241 1257
1241 1258
1241 1261
1242 1257
1242 1258
1243 1245
1243 1246
1243 1260
1243 1275
1243 1276
1243 1284
1243 1287
1243 1319
1243 1323
1243 1325
1243 1326
1245 1246
1245 1260
1245 1275
1245 1276
1245 1284
1245 1287
1245 1288
1245 1289
1245 1319
1245 1323
1245 1325
1245 1326
1246 1275
1246 1276
1248 1252
1248 1255
1248 1512
1250 1267
1250 1270
1251 1252
1251 1255
1251 1266
1251 1268
1251 1512
1252 1255
1252 1256
1252 1261
1252 1275
1252 1276
1253 1267
1253 1270
1255 1256
1255 1261
1255 1266
1255 1268
1255 1275
1255 1276
1260 1288
1260 1289
1264 1275
1264 1276
1264 1278
1264 1280
1266 1275
1266 1276
1266 1278
1266 1280
1267 1290
1270 1290
1271 1280
1271 1282
1274 1280
1274 1282
1278 1500
1278 1504
1278 2625
1278 2627
1280 1500
1280 1504
1280 2625
1280 2627
1281 1307
1281 1313
1284 1306
1284 1308
1284 1310
1284 1316
1286 1306
1286 1308
1286 1310
1286 1316
1287 1296
1288 1306
1288 1310
1288 1338
1288 1344
1289 1306
1289 1310
1289 1338
1289 1344
1290 1307
1290 1311
1290 1313
1290 1315
1290 1318
1292 1305
1292 1311
1293 1307
1293 1311
1293 1313
1293 1315
1293 1318
1294 1512
1295 1319
1295 1323
1297 1323
1297 1328
1298 1305
1298 1311
1299 1338
1299 1344
1300 1512
1301 1319
1301 1323
1302 1326
1302 1331
1302 1338
1302 1344
1304 1323
1304 1328
1305 1311
1305 1315
1305 1338
1305 1344
1307 1326
1307 1331
1307 1338
1307 1344
1309 1323
1309 1328
1311 1315
1311 1338
1311 1344
1312 1314
1312 1319
1312 1323
1312 1328
1313 1315
1313 1320
1313 1338
1313 1344
1314 1317
1315 1325
1317 1319
1317 1327
1317 1330
1320 1325
1321 1327
1321 1330
1323 1334
1323 1340
1328 1334
1328 1340
1329 1340
1329 1347
1332 1340
1332 1347
1335 1338
1335 1344
1336 1338
1336 1344
1336 1352
1336 1357
1338 1341
1338 1342
1338 1345
1338 1350
1341 1344
1342 1344
1342 1352
1342 1357
1344 1345
1344 1350
1351 1362
1356 1362
1362 1503
1363 1387
1363 1390
1364 1979
1364 1985
1368 1372
1368 1376
1370 1979
1370 1985
1371 1387
1371 1390
1372 1373
1373 1376
1377 1381
1377 1383
1378 1387
1378 1390
1379 1381
1379 1383
1379 1387
1379 1390
1384 1387
1384 1390
1387 1390
1389 1390
1389 1391
1390 1391
1395 1399
1395 1403
1396 1399
1396 1401
1397 1399
1397 1403
1398 1399
1398 1401
1399 1400
1399 1404
1400 1401
1401 1404
1406 1887
1406 2545
1408 2214
1408 2215
1409 2224
1409 2234
1410 1958
1410 1969
1410 2017
1410 2153
1410 2154
1411 2242
1411 2250
1411 2582
1411 2651
1411 2684
1411 2686
1412 2386
1412 2554
1413 1887
1413 1992
1413 1993
1413 2545
1414 1520
1414 1541
1414 1992
1414 1993
1415 1520
1415 1541
1415 1980
1415 1984
1416 1982
1416 1986
1417 1427
1417 1428
1417 1483
1417 1492
1417 1497
1417 1502
1417 1506
1418 1476
1418 1482
1418 1490
1418 1495
1418 1939
1418 1953
1419 1890
1419 1891
1420 1444
1420 1612
1420 1619
1420 2687
1420 2690
1421 1584
1421 1585
1421 1631
1421 1632
1421 1637
1421 1640
1422 1423
1422 1453
1422 1485
1422 1486
1422 1584
1422 1585
1422 1595
1422 1619
1422 1631
1422 1632
1422 1636
1422 1637
1422 1640
1422 1654
1422 1715
1422 2571
1422 2573
1423 1453
1423 1485
1423 1486
1423 1595
1423 1619
1423 1636
1423 1637
1423 1654
1423 1715
1423 1868
1423 1910
1423 2446
1423 2450
1423 2557
1423 2560
1424 2446
1424 2450
1424 2557
1424 2560
1425 2531
1425 2533
1426 2531
1426 2533
1426 2560
1426 2562
1427 1434
1427 2560
1427 2562
1428 1434
1429 2531
1429 2533
1430 2352
1430 2372
1431 1520
1431 1541
1432 1982
1432 1986
1433 1887
1433 1982
1433 1986
1433 2545
1434 1483
1434 1492
1434 1497
1434 1502
1434 1506
1434 1887
1434 1888
1434 1889
1434 1982
1434 1986
1434 2545
1435 1497
1435 1502
1435 1887
1435 1888
1435 1889
1435 1982
1435 1986
1435 2545
1436 1497
1436 1502
1436 1887
1436 1888
1436 1889
1436 2545
1437 1441
1437 1928
1437 1936
1437 2010
1437 2021
1437 2502
1437 2507
1438 1887
1438 1939
1438 1953
1438 2545
1440 1939
1440 1953
1440 1967
1440 1972
1441 1448
1441 1452
1441 1455
1441 1459
1441 1460
1441 1933
1441 1941
1441 2402
1441 2416
1441 2420
1441 2485
1441 2489
1441 2492
1441 2512
1441 2516
1442 1502
1442 1505
1442 2287
1442 2578
1443 1808
1443 1809
1443 1861
1443 1895
1443 1947
1443 1960
1443 2507
1445 1967
1445 1972
1445 2330
1445 2331
1447 1868
1447 1869
1447 1895
1447 1910
1447 1947
1447 1960
1447 2507
1448 1808
1448 1809
1448 1861
1448 1895
1448 1933
1448 1941
1448 1942
1448 1947
1448 1954
1448 1960
1448 2507
1449 1502
1449 1505
1449 1888
1449 1889
1449 2287
1449 2541
1449 2543
1449 2578
1450 2330
1450 2331
1451 1888
1451 1889
1451 2330
1451 2331
1451 2541
1451 2543
1452 1771
1452 1773
1452 1868
1452 1869
1452 1910
1452 1933
1452 1941
1452 1942
1452 1950
1452 1954
1452 1956
1452 1964
1452 2012
1452 2024
1452 2091
1452 2442
1452 2445
1452 2450
1452 2453
1453 2571
1453 2573
1454 1933
1454 1941
1455 1771
1455 1773
1455 1869
1455 1933
1455 1941
1455 1950
1455 1954
1455 1956
1455 1964
1455 2012
1455 2024
1455 2091
1455 2442
1455 2445
1455 2450
1455 2453
1455 2555
1455 2568
1456 1636
1456 1637
1456 1868
1456 1869
1456 1910
1456 1950
1456 1954
1456 1956
1456 1964
1456 2012
1456 2024
1456 2091
1456 2442
1456 2445
1456 2446
1456 2450
1456 2453
1456 2555
1456 2557
1456 2560
1456 2568
1457 1869
1457 1950
1457 1954
1457 1956
1457 1964
1457 2091
1457 2442
1457 2445
1457 2450
1457 2453
1457 2555
1457 2568
1458 2352
1458 2372
1458 2534
1458 2542
1459 1894
1459 2517
1459 2526
1459 2528
1460 1894
1460 2517
1460 2526
1460 2528
1460 2534
1460 2542
1461 1479
1461 1493
1461 1977
1461 1982
1462 1490
1462 1495
1463 1469
1463 1470
1463 1563
1463 1566
1463 1581
1463 1583
1463 1585
1463 1944
1463 1948
1463 1955
1463 1960
1463 1962
1464 1469
1464 1470
1465 1504
1465 1506
1466 1504
1466 1506
1467 1519
1467 1541
1468 1521
1468 1542
1468 1960
1468 1962
1469 1587
1469 1589
1469 1888
1469 1889
1469 2637
1469 2639
1470 1587
1470 1589
1470 1888
1470 1889
1470 2637
1470 2639
1471 1490
1471 1495
1472 1521
1472 1542
1473 1504
1473 1506
1474 1521
1474 1542
1475 1490
1475 1495
1476 1986
1476 1987
1476 1989
1476 2544
1476 2623
1476 2628
1477 1542
1477 1550
1478 1490
1478 1495
1478 2627
1478 2629
1479 1553
1480 1521
1480 1522
1480 1984
1481 1504
1481 1506
1482 1986
1482 1987
1482 1989
1482 2544
1482 2623
1482 2628
1484 1521
1484 1522
1484 1984
1486 1555
1486 1557
1486 2627
1486 2629
1487 1980
1487 1984
1488 1542
1488 1550
1489 1542
1489 1550
1490 1542
1490 1550
1490 1970
1490 1975
1490 1976
1490 1982
1490 1986
1490 2544
1493 1553
1494 1555
1494 1557
1495 1514
1495 1517
1495 1541
1495 1542
1495 1550
1495 1970
1495 1975
1495 1976
1495 1982
1495 1986
1495 2544
1496 1887
1496 2545
1497 1887
1497 2545
1498 1514
1498 1517
1498 1541
1498 1542
1498 1550
1499 1528
1499 1549
1500 1887
1500 2545
1501 1528
1501 1549
1501 2183
1501 2191
1502 1887
1502 2545
1503 1528
1503 1539
1503 1549
1503 1584
1503 1585
1503 1871
1503 1906
1505 1540
1505 1553
1507 1540
1507 1553
1508 1519
1508 1541
1508 1542
1508 1547
1508 1887
1508 2545
1509 1944
1509 1959
1509 2631
1509 2632
1510 1519
1510 1541
1510 1542
1510 1547
1510 1886
1510 1887
1510 2545
1511 1944
1511 1959
1511 2631
1511 2632
1512 1515
1512 2640
1512 2641
1512 2643
1512 2644
1513 1886
1513 2545
1513 2623
1513 2626
1514 1886
1514 2545
1514 2623
1514 2626
1515 2625
1515 2627
1515 2642
1515 2643
1515 2644
1516 2623
1516 2626
1517 2623
1517 2626
1518 1886
1518 1887
1518 2545
1519 1977
1519 1982
1519 1986
1519 1990
1519 1993
1519 2633
1520 1521
1520 1522
1520 1965
1520 1970
1520 1971
1520 1976
1520 1977
1520 1978
1520 1984
1520 2619
1520 2623
1521 1529
1521 1530
1521 1542
1521 1968
1521 1970
1521 1971
1521 1973
1521 1976
1521 1978
1521 1980
1521 1983
1521 1984
1521 1987
1521 1989
1521 2627
1521 2629
1522 1529
1522 1530
1522 1542
1522 1950
1522 1956
1522 1957
1522 1959
1522 1964
1522 1968
1522 1970
1522 1971
1522 1973
1522 1976
1522 1978
1522 1980
1522 1983
1522 1984
1523 1569
1523 1572
1527 1638
1527 1640
1529 1533
1529 1534
1529 1630
1529 1636
1529 1639
1529 1642
1530 1533
1530 1534
1530 1630
1530 1636
1530 1639
1530 1642
1532 1637
1532 1640
1532 2571
1532 2573
1535 1569
1535 1570
1537 1638
1537 1641
1539 1549
1539 1637
1539 1638
1539 1640
1540 1887
1540 1888
1540 1889
1540 1979
1540 1985
1540 2545
1541 1977
1541 1982
1541 1986
1541 1990
1541 1993
1541 2619
1541 2623
1541 2633
1542 1965
1542 1970
1542 1971
1542 1984
1542 1987
1542 1989
1542 2619
1542 2623
1542 2627
1542 2629
1543 1569
1543 1572
1544 1569
1544 1572
1546 1886
1546 1887
1546 1888
1546 1889
1546 1979
1546 1985
1546 2545
1548 1577
1548 1578
1549 1637
1549 1640
1550 1965
1550 1970
1550 1971
1551 1577
1551 1578
1553 1887
1553 1888
1553 1889
1553 1977
1553 1982
1553 2545
1555 1561
1555 1565
1555 1970
1555 1971
1555 2286
1555 2579
1557 1561
1557 1565
1557 1970
1557 1971
1557 2286
1557 2579
1559 1560
1559 1567
1560 1563
1563 1567
1563 1580
1564 1637
1564 1640
1564 2571
1564 2573
1566 1580
1568 1571
1568 1573
1569 1571
1569 1573
1569 1574
1570 1574
1571 1572
1572 1573
1575 1873
1575 1908
1577 1982
1577 1986
1578 1873
1578 1908
1578 1982
1578 1986
1580 1581
1580 1583
1580 1585
1580 1944
1580 1948
1580 1955
1581 2571
1581 2573
1582 1870
1582 1871
1582 1906
1583 1870
1583 1871
1583 1906
1583 2571
1583 2573
1591 1631
1591 1632
1592 1713
1592 1714
1593 1713
1593 1714
1594 1702
1594 1708
1594 2100
1594 2405
1595 1701
1595 1702
1595 1705
1595 1707
1595 1708
1595 2214
1595 2215
1596 2705
1596 2710
1598 1633
1598 1635
1599 1633
1599 1635
1599 2265
1599 2268
1601 1813
1601 2224
1601 2228
1601 2234
1601 2238
1601 2239
1601 2248
1601 2655
1601 2658
1602 1813
1602 2224
1602 2228
1602 2234
1602 2238
1602 2239
1602 2248
1602 2655
1602 2658
1603 1605
1603 1615
1603 1637
1603 1638
1603 1640
1604 1605
1604 1615
1604 1631
1604 1632
1604 1636
1604 1637
1606 2211
1606 2212
1607 1626
1607 1628
1608 1632
1608 1634
1609 1701
1609 1705
1610 1701
1610 1705
1611 1674
1611 1678
1611 1681
1611 1685
1611 1688
1611 2119
1611 2126
1612 1681
1612 1685
1612 1688
1612 1695
1612 1696
1612 1701
1612 1705
1612 1707
1612 2119
1612 2126
1613 1637
1613 1638
1613 1640
1614 1636
1614 1637
1614 2571
1614 2573
1615 2571
1615 2573
1616 1684
1616 1690
1616 1697
1616 1698
1617 1632
1617 1634
1617 2211
1617 2212
1618 1691
1618 1694
1618 1697
1618 1698
1618 1701
1618 1705
1618 1707
1619 1695
1619 1696
1619 1701
1619 1705
1619 1707
1620 1701
1620 1707
1621 1626
1621 1628
1621 1674
1621 1678
1621 1685
1621 2702
1621 2703
1623 1684
1623 1690
1624 1697
1624 1698
1624 2061
1624 2065
1624 2067
1625 1691
1625 1694
1625 1697
1625 1698
1625 1701
1625 1705
1625 1707
1625 2061
1625 2065
1625 2067
1626 1648
1626 1649
1626 1701
1626 1707
1627 1711
1627 1712
1628 1648
1628 1649
1628 1701
1628 1707
1629 2702
1629 2703
1634 1711
1634 1712
1636 2161
1636 2162
1637 1663
1637 2161
1637 2162
1638 1645
1638 1663
1639 2572
1639 2573
1640 1663
1641 1645
1642 2572
1642 2573
1644 1697
1644 1698
1647 1697
1647 1698
1651 1652
1651 1662
1651 1730
1651 1761
1651 2040
1651 2049
1651 2053
1651 2055
1651 2059
1651 2063
1651 2068
1651 2079
1651 2083
1651 2205
1651 2210
1652 1657
1652 1662
1652 2063
1652 2068
1652 2189
1652 2202
1652 2204
1653 1657
1653 1658
1653 2082
1653 2084
1655 2207
1655 2211
1656 2207
1656 2211
1657 1662
1657 1672
1657 1676
1657 1680
1657 1683
1658 1672
1659 2053
1659 2055
1659 2069
1659 2070
1659 2082
1659 2084
1660 1812
1660 1922
1660 1934
1660 2082
1660 2084
1660 2226
1660 2254
1660 2255
1660 2698
1660 2699
1661 1730
1661 1761
1661 1768
1661 1774
1661 1822
1661 1830
1661 2053
1661 2055
1661 2059
1661 2064
1661 2070
1661 2183
1661 2191
1661 2205
1661 2210
1662 1730
1662 1761
1662 2063
1662 2068
1662 2183
1662 2189
1662 2191
1662 2202
1662 2204
1662 2205
1662 2210
1664 2189
1664 2194
1665 1873
1665 1908
1665 2003
1665 2015
1665 2016
1665 2020
1665 2085
1665 2086
1665 2087
1667 2040
1667 2049
1668 1812
1668 1922
1668 1934
1668 2226
1668 2698
1668 2699
1669 2040
1669 2049
1670 1768
1670 1774
1670 1822
1670 1830
1670 2064
1670 2070
1671 2189
1671 2194
1672 1873
1672 1908
1672 2003
1672 2015
1672 2016
1672 2020
1672 2082
1672 2084
1672 2085
1672 2086
1672 2087
1673 1674
1673 1678
1673 1696
1673 1702
1674 1678
1674 1694
1674 1697
1674 1698
1674 1702
1674 1708
1674 1782
1674 1784
1674 1868
1674 1869
1675 1702
1675 1703
1676 2189
1677 2271
1677 2274
1678 1694
1678 1696
1678 1697
1678 1698
1678 1702
1678 1708
1678 1782
1678 1784
1678 1868
1678 1869
1679 1702
1679 1703
1680 1710
1680 1711
1680 2189
1681 1822
1681 1825
1681 1830
1681 1868
1681 1869
1681 2090
1681 2091
1681 2569
1681 2570
1681 2571
1681 2573
1681 2702
1681 2703
1682 2271
1682 2274
1683 2189
1684 2157
1684 2277
1684 2571
1684 2573
1685 1695
1685 1696
1685 1702
1685 1868
1685 1869
1685 2090
1685 2091
1685 2571
1685 2573
1685 2614
1685 2618
1686 1697
1686 1698
1686 1705
1687 1710
1687 1711
1688 1695
1688 1696
1688 1702
1688 1822
1688 1825
1688 1830
1688 2569
1688 2570
1688 2571
1688 2573
1688 2614
1688 2618
1688 2702
1688 2703
1689 1822
1689 1830
1690 1822
1690 1830
1690 2157
1690 2277
1690 2571
1690 2573
1691 1701
1691 1702
1691 2614
1691 2618
1692 1697
1692 1698
1692 1705
1693 1701
1693 1705
1693 1707
1694 1701
1694 1702
1696 1703
1697 2086
1697 2088
1697 2198
1697 2201
1698 2086
1698 2088
1698 2198
1698 2201
1698 2202
1698 2204
1699 1701
1699 1705
1699 1707
1700 1701
1700 1705
1700 1707
1701 2160
1701 2161
1701 2207
1701 2208
1704 1822
1704 1830
1705 2160
1705 2161
1705 2202
1705 2204
1705 2207
1705 2208
1706 1822
1706 1830
1707 2158
1707 2159
1707 2160
1707 2161
1707 2207
1707 2208
1708 2158
1708 2159
1716 2100
1716 2405
1717 1958
1717 1969
1717 2017
1717 2153
1717 2154
1718 1720
1718 2155
1719 1721
1719 1722
1719 2133
1719 2136
1719 2148
1719 2149
1720 1743
1721 1744
1721 1746
1721 1748
1722 1744
1723 2119
1723 2126
1724 2148
1724 2149
1725 2148
1725 2149
1726 1760
1726 1766
1727 1749
1727 1753
1727 1760
1727 1766
1727 2148
1727 2149
1728 1802
1728 1803
1729 1812
1729 2226
1729 2254
1729 2255
1729 2698
1729 2699
1730 1862
1730 1863
1730 1912
1730 1922
1730 2020
1730 2037
1731 1862
1731 1863
1731 1912
1731 1922
1731 2020
1731 2037
1731 2183
1731 2191
1732 1790
1732 1793
1733 1822
1733 1830
1734 1822
1734 1830
1735 2750
1735 2751
1736 1768
1736 1774
1736 2750
1736 2751
1737 1754
1737 1757
1738 1754
1738 1757
1739 2747
1739 2749
1740 1934
1740 1943
1740 1946
1740 2407
1740 2413
1741 2407
1741 2413
1742 1749
1742 1753
1742 2148
1742 2149
1743 1752
1743 1758
1743 2150
1743 2151
1743 2155
1744 1752
1744 1758
1744 2148
1744 2149
1744 2150
1744 2151
1745 1746
1745 1748
1747 2741
1747 2742
1748 2133
1748 2136
1750 1755
1750 1759
1751 1768
1751 1774
1751 1862
1751 1863
1751 2741
1751 2742
1752 1755
1752 1759
1752 2561
1752 2563
1755 1756
1755 1758
1755 2561
1755 2563
1756 1759
1757 1768
1757 1774
1757 1862
1757 1863
1758 1759
1760 1762
1760 1767
1762 1766
1762 1775
1762 1779
1763 1768
1763 1769
1763 1857
1763 1858
1763 2739
1763 2743
1764 1857
1764 1858
1764 2739
1764 2743
1765 1854
1765 1858
1766 1767
1766 1775
1766 1779
1768 1769
1768 2356
1768 2362
1770 1777
1770 1782
1770 1786
1771 1778
1771 1783
1772 1777
1772 1782
1772 1786
1773 1778
1773 1783
1773 1854
1773 1858
1774 2356
1774 2362
1776 2003
1776 2016
1776 2330
1776 2331
1779 2003
1779 2016
1779 2330
1779 2331
1780 2003
1780 2016
1783 1811
1783 2233
1785 2020
1785 2037
1787 1934
1787 1943
1787 1946
1788 1811
1788 2233
1789 1790
1789 1793
1789 1915
1789 1927
1790 1915
1790 1927
1790 2020
1790 2037
1791 1833
1791 1834
1791 2173
1791 2174
1792 1833
1792 1834
1793 1858
1793 1863
1793 2173
1793 2174
1793 2731
1793 2732
1795 1858
1795 1863
1795 2731
1795 2732
1797 2163
1797 2164
1797 2198
1797 2201
1798 1912
1798 1922
1798 2163
1798 2164
1799 1912
1799 1922
1799 2725
1799 2729
1800 1902
1800 1914
1800 2116
1800 2124
1800 2445
1800 2448
1802 1805
1802 1806
1802 2126
1802 2242
1802 2246
1802 2250
1802 2252
1802 2582
1802 2651
1802 2659
1802 2666
1802 2674
1802 2678
1802 2682
1802 2684
1802 2686
1803 1805
1803 1806
1803 2126
1803 2246
1803 2252
1803 2659
1803 2666
1803 2674
1803 2678
1803 2682
1804 2649
1804 2650
1805 2649
1805 2650
1807 2229
1807 2235
1808 2227
1808 2228
1808 2237
1808 2238
1808 2239
1809 2227
1809 2228
1809 2237
1809 2238
1810 1811
1810 1848
1810 1849
1810 1851
1810 1854
1810 2081
1810 2082
1810 2228
1810 2233
1810 2239
1810 2245
1811 1838
1811 1840
1811 1848
1811 1849
1811 1851
1811 1852
1811 1854
1811 1856
1811 1857
1811 1860
1811 1862
1811 1865
1811 1866
1811 2227
1811 2245
1812 1848
1812 1849
1812 1852
1812 1854
1812 1856
1812 1860
1812 1862
1812 2175
1812 2179
1812 2227
1812 2245
1812 2571
1812 2573
1813 2003
1813 2004
1813 2016
1813 2175
1813 2179
1813 2183
1813 2191
1813 2571
1813 2573
1814 1839
1814 1843
1815 1827
1815 1829
1815 1832
1816 2606
1816 2607
1817 2606
1817 2607
1818 1819
1818 1820
1818 2299
1818 2304
1818 2305
1818 2318
1818 2589
1818 2591
1819 1820
1819 2318
1819 2589
1819 2591
1821 1859
1821 1863
1821 2168
1821 2175
1822 1902
1822 1914
1822 1920
1822 1923
1822 1942
1822 1954
1822 1956
1822 2116
1822 2124
1822 2445
1822 2448
1822 2722
1822 2725
1822 2726
1822 2729
1823 2198
1823 2201
1824 1902
1824 1914
1824 1942
1824 1954
1824 1956
1824 2116
1824 2124
1824 2445
1824 2448
1826 2458
1826 2462
1827 1832
1828 2001
1828 2002
1829 1832
1829 2001
1829 2002
1830 1920
1830 1923
1830 2722
1830 2726
1831 2458
1831 2462
1833 2231
1833 2232
1833 2243
1834 2231
1834 2232
1834 2243
1835 1849
1835 1854
1836 1849
1836 1854
1837 1849
1837 1854
1838 2226
1839 1842
1839 2236
1839 2247
1840 2226
1841 1849
1841 1852
1842 1843
1843 2236
1843 2247
1844 1856
1844 1857
1845 1849
1845 1852
1846 1856
1846 1857
1847 1858
1847 1863
1848 2226
1849 2226
1849 2233
1850 1858
1850 1863
1852 2226
1853 1859
1853 1863
1854 2226
1854 2233
1855 2168
1855 2175
1856 2226
1856 2233
1857 2233
1859 2600
1859 2605
1860 2226
1860 2236
1860 2247
1861 2228
1861 2239
1862 2226
1862 2227
1862 2236
1862 2237
1862 2247
1862 2282
1862 2588
1863 2227
1863 2237
1863 2282
1863 2588
1863 2600
1863 2605
1864 2600
1864 2605
1865 2233
1866 2233
1868 2571
1868 2572
1869 2571
1869 2572
1870 1871
1870 1906
1870 1912
1870 1922
1871 2087
1871 2170
1871 2175
1872 2082
1872 2084
1873 1915
1873 1921
1874 1880
1874 1903
1874 1913
1874 1914
1874 2014
1874 2025
1874 2051
1874 2054
1875 1880
1875 1903
1875 1904
1875 1905
1875 1913
1875 1914
1875 1918
1875 1926
1875 2014
1875 2025
1875 2035
1875 2051
1875 2054
1875 2058
1875 2082
1875 2084
1875 2165
1875 2169
1875 2491
1875 2496
1876 1921
1876 1949
1876 2014
1876 2026
1876 2491
1876 2496
1877 1921
1877 1949
1878 2069
1878 2070
1879 2000
1879 2013
1879 2069
1879 2070
1880 1927
1880 1937
1880 1995
1880 1996
1880 1997
1880 2000
1880 2013
1880 2021
1880 2022
1880 2058
1880 2064
1880 2129
1881 1927
1881 1937
1881 1995
1881 1996
1881 1997
1881 2010
1881 2021
1881 2022
1881 2058
1881 2064
1881 2129
1882 2021
1882 2033
1883 1933
1883 1941
1883 2095
1883 2096
1884 1933
1884 1941
1884 2095
1884 2096
1885 2092
1885 2394
1885 2395
1885 2403
1885 2411
1885 2489
1887 2623
1887 2626
1888 1890
1888 1891
1888 1986
1888 1989
1888 2374
1888 2376
1889 1890
1889 1891
1889 1986
1889 1989
1889 2374
1889 2376
1890 2535
1891 2535
1893 2530
1893 2536
1894 2433
1894 2439
1895 1897
1895 1899
1895 2102
1895 2104
1895 2489
1895 2492
1895 2531
1895 2533
1896 2102
1896 2104
1896 2416
1896 2420
1896 2427
1896 2434
1896 2489
1896 2492
1896 2497
1896 2503
1897 2395
1897 2424
1897 2426
1897 2489
1897 2507
1898 2541
1898 2543
1898 2717
1898 2718
1899 2394
1899 2395
1899 2411
1899 2424
1899 2426
1899 2445
1899 2448
1899 2489
1899 2507
1900 2445
1900 2448
1901 2021
1901 2033
1902 1914
1902 1918
1902 1995
1902 1996
1902 2021
1902 2033
1903 1914
1903 1918
1903 1998
1903 2129
1904 2058
1904 2064
1904 2076
1905 2058
1905 2064
1905 2076
1906 1912
1906 1922
1906 2087
1906 2170
1906 2175
1907 2014
1907 2026
1908 1915
1908 1921
1909 1916
1909 1923
1911 1925
1911 1928
1911 2541
1911 2543
1911 2717
1911 2718
1912 2064
1912 2069
1912 2070
1912 2085
1912 2087
1912 2166
1912 2567
1912 2568
1912 2571
1912 2572
1912 2576
1912 2577
1913 1925
1913 1928
1914 1995
1914 1996
1914 1997
1914 2010
1914 2021
1914 2025
1914 2033
1914 2035
1915 1919
1915 1922
1915 1934
1915 1998
1915 2011
1915 2023
1915 2056
1915 2060
1915 2062
1915 2069
1915 2129
1916 1923
1916 2082
1916 2084
1918 1995
1918 1996
1918 1997
1918 2010
1918 2021
1918 2025
1918 2033
1918 2035
1918 2076
1919 1921
1919 1922
1919 1934
1919 2025
1919 2036
1921 1922
1921 1930
1921 1934
1921 1940
1921 2069
1922 1930
1922 1942
1922 1954
1922 2064
1922 2069
1922 2070
1922 2085
1922 2087
1922 2166
1922 2567
1922 2568
1922 2571
1922 2572
1922 2576
1922 2577
1925 2565
1925 2566
1926 2076
1926 2541
1926 2543
1927 1930
1927 1931
1927 1934
1927 1940
1927 2062
1927 2069
1927 2070
1927 2564
1927 2565
1928 2565
1928 2566
1929 1930
1929 1931
1929 1938
1930 1934
1930 1940
1930 1954
1930 1956
1931 1937
1931 1940
1931 1954
1931 1956
1931 1965
1931 2014
1931 2025
1931 2036
1933 2538
1933 2540
1934 1937
1934 1942
1934 1943
1934 1954
1934 1956
1934 1965
1934 2000
1934 2013
1934 2014
1934 2025
1934 2567
1934 2568
1935 2090
1935 2091
1936 2541
1936 2543
1937 2069
1937 2070
1937 2541
1937 2543
1937 2564
1937 2565
1938 1940
1938 1954
1938 1956
1938 2025
1938 2036
1939 2451
1939 2457
1939 2544
1940 1942
1940 1943
1940 1954
1940 1956
1941 2509
1941 2510
1941 2538
1941 2540
1942 1943
1942 1945
1943 1945
1943 1954
1943 2000
1943 2013
1944 2090
1944 2091
1945 1954
1945 1956
1946 1982
1946 1986
1948 1950
1948 1956
1948 1964
1948 1965
1948 1970
1948 2565
1948 2566
1948 2725
1948 2729
1949 2069
1949 2424
1949 2426
1949 2493
1949 2498
1949 2520
1949 2525
1950 1955
1950 1984
1951 2509
1951 2510
1951 2530
1951 2536
1952 2011
1952 2023
1952 2056
1952 2060
1952 2062
1952 2069
1953 2424
1953 2426
1953 2451
1953 2457
1953 2493
1953 2498
1953 2520
1953 2525
1953 2544
1954 2567
1954 2568
1955 1956
1955 1964
1955 1980
1955 1984
1955 2183
1955 2184
1955 2565
1955 2566
1955 2725
1955 2729
1956 1984
1956 2567
1956 2568
1957 1980
1957 1982
1957 1984
1957 1986
1959 1980
1959 1984
1959 2183
1959 2184
1959 2565
1959 2566
1960 1965
1960 1970
1963 1999
1963 2000
1964 1974
1964 1979
1964 1984
1966 1999
1966 2000
1968 1984
1970 1980
1970 1982
1970 1984
1970 1986
1971 1982
1971 1984
1971 1986
1973 1984
1974 1979
1976 1980
1976 1984
1976 1991
1977 1991
1978 1984
1978 1991
1980 1984
1981 1982
1981 1986
1982 1986
1983 1984
1986 1988
1986 1990
1987 1988
1987 1990
1994 2333
1994 2348
1994 2425
1994 2430
1995 2105
1995 2106
1995 2122
1995 2125
1995 2727
1995 2730
1996 2043
1996 2105
1996 2106
1996 2122
1996 2125
1996 2127
1996 2382
1996 2387
1996 2727
1996 2730
1997 2069
1997 2070
1997 2122
1997 2127
1997 2406
1997 2407
1997 2412
1997 2413
1998 2069
1998 2070
1998 2406
1998 2412
1998 2567
1998 2568
1998 2747
1998 2749
1999 2567
1999 2568
2000 2088
2000 2090
2000 2099
2000 2405
2000 2725
2000 2729
2001 2078
2001 2081
2002 2078
2002 2081
2003 2014
2003 2020
2003 2026
2003 2027
2003 2030
2003 2034
2003 2074
2003 2078
2003 2234
2004 2030
2004 2034
2004 2074
2004 2078
2004 2234
2005 2018
2005 2029
2006 2018
2006 2029
2007 2038
2007 2046
2008 2038
2008 2046
2009 2092
2009 2333
2009 2348
2009 2403
2009 2425
2009 2430
2010 2043
2010 2382
2010 2387
2012 2567
2012 2568
2013 2088
2013 2090
2013 2099
2013 2405
2013 2725
2013 2729
2014 2016
2014 2058
2014 2064
2014 2076
2014 2332
2014 2734
2015 2072
2015 2074
2015 2075
2016 2020
2016 2026
2016 2027
2016 2030
2016 2034
2016 2074
2016 2078
2016 2234
2018 2020
2018 2031
2018 2032
2018 2037
2018 2038
2018 2041
2018 2046
2018 2047
2018 2072
2018 2074
2019 2038
2019 2046
2019 2051
2019 2072
2019 2074
2020 2028
2020 2029
2020 2030
2020 2034
2020 2038
2020 2046
2020 2072
2020 2074
2020 2075
2020 2082
2020 2084
2025 2076
2026 2058
2026 2064
2026 2332
2026 2734
2027 2038
2027 2046
2028 2037
2028 2051
2028 2054
2028 2061
2028 2065
2029 2030
2029 2031
2029 2032
2029 2037
2029 2038
2029 2040
2029 2041
2029 2046
2029 2047
2029 2058
2029 2064
2029 2072
2029 2074
2030 2037
2030 2040
2030 2041
2030 2046
2030 2047
2030 2051
2030 2058
2030 2064
2030 2065
2030 2082
2030 2084
2034 2037
2034 2041
2034 2047
2034 2058
2034 2064
2034 2082
2034 2084
2035 2076
2037 2072
2037 2074
2037 2075
2037 2082
2037 2084
2038 2040
2038 2061
2038 2064
2038 2065
2038 2069
2038 2070
2038 2074
2038 2078
2039 2051
2039 2054
2039 2061
2039 2065
2040 2041
2040 2042
2040 2046
2040 2047
2040 2050
2040 2058
2040 2065
2040 2072
2040 2074
2040 2079
2042 2049
2044 2056
2044 2060
2045 2056
2045 2060
2046 2051
2046 2054
2046 2058
2046 2061
2046 2064
2046 2065
2046 2069
2046 2070
2046 2074
2046 2078
2047 2058
2047 2064
2048 2066
2048 2068
2049 2050
2049 2079
2051 2054
2051 2058
2051 2064
2051 2065
2051 2066
2051 2068
2052 2066
2052 2068
2053 2054
2053 2058
2053 2064
2053 2079
2053 2083
2053 2171
2053 2178
2054 2055
2054 2057
2054 2058
2054 2064
2054 2065
2054 2066
2054 2068
2054 2076
2055 2058
2055 2079
2055 2083
2055 2171
2055 2178
2057 2058
2058 2059
2058 2063
2058 2064
2058 2067
2058 2068
2058 2071
2058 2076
2058 2082
2058 2083
2059 2064
2059 2079
2059 2083
2061 2072
2061 2073
2061 2074
2061 2079
2061 2083
2063 2064
2064 2067
2064 2068
2064 2069
2064 2070
2064 2071
2064 2082
2064 2083
2065 2072
2065 2073
2065 2074
2065 2079
2065 2083
2067 2072
2067 2074
2069 2070
2069 2178
2070 2178
2072 2209
2072 2212
2074 2209
2074 2212
2075 2209
2075 2212
2076 2082
2076 2084
2076 2165
2076 2169
2076 2491
2076 2496
2077 2082
2077 2084
2079 2082
2079 2083
2079 2084
2079 2205
2079 2210
2079 2726
2079 2728
2080 2082
2080 2084
2081 2233
2082 2083
2082 2233
2083 2084
2083 2726
2083 2728
2085 2088
2085 2089
2085 2177
2085 2184
2085 2571
2085 2573
2087 2088
2087 2089
2087 2177
2087 2184
2087 2571
2087 2573
2090 2747
2090 2749
2091 2747
2091 2749
2092 2446
2092 2450
2093 2409
2093 2410
2094 2095
2094 2096
2094 2104
2094 2105
2094 2106
2094 2110
2094 2750
2094 2751
2095 2096
2095 2103
2095 2105
2095 2106
2095 2112
2095 2408
2095 2750
2095 2751
2096 2103
2096 2112
2097 2727
2097 2730
2098 2113
2098 2120
2098 2137
2098 2139
2099 2137
2099 2139
2099 2145
2099 2147
2101 2138
2101 2141
2101 2145
2101 2146
2101 2147
2101 2735
2101 2737
2104 2408
2105 2112
2105 2118
2105 2135
2105 2137
2105 2408
2105 2743
2105 2744
2105 2745
2106 2112
2106 2118
2106 2135
2106 2137
2106 2743
2106 2744
2106 2745
2107 2113
2107 2120
2108 2427
2108 2428
2109 2427
2109 2428
2110 2408
2111 2145
2111 2147
2113 2125
2113 2127
2113 2129
2113 2134
2114 2130
2114 2132
2115 2130
2115 2132
2119 2140
2119 2142
2119 2148
2119 2149
2119 2151
2119 2698
2119 2699
2120 2125
2120 2127
2120 2129
2120 2134
2121 2140
2121 2142
2121 2145
2121 2147
2123 2135
2123 2137
2124 2135
2124 2137
2126 2140
2126 2142
2126 2148
2126 2149
2126 2151
2126 2698
2126 2699
2128 2140
2128 2142
2129 2407
2129 2413
2129 2424
2129 2426
2131 2739
2131 2741
2133 2745
2133 2746
2134 2424
2134 2426
2134 2747
2134 2749
2135 2739
2135 2741
2136 2745
2136 2746
2138 2404
2141 2404
2143 2567
2143 2568
2144 2155
2144 2156
2145 2404
2145 2405
2146 2404
2147 2404
2147 2405
2152 2155
2152 2156
2163 2231
2163 2232
2163 2243
2164 2231
2164 2232
2164 2243
2165 2261
2165 2262
2165 2652
2165 2654
2168 2179
2168 2183
2168 2190
2168 2191
2169 2652
2169 2654
2171 2261
2171 2262
2171 2652
2171 2654
2172 2183
2172 2191
2174 2240
2174 2249
2175 2179
2175 2183
2175 2190
2175 2191
2175 2226
2179 2196
2179 2197
2179 2199
2179 2226
2179 2240
2179 2251
2180 2182
2180 2183
2180 2186
2180 2191
2181 2240
2181 2249
2182 2186
2182 2196
2182 2199
2183 2184
2183 2192
2183 2202
2183 2204
2183 2234
2183 2238
2183 2248
2184 2191
2184 2196
2184 2199
2185 2198
2185 2201
2186 2196
2186 2199
2187 2196
2187 2199
2187 2240
2187 2249
2187 2251
2188 2198
2188 2201
2190 2196
2190 2197
2190 2199
2190 2240
2190 2251
2191 2192
2191 2196
2191 2199
2191 2202
2191 2204
2191 2234
2191 2238
2191 2248
2192 2196
2192 2199
2193 2196
2193 2199
2193 2240
2193 2249
2193 2251
2195 2196
2195 2199
2196 2197
2196 2198
2196 2201
2197 2199
2198 2199
2199 2201
2199 2209
2199 2212
2200 2209
2200 2212
2202 2208
2202 2209
2203 2205
2203 2210
2204 2208
2204 2209
2205 2206
2205 2209
2205 2212
2206 2210
2207 2240
2207 2249
2208 2240
2208 2249
2209 2210
2210 2212
2210 2572
2210 2573
2211 2212
2213 2572
2213 2573
2218 2258
2218 2261
2218 2262
2219 2258
2219 2261
2219 2262
2219 2705
2219 2710
2220 2258
2220 2262
2221 2659
2221 2666
2222 2659
2222 2666
2223 2659
2223 2666
2225 2649
2225 2650
2226 2356
2226 2362
2226 2571
2226 2573
2227 2304
2227 2305
2228 2233
2229 2230
2229 2583
2229 2584
2229 2649
2230 2235
2231 2613
2231 2618
2232 2613
2232 2618
2233 2239
2233 2245
2235 2583
2235 2584
2235 2649
2236 2649
2236 2650
2236 2702
2236 2703
2237 2304
2237 2305
2238 2580
2238 2581
2238 2644
2238 2646
2240 2244
2240 2249
2240 2251
2240 2253
2241 2356
2241 2362
2243 2613
2243 2618
2244 2251
2247 2649
2247 2650
2247 2702
2247 2703
2248 2580
2248 2581
2248 2644
2248 2646
2249 2251
2251 2253
2252 2698
2252 2699
2252 2700
2252 2704
2252 2711
2252 2713
2254 2750
2254 2751
2255 2698
2255 2699
2255 2700
2255 2704
2255 2711
2255 2713
2255 2750
2255 2751
2256 2257
2256 2259
2257 2260
2258 2709
2259 2260
2259 2265
2259 2268
2261 2272
2261 2273
2261 2276
2262 2273
2262 2276
2262 2709
2263 2265
2263 2268
2264 2272
2264 2273
2265 2268
2265 2271
2265 2712
2266 2273
2266 2275
2268 2271
2268 2712
2269 2273
2269 2275
2271 2571
2271 2573
2274 2571
2274 2573
2278 2281
2278 2588
2278 2662
2278 2670
2279 2601
2279 2610
2280 2601
2280 2610
2281 2295
2281 2652
2281 2654
2282 2292
2282 2293
2282 2298
2282 2303
2282 2345
2282 2346
2283 2292
2283 2293
2283 2298
2283 2303
2284 2592
2284 2593
2284 2594
2284 2595
2284 2597
2284 2602
2284 2603
2285 2296
2285 2302
2287 2598
2287 2604
2288 2359
2288 2366
2288 2367
2288 2368
2288 2374
2289 2614
2289 2618
2290 2299
2290 2300
2290 2304
2290 2305
2290 2308
2290 2614
2290 2618
2291 2300
2291 2308
2292 2612
2292 2613
2293 2612
2293 2613
2294 2310
2294 2312
2295 2588
2295 2662
2295 2670
2296 2326
2297 2300
2297 2308
2299 2304
2300 2308
2301 2310
2301 2312
2302 2326
2304 2309
2304 2311
2304 2314
2304 2319
2304 2320
2304 2323
2304 2324
2305 2314
2305 2319
2305 2320
2305 2323
2305 2324
2306 2309
2306 2311
2307 2316
2307 2317
2308 2316
2308 2317
2311 2313
2311 2314
2313 2314
2315 2322
2315 2325
2321 2322
2321 2325
2330 2350
2330 2353
2330 2357
2330 2429
2330 2435
2330 2747
2330 2749
2331 2350
2331 2353
2331 2357
2331 2429
2331 2435
2331 2747
2331 2749
2332 2469
2332 2472
2334 2368
2334 2375
2335 2552
2335 2553
2336 2552
2336 2553
2337 2546
2337 2548
2338 2546
2338 2548
2339 2386
2339 2479
2339 2480
2339 2554
2340 2479
2340 2480
2341 2444
2341 2447
2341 2452
2342 2444
2342 2447
2342 2452
2343 2438
2343 2443
2344 2441
2344 2444
2345 2358
2345 2363
2345 2588
2346 2358
2346 2363
2346 2588
2347 2567
2347 2568
2348 2360
2348 2365
2349 2368
2349 2375
2351 2360
2351 2365
2351 2567
2351 2568
2352 2558
2352 2559
2354 2356
2354 2361
2355 2356
2355 2361
2356 2358
2356 2369
2358 2361
2359 2548
2359 2551
2361 2369
2364 2417
2364 2426
2366 2548
2366 2551
2367 2546
2367 2548
2367 2549
2367 2551
2368 2375
2368 2377
2368 2378
2368 2556
2368 2557
2370 2463
2370 2465
2371 2546
2371 2548
2371 2549
2371 2551
2372 2558
2372 2559
2373 2463
2373 2465
2374 2377
2374 2378
2374 2556
2374 2557
2375 2377
2375 2378
2375 2417
2375 2426
2375 2556
2375 2557
2379 2479
2379 2480
2379 2596
2379 2599
2380 2384
2380 2389
2381 2479
2381 2480
2381 2596
2381 2599
2383 2454
2383 2460
2384 2415
2385 2407
2385 2413
2388 2424
2388 2426
2389 2415
2390 2424
2390 2426
2390 2454
2390 2460
2391 2407
2391 2413
2392 2444
2392 2447
2393 2444
2393 2447
2394 2428
2394 2434
2395 2489
2395 2492
2396 2418
2396 2432
2396 2439
2396 2567
2396 2568
2397 2414
2397 2418
2398 2421
2398 2423
2399 2479
2399 2480
2400 2493
2400 2495
2400 2498
2400 2500
2401 2499
2401 2514
2403 2409
2403 2410
2403 2446
2403 2450
2404 2735
2404 2737
2407 2413
2407 2727
2407 2730
2414 2486
2416 2502
2418 2432
2418 2439
2418 2486
2418 2567
2418 2568
2419 2431
2419 2440
2420 2502
2421 2423
2427 2431
2427 2440
2427 2479
2427 2480
2427 2502
2428 2442
2428 2445
2428 2489
2433 2451
2433 2457
2433 2517
2434 2442
2434 2445
2434 2479
2434 2480
2434 2489
2434 2502
2436 2491
2436 2496
2436 2555
2436 2567
2436 2568
2437 2491
2437 2496
2437 2555
2437 2567
2437 2568
2438 2468
2439 2451
2439 2457
2439 2517
2441 2459
2442 2444
2442 2447
2442 2489
2442 2492
2442 2747
2442 2749
2443 2468
2444 2445
2444 2459
2444 2467
2444 2472
2444 2478
2444 2483
2445 2447
2445 2448
2445 2449
2445 2451
2445 2456
2445 2457
2445 2479
2445 2480
2445 2489
2445 2492
2445 2747
2445 2749
2446 2451
2446 2457
2446 2736
2446 2741
2447 2467
2447 2472
2447 2474
2447 2477
2447 2478
2447 2483
2448 2449
2448 2451
2448 2456
2448 2457
2448 2466
2448 2467
2448 2471
2448 2472
2448 2479
2448 2480
2448 2567
2448 2568
2450 2451
2450 2457
2450 2736
2450 2741
2455 2474
2455 2477
2456 2466
2456 2467
2456 2471
2456 2472
2456 2567
2456 2568
2457 2462
2457 2464
2461 2462
2461 2464
2469 2734
2470 2476
2470 2479
2470 2480
2470 2481
2470 2482
2472 2476
2472 2479
2472 2480
2472 2734
2473 2476
2473 2479
2473 2480
2475 2476
2475 2479
2475 2480
2475 2481
2475 2482
2479 2481
2479 2484
2479 2488
2479 2508
2479 2514
2480 2481
2480 2484
2480 2488
2480 2508
2480 2514
2485 2499
2485 2514
2487 2493
2487 2495
2487 2498
2487 2500
2488 2547
2488 2550
2489 2491
2489 2492
2489 2496
2490 2547
2490 2550
2491 2492
2492 2496
2493 2505
2493 2515
2494 2499
2494 2504
2495 2505
2495 2515
2497 2502
2499 2511
2500 2505
2500 2515
2501 2502
2501 2507
2502 2503
2502 2506
2504 2509
2504 2510
2504 2511
2506 2507
2507 2531
2507 2533
2509 2513
2510 2513
2518 2743
2518 2744
2518 2745
2519 2524
2519 2527
2520 2743
2520 2744
2520 2745
2521 2524
2521 2527
2522 2524
2522 2527
2523 2524
2523 2527
2531 2532
2531 2536
2532 2533
2532 2534
2532 2539
2533 2536
2534 2536
2536 2539
2537 2546
2537 2549
2540 2546
2540 2549
2545 2623
2545 2626
2562 2576
2562 2577
2564 2576
2564 2577
2567 2576
2567 2577
2568 2576
2568 2577
2576 2577
2578 2598
2578 2604
2582 2652
2582 2654
2584 2585
2584 2648
2584 2649
2584 2650
2584 2653
2584 2660
2584 2668
2585 2649
2586 2660
2586 2661
2586 2667
2586 2669
2587 2613
2587 2618
2587 2659
2587 2666
2587 2674
2587 2678
2587 2682
2588 2652
2588 2654
2590 2592
2590 2593
2590 2594
2590 2595
2590 2597
2590 2602
2590 2603
2600 2614
2600 2617
2600 2620
2600 2642
2600 2643
2601 2614
2601 2617
2601 2620
2605 2642
2605 2643
2609 2614
2609 2617
2609 2620
2612 2614
2612 2618
2613 2614
2613 2617
2613 2618
2613 2620
2613 2645
2614 2618
2617 2618
2618 2620
2618 2645
2630 2631
2630 2632
2631 2632
2631 2636
2631 2638
2631 2651
2631 2652
2632 2636
2632 2638
2632 2651
2632 2652
2640 2642
2640 2643
2640 2652
2640 2654
2641 2642
2641 2643
2641 2652
2641 2654
2645 2659
2645 2666
2645 2674
2645 2678
2645 2682
2647 2660
2647 2661
2647 2667
2647 2669
2648 2649
2649 2650
2649 2653
2649 2660
2649 2668
2651 2652
2651 2654
2652 2679
2652 2680
2654 2679
2654 2680
2656 2659
2656 2666
2657 2683
2657 2688
2662 2664
2662 2665
2663 2683
2663 2688
2664 2670
2664 2673
2664 2677
2664 2679
2664 2680
2665 2670
2665 2673
2665 2677
2665 2679
2665 2680
2670 2691
2670 2696
2672 2676
2672 2681
2672 2691
2672 2696
2676 2677
2677 2681
2682 2689
2682 2693
2684 2701
2684 2706
2685 2689
2685 2693
2689 2694
2689 2698
2690 2694
2690 2698
2692 2701
2692 2705
2693 2694
2693 2698
2693 2701
2693 2706
2694 2695
2694 2698
2694 2699
2695 2698
2695 2699
2695 2701
2695 2705
2697 2702
2697 2703
2698 2699
2702 2703
2712 2715
2712 2716
2714 2715
2714 2716
2719 2721
2719 2724
2720 2723
2720 2728
2721 2723
2721 2724
2721 2728
2735 2747
2735 2749
2738 2747
2738 2749
2740 2747
2740 2749
2743 2747
2743 2749
2744 2747
2744 2749
2745 2747
2745 2749
