0 127
0 128
1 115
1 118
1 119
1 570
1 578
2 316
2 778
3 393
3 394
3 508
3 510
4 598
4 599
5 14
5 15
5 126
5 127
5 359
5 362
5 368
5 1085
5 1087
5 1088
5 1098
5 1183
5 1189
6 1356
6 1362
7 40
7 42
8 40
8 42
9 362
9 368
10 812
10 813
11 870
11 871
12 104
12 107
12 338
12 342
13 17
13 18
13 19
13 33
13 522
13 523
13 524
13 526
13 529
13 530
13 1575
13 1578
14 17
14 19
14 124
14 127
14 128
14 134
14 135
14 140
14 354
14 357
14 362
14 368
14 1030
14 1033
14 1081
14 1082
14 1083
14 1084
14 1085
14 1090
14 1098
14 1110
14 1158
14 1279
14 1308
14 1454
15 17
15 19
15 126
15 127
15 130
15 142
15 152
15 199
15 354
15 357
15 359
15 362
15 368
15 527
15 532
15 999
15 1083
15 1085
15 1087
15 1088
15 1097
15 1098
15 1123
15 1124
15 1183
15 1189
15 1278
15 1513
15 1514
16 130
16 152
16 527
16 532
16 1356
16 1362
17 18
17 19
17 124
17 127
17 128
17 134
17 135
17 140
17 142
17 199
17 349
17 356
17 362
17 368
17 498
17 502
17 505
17 506
17 531
17 533
17 655
17 656
17 826
17 829
17 999
17 1030
17 1033
17 1081
17 1082
17 1083
17 1084
17 1085
17 1090
17 1097
17 1110
17 1123
17 1124
17 1158
17 1180
17 1186
17 1209
17 1210
17 1278
17 1279
17 1308
17 1322
17 1324
17 1328
17 1335
17 1356
17 1362
17 1430
17 1432
17 1450
17 1452
17 1453
17 1454
17 1513
17 1514
17 1638
17 1646
17 1915
17 1918
18 19
18 349
18 356
18 358
18 366
18 404
18 405
18 829
19 362
19 368
19 498
19 502
19 505
19 506
19 531
19 533
19 655
19 656
19 826
19 829
19 1158
19 1180
19 1186
19 1209
19 1210
19 1322
19 1324
19 1328
19 1335
19 1356
19 1362
19 1430
19 1432
19 1450
19 1452
19 1453
19 1454
19 1638
19 1646
19 1915
19 1918
20 239
20 324
20 334
20 348
20 352
20 358
20 366
20 369
20 372
20 378
20 404
20 405
20 456
20 461
20 985
20 1308
20 1317
20 1396
20 1404
20 1405
21 509
21 514
22 239
22 324
22 334
22 348
22 352
22 369
22 372
22 378
22 456
22 461
22 509
22 514
22 985
22 1308
22 1317
22 1396
22 1404
22 1405
23 809
23 810
23 1412
23 1415
24 28
24 360
24 363
24 374
24 379
24 735
24 740
24 769
24 781
24 1021
24 1304
24 1319
24 1326
24 1477
24 1479
24 1655
24 1660
24 1731
24 1732
25 314
25 315
25 610
25 611
25 819
25 821
26 812
26 813
27 809
27 810
27 812
27 813
27 1412
27 1415
28 360
28 363
28 769
28 781
28 1021
28 1477
28 1479
28 1655
28 1731
29 1272
29 1276
29 1277
30 314
30 315
30 610
30 611
30 819
30 821
31 329
31 342
31 473
31 475
32 329
32 342
32 473
32 475
33 104
33 107
33 338
33 342
33 522
33 523
33 524
33 529
34 310
34 375
35 72
35 73
35 374
35 379
36 72
36 73
36 310
36 374
36 375
36 379
36 788
36 791
36 845
36 850
37 845
37 850
38 788
38 791
39 159
39 161
41 159
41 161
43 311
43 312
44 86
44 90
45 86
45 90
45 311
45 312
46 311
46 312
47 663
47 667
48 800
48 803
49 663
49 667
50 800
50 803
51 137
51 138
52 137
52 138
53 154
53 155
54 150
54 151
54 154
54 155
55 150
55 151
55 154
55 155
56 83
56 85
57 62
57 63
57 66
57 881
57 900
57 901
58 59
58 60
58 66
58 881
59 109
59 114
59 115
59 116
59 165
59 910
59 921
60 109
60 114
60 115
60 116
60 118
60 165
60 570
60 578
60 910
60 921
61 115
61 118
61 119
61 280
61 546
61 892
61 893
61 900
61 901
62 114
62 118
62 163
63 163
64 66
64 89
64 90
64 876
64 877
64 881
64 889
64 890
64 1070
64 1072
65 66
65 89
65 90
65 876
65 877
65 881
65 889
65 890
65 1070
65 1072
66 114
66 115
66 866
66 867
67 120
67 843
67 845
67 849
67 850
67 1048
67 1821
67 1824
68 381
68 382
68 845
68 849
68 850
68 853
68 858
68 865
68 1593
68 1594
68 1595
68 1596
69 381
69 382
69 1593
69 1594
69 1595
69 1596
70 81
70 83
70 85
70 88
71 81
71 88
71 900
71 901
72 109
72 110
72 114
73 86
73 90
73 92
73 109
73 110
73 114
73 118
74 154
74 155
75 108
75 112
75 154
75 155
75 156
75 158
76 154
76 155
76 156
76 158
77 110
77 114
78 872
78 873
79 872
79 873
80 108
80 112
82 85
82 90
84 85
84 90
85 118
85 119
85 237
85 257
86 912
87 145
87 146
87 147
88 108
88 112
89 101
89 103
89 118
89 119
89 237
89 257
89 896
89 897
90 101
90 103
90 896
90 897
90 912
91 108
91 112
92 912
93 145
93 146
93 147
94 844
94 850
95 104
95 106
96 844
96 850
97 141
97 144
98 406
98 413
98 415
98 1116
98 1117
98 1131
98 1132
99 141
99 144
100 1841
100 1842
102 406
102 413
102 415
102 1116
102 1117
102 1131
102 1132
104 106
104 193
104 194
104 272
104 286
104 348
104 352
104 1148
104 1150
104 1865
104 1868
105 114
105 115
105 124
105 134
105 1841
105 1842
106 272
106 286
106 348
106 352
106 1043
106 1858
106 1865
106 1868
106 1877
106 1880
107 1148
107 1150
108 114
108 115
108 124
108 134
109 115
109 119
109 148
109 149
109 960
109 961
109 1043
109 1046
109 1050
109 1053
109 1254
109 1255
109 1560
109 1809
109 1814
109 1844
109 1858
109 1877
109 1880
110 114
110 115
110 116
110 118
110 119
110 896
110 897
110 898
110 900
110 901
110 1046
110 1050
110 1053
110 1254
110 1255
110 1560
110 1844
111 193
111 194
113 148
113 149
113 960
113 961
113 1809
113 1814
114 115
114 116
114 118
114 833
114 881
114 895
114 896
114 897
114 898
114 900
114 901
114 933
114 940
114 948
114 949
114 953
114 955
114 1094
114 1127
114 1153
114 1154
114 1155
114 1252
114 1256
114 1558
114 1566
114 1842
114 1843
114 1853
114 1867
114 1875
115 117
115 118
115 119
115 298
115 300
115 590
115 593
115 864
115 865
115 881
115 946
115 948
115 1128
115 1154
115 1155
115 1252
115 1558
115 1827
115 1830
115 1842
115 1843
115 1845
115 1847
115 1853
115 1867
115 1869
115 1885
115 1889
116 1094
116 1153
117 119
117 879
117 880
117 900
117 901
117 933
117 940
117 1254
117 1255
117 1560
117 1826
117 1827
117 1845
117 1847
118 119
118 590
118 593
118 811
118 814
118 815
118 833
118 842
118 848
118 896
118 898
118 900
118 901
118 933
118 940
118 948
118 949
118 953
118 955
118 1127
118 1256
118 1566
118 1875
118 1885
118 1889
119 298
119 300
119 590
119 593
119 811
119 814
119 815
119 842
119 848
119 864
119 865
119 879
119 880
119 900
119 901
119 932
119 933
119 935
119 940
119 946
119 948
119 953
119 1128
119 1254
119 1255
119 1560
119 1826
119 1827
119 1830
119 1859
119 1860
119 1869
119 1877
119 1880
119 1885
119 1889
120 843
120 849
120 858
120 865
120 1048
120 1821
120 1824
120 1826
120 1827
121 932
121 935
121 948
121 953
121 1859
121 1860
121 1877
121 1880
122 373
122 380
123 373
123 380
124 143
124 145
124 895
124 897
125 1367
125 1372
126 565
126 567
127 142
127 324
127 329
127 334
127 565
127 567
128 142
128 324
128 329
128 334
129 338
129 342
131 827
131 828
132 827
132 828
133 1335
133 1340
134 143
134 145
134 895
134 897
134 1367
134 1372
136 1335
136 1340
137 885
137 886
137 1087
137 1088
138 885
138 886
138 1087
138 1088
139 338
139 342
150 153
151 153
154 159
154 161
155 159
155 161
157 324
157 329
157 334
158 324
158 329
158 334
159 359
159 362
159 1093
159 1119
160 359
160 362
161 1093
161 1119
162 551
162 553
164 551
164 553
166 422
166 425
167 422
167 425
168 520
168 521
169 966
169 967
170 950
170 956
170 958
171 950
171 956
171 958
172 203
172 224
172 225
172 226
173 224
173 225
174 203
174 226
175 176
175 184
176 181
177 826
177 828
178 826
178 828
179 828
179 829
180 213
180 215
181 184
182 828
182 829
183 213
183 215
185 293
185 294
186 191
186 192
187 293
187 294
188 825
188 827
189 191
189 192
190 825
190 827
195 197
195 198
196 197
196 198
200 209
200 210
201 393
201 394
202 393
202 394
204 219
204 221
205 219
205 221
206 393
206 394
207 427
207 429
208 427
208 429
209 392
209 395
209 426
210 392
210 395
210 426
211 520
211 521
212 478
212 486
213 227
213 228
213 272
213 273
214 478
214 486
215 227
215 228
215 272
215 273
216 391
216 398
217 391
217 398
218 222
218 223
220 222
220 223
227 228
227 241
227 242
227 244
227 393
227 394
227 508
227 510
228 244
228 393
228 394
229 406
229 413
230 406
230 413
231 404
231 405
231 825
231 826
232 252
232 259
233 252
233 259
234 266
234 267
235 517
235 519
236 237
236 257
237 353
237 364
237 995
237 1427
237 1428
238 479
238 487
240 270
240 271
241 243
241 246
241 247
241 254
241 261
241 563
241 568
241 572
241 576
241 633
241 639
242 243
242 246
242 247
242 254
242 261
242 563
242 568
242 572
242 576
242 633
242 639
244 245
244 248
244 403
244 404
244 406
245 248
245 403
245 404
245 406
249 252
249 254
249 474
249 481
249 508
249 510
249 705
249 718
250 456
250 461
251 456
251 461
252 253
253 254
253 474
253 481
253 508
253 510
253 705
253 718
254 499
254 503
255 260
255 263
256 404
256 405
256 825
256 826
257 260
257 263
257 353
257 364
257 995
257 1427
257 1428
258 262
258 264
261 499
261 503
262 265
264 265
266 502
267 502
268 552
268 559
269 552
269 559
270 980
271 980
272 273
272 974
273 974
274 755
274 766
275 464
275 470
276 543
276 549
276 554
277 543
277 549
277 554
278 543
278 549
278 554
279 581
279 582
280 832
281 978
281 979
282 298
282 300
282 596
282 597
283 298
283 300
283 596
283 597
284 295
284 297
285 592
285 594
287 496
287 555
287 557
287 574
288 464
288 470
289 727
289 728
289 731
290 727
290 728
290 731
291 496
291 555
291 557
291 574
292 592
292 594
295 591
296 978
296 979
297 591
298 299
298 301
299 300
300 301
302 438
302 439
303 824
303 826
303 954
303 957
304 409
304 414
305 409
305 414
306 469
306 475
307 457
307 458
307 469
307 475
308 457
308 458
309 362
309 368
310 360
310 363
311 372
311 378
312 789
312 798
313 314
313 315
313 789
313 793
313 794
313 798
314 315
314 350
314 793
314 794
314 1417
314 1418
315 350
315 1417
315 1418
316 670
316 760
316 768
317 330
317 339
318 330
318 339
319 353
319 364
319 384
319 385
319 397
319 484
319 489
320 421
320 422
321 386
321 387
321 421
321 422
322 386
322 387
323 824
323 826
323 954
323 957
324 418
324 419
324 423
324 424
324 569
324 572
325 383
325 467
325 603
325 991
326 383
326 467
326 469
327 341
327 353
327 355
327 364
327 384
327 385
327 397
327 417
327 419
327 484
327 489
328 329
328 334
328 422
328 425
329 337
329 347
329 348
329 349
329 352
329 418
329 419
329 509
329 514
329 569
329 572
330 383
330 466
330 467
330 469
330 603
330 991
331 383
331 467
331 469
332 346
332 351
332 361
332 417
332 419
333 480
333 482
334 337
334 347
334 348
334 349
334 352
334 418
334 419
334 423
334 424
334 569
334 572
335 338
335 342
336 341
336 346
336 351
336 355
336 361
337 420
337 422
337 424
337 425
338 343
338 354
338 357
338 1284
338 1427
339 466
339 469
340 345
340 374
342 343
342 509
342 514
342 1284
342 1427
344 345
344 374
345 480
345 482
346 353
346 364
346 369
346 372
347 420
347 424
348 357
348 361
348 369
348 384
348 485
348 1019
348 1020
351 353
351 354
351 364
351 367
351 385
351 397
352 354
352 357
352 361
352 369
352 384
352 485
352 1019
352 1020
352 1335
352 1340
352 1347
353 361
353 365
353 456
353 461
353 480
353 482
354 361
354 384
354 397
354 401
354 485
354 642
354 646
355 385
355 397
357 384
357 485
357 642
357 646
359 1019
359 1020
359 1335
359 1340
359 1347
359 1450
359 1452
360 370
360 375
360 708
360 712
360 752
360 753
360 762
360 789
360 798
360 800
360 802
360 803
360 805
360 806
360 808
360 1364
360 1365
360 1653
360 1734
361 364
361 367
361 369
361 372
362 1019
362 1020
362 1335
362 1338
362 1340
362 1345
362 1347
362 1450
362 1452
363 370
363 375
363 708
363 712
363 752
363 753
363 762
363 789
363 798
363 800
363 802
363 803
363 805
363 806
363 808
363 1364
363 1365
363 1653
363 1734
364 365
364 397
364 401
364 456
364 461
364 480
364 482
365 369
365 372
367 397
367 401
368 1338
368 1345
368 1450
368 1452
369 812
369 814
369 1364
369 1365
371 480
371 482
372 375
372 812
372 814
372 1364
372 1365
374 497
374 498
374 1021
375 378
376 812
376 813
377 812
377 813
379 497
379 498
379 1021
384 386
384 476
384 477
384 482
384 484
384 490
385 473
385 475
385 480
386 480
386 482
386 484
386 485
386 488
388 403
388 404
388 405
388 406
389 403
389 404
389 405
389 406
390 393
390 394
391 1308
391 1317
392 412
392 416
393 394
393 398
393 407
393 411
393 430
393 432
393 494
393 495
393 997
393 998
394 398
394 407
394 411
394 430
394 432
394 494
394 495
394 997
394 998
396 476
396 477
397 482
397 484
398 1308
398 1317
399 466
399 473
400 466
400 469
402 490
402 491
404 434
404 435
405 434
405 435
407 412
407 416
408 466
408 469
408 473
410 490
410 491
412 508
412 510
413 516
413 518
415 516
415 518
416 508
416 510
417 509
417 514
417 1328
417 1335
418 421
418 422
418 509
418 514
419 509
419 514
419 1328
419 1335
420 422
420 425
421 422
422 424
424 425
428 435
428 436
431 435
431 436
433 438
433 439
437 952
437 954
438 952
438 954
440 442
440 683
441 442
441 683
441 689
441 694
441 707
441 710
443 445
443 451
444 452
444 457
445 450
445 686
445 692
446 700
446 711
447 459
447 464
447 470
447 471
448 459
448 464
448 470
448 471
449 660
449 665
450 451
450 452
450 457
450 458
450 469
450 473
451 457
451 458
451 686
451 692
452 453
453 457
453 458
453 469
453 473
454 457
454 458
455 612
455 703
455 715
455 741
456 474
456 478
456 481
456 486
456 615
456 623
456 632
456 636
456 643
456 646
456 660
456 665
456 700
456 702
459 480
459 482
459 484
459 703
459 714
460 612
460 703
460 714
460 715
460 741
461 474
461 478
461 481
461 486
461 615
461 623
461 632
461 636
461 643
461 646
461 660
461 665
461 700
461 702
462 480
462 482
462 484
462 703
462 714
463 466
463 469
465 700
465 703
465 711
465 714
466 468
468 469
471 700
471 703
471 711
471 714
472 478
472 486
473 484
474 530
474 534
474 690
474 696
475 480
475 482
475 484
476 483
477 483
478 479
479 486
479 990
480 482
480 484
480 490
480 626
480 993
481 530
481 534
481 690
481 696
482 490
482 626
482 993
484 490
485 490
487 990
488 490
492 703
492 714
493 703
493 714
500 517
500 519
501 502
501 507
502 504
502 512
502 515
502 525
502 528
504 507
505 526
505 529
505 530
505 534
506 512
506 515
507 525
507 528
509 979
509 982
509 1292
509 1293
511 996
511 998
513 526
513 529
513 530
513 534
513 996
513 998
514 979
514 982
514 1292
514 1293
526 829
530 829
531 1064
531 1066
533 1064
533 1066
535 966
535 967
536 566
536 573
536 576
536 579
537 568
537 576
538 568
538 576
539 1252
539 1557
539 1558
540 1252
540 1557
540 1558
541 548
541 549
542 548
542 549
543 545
543 902
543 907
544 581
544 582
545 549
545 554
545 903
545 907
546 832
547 549
547 554
547 903
547 907
550 551
550 553
550 556
550 577
550 578
550 628
550 630
551 558
551 596
551 597
552 557
552 560
552 562
552 565
552 567
553 558
553 596
553 597
554 902
554 907
556 558
557 559
558 577
558 578
558 628
558 630
559 560
559 562
559 565
559 567
561 583
561 585
563 619
563 622
564 571
564 578
565 575
565 580
566 619
566 622
566 965
566 966
566 967
567 575
567 580
568 569
568 571
568 572
568 577
568 578
568 961
568 963
568 964
568 968
569 576
572 576
573 965
573 966
573 967
576 577
576 578
576 961
576 963
576 964
576 965
576 968
579 583
579 585
579 965
584 633
584 639
585 633
585 639
586 593
586 595
587 842
587 848
587 862
587 869
588 600
588 602
589 598
589 599
593 839
595 839
600 601
601 602
603 604
603 987
603 992
603 994
604 991
605 730
605 736
605 741
605 744
605 988
605 989
606 737
606 739
606 816
606 817
607 661
607 664
608 661
608 664
609 613
609 614
613 822
614 822
615 691
615 695
615 818
615 819
616 730
616 736
616 741
616 744
616 988
616 989
617 621
617 624
617 627
617 629
617 634
617 986
618 621
618 624
618 627
618 629
618 634
618 986
620 737
620 739
620 776
620 777
623 691
623 695
623 818
623 819
624 631
624 634
625 776
625 777
631 986
632 637
632 640
634 986
635 637
635 640
636 691
636 695
637 741
637 744
637 820
637 823
638 691
638 695
640 741
640 744
640 820
640 823
641 644
641 647
644 645
644 666
644 667
645 647
647 654
647 657
647 666
647 667
648 654
648 657
649 654
649 657
650 654
650 657
650 658
650 660
651 654
651 657
651 658
651 660
652 658
652 660
653 654
653 657
654 655
654 656
654 657
654 690
654 696
654 702
654 703
654 711
654 714
654 715
655 657
656 657
657 690
657 696
657 702
657 703
657 711
657 714
657 715
659 668
659 669
662 668
662 669
663 668
663 669
663 705
663 717
665 668
665 669
666 705
666 717
667 705
667 717
670 751
670 761
670 778
671 751
671 761
672 673
672 747
672 750
673 694
674 759
674 767
675 709
675 720
676 709
676 720
676 727
676 728
677 727
677 728
677 732
677 737
677 739
678 733
678 738
679 732
679 737
679 771
679 780
680 771
680 780
681 700
681 711
682 687
684 689
684 694
684 707
684 710
685 689
685 694
685 707
685 710
688 747
688 750
689 747
689 750
689 756
689 759
690 703
690 714
693 703
693 714
694 747
694 750
694 756
694 759
696 703
696 714
696 988
696 989
697 703
697 714
698 706
698 713
699 734
699 738
700 988
700 989
701 706
701 713
702 988
702 989
703 704
703 716
704 715
706 708
706 712
708 713
708 734
708 738
712 713
712 734
712 738
715 716
719 734
719 738
721 733
721 738
722 733
722 738
722 771
722 780
723 816
723 817
724 816
724 817
725 771
725 780
726 732
726 737
726 739
726 816
726 817
729 730
729 736
730 735
732 748
732 758
732 772
733 772
735 736
735 749
735 757
735 1021
736 749
736 757
737 748
737 754
737 758
737 764
737 772
738 772
739 754
739 764
740 1021
742 743
742 745
743 744
744 745
746 759
746 767
748 765
748 772
751 761
752 783
752 784
753 779
753 785
754 765
754 772
755 973
760 775
760 777
760 778
760 1011
760 1780
761 1011
761 1780
762 779
762 783
762 784
762 785
763 771
763 780
766 973
768 775
768 777
768 778
770 774
770 779
773 1751
773 1761
774 787
775 782
775 786
775 1751
775 1761
777 782
777 786
779 783
779 784
779 787
779 802
779 805
783 785
784 785
784 790
784 793
785 790
785 793
785 802
785 805
789 794
789 795
792 796
792 800
794 798
795 798
796 797
797 800
798 799
798 801
799 801
802 804
802 805
804 805
807 870
807 871
812 981
812 983
812 1330
812 1331
813 981
813 983
813 1330
813 1331
816 984
817 984
829 1575
829 1578
830 1801
830 1802
831 1801
831 1802
832 892
832 893
832 900
832 901
834 836
834 837
835 836
835 837
835 910
835 921
838 914
838 922
840 842
840 848
841 862
841 869
842 862
842 869
844 1826
844 1827
845 1816
846 855
847 862
847 869
849 864
849 865
849 1816
850 1816
850 1826
850 1827
851 854
851 856
851 860
851 868
852 854
852 856
852 860
852 868
853 864
853 865
853 1816
854 857
854 859
856 857
856 859
861 908
861 917
862 875
862 879
862 880
863 872
863 873
864 872
864 873
864 1051
864 1054
865 872
865 873
865 887
865 888
865 1051
865 1054
866 881
867 881
869 872
869 873
869 875
869 879
869 880
870 872
870 873
870 887
870 888
872 873
874 889
874 891
878 889
878 891
879 905
879 914
879 915
879 919
879 922
882 905
882 914
882 915
882 919
882 922
883 1291
883 1292
883 1293
884 1291
884 1292
884 1293
889 895
889 897
890 895
890 897
892 900
892 901
893 900
893 901
893 1026
893 1030
894 1026
894 1030
895 1076
897 1076
899 910
899 921
900 919
900 924
900 1885
900 1889
901 919
901 924
901 1885
901 1889
902 908
902 917
904 914
904 922
905 914
905 922
906 913
906 918
909 911
909 912
910 919
910 924
910 927
910 929
910 931
910 934
910 949
910 953
911 926
911 933
911 940
912 926
913 921
914 915
915 922
916 930
916 936
918 921
919 920
919 925
919 928
919 933
919 940
920 924
921 927
921 929
921 931
921 934
921 949
921 953
923 933
923 940
924 925
924 928
924 933
924 940
925 930
925 936
927 937
927 938
931 937
931 938
933 938
933 941
933 942
933 944
933 945
938 940
939 944
939 947
940 941
940 942
940 944
940 945
943 944
943 947
945 948
945 953
948 951
951 953
952 954
952 957
954 957
957 981
957 983
959 981
959 983
962 969
962 970
963 969
963 970
969 971
969 972
970 971
970 972
975 977
975 979
976 977
976 979
987 991
991 992
991 994
1000 1252
1000 1557
1000 1558
1001 1479
1001 1481
1001 1667
1001 1668
1002 1523
1002 1527
1003 1008
1003 1022
1004 1008
1004 1022
1005 1357
1005 1362
1006 1599
1006 1610
1007 1372
1007 1377
1007 1599
1007 1610
1008 1010
1008 1027
1008 1032
1008 1372
1008 1377
1009 1343
1009 1352
1009 1365
1009 1368
1009 1371
1010 1022
1010 1428
1010 1429
1011 1249
1011 1262
1011 1297
1011 1493
1011 1494
1011 1499
1011 1779
1011 1783
1011 1785
1012 1753
1012 1760
1013 1753
1013 1760
1014 1043
1014 1858
1015 1092
1015 1144
1015 1200
1015 1236
1015 1239
1015 1387
1016 1803
1016 1866
1017 1803
1017 1866
1018 1357
1018 1362
1019 1349
1019 1354
1020 1349
1020 1354
1021 1304
1021 1319
1021 1326
1021 1655
1021 1660
1021 1731
1021 1732
1022 1027
1022 1032
1022 1373
1022 1376
1023 1373
1023 1376
1024 1373
1024 1376
1025 1272
1025 1276
1025 1277
1026 1075
1026 1077
1026 1826
1026 1827
1028 1652
1028 1653
1028 1669
1028 1734
1028 1793
1029 1092
1029 1144
1029 1164
1029 1173
1029 1427
1029 1428
1029 1652
1029 1653
1029 1669
1029 1734
1029 1793
1030 1075
1030 1077
1030 1826
1030 1827
1031 1164
1031 1173
1031 1427
1031 1428
1032 1428
1032 1429
1033 1826
1033 1827
1034 1627
1034 1634
1035 1627
1035 1634
1036 1080
1036 1096
1036 1099
1036 1101
1037 1046
1037 1055
1037 1059
1037 1080
1037 1095
1037 1096
1037 1099
1037 1101
1037 1844
1038 1597
1038 1598
1039 1115
1039 1116
1040 1115
1040 1116
1041 1111
1041 1114
1042 1080
1042 1099
1043 1800
1044 1046
1044 1844
1045 1046
1045 1844
1046 1057
1046 1061
1046 1104
1047 1057
1047 1061
1048 1821
1048 1824
1048 1826
1048 1827
1049 1597
1049 1598
1050 1074
1052 1079
1052 1096
1053 1074
1054 1071
1054 1073
1055 1107
1056 1079
1056 1096
1058 1071
1058 1073
1059 1107
1060 1068
1060 1069
1062 1068
1062 1069
1063 1065
1063 1067
1065 1067
1074 1120
1074 1121
1076 1120
1076 1121
1078 1379
1078 1380
1080 1102
1080 1104
1080 1122
1080 1845
1080 1847
1081 1112
1081 1113
1082 1112
1082 1113
1084 1279
1084 1308
1085 1128
1085 1279
1085 1281
1085 1308
1085 1309
1085 1312
1085 1317
1085 1318
1085 1451
1085 1452
1085 1869
1086 1128
1086 1281
1086 1309
1086 1318
1086 1451
1086 1452
1086 1869
1087 1090
1087 1105
1087 1106
1087 1110
1087 1529
1087 1534
1087 1548
1087 1550
1088 1090
1088 1105
1088 1106
1088 1110
1088 1529
1088 1534
1088 1548
1088 1550
1089 1543
1089 1545
1091 1108
1091 1109
1093 1589
1093 1590
1095 1104
1095 1379
1095 1380
1096 1102
1096 1104
1098 1128
1098 1279
1098 1281
1098 1308
1098 1309
1098 1312
1098 1317
1098 1318
1098 1451
1098 1452
1098 1869
1099 1102
1099 1104
1099 1122
1099 1845
1099 1847
1100 1129
1100 1869
1101 1102
1101 1104
1103 1543
1103 1545
1104 1844
1108 1110
1109 1110
1111 1118
1111 1356
1111 1362
1114 1118
1114 1356
1114 1362
1115 1812
1115 1813
1116 1812
1116 1813
1119 1589
1119 1590
1123 1528
1123 1529
1123 1531
1123 1532
1123 1534
1123 1537
1123 1539
1124 1528
1124 1529
1124 1531
1124 1532
1124 1534
1124 1537
1124 1539
1125 1134
1125 1137
1126 1134
1126 1137
1127 1884
1127 1891
1127 1892
1127 1897
1127 1898
1127 1899
1128 1571
1128 1573
1129 1376
1130 1183
1130 1185
1131 1909
1131 1910
1132 1909
1132 1910
1133 1183
1133 1185
1135 1148
1135 1150
1136 1142
1136 1143
1138 1148
1138 1150
1139 1142
1139 1143
1140 1574
1140 1576
1141 1574
1141 1576
1145 1529
1145 1532
1145 1534
1146 1316
1146 1327
1147 1529
1147 1532
1147 1534
1148 1523
1148 1527
1148 1575
1148 1579
1148 1895
1148 1898
1148 1908
1148 1909
1148 1910
1149 1316
1149 1327
1150 1523
1150 1527
1150 1575
1150 1579
1150 1895
1150 1898
1150 1908
1150 1909
1150 1910
1151 1895
1151 1898
1152 1895
1152 1898
1156 1386
1156 1394
1157 1158
1157 1279
1157 1280
1157 1449
1157 1451
1157 1452
1157 1454
1157 1529
1157 1534
1158 1165
1158 1190
1158 1193
1158 1194
1158 1279
1158 1280
1158 1449
1158 1451
1158 1452
1158 1454
1158 1529
1158 1534
1159 1529
1159 1532
1159 1534
1160 1200
1160 1201
1161 1176
1161 1178
1162 1170
1162 1176
1162 1178
1163 1308
1163 1317
1163 1522
1163 1524
1163 1533
1163 1536
1163 1542
1163 1546
1163 1548
1163 1550
1163 1906
1163 1907
1164 1167
1164 1168
1164 1386
1164 1394
1164 1509
1164 1511
1165 1451
1165 1452
1165 1454
1166 1529
1166 1532
1166 1534
1167 1173
1167 1177
1168 1170
1168 1173
1168 1176
1168 1177
1169 1446
1169 1447
1171 1444
1171 1445
1172 1198
1172 1199
1172 1430
1172 1432
1173 1509
1173 1511
1174 1198
1174 1199
1174 1430
1174 1432
1174 1439
1174 1442
1174 1444
1174 1445
1174 1447
1174 1448
1175 1446
1175 1447
1176 1431
1176 1434
1176 1446
1176 1447
1177 1509
1177 1511
1178 1431
1178 1434
1178 1439
1178 1442
1178 1446
1178 1447
1178 1448
1179 1446
1179 1447
1181 1624
1181 1628
1182 1446
1182 1447
1184 1472
1184 1487
1184 1624
1184 1628
1184 1906
1184 1907
1186 1188
1186 1191
1187 1472
1187 1487
1187 1906
1187 1907
1188 1189
1189 1191
1190 1454
1192 1193
1192 1194
1192 1197
1193 1196
1193 1454
1194 1196
1194 1392
1194 1393
1194 1454
1195 1392
1195 1393
1196 1197
1200 1446
1200 1523
1200 1527
1200 1799
1201 1446
1201 1577
1201 1582
1202 1203
1204 1218
1204 1219
1204 1474
1204 1476
1204 1513
1204 1514
1205 1526
1205 1535
1206 1245
1206 1246
1206 1247
1206 1263
1206 1264
1207 1245
1207 1263
1208 1210
1208 1934
1210 1224
1211 1915
1211 1918
1212 1237
1212 1238
1213 1252
1213 1558
1214 1577
1214 1582
1215 1252
1215 1558
1216 1225
1216 1228
1217 1225
1217 1228
1218 1492
1219 1474
1219 1476
1219 1492
1219 1580
1219 1582
1219 1584
1219 1615
1219 1935
1220 1614
1220 1936
1221 1474
1221 1476
1221 1580
1221 1582
1221 1584
1221 1615
1221 1935
1222 1614
1222 1936
1223 1231
1223 1232
1224 1934
1225 1231
1225 1232
1225 1571
1225 1573
1225 1612
1225 1938
1226 1279
1226 1280
1226 1449
1227 1586
1227 1588
1228 1571
1228 1573
1228 1612
1228 1938
1229 1586
1229 1588
1230 1236
1230 1239
1230 1279
1230 1280
1230 1449
1231 1240
1231 1242
1232 1240
1232 1242
1233 1400
1233 1409
1234 1236
1234 1239
1235 1400
1235 1409
1236 1799
1237 1928
1238 1928
1239 1799
1241 1519
1241 1525
1243 1519
1243 1525
1244 1519
1244 1525
1246 1521
1247 1521
1247 1528
1247 1531
1248 1489
1248 1496
1248 1683
1248 1686
1249 1489
1249 1496
1249 1683
1249 1686
1249 1780
1250 1273
1250 1559
1251 1273
1251 1559
1252 1253
1252 1254
1252 1268
1252 1270
1252 1275
1252 1276
1252 1277
1252 1572
1252 1577
1252 1580
1252 1582
1252 1841
1252 1842
1252 1864
1253 1558
1253 1575
1253 1578
1253 1580
1253 1582
1253 1584
1254 1271
1254 1274
1254 1276
1254 1277
1254 1558
1254 1575
1254 1578
1257 1565
1257 1567
1258 1591
1258 1592
1258 1828
1258 1829
1259 1591
1259 1592
1259 1828
1259 1829
1260 1601
1260 1602
1261 1601
1261 1602
1262 1780
1264 1521
1264 1528
1264 1531
1265 1267
1265 1269
1266 1267
1266 1269
1268 1558
1270 1558
1271 1276
1271 1277
1271 1560
1274 1276
1274 1277
1274 1560
1275 1557
1275 1558
1276 1557
1276 1558
1276 1560
1276 1562
1277 1557
1277 1558
1277 1560
1277 1562
1279 1397
1279 1405
1279 1478
1279 1491
1280 1356
1280 1362
1280 1397
1280 1405
1281 1282
1281 1396
1281 1404
1281 1437
1282 1309
1283 1310
1283 1313
1283 1314
1283 1320
1284 1408
1284 1413
1284 1417
1284 1421
1284 1423
1284 1424
1284 1488
1284 1498
1285 1310
1285 1320
1285 1408
1285 1413
1285 1417
1285 1421
1286 1313
1286 1314
1286 1407
1286 1414
1286 1418
1286 1420
1287 1420
1287 1423
1287 1424
1288 1382
1288 1383
1289 1305
1289 1316
1290 1382
1290 1383
1290 1483
1290 1484
1290 1489
1290 1496
1290 1903
1290 1904
1290 1913
1290 1933
1291 1354
1291 1359
1292 1330
1292 1339
1292 1367
1292 1372
1293 1330
1293 1339
1293 1349
1293 1354
1293 1359
1293 1367
1293 1372
1294 1339
1294 1349
1294 1354
1294 1359
1294 1782
1294 1786
1295 1369
1295 1370
1296 1369
1296 1370
1297 1780
1298 1323
1298 1327
1298 1329
1298 1336
1299 1300
1299 1301
1300 1301
1300 1768
1300 1771
1301 1768
1301 1771
1302 1382
1302 1383
1302 1483
1302 1484
1302 1488
1302 1489
1302 1496
1302 1498
1302 1501
1302 1903
1302 1904
1302 1913
1302 1933
1303 1313
1303 1314
1303 1315
1303 1319
1303 1479
1303 1481
1303 1489
1303 1496
1304 1305
1304 1316
1304 1327
1304 1483
1304 1484
1304 1489
1304 1496
1305 1483
1305 1484
1306 1415
1306 1417
1306 1420
1306 1423
1306 1424
1307 1415
1307 1417
1307 1781
1307 1783
1308 1396
1308 1404
1308 1405
1308 1427
1308 1428
1308 1478
1308 1491
1308 1493
1308 1494
1308 1527
1309 1396
1309 1404
1309 1437
1310 1344
1310 1346
1310 1417
1310 1421
1310 1423
1310 1424
1310 1472
1310 1486
1310 1488
1310 1498
1311 1313
1311 1314
1311 1407
1311 1414
1311 1418
1311 1420
1312 1493
1312 1494
1313 1315
1313 1319
1313 1382
1313 1383
1313 1480
1313 1481
1313 1482
1313 1484
1313 1488
1313 1498
1313 1501
1314 1315
1314 1319
1314 1333
1314 1342
1314 1382
1314 1383
1314 1480
1314 1481
1314 1482
1314 1483
1314 1484
1314 1498
1314 1501
1314 1912
1314 1930
1315 1319
1315 1333
1315 1342
1315 1479
1315 1481
1315 1489
1315 1496
1316 1319
1316 1323
1316 1326
1316 1327
1316 1408
1316 1409
1316 1412
1316 1415
1316 1479
1316 1481
1316 1488
1316 1489
1316 1496
1316 1498
1316 1724
1316 1726
1317 1396
1317 1404
1317 1405
1317 1427
1317 1428
1317 1493
1317 1494
1317 1527
1319 1327
1319 1489
1319 1496
1320 1344
1320 1346
1320 1354
1320 1359
1320 1417
1320 1421
1320 1472
1320 1486
1320 1917
1320 1920
1321 1338
1321 1345
1321 1418
1321 1420
1321 1781
1321 1783
1323 1327
1323 1350
1324 1338
1324 1346
1324 1613
1324 1937
1325 1483
1325 1484
1325 1912
1325 1930
1326 1327
1326 1344
1326 1346
1326 1483
1326 1484
1326 1489
1326 1496
1327 1350
1327 1408
1327 1409
1327 1412
1327 1415
1327 1479
1327 1481
1327 1488
1327 1489
1327 1496
1327 1498
1327 1724
1327 1726
1328 1343
1328 1352
1328 1613
1328 1937
1329 1342
1330 1334
1330 1344
1330 1346
1330 1354
1330 1359
1330 1711
1330 1713
1330 1917
1330 1920
1331 1334
1331 1344
1331 1346
1331 1711
1331 1713
1331 1917
1331 1920
1332 1338
1332 1345
1334 1338
1334 1346
1334 1375
1334 1378
1335 1338
1335 1343
1335 1346
1335 1352
1335 1613
1335 1937
1336 1342
1337 1344
1337 1346
1337 1483
1337 1484
1338 1346
1340 1341
1340 1343
1340 1344
1340 1351
1340 1352
1340 1355
1341 1347
1341 1364
1341 1365
1343 1363
1343 1367
1343 1372
1343 1787
1344 1347
1346 1375
1346 1378
1347 1351
1347 1355
1348 1723
1348 1729
1352 1363
1352 1367
1352 1372
1352 1787
1353 1375
1353 1378
1354 1359
1354 1783
1354 1785
1355 1364
1355 1365
1356 1449
1358 1723
1358 1729
1359 1363
1359 1367
1359 1372
1359 1783
1359 1785
1360 1363
1360 1367
1360 1372
1361 1363
1361 1367
1362 1449
1363 1366
1363 1367
1363 1372
1363 1788
1363 1789
1364 1367
1364 1372
1365 1787
1366 1367
1367 1368
1367 1371
1367 1372
1367 1788
1367 1789
1368 1372
1368 1787
1368 1845
1368 1846
1371 1372
1371 1787
1371 1845
1371 1846
1372 1375
1372 1378
1374 1375
1374 1378
1376 1869
1381 1479
1381 1481
1382 1416
1383 1416
1384 1396
1384 1411
1385 1403
1385 1406
1386 1395
1386 1403
1386 1406
1387 1523
1387 1527
1387 1799
1388 1417
1388 1418
1389 1417
1389 1418
1390 1398
1390 1400
1390 1508
1390 1510
1391 1509
1391 1511
1394 1395
1394 1403
1394 1406
1394 1436
1394 1440
1395 1523
1395 1527
1396 1400
1396 1409
1396 1411
1396 1430
1396 1432
1396 1444
1396 1445
1396 1497
1396 1500
1396 1513
1396 1514
1396 1921
1396 1925
1398 1400
1398 1508
1398 1510
1399 1498
1399 1501
1400 1404
1400 1509
1400 1511
1401 1403
1401 1406
1402 1436
1402 1440
1403 1425
1403 1426
1404 1409
1404 1497
1404 1500
1404 1513
1404 1514
1404 1921
1404 1925
1405 1430
1405 1432
1405 1444
1405 1445
1405 1921
1405 1925
1406 1425
1406 1426
1407 1498
1407 1501
1408 1412
1408 1413
1408 1417
1408 1421
1408 1509
1408 1511
1409 1412
1409 1413
1409 1417
1409 1421
1409 1509
1409 1511
1410 1422
1410 1424
1410 1509
1410 1511
1412 1433
1412 1436
1413 1422
1413 1424
1414 1422
1414 1424
1415 1430
1415 1432
1415 1433
1415 1436
1415 1916
1415 1927
1417 1430
1417 1432
1417 1916
1417 1927
1418 1432
1418 1435
1419 1432
1419 1435
1427 1513
1427 1514
1428 1513
1428 1514
1430 1479
1430 1481
1432 1479
1432 1481
1436 1438
1436 1441
1438 1443
1441 1443
1447 1450
1447 1452
1448 1450
1448 1452
1450 1529
1450 1534
1451 1873
1451 1876
1452 1529
1452 1534
1452 1873
1452 1876
1453 1529
1453 1532
1453 1534
1455 1456
1455 1662
1456 1653
1456 1654
1456 1655
1456 1656
1456 1662
1456 1669
1456 1693
1456 1696
1456 1697
1456 1734
1457 1459
1457 1468
1457 1469
1457 1477
1457 1667
1457 1676
1458 1480
1458 1482
1459 1466
1459 1668
1459 1678
1459 1709
1459 1715
1460 1488
1460 1496
1460 1498
1460 1619
1460 1620
1460 1648
1460 1650
1460 1668
1460 1678
1460 1705
1460 1709
1460 1711
1460 1715
1461 1462
1461 1482
1461 1484
1461 1488
1461 1496
1461 1498
1461 1619
1461 1620
1461 1648
1461 1650
1461 1664
1461 1705
1461 1711
1462 1471
1462 1481
1462 1483
1462 1493
1462 1494
1462 1499
1462 1503
1462 1504
1462 1619
1462 1620
1462 1640
1462 1642
1462 1664
1462 1665
1462 1672
1463 1485
1463 1490
1463 1493
1463 1494
1463 1499
1463 1619
1463 1620
1464 1465
1464 1473
1465 1486
1466 1468
1466 1469
1466 1477
1466 1667
1466 1676
1467 1685
1467 1692
1468 1673
1468 1678
1469 1685
1469 1692
1470 1618
1470 1717
1471 1630
1471 1633
1471 1664
1473 1486
1474 1492
1474 1611
1474 1940
1475 1485
1475 1490
1475 1493
1475 1494
1475 1499
1475 1619
1475 1620
1476 1492
1476 1611
1476 1940
1477 1673
1477 1678
1480 1666
1481 1664
1481 1667
1481 1676
1482 1665
1482 1666
1483 1493
1483 1494
1483 1499
1483 1502
1483 1664
1483 1751
1483 1761
1484 1493
1484 1494
1484 1499
1484 1502
1484 1665
1484 1667
1484 1676
1484 1751
1484 1761
1490 1499
1490 1502
1492 1513
1492 1514
1493 1499
1493 1502
1493 1664
1493 1780
1494 1499
1494 1502
1494 1664
1494 1780
1495 1499
1495 1502
1499 1502
1499 1664
1499 1780
1503 1664
1504 1664
1505 1509
1505 1511
1506 1513
1506 1514
1506 1637
1506 1642
1507 1513
1507 1514
1507 1637
1507 1642
1508 1529
1508 1530
1509 1512
1510 1529
1510 1530
1511 1512
1513 1674
1513 1682
1514 1674
1514 1682
1515 1554
1515 1583
1516 1518
1516 1551
1516 1554
1516 1583
1517 1518
1517 1551
1520 1526
1520 1535
1522 1527
1523 1555
1523 1581
1523 1585
1524 1527
1527 1533
1527 1536
1527 1542
1527 1546
1527 1548
1527 1550
1527 1555
1527 1581
1527 1585
1527 1906
1527 1907
1538 1541
1538 1544
1540 1541
1540 1544
1545 1547
1545 1549
1547 1548
1548 1549
1552 1580
1552 1582
1552 1584
1553 1580
1553 1582
1553 1584
1555 1575
1555 1578
1555 1900
1555 1902
1556 1565
1556 1567
1557 1575
1557 1578
1557 1580
1557 1582
1557 1584
1557 1864
1558 1572
1558 1577
1558 1580
1558 1582
1558 1841
1558 1842
1558 1864
1560 1575
1560 1578
1561 1577
1561 1579
1561 1582
1563 1580
1563 1582
1563 1584
1564 1577
1564 1579
1564 1580
1564 1582
1564 1584
1568 1570
1568 1575
1568 1578
1569 1570
1569 1575
1569 1578
1571 1869
1571 1901
1571 1903
1573 1869
1573 1901
1573 1903
1575 1585
1575 1902
1575 1905
1578 1585
1578 1902
1578 1905
1580 1583
1580 1584
1580 1587
1582 1583
1582 1587
1585 1900
1585 1902
1589 1901
1589 1903
1590 1901
1590 1903
1600 1753
1600 1760
1600 1793
1600 1796
1601 1608
1601 1609
1602 1608
1602 1609
1603 1807
1603 1808
1604 1845
1604 1847
1605 1807
1605 1808
1605 1845
1605 1847
1606 1608
1606 1609
1607 1608
1607 1609
1614 1622
1614 1632
1616 1626
1616 1629
1617 1705
1617 1711
1618 1675
1618 1705
1618 1711
1618 1715
1618 1718
1619 1663
1619 1664
1619 1679
1619 1694
1619 1704
1620 1663
1620 1664
1620 1679
1620 1694
1620 1704
1621 1667
1621 1668
1622 1936
1623 1639
1623 1644
1625 1667
1625 1668
1626 1919
1627 1707
1627 1710
1627 1712
1629 1919
1630 1672
1631 1707
1631 1710
1631 1712
1632 1936
1633 1672
1634 1639
1634 1644
1635 1647
1635 1649
1636 1647
1636 1649
1640 1664
1641 1659
1641 1660
1642 1659
1642 1660
1642 1664
1643 1790
1643 1791
1645 1790
1645 1791
1651 1705
1651 1711
1653 1655
1653 1662
1653 1667
1653 1668
1653 1714
1653 1716
1653 1723
1653 1729
1653 1731
1653 1739
1653 1741
1654 1662
1654 1738
1654 1739
1655 1662
1655 1734
1656 1662
1657 1719
1657 1720
1658 1719
1658 1720
1659 1733
1659 1740
1659 1744
1659 1751
1659 1759
1659 1761
1659 1762
1659 1776
1660 1733
1660 1740
1660 1744
1660 1751
1660 1759
1660 1761
1660 1762
1660 1776
1661 1746
1661 1758
1662 1669
1662 1693
1662 1696
1662 1697
1662 1734
1664 1665
1664 1672
1667 1673
1667 1678
1667 1683
1667 1686
1669 1714
1669 1716
1669 1738
1669 1739
1670 1938
1670 1939
1671 1880
1671 1881
1671 1901
1671 1903
1673 1676
1673 1690
1673 1706
1674 1880
1674 1881
1674 1901
1674 1903
1675 1717
1676 1678
1676 1683
1676 1686
1677 1738
1677 1739
1677 1741
1677 1794
1677 1795
1678 1685
1678 1686
1678 1690
1678 1691
1678 1692
1678 1706
1680 1698
1680 1703
1681 1738
1681 1739
1681 1741
1681 1794
1681 1795
1683 1687
1683 1693
1683 1700
1683 1708
1684 1687
1684 1693
1684 1696
1684 1714
1684 1716
1685 1686
1685 1691
1685 1692
1685 1698
1685 1703
1686 1687
1686 1693
1686 1700
1686 1701
1687 1698
1687 1702
1687 1703
1688 1938
1688 1939
1689 1709
1689 1715
1691 1698
1691 1700
1691 1701
1691 1703
1691 1708
1692 1698
1692 1700
1692 1703
1692 1708
1693 1696
1693 1697
1693 1702
1694 1709
1694 1715
1695 1698
1695 1703
1696 1697
1696 1702
1696 1714
1696 1716
1699 1700
1699 1708
1702 1714
1702 1716
1705 1717
1711 1717
1714 1721
1714 1722
1714 1734
1715 1717
1716 1721
1716 1722
1716 1734
1717 1718
1723 1734
1725 1728
1725 1730
1727 1728
1727 1730
1728 1736
1728 1737
1729 1734
1730 1736
1730 1737
1731 1734
1734 1739
1734 1741
1735 1746
1735 1758
1742 1764
1742 1766
1743 1773
1743 1778
1744 1752
1744 1756
1745 1764
1745 1766
1746 1754
1746 1758
1747 1748
1749 1757
1749 1764
1750 1773
1750 1778
1751 1752
1751 1756
1753 1792
1754 1758
1755 1770
1755 1775
1757 1764
1759 1769
1759 1774
1760 1792
1762 1769
1762 1774
1763 1764
1763 1766
1764 1772
1765 1770
1765 1775
1766 1772
1767 1769
1767 1774
1769 1776
1770 1774
1770 1777
1774 1775
1774 1776
1775 1777
1779 1780
1780 1783
1780 1785
1782 1784
1784 1786
1792 1793
1792 1796
1797 1801
1797 1802
1798 1801
1798 1802
1800 1858
1803 1855
1803 1856
1803 1882
1803 1886
1803 1887
1803 1890
1804 1850
1804 1851
1804 1854
1804 1861
1804 1862
1804 1865
1805 1807
1805 1811
1805 1840
1805 1841
1806 1807
1806 1811
1810 1850
1810 1861
1814 1850
1814 1861
1815 1873
1815 1874
1817 1822
1817 1825
1818 1873
1818 1874
1819 1833
1819 1834
1820 1822
1820 1825
1823 1833
1823 1834
1826 1845
1826 1846
1827 1837
1827 1838
1827 1845
1827 1846
1828 1835
1828 1836
1829 1835
1829 1836
1830 1837
1830 1838
1831 1865
1831 1868
1832 1865
1832 1868
1839 1840
1839 1841
1840 1841
1840 1849
1840 1868
1840 1871
1841 1849
1841 1868
1841 1871
1842 1845
1842 1846
1842 1847
1843 1845
1843 1846
1843 1847
1848 1901
1848 1903
1850 1852
1850 1877
1850 1880
1851 1852
1851 1854
1851 1865
1852 1854
1852 1861
1852 1862
1852 1865
1854 1863
1855 1857
1856 1857
1857 1882
1857 1886
1857 1887
1857 1890
1861 1877
1861 1880
1863 1865
1864 1901
1864 1903
1865 1868
1865 1871
1865 1878
1865 1879
1866 1882
1866 1886
1866 1887
1866 1890
1868 1871
1868 1878
1868 1879
1870 1883
1870 1886
1872 1883
1872 1886
1875 1884
1875 1891
1875 1892
1875 1897
1875 1898
1875 1899
1877 1880
1877 1881
1880 1881
1880 1888
1880 1896
1881 1888
1881 1896
1885 1893
1885 1894
1889 1893
1889 1894
1911 1914
1911 1922
1911 1924
1911 1926
1914 1924
1915 1922
1915 1926
1915 1928
1918 1922
1918 1926
1918 1928
1922 1924
1923 1931
1923 1932
1924 1926
1929 1931
1929 1932
