0 298
0 568
0 578
0 690
0 691
0 715
0 722
0 761
0 853
1 58
1 61
1 83
1 97
1 131
1 136
1 287
1 468
1 469
1 526
1 531
1 1122
1 1123
1 1222
1 1225
2 885
2 887
3 704
3 706
4 88
4 89
4 1192
4 1193
5 152
5 153
5 523
5 528
6 152
6 153
6 156
6 507
6 512
6 524
6 534
6 538
6 550
6 554
6 1884
6 1888
7 156
7 160
7 161
7 176
7 180
7 251
7 256
7 321
7 328
7 332
7 334
7 339
7 340
7 341
7 523
7 524
7 528
7 709
7 715
7 717
7 722
7 824
7 827
7 1378
7 1494
7 1495
7 1497
7 1498
7 1499
7 1500
7 1501
7 1515
7 1523
7 1525
7 1528
7 1540
7 1542
7 1596
7 1603
7 1662
7 1701
7 1702
7 1705
7 1706
7 1707
7 1884
7 1889
7 1899
7 1906
7 1915
7 2574
7 2581
8 156
8 196
8 198
8 251
8 256
8 261
8 262
8 524
8 824
8 827
8 1500
8 1501
8 1506
8 1540
8 1542
8 1560
8 1884
8 1889
8 1899
8 2574
8 2581
9 1379
9 1586
10 21
10 35
11 21
11 35
12 14
12 46
12 53
12 85
12 86
12 1186
12 1190
12 1224
12 1228
13 14
13 46
13 53
13 85
13 86
13 92
13 93
13 1224
13 1228
14 1199
14 1208
15 482
15 1094
15 1192
15 1196
16 482
16 1094
17 27
17 28
17 29
17 30
17 51
17 55
17 74
17 75
18 27
18 28
18 29
18 30
18 74
18 75
19 981
19 1047
19 1050
20 1078
20 1085
20 1089
20 1092
22 1631
22 1635
23 1631
23 1635
24 2462
24 2471
25 262
25 266
25 317
25 322
25 324
25 345
25 502
25 510
25 767
25 1128
25 1129
25 1325
26 1128
26 1129
31 70
31 71
31 550
31 554
32 39
32 41
32 58
32 61
32 387
32 389
32 393
32 471
32 495
32 499
32 511
32 514
32 522
32 523
32 527
32 528
32 534
32 538
32 543
32 550
32 554
32 564
32 574
32 655
32 656
32 766
32 842
32 943
32 948
32 1121
32 1122
32 1366
32 1367
32 1498
32 1515
32 1726
32 1727
32 1774
32 1777
32 1857
32 1858
32 1905
32 1914
32 1925
32 1926
32 1937
32 1942
32 1946
32 2043
32 2044
32 2045
33 39
33 41
33 130
33 132
33 156
33 157
33 158
33 176
33 180
33 289
33 304
33 507
33 512
33 523
33 524
33 528
33 534
33 538
33 709
33 711
33 715
33 717
33 718
33 722
33 1497
33 1498
33 1515
33 1519
33 1525
33 1884
33 1888
33 1889
33 1899
33 1932
33 1935
33 1936
34 39
34 41
34 156
34 157
34 158
34 160
34 161
34 176
34 180
34 289
34 304
34 321
34 328
34 332
34 334
34 339
34 340
34 341
34 523
34 528
34 711
34 715
34 718
34 722
34 1378
34 1494
34 1495
34 1497
34 1498
34 1499
34 1515
34 1519
34 1523
34 1525
34 1528
34 1596
34 1603
34 1662
34 1701
34 1702
34 1705
34 1706
34 1707
34 1884
34 1889
34 1899
34 1906
34 1915
34 1932
34 1935
34 2574
34 2581
36 92
36 93
36 1186
36 1190
37 1175
37 1181
37 1192
37 1193
38 1192
38 1193
39 40
39 41
39 43
39 44
39 58
39 61
39 66
39 68
39 130
39 132
39 373
39 379
39 387
39 389
39 393
39 395
39 397
39 398
39 399
39 470
39 471
39 495
39 497
39 499
39 507
39 509
39 511
39 512
39 514
39 522
39 523
39 526
39 527
39 528
39 531
39 534
39 538
39 540
39 541
39 543
39 562
39 563
39 564
39 572
39 573
39 574
39 582
39 585
39 594
39 595
39 601
39 607
39 610
39 611
39 613
39 655
39 656
39 714
39 720
39 766
39 792
39 795
39 842
39 895
39 936
39 938
39 943
39 948
39 1103
39 1104
39 1111
39 1112
39 1115
39 1121
39 1122
39 1321
39 1326
39 1343
39 1351
39 1353
39 1356
39 1359
39 1360
39 1362
39 1363
39 1366
39 1367
39 1369
39 1370
39 1371
39 1373
39 1378
39 1498
39 1515
39 1663
39 1665
39 1714
39 1726
39 1727
39 1735
39 1739
39 1759
39 1764
39 1765
39 1768
39 1771
39 1774
39 1777
39 1778
39 1816
39 1817
39 1818
39 1819
39 1854
39 1857
39 1858
39 1884
39 1888
39 1889
39 1898
39 1899
39 1903
39 1905
39 1908
39 1909
39 1914
39 1918
39 1919
39 1921
39 1922
39 1924
39 1925
39 1926
39 1937
39 1942
39 1946
39 1986
39 1989
39 2002
39 2012
39 2043
39 2044
39 2045
39 2118
39 2125
39 2136
39 2187
39 2194
39 2205
39 2459
39 2460
39 2467
39 2473
39 2603
39 2604
39 2612
39 2621
39 2624
39 2626
39 2627
39 2628
39 2630
39 2632
39 2635
40 41
40 43
40 70
40 71
40 471
40 495
40 534
40 538
40 540
40 541
40 547
40 552
40 594
40 595
40 792
40 795
40 895
40 936
40 938
40 1111
40 1112
40 1115
40 1121
40 1122
40 1360
40 1363
40 1371
40 1764
40 1768
40 1816
40 1817
40 1986
40 1989
40 2043
40 2045
40 2072
40 2075
40 2628
40 2630
40 2632
40 2635
41 44
41 66
41 68
41 130
41 132
41 373
41 379
41 393
41 395
41 397
41 398
41 399
41 470
41 497
41 507
41 509
41 512
41 523
41 526
41 528
41 531
41 534
41 538
41 562
41 563
41 572
41 573
41 582
41 585
41 601
41 607
41 610
41 611
41 613
41 714
41 720
41 792
41 795
41 895
41 1103
41 1104
41 1321
41 1326
41 1343
41 1351
41 1353
41 1356
41 1369
41 1370
41 1371
41 1373
41 1378
41 1663
41 1665
41 1714
41 1726
41 1727
41 1735
41 1739
41 1759
41 1764
41 1765
41 1768
41 1771
41 1778
41 1818
41 1819
41 1854
41 1857
41 1884
41 1888
41 1898
41 1899
41 1903
41 1908
41 1909
41 1914
41 1918
41 1919
41 1921
41 1922
41 1924
41 1925
41 1935
41 1936
41 2002
41 2012
41 2045
41 2118
41 2125
41 2136
41 2187
41 2194
41 2205
41 2459
41 2460
41 2467
41 2473
41 2603
41 2604
41 2612
41 2621
41 2624
41 2626
41 2627
42 1175
42 1181
43 547
43 552
43 2072
43 2075
44 71
44 72
44 1064
44 1067
44 1359
44 1362
44 1413
44 1414
44 2267
44 2272
44 2286
44 2315
44 2317
44 2333
44 2378
44 2381
44 2638
45 1198
45 1204
46 1199
46 1208
47 483
47 484
47 910
47 911
48 1413
48 1414
48 2286
48 2315
48 2317
48 2333
48 2378
48 2381
48 2638
49 1198
49 1204
50 1199
50 1208
51 71
51 72
51 483
51 484
51 1064
51 1067
51 1090
51 2423
51 2425
52 1510
52 1511
54 483
54 484
54 910
54 911
55 1090
56 483
56 484
57 983
57 1054
57 1873
57 1874
58 82
58 168
58 169
58 788
58 791
58 1291
58 1292
58 1402
58 1409
59 935
59 936
60 859
60 1060
60 1064
60 1130
61 82
61 168
61 169
61 788
61 791
61 992
61 993
61 1291
61 1292
61 1402
61 1409
61 1510
61 1511
62 534
62 538
62 859
62 1060
62 1064
62 1130
63 101
63 105
63 935
63 936
63 1124
63 1128
64 983
64 1054
64 1873
64 1874
65 992
65 993
65 1124
65 1128
66 485
66 533
66 534
66 536
66 538
66 547
66 552
66 1070
66 1078
66 1085
66 1226
66 1228
67 101
67 105
67 935
67 936
68 98
68 101
68 533
68 536
68 547
68 552
68 1216
68 1217
68 1226
68 1228
69 935
69 936
71 98
71 101
71 482
71 533
71 536
71 1094
71 1216
71 1217
72 482
72 533
72 536
72 548
72 553
72 1094
73 484
73 1078
74 484
74 548
74 553
74 1078
76 1078
76 1085
76 1089
76 1092
77 485
77 1070
77 1078
77 1085
78 175
78 177
79 175
79 177
80 121
80 124
80 219
80 221
80 790
80 812
81 130
81 131
81 221
81 222
81 496
81 542
82 1122
82 1123
82 1133
82 1246
83 97
83 131
83 134
83 136
83 137
83 138
83 139
83 142
83 232
83 287
83 468
83 469
83 526
83 531
83 701
83 705
83 709
83 717
83 1222
83 1225
83 1227
83 1265
83 1272
83 1278
84 134
84 137
84 139
84 142
84 232
84 701
84 705
84 709
84 717
84 800
84 808
84 1133
84 1225
84 1227
84 1246
84 1265
84 1272
84 1278
85 120
85 123
85 127
85 134
85 137
85 1224
85 1228
86 87
86 116
86 119
86 120
86 123
86 127
86 134
86 137
86 1224
86 1228
87 114
88 173
89 173
90 118
90 124
90 859
90 1130
91 118
91 124
92 134
92 137
92 480
92 481
92 858
92 891
92 1146
92 1152
92 1166
92 1167
92 1170
92 1176
92 2260
92 2280
92 2506
92 2508
93 480
93 481
93 858
93 891
93 1146
93 1152
93 1166
93 1167
93 1170
93 1176
93 2260
93 2280
94 1573
94 1574
95 416
95 777
96 130
96 131
96 221
96 222
96 496
96 542
97 1589
97 2591
99 121
99 124
99 219
99 221
99 790
99 812
100 1573
100 1574
102 416
102 777
103 115
103 119
104 148
104 173
105 134
105 137
106 148
106 173
106 174
107 148
107 173
107 174
108 115
108 119
109 552
109 553
110 134
110 137
111 552
111 553
112 1176
112 1177
112 1182
113 196
113 198
113 1176
113 1177
113 1182
114 116
114 119
114 134
114 137
114 1224
115 152
115 178
115 182
115 185
116 1224
116 1228
117 196
117 198
118 134
118 137
118 1153
118 1162
119 134
119 137
119 152
119 178
119 182
119 185
119 1224
119 1228
120 134
120 137
121 148
121 173
121 779
121 785
121 1200
121 1209
122 134
122 137
122 218
122 220
122 1567
122 1571
124 1153
124 1162
125 196
125 198
125 261
125 262
125 523
125 528
125 1379
125 1506
125 1560
125 1586
126 148
126 173
126 779
126 785
126 1200
126 1209
128 183
128 186
128 523
128 528
128 539
128 544
128 1565
128 1568
128 1921
128 1922
128 2172
128 2601
129 2564
129 2566
130 132
130 133
130 135
130 136
130 164
130 165
130 170
130 171
130 194
130 196
130 214
130 217
130 218
130 220
130 222
130 223
130 539
130 544
130 835
130 840
130 843
130 847
130 1494
130 1495
130 1496
130 1512
130 1519
130 1567
130 1571
130 1575
130 1576
130 1578
130 1580
130 1607
130 1609
130 1625
130 1632
130 1856
130 2048
130 2172
130 2173
130 2253
130 2439
130 2445
130 2596
130 2597
130 2600
130 2601
131 133
131 136
131 223
131 767
131 855
131 1149
131 1325
131 1512
131 1578
131 1633
131 1637
131 2069
131 2074
131 2083
131 2084
131 2175
131 2241
131 2455
131 2456
131 2530
132 133
132 135
132 136
132 164
132 165
132 170
132 171
132 183
132 186
132 194
132 196
132 214
132 217
132 539
132 544
132 835
132 840
132 843
132 847
132 1494
132 1495
132 1496
132 1512
132 1519
132 1565
132 1568
132 1578
132 1580
132 1607
132 1609
132 1625
132 1632
132 1856
132 1921
132 1922
132 2048
132 2172
132 2173
132 2253
132 2439
132 2445
132 2596
132 2597
132 2600
132 2601
133 136
133 138
133 779
133 781
133 785
133 787
133 791
133 1430
133 1452
133 1463
133 1488
133 1514
133 1579
133 1580
133 2175
133 2241
133 2587
133 2588
134 143
134 144
134 145
134 800
134 808
134 1137
134 1249
134 1825
134 1826
134 2184
134 2202
134 2496
134 2497
134 2500
134 2524
134 2526
134 2527
134 2564
134 2566
135 170
135 194
135 196
135 222
135 767
135 1325
135 1575
135 1576
135 2083
135 2084
135 2173
135 2253
135 2441
135 2445
135 2596
135 2597
136 855
136 1149
136 1430
136 1512
136 1514
136 1578
136 1579
136 1580
136 1633
136 1637
136 2069
136 2074
136 2441
136 2445
136 2455
136 2456
136 2530
136 2587
136 2588
137 143
137 144
137 145
137 773
137 774
137 792
137 795
137 800
137 808
137 865
137 867
137 1131
137 1134
137 1137
137 1142
137 1144
137 1145
137 1216
137 1218
137 1233
137 1236
137 1237
137 1242
137 1243
137 1249
137 1265
137 1277
137 1449
137 1452
137 1804
137 1825
137 1826
137 2064
137 2077
137 2183
137 2184
137 2190
137 2194
137 2202
137 2208
137 2210
137 2215
137 2217
137 2218
137 2468
137 2474
137 2476
137 2496
137 2497
137 2500
137 2524
137 2526
137 2527
137 2536
137 2540
137 2574
137 2581
137 2582
138 139
138 143
138 145
138 148
138 173
138 174
138 1131
138 1179
138 1184
138 1214
138 1216
138 1239
138 1240
138 1247
138 1260
138 1267
138 1275
138 1432
138 1433
139 266
139 272
139 773
139 774
139 779
139 781
139 785
139 787
139 791
139 865
139 867
139 1430
139 1452
139 1463
139 1488
139 1514
139 2190
139 2194
139 2208
139 2215
139 2217
139 2526
139 2527
139 2574
139 2581
139 2582
140 859
140 1130
141 1155
141 1159
141 1230
141 1231
142 143
142 145
142 266
142 272
142 792
142 795
142 1134
142 1142
142 1144
142 1145
142 1216
142 1218
142 1233
142 1236
142 1237
142 1238
142 1242
142 1243
142 1265
142 1277
142 1297
142 1300
142 1430
142 1449
142 1452
142 1514
142 1804
142 2064
142 2077
142 2183
142 2208
142 2210
142 2217
142 2218
142 2468
142 2474
142 2476
142 2500
142 2506
142 2536
142 2540
143 145
143 148
143 173
143 174
143 1168
143 1173
143 1179
143 1184
143 1201
143 1205
143 1214
143 1216
143 1218
143 1222
143 1225
143 1227
143 1231
143 1237
143 1238
143 1239
143 1240
143 1247
143 1260
143 1267
143 1275
143 1297
143 1300
143 1432
143 1433
143 2499
143 2500
143 2503
143 2506
143 2510
143 2511
143 2512
143 2514
143 2532
143 2533
143 2539
143 2638
143 2640
144 1146
144 1152
144 1155
144 1156
144 1159
144 1160
144 1206
144 1212
144 1230
144 1231
144 2470
144 2477
145 1168
145 1173
145 1201
145 1205
145 1216
145 1218
145 1222
145 1225
145 1227
145 1231
145 2499
145 2503
145 2510
145 2511
145 2512
145 2514
145 2532
145 2533
145 2539
145 2638
145 2640
146 2281
146 2282
147 885
147 887
147 2281
147 2282
148 480
148 481
148 555
148 556
148 558
148 645
148 646
148 650
148 1161
148 1170
148 1189
148 1194
149 480
149 481
149 556
149 558
150 480
150 481
150 543
150 549
150 556
150 558
150 2046
150 2047
151 526
151 531
151 550
151 554
151 1215
151 1217
151 1230
151 1234
152 153
152 154
152 538
152 543
152 551
152 1134
152 1202
152 1207
152 1233
152 1578
152 1580
153 154
153 551
153 1134
153 1202
153 1207
153 1233
153 1578
153 1580
154 200
154 202
154 544
154 551
155 2140
155 2143
156 164
156 176
156 180
156 196
156 198
156 213
156 216
156 261
156 507
156 508
156 524
156 532
156 725
156 730
156 1458
156 1471
156 1549
156 1553
157 164
157 176
157 180
157 196
157 198
157 213
157 216
157 261
157 507
157 508
157 524
157 532
157 725
157 730
157 1458
157 1471
157 1549
157 1553
159 196
159 198
160 199
160 204
160 535
160 541
160 695
160 696
160 1121
160 1122
160 2083
160 2084
161 199
161 204
161 535
161 541
161 695
161 696
161 2083
161 2084
162 163
162 164
162 1497
162 1889
163 164
163 194
163 196
163 1497
163 1889
164 690
164 853
165 690
165 853
166 266
166 272
167 196
167 198
167 266
167 272
167 1122
167 1127
170 583
170 584
170 850
170 851
170 1121
170 1122
170 1126
170 1127
171 583
171 584
171 850
171 851
171 1121
171 1126
172 1133
172 1246
173 480
173 481
173 556
173 558
173 645
173 646
173 650
173 1161
173 1170
173 1189
173 1194
174 480
174 481
174 555
174 556
174 558
175 480
175 481
175 543
175 549
175 1215
175 1217
175 2046
175 2047
176 524
177 526
177 531
177 538
177 543
177 550
177 554
177 1230
177 1234
178 221
178 222
179 221
179 222
180 524
181 555
181 556
183 197
183 200
183 824
183 825
184 196
184 198
186 197
186 200
186 824
186 825
187 189
187 190
187 191
187 192
188 189
188 190
188 191
188 192
191 507
191 512
191 523
192 507
192 512
192 523
193 199
193 204
194 195
194 196
194 199
194 204
194 205
194 208
195 196
196 203
196 205
196 206
196 208
196 209
196 211
196 534
196 538
197 200
197 202
197 544
197 551
198 203
198 205
198 206
198 207
198 209
198 210
198 211
198 534
198 538
198 1634
198 1638
200 202
200 551
201 203
201 205
201 207
201 210
201 1634
201 1638
202 523
202 528
202 544
202 551
205 523
205 528
205 831
205 834
208 523
208 528
208 831
208 834
211 1122
211 1127
212 523
212 528
212 1565
212 1568
212 1573
212 1575
213 523
213 528
213 1565
213 1568
215 1573
215 1575
219 262
219 266
222 1122
222 1127
224 225
224 288
224 289
224 1122
224 1127
225 1122
225 1127
226 251
226 256
227 244
227 245
227 317
227 322
228 244
228 245
228 317
228 322
229 298
229 568
229 578
229 690
229 761
229 853
230 1336
230 1337
231 265
231 267
231 276
232 788
232 792
232 795
233 788
233 792
233 795
234 288
234 289
234 1122
234 1127
235 251
235 256
236 342
236 346
237 337
237 339
238 316
238 322
239 248
239 251
240 248
240 251
241 329
241 335
242 329
242 335
242 337
242 339
242 342
243 244
243 245
243 255
243 256
243 330
243 336
243 342
243 346
243 1023
243 1024
243 1113
243 1114
244 249
244 255
244 256
244 330
244 336
244 337
244 339
244 1023
244 1024
244 1113
244 1114
245 249
245 316
245 322
246 1121
246 1122
247 1278
247 1288
248 1121
248 1122
248 1278
248 1288
249 251
249 256
249 337
249 339
249 342
250 1278
250 1288
251 253
251 327
251 330
251 342
251 346
251 746
251 750
251 1121
251 1122
252 265
252 271
253 256
253 278
253 279
254 265
254 271
255 746
255 750
256 327
256 330
256 342
256 346
256 746
256 750
257 278
257 279
258 265
258 271
259 746
259 750
259 1634
259 1638
260 265
260 271
260 1324
260 1328
262 269
262 273
262 285
262 806
262 817
262 1123
262 1324
262 1328
262 1634
262 1638
263 274
263 277
264 1324
264 1328
265 646
265 650
265 1324
265 1328
265 1333
266 269
266 273
266 285
266 370
266 379
266 507
266 508
266 683
266 684
266 806
266 817
266 1118
266 1121
266 1123
266 1324
266 1328
267 1333
268 274
268 277
269 370
269 379
269 502
269 507
269 508
269 510
270 1322
270 1324
271 646
271 650
271 1324
271 1328
272 683
272 684
272 1118
272 1121
273 502
273 510
273 1117
273 1120
273 1121
273 1122
275 1322
275 1324
276 646
276 650
276 1324
276 1328
276 1333
277 278
277 279
278 280
278 1117
278 1120
278 1121
278 1122
278 1316
278 1319
279 280
279 1316
279 1319
280 794
280 797
281 2214
281 2216
282 794
282 797
283 2214
283 2216
284 913
284 1309
284 1313
284 1346
286 913
286 1309
286 1313
286 1346
287 1589
287 2591
288 1500
288 1501
288 1940
288 1944
289 1940
289 1944
290 327
290 334
291 327
291 334
291 567
291 568
292 300
292 311
293 301
293 302
294 301
294 302
295 301
295 302
296 690
296 691
296 853
297 327
297 330
298 689
298 758
298 761
299 334
299 336
300 619
300 715
300 722
301 582
301 585
301 619
302 582
302 585
302 619
303 618
303 624
303 626
304 1500
304 1501
305 594
305 597
306 396
306 400
306 618
306 624
306 626
306 790
306 805
306 812
307 594
307 597
308 1118
308 1121
309 715
309 722
309 724
309 758
309 761
310 567
310 568
310 582
310 583
310 715
310 722
310 724
310 758
310 761
311 619
312 1118
312 1119
312 1121
312 1122
312 1123
313 582
313 583
313 691
313 701
313 709
313 715
313 722
313 724
313 755
313 758
313 759
313 761
313 853
314 1122
314 1123
315 725
315 730
315 1122
315 1123
317 1123
318 567
318 568
318 577
318 578
319 577
319 578
320 725
320 730
320 1119
320 1122
320 1123
322 1123
323 336
323 339
323 340
323 342
323 343
323 344
323 588
323 589
323 617
323 623
323 691
323 701
323 709
323 755
323 758
323 759
323 761
323 853
324 1123
325 343
325 344
325 617
325 623
326 339
326 340
326 684
326 685
327 329
327 335
327 339
327 342
327 349
327 350
327 577
327 583
327 746
327 750
327 751
327 1603
327 1604
328 577
328 578
329 330
329 334
329 336
329 337
329 339
329 340
329 342
329 684
329 685
329 779
329 785
330 335
330 336
330 340
330 349
330 350
330 588
330 589
330 746
330 750
330 751
330 1603
330 1604
331 577
331 578
333 577
333 583
334 335
334 350
335 336
335 337
335 342
335 779
335 785
336 347
336 349
336 350
336 744
336 751
338 347
338 349
338 744
338 751
339 346
339 348
340 349
340 350
342 346
342 348
345 1123
348 788
348 791
349 788
349 791
351 680
351 682
352 370
352 373
352 680
352 682
353 354
353 366
353 370
353 373
354 366
354 1366
354 1367
355 396
355 400
355 790
355 805
355 812
355 843
355 847
356 569
356 686
356 790
356 805
356 812
357 702
357 705
357 1938
357 1943
358 370
358 379
358 712
358 718
358 719
358 723
358 727
358 745
358 752
358 753
359 712
359 718
359 719
359 727
360 713
360 716
361 713
361 716
361 730
362 1011
362 1017
362 1022
362 1374
362 1375
363 384
363 386
363 459
363 461
363 1112
363 1115
364 384
364 386
364 459
364 461
364 1112
364 1115
365 381
365 382
366 381
366 382
367 843
367 847
368 701
368 705
369 701
369 705
370 390
370 569
370 673
370 674
370 686
370 800
370 808
371 1366
371 1367
372 673
372 676
373 806
373 817
374 673
374 674
375 673
375 676
376 395
376 398
377 569
377 686
377 824
377 825
378 806
378 817
379 390
379 569
379 673
379 674
379 686
379 800
379 808
380 395
380 398
383 779
383 784
383 787
385 702
385 705
385 816
385 820
385 1938
385 1943
387 389
387 392
387 393
387 395
387 397
387 401
387 406
387 582
387 585
388 779
388 784
388 787
389 392
389 397
390 712
390 718
390 719
390 723
390 727
390 745
390 752
390 753
390 816
390 820
391 1492
391 1493
393 395
393 398
393 401
393 406
393 582
393 585
393 1350
393 1352
394 721
394 726
395 398
395 698
395 704
395 781
395 782
395 1350
395 1351
395 1352
395 1353
396 1350
396 1352
396 1354
396 1492
396 1493
397 721
397 726
398 698
398 704
398 781
398 782
398 1351
398 1353
400 708
400 714
400 1350
400 1352
400 1354
402 697
402 700
403 708
403 714
404 1344
404 1345
405 697
405 700
406 703
406 707
406 1344
406 1345
407 703
407 707
407 1344
407 1345
408 703
408 707
409 716
409 730
410 797
410 811
411 714
411 721
412 714
412 721
413 1735
413 1736
414 1735
414 1736
415 468
415 469
416 768
416 770
416 771
416 772
416 798
416 803
416 1263
416 1271
416 1319
417 770
417 771
417 796
417 798
417 803
417 821
417 823
417 893
417 894
417 1134
417 1233
417 1331
417 1332
418 770
418 771
418 796
418 798
418 821
418 823
418 893
418 894
418 1134
418 1233
418 1331
418 1332
419 422
419 778
419 788
419 791
419 910
419 911
420 422
420 464
420 466
420 778
420 788
420 791
420 910
420 911
421 455
421 460
422 463
422 466
423 796
423 802
423 855
423 856
424 766
424 796
424 802
424 842
424 855
424 856
424 1168
424 1173
425 457
425 458
425 464
425 466
426 464
426 466
427 864
427 873
428 447
428 450
429 714
429 721
429 797
429 811
430 710
430 714
430 721
430 722
431 1013
431 1014
432 710
432 722
433 1013
433 1014
434 780
434 789
434 799
434 804
435 780
435 789
436 789
436 799
436 804
437 799
437 804
438 789
438 799
438 804
439 778
439 784
440 778
440 784
441 447
441 450
442 447
442 450
443 454
443 459
444 454
444 459
445 447
445 450
446 779
446 785
447 779
447 785
448 459
448 461
449 455
449 456
451 779
451 785
452 459
452 461
453 455
453 456
454 781
454 785
455 457
455 458
455 462
455 776
455 854
455 870
455 880
455 899
455 1364
456 870
457 460
457 467
457 693
457 694
458 460
458 467
458 693
458 694
458 855
458 856
458 903
458 904
458 1149
458 1340
458 1341
458 1513
458 1580
459 781
459 785
459 1340
459 1341
460 462
460 776
460 854
460 880
460 899
460 1364
461 855
461 856
461 903
461 904
461 1149
461 1340
461 1341
461 1513
461 1580
462 855
462 856
462 1149
462 1513
462 1580
463 778
463 779
463 787
463 1172
463 1183
463 1243
463 1244
464 467
464 776
465 1150
465 1151
466 467
466 776
466 778
466 779
466 787
466 1172
466 1183
466 1243
466 1244
467 1150
467 1151
468 774
468 775
468 783
468 867
468 868
468 875
468 1239
468 1247
468 1260
469 774
469 775
469 783
469 867
469 868
469 875
469 1239
469 1247
469 1260
469 1366
469 1367
470 519
470 530
471 519
471 527
471 530
471 535
471 1119
471 1122
471 1344
471 1345
472 600
472 606
473 576
473 581
473 607
473 611
474 576
474 581
475 502
475 510
475 562
475 572
476 497
476 499
476 502
476 508
476 509
476 510
476 514
476 561
476 571
476 1920
476 1929
477 1920
477 1929
478 489
478 490
478 634
478 635
478 1403
478 1408
479 1170
479 1176
483 1083
483 1084
483 1086
483 1401
483 1404
483 1405
484 1083
484 1084
484 1086
484 1404
485 1078
485 1085
485 1927
485 1941
486 634
486 635
486 935
486 936
486 1403
486 1408
487 634
487 635
487 935
487 936
488 489
488 490
489 499
489 514
489 1098
489 1099
489 1400
489 1403
490 497
490 508
490 509
490 561
490 571
490 1098
490 1099
490 1400
490 1403
491 500
491 505
491 576
491 581
491 586
491 587
491 593
491 596
492 586
492 587
492 607
492 611
493 576
493 581
493 600
493 606
494 515
494 526
494 527
494 531
494 535
495 519
495 530
495 532
495 539
495 1119
495 1122
495 1344
495 1345
496 503
496 511
497 519
497 530
498 634
498 635
500 506
501 505
501 518
501 576
501 581
502 520
502 526
502 601
502 606
502 1123
502 1912
502 1919
502 1925
503 510
503 515
503 521
503 526
503 531
503 537
503 542
504 532
504 539
505 506
505 518
505 520
505 576
505 581
505 690
505 853
506 518
506 593
506 596
506 597
506 600
507 524
507 790
507 812
508 524
508 790
508 812
510 520
510 521
510 526
510 601
510 606
510 1123
510 1912
510 1919
510 1925
511 537
511 542
512 790
512 812
513 563
513 573
513 1920
513 1929
515 1382
515 1394
516 531
516 534
516 535
516 538
517 2140
517 2143
518 520
518 690
518 853
519 523
519 528
519 595
519 597
519 1860
519 1884
519 1898
519 1899
519 2031
520 576
520 581
520 597
520 600
520 1119
520 1123
523 530
523 531
523 534
523 1891
523 1924
523 1935
523 1947
524 532
524 1458
524 1471
525 563
525 573
525 1920
525 1929
526 1382
526 1394
526 1572
526 1573
526 1574
528 530
528 531
528 534
528 1891
528 1924
528 1935
528 1947
529 1860
529 2031
530 576
530 581
530 595
530 597
530 1119
530 1123
530 1860
530 1884
530 1898
530 1899
530 2031
531 535
531 550
531 554
531 1382
531 1394
531 1572
531 1573
531 1574
531 1974
531 1982
531 1992
532 1884
532 1899
532 2140
532 2143
534 535
534 540
534 550
534 554
534 1382
534 1394
534 1974
534 1982
534 1992
535 538
536 1401
536 1405
538 540
538 1450
538 1471
539 1884
539 1899
540 550
540 554
541 550
541 554
543 546
543 547
543 552
543 1450
543 1471
544 551
545 546
545 547
545 552
547 1406
547 1409
552 1406
552 1409
557 1206
557 1212
559 1206
559 1212
560 639
560 640
561 1930
561 1939
562 592
562 607
562 613
563 576
563 581
563 596
563 598
563 603
564 591
564 595
565 934
565 939
565 1122
565 1123
566 644
566 645
567 624
567 627
568 624
568 627
568 689
569 577
569 584
569 686
569 688
570 639
570 640
571 1930
571 1939
572 592
572 607
572 613
573 576
573 581
573 596
573 598
573 603
574 591
574 595
575 934
575 939
576 604
576 607
576 610
576 611
576 613
576 844
576 845
576 1122
576 1123
577 612
577 621
577 686
577 687
577 898
577 1348
577 1351
577 1364
578 689
579 824
579 825
580 1122
580 1123
581 596
581 599
581 603
581 604
581 605
581 607
581 610
581 611
581 613
581 844
581 845
582 583
582 585
582 595
582 597
582 607
582 608
582 609
582 611
582 613
582 616
582 622
582 628
582 632
582 633
582 1119
582 1123
583 585
583 608
583 609
583 632
583 633
583 898
583 1348
583 1351
583 1364
584 612
584 621
584 686
584 687
585 595
585 597
585 607
585 608
585 609
585 611
585 613
585 616
585 622
585 628
585 632
585 633
585 1119
585 1123
589 596
589 599
589 603
589 605
590 644
590 645
591 594
591 595
591 607
591 611
591 613
591 837
591 845
594 595
594 611
594 613
594 616
594 630
594 631
594 837
594 845
595 607
595 611
595 613
595 616
595 630
595 631
595 837
595 845
597 599
597 600
597 604
597 605
597 607
597 610
597 611
597 613
597 630
597 631
597 773
597 1269
599 600
599 632
599 633
600 604
600 605
600 607
600 610
600 611
600 613
600 773
600 1269
601 616
601 617
602 616
602 617
604 773
604 1269
605 632
605 633
607 1115
607 1119
607 1944
607 1950
608 614
608 621
609 612
609 621
610 1115
610 1119
611 614
611 621
611 1350
611 1352
611 1944
611 1950
612 621
613 614
613 621
613 1115
613 1119
613 1350
613 1352
613 1944
613 1950
614 623
614 626
615 1118
615 1121
616 623
616 626
616 1350
616 1352
620 1118
620 1121
620 1913
620 1928
620 1934
624 701
624 705
624 709
624 710
624 717
625 1913
625 1928
625 1934
627 701
627 705
627 709
627 710
627 717
629 671
629 675
630 671
630 675
634 635
634 647
634 894
634 895
635 647
635 894
635 895
635 986
635 991
636 986
636 991
636 995
637 986
637 991
637 995
638 647
638 649
639 647
639 649
639 651
639 652
640 647
640 649
640 651
640 652
641 642
641 643
642 648
643 648
645 660
645 661
645 677
645 678
645 1347
645 1349
646 660
646 661
646 1347
646 1349
647 986
647 987
647 991
649 986
649 987
649 991
650 660
650 661
650 677
650 678
650 1347
650 1349
651 653
651 654
652 653
652 654
657 665
657 668
657 669
657 670
657 672
657 1360
657 1363
658 1357
658 1361
659 1355
659 1356
660 935
660 936
661 668
661 670
661 672
661 935
661 936
661 1360
661 1363
662 665
662 669
662 1357
662 1361
663 666
663 667
663 999
663 1006
664 666
664 667
665 1355
665 1356
666 999
666 1006
673 924
673 925
676 924
676 925
679 768
679 1316
681 768
681 1316
684 752
684 756
685 752
685 756
686 688
689 715
689 722
689 761
690 746
690 750
691 835
691 840
692 710
692 715
692 717
692 722
693 694
693 701
693 709
693 711
693 715
693 717
693 718
693 722
693 753
693 756
693 757
693 831
693 834
693 835
693 840
694 701
694 709
694 711
694 715
694 717
694 718
694 722
694 724
694 753
694 756
694 757
694 831
694 834
694 835
694 840
699 704
699 706
701 746
701 750
701 824
701 825
701 1131
703 720
703 726
705 719
705 723
705 728
705 729
705 732
705 746
705 750
705 805
705 811
705 812
705 820
705 824
705 825
705 1131
707 720
707 726
709 715
709 722
709 728
709 732
709 745
709 746
709 750
709 753
709 835
709 840
709 847
709 1131
710 715
710 719
710 722
710 723
710 728
710 729
710 732
710 745
710 746
710 750
710 752
710 753
710 799
710 805
710 809
710 811
710 812
710 820
710 825
710 827
710 831
711 824
711 825
711 2227
711 2228
712 715
712 724
712 731
712 735
712 744
712 745
712 746
712 747
712 750
712 753
713 714
713 721
713 726
713 831
713 834
714 716
715 719
715 722
715 723
715 727
715 729
715 738
715 740
715 742
715 744
715 746
715 747
715 748
715 749
715 750
715 753
715 754
715 757
716 721
716 726
716 831
716 834
717 745
717 746
717 750
717 753
717 799
717 809
717 827
717 835
717 840
717 847
717 1131
718 743
718 744
718 745
718 746
718 747
718 753
718 754
718 824
718 825
718 831
718 834
718 2227
718 2228
719 722
719 724
719 725
719 730
719 739
719 743
720 811
720 816
720 820
721 740
721 741
721 794
721 797
722 729
722 745
722 746
722 747
722 750
722 752
722 753
722 754
722 757
722 825
722 831
723 724
723 725
723 730
724 727
724 729
724 738
724 740
724 742
724 743
724 744
724 746
724 747
724 748
724 749
724 750
724 753
724 754
724 831
724 834
724 2227
724 2228
725 732
725 736
725 811
725 816
725 820
726 737
726 740
726 741
726 794
726 797
726 810
726 811
727 731
727 735
727 744
727 745
727 746
727 747
727 750
727 753
728 737
728 740
728 741
728 810
728 811
729 739
729 743
730 732
730 736
733 747
733 754
734 747
734 754
745 756
745 757
745 831
745 834
745 1111
745 1112
745 1115
746 750
746 794
746 810
746 831
746 834
746 853
746 1111
746 1112
746 1115
748 753
748 757
750 794
750 810
750 853
753 755
753 756
753 757
753 831
753 834
753 835
753 840
753 843
755 757
756 834
756 840
757 834
757 835
757 840
757 843
758 761
759 1118
759 1119
760 835
760 840
762 1118
762 1119
763 849
763 852
764 849
764 852
765 1335
765 1337
766 862
767 768
767 770
767 800
767 808
767 815
767 836
767 848
767 851
767 910
767 911
767 943
767 948
767 1123
767 1319
767 1325
767 1331
767 1332
768 769
768 770
768 777
768 790
768 805
768 814
768 815
768 822
768 837
768 845
768 846
768 849
768 1121
768 1126
768 1316
768 1319
768 1325
769 1289
769 1291
769 1316
770 771
770 772
770 773
770 777
770 788
770 791
770 1269
770 1289
770 1291
770 1316
770 1325
771 772
771 773
771 777
771 788
771 791
771 1269
772 777
772 1256
772 1267
774 777
774 1236
774 1237
775 777
775 1236
775 1237
777 1263
777 1271
777 1319
777 1366
777 1367
778 779
778 785
778 864
778 871
779 781
779 784
779 791
779 1327
779 1329
781 784
781 787
784 785
784 791
784 864
784 871
785 1327
785 1329
786 1265
786 1272
787 791
787 1327
787 1329
788 1278
788 1288
788 1370
788 1372
790 816
790 820
790 1316
792 805
792 812
792 829
792 831
792 833
792 835
792 837
792 838
792 923
792 926
792 958
792 960
792 1265
792 1272
792 1278
792 1288
792 1370
792 1372
793 801
793 811
793 820
795 805
795 812
795 829
795 831
795 833
795 835
795 837
795 838
795 923
795 926
795 958
795 960
796 861
796 862
799 801
799 811
799 816
799 820
799 831
799 834
800 903
800 904
800 1131
800 1319
800 1325
802 861
802 862
803 1256
803 1267
804 816
804 820
805 1316
806 825
806 831
806 835
806 840
807 828
807 832
808 903
808 904
808 1131
808 1319
808 1325
809 831
809 834
812 816
812 820
813 829
813 838
814 1316
815 1316
815 1325
816 835
816 840
816 843
817 825
817 828
817 831
817 832
817 835
817 840
818 829
818 838
819 831
819 834
820 835
820 840
820 843
822 1316
826 1430
826 1514
830 1430
830 1514
835 840
835 847
835 853
836 837
836 845
836 846
836 1325
837 848
837 851
839 850
839 851
840 843
840 847
840 853
841 850
841 851
842 862
843 847
845 848
845 849
845 851
845 852
845 1319
846 848
846 851
848 1325
849 852
849 1319
850 851
850 853
851 853
851 1325
855 861
855 862
855 1135
855 1137
855 1141
855 1142
855 1221
855 1233
855 1243
855 1254
855 1261
855 1304
855 1307
856 861
856 862
856 1137
856 1141
856 1142
856 1221
856 1243
857 1187
857 1192
857 1193
860 912
860 922
860 2333
860 2337
861 1239
861 1247
861 1260
862 1168
862 1173
862 1239
862 1247
862 1260
863 864
863 873
865 867
865 875
866 877
866 878
867 875
867 2266
867 2270
869 877
869 878
872 2266
872 2270
873 889
873 890
874 882
874 884
876 889
876 890
879 2333
879 2337
881 882
881 884
883 905
883 912
886 905
886 912
888 1187
888 1192
888 1193
892 1932
892 1935
896 929
896 933
896 934
896 939
897 1019
897 1021
900 935
900 936
901 929
901 933
902 925
902 932
902 984
902 985
902 1374
902 1375
905 1104
905 1105
905 1106
905 1109
906 1104
906 1105
907 1001
907 1010
908 954
908 958
909 954
909 958
910 1325
911 1325
912 1102
912 1106
912 1109
913 1031
913 1035
914 929
914 933
914 1374
914 1375
915 935
915 936
916 1019
916 1021
917 1360
917 1363
918 927
918 939
919 927
919 939
920 925
920 932
920 984
920 985
920 1374
920 1375
921 929
921 933
921 934
921 939
922 1102
925 927
925 939
927 932
927 937
927 944
928 935
928 936
929 935
929 936
930 943
930 948
930 1103
930 1107
931 935
931 936
932 939
933 935
933 936
934 935
934 936
934 938
935 939
935 1103
935 1107
935 1108
935 1110
936 939
936 968
936 972
936 1012
936 1017
936 1108
936 1110
937 939
937 946
938 939
938 968
938 972
938 1012
938 1017
939 944
940 943
940 948
941 969
941 971
941 1011
941 1022
942 943
942 948
943 947
943 950
943 1319
944 946
945 969
945 971
945 1011
945 1022
947 948
948 950
948 1319
949 954
949 959
949 961
949 962
951 954
951 959
951 961
951 962
952 1011
952 1016
953 1011
953 1016
954 955
955 959
956 961
956 962
957 1011
957 1016
957 1017
957 1022
960 1011
960 1017
960 1022
963 965
963 966
963 968
964 965
964 966
964 968
966 1012
966 1017
967 1012
967 1017
970 1012
970 1017
973 974
973 975
973 1011
973 1019
973 1021
973 1022
973 1026
973 1029
974 976
974 1011
974 1022
975 976
976 1011
976 1019
976 1021
976 1022
976 1026
976 1029
977 1014
977 1019
978 1014
978 1019
979 983
979 1054
979 1366
979 1367
980 981
980 984
980 985
980 1030
980 1034
980 1040
980 1042
980 1047
980 1049
980 1050
980 1053
980 1054
980 1360
980 1363
981 1036
981 1040
981 1047
981 1048
981 1050
981 1052
981 1053
981 1054
981 1055
981 1056
981 1062
981 1069
981 1082
982 1031
982 1035
983 1052
984 1034
984 1038
984 1043
984 1045
984 1048
985 1043
985 1045
985 1047
985 1048
985 1050
986 988
988 991
989 1357
989 1361
990 1357
990 1361
991 998
991 1004
994 1013
994 1014
994 1116
994 1125
995 998
995 1004
996 1013
996 1014
996 1116
996 1125
997 1007
997 1008
1000 1007
1000 1008
1001 1033
1002 1111
1002 1112
1003 1005
1003 1009
1003 1015
1003 1018
1004 1005
1004 1009
1004 1015
1004 1018
1010 1033
1010 1111
1010 1112
1011 1012
1011 1022
1011 1377
1012 1017
1013 1030
1013 1034
1014 1020
1014 1023
1014 1030
1014 1034
1017 1022
1017 1377
1019 1020
1019 1023
1019 1030
1019 1034
1020 1021
1020 1358
1020 1361
1021 1023
1021 1025
1021 1027
1021 1028
1021 1030
1021 1032
1021 1034
1021 1036
1022 1377
1023 1358
1023 1361
1025 1027
1025 1028
1025 1030
1025 1032
1025 1034
1025 1036
1025 1037
1025 1041
1027 1030
1027 1034
1027 1037
1027 1041
1030 1034
1030 1038
1030 1044
1030 1051
1031 1034
1031 1038
1031 1047
1031 1346
1034 1035
1034 1037
1034 1038
1034 1040
1034 1042
1034 1043
1034 1044
1034 1046
1034 1047
1034 1050
1034 1051
1035 1038
1035 1047
1035 1346
1036 1047
1036 1050
1037 1038
1037 1040
1037 1042
1038 1040
1038 1042
1038 1043
1038 1046
1038 1047
1038 1050
1038 1055
1038 1056
1038 1062
1039 1055
1039 1056
1039 1062
1040 1043
1040 1047
1040 1048
1040 1050
1042 1043
1042 1048
1047 1048
1047 1049
1047 1050
1047 1052
1047 1053
1047 1054
1047 1055
1047 1056
1047 1062
1047 1069
1047 1082
1048 1049
1048 1050
1048 1053
1048 1054
1048 1360
1048 1363
1049 1050
1050 1052
1050 1053
1050 1054
1050 1055
1050 1056
1050 1062
1050 1069
1050 1082
1052 1054
1052 1366
1052 1367
1053 1054
1053 1078
1053 1085
1054 1078
1054 1085
1055 1061
1055 1066
1055 1068
1055 1071
1055 1072
1055 1074
1055 1076
1056 1072
1056 1074
1057 1083
1057 1086
1058 1059
1058 1063
1059 1063
1061 1062
1062 1066
1062 1068
1062 1071
1062 1072
1062 1074
1062 1076
1065 1083
1065 1086
1070 1927
1070 1941
1073 1078
1073 1085
1075 1077
1075 1078
1075 1081
1075 1085
1077 1079
1078 1079
1078 1080
1078 1084
1078 1086
1079 1081
1079 1085
1080 1085
1084 1085
1085 1086
1087 1091
1087 1092
1088 1091
1088 1092
1092 1097
1092 1100
1092 1101
1093 1097
1093 1100
1093 1101
1095 1192
1095 1196
1096 1170
1096 1176
1121 1122
1121 1123
1121 1316
1121 1508
1121 1561
1121 1562
1121 1568
1122 1126
1122 1508
1122 1561
1122 1562
1122 1568
1122 1576
1122 1578
1123 1126
1123 1325
1126 1316
1127 1576
1127 1578
1131 1133
1131 1225
1131 1227
1131 1246
1131 1265
1131 1272
1132 1239
1132 1260
1133 1134
1133 1218
1133 1222
1133 1223
1133 1251
1133 1278
1133 1288
1134 1237
1134 1249
1134 1250
1134 1259
1134 1263
1134 1278
1134 1288
1134 1322
1134 1324
1135 1149
1135 1216
1135 1218
1135 1222
1135 1223
1136 1271
1136 1280
1137 1141
1137 1149
1137 1198
1137 1201
1137 1205
1137 1282
1137 1289
1137 2545
1137 2552
1138 1141
1138 1148
1138 1157
1138 1198
1138 1231
1138 1234
1138 1249
1138 1263
1139 1249
1139 1263
1140 1240
1140 1247
1141 1149
1141 1240
1141 1244
1141 1245
1141 1247
1141 1254
1141 1267
1141 1275
1142 1144
1142 1145
1142 1147
1142 1149
1142 1157
1142 1164
1142 1237
1142 1238
1142 1240
1142 1247
1142 1254
1142 1271
1142 1280
1142 1283
1142 1285
1142 1289
1142 1291
1142 1292
1143 1144
1143 1145
1143 1148
1143 1157
1143 1168
1143 1173
1144 1241
1144 1242
1144 1243
1144 1251
1144 1255
1144 1256
1144 1257
1144 1264
1144 1266
1144 1267
1144 1274
1144 1275
1144 1282
1145 1241
1145 1242
1145 1243
1145 1251
1145 1255
1145 1256
1145 1257
1145 1264
1145 1266
1145 1267
1145 1274
1145 1275
1145 1282
1146 1155
1146 1159
1146 1200
1146 1209
1146 1436
1146 2477
1146 2484
1147 1198
1147 1204
1147 1242
1147 1243
1147 1307
1147 1310
1148 1188
1148 1249
1148 1271
1148 1280
1149 1221
1149 1233
1149 1254
1149 1261
1149 1304
1149 1307
1150 1163
1150 1168
1151 1163
1151 1168
1151 2461
1151 2466
1152 1155
1152 1159
1152 1200
1152 1209
1152 1436
1152 2477
1152 2484
1154 1254
1154 1261
1155 1174
1155 1175
1155 1201
1155 1206
1155 1405
1155 1411
1155 2461
1155 2466
1156 1192
1156 1193
1156 1436
1157 1188
1157 1242
1157 1243
1157 1249
1157 1271
1157 1280
1158 2465
1158 2469
1159 1174
1159 1175
1159 1201
1159 1206
1159 1405
1159 1411
1160 1436
1164 1198
1164 1204
1164 1242
1164 1243
1164 1307
1164 1310
1165 2465
1165 2469
1166 1199
1166 1200
1166 1208
1166 1209
1166 2477
1166 2478
1166 2484
1167 1199
1167 1200
1167 1208
1167 1209
1167 2477
1167 2478
1167 2484
1168 1201
1168 1206
1168 1241
1168 1249
1168 1263
1168 2470
1168 2477
1168 2478
1169 1192
1169 1193
1170 1171
1170 1178
1171 1176
1173 1201
1173 1206
1173 1241
1173 1249
1173 1263
1173 2470
1173 2477
1173 2478
1174 1187
1174 1192
1174 1193
1176 1178
1179 1223
1179 1227
1180 1187
1180 1192
1180 1193
1181 1202
1181 1207
1181 1214
1181 1216
1184 1223
1184 1227
1185 1202
1185 1207
1185 1214
1185 1216
1187 1197
1187 1202
1191 1263
1191 1271
1192 1197
1192 1202
1192 1207
1193 1197
1193 1202
1193 1207
1195 1263
1195 1271
1198 1244
1198 1245
1198 1267
1198 1275
1199 2477
1199 2483
1200 1215
1200 1217
1200 1219
1200 1220
1201 1221
1202 1206
1202 1212
1203 1207
1203 1208
1203 1228
1203 1232
1204 1225
1204 1227
1204 1267
1204 1275
1205 1221
1206 1207
1206 1436
1207 1210
1207 1212
1207 1219
1207 1220
1208 1210
1208 1219
1208 1220
1208 2477
1208 2483
1208 2494
1208 2495
1209 1215
1209 1217
1209 1219
1209 1220
1209 2494
1209 2495
1210 1228
1210 1232
1211 1225
1211 1227
1212 1436
1213 1214
1213 1216
1214 1216
1214 1222
1214 1227
1214 1230
1214 1232
1215 1224
1215 1228
1216 1222
1216 1227
1216 1230
1216 1232
1217 1224
1217 1228
1218 1222
1218 1227
1218 1232
1218 1235
1221 1271
1221 1280
1221 1282
1221 1289
1221 2479
1221 2480
1221 2545
1221 2552
1222 1223
1222 1227
1222 1229
1222 1235
1222 1250
1223 1227
1223 1229
1223 1235
1223 1250
1224 1237
1224 1238
1225 1230
1225 1232
1225 2479
1225 2480
1227 1230
1227 1232
1228 1237
1228 1238
1231 1243
1231 1244
1231 1249
1233 1243
1233 1244
1233 1278
1233 1288
1233 1322
1233 1324
1234 1249
1235 1278
1235 1288
1236 1249
1236 1263
1237 1242
1237 1243
1237 1251
1238 1242
1238 1243
1239 1252
1239 1253
1239 1274
1239 1275
1239 1278
1239 1288
1239 1302
1239 1303
1239 1305
1239 1307
1240 1242
1240 1243
1240 1255
1240 1262
1240 1266
1240 1270
1240 1274
1240 1275
1240 1283
1240 1285
1240 1289
1240 1292
1240 1299
1240 1302
1240 1303
1240 1326
1240 1330
1242 1247
1242 1271
1242 1280
1242 1283
1242 1285
1242 1289
1242 1291
1242 1292
1243 1247
1243 1271
1243 1280
1243 1283
1243 1285
1243 1289
1243 1291
1243 1292
1247 1255
1247 1262
1247 1266
1247 1270
1247 1274
1247 1275
1247 1278
1247 1283
1247 1285
1247 1288
1247 1289
1247 1292
1247 1299
1247 1302
1247 1303
1247 1305
1247 1307
1247 1326
1247 1330
1248 1267
1248 1275
1249 1256
1249 1267
1250 1251
1251 1259
1251 1273
1251 1284
1252 1260
1253 1260
1254 1291
1254 1292
1254 1299
1254 1302
1254 1304
1255 1275
1255 1282
1255 1283
1256 1263
1256 1280
1256 1286
1257 1282
1257 1289
1257 1291
1257 1292
1258 1282
1258 1289
1260 1278
1260 1288
1261 1267
1261 1275
1261 1291
1261 1292
1261 1299
1261 1302
1261 1304
1261 1307
1261 1310
1263 1267
1265 1268
1265 1273
1265 1277
1265 1278
1265 1284
1265 1287
1265 1288
1265 1295
1266 1275
1266 1282
1266 1283
1267 1280
1267 1286
1268 1272
1268 1278
1268 1288
1269 1307
1269 1310
1271 1277
1271 1284
1271 1291
1271 1292
1271 1299
1271 1300
1271 1302
1271 1303
1272 1273
1272 1277
1272 1278
1272 1284
1272 1288
1274 1282
1274 1283
1274 1289
1275 1282
1275 1283
1275 1289
1275 1291
1275 1299
1275 1300
1276 1289
1276 1291
1277 1280
1277 1282
1277 1283
1277 1287
1277 1295
1277 1296
1277 1313
1277 1315
1278 1862
1278 1863
1279 1306
1279 1308
1280 1284
1280 1291
1280 1292
1280 1299
1280 1300
1280 1302
1280 1303
1281 1289
1281 1291
1282 1283
1282 1284
1282 1289
1282 1291
1282 1292
1282 1299
1282 1300
1283 1284
1283 1292
1283 1299
1284 1287
1284 1295
1284 1296
1284 1313
1284 1315
1284 1322
1284 1324
1288 1862
1288 1863
1290 1313
1290 1315
1290 1322
1290 1324
1293 1306
1293 1308
1294 1306
1294 1308
1297 1306
1297 1308
1298 1313
1298 1315
1301 1306
1301 1308
1306 1311
1306 1315
1308 1311
1308 1315
1311 1312
1312 1315
1314 1318
1314 1323
1316 1319
1317 1318
1317 1323
1317 1329
1317 1334
1319 1325
1320 1329
1320 1334
1325 1331
1325 1332
1331 1338
1331 1339
1332 1335
1332 1337
1332 1338
1332 1339
1333 1336
1333 1337
1334 1366
1334 1367
1335 1366
1335 1367
1342 1350
1342 1352
1345 1350
1345 1352
1351 1374
1351 1375
1353 1374
1353 1375
1357 1360
1357 1363
1357 1366
1357 1367
1360 1361
1360 1363
1360 1365
1360 1366
1360 1367
1360 1368
1361 1363
1363 1365
1363 1366
1363 1367
1363 1368
1366 1374
1366 1375
1367 1374
1367 1375
1374 1377
1375 1377
1376 1932
1376 1935
1378 1561
1378 1562
1379 1585
1379 1586
1379 1602
1379 1607
1379 2013
1379 2020
1380 1726
1380 1727
1380 1974
1380 1982
1381 2177
1381 2178
1381 2191
1381 2197
1381 2204
1383 1517
1383 1520
1384 1441
1384 1459
1384 1464
1384 1467
1384 1481
1384 1482
1384 1953
1384 1954
1384 1958
1385 1441
1385 1459
1385 1464
1385 1467
1385 1481
1385 1482
1385 1953
1385 1954
1385 1958
1386 2423
1386 2425
1387 2377
1387 2379
1388 2397
1388 2409
1389 1508
1389 1509
1389 2462
1389 2471
1390 1407
1390 1410
1391 1407
1391 1410
1392 2446
1392 2449
1393 2446
1393 2449
1395 1921
1395 1922
1395 1934
1395 1940
1396 1457
1396 1462
1396 1491
1396 1518
1397 1457
1397 1462
1397 1921
1397 1922
1397 1934
1397 1940
1398 2104
1398 2107
1399 2104
1399 2107
1399 2267
1399 2272
1400 2415
1400 2416
1401 2415
1401 2416
1403 2415
1403 2416
1404 2423
1404 2425
1405 1894
1405 1900
1405 1921
1405 1922
1405 2415
1405 2416
1412 1870
1412 1894
1412 1900
1412 1921
1412 1922
1412 1946
1413 2618
1413 2622
1414 2618
1414 2622
1415 1870
1415 1946
1416 2377
1416 2379
1417 1873
1417 1874
1417 1892
1417 1904
1417 2388
1417 2391
1418 1873
1418 1874
1418 1892
1418 1904
1418 2323
1418 2324
1418 2388
1418 2391
1419 1873
1419 1874
1419 2323
1419 2324
1420 2397
1420 2409
1421 1524
1421 1527
1422 1524
1422 1527
1423 1951
1423 1952
1424 1448
1424 1455
1425 1448
1425 1461
1426 1579
1426 1580
1427 1579
1427 1580
1428 1451
1428 1461
1428 1472
1428 1478
1428 1537
1428 1543
1429 1451
1429 1461
1429 1472
1429 1478
1429 1512
1429 1537
1429 1543
1429 1578
1429 1580
1430 1512
1430 1578
1430 1580
1430 1857
1430 1882
1430 2192
1430 2199
1431 1809
1431 2262
1432 1433
1432 1434
1432 1784
1432 1785
1432 2573
1432 2574
1432 2581
1433 1457
1433 1462
1433 1784
1433 1785
1433 2519
1433 2521
1433 2526
1433 2573
1433 2574
1433 2581
1434 1457
1434 1462
1434 2502
1434 2504
1434 2519
1434 2521
1434 2526
1435 2502
1435 2504
1436 2470
1436 2477
1436 2506
1436 2508
1437 1951
1437 1952
1438 1448
1438 1461
1438 1571
1438 1572
1439 1474
1439 1478
1440 1474
1440 1478
1440 1512
1440 1578
1441 1485
1441 1486
1442 1477
1442 1479
1442 1868
1442 1869
1442 1959
1442 1960
1443 1562
1443 1564
1444 1539
1444 1541
1445 1576
1445 1578
1446 1480
1446 1483
1446 1576
1446 1578
1447 1477
1447 1479
1448 1474
1448 1478
1448 1492
1448 1493
1448 1566
1448 1570
1448 1571
1448 1572
1448 1953
1448 1954
1449 1512
1449 1578
1450 1485
1450 1486
1450 1868
1450 1869
1451 1492
1451 1493
1451 1521
1451 1522
1451 1555
1451 1558
1451 1570
1451 1571
1453 1487
1453 1489
1454 1555
1454 1558
1454 1562
1454 1564
1455 1566
1455 1570
1455 1571
1455 1953
1455 1954
1456 1576
1456 1578
1457 1480
1457 1483
1457 1576
1457 1578
1457 1911
1457 1917
1458 1533
1458 1534
1458 1959
1458 1960
1459 1953
1459 1954
1459 2488
1459 2489
1460 1539
1460 1541
1461 1466
1461 1470
1461 1474
1461 1478
1461 1492
1461 1493
1461 1521
1461 1522
1461 1570
1461 1571
1461 1577
1461 1579
1462 1911
1462 1917
1465 1466
1465 1470
1465 1577
1465 1579
1465 1927
1465 1941
1466 1521
1466 1522
1467 1487
1467 1489
1467 1953
1467 1954
1467 2488
1467 2489
1468 1485
1468 1486
1468 1526
1468 1532
1469 1927
1469 1941
1470 1521
1470 1522
1471 1521
1471 1522
1471 1533
1471 1534
1472 1485
1472 1486
1472 1526
1472 1532
1473 1521
1473 1522
1473 1533
1473 1534
1474 1572
1474 1574
1474 1867
1474 1868
1475 1524
1475 1527
1476 1524
1476 1527
1477 1867
1477 1958
1478 1572
1478 1574
1478 1867
1478 1868
1479 1867
1479 1958
1480 1508
1480 1568
1483 1508
1483 1568
1484 1529
1484 1535
1485 1529
1485 1535
1490 2463
1490 2475
1491 1493
1491 1934
1491 1945
1491 1957
1491 2417
1492 1934
1492 1940
1492 1944
1492 1945
1493 1518
1493 1524
1493 1527
1493 1934
1493 1945
1497 1671
1497 1676
1497 2599
1497 2601
1498 1537
1498 1544
1498 1582
1498 1596
1498 1678
1500 1501
1500 2432
1500 2433
1501 2432
1501 2433
1502 1634
1502 1638
1503 1504
1503 1505
1503 1634
1503 1638
1504 1506
1504 1552
1504 1554
1504 1560
1504 1614
1504 2436
1504 2439
1505 1538
1505 1546
1505 1552
1505 1554
1505 1581
1505 1600
1505 1614
1506 1508
1506 1509
1506 1550
1506 1561
1506 1562
1506 1581
1506 1600
1507 1508
1507 1509
1508 1564
1508 1569
1508 2239
1508 2242
1508 2448
1509 1631
1509 1636
1509 1855
1509 1884
1509 1888
1509 1898
1509 2239
1509 2242
1509 2448
1510 1572
1510 1573
1510 1574
1510 1648
1510 1649
1511 1572
1511 1573
1512 1576
1512 1578
1512 1579
1512 1580
1512 1932
1512 1934
1512 2233
1512 2236
1512 2245
1512 2247
1514 1857
1514 1882
1514 2192
1514 2199
1515 1531
1515 1537
1515 1538
1515 1544
1516 1961
1516 1963
1517 1866
1517 1934
1517 1945
1517 1953
1517 1954
1517 1955
1517 1956
1518 1529
1518 1535
1518 1957
1518 2417
1520 1866
1520 1953
1520 1954
1520 1955
1520 1956
1520 1961
1520 1963
1520 2509
1520 2513
1521 1529
1521 1535
1521 1940
1521 1944
1522 1529
1522 1535
1523 1531
1523 1538
1524 1529
1524 1535
1524 1957
1527 1529
1527 1535
1527 1957
1527 2509
1527 2513
1529 1945
1529 1951
1529 1953
1529 1954
1529 1955
1529 1962
1529 1964
1530 1540
1530 1542
1531 1634
1531 1638
1535 1945
1535 1951
1535 1953
1535 1954
1535 1955
1535 1962
1535 1964
1536 1570
1536 1571
1537 1540
1537 1541
1537 1542
1537 1548
1538 1634
1541 1543
1543 1547
1543 1548
1545 1570
1545 1571
1546 1634
1549 1551
1549 1557
1549 1561
1549 1562
1550 1560
1550 2436
1550 2439
1551 1553
1552 1561
1552 1562
1553 1557
1556 1563
1556 1564
1559 1563
1559 1564
1561 1634
1561 1854
1562 1634
1562 1854
1564 1568
1568 1569
1572 1651
1574 1651
1576 1578
1578 1579
1578 1580
1578 1932
1578 1934
1578 2233
1578 2236
1578 2245
1578 2247
1579 1580
1580 1932
1580 1934
1581 1634
1582 1606
1582 1611
1582 1889
1583 1630
1583 1635
1584 2163
1584 2165
1585 1586
1585 2013
1585 2020
1585 2163
1585 2165
1586 1587
1586 1602
1586 1607
1587 1602
1587 1607
1588 1618
1588 1627
1589 1593
1589 1615
1589 1623
1589 1624
1589 1627
1589 1650
1589 1652
1590 1593
1590 1613
1590 1616
1590 1650
1591 2183
1591 2199
1592 1594
1592 1595
1592 2572
1592 2578
1592 2579
1593 1594
1593 1595
1593 2572
1593 2577
1593 2578
1593 2579
1594 2577
1594 2578
1595 2210
1595 2218
1595 2453
1595 2507
1595 2577
1595 2578
1596 1634
1596 1638
1596 1889
1597 1628
1597 1630
1597 1634
1597 1635
1597 2438
1597 2439
1598 2438
1598 2439
1599 1682
1599 1689
1600 1634
1601 1682
1601 1689
1603 1634
1603 1638
1604 1628
1604 1634
1605 2043
1605 2045
1605 2438
1605 2439
1606 1678
1606 1682
1606 1689
1608 1619
1608 1621
1608 1624
1608 1625
1610 2043
1610 2045
1610 2438
1610 2439
1611 1620
1611 1621
1611 1678
1612 1620
1612 1621
1613 1615
1613 1624
1613 1625
1613 1632
1613 1640
1613 1642
1613 2586
1615 1616
1615 1804
1615 2183
1615 2591
1616 1619
1616 1621
1616 1624
1616 1625
1616 1632
1616 1640
1616 1642
1616 2586
1617 1625
1617 1632
1618 2586
1619 1626
1619 1629
1620 2438
1620 2439
1621 1622
1621 1629
1621 1631
1621 1636
1621 1641
1621 1643
1621 2438
1621 2439
1622 1624
1623 2591
1624 1629
1624 1631
1624 1636
1624 1641
1624 1643
1624 1689
1624 1691
1624 1804
1624 2183
1624 2591
1625 1626
1625 1629
1625 1689
1625 1691
1627 2586
1627 2591
1628 1857
1628 1882
1630 1857
1630 1882
1630 2048
1630 2049
1631 1639
1631 1641
1631 1645
1631 2434
1631 2435
1632 1642
1632 1644
1632 1689
1632 1691
1633 1651
1633 1653
1633 1654
1633 2437
1633 2441
1633 2554
1633 2558
1634 2439
1634 2441
1635 2048
1635 2049
1635 2434
1635 2435
1636 1639
1636 1641
1636 1645
1637 1642
1637 1644
1637 1651
1637 1653
1637 1654
1637 2437
1637 2441
1637 2554
1637 2558
1637 2590
1637 2591
1638 2439
1638 2441
1640 2590
1640 2591
1642 1648
1642 1652
1642 2590
1642 2591
1643 2437
1643 2441
1644 1648
1644 1652
1645 1855
1645 1884
1645 1888
1645 1898
1646 2437
1646 2441
1647 2183
1647 2199
1648 1653
1649 1653
1650 1792
1650 1793
1650 2245
1650 2247
1650 2586
1650 2594
1651 1921
1651 1922
1652 1792
1652 1793
1652 2245
1652 2247
1652 2586
1652 2594
1653 1921
1653 1922
1653 2508
1653 2510
1654 2508
1654 2510
1655 1683
1655 1685
1656 1683
1656 1685
1657 1680
1657 1686
1658 1680
1658 1686
1659 1669
1659 1675
1660 1666
1660 1667
1661 1666
1661 1667
1661 1974
1661 1991
1663 1681
1663 1687
1663 1688
1663 1690
1663 1694
1663 1695
1663 2153
1663 2156
1664 1688
1664 1690
1664 1701
1664 1702
1664 2013
1664 2020
1664 2192
1664 2199
1665 1701
1665 1702
1665 2013
1665 2020
1665 2192
1665 2199
1666 1983
1666 1992
1668 1669
1668 1675
1668 2030
1668 2035
1669 1675
1669 2030
1669 2035
1670 2014
1670 2019
1671 1889
1671 2128
1671 2129
1672 1689
1672 1691
1673 2126
1673 2132
1674 1979
1674 1986
1674 2152
1674 2153
1675 2014
1675 2019
1675 2024
1676 1889
1676 2128
1676 2129
1677 2126
1677 2132
1678 1889
1679 2019
1679 2024
1680 1694
1680 1695
1680 2010
1680 2012
1681 1694
1681 1695
1681 1696
1681 1701
1681 1702
1681 2008
1681 2013
1681 2016
1681 2019
1681 2020
1681 2023
1681 2024
1681 2036
1681 2039
1681 2040
1681 2041
1683 1856
1683 1884
1683 1888
1683 2619
1683 2621
1684 1709
1684 1710
1684 2432
1684 2433
1685 1856
1685 1884
1685 1888
1685 2432
1685 2433
1685 2619
1685 2621
1686 1694
1686 1695
1686 2010
1686 2012
1687 1694
1687 1695
1687 1696
1687 1701
1687 1702
1687 2008
1687 2010
1687 2012
1687 2013
1687 2016
1687 2019
1687 2020
1687 2023
1687 2024
1687 2036
1687 2039
1687 2040
1687 2041
1688 2008
1688 2010
1688 2012
1688 2016
1689 1708
1691 1708
1692 1709
1692 1710
1693 1979
1693 1986
1693 2152
1693 2153
1694 1696
1694 1700
1694 1701
1694 1702
1694 2083
1694 2084
1695 1696
1695 1700
1695 1701
1695 1702
1695 1705
1695 1712
1695 2076
1695 2079
1695 2083
1695 2084
1695 2156
1695 2159
1696 2153
1696 2156
1697 1979
1697 1986
1698 1703
1698 1704
1699 1703
1699 1704
1700 1705
1700 1712
1700 2076
1700 2079
1700 2156
1700 2159
1701 2010
1701 2012
1701 2016
1701 2076
1701 2079
1701 2138
1701 2141
1701 2144
1701 2145
1701 2148
1701 2153
1701 2156
1701 2159
1701 2242
1701 2246
1702 2010
1702 2012
1702 2016
1702 2138
1702 2141
1702 2144
1702 2145
1702 2148
1702 2153
1702 2156
1702 2242
1702 2246
1704 1707
1704 1709
1706 1707
1706 1709
1710 1712
1710 1713
1711 1712
1711 1713
1714 1726
1714 1727
1715 1750
1715 1756
1715 1757
1716 1750
1716 1756
1716 1757
1717 1761
1717 1766
1717 1770
1718 1761
1718 1766
1718 1770
1719 1732
1719 1749
1719 1755
1720 1721
1720 1722
1720 1732
1720 1749
1720 1755
1721 1730
1721 1731
1721 2086
1722 1730
1722 1731
1722 2086
1722 2283
1722 2288
1722 2289
1722 2300
1723 2029
1723 2030
1723 2032
1724 1765
1724 1768
1724 2029
1724 2030
1724 2032
1724 2619
1724 2621
1725 1765
1725 1768
1725 2619
1725 2621
1726 1780
1726 1783
1726 2140
1726 2143
1726 2198
1726 2209
1726 2214
1726 2216
1726 2221
1726 2223
1727 1780
1727 1783
1727 2140
1727 2143
1727 2198
1727 2209
1727 2214
1727 2216
1727 2221
1727 2223
1728 1780
1728 1783
1729 2120
1729 2129
1730 2643
1730 2644
1730 2648
1730 2649
1731 2643
1731 2644
1731 2648
1731 2649
1732 1815
1732 1816
1732 2094
1732 2194
1732 2205
1733 2044
1733 2047
1734 1776
1734 1781
1735 1751
1735 1754
1735 1757
1735 1760
1736 1751
1736 1754
1736 1757
1736 1760
1737 1776
1737 1781
1738 2283
1738 2288
1738 2289
1738 2300
1739 1750
1739 1756
1739 1757
1739 1974
1739 1982
1739 2119
1739 2125
1740 1767
1740 1769
1741 1745
1741 1752
1741 1776
1741 1781
1742 1757
1742 1760
1743 1750
1743 1756
1743 1757
1743 1760
1743 1974
1743 1982
1744 1745
1744 1752
1744 1767
1744 1769
1744 1776
1744 1781
1746 1767
1746 1769
1747 1762
1747 1763
1748 1762
1748 1763
1749 2094
1749 2194
1749 2205
1750 2119
1750 2125
1750 2128
1750 2129
1753 2083
1753 2084
1755 1815
1755 1816
1755 2094
1756 2104
1756 2107
1756 2128
1756 2129
1757 2103
1757 2106
1757 2128
1757 2129
1758 2083
1758 2084
1759 1764
1759 1765
1759 1768
1759 1776
1759 1781
1759 2098
1759 2100
1759 2273
1759 2274
1760 2098
1760 2100
1760 2103
1760 2104
1760 2106
1760 2107
1760 2128
1760 2129
1764 1765
1764 1775
1764 1780
1765 1768
1765 1776
1765 1781
1765 2098
1765 2100
1765 2273
1765 2274
1766 1776
1766 1779
1768 1775
1768 1780
1769 1776
1769 1779
1771 1776
1771 1779
1772 2641
1772 2643
1773 2641
1773 2643
1776 1778
1776 1779
1776 1781
1776 1782
1776 2619
1776 2621
1778 1779
1779 1781
1780 2116
1781 1782
1781 1783
1781 1784
1781 2619
1781 2621
1783 1785
1783 2116
1784 1785
1786 2128
1786 2129
1787 2128
1787 2135
1788 1838
1788 1839
1788 2128
1788 2129
1789 1838
1789 1839
1789 2128
1789 2135
1790 2120
1790 2121
1790 2128
1790 2129
1791 2120
1791 2121
1791 2128
1791 2129
1794 2339
1794 2343
1795 2339
1795 2343
1796 1808
1796 2262
1797 2207
1797 2208
1797 2210
1797 2218
1797 2273
1797 2275
1798 2207
1798 2208
1798 2210
1798 2218
1798 2273
1798 2274
1798 2275
1799 1810
1799 1850
1799 2186
1799 2193
1800 1832
1800 1833
1800 2225
1800 2232
1801 1804
1801 2183
1802 1804
1802 2183
1802 2194
1802 2205
1803 1842
1803 1845
1803 1846
1803 1981
1803 1990
1804 1842
1804 1845
1804 1846
1804 1981
1804 1990
1804 2214
1804 2216
1805 2179
1805 2213
1806 2200
1806 2212
1807 2177
1807 2178
1807 2191
1807 2197
1807 2204
1808 1853
1809 1841
1809 1845
1809 1846
1809 2451
1810 1841
1810 1843
1810 1845
1810 1846
1810 1847
1810 1849
1810 1852
1810 2256
1810 2257
1810 2258
1810 2266
1810 2269
1810 2465
1810 2469
1811 1843
1811 1847
1811 2256
1811 2257
1811 2258
1811 2465
1811 2469
1812 2268
1812 2271
1813 1838
1813 1839
1813 1841
1813 1847
1813 2266
1813 2270
1814 1838
1814 1839
1814 1841
1814 1847
1814 2266
1814 2270
1816 2318
1816 2319
1817 2318
1817 2319
1820 2198
1820 2209
1821 2198
1821 2209
1822 2225
1822 2232
1823 2225
1823 2232
1824 2179
1824 2213
1827 1832
1827 1833
1828 1832
1828 1833
1828 1836
1828 1838
1828 1839
1829 1832
1829 1833
1830 1832
1830 1833
1831 1836
1831 1838
1831 1839
1832 1840
1832 1844
1833 1840
1833 1844
1834 2443
1834 2444
1835 2443
1835 2444
1836 1838
1836 1839
1836 1841
1836 1846
1836 2221
1836 2225
1837 1838
1837 1839
1838 1841
1838 1842
1838 1845
1838 1846
1838 2221
1838 2225
1839 1842
1839 1845
1839 2130
1839 2131
1839 2134
1841 1845
1841 1846
1841 1850
1841 2130
1841 2131
1841 2134
1841 2262
1841 2263
1841 2265
1844 2214
1844 2216
1845 1846
1845 1850
1845 1851
1846 1850
1846 1851
1846 2262
1847 2263
1847 2265
1848 2214
1848 2216
1849 1850
1850 1852
1850 2266
1850 2269
1853 2262
1855 1882
1855 1896
1857 1862
1857 1863
1857 1886
1857 1887
1857 1896
1857 1903
1857 1909
1857 1916
1857 1933
1857 1936
1857 1986
1857 1988
1857 1989
1857 1998
1857 2026
1857 2435
1857 2436
1858 1862
1858 1863
1858 1886
1858 1887
1858 1896
1858 1903
1858 1905
1858 1908
1858 1909
1858 1914
1858 1986
1858 1989
1859 1932
1859 1934
1859 1935
1861 1979
1861 1986
1861 2029
1861 2032
1862 1979
1862 1986
1862 1998
1862 1999
1862 2005
1862 2006
1862 2011
1862 2029
1862 2032
1862 2045
1862 2577
1862 2578
1863 1998
1863 1999
1863 2005
1863 2006
1863 2011
1863 2025
1863 2027
1863 2028
1863 2043
1863 2045
1863 2287
1863 2577
1863 2578
1863 2637
1863 2638
1864 2287
1864 2637
1864 2638
1865 2576
1865 2577
1870 2610
1870 2611
1871 2610
1871 2611
1871 2635
1871 2636
1872 2635
1872 2636
1875 2286
1875 2638
1876 2286
1876 2638
1877 1965
1877 2072
1878 1965
1878 1987
1878 1996
1878 2009
1878 2017
1878 2072
1879 1976
1879 1998
1880 1900
1880 1907
1881 1900
1881 1907
1882 1884
1882 1886
1882 1888
1882 1903
1882 1909
1882 1913
1882 1916
1882 1922
1882 1933
1882 1936
1882 1988
1882 1998
1882 2049
1882 2118
1882 2125
1882 2435
1882 2436
1883 1885
1883 1902
1884 1896
1884 1898
1884 1899
1885 1897
1885 1903
1885 1911
1885 1917
1886 2043
1886 2045
1888 1896
1889 2599
1889 2601
1890 1965
1890 2072
1892 1920
1892 1929
1893 1965
1893 2072
1894 1965
1894 2072
1895 1965
1895 1976
1895 1987
1895 1996
1895 1998
1895 2009
1895 2017
1895 2072
1896 1913
1896 1916
1896 1922
1896 1936
1896 2049
1896 2118
1896 2125
1897 1902
1898 1899
1899 2599
1899 2601
1900 1966
1900 1975
1900 2075
1900 2076
1900 2449
1900 2450
1901 1988
1901 1998
1902 1903
1902 1911
1902 1917
1902 1927
1902 1931
1902 1941
1903 2043
1903 2045
1904 1920
1904 1929
1905 1916
1905 1923
1905 1933
1905 2045
1907 1966
1907 1975
1907 2075
1907 2076
1907 2449
1907 2450
1908 1914
1908 1923
1908 2045
1908 2303
1908 2306
1908 2433
1908 2436
1909 1988
1909 1998
1909 2043
1909 2045
1910 1927
1910 1931
1910 1941
1912 2619
1912 2621
1914 1916
1914 1918
1914 1923
1914 1933
1914 2045
1914 2303
1914 2306
1914 2433
1914 2436
1916 1924
1916 1935
1918 1923
1918 2303
1918 2306
1918 2433
1918 2436
1918 2619
1918 2621
1919 2619
1919 2621
1920 2358
1920 2361
1921 1930
1921 1932
1921 1934
1921 1939
1921 1940
1921 1987
1921 1996
1921 2082
1921 2087
1922 1924
1922 1930
1922 1932
1922 1934
1922 1939
1922 1940
1922 1982
1922 1983
1922 1987
1922 1996
1922 2082
1922 2087
1923 1924
1923 1935
1924 1932
1924 1933
1924 1982
1924 1983
1925 2619
1925 2621
1927 1932
1927 1935
1929 2358
1929 2361
1932 1941
1932 1947
1933 1935
1934 1947
1935 1941
1935 1947
1935 2043
1935 2045
1936 2043
1936 2045
1939 1940
1939 1944
1939 1949
1939 1953
1940 1941
1941 1944
1942 1944
1942 1950
1942 1951
1942 1952
1942 1953
1942 1954
1944 1946
1946 1950
1946 1951
1946 1952
1946 1953
1946 1954
1948 1949
1948 1953
1962 2515
1962 2516
1964 2463
1964 2475
1964 2515
1964 2516
1965 1966
1965 1984
1965 2453
1965 2507
1966 2072
1967 2586
1967 2588
1968 2246
1968 2249
1969 1979
1969 1986
1969 2246
1969 2249
1970 1979
1970 1986
1971 1979
1971 2000
1971 2080
1971 2085
1972 2080
1972 2085
1973 1981
1973 1990
1974 1997
1977 2586
1977 2588
1978 1979
1978 1986
1979 1980
1979 1985
1979 2000
1979 2004
1979 2020
1979 2025
1979 2029
1979 2036
1979 2303
1979 2306
1980 2000
1980 2080
1980 2085
1981 1991
1983 2118
1983 2125
1983 2132
1984 2072
1985 1986
1985 2018
1985 2022
1986 1994
1986 1995
1986 2000
1986 2004
1986 2006
1986 2015
1986 2020
1986 2025
1986 2029
1986 2030
1986 2032
1986 2035
1986 2036
1986 2045
1986 2303
1986 2306
1986 2616
1986 2620
1989 1994
1989 1995
1989 2004
1989 2006
1989 2015
1989 2029
1989 2030
1989 2032
1989 2035
1989 2036
1989 2045
1989 2616
1989 2620
1990 1991
1991 1997
1991 2010
1991 2012
1992 2132
1993 2118
1993 2125
1994 1995
1994 2001
1994 2003
1994 2004
1995 2001
1995 2003
2002 2010
2002 2012
2004 2018
2004 2022
2004 2036
2004 2039
2005 2576
2005 2577
2006 2012
2006 2018
2006 2043
2006 2045
2007 2036
2007 2039
2007 2144
2007 2148
2007 2221
2007 2225
2008 2014
2008 2019
2010 2029
2010 2030
2010 2032
2011 2012
2011 2018
2011 2043
2011 2045
2012 2029
2012 2030
2012 2032
2012 2036
2012 2039
2013 2036
2013 2039
2013 2144
2013 2148
2013 2221
2013 2225
2014 2016
2014 2018
2016 2019
2018 2034
2018 2038
2020 2034
2020 2038
2020 2041
2020 2042
2021 2025
2021 2027
2021 2028
2025 2026
2025 2041
2025 2042
2026 2027
2026 2028
2026 2043
2026 2045
2029 2030
2029 2032
2029 2035
2030 2032
2030 2035
2032 2035
2033 2035
2033 2039
2035 2037
2036 2039
2037 2039
2044 2617
2047 2617
2050 2386
2050 2390
2051 2386
2051 2390
2052 2075
2052 2076
2053 2057
2053 2063
2054 2057
2054 2063
2055 2076
2055 2079
2055 2083
2055 2084
2056 2076
2056 2079
2056 2083
2056 2084
2058 2088
2058 2092
2059 2068
2059 2073
2059 2296
2059 2297
2059 2321
2059 2330
2059 2338
2059 2362
2059 2499
2059 2503
2060 2061
2060 2062
2061 2067
2061 2075
2061 2076
2062 2067
2064 2068
2064 2073
2064 2077
2064 2089
2064 2092
2064 2561
2064 2562
2065 2088
2065 2092
2066 2072
2066 2075
2068 2073
2068 2077
2068 2325
2069 2175
2069 2176
2069 2298
2069 2306
2069 2580
2069 2581
2069 2592
2070 2072
2070 2075
2071 2561
2071 2562
2072 2453
2072 2507
2073 2325
2074 2175
2074 2176
2074 2298
2074 2299
2074 2303
2074 2306
2074 2580
2074 2581
2074 2592
2075 2308
2075 2309
2075 2315
2075 2381
2076 2308
2076 2309
2076 2315
2076 2381
2077 2089
2077 2092
2078 2299
2078 2303
2078 2306
2078 2453
2078 2507
2080 2081
2080 2085
2080 2089
2080 2091
2080 2092
2080 2093
2080 2095
2080 2096
2081 2090
2082 2453
2082 2507
2083 2172
2083 2542
2083 2548
2083 2601
2084 2172
2084 2542
2084 2548
2084 2601
2085 2089
2085 2090
2085 2091
2085 2092
2085 2093
2088 2089
2088 2092
2088 2239
2088 2242
2088 2246
2089 2092
2090 2095
2090 2096
2092 2239
2092 2242
2092 2246
2097 2099
2099 2194
2099 2205
2101 2194
2101 2205
2102 2626
2102 2627
2103 2104
2103 2105
2103 2626
2103 2627
2104 2105
2104 2106
2104 2138
2104 2141
2104 2145
2105 2106
2106 2626
2106 2627
2107 2138
2107 2141
2107 2145
2108 2167
2108 2168
2109 2167
2109 2168
2110 2111
2110 2158
2111 2140
2111 2143
2111 2158
2111 2198
2111 2206
2112 2140
2112 2143
2113 2115
2113 2122
2114 2115
2114 2122
2117 2142
2117 2147
2118 2192
2118 2199
2118 2225
2118 2232
2119 2206
2119 2209
2120 2129
2123 2142
2123 2147
2124 2142
2124 2147
2125 2192
2125 2199
2125 2206
2125 2209
2125 2225
2125 2232
2127 2206
2127 2209
2130 2139
2130 2145
2130 2146
2131 2139
2131 2145
2131 2146
2131 2198
2131 2209
2133 2156
2133 2160
2133 2161
2134 2139
2134 2145
2134 2146
2134 2155
2134 2157
2134 2198
2134 2209
2137 2155
2137 2157
2137 2198
2137 2209
2138 2141
2138 2144
2138 2145
2138 2148
2138 2221
2138 2225
2140 2154
2140 2158
2141 2144
2141 2145
2141 2148
2141 2221
2141 2225
2142 2198
2142 2206
2142 2209
2143 2154
2143 2158
2144 2145
2144 2156
2144 2160
2144 2161
2145 2148
2145 2164
2145 2165
2145 2221
2145 2225
2147 2198
2147 2206
2147 2209
2149 2164
2149 2165
2150 2162
2150 2164
2151 2156
2151 2159
2151 2198
2151 2206
2152 2162
2152 2164
2153 2154
2153 2156
2153 2158
2153 2159
2153 2163
2153 2165
2154 2156
2156 2158
2156 2163
2156 2164
2156 2165
2158 2198
2158 2206
2159 2163
2159 2164
2159 2165
2161 2163
2161 2165
2163 2165
2163 2166
2165 2166
2167 2170
2167 2171
2169 2170
2169 2171
2172 2251
2172 2252
2174 2222
2174 2227
2174 2595
2174 2597
2175 2210
2175 2218
2175 2222
2175 2227
2175 2228
2176 2210
2176 2218
2176 2222
2176 2227
2176 2228
2177 2254
2178 2254
2180 2273
2180 2274
2181 2186
2181 2193
2182 2194
2182 2201
2183 2214
2183 2216
2185 2194
2185 2205
2186 2225
2186 2232
2188 2200
2188 2212
2189 2200
2189 2212
2191 2254
2191 2453
2191 2507
2194 2195
2194 2214
2194 2216
2194 2229
2194 2237
2194 2244
2194 2245
2194 2247
2195 2205
2195 2639
2195 2642
2196 2208
2196 2217
2197 2207
2197 2208
2197 2254
2198 2221
2198 2225
2201 2229
2201 2237
2201 2244
2202 2303
2202 2306
2202 2639
2202 2642
2203 2208
2203 2217
2203 2517
2203 2518
2203 2577
2203 2578
2204 2207
2204 2208
2204 2254
2204 2453
2204 2507
2205 2214
2205 2216
2205 2245
2205 2247
2206 2221
2206 2225
2208 2273
2208 2274
2208 2517
2208 2518
2209 2221
2209 2225
2210 2237
2210 2241
2210 2519
2210 2521
2210 2563
2211 2273
2211 2274
2211 2517
2211 2518
2211 2577
2211 2578
2214 2598
2214 2599
2216 2598
2216 2599
2217 2273
2217 2274
2218 2237
2218 2241
2218 2519
2218 2521
2218 2563
2219 2240
2219 2245
2219 2247
2220 2245
2220 2247
2220 2303
2220 2306
2221 2225
2222 2235
2222 2237
2222 2238
2222 2241
2224 2240
2224 2245
2224 2247
2226 2245
2226 2247
2227 2235
2227 2237
2227 2238
2227 2241
2228 2241
2230 2240
2230 2247
2231 2245
2231 2247
2234 2240
2234 2245
2234 2247
2240 2244
2240 2248
2243 2244
2243 2248
2245 2544
2245 2549
2247 2544
2247 2549
2250 2544
2250 2549
2251 2601
2252 2601
2255 2273
2255 2275
2256 2273
2256 2274
2256 2460
2256 2467
2256 2629
2256 2633
2257 2273
2257 2274
2257 2460
2257 2467
2257 2629
2257 2633
2258 2286
2258 2638
2259 2464
2259 2474
2261 2276
2261 2277
2262 2451
2264 2268
2264 2271
2265 2267
2265 2272
2267 2268
2267 2462
2267 2471
2267 2623
2267 2625
2267 2636
2267 2637
2268 2272
2272 2462
2272 2471
2272 2623
2272 2625
2272 2636
2272 2637
2273 2528
2275 2528
2276 2282
2277 2282
2278 2386
2278 2390
2279 2386
2279 2390
2284 2303
2284 2306
2285 2303
2285 2306
2286 2303
2286 2306
2286 2457
2286 2632
2286 2635
2290 2303
2290 2306
2291 2303
2291 2306
2292 2312
2292 2313
2292 2602
2292 2607
2293 2327
2293 2328
2294 2382
2294 2384
2295 2326
2295 2329
2296 2325
2297 2325
2297 2336
2297 2346
2301 2303
2301 2306
2302 2428
2302 2430
2302 2453
2302 2454
2302 2616
2302 2620
2303 2365
2303 2368
2303 2646
2304 2616
2304 2620
2305 2428
2305 2430
2305 2453
2305 2454
2305 2616
2305 2620
2306 2365
2306 2368
2306 2646
2307 2336
2307 2346
2308 2446
2308 2449
2309 2446
2309 2449
2310 2585
2310 2587
2311 2585
2311 2587
2312 2420
2313 2420
2314 2326
2314 2329
2315 2317
2315 2351
2315 2354
2315 2378
2315 2380
2315 2383
2316 2317
2316 2378
2317 2337
2317 2381
2318 2605
2318 2608
2319 2364
2319 2366
2319 2605
2319 2608
2320 2364
2320 2366
2321 2325
2322 2375
2322 2376
2322 2382
2322 2384
2322 2385
2322 2387
2322 2389
2322 2393
2322 2394
2323 2375
2323 2376
2323 2379
2323 2382
2323 2384
2323 2385
2323 2387
2323 2389
2323 2393
2323 2394
2324 2385
2324 2387
2324 2394
2325 2330
2325 2338
2325 2362
2325 2499
2325 2503
2327 2328
2327 2386
2327 2390
2327 2419
2328 2386
2328 2390
2328 2419
2331 2355
2331 2356
2332 2349
2332 2352
2333 2341
2333 2345
2333 2378
2333 2380
2333 2631
2333 2634
2334 2355
2334 2356
2335 2349
2335 2352
2336 2343
2336 2347
2336 2360
2336 2363
2337 2341
2337 2345
2337 2378
2337 2380
2337 2631
2337 2634
2340 2347
2340 2348
2342 2343
2342 2347
2342 2360
2342 2363
2344 2347
2344 2348
2349 2350
2349 2353
2350 2352
2351 2381
2351 2602
2351 2603
2351 2607
2352 2353
2354 2381
2354 2602
2354 2603
2354 2607
2357 2359
2365 2367
2365 2368
2365 2369
2365 2372
2365 2376
2367 2368
2368 2369
2368 2372
2368 2376
2370 2379
2370 2384
2371 2374
2371 2376
2373 2374
2373 2376
2378 2381
2380 2381
2381 2383
2382 2418
2382 2421
2382 2422
2384 2418
2384 2421
2384 2422
2387 2395
2387 2398
2389 2400
2389 2401
2392 2395
2392 2398
2393 2400
2393 2401
2394 2395
2394 2398
2395 2398
2395 2402
2395 2403
2396 2428
2396 2430
2398 2402
2398 2403
2399 2410
2399 2411
2404 2428
2404 2430
2405 2410
2405 2411
2406 2423
2406 2425
2407 2423
2407 2425
2408 2428
2408 2430
2412 2423
2412 2425
2413 2414
2420 2602
2420 2607
2424 2427
2424 2428
2424 2429
2426 2427
2426 2428
2426 2429
2431 2446
2431 2449
2431 2450
2434 2446
2434 2449
2434 2450
2437 2525
2437 2527
2437 2578
2437 2579
2438 2441
2438 2445
2440 2614
2440 2619
2441 2444
2441 2525
2441 2527
2441 2578
2441 2579
2442 2614
2442 2619
2444 2445
2445 2447
2445 2465
2445 2469
2447 2465
2447 2469
2451 2580
2451 2581
2452 2512
2452 2514
2452 2519
2452 2520
2453 2495
2453 2499
2453 2531
2453 2532
2453 2533
2453 2534
2453 2556
2453 2561
2453 2562
2453 2563
2454 2532
2454 2533
2454 2561
2454 2562
2455 2545
2455 2551
2455 2557
2455 2560
2456 2551
2456 2557
2457 2638
2458 2464
2458 2474
2459 2465
2459 2466
2460 2465
2460 2466
2460 2580
2460 2581
2464 2519
2464 2520
2464 2552
2464 2557
2464 2580
2464 2581
2465 2467
2465 2473
2466 2467
2466 2473
2468 2519
2468 2520
2468 2552
2468 2557
2468 2574
2468 2581
2470 2477
2472 2574
2472 2581
2472 2582
2474 2519
2474 2520
2474 2552
2474 2557
2476 2574
2476 2580
2476 2581
2479 2485
2479 2490
2481 2574
2481 2581
2481 2582
2482 2495
2482 2499
2485 2491
2486 2495
2486 2499
2487 2493
2487 2496
2490 2491
2492 2493
2492 2496
2494 2496
2494 2504
2494 2510
2494 2511
2495 2507
2496 2498
2498 2504
2498 2510
2498 2511
2499 2507
2500 2510
2500 2511
2500 2512
2501 2505
2506 2510
2506 2511
2506 2512
2507 2531
2507 2534
2507 2556
2507 2563
2508 2518
2508 2522
2510 2518
2510 2522
2512 2535
2514 2535
2519 2535
2519 2574
2519 2581
2519 2582
2520 2535
2521 2574
2521 2581
2521 2582
2523 2574
2523 2581
2525 2547
2525 2553
2525 2574
2525 2581
2527 2547
2527 2553
2527 2574
2527 2581
2529 2580
2529 2581
2530 2545
2530 2551
2530 2557
2530 2560
2531 2532
2531 2533
2531 2551
2531 2557
2532 2533
2532 2534
2532 2547
2532 2553
2533 2534
2533 2547
2533 2553
2533 2561
2533 2562
2536 2547
2536 2553
2537 2545
2537 2552
2538 2545
2538 2552
2539 2547
2539 2553
2540 2547
2540 2553
2541 2606
2541 2609
2542 2564
2542 2566
2543 2606
2543 2609
2544 2580
2544 2581
2545 2571
2545 2575
2546 2564
2546 2566
2547 2556
2547 2563
2547 2564
2547 2566
2547 2572
2547 2578
2547 2579
2548 2556
2548 2559
2549 2580
2549 2581
2550 2554
2550 2558
2551 2554
2551 2558
2551 2561
2551 2562
2552 2571
2552 2574
2552 2575
2552 2581
2553 2556
2553 2563
2553 2564
2553 2566
2553 2572
2553 2578
2553 2579
2554 2557
2554 2561
2554 2562
2555 2564
2555 2566
2556 2559
2556 2567
2556 2568
2556 2574
2556 2581
2557 2558
2557 2561
2557 2562
2557 2574
2557 2581
2558 2561
2558 2562
2559 2567
2559 2568
2561 2574
2561 2581
2562 2574
2562 2581
2563 2574
2563 2581
2564 2565
2565 2566
2569 2570
2569 2574
2570 2578
2570 2579
2572 2590
2572 2593
2573 2582
2573 2583
2574 2578
2574 2579
2574 2582
2574 2583
2577 2584
2577 2589
2578 2584
2578 2589
2579 2590
2579 2593
2584 2641
2584 2643
2584 2648
2584 2649
2589 2641
2589 2643
2589 2648
2589 2649
2592 2595
2592 2597
2595 2596
2595 2597
2596 2597
2596 2619
2596 2621
2597 2619
2597 2621
2605 2619
2605 2621
2608 2619
2608 2621
2610 2613
2610 2615
2611 2613
2611 2615
2619 2621
2632 2638
2635 2638
2641 2647
2641 2648
2642 2645
2643 2647
2643 2648
