0 85
0 87
0 533
0 535
0 537
0 538
1 10
1 27
1 1374
1 1376
2 103
2 106
2 272
2 600
2 808
2 810
3 102
3 107
3 780
3 788
3 1352
3 1354
3 1361
4 454
4 1028
5 2031
5 2061
5 2302
5 2310
6 328
6 357
6 680
6 681
6 682
6 685
6 687
6 688
6 689
6 696
6 699
7 85
7 87
7 533
7 535
7 537
7 538
8 512
8 519
9 40
9 43
10 40
10 43
10 131
10 430
10 528
11 131
11 137
11 138
11 528
12 28
12 137
12 138
12 152
12 155
12 159
12 161
12 215
12 219
12 619
12 623
12 734
12 737
12 853
12 854
12 1317
12 1318
12 1393
12 1394
12 1397
12 1409
12 1424
12 1428
12 1429
12 1487
12 1490
12 1499
12 1504
12 1508
12 1509
12 1510
12 1516
12 1517
12 1521
12 1525
12 1536
12 1540
12 1541
12 1545
12 1709
12 1728
12 1732
12 1837
12 1908
12 1910
12 1932
12 1933
12 1934
12 1939
12 1944
12 1949
12 1950
12 1954
12 1956
13 14
13 114
13 159
13 161
13 853
13 854
13 1397
13 1429
13 1487
13 1490
13 1499
13 1504
13 1949
13 1950
13 1954
13 1956
14 29
14 30
15 84
15 87
15 100
15 102
16 95
16 96
17 95
17 96
18 64
18 66
19 116
19 117
20 116
20 117
21 22
21 52
22 134
22 135
22 243
22 244
22 1101
23 892
23 893
23 912
23 913
23 954
23 958
24 661
24 662
25 661
25 662
26 481
26 482
26 1417
26 1418
27 33
27 35
27 430
27 481
27 482
27 505
27 510
27 515
27 521
27 1299
27 1417
27 1418
27 1587
27 1588
27 1679
27 1680
27 1743
27 1747
27 1748
27 1751
27 1761
27 1763
27 1823
27 1826
27 2156
27 2162
27 2247
28 137
28 138
28 152
28 155
28 159
28 161
28 253
28 254
28 619
28 623
28 1409
28 1508
28 1509
28 1510
28 1521
28 1525
28 1533
28 1704
28 1709
28 1714
28 1728
28 1732
28 1837
28 1908
28 1910
28 1932
28 1933
28 1934
28 1939
28 1944
28 1950
29 114
29 159
29 161
29 215
29 219
29 253
29 254
29 619
29 623
29 734
29 737
29 853
29 854
29 1317
29 1318
29 1393
29 1394
29 1409
29 1424
29 1428
29 1499
29 1504
29 1508
29 1516
29 1517
29 1525
29 1533
29 1536
29 1540
29 1541
29 1545
29 1709
29 1944
29 1949
29 1950
29 1954
29 1956
30 114
31 84
31 87
32 512
32 519
33 35
33 62
33 63
33 134
33 254
33 269
33 309
33 310
33 432
33 465
33 466
33 496
33 497
33 504
33 505
33 508
33 510
33 511
33 515
33 521
33 545
33 556
33 562
33 569
33 571
33 628
33 629
33 671
33 673
33 724
33 730
33 853
33 854
33 1299
33 1300
33 1333
33 1349
33 1541
33 1543
33 1545
33 1587
33 1588
33 1589
33 1592
33 1593
33 1595
33 1607
33 1612
33 1613
33 1618
33 1620
33 1628
33 1630
33 1679
33 1680
33 1743
33 1747
33 1748
33 1751
33 1761
33 1763
33 1823
33 1826
33 1899
33 1900
33 1908
33 1910
33 2009
33 2013
33 2156
33 2162
33 2247
33 2269
33 2357
33 2364
33 2413
33 2418
33 2426
34 62
34 63
34 134
34 432
34 465
34 466
34 496
34 508
34 511
35 254
35 269
35 309
35 310
35 432
35 465
35 466
35 497
35 504
35 508
35 545
35 556
35 562
35 569
35 571
35 628
35 629
35 671
35 673
35 724
35 730
35 853
35 854
35 1300
35 1333
35 1349
35 1541
35 1543
35 1545
35 1589
35 1592
35 1593
35 1595
35 1607
35 1612
35 1613
35 1618
35 1620
35 1628
35 1630
35 1679
35 1680
35 1704
35 1714
35 1748
35 1751
35 1899
35 1900
35 1908
35 1910
35 2009
35 2013
35 2269
35 2357
35 2364
35 2413
35 2418
35 2426
36 84
36 87
36 100
36 102
36 1092
36 1093
37 529
37 531
38 84
38 87
38 100
38 102
38 1092
38 1093
39 453
39 454
39 470
39 906
39 1003
39 1014
39 1017
39 1021
39 1022
39 1075
39 1076
39 1327
39 1329
39 1645
39 1657
39 1687
39 1688
39 1694
39 1839
39 1847
39 2065
39 2120
39 2143
39 2182
39 2186
39 2194
39 2195
39 2200
39 2205
39 2214
39 2220
39 2225
39 2434
40 116
40 1386
41 439
41 450
41 451
41 459
41 529
41 531
42 1645
42 1657
42 1687
42 1688
42 1694
42 2120
42 2143
42 2182
42 2186
42 2194
42 2195
42 2200
42 2205
42 2225
43 116
43 117
43 122
44 372
44 373
44 439
44 450
44 451
44 459
44 1000
44 1009
44 2194
44 2195
44 2198
44 2202
44 2227
44 2230
45 1013
45 1016
45 1019
46 108
46 113
46 116
46 117
46 122
46 1386
47 2091
47 2093
48 1012
48 1016
48 2227
48 2230
49 1012
49 1013
49 1016
49 1019
50 1090
50 1093
51 108
51 113
51 116
51 117
51 122
51 506
51 509
51 1090
51 1093
51 2091
51 2093
52 134
52 135
52 243
52 244
52 1101
53 443
53 444
53 506
53 509
53 1050
53 1053
53 1058
53 1090
53 1093
53 2091
53 2093
54 458
54 470
54 529
54 531
54 1050
54 1053
54 1058
54 1092
54 1093
55 108
55 113
55 443
55 444
55 512
55 519
55 661
55 662
56 1090
56 1093
56 1184
56 1193
57 443
57 444
57 458
57 470
57 506
57 509
57 512
57 519
57 529
57 531
57 1050
57 1053
57 1058
57 1092
57 1093
58 1184
58 1193
59 661
59 662
60 1079
60 1081
60 1082
61 1079
61 1081
61 1082
62 1090
62 1093
62 1095
62 1099
63 1090
63 1093
63 1095
63 1099
64 1053
64 1054
64 1055
64 1058
65 1055
65 1060
66 1053
66 1054
66 1055
66 1058
67 450
67 451
67 1049
67 1051
67 1055
67 1060
68 148
68 149
68 533
68 535
69 173
69 175
69 513
69 520
69 1400
69 1437
70 174
70 176
71 174
71 176
72 102
72 107
72 1352
72 1354
72 1361
73 104
73 109
73 111
73 112
73 116
73 117
73 119
73 123
73 400
73 402
73 424
73 772
74 104
74 111
74 116
74 117
74 119
74 123
75 1293
75 1338
76 1293
76 1338
77 90
77 94
77 1153
77 1154
78 1140
78 1143
79 1140
79 1143
80 81
80 82
80 101
80 105
80 124
80 816
80 817
80 839
80 840
80 1119
80 1123
80 1129
80 1130
80 1345
80 1364
80 1368
80 2318
80 2323
81 82
81 816
81 839
81 1119
81 1129
81 1345
81 1371
81 1378
81 2054
81 2056
81 2287
81 2288
81 2290
81 2291
81 2300
81 2301
81 2332
81 2334
82 816
82 839
82 1371
82 1378
82 2054
82 2056
82 2287
82 2288
82 2290
82 2291
82 2300
82 2301
82 2332
82 2334
83 173
83 175
83 513
83 520
83 1400
83 1437
85 533
85 535
86 167
86 169
88 167
88 169
89 93
89 95
89 534
89 536
90 1164
91 93
91 95
91 534
91 536
92 168
92 170
92 171
92 172
92 173
92 174
94 1164
95 1135
95 1136
95 1931
95 1936
96 1931
96 1936
97 168
97 170
97 171
97 172
97 173
97 174
98 109
98 111
98 170
98 173
98 174
98 1679
98 1680
98 1749
98 1751
99 1135
99 1136
100 103
100 106
100 110
100 170
100 173
100 416
100 419
100 1292
100 1441
100 1442
100 1457
100 1458
100 1620
100 1626
100 1908
100 1910
100 1913
100 1915
101 1345
102 546
102 557
102 1231
102 1234
102 1446
102 1497
102 1498
102 1506
102 1973
102 1983
103 106
103 143
103 144
103 159
103 161
103 173
103 174
103 177
103 178
103 238
103 239
103 321
103 322
103 514
103 516
103 558
103 568
103 700
103 711
103 765
103 1095
103 1096
103 1242
103 1380
103 1390
103 1408
103 1435
103 1437
103 1438
103 1441
103 1488
103 1490
103 1491
103 1677
103 1678
103 1749
103 1751
103 1896
103 1897
103 1899
103 1900
103 1918
103 1922
104 109
104 111
104 1229
104 1232
104 1335
104 1347
105 1345
106 109
106 111
106 143
106 144
106 159
106 161
106 175
106 176
106 177
106 178
106 238
106 239
106 240
106 241
106 321
106 322
106 416
106 419
106 514
106 516
106 558
106 568
106 700
106 711
106 765
106 1095
106 1096
106 1242
106 1380
106 1390
106 1408
106 1435
106 1437
106 1438
106 1441
106 1488
106 1490
106 1491
106 1497
106 1501
106 1677
106 1678
106 1679
106 1680
106 1896
106 1897
106 1899
106 1900
106 1908
106 1910
106 1913
106 1915
106 1918
106 1922
106 1951
106 1957
107 178
107 179
107 199
107 203
107 205
107 210
107 245
107 246
107 248
107 249
107 250
107 400
107 435
107 491
107 496
107 500
107 501
107 503
107 599
107 666
107 671
107 673
107 770
107 1178
107 1188
107 1234
107 1237
107 1292
107 1441
107 1442
107 1443
107 1446
107 1457
107 1458
107 1482
107 1484
107 1497
107 1498
107 1506
107 1524
107 1620
107 1626
107 1749
107 1751
107 1826
107 1827
107 1914
107 1973
107 1983
109 111
109 179
109 180
109 203
109 210
109 245
109 248
109 400
109 473
109 483
109 491
109 500
109 501
109 503
109 513
109 546
109 557
109 671
109 673
109 709
109 717
109 770
109 1103
109 1178
109 1188
109 1229
109 1231
109 1232
109 1234
109 1237
109 1261
109 1266
109 1334
109 1335
109 1347
109 1350
109 1380
109 1414
109 1415
109 1441
109 1442
109 1503
109 1505
109 1749
109 1751
110 178
110 179
110 199
110 203
110 205
110 210
110 240
110 241
110 246
110 249
110 250
110 435
110 496
110 503
110 599
110 666
110 671
110 1178
110 1188
110 1292
110 1380
110 1441
110 1442
110 1443
110 1457
110 1482
110 1484
110 1497
110 1501
110 1524
110 1826
110 1827
110 1914
110 1951
110 1957
111 179
111 180
111 473
111 483
111 503
111 513
111 709
111 717
111 1103
111 1160
111 1162
111 1172
111 1174
111 1178
111 1188
111 1217
111 1218
111 1222
111 1261
111 1266
111 1334
111 1350
111 1380
112 116
112 117
112 122
112 243
112 244
112 400
112 424
112 1103
112 1111
112 1160
112 1161
112 1162
112 1164
112 1172
112 1174
112 1179
112 1293
112 1337
112 1338
112 1404
112 1559
112 1562
112 1653
112 1973
112 2028
112 2039
112 2066
112 2339
112 2340
112 2434
114 203
114 210
114 246
114 249
114 250
114 666
114 671
114 1234
114 1237
114 1414
114 1415
114 1441
114 1442
114 1503
114 1505
115 117
115 122
116 117
116 118
116 122
116 400
116 424
116 1095
116 1099
116 1103
116 1111
116 1161
116 1164
116 1172
116 1174
116 1179
116 1293
116 1338
116 1386
116 1559
116 1562
116 1653
116 1973
116 1985
116 1988
117 119
117 123
117 778
117 784
117 1170
117 1172
117 1174
117 1175
117 1184
117 1192
117 1193
117 1386
117 1653
117 1802
117 1804
117 1973
117 1985
117 1988
117 2343
117 2344
117 2393
117 2394
118 122
118 1095
118 1099
118 1217
118 1218
118 1222
118 1337
118 1404
118 2066
118 2339
118 2340
118 2434
119 120
119 121
119 122
119 124
119 416
119 419
119 1148
119 1150
119 1172
119 1174
119 1360
119 1367
119 1621
119 1626
119 1802
119 1804
119 1908
119 1910
119 2036
119 2039
119 2245
119 2248
119 2294
119 2303
119 2324
119 2327
119 2343
119 2344
119 2383
119 2384
120 121
120 123
121 124
121 1118
121 1121
121 1122
121 1128
121 1160
121 1162
121 1163
121 2324
121 2327
121 2343
121 2344
122 123
122 778
122 784
122 1170
122 1172
122 1174
122 1175
122 1184
122 1192
122 1193
122 1386
122 1653
122 1973
122 1985
122 1988
122 2393
122 2394
123 124
123 238
123 239
123 416
123 419
123 1148
123 1150
123 1170
123 1172
123 1174
123 1184
123 1192
123 1193
123 1360
123 1367
123 1621
123 1626
123 1652
123 1653
123 1908
123 1910
123 2036
123 2039
123 2245
123 2248
123 2294
123 2303
123 2324
123 2327
123 2333
123 2336
123 2343
123 2344
123 2383
123 2384
124 1118
124 1119
124 1122
124 1129
124 1160
124 1162
124 1163
124 1345
124 2324
124 2327
124 2343
124 2344
125 238
125 239
125 1121
125 1128
125 1148
125 1150
125 1172
125 1174
125 1360
125 1367
125 1621
125 1626
125 1652
125 1653
125 2324
125 2327
125 2333
125 2336
125 2343
125 2344
126 2031
126 2061
126 2302
126 2310
127 534
127 536
127 538
127 539
128 538
128 539
129 156
129 158
130 156
130 158
131 154
131 157
132 177
132 178
133 162
133 164
134 139
134 140
134 167
134 169
134 671
134 673
134 725
134 727
134 802
134 805
135 139
135 140
135 514
135 516
135 802
135 805
136 514
136 516
136 520
136 528
137 167
137 169
137 215
137 219
137 226
137 1092
137 1096
138 167
138 169
138 215
138 219
138 226
138 1092
138 1096
140 520
140 528
141 520
141 528
142 1408
142 1414
143 1408
143 1414
145 776
145 782
146 533
146 535
146 537
146 538
147 534
147 536
147 538
148 165
148 1145
148 1146
149 165
149 1145
149 1146
150 1092
150 1093
151 520
151 528
151 1374
151 1376
152 497
152 504
152 508
153 1092
153 1093
154 528
155 497
155 504
155 508
157 528
159 162
159 164
159 513
159 520
159 1473
159 1479
160 162
160 164
161 162
161 164
161 513
161 520
161 1473
161 1479
162 164
162 489
163 520
163 528
164 489
166 520
166 528
167 496
169 496
170 1380
173 1231
173 1234
173 1380
173 1389
173 1398
173 1411
173 1489
174 1231
174 1234
174 1389
174 1398
174 1411
174 1489
175 1380
176 1380
177 520
177 1748
177 1751
178 520
178 1748
178 1751
181 243
181 244
181 1402
181 1403
182 243
182 244
182 1402
182 1403
183 630
183 631
183 1092
183 1093
183 1570
183 1573
183 1574
184 202
184 209
184 1229
184 1232
185 1092
185 1093
186 188
186 303
186 307
186 308
187 202
187 203
187 303
187 307
188 301
189 692
189 695
189 1229
189 1232
190 240
190 241
191 240
191 241
192 203
192 210
192 514
192 516
193 504
193 508
193 514
193 516
194 1570
194 1573
194 1574
195 1092
195 1093
196 287
196 291
196 292
196 296
196 297
196 298
197 202
197 203
197 303
197 307
198 303
198 307
199 552
199 560
200 287
200 291
201 291
201 292
201 297
201 298
201 628
201 629
202 280
202 283
202 287
202 291
202 292
202 296
202 301
202 302
202 628
202 629
203 301
203 302
203 303
203 304
203 306
203 307
203 704
203 705
203 1209
204 303
204 304
204 307
205 552
205 560
206 630
206 631
207 630
207 631
208 1091
208 1095
209 280
209 283
209 291
209 292
209 558
209 568
210 302
210 306
210 704
210 705
210 1209
211 1091
211 1095
212 558
212 568
212 1091
212 1095
213 229
213 231
214 229
214 231
215 1092
215 1093
216 630
216 631
216 1091
216 1092
216 1093
216 1393
216 1394
216 1395
217 220
217 221
217 238
217 239
217 630
217 631
218 220
218 221
218 238
218 239
219 1089
219 1092
219 1093
219 1095
219 1096
219 1896
219 1961
221 230
221 233
221 234
221 236
221 238
221 239
222 1091
222 1092
222 1093
222 1393
222 1394
222 1395
223 230
223 233
223 234
223 236
223 238
223 239
224 789
224 794
224 1092
224 1093
225 237
225 239
226 1089
226 1092
226 1095
226 1096
226 1896
226 1961
227 789
227 794
227 1092
227 1093
228 237
228 239
230 234
230 1092
230 1093
232 239
232 240
235 239
235 240
238 520
238 528
238 708
238 722
238 780
238 788
238 1292
238 1457
239 520
239 528
239 708
239 722
239 780
239 788
239 1292
239 1457
240 241
240 243
240 244
240 430
240 431
240 704
240 705
240 858
240 859
241 243
241 244
241 416
241 419
241 430
241 431
241 704
241 705
241 858
241 859
242 243
242 244
243 244
243 416
243 419
243 430
243 431
243 793
243 797
243 1094
243 1098
243 1386
244 416
244 419
244 793
244 797
244 1094
244 1098
244 1386
245 1086
245 1087
247 776
247 782
248 1086
248 1087
248 1231
248 1234
249 1231
249 1234
251 274
251 276
252 259
252 274
252 276
252 281
252 282
252 283
252 764
253 275
253 279
253 593
253 596
254 255
254 270
254 275
254 279
254 294
254 298
254 593
254 596
254 606
254 608
254 611
254 622
254 626
255 262
255 270
255 606
255 617
255 618
255 620
255 622
255 626
255 751
256 585
256 590
256 616
256 617
257 585
257 590
257 616
257 617
258 561
258 567
258 585
258 593
258 606
258 613
258 2312
258 2316
259 623
259 758
259 761
259 762
260 702
260 763
261 1487
261 1488
261 1490
262 286
262 288
262 299
262 300
262 303
262 307
262 606
262 743
262 746
262 1523
262 1524
263 303
263 307
263 791
263 792
264 617
264 620
264 720
264 725
265 617
265 620
265 720
265 725
266 281
266 283
267 278
267 281
267 282
267 283
268 275
268 279
269 275
269 279
269 294
269 298
270 1725
270 1736
270 1737
271 1725
271 1736
271 1737
272 585
272 590
272 700
273 278
273 281
273 282
273 283
277 742
277 746
277 747
278 430
278 431
280 630
280 631
280 1092
280 1093
280 1229
280 1232
281 430
281 431
284 742
284 746
284 747
285 289
285 292
286 751
287 292
287 296
287 1086
287 1087
288 751
289 290
290 292
291 292
291 296
291 1086
291 1087
292 293
292 296
292 299
292 300
292 1089
292 1092
293 296
295 1089
295 1092
296 299
296 300
296 1089
296 1092
299 751
300 751
301 308
303 703
303 704
305 1487
305 1488
305 1490
307 703
307 704
309 314
309 315
309 341
309 348
309 361
309 364
309 366
309 868
309 873
310 314
310 315
310 341
310 348
310 361
310 364
310 366
310 868
310 873
311 361
311 364
311 366
311 868
311 873
312 321
312 335
312 338
312 345
312 352
312 689
312 693
312 711
313 689
313 693
314 690
314 691
316 335
316 338
317 1208
317 1214
318 724
318 730
319 347
319 353
319 681
319 682
319 724
319 730
319 985
319 989
320 370
320 371
321 358
321 370
321 371
321 373
321 374
321 376
321 379
321 382
321 384
321 387
321 388
321 389
321 734
321 735
321 1252
321 1257
322 373
322 376
322 384
322 387
322 388
322 389
322 712
322 718
322 723
322 728
322 734
322 735
322 780
322 788
323 384
323 387
323 389
323 718
323 723
323 728
323 780
323 788
324 1267
324 1273
325 387
325 389
325 723
325 728
325 1267
325 1273
326 719
326 721
326 726
326 729
326 733
326 1272
326 1275
327 328
327 357
327 680
327 681
327 682
327 685
327 687
327 688
327 689
327 696
327 699
328 344
328 350
329 373
329 376
329 542
329 675
329 1275
329 1277
330 1250
330 1258
331 709
331 717
331 1259
331 1263
332 713
332 714
332 716
333 335
333 338
333 689
333 693
333 943
333 946
333 951
334 689
334 693
335 658
336 347
336 353
337 841
337 1290
338 658
339 342
339 343
339 344
339 349
339 350
339 354
339 363
339 868
339 873
340 689
340 693
341 361
341 364
342 343
342 347
342 353
342 356
342 360
342 362
342 367
342 368
342 370
342 374
342 869
342 872
343 344
343 349
343 350
343 868
343 873
343 943
343 946
343 951
344 347
344 350
344 353
344 357
344 689
344 690
344 691
344 695
344 696
344 698
345 358
345 1284
345 1285
346 347
346 353
346 681
346 682
346 724
346 730
346 985
346 989
347 350
347 353
347 354
347 356
347 360
347 363
347 370
347 374
347 869
347 872
348 361
348 364
349 354
349 356
349 362
349 363
349 367
349 368
349 370
349 374
350 353
350 357
350 689
350 690
350 691
350 695
350 696
350 698
351 370
351 374
352 358
353 354
353 356
353 360
353 363
353 370
353 374
354 361
354 364
354 440
354 563
355 356
355 362
358 711
359 361
359 364
359 440
359 563
360 370
360 374
361 540
361 646
362 841
362 1290
364 540
364 646
365 1284
365 1285
368 1285
368 1286
369 1285
369 1286
370 711
371 711
371 894
371 895
372 375
372 380
372 1308
373 378
373 383
373 710
373 711
373 1286
373 1287
373 1308
374 711
375 376
375 894
375 895
376 380
376 383
376 710
376 711
376 1286
376 1287
377 1285
377 1286
379 711
380 709
380 717
381 718
381 723
382 711
383 542
383 675
383 1275
383 1277
384 408
384 409
384 711
384 712
385 723
385 728
385 750
385 753
386 709
386 717
386 750
386 753
387 408
387 409
387 709
387 711
387 713
387 714
387 717
387 723
387 728
387 795
387 796
388 709
388 717
389 711
389 712
389 713
389 714
389 723
389 728
389 795
389 796
390 1254
390 1262
390 1267
390 1273
391 1254
391 1262
391 1267
391 1273
392 719
392 721
392 726
392 729
392 733
392 1272
392 1275
393 713
393 714
393 715
393 719
393 721
394 446
394 447
394 524
395 446
395 447
395 524
396 428
396 429
397 428
397 429
398 1095
398 1099
398 2366
398 2367
399 1095
399 1099
399 2366
399 2367
400 425
400 427
400 777
400 780
400 1103
401 780
401 788
402 412
402 413
402 416
402 419
402 1103
403 404
403 414
404 421
404 422
404 423
405 422
405 423
406 823
406 826
407 713
407 714
407 715
407 719
407 721
408 1251
408 1252
409 1251
409 1252
410 1440
410 1441
411 1440
411 1441
412 772
413 772
413 1366
413 1367
414 421
415 418
415 420
415 1366
415 1367
416 772
416 1104
416 1105
416 1167
416 1186
416 1187
416 1380
417 418
417 420
417 1211
417 1212
419 772
419 1104
419 1105
419 1167
419 1186
419 1187
419 1211
419 1212
419 1380
424 425
424 427
424 1103
425 426
425 427
426 427
428 774
429 774
431 1745
431 1747
432 435
432 462
432 465
432 466
432 475
432 483
432 491
432 504
432 508
432 514
432 516
432 545
432 556
432 565
432 578
432 694
433 462
433 463
433 504
433 508
433 546
433 547
433 550
433 551
433 602
433 607
434 462
434 463
434 514
434 516
434 602
434 607
435 466
435 544
435 555
435 564
435 607
435 610
436 460
436 472
436 507
436 671
436 673
437 462
437 479
438 541
438 662
440 632
440 646
441 1268
441 1272
441 1274
442 536
442 538
443 947
443 952
443 1304
443 1305
444 947
444 952
444 1304
444 1305
445 1272
445 1275
446 1063
446 1065
446 1072
446 1073
447 1063
447 1065
447 1066
448 1063
448 1065
448 1066
449 1035
449 1040
449 1052
449 1057
449 1058
449 1062
449 1064
449 1067
449 1068
450 458
450 470
450 1031
450 1035
450 1040
450 1046
450 1052
450 1054
450 1057
450 1058
450 1061
450 1062
450 1067
450 1068
451 458
451 470
451 1031
451 1040
451 1046
451 1052
451 1053
451 1054
451 1057
451 1058
451 1061
451 1062
452 453
452 454
452 1023
452 1031
452 1032
452 1036
452 1038
452 1043
452 1045
452 1046
452 1047
452 1049
452 1052
452 1057
452 1694
452 1705
452 1715
452 1740
453 454
453 1018
453 1027
453 1028
453 1035
453 1040
453 1047
453 1308
454 905
454 1018
454 1027
454 1028
454 1035
454 1040
454 1047
454 1308
455 635
455 926
456 635
456 926
457 1018
457 1027
457 1268
457 1272
457 1274
458 540
458 646
458 1018
458 1027
458 1691
458 1753
460 461
460 462
460 479
461 472
461 507
461 671
461 673
462 463
462 464
462 466
462 479
462 488
462 491
462 492
462 497
462 500
462 501
462 502
462 543
462 544
462 545
462 546
462 555
462 556
462 557
462 564
462 601
462 602
462 607
462 610
462 671
462 673
462 683
463 464
463 479
463 497
463 500
463 501
463 502
463 545
463 546
463 556
463 557
463 566
463 601
463 602
463 1754
463 1757
464 475
464 480
464 494
464 498
464 514
464 516
465 466
465 475
465 480
465 483
465 491
465 497
465 500
465 501
465 508
465 511
465 514
465 516
465 518
465 522
465 526
465 545
465 546
465 547
465 556
465 661
465 662
465 666
466 475
466 480
466 483
466 491
466 500
466 501
466 504
466 508
466 511
466 514
466 516
466 518
466 522
466 526
466 545
466 546
466 547
466 550
466 551
466 556
466 565
466 578
466 661
466 662
466 666
466 694
467 489
467 496
468 1745
468 1747
469 1691
469 1753
469 2200
469 2205
470 540
470 646
470 1308
471 541
471 554
471 639
471 937
471 946
472 514
472 522
473 572
473 583
473 662
473 666
473 671
473 673
473 1103
473 1104
474 494
474 498
474 544
474 555
475 497
475 508
476 487
476 490
476 640
476 943
476 2200
476 2205
477 487
477 490
477 640
477 943
478 671
478 673
479 488
479 491
479 492
479 497
479 500
479 501
479 502
479 543
479 544
479 546
479 555
479 557
479 566
479 671
479 673
479 683
479 1754
479 1757
481 630
481 631
482 489
482 496
483 572
483 583
483 662
483 666
483 671
483 673
483 1103
483 1104
484 497
484 508
484 514
484 516
485 544
485 555
486 630
486 631
487 651
487 652
489 495
490 651
490 652
491 667
491 668
491 671
491 673
491 674
491 1717
491 1728
491 1732
492 1205
492 1210
493 514
493 516
494 497
494 508
495 496
496 671
496 673
496 725
496 727
497 2424
497 2427
499 630
499 631
500 667
500 668
500 674
500 1205
500 1210
500 1717
500 1728
500 1732
501 1205
501 1210
502 1080
502 1083
502 2424
502 2427
503 1756
503 1761
504 1201
506 586
506 1068
507 514
507 522
507 541
507 554
507 639
507 937
507 946
508 514
508 522
508 1080
508 1083
508 1201
509 586
509 1062
509 1064
509 1068
510 601
510 605
511 514
511 522
511 1080
511 1083
512 527
512 530
512 532
512 1758
512 1759
513 1756
513 1761
514 1070
514 1074
514 1090
514 1093
514 1201
514 1209
514 1950
514 1955
516 1070
516 1074
516 1090
516 1093
516 1201
516 1209
516 1272
516 1275
516 1950
516 1955
517 1090
517 1093
519 527
519 530
519 532
521 601
521 605
522 1090
522 1093
522 1254
522 1259
522 1272
522 1275
523 1758
523 1759
524 1063
524 1065
524 1072
524 1073
524 1272
524 1275
525 1090
525 1093
526 1254
526 1259
536 539
538 539
541 575
543 595
543 599
543 684
543 688
544 545
544 546
544 547
544 556
544 557
544 565
544 566
544 599
544 607
544 614
545 546
545 547
545 555
545 557
545 564
545 594
545 595
545 597
545 599
545 601
545 607
545 957
545 962
546 556
546 558
546 567
546 692
546 695
546 957
546 962
547 556
547 558
547 567
547 690
547 692
547 695
547 696
548 690
548 696
549 559
549 568
549 570
549 582
549 584
551 562
551 569
553 562
553 569
553 571
553 585
553 621
553 625
555 556
555 565
555 589
555 591
555 595
555 599
556 557
556 564
556 566
556 594
556 595
556 597
556 599
556 601
556 607
556 614
558 574
558 582
558 608
558 611
558 616
558 617
558 620
559 570
559 574
559 581
559 582
559 606
559 613
559 615
559 617
561 596
561 600
561 617
561 620
562 569
562 571
562 574
562 585
562 621
562 625
563 632
563 646
564 589
564 591
564 595
567 596
567 600
567 616
567 617
567 620
568 570
568 574
568 581
568 582
568 608
568 611
568 616
568 617
568 620
569 571
569 574
570 581
570 582
570 584
570 606
570 613
570 615
570 617
571 617
571 620
573 608
573 611
573 616
573 617
573 620
574 606
574 613
575 662
576 662
576 666
577 662
577 666
579 598
579 604
580 598
580 604
580 606
580 613
581 608
581 611
581 616
581 617
581 620
582 608
582 612
582 617
582 620
585 593
585 596
585 600
585 606
585 608
585 609
585 612
585 613
585 617
585 620
587 616
587 617
587 620
588 617
588 620
590 600
590 606
590 609
590 612
590 613
590 617
590 620
592 617
592 620
593 596
593 2312
593 2316
595 683
596 606
596 613
596 2312
596 2316
599 683
600 606
600 613
600 700
603 617
603 620
604 617
604 620
606 617
606 618
606 620
606 622
606 751
608 613
611 613
617 1638
617 1640
620 1638
620 1640
620 1745
620 1747
623 764
624 1248
624 1251
624 1260
626 1745
626 1747
627 1248
627 1251
627 1260
628 708
628 722
629 708
629 722
630 1612
630 1613
631 1612
631 1613
632 649
632 651
632 653
632 655
632 906
632 1003
632 1011
633 656
633 660
633 907
633 908
633 929
633 932
633 933
634 927
634 932
635 636
635 644
635 939
635 948
635 979
635 982
636 648
636 650
636 926
637 656
637 660
638 649
638 653
638 656
638 660
639 665
639 670
639 680
639 699
639 843
639 844
639 878
639 880
639 886
639 887
639 1261
639 1266
640 641
640 665
640 670
640 710
640 711
640 925
641 943
642 1208
642 1214
643 957
643 962
644 648
644 650
644 926
645 649
645 653
646 649
646 653
646 1003
646 1011
647 940
647 947
647 948
647 957
647 962
649 653
649 667
649 668
649 676
649 677
649 890
649 895
649 897
649 934
649 945
649 947
649 952
651 898
651 903
651 904
651 905
651 940
651 947
651 948
651 957
652 898
652 903
652 904
653 667
653 668
653 676
653 677
653 890
653 895
653 897
653 934
653 945
653 947
653 952
654 695
654 698
655 905
656 667
656 668
656 674
656 685
656 688
656 929
656 940
656 947
656 1286
656 1287
657 685
657 688
658 695
658 698
659 662
659 666
659 667
659 668
659 672
659 674
659 676
660 662
660 666
660 667
660 668
660 674
660 929
660 940
660 947
660 1286
660 1287
661 667
661 674
661 871
661 874
662 667
662 674
662 871
662 874
663 667
663 668
663 674
663 853
663 854
663 1079
663 1082
663 1088
663 1090
664 672
664 676
667 1079
667 1082
667 1088
667 1090
667 1406
667 1407
668 853
668 854
668 1079
668 1082
668 1088
668 1090
669 672
669 676
671 795
671 796
671 1286
671 1287
673 795
673 796
673 1286
673 1287
674 1406
674 1407
677 940
677 949
678 689
678 693
678 940
678 949
679 684
679 688
680 685
680 693
680 930
681 1229
681 1230
684 947
684 952
685 699
686 690
686 696
687 690
687 691
688 947
688 952
689 690
689 696
689 697
689 936
689 942
689 1288
689 1289
690 691
690 693
690 696
690 936
690 942
691 696
692 1235
692 1288
692 1289
693 696
693 697
693 699
693 936
693 942
693 1288
693 1289
695 1235
695 1288
695 1289
696 936
696 942
697 1229
697 1230
699 930
700 808
700 810
701 804
701 805
702 764
703 738
703 743
703 1702
703 1710
704 738
704 743
704 1702
704 1710
705 709
705 717
705 737
705 738
705 799
705 802
705 804
706 740
706 744
706 745
707 708
707 729
708 729
708 786
708 787
708 802
708 805
709 710
709 717
709 720
709 725
709 799
709 1249
709 1258
709 1265
710 717
710 731
710 732
710 739
710 740
710 943
711 731
711 732
711 734
711 735
711 739
711 740
711 943
711 1252
711 1257
712 723
712 728
713 718
713 723
713 1246
713 1249
713 1259
713 1263
713 1272
713 1275
714 718
714 723
714 1246
714 1249
716 1246
716 1249
716 1259
716 1263
716 1272
716 1275
717 720
717 725
717 799
717 1249
717 1258
717 1265
720 1092
720 1093
721 1272
721 1275
722 802
722 805
723 729
723 733
723 736
723 744
723 745
723 1250
723 1258
723 1268
723 1272
723 1274
725 1092
725 1093
726 1272
726 1275
728 729
728 733
728 736
728 744
728 745
728 1250
728 1258
728 1268
728 1272
728 1274
733 734
733 735
734 736
734 745
734 750
735 736
735 745
735 750
737 738
737 739
737 740
737 744
737 745
737 749
737 756
737 799
738 739
738 740
738 744
738 745
738 748
738 749
738 750
738 754
738 756
738 799
739 741
739 743
739 746
739 747
740 741
740 743
740 746
740 747
740 789
740 790
740 794
742 743
742 747
743 744
743 745
743 747
743 748
743 750
743 751
743 752
743 754
743 760
744 746
744 747
744 789
744 790
744 794
745 746
745 747
745 789
745 790
745 794
745 800
746 751
746 791
746 792
747 752
747 760
750 794
750 800
751 1523
751 1524
752 755
752 757
755 760
757 760
758 764
759 1702
759 1710
761 764
762 764
763 764
765 797
765 798
766 779
766 785
767 779
767 785
768 851
768 852
769 851
769 852
769 1192
769 1197
769 1221
769 1224
770 777
770 780
770 788
771 863
771 864
771 866
772 1103
773 786
773 787
774 863
774 864
774 866
775 863
775 864
775 866
777 781
777 783
777 821
777 822
778 1127
778 1128
780 781
780 783
780 821
780 822
780 1103
784 1127
784 1128
788 1103
789 804
789 805
793 1286
793 1287
794 804
794 805
795 801
795 803
797 801
797 803
797 806
797 1242
797 1286
797 1287
798 803
798 806
798 1242
798 1286
798 1287
799 802
799 804
803 807
803 809
804 811
804 812
805 811
805 812
806 807
806 809
806 1244
806 1245
810 1244
810 1245
813 814
815 1118
815 1122
816 1117
816 1118
816 1122
816 1126
817 1345
818 2290
818 2293
819 2290
819 2293
820 829
820 846
820 856
820 1077
821 2280
821 2351
822 2280
822 2351
823 824
824 826
824 828
825 2280
825 2351
826 827
827 828
829 1077
830 834
830 836
831 834
831 836
832 1210
832 1219
833 1210
833 1219
834 835
834 838
835 836
835 837
836 838
837 838
839 1117
839 1126
840 1345
842 1286
842 1287
843 930
843 937
843 1264
843 1266
843 1284
843 1285
844 930
844 937
844 1264
844 1266
845 857
845 865
846 952
846 960
846 1077
846 1078
847 984
847 993
847 995
847 998
847 999
848 873
848 876
848 962
848 966
849 873
849 876
849 962
849 966
850 873
850 876
852 853
852 854
853 854
853 855
853 862
853 867
854 855
854 862
854 867
856 952
856 960
856 1077
856 1078
857 877
857 879
857 1269
859 1284
859 1285
860 867
860 870
861 867
861 870
863 889
863 899
864 889
864 899
864 952
864 960
865 877
865 879
865 1269
866 889
866 899
866 952
866 960
870 961
870 967
870 971
873 880
873 884
875 961
875 967
875 971
876 880
876 884
878 930
880 930
881 979
881 982
882 897
882 901
883 979
883 982
885 897
885 901
886 937
887 937
888 894
888 895
888 901
890 932
890 933
890 962
890 966
891 898
891 902
891 957
891 962
892 894
892 895
892 901
892 1093
893 932
893 933
893 1093
894 896
894 898
894 900
894 902
894 957
894 962
895 896
895 900
897 962
897 966
905 906
905 1003
905 1011
905 1028
906 1002
906 1003
906 1006
906 1010
906 1011
906 1308
907 929
907 1722
907 1730
908 929
908 1722
908 1730
909 928
909 931
910 1722
910 1730
911 1722
911 1730
912 1093
913 1093
914 1055
914 1060
914 1085
914 1088
915 976
915 980
915 1055
915 1060
915 1085
915 1088
916 976
916 980
917 1056
917 1059
918 1056
918 1059
919 997
919 999
919 1007
919 1008
920 997
920 998
920 999
921 1013
921 1016
921 1019
922 1012
922 1013
922 1016
923 1012
923 1016
924 1012
924 1016
925 943
926 939
926 948
926 979
926 982
927 928
928 932
928 1009
929 932
929 933
931 1009
935 2101
935 2251
937 1261
937 1266
938 947
938 952
939 1288
939 1289
940 943
940 946
940 951
941 2101
941 2251
943 947
943 949
944 947
944 952
946 947
946 949
947 951
947 952
947 953
947 960
948 1288
948 1289
949 951
949 962
949 966
950 957
950 962
950 963
950 966
952 953
952 960
952 973
952 977
954 1093
955 967
955 972
956 957
956 962
956 963
956 966
957 964
958 1093
959 962
959 966
960 973
960 977
961 972
961 974
962 964
963 967
963 972
964 966
964 970
965 966
965 970
967 972
967 974
968 1261
968 1264
969 975
969 979
973 975
973 979
973 982
977 979
977 982
978 987
978 990
981 987
981 990
983 997
983 999
984 996
984 997
986 987
986 990
986 992
987 991
988 990
988 992
990 991
991 992
993 996
993 997
993 999
994 997
994 998
994 999
994 1007
994 1008
995 996
995 997
997 998
997 999
998 999
1000 1308
1001 1019
1001 1030
1002 1003
1002 1011
1003 1006
1003 1010
1003 1011
1003 1022
1003 1025
1003 1308
1004 1013
1004 1016
1004 1019
1005 1261
1005 1264
1006 1011
1009 1308
1010 1011
1011 1022
1011 1025
1012 1024
1012 1029
1012 1049
1012 1052
1014 1019
1014 1030
1014 1308
1015 2194
1015 2195
1016 1049
1016 1052
1017 1308
1017 1852
1017 1856
1017 2194
1017 2195
1019 1020
1019 1024
1019 1029
1019 1030
1019 1031
1019 1032
1020 1023
1020 1030
1020 1032
1020 1033
1021 1308
1022 1308
1022 1852
1022 1856
1023 1024
1023 1029
1023 1030
1023 1047
1024 1029
1024 1030
1024 1032
1024 1034
1025 1037
1025 1042
1026 1037
1026 1042
1029 1030
1029 1032
1029 1034
1030 1031
1030 1032
1030 1033
1031 1047
1031 1049
1031 1051
1032 1047
1034 1049
1034 1052
1036 1043
1036 1047
1037 1040
1037 1041
1038 1043
1038 1047
1039 1049
1039 1052
1040 1042
1041 1042
1043 1047
1044 1049
1044 1052
1045 1047
1046 1047
1047 1049
1047 1052
1047 1053
1047 1057
1047 1058
1047 1694
1047 1705
1047 1715
1047 1740
1048 1049
1048 1052
1053 1066
1053 1068
1054 1066
1054 1068
1058 1066
1058 1068
1064 1687
1064 1688
1066 1687
1066 1688
1069 1071
1069 1074
1070 1173
1070 1175
1071 1072
1071 1258
1071 1265
1072 1074
1074 1173
1074 1175
1074 1258
1074 1265
1075 1308
1076 1308
1084 1097
1084 1100
1088 1097
1088 1100
1095 1103
1095 1104
1095 1105
1095 1106
1095 1167
1095 1292
1095 1457
1096 1103
1096 1104
1096 1292
1096 1457
1099 1105
1099 1106
1099 1167
1100 2274
1100 2275
1102 2274
1102 2275
1104 1196
1104 1200
1105 1110
1105 1156
1105 1159
1105 1167
1105 1179
1105 1194
1105 1196
1105 1198
1105 1200
1105 1202
1105 1207
1106 1134
1106 1137
1106 1156
1106 1159
1106 1196
1106 1198
1106 1200
1106 1202
1107 1109
1107 1180
1108 1109
1108 1110
1108 1111
1108 1179
1108 1180
1108 1184
1108 1193
1110 1131
1110 1133
1110 1171
1110 1181
1110 1211
1110 1212
1111 1144
1111 1147
1111 1181
1111 1211
1111 1212
1112 1231
1112 1234
1113 1231
1113 1234
1114 2290
1114 2293
1115 1127
1115 1128
1116 1127
1116 1128
1118 2327
1118 2329
1120 1124
1120 1132
1122 2327
1122 2329
1123 1138
1123 1142
1123 1345
1124 1125
1125 1132
1129 1138
1129 1142
1130 1138
1130 1142
1130 1345
1131 1179
1133 1179
1134 1159
1134 1160
1134 1162
1134 1167
1137 1159
1137 1160
1137 1162
1137 1167
1139 1145
1139 1146
1139 1148
1141 1145
1141 1146
1141 1148
1144 1179
1147 1179
1149 1160
1149 1162
1151 1160
1151 1162
1152 1160
1152 1162
1153 1164
1153 2383
1153 2384
1153 2386
1154 1164
1154 2383
1154 2384
1154 2386
1155 2324
1155 2327
1156 1167
1157 2343
1157 2344
1158 2324
1158 2327
1158 2343
1158 2344
1159 1167
1160 1168
1160 1170
1160 1172
1160 1174
1160 1175
1162 1168
1162 1170
1162 1172
1162 1174
1162 1175
1165 1177
1165 1184
1165 1192
1165 1201
1165 1209
1166 1177
1166 1184
1166 1192
1167 1194
1167 1196
1167 1198
1167 1200
1167 1201
1167 1202
1167 1207
1167 1209
1168 2344
1168 2345
1169 1172
1169 1174
1170 2344
1170 2345
1171 1172
1171 1174
1171 1175
1171 1176
1171 1179
1172 1174
1173 2086
1173 2089
1174 1175
1174 1176
1175 2086
1175 2089
1177 1200
1177 1205
1178 1184
1178 1188
1178 1192
1178 1193
1179 1181
1181 1184
1181 1193
1182 1198
1182 1202
1183 1184
1183 1188
1183 1192
1183 1193
1184 1188
1184 1194
1184 1206
1184 1207
1184 1212
1185 1194
1185 1207
1186 1196
1186 1198
1186 1200
1186 1202
1187 1196
1187 1198
1187 1200
1187 1202
1188 1192
1188 1193
1189 1200
1189 1205
1189 1206
1189 1211
1189 1212
1190 1194
1190 1207
1191 1192
1191 1197
1191 1221
1191 1224
1192 1194
1192 1207
1193 1206
1193 1212
1195 1200
1195 1205
1195 1206
1195 1211
1195 1212
1198 1199
1198 1202
1198 1204
1198 1208
1198 1214
1198 1217
1198 1222
1199 1202
1201 1204
1201 1208
1201 1212
1201 1217
1201 1218
1201 1222
1202 1204
1202 1208
1202 1214
1202 1217
1202 1222
1203 1208
1203 1215
1204 1205
1204 1209
1204 1210
1204 1217
1204 1222
1205 1208
1205 1218
1205 1222
1207 1217
1207 1218
1208 1209
1208 1210
1208 1217
1208 1218
1208 1222
1208 1229
1208 1230
1209 1212
1209 1217
1209 1218
1209 1222
1210 1218
1210 1222
1210 1229
1210 1230
1213 1217
1213 1218
1215 1218
1215 1229
1215 1230
1216 1218
1216 1222
1216 1229
1216 1230
1220 1229
1220 1230
1223 1228
1223 1230
1224 1366
1224 1372
1225 1228
1225 1230
1226 1366
1226 1372
1227 1228
1227 1230
1229 1235
1229 1238
1229 1240
1231 1247
1231 1253
1232 1235
1232 1238
1232 1240
1233 1338
1233 1339
1234 1247
1234 1253
1236 1338
1236 1339
1239 1402
1239 1403
1240 1300
1240 2269
1241 1300
1241 2269
1243 1402
1243 1403
1249 1259
1249 1263
1250 1257
1250 1268
1250 1274
1251 1255
1251 1256
1252 1255
1252 1256
1257 1258
1258 1268
1258 1274
1267 1268
1267 1274
1268 1273
1270 1278
1270 1280
1271 1278
1271 1280
1273 1274
1275 1277
1275 1284
1275 1285
1276 1286
1276 1287
1277 1284
1277 1285
1278 1286
1278 1287
1279 1280
1279 1282
1279 1283
1280 1281
1280 1286
1280 1287
1281 1282
1281 1283
1291 1406
1291 1407
1292 1467
1292 1468
1292 1563
1292 1564
1292 1899
1292 1900
1292 2022
1292 2023
1293 1310
1293 1315
1293 1335
1293 1336
1293 1390
1293 1391
1293 1503
1293 1505
1293 2037
1293 2041
1293 2277
1293 2349
1294 2404
1294 2405
1295 2420
1295 2425
1296 1330
1296 1382
1296 1385
1296 1387
1296 1407
1296 1416
1297 1388
1297 1389
1298 1309
1298 1313
1298 1355
1298 1365
1298 1366
1298 1372
1298 1375
1298 1377
1299 1355
1299 1365
1299 2106
1299 2245
1299 2248
1299 2253
1300 1487
1300 1488
1300 1490
1300 1491
1300 1810
1300 1812
1301 2244
1301 2247
1302 2073
1302 2076
1302 2244
1302 2247
1303 1330
1303 1382
1303 1385
1303 1387
1303 1407
1303 1416
1304 1309
1304 1313
1304 1355
1304 1365
1304 1366
1304 1372
1304 1375
1304 1376
1304 1377
1304 1379
1305 1376
1305 1379
1306 2200
1306 2205
1307 1309
1307 1313
1307 1375
1307 1377
1308 1327
1308 1329
1308 1645
1308 1657
1308 1687
1308 1688
1308 1839
1308 1847
1308 2065
1308 2120
1308 2143
1308 2182
1308 2186
1308 2194
1308 2195
1308 2198
1308 2200
1308 2202
1308 2205
1308 2214
1308 2220
1308 2434
1310 1338
1311 1381
1311 1383
1312 2126
1312 2188
1312 2191
1312 2198
1312 2214
1312 2220
1312 2249
1312 2254
1313 1381
1313 1383
1313 2328
1313 2330
1314 1557
1314 1563
1314 2294
1314 2303
1315 1338
1316 2126
1316 2188
1316 2191
1316 2198
1316 2214
1316 2220
1316 2249
1316 2254
1317 1557
1317 1563
1317 1823
1317 1826
1317 2294
1317 2303
1318 1487
1318 1490
1318 1823
1318 1826
1319 1376
1319 1379
1319 1994
1319 2000
1319 2244
1319 2247
1319 2328
1319 2330
1320 1376
1320 1379
1320 1994
1320 2000
1320 2244
1320 2247
1320 2328
1320 2330
1321 1839
1321 1847
1321 2275
1321 2276
1322 2275
1322 2276
1323 1839
1323 1847
1324 1690
1324 1765
1325 2073
1325 2076
1326 1690
1326 1765
1328 1692
1328 2127
1328 2191
1328 2197
1328 2224
1328 2226
1328 2241
1329 1692
1329 2127
1329 2191
1329 2197
1329 2224
1329 2226
1329 2241
1331 2245
1331 2248
1331 2318
1331 2323
1332 1690
1332 1765
1332 2318
1332 2323
1333 1422
1333 1426
1333 1432
1333 1434
1333 1748
1333 1751
1334 1439
1334 1440
1334 1442
1334 1444
1335 1338
1335 1347
1335 1351
1335 1442
1335 1444
1335 1748
1335 1751
1336 1338
1336 1360
1336 1366
1337 1981
1337 1987
1338 1347
1338 1351
1338 1503
1338 1505
1338 1600
1338 1611
1338 2037
1338 2041
1338 2343
1338 2344
1339 1347
1339 1351
1339 1600
1339 1611
1339 2343
1339 2344
1340 1341
1340 1342
1341 1342
1343 1381
1343 1383
1343 1384
1343 2311
1343 2312
1344 1381
1344 1383
1344 1384
1344 2311
1344 2312
1345 1364
1345 1368
1345 2318
1345 2323
1346 1364
1346 1369
1346 1391
1346 1408
1347 1351
1347 1748
1347 1751
1348 2245
1348 2247
1348 2248
1349 1364
1349 1369
1349 1391
1349 1408
1349 1422
1349 1426
1350 1439
1350 1440
1350 1444
1350 1445
1352 1994
1352 2000
1353 2245
1353 2247
1353 2248
1354 1994
1354 2000
1355 2247
1356 1364
1356 1369
1356 1413
1356 1417
1357 1444
1357 1445
1358 2324
1358 2327
1359 2324
1359 2327
1360 1447
1362 1388
1362 1389
1363 1413
1363 1417
1365 2247
1365 2313
1365 2322
1366 1372
1366 1373
1366 1447
1368 2341
1368 2342
1370 2313
1370 2322
1372 1373
1374 1748
1374 1751
1375 1406
1375 1407
1375 2341
1375 2342
1376 1748
1376 1751
1377 1406
1377 1407
1379 1397
1379 1429
1380 1438
1380 1441
1380 1677
1380 1678
1380 1679
1380 1680
1386 1653
1386 1973
1386 2028
1386 2039
1388 1406
1388 1407
1388 1756
1388 1761
1389 1406
1389 1407
1390 2346
1391 2346
1392 1425
1392 1428
1393 2267
1393 2268
1394 1487
1394 1490
1394 2267
1394 2268
1395 1487
1395 1490
1396 1485
1396 1489
1396 1748
1396 1751
1397 1424
1397 1428
1398 1714
1398 1717
1399 1435
1399 1437
1401 2265
1401 2267
1402 1992
1402 1994
1402 1996
1403 1992
1403 1994
1403 1996
1404 1884
1404 1885
1404 1981
1404 1987
1405 1489
1405 1492
1406 1689
1406 1763
1406 1764
1407 1689
1407 1756
1407 1761
1407 1763
1407 1764
1410 1425
1410 1428
1412 1489
1412 1492
1414 1421
1414 1423
1414 1438
1414 1441
1415 1421
1415 1423
1415 1438
1415 1441
1419 1444
1419 1445
1420 1444
1420 1445
1422 1690
1422 1765
1424 1429
1424 1430
1424 1431
1427 1748
1427 1751
1428 1429
1428 1430
1428 1431
1429 1485
1429 1489
1431 1435
1431 1437
1432 1436
1433 1435
1433 1437
1434 1436
1436 1748
1436 1751
1441 1443
1444 1748
1444 1751
1444 1985
1444 1988
1445 1748
1445 1751
1445 1985
1445 1988
1448 1469
1448 1474
1448 1557
1448 1560
1448 1563
1449 1464
1449 1465
1449 1470
1450 1559
1450 1562
1450 1566
1450 2016
1450 2020
1451 1555
1451 1557
1451 1558
1451 1560
1451 1563
1451 1567
1451 1573
1451 2016
1451 2020
1452 1555
1452 1558
1452 1567
1452 1573
1453 1585
1453 1586
1454 1585
1454 1586
1455 1557
1455 1563
1455 1897
1455 1898
1456 1557
1456 1563
1456 1896
1456 1897
1456 1898
1456 2022
1456 2023
1456 2024
1457 1467
1457 1468
1457 1563
1457 1564
1457 1896
1457 1899
1457 1900
1457 2022
1457 2023
1457 2024
1459 2091
1459 2093
1460 1461
1460 1496
1460 1500
1460 2091
1460 2093
1460 2390
1460 2394
1461 1496
1461 1500
1461 2390
1461 2394
1462 2272
1462 2273
1463 1464
1463 1465
1463 1470
1464 1559
1464 1562
1464 1566
1465 1559
1465 1560
1465 1562
1465 1564
1465 1567
1465 1570
1465 1571
1465 1573
1465 1574
1466 1564
1466 1570
1466 1571
1466 1573
1466 1574
1466 1575
1466 1577
1467 1894
1467 2025
1468 1894
1468 2025
1469 1480
1469 1483
1469 1539
1469 1555
1469 1558
1469 1559
1471 1560
1471 1567
1471 1574
1471 1575
1471 1577
1472 1477
1472 1478
1474 1480
1474 1483
1474 1539
1474 1549
1474 1550
1474 1555
1474 1558
1474 1559
1474 2266
1474 2267
1475 1549
1475 1550
1475 1555
1475 1558
1475 1559
1475 2266
1475 2267
1476 1898
1476 1899
1477 1478
1480 1488
1480 1490
1480 1898
1480 1899
1481 1493
1481 1494
1483 1488
1483 1490
1486 1493
1486 1494
1487 1495
1487 1501
1487 1921
1487 1922
1487 2266
1487 2267
1488 1495
1488 1501
1488 1921
1488 1922
1488 2269
1489 1714
1489 1717
1490 1495
1490 1501
1490 1921
1490 1922
1490 2266
1490 2267
1491 2269
1495 1999
1495 2001
1496 1560
1496 1567
1496 1970
1496 1987
1498 2405
1498 2406
1499 2265
1499 2267
1500 1560
1500 1567
1500 1970
1500 1987
1501 1999
1501 2001
1502 2405
1502 2406
1503 1983
1503 1985
1503 2002
1503 2008
1505 1983
1505 1985
1505 2002
1505 2008
1507 1884
1507 1885
1508 1527
1508 1533
1508 1559
1508 1560
1508 2267
1508 2268
1509 1555
1509 1558
1509 2267
1509 2268
1510 1555
1510 1558
1511 1540
1511 1544
1512 1540
1512 1541
1512 1543
1512 1544
1513 1830
1513 1831
1514 1830
1514 1831
1515 1809
1515 1816
1515 1820
1518 1563
1518 1564
1518 1898
1518 2021
1519 1563
1519 1564
1520 1536
1520 1540
1520 1541
1520 1544
1520 1545
1520 1565
1520 1572
1521 1537
1521 1548
1521 1831
1521 1832
1522 1528
1522 1529
1522 1536
1522 1540
1522 1541
1522 1543
1522 1545
1522 1553
1522 1824
1522 1828
1523 1804
1523 1805
1523 1808
1523 1818
1523 1819
1523 1821
1523 1822
1523 1907
1523 1912
1524 1612
1524 1613
1524 1804
1524 1805
1524 1808
1524 1818
1524 1819
1524 1821
1524 1822
1524 1907
1524 1912
1525 1527
1525 1533
1525 1559
1525 1560
1526 1540
1526 1541
1526 1543
1526 1544
1528 1534
1528 1538
1528 1831
1528 1832
1529 1534
1529 1538
1529 1831
1529 1832
1530 1809
1530 1816
1530 1820
1530 1824
1530 1828
1530 1830
1530 1831
1530 1832
1531 1809
1531 1816
1531 1820
1531 1830
1531 1831
1531 1832
1532 1818
1532 1825
1532 1967
1532 1968
1533 1559
1533 1560
1534 1536
1534 1541
1534 1543
1534 1553
1534 1818
1534 1819
1534 1822
1534 1824
1534 1825
1534 1828
1534 1967
1534 1968
1535 1827
1535 1830
1535 1831
1535 1832
1536 1538
1536 1540
1536 1541
1536 1544
1536 1545
1536 1824
1536 1827
1536 1828
1536 1830
1536 1831
1536 1832
1536 1932
1536 1938
1537 1809
1537 1816
1537 1820
1537 1823
1537 1824
1537 1826
1537 1827
1537 1828
1537 1830
1537 1831
1537 1832
1537 1932
1538 1541
1538 1543
1538 1545
1538 1553
1538 1815
1538 1819
1538 1822
1538 1824
1538 1827
1538 1828
1538 1830
1539 1557
1539 1560
1539 1563
1540 1541
1540 1544
1540 1545
1540 1554
1540 1568
1540 1569
1540 1576
1540 1579
1540 1775
1540 1783
1540 1786
1540 1790
1540 1819
1540 1822
1540 1824
1540 1826
1540 1827
1540 1828
1540 1830
1540 1831
1540 1832
1540 1930
1540 1932
1540 1938
1540 1940
1540 1944
1540 1950
1540 1997
1540 1999
1540 2001
1541 1543
1541 1544
1541 1545
1541 1554
1541 1823
1541 1824
1541 1826
1541 1827
1541 1828
1541 1830
1541 1831
1541 1832
1541 1938
1542 1899
1542 1900
1543 1545
1543 1812
1543 1813
1543 1824
1543 1825
1543 1827
1543 1828
1543 1829
1543 1830
1543 1831
1543 1832
1544 1545
1544 1568
1544 1569
1544 1576
1544 1579
1544 1775
1544 1783
1544 1786
1544 1790
1544 1819
1544 1822
1544 1826
1544 1827
1544 1831
1544 1832
1544 1930
1544 1932
1544 1938
1544 1940
1544 1944
1544 1950
1544 1997
1544 2001
1545 1554
1545 1568
1545 1569
1545 1826
1545 1827
1545 1830
1545 1831
1545 1832
1545 1930
1545 1932
1545 1938
1545 1940
1545 1944
1545 1999
1545 2001
1546 1812
1546 1813
1546 1825
1546 1829
1546 1830
1546 1831
1546 1832
1547 1564
1547 1571
1547 1833
1547 1835
1548 1823
1548 1824
1548 1826
1548 1828
1548 1932
1549 1620
1549 1626
1551 1560
1551 1564
1551 1567
1551 1571
1551 1833
1551 1835
1551 1899
1551 1900
1552 1564
1552 1571
1552 1899
1552 1900
1553 1831
1553 1832
1554 1815
1554 1819
1554 1822
1554 1827
1554 1830
1555 1560
1555 1567
1555 1837
1555 2016
1555 2020
1555 2267
1555 2268
1556 1816
1556 1820
1556 1824
1556 1828
1557 1564
1557 1571
1557 1574
1557 1575
1557 1577
1557 1581
1557 1582
1557 1583
1557 1593
1557 1833
1557 1834
1557 1908
1557 1944
1557 1950
1558 1560
1558 1567
1558 1620
1558 1626
1558 1837
1558 2016
1558 2020
1558 2267
1558 2268
1559 2000
1559 2002
1559 2008
1559 2266
1559 2267
1560 1561
1560 1564
1560 1571
1560 1581
1560 1582
1560 1583
1560 1593
1560 1833
1560 1834
1560 1908
1560 2266
1560 2267
1561 1567
1561 1642
1561 1643
1561 1950
1561 1955
1562 2000
1562 2002
1562 2008
1563 1564
1563 1571
1563 1574
1563 1575
1563 1577
1563 1583
1563 1833
1563 1834
1563 1944
1563 1950
1564 1571
1564 1572
1564 1578
1564 1579
1564 1642
1564 1643
1565 1938
1565 1950
1565 1955
1567 1570
1567 1574
1570 1573
1570 1578
1570 1579
1570 1963
1570 1964
1571 1572
1571 1578
1571 1579
1572 1574
1572 1575
1572 1938
1573 1574
1573 1963
1573 1964
1574 1575
1574 1576
1574 1578
1574 1579
1574 1963
1574 1964
1574 1997
1574 2001
1575 1576
1575 1580
1575 1584
1575 1997
1575 2001
1576 1580
1576 1584
1577 1997
1577 2001
1578 1585
1578 1586
1579 1585
1579 1586
1587 1603
1587 1604
1587 1777
1587 1782
1587 1785
1587 1786
1587 1793
1587 1794
1587 1797
1587 1802
1587 1804
1587 1809
1587 1816
1587 1820
1587 1823
1587 1824
1587 1826
1587 1828
1587 1892
1587 1893
1588 1603
1588 1604
1588 1785
1588 1786
1588 1793
1588 1797
1588 1823
1588 1826
1589 1590
1589 1772
1589 1807
1589 1813
1589 1892
1589 1893
1590 1600
1590 1611
1590 1772
1591 1994
1591 2000
1591 2145
1591 2150
1592 1908
1592 1910
1593 1596
1593 1597
1593 1906
1594 1596
1594 1597
1594 1906
1595 1908
1595 1910
1598 1913
1598 1915
1598 1919
1599 1612
1599 1613
1599 1694
1599 1740
1599 1801
1599 1803
1599 2124
1599 2125
1600 1601
1600 1608
1600 1609
1600 1612
1600 1615
1600 1791
1600 1792
1600 1887
1600 1888
1600 1892
1600 1893
1600 1998
1600 2002
1600 2007
1600 2008
1601 1611
1601 1863
1601 1865
1602 2412
1602 2433
1604 2442
1604 2443
1605 1909
1605 1917
1606 1794
1606 1796
1606 1825
1606 1829
1606 1861
1606 1866
1606 1879
1606 1880
1606 1892
1606 1893
1606 1904
1606 1914
1607 1794
1607 1796
1607 1807
1607 1813
1607 1825
1607 1829
1607 1861
1607 1866
1607 1879
1607 1880
1607 1892
1607 1893
1607 1904
1607 1914
1608 1611
1609 1611
1609 1892
1609 1893
1610 1624
1610 1625
1611 1612
1611 1615
1611 1791
1611 1792
1611 1887
1611 1888
1611 1892
1611 1893
1611 1998
1611 2002
1611 2007
1611 2008
1612 1619
1612 1623
1612 1892
1612 1893
1612 1914
1612 2449
1613 1619
1613 1623
1613 1892
1613 1893
1613 1914
1613 2449
1614 1624
1614 1625
1615 1863
1615 1865
1615 1892
1615 1893
1616 1975
1616 1977
1617 1975
1617 1977
1618 2090
1618 2092
1620 1910
1620 1913
1620 2090
1620 2092
1622 1628
1622 1630
1626 1910
1626 1913
1627 1628
1627 1630
1628 1632
1628 1633
1628 2430
1628 2431
1629 2412
1629 2433
1630 1632
1630 1633
1630 2430
1630 2431
1631 1632
1633 1637
1633 1639
1634 1637
1634 1639
1635 2036
1635 2039
1635 2442
1635 2443
1636 2036
1636 2039
1638 1807
1638 1808
1640 1807
1640 1808
1641 2420
1641 2425
1643 1807
1643 1808
1643 2441
1643 2442
1644 1807
1644 1808
1644 2441
1644 2442
1645 1807
1645 1808
1645 2123
1645 2158
1645 2160
1645 2189
1645 2236
1645 2240
1646 2178
1646 2180
1647 2178
1647 2180
1648 1994
1648 1996
1649 1979
1649 1988
1650 1672
1650 1673
1650 1675
1650 1676
1651 1675
1651 1676
1653 1902
1653 1929
1653 1982
1653 1989
1654 2028
1654 2039
1654 2285
1654 2347
1655 1674
1655 1675
1656 2040
1656 2043
1657 1807
1657 1808
1657 2123
1657 2158
1657 2160
1657 2189
1657 2236
1657 2240
1658 2008
1658 2013
1659 2008
1659 2013
1660 1982
1660 1989
1661 1982
1661 1989
1662 1921
1662 1922
1663 1982
1663 1989
1664 1921
1664 1922
1665 2408
1665 2412
1665 2433
1666 2408
1666 2412
1666 2433
1667 1976
1667 1982
1668 1976
1668 1982
1669 1672
1669 1673
1670 2300
1670 2301
1671 1979
1671 1988
1672 2284
1672 2294
1672 2298
1672 2299
1673 2284
1673 2294
1673 2298
1673 2299
1674 2034
1675 1903
1675 1925
1675 2034
1676 1903
1676 1925
1678 2265
1678 2266
1678 2267
1678 2268
1681 1733
1681 1750
1682 1733
1682 1750
1683 1791
1683 1792
1684 1766
1684 1767
1684 1774
1684 1785
1684 1786
1684 1860
1684 1864
1684 1868
1684 1869
1684 1875
1685 1858
1685 1859
1685 1868
1685 1869
1686 1716
1686 1720
1686 1721
1686 1738
1687 1693
1687 1695
1687 1696
1687 1697
1687 1705
1687 1719
1687 1722
1687 1734
1687 1848
1687 1852
1687 1858
1687 1859
1687 2128
1687 2133
1688 1693
1688 1695
1688 1696
1688 1697
1688 1705
1688 1719
1688 1722
1688 1734
1688 1848
1688 1852
1688 1858
1688 1859
1688 2070
1688 2100
1688 2128
1688 2133
1691 1711
1691 1738
1691 2105
1691 2107
1691 2110
1694 1868
1694 1869
1694 2210
1694 2215
1694 2449
1695 1705
1695 1715
1695 1727
1695 1734
1695 1740
1695 2435
1695 2436
1696 1705
1696 1715
1696 1727
1696 1734
1696 1740
1696 2118
1696 2133
1696 2204
1696 2209
1696 2435
1696 2436
1697 1848
1697 1852
1697 2070
1697 2100
1698 1716
1698 1720
1698 1721
1698 1738
1699 1858
1699 1859
1700 1766
1700 1767
1700 1774
1700 1785
1700 1786
1700 1791
1700 1792
1700 1858
1700 1859
1700 1860
1700 1864
1700 1868
1700 1869
1700 1875
1701 1791
1701 1792
1702 2265
1702 2266
1702 2267
1702 2268
1703 1727
1703 1734
1704 1708
1704 1726
1704 1733
1704 1739
1705 1848
1705 1852
1705 2119
1705 2139
1706 1727
1706 1734
1706 2181
1706 2185
1707 1766
1707 1773
1707 1791
1707 1792
1707 1858
1707 1859
1708 1714
1708 1718
1711 1753
1712 1775
1712 1785
1712 1786
1713 1791
1713 1792
1714 1717
1714 1724
1714 1725
1714 1726
1714 1728
1714 1735
1714 1736
1714 1749
1714 1751
1714 2265
1714 2267
1715 2119
1715 2139
1716 1807
1716 1808
1716 1868
1716 1875
1717 1724
1717 1725
1717 1728
1717 1732
1717 1733
1717 1735
1717 1736
1717 1739
1717 1746
1717 2265
1717 2267
1718 1725
1718 1726
1718 1735
1718 1736
1718 1749
1718 1751
1719 1860
1719 1864
1719 2181
1719 2185
1720 1722
1720 1730
1720 1868
1720 1869
1720 1875
1720 1877
1721 1766
1721 1773
1721 1807
1721 1808
1721 1858
1721 1859
1721 1868
1721 1875
1722 1730
1722 1738
1722 1854
1722 1858
1722 1859
1722 1860
1722 1864
1723 1775
1723 1785
1723 1786
1724 1750
1724 1752
1724 1791
1724 1792
1725 1739
1725 1744
1725 1750
1725 1752
1728 1732
1728 1739
1728 1744
1728 1746
1729 1733
1729 1739
1730 1738
1730 1854
1730 1858
1730 1859
1731 1868
1731 1869
1731 1875
1731 1877
1732 1739
1732 1744
1732 1746
1735 1750
1735 1752
1736 1739
1736 1744
1738 1753
1738 1881
1738 1882
1739 2246
1739 2248
1740 1868
1740 1869
1740 2210
1740 2215
1740 2449
1741 1881
1741 1882
1742 2245
1742 2248
1744 2245
1744 2248
1745 1755
1745 1757
1746 2246
1746 2248
1747 1755
1747 1757
1750 2245
1750 2248
1753 2105
1753 2107
1753 2110
1758 1760
1758 1762
1759 1760
1759 1762
1768 1850
1768 1857
1769 2418
1769 2421
1770 1777
1770 1783
1770 1788
1770 1790
1770 1793
1770 1797
1771 1777
1771 1788
1771 1802
1771 1804
1772 1777
1772 1782
1772 1793
1772 1794
1772 1802
1772 1804
1772 1809
1772 1816
1772 1820
1772 1824
1772 1828
1775 2418
1775 2421
1775 2444
1775 2445
1776 1802
1776 1804
1776 1892
1776 1893
1778 1793
1778 1797
1778 1799
1778 1801
1778 1802
1778 1803
1778 1804
1778 1819
1778 1822
1779 1802
1779 1804
1779 1819
1779 1822
1780 2404
1780 2405
1781 1802
1781 1804
1781 1892
1781 1893
1783 1891
1784 2418
1784 2421
1785 1813
1785 1821
1786 1813
1786 1821
1786 2444
1786 2445
1787 1806
1787 1814
1789 1799
1789 1800
1789 1801
1789 1802
1789 1803
1789 1819
1789 1822
1790 1806
1790 1814
1790 1891
1791 1793
1791 1797
1791 1807
1791 1808
1791 2266
1791 2267
1792 1793
1792 1797
1792 1807
1792 1808
1792 2266
1792 2267
1793 1798
1793 1800
1793 2388
1793 2389
1794 1798
1794 1800
1795 1800
1795 1802
1796 1802
1796 1804
1796 1807
1796 1808
1797 1802
1797 1804
1797 1807
1797 1808
1797 2388
1797 2389
1800 1806
1800 1814
1801 1804
1801 1805
1801 1808
1801 2449
1802 1804
1802 1806
1802 1808
1802 1813
1802 1814
1802 1821
1803 1804
1803 1805
1803 1808
1803 2449
1804 1807
1804 1808
1804 1813
1804 1816
1804 1818
1804 1820
1804 1821
1804 2409
1804 2414
1805 1808
1805 1812
1805 1813
1805 1816
1805 1818
1805 1820
1805 1821
1806 1807
1806 1808
1807 1808
1807 1811
1807 2404
1807 2405
1807 2409
1807 2414
1808 1810
1808 1811
1808 1813
1808 1818
1808 1821
1808 2404
1808 2405
1808 2409
1808 2414
1810 1812
1810 2269
1812 2269
1813 2267
1813 2268
1815 1824
1815 1828
1817 1818
1817 1825
1818 1823
1818 1884
1818 1885
1819 1920
1819 2267
1819 2268
1821 1884
1821 1885
1821 2267
1821 2268
1822 1894
1822 1895
1822 1920
1822 2267
1822 2268
1823 1825
1824 1828
1830 1894
1830 1895
1831 1932
1832 1932
1834 1926
1834 1940
1834 1944
1835 2265
1835 2267
1835 2399
1835 2400
1836 1926
1836 1940
1836 1944
1836 2265
1836 2267
1836 2399
1836 2400
1838 2190
1838 2196
1839 2131
1839 2136
1840 2131
1840 2132
1840 2136
1840 2442
1840 2443
1841 1860
1841 1864
1842 1860
1842 1864
1843 1860
1843 1864
1843 1865
1843 1870
1843 1873
1843 2416
1843 2419
1844 1849
1844 1853
1844 1870
1844 1873
1845 2380
1845 2385
1846 1881
1846 1882
1846 2134
1846 2140
1847 2131
1847 2132
1847 2136
1847 2442
1847 2443
1848 1852
1848 2103
1848 2111
1848 2118
1848 2133
1849 2137
1850 1878
1851 2380
1851 2385
1852 2103
1852 2111
1852 2118
1852 2133
1853 2137
1855 2134
1855 2140
1857 1878
1860 1874
1860 1876
1860 2130
1861 2091
1861 2093
1862 2062
1862 2072
1864 1874
1864 1876
1864 2130
1865 2130
1866 2091
1866 2093
1867 2062
1867 2072
1868 2135
1868 2141
1868 2422
1868 2424
1869 2135
1869 2141
1869 2422
1869 2424
1870 2130
1871 2134
1871 2140
1872 1994
1872 2000
1872 2145
1872 2150
1875 2190
1875 2196
1877 2190
1877 2196
1881 1882
1881 1884
1881 1886
1881 1969
1881 2012
1881 2129
1882 1884
1882 1886
1882 1969
1882 2012
1882 2129
1883 1884
1883 1885
1883 1886
1884 1885
1884 1892
1884 1893
1884 2075
1884 2088
1885 1886
1885 1892
1885 1893
1885 2075
1885 2088
1886 1892
1886 1893
1889 2082
1889 2087
1890 2082
1890 2087
1894 1948
1894 1954
1895 1948
1895 1954
1898 1946
1899 1918
1899 1922
1900 1918
1900 1922
1901 1916
1901 1924
1902 1916
1902 1917
1902 1924
1902 1973
1903 1916
1903 1917
1905 1923
1905 1928
1908 1991
1908 2001
1909 1913
1909 1915
1909 1919
1909 2410
1910 1991
1910 2001
1911 1923
1911 1928
1916 1925
1916 1929
1916 1937
1917 1925
1917 1929
1917 1937
1917 2410
1918 1943
1918 1949
1922 1943
1922 1949
1924 1925
1924 1929
1924 1937
1927 1931
1927 1936
1929 1973
1930 1931
1930 1935
1931 1934
1931 1935
1931 1939
1931 1941
1931 1945
1932 1943
1932 1948
1932 1949
1932 1952
1932 1954
1933 1943
1933 1948
1933 1949
1933 1952
1933 1954
1934 1935
1934 1936
1934 1942
1934 1947
1935 1936
1936 1939
1936 1941
1936 1945
1939 1942
1939 1947
1943 1995
1943 2005
1943 2006
1943 2010
1946 2021
1949 1995
1949 2005
1949 2006
1949 2010
1953 1962
1953 1965
1954 2005
1954 2010
1958 1962
1958 1965
1959 2000
1959 2002
1959 2008
1960 2000
1960 2002
1960 2008
1966 2443
1966 2444
1967 2006
1967 2011
1967 2015
1967 2019
1968 2006
1968 2011
1970 2373
1970 2374
1971 2036
1971 2039
1972 2036
1972 2039
1973 1982
1973 1989
1974 1994
1974 1996
1975 1994
1975 1996
1977 1994
1977 1996
1977 2000
1977 2402
1977 2404
1978 1994
1978 2000
1980 2002
1980 2008
1982 1993
1982 1997
1982 2005
1982 2010
1984 1994
1984 2000
1984 2402
1984 2404
1985 2002
1985 2008
1985 2362
1985 2365
1986 2002
1986 2008
1988 2002
1988 2008
1988 2362
1988 2365
1989 1993
1989 1997
1989 2005
1989 2010
1990 1993
1990 1997
1994 2003
1994 2004
1994 2006
1994 2011
1994 2357
1994 2364
1994 2404
1994 2405
1998 2428
1998 2429
2000 2003
2000 2004
2000 2006
2000 2011
2000 2357
2000 2364
2000 2404
2000 2405
2002 2011
2002 2018
2002 2402
2002 2404
2002 2405
2002 2406
2007 2428
2007 2429
2008 2011
2008 2018
2008 2402
2008 2404
2008 2405
2008 2406
2009 2402
2009 2404
2011 2402
2011 2404
2013 2402
2013 2403
2013 2404
2014 2447
2014 2449
2015 2406
2016 2402
2016 2403
2016 2404
2016 2405
2017 2447
2017 2449
2018 2402
2018 2404
2019 2406
2020 2404
2020 2405
2026 2028
2026 2039
2027 2285
2027 2347
2029 2030
2029 2060
2029 2286
2030 2060
2030 2286
2032 2302
2032 2310
2033 2302
2033 2310
2035 2040
2035 2043
2036 2039
2038 2300
2038 2301
2040 2042
2040 2046
2040 2048
2040 2050
2040 2052
2040 2054
2042 2043
2043 2046
2043 2048
2043 2050
2043 2052
2043 2054
2044 2058
2044 2059
2045 2289
2045 2295
2047 2289
2047 2295
2049 2055
2049 2057
2049 2058
2049 2059
2049 2305
2049 2309
2051 2305
2051 2309
2053 2055
2053 2057
2060 2286
2063 2064
2063 2074
2063 2077
2063 2086
2063 2089
2063 2438
2063 2439
2063 2446
2064 2067
2064 2073
2064 2432
2064 2435
2064 2438
2064 2439
2064 2446
2066 2079
2066 2084
2066 2432
2066 2435
2067 2069
2067 2183
2067 2446
2068 2170
2068 2173
2069 2070
2069 2073
2069 2091
2069 2093
2069 2100
2069 2179
2069 2180
2070 2096
2070 2097
2070 2098
2070 2183
2070 2217
2070 2218
2070 2411
2070 2415
2071 2082
2071 2087
2071 2404
2071 2405
2073 2183
2073 2255
2073 2256
2073 2260
2073 2435
2073 2436
2073 2446
2074 2446
2075 2083
2075 2090
2076 2255
2076 2256
2076 2260
2076 2263
2076 2264
2076 2435
2076 2436
2077 2446
2078 2255
2078 2258
2078 2263
2078 2264
2079 2434
2080 2255
2080 2256
2080 2257
2080 2258
2081 2263
2081 2264
2082 2134
2083 2088
2084 2434
2085 2256
2085 2257
2086 2446
2087 2134
2088 2090
2089 2446
2091 2114
2091 2116
2091 2151
2091 2153
2091 2183
2091 2188
2091 2198
2093 2102
2093 2105
2093 2107
2093 2114
2093 2116
2093 2141
2093 2144
2093 2146
2093 2151
2093 2153
2093 2183
2093 2188
2093 2198
2094 2141
2094 2146
2094 2250
2094 2254
2094 2448
2094 2449
2095 2102
2095 2105
2095 2107
2095 2144
2095 2151
2095 2250
2095 2254
2095 2448
2095 2449
2096 2100
2096 2104
2097 2100
2097 2104
2098 2100
2098 2104
2099 2112
2099 2116
2100 2183
2100 2217
2100 2218
2100 2411
2100 2415
2102 2112
2102 2116
2106 2247
2108 2259
2108 2261
2109 2259
2109 2261
2112 2271
2112 2274
2113 2271
2113 2274
2115 2159
2115 2166
2117 2159
2117 2166
2118 2121
2118 2190
2118 2196
2118 2200
2118 2205
2118 2210
2118 2215
2118 2441
2118 2442
2119 2194
2119 2195
2119 2200
2119 2205
2120 2122
2120 2194
2120 2195
2121 2133
2122 2131
2122 2136
2122 2143
2123 2174
2123 2175
2124 2449
2125 2449
2129 2134
2129 2140
2130 2416
2130 2419
2131 2194
2133 2196
2133 2200
2133 2205
2133 2210
2133 2215
2133 2441
2133 2442
2134 2404
2134 2405
2136 2194
2138 2145
2138 2150
2139 2145
2139 2150
2142 2157
2142 2169
2143 2194
2143 2195
2144 2148
2144 2151
2144 2161
2144 2163
2144 2167
2144 2171
2145 2154
2145 2155
2145 2161
2145 2164
2145 2166
2145 2167
2145 2170
2147 2157
2147 2169
2147 2249
2147 2250
2148 2151
2148 2158
2148 2160
2148 2249
2148 2250
2149 2161
2149 2167
2150 2154
2150 2161
2150 2164
2150 2166
2150 2167
2150 2170
2151 2158
2151 2160
2151 2163
2151 2171
2152 2154
2152 2155
2152 2164
2154 2432
2154 2435
2155 2432
2155 2435
2157 2165
2157 2168
2158 2167
2158 2172
2160 2167
2160 2172
2164 2432
2164 2435
2165 2169
2168 2169
2170 2183
2173 2183
2174 2181
2174 2185
2174 2189
2175 2181
2175 2185
2175 2189
2176 2432
2176 2435
2177 2432
2177 2435
2178 2184
2178 2187
2179 2183
2179 2184
2179 2187
2180 2183
2180 2184
2180 2187
2184 2443
2184 2444
2186 2443
2186 2444
2192 2198
2192 2199
2193 2211
2193 2213
2193 2214
2193 2216
2193 2219
2193 2220
2198 2203
2198 2208
2199 2203
2199 2208
2201 2203
2201 2208
2203 2211
2203 2212
2203 2213
2203 2214
2203 2216
2203 2219
2203 2220
2204 2210
2206 2214
2206 2220
2207 2214
2207 2220
2208 2212
2209 2210
2211 2214
2211 2220
2211 2222
2211 2223
2214 2216
2214 2220
2214 2235
2214 2239
2216 2220
2216 2222
2216 2223
2220 2235
2220 2239
2221 2222
2221 2223
2227 2228
2227 2229
2227 2238
2228 2230
2228 2235
2229 2235
2230 2238
2231 2234
2231 2238
2232 2235
2232 2239
2233 2234
2233 2238
2235 2237
2235 2238
2237 2239
2242 2250
2242 2254
2243 2250
2243 2254
2244 2247
2245 2247
2245 2248
2245 2252
2245 2254
2247 2248
2247 2253
2248 2252
2248 2254
2249 2261
2249 2262
2250 2261
2250 2262
2270 2274
2270 2275
2271 2274
2271 2275
2272 2377
2273 2377
2277 2346
2277 2357
2277 2364
2278 2346
2278 2357
2278 2364
2278 2366
2278 2367
2279 2346
2279 2357
2281 2294
2281 2303
2282 2294
2282 2303
2283 2314
2283 2319
2285 2314
2285 2319
2292 2315
2292 2320
2292 2321
2292 2324
2292 2337
2292 2338
2294 2365
2294 2372
2295 2320
2295 2321
2296 2320
2296 2321
2296 2337
2296 2338
2297 2308
2297 2309
2299 2365
2299 2372
2302 2306
2302 2311
2304 2315
2304 2317
2304 2320
2304 2321
2304 2324
2304 2325
2306 2308
2306 2309
2306 2310
2307 2317
2307 2325
2310 2311
2314 2348
2314 2354
2314 2358
2317 2333
2317 2335
2317 2336
2319 2348
2319 2354
2319 2358
2324 2332
2324 2334
2325 2333
2325 2335
2325 2336
2326 2332
2326 2334
2329 2332
2329 2334
2331 2332
2331 2334
2333 2343
2333 2344
2335 2343
2335 2344
2336 2343
2336 2344
2343 2344
2343 2357
2343 2359
2343 2360
2343 2364
2344 2357
2344 2359
2344 2360
2344 2364
2346 2349
2346 2352
2349 2357
2349 2364
2349 2366
2349 2367
2350 2366
2350 2367
2352 2357
2353 2357
2353 2364
2354 2379
2354 2381
2355 2379
2355 2381
2356 2366
2356 2367
2357 2366
2357 2367
2361 2363
2361 2368
2361 2370
2362 2365
2362 2372
2362 2375
2362 2376
2363 2369
2364 2366
2364 2367
2365 2372
2365 2375
2365 2376
2365 2384
2365 2386
2365 2393
2365 2394
2368 2369
2369 2370
2369 2372
2369 2377
2371 2372
2371 2377
2372 2384
2372 2386
2372 2393
2372 2394
2372 2395
2372 2398
2373 2378
2374 2378
2377 2395
2377 2398
2379 2381
2379 2386
2381 2386
2382 2383
2382 2384
2383 2387
2384 2387
2388 2396
2388 2397
2389 2396
2389 2397
2391 2399
2391 2401
2392 2399
2392 2401
2393 2399
2393 2400
2394 2399
2394 2400
2407 2443
2407 2444
2415 2417
2415 2423
2416 2417
2416 2423
2417 2419
2417 2420
2419 2423
2420 2423
2428 2438
2428 2439
2429 2438
2429 2439
2432 2434
2432 2435
2432 2446
2434 2435
2435 2443
2435 2444
2435 2446
2436 2443
2436 2444
2437 2440
2437 2442
2438 2440
2438 2442
2438 2446
2439 2440
2439 2442
2439 2446
