0 96
0 159
0 163
0 513
0 514
0 602
0 604
0 611
0 616
0 617
0 618
0 619
0 1417
0 1418
1 171
1 189
1 1739
1 1782
2 366
2 367
2 741
2 747
2 944
2 946
2 947
3 86
3 87
3 1719
3 1722
4 2598
4 2600
5 376
5 393
5 400
5 801
6 597
6 610
7 70
7 71
7 164
7 165
7 190
7 197
7 618
7 620
8 214
8 216
9 35
9 103
9 105
9 167
9 168
9 173
9 174
9 363
9 364
9 581
9 588
9 837
9 840
9 1778
9 1781
9 1964
9 2464
10 144
10 149
10 552
10 571
11 14
11 15
11 48
11 54
11 144
11 149
11 552
11 571
12 14
12 15
12 26
12 27
12 48
12 54
12 2936
12 2938
13 14
13 26
13 27
13 48
13 54
13 144
13 2936
13 2938
14 36
14 48
14 54
14 144
16 148
16 154
17 70
17 71
17 145
17 151
17 1945
17 1962
18 145
18 151
18 530
18 531
19 545
19 556
19 564
19 759
19 763
19 1092
19 1118
20 759
20 763
20 1092
20 1118
21 538
21 582
22 538
22 582
23 1089
23 1090
24 1249
24 1284
25 1124
25 1130
26 1124
26 1130
26 2644
26 2646
28 131
28 135
28 208
28 210
28 316
28 320
29 38
29 42
29 55
29 59
29 293
29 294
29 552
29 571
29 629
29 630
29 833
29 837
29 850
29 853
29 965
29 974
29 1244
29 1251
29 1646
29 1649
29 1892
29 1893
30 552
30 571
30 629
30 630
30 833
30 837
30 850
30 853
30 1244
30 1251
30 1646
30 1649
31 1004
31 1005
31 1031
32 1004
32 1005
32 1031
33 164
33 165
33 190
33 197
33 618
33 620
34 42
34 45
34 171
34 174
34 189
34 196
34 242
34 271
34 382
34 583
34 589
34 593
34 596
34 598
34 600
34 603
34 719
34 721
34 811
34 1363
34 1450
35 103
35 105
35 167
35 168
35 173
35 174
35 200
35 201
35 202
35 363
35 364
35 581
35 588
35 837
35 840
35 1778
35 1781
35 1964
35 2464
36 149
37 597
37 610
38 40
38 42
38 45
38 169
38 170
38 171
38 174
38 189
38 196
38 242
38 262
38 263
38 271
38 324
38 340
38 382
38 555
38 567
38 568
38 573
38 583
38 589
38 590
38 593
38 595
38 596
38 597
38 598
38 599
38 600
38 603
38 719
38 720
38 721
38 811
38 836
38 840
38 1351
38 1363
38 1450
38 1864
38 1871
38 1960
38 1961
38 2177
38 2186
38 2218
38 2225
38 2914
38 2915
39 382
39 555
39 567
39 568
39 583
39 589
39 593
39 596
39 811
39 1616
39 1640
39 1642
39 1647
39 2150
39 2172
39 2177
39 2323
39 2329
39 2409
39 2411
39 2924
39 2928
40 45
40 169
40 170
40 174
40 196
40 200
40 201
40 202
40 242
40 262
40 263
40 271
40 324
40 340
40 573
40 590
40 595
40 597
40 599
40 719
40 720
40 836
40 840
40 1864
40 1871
40 1960
40 1961
40 2177
40 2186
40 2218
40 2225
40 2914
40 2915
41 596
41 604
41 679
41 688
41 703
41 708
41 1628
41 1632
41 1996
41 2044
41 2062
41 2063
41 2294
41 2295
41 2901
41 2908
41 2911
41 2915
41 2921
42 259
42 517
42 552
42 555
42 567
42 568
42 589
42 593
42 600
42 719
42 720
42 901
42 907
42 976
42 978
42 1071
42 1072
42 1351
42 1545
42 1616
42 1617
42 1640
42 1642
42 1646
42 1647
42 1807
42 1810
42 2053
42 2057
42 2150
42 2172
42 2177
42 2225
42 2228
42 2243
42 2246
42 2323
42 2329
42 2405
42 2409
42 2411
42 2910
42 2915
42 2924
42 2928
43 1130
43 1136
43 1138
43 1143
43 1945
43 1962
44 65
44 67
44 517
44 552
44 596
44 604
44 679
44 688
44 703
44 708
44 1144
44 1155
44 1628
44 1632
44 1996
44 2044
44 2062
44 2063
44 2294
44 2295
44 2901
44 2908
44 2911
44 2915
44 2921
44 3102
44 3107
44 3143
45 259
45 517
45 526
45 542
45 543
45 552
45 593
45 595
45 599
45 600
45 719
45 720
45 901
45 907
45 976
45 978
45 1071
45 1072
45 1545
45 1616
45 1617
45 1646
45 1647
45 1807
45 1810
45 2053
45 2057
45 2225
45 2228
45 2243
45 2246
45 2910
45 2915
46 1130
46 1136
46 1138
46 1143
47 65
47 67
47 517
47 523
47 526
47 542
47 543
47 552
47 659
47 1066
47 1069
47 1071
47 1072
47 1095
47 1141
47 1144
47 1155
47 1656
47 1657
47 2405
47 2408
47 2409
47 2411
47 2910
47 2915
47 3102
47 3107
47 3143
48 719
48 720
49 538
49 582
50 70
50 71
50 79
50 145
50 151
50 197
51 765
51 781
51 1275
51 1278
51 1628
51 1632
51 2204
51 2218
51 2219
51 2253
51 2254
51 2861
51 2865
52 517
52 523
52 526
52 542
52 543
52 552
52 659
52 976
52 978
52 1066
52 1069
52 1095
52 1141
52 1582
52 1583
52 1656
52 1657
52 2243
52 2246
52 2408
52 2411
53 765
53 781
53 1087
53 1088
53 1093
53 1094
53 1118
53 1231
53 1234
53 1241
53 1281
53 1287
53 1338
53 1344
53 1368
53 1373
53 2182
53 2187
53 2815
53 2820
53 2821
53 2828
53 2861
53 2865
54 719
54 720
55 243
55 244
55 293
55 294
55 501
55 509
55 960
55 974
55 1350
55 1351
56 719
56 720
56 724
56 736
56 737
56 1001
56 1002
56 1003
56 1332
56 1334
56 1478
56 1499
56 1500
57 1343
57 1344
58 501
58 509
58 538
58 582
58 960
58 974
58 1113
58 1134
59 243
59 244
59 293
59 294
59 1350
59 1351
59 1892
59 1893
60 659
60 1087
60 1088
60 1093
60 1094
60 1118
60 1231
60 1234
60 1241
60 1275
60 1278
60 1281
60 1287
60 1301
60 1338
60 1344
60 1368
60 1373
60 1628
60 1632
60 2182
60 2187
60 2204
60 2218
60 2219
60 2253
60 2254
60 2815
60 2820
60 2821
60 2828
61 1582
61 1583
62 70
62 71
62 79
62 197
63 724
63 736
63 737
63 1001
63 1002
63 1003
63 1019
63 1023
63 1332
63 1334
63 1478
63 1499
63 1500
64 1019
64 1023
65 724
65 736
65 1113
65 1134
66 1343
66 1344
68 70
68 71
69 1250
69 1261
70 99
70 152
70 156
70 952
70 1372
71 99
71 152
71 156
71 632
71 633
71 952
71 1372
72 1317
72 1323
73 727
73 739
73 1180
73 1191
73 1250
73 1261
73 1291
73 1298
73 1626
73 1633
74 632
74 633
75 1317
75 1323
76 727
76 739
76 1180
76 1191
76 1291
76 1298
76 1626
76 1633
77 1249
77 1253
77 1264
77 1284
78 1253
78 1264
80 169
80 170
81 168
81 169
82 201
82 208
83 226
83 229
84 90
84 91
84 106
84 108
84 131
84 135
84 148
84 154
84 208
84 210
84 226
84 229
85 107
85 110
85 232
85 234
86 89
86 107
86 110
86 129
86 131
86 232
86 234
87 89
87 129
87 131
88 1347
88 1350
89 1719
89 1722
90 103
90 447
90 528
90 529
90 1428
90 1431
90 1433
90 1570
91 103
91 447
91 528
91 529
91 1428
91 1431
91 1433
91 1570
92 1380
92 1384
93 1380
93 1384
94 992
94 993
94 994
94 1419
94 1420
95 1419
95 1420
96 184
96 1368
96 1375
96 1389
96 1391
96 1392
96 1396
96 1401
96 1419
96 1424
97 1368
97 1375
97 1389
97 1391
97 1392
97 1396
97 1401
97 1402
97 1405
98 134
98 138
98 221
98 226
98 229
98 230
98 232
98 234
100 169
100 170
101 168
101 169
102 201
102 208
102 2218
102 2227
103 106
103 108
103 131
103 133
103 134
103 135
103 137
103 138
103 148
103 154
103 208
103 210
103 221
103 225
103 226
103 229
103 230
103 232
103 234
104 2218
104 2227
105 133
105 134
105 137
105 138
105 221
105 225
105 226
105 229
105 230
106 120
106 126
106 132
106 135
106 136
106 139
106 146
106 150
106 155
106 230
106 232
108 120
108 126
108 132
108 135
108 136
108 139
108 146
108 150
108 155
108 230
108 232
109 148
109 154
109 165
109 166
109 1723
109 1724
111 214
111 216
112 528
112 616
112 617
112 1310
113 185
113 187
114 148
114 154
114 165
114 166
114 1723
114 1724
115 185
115 187
115 1708
115 1713
116 219
116 221
116 225
117 204
117 207
118 528
118 616
118 617
118 1310
119 162
119 184
119 1708
119 1713
120 123
120 124
121 219
121 221
121 225
122 162
122 184
123 126
123 128
123 133
124 126
124 128
124 133
125 204
125 207
127 179
127 200
127 222
127 223
127 226
127 229
127 231
127 232
127 233
127 234
127 308
127 324
127 1795
127 1796
127 2356
127 2365
130 1802
130 1803
130 1806
130 1808
130 1809
131 239
131 241
131 1351
131 1708
131 1713
134 138
134 169
134 170
134 179
134 180
134 222
134 223
134 226
134 286
134 292
134 296
134 301
134 1709
134 1797
134 1798
134 1800
134 1801
134 1804
134 1818
134 1819
135 239
135 241
135 1351
135 1708
135 1713
135 2921
135 2927
136 953
136 954
136 1402
136 1409
138 169
138 170
138 179
138 200
138 226
138 229
138 231
138 232
138 233
138 234
138 286
138 292
138 296
138 301
138 308
138 324
138 1709
138 1795
138 1796
138 1798
138 1800
138 1818
138 1819
138 2356
138 2365
138 2913
138 2919
140 1802
140 1803
140 1806
140 1808
140 1809
140 2495
140 2496
140 2921
140 2927
141 528
141 529
142 953
142 954
142 1402
142 1409
143 265
143 1444
143 1445
143 1469
143 2495
143 2496
143 2921
143 2927
144 2913
144 2919
145 528
145 529
146 147
146 265
146 633
146 647
146 1361
146 1439
146 1440
146 1441
146 1444
146 1445
146 1469
146 1503
146 1504
146 1509
146 1511
146 1540
146 1542
146 1719
146 3083
146 3084
147 264
147 265
147 633
147 647
147 684
147 699
147 1361
147 1439
147 1469
147 1492
147 1497
147 1503
147 1504
147 1509
147 1511
147 1540
147 1542
147 1717
147 1718
147 1719
147 1722
147 1728
147 1729
147 3073
147 3077
148 150
148 154
148 155
148 527
148 1428
148 1431
148 1433
148 1434
148 1443
148 1444
148 1468
148 1472
148 1476
148 1477
148 1483
148 1517
148 1521
150 154
150 1431
150 1433
150 1434
150 1440
150 1441
150 1442
150 1444
150 1445
150 1719
150 1722
150 2999
150 3001
150 3004
151 992
151 993
151 994
152 1419
152 1424
153 264
153 265
153 684
153 699
153 1361
153 1439
153 1469
153 1492
153 1497
153 1507
153 1514
153 1717
153 1718
153 1719
153 1722
153 1728
153 1729
153 1730
153 1751
153 2939
153 3017
153 3073
153 3077
154 155
154 264
154 265
154 527
154 1428
154 1431
154 1443
154 1444
154 1445
154 1468
154 1472
154 1476
154 1477
154 1483
154 1484
154 1487
154 1507
154 1514
154 1517
154 1521
154 1717
154 1722
154 1729
154 1730
154 1751
154 2939
154 3017
154 3021
154 3032
155 1400
155 1406
155 1407
155 1408
155 1428
155 1431
155 1434
155 1440
155 1441
155 1442
155 1717
155 1719
155 1722
155 2999
155 3001
155 3004
155 3013
155 3015
156 1419
156 1424
157 1363
157 1407
157 1408
157 1428
157 1431
157 1450
157 2982
157 2986
157 3013
157 3015
157 3039
157 3047
158 1400
158 1406
158 1428
158 1431
158 1440
158 1441
158 1442
158 1451
158 1453
158 1456
158 1464
158 1484
158 1487
158 2982
158 2986
158 3021
158 3032
159 184
159 1392
159 1396
159 1401
159 1419
159 1424
160 1363
160 1400
160 1406
160 1428
160 1431
160 1440
160 1441
160 1450
160 1451
160 1453
160 1456
160 1464
160 2982
160 2986
160 3039
160 3047
161 2598
161 2600
162 163
162 513
162 514
162 583
162 596
162 597
162 600
162 602
162 604
162 607
162 611
162 616
162 618
162 619
163 169
163 170
165 166
165 216
165 218
166 216
166 218
167 595
167 599
168 191
168 195
168 201
168 208
168 1436
168 1437
169 170
169 173
169 174
169 185
169 191
169 195
169 201
169 208
169 319
169 320
169 1436
169 1437
170 173
170 174
170 185
171 194
172 1771
172 1776
173 203
173 205
173 206
173 209
173 222
173 224
173 226
173 231
173 512
173 721
173 1343
173 1347
173 1770
173 1774
174 203
174 205
174 206
174 209
174 222
174 224
174 226
174 231
174 512
174 721
174 1343
174 1347
174 1770
174 1774
175 1704
175 1707
176 1704
176 1707
176 1783
176 1786
177 180
177 181
177 1783
177 1786
178 180
178 181
178 285
178 286
179 220
179 224
179 230
179 232
179 1343
179 1347
179 1350
179 1709
180 1343
180 1347
180 1709
181 512
181 555
181 944
181 945
182 512
182 555
182 944
182 945
183 1347
183 1350
185 620
185 621
186 194
186 199
186 205
186 209
187 620
187 621
188 1798
188 1800
189 194
189 199
189 205
189 209
190 528
190 529
192 205
192 209
192 1343
192 1347
193 1704
193 1707
193 1798
193 1800
194 1739
194 1782
196 205
196 209
196 222
196 226
196 512
196 721
196 1343
196 1347
197 528
197 529
198 1704
198 1707
199 1771
199 1776
202 1704
202 1707
205 1704
205 1707
208 221
208 226
208 229
208 230
208 1351
210 221
210 226
210 227
210 228
210 229
210 230
210 231
210 1351
211 222
211 226
212 222
212 226
212 227
212 230
213 228
213 231
214 222
214 226
214 230
214 232
214 3017
214 3028
215 222
215 226
215 230
215 232
216 230
216 232
216 3017
216 3028
217 230
217 232
220 233
222 231
222 233
222 235
222 236
222 568
222 574
223 231
223 233
224 233
226 229
226 230
226 231
226 233
226 235
226 236
226 238
226 239
226 568
226 574
228 230
228 232
229 230
229 238
229 239
229 240
230 231
230 233
230 239
230 240
230 1743
230 1744
231 232
232 233
232 237
232 1743
232 1744
234 237
235 614
235 616
236 614
236 616
238 1715
238 1719
239 1715
239 1719
243 244
244 279
244 285
244 324
244 325
245 311
245 312
245 317
246 285
246 286
247 284
247 285
248 284
248 285
249 279
249 285
250 1346
250 1347
251 1335
251 1338
252 1335
252 1338
253 1343
253 1344
253 1346
253 1347
254 730
254 1129
254 1343
254 1344
255 741
255 747
255 946
255 947
256 317
256 318
257 258
257 1545
258 275
258 282
258 283
258 288
258 290
258 1547
259 282
259 283
259 287
259 290
259 311
259 312
259 314
260 1346
260 1349
260 1536
260 1540
261 1534
261 1539
262 264
262 498
262 499
262 502
262 634
262 635
262 907
262 916
262 1347
262 1350
262 1478
262 1483
262 1499
262 1500
262 1532
262 1534
262 1535
262 1538
262 1539
262 1541
262 1641
262 1646
262 1648
262 1649
263 498
263 499
263 502
263 634
263 635
263 907
263 916
263 1347
263 1350
263 1478
263 1499
263 1500
263 1505
263 1519
263 1527
263 1532
263 1534
263 1535
263 1538
263 1539
263 1541
263 1641
263 1646
263 1648
263 1649
264 321
264 322
264 323
264 504
264 506
264 815
264 816
264 818
264 875
264 876
264 899
264 901
264 906
264 907
264 1363
264 1450
264 1456
264 1467
264 1517
264 1519
264 1521
264 1522
264 1527
264 1539
264 1541
264 1718
264 1720
265 321
265 323
265 875
265 876
265 901
265 907
265 1456
265 1467
265 1517
265 1521
265 1719
265 1722
266 311
266 312
266 317
267 285
267 286
268 273
268 274
268 370
268 371
269 1346
269 1347
270 279
270 285
272 370
272 371
272 1347
272 1350
273 274
273 300
273 301
273 365
273 367
273 858
273 863
273 948
273 949
273 1340
273 1343
273 1347
273 1350
274 275
274 276
274 858
274 863
274 948
274 949
274 1340
274 1343
275 281
275 289
275 294
275 1545
276 281
277 355
277 357
278 730
278 1129
278 1346
278 1347
279 349
279 355
279 357
280 300
280 301
280 365
280 367
280 926
280 929
282 289
282 294
282 1536
282 1540
282 1545
283 298
283 304
283 1545
285 308
285 349
285 706
285 707
285 710
285 887
285 890
285 926
285 930
285 935
285 1346
285 1347
286 308
286 926
286 929
286 930
286 935
287 1536
287 1540
287 1545
288 1545
290 298
290 304
290 1545
291 706
291 707
291 710
291 887
291 890
291 1346
291 1347
293 1351
294 311
294 312
294 1351
295 312
295 317
296 1871
296 1877
297 306
297 310
298 311
298 312
298 316
298 320
298 901
298 911
298 1362
298 1363
299 312
299 317
299 1343
299 1347
300 1795
300 1796
301 1795
301 1796
301 1871
301 1877
302 306
302 310
303 324
303 340
304 312
304 316
304 317
304 320
304 901
304 911
304 1343
304 1347
304 1362
304 1363
305 324
305 340
307 1347
307 1350
308 1347
308 1350
309 1347
309 1350
311 313
311 315
311 626
311 771
311 1429
311 1430
311 1543
311 1545
312 313
312 315
312 626
312 771
312 1347
312 1350
312 1355
312 1429
312 1430
312 1543
312 1545
313 719
313 720
314 1545
315 719
315 720
315 1346
315 1347
316 319
316 320
316 458
316 605
316 612
316 858
316 863
316 957
316 1351
316 1802
316 1805
317 626
317 771
317 1347
317 1350
317 1355
317 1543
317 1545
317 1548
318 1548
319 320
319 581
319 1346
319 1347
320 458
320 581
320 605
320 612
320 858
320 863
320 906
320 915
320 957
320 1346
320 1347
320 1351
320 1802
320 1805
321 906
321 915
322 1483
324 349
325 349
326 337
326 338
326 697
326 701
327 337
327 338
327 684
327 690
327 697
327 701
328 336
328 690
328 693
328 822
329 335
329 824
330 683
330 690
330 692
330 693
330 704
331 682
331 683
331 684
331 690
331 691
331 692
332 855
332 860
332 944
332 946
333 372
333 381
333 684
333 690
333 1035
333 1040
334 684
334 690
334 1035
334 1040
335 343
335 350
335 353
336 715
337 338
337 341
337 344
337 663
337 670
337 1061
337 1066
338 341
338 344
338 663
338 670
338 1061
338 1066
339 696
339 700
342 687
342 692
343 824
345 718
345 720
346 687
346 692
347 718
347 720
348 356
348 358
349 1701
349 1704
350 774
350 775
350 824
351 356
351 358
352 1701
352 1704
353 774
353 775
353 824
354 363
354 364
354 368
354 369
354 774
354 775
354 852
354 859
356 854
356 861
359 363
359 364
359 368
359 369
359 852
359 859
360 366
360 367
361 854
361 861
362 366
362 367
366 803
366 1777
366 1779
366 1782
367 803
368 852
368 859
368 1343
368 1347
368 1777
368 1779
368 1782
369 852
369 859
369 1343
369 1347
372 696
372 700
372 861
373 375
373 800
374 399
374 401
375 399
375 401
375 802
376 387
376 409
376 421
377 741
377 747
377 799
377 801
378 392
378 393
378 394
378 395
378 908
378 917
379 392
379 393
379 394
379 395
379 398
379 406
379 908
379 917
380 392
380 393
381 861
382 431
382 435
382 573
382 583
382 587
382 596
382 836
382 840
382 852
382 859
382 926
382 929
382 935
383 431
383 435
383 836
383 840
384 431
384 435
384 817
384 821
384 827
384 832
384 838
384 843
384 926
384 929
385 828
385 831
385 881
385 884
385 916
385 918
386 444
386 1551
387 393
387 400
387 801
388 1021
388 1030
389 809
389 810
390 409
390 421
391 392
391 393
392 398
392 406
395 999
395 1589
395 1590
396 413
396 415
397 413
397 415
402 1025
402 1038
402 1044
402 1045
403 413
403 415
404 999
404 1589
404 1590
405 999
405 1589
405 1590
407 870
407 871
408 419
408 420
409 1353
409 1356
410 560
410 585
410 1353
410 1356
411 417
411 418
411 870
411 871
411 900
411 915
411 1593
411 1594
412 417
412 418
412 419
412 420
412 870
412 871
413 427
414 1022
414 1596
415 427
416 516
416 553
416 1022
416 1596
417 900
417 915
417 1593
417 1594
418 516
418 553
419 1549
419 1552
420 963
420 968
420 1549
420 1552
422 963
422 968
423 1021
423 1030
424 901
424 911
424 1436
424 1440
425 901
425 911
426 963
426 968
428 560
428 585
429 847
429 852
429 859
429 907
429 916
429 1566
429 1571
429 1575
430 826
430 830
430 1025
430 1038
430 1044
430 1045
431 433
431 435
431 813
431 817
431 821
431 852
431 859
431 921
431 922
431 1436
431 1440
432 826
432 830
433 435
433 436
433 437
433 512
433 555
434 847
434 852
434 859
434 907
434 916
434 1566
434 1571
434 1575
435 436
435 437
435 512
435 555
435 813
435 817
435 821
435 852
435 859
435 921
435 922
438 821
438 826
439 821
439 826
440 881
440 884
441 881
441 884
442 815
442 816
442 818
443 444
443 815
443 816
443 818
443 1551
445 998
445 1592
446 998
446 1592
448 1574
448 1584
449 504
449 508
450 459
450 504
450 508
450 958
451 459
451 504
451 508
451 958
452 483
452 488
452 504
452 508
453 494
453 498
453 503
453 505
453 881
453 882
453 884
453 886
453 888
453 889
453 895
454 882
454 886
454 888
454 895
454 1453
454 1464
455 888
455 895
456 498
456 499
456 502
456 881
456 884
457 890
457 892
457 1079
457 1080
457 1477
457 1491
458 890
458 892
458 1477
458 1491
459 505
459 506
459 996
459 997
459 1020
459 1519
459 1522
459 1527
459 1595
460 505
460 506
460 996
460 997
460 1020
460 1519
460 1522
460 1527
460 1595
461 965
461 974
462 463
462 481
462 483
462 489
462 976
462 978
463 481
464 985
464 988
465 960
465 972
465 974
465 976
465 989
465 990
466 998
466 1592
467 809
467 810
468 809
468 810
469 968
469 973
470 968
470 973
470 1136
470 1150
471 494
471 498
472 494
472 498
473 1136
473 1150
474 480
474 483
475 480
475 483
476 494
476 498
477 494
477 498
478 498
478 499
478 502
479 498
479 499
479 502
479 883
479 885
480 493
480 494
482 875
482 909
483 493
483 494
483 495
483 497
483 498
483 502
483 959
484 490
484 492
484 495
484 497
484 498
484 499
484 502
484 881
484 884
485 490
485 492
485 881
485 883
485 884
485 885
486 496
486 498
486 499
486 501
486 502
486 875
486 882
486 888
486 897
486 909
486 910
487 490
487 492
487 875
487 909
487 1453
487 1464
488 495
488 497
488 498
488 502
489 499
489 502
489 959
490 492
491 496
491 498
491 499
491 501
491 502
491 875
491 882
491 888
491 897
491 909
491 910
492 495
492 497
493 498
493 499
493 502
494 498
494 499
494 500
494 502
496 498
496 499
496 502
497 504
497 508
498 500
498 501
498 881
498 887
498 890
499 501
499 881
499 887
499 890
499 1404
499 1407
500 503
500 505
500 881
500 884
500 886
500 888
500 889
500 895
501 502
502 881
502 887
502 890
502 1404
502 1407
504 507
504 510
504 511
504 878
504 891
504 961
504 967
504 1483
504 1488
504 1498
505 507
505 510
506 507
506 510
506 878
506 891
506 961
506 967
506 1483
507 508
508 510
508 511
508 1488
508 1498
511 1079
511 1080
511 1477
511 1491
512 2172
512 2177
513 552
513 562
514 552
514 562
514 706
514 710
515 706
515 710
516 517
516 552
516 562
516 679
516 688
516 1338
516 1340
517 549
517 550
517 552
517 562
517 695
517 703
517 1338
517 1340
518 554
518 576
518 585
518 713
519 628
519 784
520 524
520 525
520 558
520 572
520 626
520 763
520 769
521 558
521 572
521 625
521 626
521 643
521 760
521 763
521 769
521 771
522 572
522 575
522 625
522 653
522 659
522 760
522 769
522 771
523 549
523 560
523 572
523 575
523 1151
523 1160
524 548
524 601
524 623
524 641
524 1151
524 1160
524 1164
524 1165
525 528
525 529
525 548
525 601
525 623
525 641
525 1164
525 1165
525 1343
525 1347
526 2182
526 2187
526 2919
526 2921
526 2923
527 602
527 604
527 611
527 616
527 617
527 1417
527 1418
528 544
528 596
528 602
528 604
528 611
528 613
528 615
529 544
529 602
529 604
529 611
529 613
529 615
530 599
530 600
530 1308
531 599
531 600
531 1308
532 1304
532 1307
533 623
533 624
534 549
534 560
534 572
534 575
535 536
535 537
536 537
536 1274
536 1277
537 1100
537 1235
537 1274
537 1277
537 1293
537 1294
538 1249
538 1267
538 1271
538 1284
538 1293
538 1294
538 2746
538 2750
539 1246
539 1252
540 1187
540 1189
540 1254
540 1255
541 1105
541 1106
541 1187
541 1189
542 1256
542 1262
543 1185
543 1186
543 1201
543 1205
543 1256
543 1262
543 1534
543 1538
543 1623
543 1628
543 2182
543 2187
544 1185
544 1186
544 1534
544 1538
544 1623
544 1628
545 1305
545 1628
545 1632
546 1304
546 1307
547 625
547 760
547 769
547 771
549 552
549 628
549 645
549 654
549 784
550 552
550 576
550 585
550 628
550 784
551 554
551 576
551 585
551 713
552 569
552 576
552 577
552 589
552 593
552 595
552 627
552 628
552 695
552 703
552 771
552 779
552 784
553 1338
553 1343
554 701
554 705
555 2172
555 2177
556 623
556 624
556 734
556 738
556 1305
557 1185
557 1186
557 1534
557 1538
557 1623
557 1628
558 576
558 585
558 625
558 642
558 760
558 763
559 569
559 572
559 575
559 576
559 585
559 642
559 763
559 1622
559 1623
560 645
560 654
561 679
561 688
562 569
562 576
562 577
562 585
562 589
562 593
562 595
562 599
562 627
562 628
562 769
562 779
562 784
563 1338
563 1343
564 623
564 624
564 734
564 738
564 1305
564 1628
564 1632
565 569
565 576
565 585
566 1603
566 1619
568 716
568 717
568 1615
568 2919
569 576
569 585
569 586
569 623
569 628
569 641
569 653
569 659
569 671
569 677
569 679
569 688
569 784
569 1136
569 1151
569 1603
569 1619
570 573
570 576
570 585
570 587
570 590
570 595
570 599
570 627
570 769
570 779
570 1572
570 1573
571 627
571 695
571 703
571 771
571 779
572 592
572 625
572 642
572 760
572 763
572 779
572 784
573 576
573 578
573 585
573 590
573 679
573 688
573 811
574 716
574 717
574 1615
574 2919
575 592
575 779
575 784
576 579
576 583
576 585
576 586
576 623
576 625
576 626
576 628
576 629
576 630
576 641
576 646
576 653
576 659
576 671
576 677
576 679
576 688
576 758
576 760
576 763
576 769
576 784
576 1136
576 1151
576 1304
576 1307
576 1554
576 1563
577 624
577 750
577 1335
577 1338
577 1628
577 1632
578 587
578 590
578 599
578 600
578 1572
578 1573
579 585
579 1309
579 1311
579 1572
579 1573
580 595
580 599
582 1100
582 1235
582 1249
582 1267
582 1271
582 1284
582 2746
582 2750
583 585
583 622
583 811
584 1309
584 1311
585 591
585 594
585 625
585 626
585 628
585 629
585 630
585 646
585 679
585 688
585 758
585 760
585 763
585 769
585 784
585 1304
585 1307
585 1554
585 1563
586 591
586 594
586 624
586 750
586 1304
586 1307
586 1335
586 1338
586 1628
586 1632
587 590
587 811
589 2150
589 2161
589 2162
589 2172
590 599
590 600
591 1299
591 1300
592 1304
592 1307
592 1622
592 1623
593 1054
593 1058
593 2150
593 2161
593 2162
593 2172
594 1299
594 1300
595 1136
595 1151
595 1335
595 1338
596 614
596 616
596 622
596 811
596 955
596 1054
596 1058
596 1310
596 1328
596 3017
596 3028
596 3037
597 622
599 629
599 630
599 646
599 2331
599 2333
599 2915
599 2921
600 622
600 629
600 630
600 646
600 2331
600 2333
600 2915
600 2921
602 622
602 1310
602 3017
602 3028
602 3037
604 614
604 616
604 622
604 955
604 1054
604 1058
604 1310
604 1328
604 3017
604 3028
604 3037
606 1136
606 1151
607 622
608 623
608 624
609 1304
609 1307
611 622
613 1316
613 1322
615 1316
615 1322
624 749
624 752
624 753
624 756
624 778
624 780
624 2150
624 2172
625 664
625 754
625 755
625 769
625 779
625 1126
625 1137
625 1153
625 1343
625 1344
626 660
626 665
627 628
627 679
627 688
627 769
627 771
627 779
628 650
628 655
628 703
628 708
628 779
629 630
629 646
629 650
629 655
629 669
629 675
629 703
629 708
629 717
629 721
629 765
629 779
629 781
629 2231
629 2237
630 646
630 650
630 655
630 669
630 675
630 703
630 708
630 907
630 916
630 2231
630 2237
631 650
631 655
632 655
632 658
633 634
633 647
633 648
633 650
633 655
633 669
633 676
633 681
633 682
633 684
633 686
633 690
634 638
634 647
634 648
634 649
634 676
634 684
634 689
634 695
634 1342
634 1346
635 637
635 638
635 649
635 689
635 695
635 802
635 1342
635 1346
636 637
636 802
637 655
637 658
637 666
637 667
637 673
637 681
637 684
637 690
637 1688
637 1694
637 3028
637 3037
638 655
638 658
638 666
638 667
638 684
638 690
638 1688
638 1694
639 650
639 655
640 2919
640 2921
640 2923
642 749
642 756
643 664
644 650
644 655
645 672
645 679
645 703
645 708
645 765
645 779
645 781
646 650
646 655
646 669
646 672
646 675
646 679
646 703
646 708
646 717
646 721
646 765
646 779
646 781
646 907
646 916
647 648
647 650
647 655
647 669
647 676
647 684
647 686
647 690
648 681
648 682
648 689
648 695
650 655
650 658
650 669
650 675
650 676
650 684
650 784
650 802
651 667
651 673
651 681
651 684
651 3028
651 3037
652 1343
652 1347
653 664
655 666
655 667
655 669
655 675
655 676
655 684
655 784
655 802
656 669
656 686
657 667
657 673
657 684
657 690
658 666
658 667
658 1343
658 1344
659 664
659 1632
660 763
660 769
660 771
661 1343
661 1344
662 682
662 683
662 684
662 690
662 691
662 692
662 693
662 704
663 670
663 674
664 760
664 763
665 763
665 769
665 771
668 669
668 675
669 677
669 679
669 688
670 674
673 701
673 705
675 677
678 679
678 688
679 685
679 686
679 688
679 708
679 769
679 771
679 779
680 769
680 771
682 701
682 705
684 715
685 688
686 688
688 708
688 769
688 771
688 779
690 711
690 715
693 711
694 716
694 717
695 698
695 708
698 703
701 713
702 716
702 717
703 708
703 709
703 712
703 779
705 713
708 709
708 712
708 779
714 769
714 774
715 822
716 769
716 774
719 1338
719 1340
721 1338
721 1340
722 728
722 733
722 737
722 1036
722 1048
722 1103
722 1115
722 1145
722 1158
722 1168
723 728
723 733
723 734
723 737
723 738
723 766
723 778
723 1091
723 1092
723 1103
723 1104
723 1105
723 1114
723 1116
723 1118
723 1122
723 1127
723 1133
723 1155
723 1156
723 1158
723 1167
723 1168
724 1121
724 1132
724 1143
724 1154
724 1155
724 1156
724 1343
724 1347
725 1106
725 1107
725 1128
725 1135
725 1155
725 1156
726 1121
726 1127
726 1128
726 1132
726 1135
726 1144
726 1152
726 1158
726 1339
726 1341
727 737
727 744
728 1108
729 1124
729 1130
729 1136
731 762
731 768
731 776
731 777
731 782
731 793
731 794
731 1016
731 1017
731 1018
731 1026
731 1050
731 1061
731 1066
731 1080
731 1083
731 1346
731 1349
731 1532
731 1535
732 762
732 768
732 776
732 777
732 782
732 793
732 794
732 1016
732 1017
732 1061
732 1066
732 1532
732 1535
733 734
733 738
733 1108
733 1155
733 1156
734 737
734 744
735 1124
735 1130
736 1121
736 1132
736 1143
736 1154
737 739
737 1108
737 1121
737 1128
737 1132
737 1133
737 1146
737 1153
738 742
738 743
738 748
738 751
738 1460
738 1461
739 743
739 744
739 751
740 1559
740 1564
741 747
741 762
741 768
741 777
741 783
741 786
741 788
741 792
741 793
741 795
741 796
741 799
741 801
741 907
741 916
741 918
741 1016
741 1017
741 1025
741 1034
741 1038
741 1045
741 1124
741 1130
741 1346
741 1349
741 1546
741 1547
742 745
743 1085
743 1087
743 1116
743 1120
743 1122
743 1131
744 1120
744 1128
744 1131
744 1133
744 1146
744 1153
745 748
745 1460
745 1461
746 1559
746 1564
747 777
747 783
747 786
747 788
747 792
747 793
747 795
747 796
747 799
747 801
747 907
747 916
747 918
747 1016
747 1017
747 1025
747 1034
747 1038
747 1045
747 1124
747 1130
747 1546
747 1547
749 750
749 758
750 752
750 753
750 756
750 775
750 778
750 780
750 1116
750 1122
751 1085
751 1087
751 1120
751 1131
752 769
752 771
753 769
753 771
753 1172
753 1180
754 760
755 760
756 758
756 779
756 784
757 1172
757 1180
758 775
758 778
758 2150
758 2172
759 1641
759 1646
760 769
760 779
760 1126
760 1137
760 1153
760 1343
760 1344
761 779
761 784
761 1080
761 1083
762 773
762 1109
763 1641
763 1646
764 836
764 840
766 769
766 771
766 1108
766 1123
766 1124
767 1080
767 1083
768 773
768 1109
769 772
769 778
769 779
769 1158
769 1168
770 836
770 840
771 772
771 778
771 779
772 975
772 1042
772 1055
772 1112
772 1123
772 1328
775 1129
775 1142
776 786
776 788
777 786
777 788
777 789
777 792
777 1109
778 975
778 1042
778 1044
778 1055
778 1108
778 1112
778 1113
778 1119
778 1123
778 1124
778 1129
778 1134
778 1142
778 1328
779 1158
779 1168
780 1044
780 1055
780 1112
780 1113
780 1119
780 1134
782 1539
782 1541
783 789
783 792
785 1538
785 1541
786 793
786 794
786 1489
786 1493
787 1124
787 1130
787 1539
787 1541
788 1489
788 1493
790 1124
790 1130
791 1538
791 1541
792 793
792 794
793 799
793 801
797 799
797 801
798 799
798 801
800 802
804 920
804 924
805 855
805 856
806 855
806 856
806 858
806 863
807 835
807 839
807 858
807 863
807 921
807 922
808 842
808 844
809 881
809 882
809 1553
810 881
810 882
810 1553
811 836
811 840
811 852
811 859
811 926
811 929
811 935
812 817
812 821
812 827
812 832
812 838
812 843
812 926
812 929
812 1558
812 1560
812 1562
813 817
813 821
813 826
813 830
813 1558
813 1560
813 1562
814 826
814 830
814 833
814 837
814 840
815 1483
816 828
816 831
816 881
816 884
816 916
816 918
816 1483
817 905
817 921
817 922
817 1566
817 1571
817 1575
818 828
818 831
818 881
818 884
818 1483
819 826
819 830
819 833
819 837
819 840
820 827
820 832
821 905
821 921
821 922
821 924
821 1566
821 1571
821 1575
823 836
823 840
823 937
823 942
823 3147
823 3150
824 1335
824 1338
825 897
825 905
826 837
826 838
826 897
826 905
826 921
826 924
826 1338
826 1340
829 836
829 840
829 937
829 942
829 1335
829 1338
829 3147
829 3150
830 1338
830 1340
832 836
832 840
833 837
833 838
834 836
834 840
835 920
836 1342
836 1346
836 1400
836 1406
837 854
837 857
839 920
840 854
840 857
840 1342
840 1346
840 1400
840 1406
841 852
841 859
842 903
843 854
843 857
844 903
845 857
845 861
846 852
846 859
847 850
847 852
847 853
847 859
847 920
847 924
847 926
847 929
848 857
848 858
848 861
848 863
848 1343
848 1347
848 1866
848 1872
849 858
849 863
849 920
849 924
850 851
850 858
850 863
851 852
851 853
851 859
851 920
851 924
851 926
851 929
851 937
851 942
852 855
852 856
852 858
852 920
852 921
852 922
852 924
852 935
852 942
852 944
852 946
853 858
853 863
854 857
854 858
854 861
854 863
854 907
854 916
854 926
854 929
854 935
854 1343
854 1347
854 1866
854 1872
855 859
855 867
855 905
855 913
855 921
855 922
856 859
856 905
856 913
856 920
856 921
856 922
856 924
857 907
857 916
857 926
857 929
857 935
857 1129
857 1142
858 859
858 864
858 894
858 914
858 920
858 921
858 922
858 924
858 926
858 929
858 937
858 942
858 1335
858 1336
859 920
859 921
859 922
859 924
859 935
859 942
859 944
859 946
860 867
861 926
861 929
861 935
861 1035
861 1040
861 1129
861 1142
861 1343
861 1347
862 894
862 914
862 920
862 921
862 922
862 924
863 864
863 920
863 937
863 942
863 1335
863 1336
865 929
865 935
866 929
866 935
868 907
868 912
868 916
868 923
868 925
868 927
868 928
868 933
868 939
868 940
869 893
869 896
869 902
869 907
869 912
869 923
869 925
869 927
869 928
869 933
869 939
869 940
870 893
870 896
870 902
870 916
870 918
871 916
871 918
872 874
872 1524
873 874
873 1524
873 1528
873 1531
874 1488
874 1498
875 876
875 877
875 898
875 1489
875 1493
876 877
879 957
879 958
879 961
879 966
880 882
880 886
881 884
881 1519
881 1522
881 1527
883 961
883 967
884 1519
884 1522
884 1527
885 961
885 967
887 890
887 892
890 892
890 907
890 916
896 907
896 916
897 922
897 926
899 1109
899 1112
899 1119
899 1483
899 1546
899 1547
900 932
900 938
900 1530
900 1533
901 923
901 925
901 930
901 935
901 1460
901 1461
901 1530
901 1533
902 1519
902 1527
904 1335
904 1336
905 1533
905 1537
906 1109
906 1112
906 1119
906 1483
906 1546
906 1547
907 931
907 936
907 943
907 945
907 1460
907 1461
907 1533
907 1537
907 1544
907 1576
907 1581
907 2189
907 2202
908 1533
908 1537
909 1489
909 1493
910 922
910 926
910 1533
910 1537
911 923
911 925
911 930
911 932
911 935
911 938
912 916
912 918
912 1054
912 1058
912 1519
912 1527
912 1576
912 1581
916 919
916 931
916 934
916 936
916 939
916 940
916 941
916 943
916 945
916 1533
916 1537
916 1544
916 2189
916 2202
917 1533
917 1537
918 919
918 934
918 939
918 940
918 941
919 1054
919 1058
920 921
920 922
920 946
922 1533
922 1537
924 946
924 1335
924 1336
925 939
925 940
926 930
926 935
926 937
926 942
928 939
928 940
929 937
929 942
930 935
930 937
930 942
935 937
935 942
937 942
944 1016
944 1017
944 1112
944 1119
945 1112
945 1119
946 1016
946 1017
948 1530
948 1533
950 1400
950 1406
950 1497
950 1498
951 1253
951 1264
955 976
955 978
955 990
955 991
955 1374
955 1379
956 960
956 972
956 974
956 976
956 1001
956 1002
956 1003
956 1561
956 1564
956 1728
956 2244
957 1410
957 1414
957 1415
957 1447
957 1463
958 1447
958 1463
959 965
959 974
960 965
960 974
960 975
960 976
960 978
960 981
960 982
960 983
961 1103
961 1110
961 1367
961 1410
961 1414
961 1415
961 1447
961 1452
961 1463
962 965
962 974
964 976
964 978
964 980
964 982
965 968
965 974
965 976
965 978
965 982
965 983
965 1351
966 1447
966 1463
967 1103
967 1110
967 1367
967 1447
967 1452
968 974
969 981
969 982
969 983
970 981
970 982
970 983
971 980
971 982
972 975
973 980
973 981
973 982
973 983
974 975
974 976
974 978
974 981
974 982
974 983
974 1351
975 976
975 985
975 988
975 989
975 990
976 979
976 986
976 987
977 980
977 981
977 982
977 983
977 986
977 987
978 979
978 986
978 987
979 990
979 991
979 1374
979 1379
984 1253
984 1264
995 1151
995 1160
997 1022
997 1596
1000 1561
1000 1564
1001 1321
1001 1325
1001 1329
1002 1321
1002 1325
1002 1329
1003 1321
1003 1325
1003 1329
1006 1187
1006 1189
1006 1214
1006 1223
1007 1187
1007 1189
1007 1214
1007 1223
1008 1136
1008 1150
1008 1191
1008 1198
1008 1214
1008 1223
1009 1191
1009 1198
1009 1214
1009 1223
1010 1079
1010 1080
1011 1080
1011 1083
1011 1086
1011 1088
1011 1136
1011 1150
1012 1151
1012 1160
1013 1151
1013 1160
1014 1080
1014 1083
1014 1112
1014 1119
1015 1080
1015 1083
1015 1112
1015 1119
1016 1056
1016 1057
1016 1058
1016 1061
1016 1064
1016 1066
1016 1069
1017 1056
1017 1057
1017 1058
1017 1061
1017 1064
1017 1066
1017 1069
1018 1109
1019 1070
1019 1330
1019 1331
1019 1337
1019 1621
1019 1623
1020 1022
1020 1596
1022 1595
1023 1070
1023 1330
1023 1331
1023 1337
1023 1621
1023 1623
1024 1039
1024 1040
1025 1049
1025 1053
1026 1080
1026 1083
1026 1109
1027 1039
1027 1040
1028 1039
1028 1040
1029 1136
1029 1151
1032 1039
1032 1040
1033 1034
1033 1041
1033 1043
1033 1045
1034 1042
1034 1049
1034 1053
1034 1136
1034 1151
1035 1049
1035 1054
1036 1111
1037 1151
1037 1160
1040 1049
1040 1054
1041 1042
1042 1043
1042 1045
1045 1136
1045 1151
1046 1208
1046 1214
1046 1223
1047 1051
1047 1052
1047 1057
1047 1058
1047 1061
1047 1065
1047 1066
1047 1073
1047 1078
1047 1208
1047 1214
1047 1223
1048 1111
1050 1109
1051 1060
1052 1060
1054 1056
1054 1064
1054 1112
1054 1119
1055 1056
1055 1064
1055 1112
1055 1119
1056 1058
1056 1136
1056 1151
1057 1060
1058 1060
1058 1064
1058 1112
1058 1119
1059 1151
1059 1160
1059 1162
1059 1222
1059 1226
1060 1061
1060 1065
1060 1066
1060 1068
1060 1073
1060 1078
1060 1208
1060 1214
1060 1223
1061 1072
1061 1077
1061 1080
1061 1083
1061 1109
1062 1151
1062 1160
1062 1162
1062 1222
1062 1226
1063 1084
1063 1085
1064 1066
1064 1068
1066 1072
1066 1077
1066 1080
1066 1083
1066 1109
1067 1084
1067 1085
1069 1072
1069 1077
1073 1112
1073 1123
1073 1142
1073 1149
1074 1079
1074 1080
1075 1142
1075 1149
1076 1080
1076 1083
1078 1112
1078 1123
1078 1142
1078 1149
1078 1184
1078 1191
1079 1080
1079 1129
1079 1142
1079 1171
1079 1173
1079 1184
1079 1191
1080 1081
1080 1087
1080 1088
1080 1109
1080 1112
1080 1119
1080 1129
1080 1142
1080 1159
1080 1171
1080 1173
1080 1195
1080 2759
1080 2763
1081 1083
1082 1184
1082 1191
1083 1087
1083 1088
1083 1109
1083 1112
1083 1119
1083 1142
1083 1151
1083 1159
1083 1160
1083 1195
1083 2759
1083 2763
1085 1184
1085 1191
1086 1195
1087 1136
1087 1151
1087 1184
1087 1191
1088 1136
1088 1151
1088 1195
1089 1298
1090 1298
1091 1105
1091 1106
1091 1108
1092 1094
1092 1095
1092 1108
1092 1141
1092 1164
1092 1165
1092 1231
1092 1233
1092 1236
1092 1239
1092 1240
1092 1628
1092 1632
1093 1094
1093 1095
1093 1141
1093 1231
1093 1233
1093 1240
1094 1111
1094 1117
1094 1118
1094 1164
1094 1165
1094 1234
1095 1104
1095 1105
1095 1118
1095 1141
1095 1164
1095 1165
1095 1176
1095 1181
1095 1186
1095 1192
1095 1234
1095 2824
1095 2833
1096 1374
1096 1379
1097 1197
1097 1205
1097 1374
1097 1379
1098 1197
1098 1205
1099 1208
1099 1228
1101 1244
1101 1251
1102 1244
1102 1251
1103 1108
1103 1130
1103 1136
1104 1108
1104 1121
1104 1127
1104 1132
1104 1138
1104 1141
1105 1108
1105 1121
1105 1127
1105 1132
1105 1135
1105 1138
1105 1141
1105 1144
1105 1152
1105 1158
1105 1339
1105 1341
1106 1107
1107 1128
1107 1135
1107 1343
1107 1347
1108 1114
1108 1115
1108 1116
1108 1118
1108 1122
1108 1127
1108 1133
1108 1145
1108 1158
1108 1167
1108 1168
1110 1124
1110 1130
1110 1136
1111 1128
1111 1135
1111 1231
1112 1124
1112 1130
1113 1130
1113 1136
1114 1132
1114 1138
1116 1128
1116 1135
1116 1155
1116 1156
1117 1127
1117 1139
1117 1231
1118 1141
1120 1130
1120 1136
1122 1128
1122 1135
1122 1155
1122 1156
1123 1124
1123 1130
1124 1566
1124 1567
1124 1580
1125 1127
1125 1139
1127 1138
1127 1143
1127 1146
1127 1154
1127 1155
1127 1156
1128 1143
1128 1154
1130 1134
1130 1136
1130 1151
1130 1154
1130 1157
1130 1566
1130 1567
1130 1580
1130 1583
1130 1585
1133 1138
1133 1146
1133 1155
1133 1156
1134 1136
1135 1143
1135 1154
1136 1146
1136 1151
1136 1153
1136 1154
1136 1157
1136 1195
1136 1225
1136 1583
1136 1585
1137 1152
1137 1154
1137 1160
1137 1162
1137 1333
1137 1334
1138 1146
1138 1157
1138 1158
1138 1167
1138 1168
1138 1169
1138 1174
1139 1143
1139 1154
1140 1147
1140 1148
1140 1155
1140 1156
1141 1176
1141 1181
1141 2824
1141 2833
1143 1146
1143 1152
1143 1157
1143 1158
1143 1163
1143 1166
1143 1167
1143 1169
1143 1174
1143 1188
1143 1221
1143 1225
1146 1151
1146 1221
1146 1229
1147 1148
1148 1155
1148 1156
1150 1195
1150 1225
1151 1153
1151 1160
1151 1162
1151 1214
1151 1222
1152 1153
1152 1154
1152 1155
1152 1156
1152 1163
1152 1167
1153 1154
1153 1160
1153 1162
1153 1221
1153 1229
1153 1333
1153 1334
1154 1158
1154 1163
1154 1166
1154 1167
1154 1168
1154 1187
1154 1188
1154 1189
1154 1221
1154 1225
1155 1158
1155 1163
1155 1167
1156 1158
1156 1163
1156 1167
1157 1187
1157 1189
1158 1161
1158 1170
1158 1181
1158 1183
1158 1187
1158 1189
1158 1428
1158 1431
1160 1214
1160 1222
1161 1168
1162 1163
1162 1167
1162 1202
1162 1206
1163 1167
1163 1175
1163 1214
1163 1223
1164 1167
1164 1168
1164 1176
1164 1231
1164 1233
1164 1234
1164 1628
1164 1632
1165 1167
1165 1168
1165 1176
1165 1231
1165 1233
1165 1234
1165 1628
1165 1632
1167 1175
1167 1187
1167 1189
1167 1196
1167 1197
1167 1214
1167 1223
1167 1428
1167 1431
1168 1170
1168 1181
1168 1183
1168 1187
1168 1189
1168 1196
1168 1197
1168 1428
1168 1431
1174 1176
1174 1178
1174 1181
1174 1185
1174 1187
1174 1189
1175 1202
1175 1206
1176 1177
1176 1185
1176 1186
1176 1187
1176 1189
1176 1190
1176 1194
1177 1181
1178 1182
1179 1187
1179 1189
1181 1185
1181 1186
1181 1187
1181 1189
1181 1190
1181 1194
1182 1185
1182 1187
1182 1189
1183 1203
1183 1213
1183 1227
1184 1198
1184 1202
1184 1206
1185 1186
1185 1187
1185 1189
1186 1187
1186 1189
1186 1230
1187 1197
1187 1199
1187 1200
1187 1203
1187 1205
1187 1209
1187 1213
1187 1214
1187 1215
1187 1227
1187 1228
1188 1219
1188 1226
1189 1196
1189 1197
1189 1199
1189 1200
1189 1201
1189 1203
1189 1205
1189 1209
1189 1213
1189 1214
1189 1215
1189 1228
1190 1196
1190 1197
1190 1201
1190 1214
1190 1223
1191 1198
1191 1202
1191 1206
1191 1557
1191 1559
1192 1230
1193 1219
1193 1226
1194 1196
1194 1197
1194 1201
1194 1214
1194 1223
1196 1215
1196 1220
1197 1205
1197 1272
1197 1274
1198 1557
1198 1559
1199 1208
1199 1212
1199 1214
1199 1219
1201 1236
1201 1239
1201 1248
1201 1258
1201 1272
1201 1274
1203 1208
1203 1212
1203 1214
1203 1219
1204 1215
1204 1220
1205 1236
1205 1239
1205 1248
1205 1258
1205 1272
1205 1274
1207 1211
1207 1216
1207 1217
1208 1232
1210 1215
1210 1220
1210 1222
1210 1226
1210 1237
1210 1268
1211 1212
1211 1214
1211 1215
1211 1223
1211 1224
1211 1238
1211 1251
1212 1216
1212 1217
1213 1215
1213 1223
1214 1216
1214 1217
1215 1216
1215 1217
1215 1221
1215 1222
1215 1225
1215 1226
1216 1220
1216 1222
1216 1223
1216 1224
1216 1226
1216 1237
1216 1238
1216 1251
1216 1268
1217 1220
1217 1222
1217 1223
1217 1226
1217 1237
1217 1268
1218 1313
1218 1319
1220 1221
1220 1225
1221 1223
1222 1223
1223 1226
1228 1232
1229 1313
1229 1319
1231 1234
1231 1241
1231 1628
1231 1630
1233 1234
1233 1241
1233 1628
1233 1630
1234 1236
1234 1239
1234 1256
1234 1257
1234 1262
1234 1297
1234 1302
1234 1628
1234 1632
1235 1283
1235 1293
1236 1241
1239 1241
1241 1256
1241 1257
1241 1262
1241 1297
1241 1302
1242 1283
1242 1293
1243 1286
1243 1296
1245 1554
1245 1563
1246 1273
1246 1554
1246 1563
1247 1258
1247 1266
1252 1273
1254 1258
1254 1259
1254 1266
1255 1258
1255 1259
1255 1266
1256 1258
1256 1266
1256 2799
1256 2808
1258 1262
1260 1265
1262 1266
1262 2799
1262 2808
1263 1270
1267 1286
1267 1296
1269 1288
1269 1295
1270 1288
1270 1295
1272 1564
1272 1568
1274 1286
1274 1296
1274 1564
1274 1568
1276 1286
1276 1292
1276 1296
1277 1286
1277 1296
1279 1286
1279 1292
1279 1296
1280 1292
1280 1296
1282 1285
1282 1289
1282 1295
1282 1296
1285 1287
1285 1289
1285 1290
1285 1293
1285 1294
1286 1287
1286 1290
1286 1293
1286 1294
1289 1295
1289 1296
1297 1320
1297 1324
1299 1314
1299 1315
1300 1314
1300 1315
1300 1534
1300 1538
1301 1534
1301 1538
1301 1632
1302 1306
1302 1307
1302 1320
1302 1324
1303 1306
1303 1307
1312 1326
1312 1327
1315 1419
1315 1424
1318 1326
1318 1327
1325 1561
1325 1564
1325 1728
1325 2244
1326 1419
1326 1424
1345 2924
1345 2928
1345 2931
1346 1536
1348 1456
1348 1467
1349 1350
1349 1354
1349 1355
1349 1456
1349 1467
1349 1536
1350 1354
1350 1363
1350 1428
1350 1431
1350 1450
1352 2924
1352 2928
1352 2931
1354 1355
1355 1363
1355 1428
1355 1431
1355 1450
1357 2644
1357 2646
1358 3068
1358 3072
1359 1451
1359 1456
1359 1519
1359 1522
1359 1527
1360 1439
1360 1449
1360 1455
1360 1461
1360 1517
1360 1521
1361 1475
1361 1486
1361 2996
1361 2997
1363 1392
1363 1396
1363 1406
1363 1411
1363 1453
1363 1457
1363 1464
1363 1471
1363 1480
1363 1483
1363 1488
1363 1489
1363 1493
1363 1498
1364 1392
1364 1396
1364 1471
1364 1480
1364 1489
1364 1493
1364 1499
1364 1500
1365 1406
1365 1412
1365 1459
1365 1460
1365 1464
1365 1465
1365 1473
1366 1371
1366 1378
1366 1406
1366 1411
1366 1412
1366 1484
1366 1487
1369 1530
1369 1533
1370 1497
1370 1498
1371 1392
1371 1396
1371 1400
1371 1406
1371 1448
1371 1453
1371 1464
1371 1729
1371 1730
1374 1379
1376 1380
1376 1384
1376 1402
1376 1405
1377 1400
1377 1406
1377 1497
1377 1498
1378 1392
1378 1396
1378 1400
1378 1406
1378 1448
1378 1453
1378 1464
1378 1729
1378 1730
1380 1385
1380 1391
1380 1392
1380 1396
1381 1395
1381 1400
1382 1395
1382 1400
1383 1392
1383 1396
1384 1385
1384 1391
1384 1392
1384 1396
1386 1392
1386 1396
1386 1673
1386 1674
1387 1392
1387 1396
1388 1400
1388 1406
1389 1392
1389 1396
1389 1673
1389 1674
1390 1400
1390 1406
1391 1392
1391 1396
1392 1396
1392 1397
1392 1417
1392 1418
1392 1450
1393 1419
1393 1424
1394 1419
1394 1424
1395 1453
1395 1457
1395 1464
1396 1397
1396 1417
1396 1418
1396 1450
1397 1417
1397 1418
1397 1421
1397 1423
1398 1459
1398 1460
1399 1417
1399 1418
1399 1421
1399 1423
1400 1446
1400 1453
1400 1457
1400 1458
1400 1464
1400 1470
1400 1514
1400 1517
1403 1407
1403 1408
1406 1446
1406 1448
1406 1450
1406 1453
1406 1458
1406 1470
1406 1514
1406 1517
1407 1408
1407 1411
1407 1412
1407 1417
1407 1419
1407 1420
1407 1421
1407 1425
1408 1419
1408 1420
1411 1413
1411 1448
1411 1450
1411 1452
1412 1413
1412 1446
1412 1448
1412 1452
1413 1417
1413 1421
1413 1425
1415 1422
1415 1427
1416 1422
1416 1427
1422 1432
1422 1435
1426 1717
1426 1718
1427 1432
1427 1435
1428 1431
1428 1434
1428 2105
1428 2106
1429 1717
1429 1718
1430 2105
1430 2106
1431 1434
1431 2105
1431 2106
1433 2105
1433 2106
1435 3018
1435 3019
1438 3018
1438 3019
1439 1449
1439 1455
1439 1461
1439 1475
1439 1486
1439 2996
1439 2997
1440 1443
1440 1444
1440 1719
1441 1719
1442 1443
1442 1444
1446 1464
1446 1465
1446 1473
1446 1528
1446 1531
1447 1533
1447 1537
1448 1484
1448 1487
1449 1465
1449 1473
1449 1488
1449 1499
1449 1500
1449 1519
1449 1522
1449 1527
1450 1453
1450 1457
1450 1464
1450 1471
1450 1480
1450 1483
1450 1488
1450 1489
1450 1493
1450 1498
1450 1499
1450 1500
1451 1456
1451 1519
1451 1522
1451 1527
1451 3068
1451 3072
1453 1487
1453 1488
1453 3014
1453 3015
1454 1501
1454 1505
1455 1517
1455 1521
1456 1469
1456 1483
1456 1486
1456 1494
1456 1507
1456 1509
1456 1514
1456 1517
1456 1530
1456 1533
1456 2256
1456 2402
1457 1528
1457 1531
1460 1468
1460 1474
1460 1476
1460 1484
1461 1465
1461 1468
1461 1473
1461 1476
1461 1488
1461 1499
1461 1519
1461 1522
1461 1527
1462 1500
1462 1505
1463 1533
1463 1537
1464 1487
1464 1488
1464 3014
1464 3015
1465 1488
1465 1489
1465 1493
1465 1498
1466 1500
1466 1501
1466 1505
1467 1469
1467 1483
1467 1486
1467 1494
1467 1514
1467 1517
1467 1530
1467 1533
1467 2256
1467 2402
1468 1507
1468 1509
1468 2256
1468 2402
1469 1719
1469 1722
1471 1474
1471 1481
1471 1484
1471 1495
1472 1519
1472 1522
1472 1527
1472 2394
1472 2395
1473 1488
1473 1489
1473 1493
1473 1498
1477 1483
1477 1496
1477 1519
1477 1522
1477 1527
1477 1718
1477 1719
1477 1722
1479 1517
1479 1521
1481 1485
1482 1519
1482 1522
1482 1527
1482 2394
1482 2395
1483 1491
1483 1519
1483 1522
1483 1527
1483 1539
1483 1541
1483 1718
1483 1720
1485 1495
1485 1517
1485 1521
1488 1517
1488 1518
1488 1521
1488 1525
1488 1527
1488 1528
1488 1531
1489 1500
1489 1505
1489 1508
1489 1510
1489 1517
1489 1521
1489 1526
1489 1529
1490 1549
1490 1565
1491 1496
1491 1519
1491 1522
1491 1718
1491 1719
1491 1722
1492 1528
1492 1531
1493 1500
1493 1505
1493 1508
1493 1510
1493 1526
1493 1529
1494 1507
1494 1514
1495 1549
1495 1565
1496 1500
1496 1505
1496 1519
1496 1527
1497 1513
1497 1518
1497 1528
1497 1531
1498 1513
1498 1518
1498 1525
1498 1527
1498 1528
1498 1531
1499 1517
1499 1521
1500 1517
1500 1521
1500 1526
1500 1529
1501 1507
1501 1514
1502 1519
1502 1522
1502 1527
1505 1517
1505 1521
1506 1517
1506 1521
1508 1515
1508 1517
1508 1519
1508 1521
1508 1522
1508 1527
1509 1519
1509 1525
1509 1527
1510 1515
1510 1519
1510 1522
1510 1527
1511 1519
1511 1525
1511 1527
1512 1534
1512 1539
1514 1517
1514 1519
1514 1521
1514 1522
1514 1525
1514 1527
1514 3065
1514 3072
1516 1519
1516 1527
1517 1519
1517 1521
1517 1522
1517 1525
1517 1527
1517 3065
1517 3072
1518 1528
1518 1531
1519 1521
1519 1522
1519 1525
1519 1536
1519 1540
1519 1719
1519 1722
1520 1527
1520 1529
1520 1534
1520 1539
1521 1525
1521 1527
1522 1525
1522 1536
1522 1540
1523 1527
1523 1529
1525 1534
1525 1539
1525 1719
1525 1722
1527 1534
1527 1536
1527 1539
1527 1540
1534 1539
1534 1541
1536 1540
1538 1539
1538 1541
1539 1540
1539 1541
1540 1541
1545 1547
1550 1579
1550 1582
1555 1730
1555 1731
1555 1752
1556 1730
1556 1731
1556 1752
1561 1586
1564 1586
1569 1574
1569 1584
1573 1579
1573 1582
1577 1579
1577 1582
1577 1589
1577 1591
1578 1579
1578 1582
1579 1589
1579 1591
1587 1589
1587 1591
1588 1589
1588 1591
1595 1596
1597 2323
1597 2330
1597 2470
1597 2471
1597 2473
1598 2108
1598 2109
1598 2112
1598 2150
1598 2346
1598 2347
1599 2065
1599 2093
1599 2094
1599 2251
1599 2701
1599 2702
1599 2739
1599 2745
1600 2082
1600 2478
1600 2479
1600 2510
1600 2513
1600 2520
1600 2539
1600 2555
1600 2560
1600 3039
1600 3047
1601 2288
1601 2291
1601 2483
1601 2484
1602 2915
1602 2921
1604 1682
1604 1685
1604 1693
1605 2882
1605 2885
1606 1632
1606 1637
1606 1645
1607 1632
1607 1637
1607 1645
1607 1657
1607 1659
1608 1657
1608 1659
1609 2849
1609 2855
1609 2875
1609 2876
1610 2849
1610 2855
1611 2806
1611 2811
1612 2806
1612 2811
1612 2819
1612 2822
1612 2830
1613 2849
1613 2855
1614 1631
1614 1636
1614 1747
1614 1748
1614 2920
1614 2924
1614 2925
1614 2926
1615 1746
1615 1747
1615 1876
1615 1878
1615 1905
1615 1906
1615 1958
1615 2203
1615 2218
1615 2219
1615 2227
1615 2257
1615 2264
1615 2270
1615 2355
1615 2368
1615 2395
1615 2401
1615 2422
1615 2464
1616 1731
1616 2232
1616 2701
1616 2702
1616 2922
1616 2924
1616 2928
1617 1629
1617 1635
1617 1646
1617 1649
1617 1731
1617 2180
1617 2232
1617 2701
1617 2702
1617 2799
1617 2803
1617 2850
1617 2922
1617 2924
1617 2928
1618 1648
1618 1649
1618 2612
1618 2613
1618 2624
1618 2625
1618 2697
1618 2718
1619 2915
1619 2921
1620 1682
1620 1685
1620 1693
1622 2010
1622 2014
1622 2913
1622 2919
1623 2010
1623 2014
1623 2358
1623 2367
1623 2672
1623 2675
1623 2796
1623 2798
1623 2882
1623 2885
1623 2913
1623 2919
1624 2010
1624 2014
1624 2164
1624 2672
1624 2675
1624 2796
1624 2798
1624 2878
1625 1892
1625 1893
1625 2950
1625 2955
1627 1886
1627 1887
1627 1892
1627 1893
1627 2950
1627 2955
1628 2253
1628 2254
1628 2358
1628 2367
1628 2919
1628 2923
1629 1649
1629 1652
1629 2921
1629 2927
1629 3021
1629 3032
1630 2164
1630 2253
1630 2254
1630 2878
1630 2887
1630 2889
1630 2890
1630 2893
1631 1886
1631 1887
1631 2910
1631 2915
1631 2923
1631 3017
1631 3028
1632 1661
1632 1662
1632 2694
1632 2705
1632 2853
1632 2856
1632 2880
1632 2913
1632 2919
1632 2923
1634 1661
1634 1662
1635 1649
1635 1652
1635 2023
1635 2026
1635 2218
1635 2225
1635 2227
1635 2228
1635 2451
1635 2453
1635 2909
1635 2914
1635 2915
1635 2921
1635 2927
1635 3021
1635 3032
1636 1747
1636 1748
1636 2910
1636 2915
1636 2920
1636 2923
1636 2924
1636 2925
1636 2926
1636 3017
1636 3028
1637 1678
1637 1679
1637 2694
1637 2705
1637 2845
1637 2853
1637 2856
1637 2880
1637 2913
1637 2919
1638 2668
1638 2670
1639 2887
1639 2889
1639 2890
1639 2893
1640 1903
1640 2023
1640 2025
1640 2026
1640 2032
1640 2189
1640 2202
1640 2218
1640 2225
1640 2227
1640 2228
1640 2230
1640 2234
1640 2451
1640 2453
1640 2469
1640 2613
1640 2624
1640 2909
1640 2914
1640 2915
1641 2613
1641 2624
1641 2668
1641 2670
1642 1903
1642 2025
1642 2032
1642 2189
1642 2202
1642 2203
1642 2218
1642 2227
1642 2230
1642 2234
1642 2355
1642 2368
1642 2469
1642 2635
1642 2641
1642 2655
1643 1661
1643 1662
1643 1678
1643 1679
1643 2853
1643 2856
1644 2786
1644 2788
1645 1678
1645 1679
1645 2694
1645 2705
1645 2786
1645 2788
1645 2845
1645 2853
1645 2856
1645 2880
1645 2913
1645 2919
1646 2613
1646 2624
1646 2635
1646 2641
1646 2655
1646 2690
1646 2765
1646 2770
1646 2854
1646 2863
1646 2908
1646 2911
1647 2613
1647 2624
1647 2635
1647 2641
1647 2655
1647 2690
1647 2765
1647 2770
1647 2854
1647 2863
1647 2922
1647 2924
1647 2928
1648 2901
1648 2904
1649 2613
1649 2624
1649 2690
1649 2765
1649 2770
1649 2799
1649 2803
1649 2901
1649 2904
1649 2908
1649 2911
1650 2395
1650 2401
1651 2225
1651 2228
1651 2395
1651 2401
1652 2612
1652 2613
1652 2624
1652 2625
1652 2799
1652 2803
1653 2225
1653 2228
1654 2825
1654 2835
1655 2352
1655 2363
1657 2873
1658 2806
1658 2811
1658 2814
1658 2818
1658 2823
1658 2825
1658 2835
1658 2841
1658 2846
1658 2847
1659 2352
1659 2363
1659 2873
1660 2814
1660 2818
1660 2823
1660 2825
1660 2835
1660 2841
1660 2846
1660 2847
1662 1675
1662 1676
1662 1684
1663 1675
1663 1676
1663 1684
1664 2243
1664 2246
1665 1729
1665 1751
1666 1699
1666 1700
1666 1725
1666 1727
1666 1728
1666 1750
1666 1754
1666 1756
1666 1762
1666 1767
1666 1768
1666 2240
1666 2241
1666 2244
1667 1690
1667 1696
1667 1700
1667 1706
1667 1727
1667 1728
1667 2244
1668 1730
1668 1752
1668 2232
1669 1730
1669 1752
1669 2232
1670 2998
1670 3003
1671 1711
1671 1713
1672 1711
1672 1713
1673 1834
1673 1842
1674 1834
1674 1842
1675 1768
1676 1768
1676 2243
1676 2246
1677 1695
1677 1698
1677 1727
1677 1728
1677 2244
1677 2881
1677 2883
1677 2884
1680 1757
1680 1762
1680 2247
1680 2249
1681 1727
1681 1728
1681 2244
1682 1727
1682 1728
1682 2161
1682 2162
1682 2244
1682 2881
1682 2883
1682 2884
1683 1727
1683 1728
1683 2244
1683 2998
1683 3003
1684 1768
1685 1695
1685 1698
1685 1727
1685 1728
1685 2244
1685 2881
1685 2883
1685 2884
1686 1727
1686 1728
1687 1711
1687 1713
1687 1715
1689 1757
1689 1762
1689 2247
1689 2249
1690 1802
1691 2998
1691 3003
1692 1714
1692 1717
1692 2161
1692 2162
1693 1714
1693 1717
1694 1711
1694 1713
1694 1715
1695 1727
1695 1728
1696 1802
1697 1727
1697 1728
1698 1756
1698 1758
1699 1700
1699 1706
1699 1799
1699 2161
1699 2162
1700 1706
1700 1714
1700 1717
1700 1799
1700 1802
1701 2196
1701 2209
1702 1756
1702 1758
1703 1727
1703 1728
1704 1798
1704 1800
1704 2196
1704 2209
1705 2886
1705 2892
1706 1802
1707 1798
1707 1800
1709 1797
1709 1798
1709 1801
1709 1804
1710 2886
1710 2892
1711 2547
1711 2548
1712 2886
1712 2892
1714 2987
1714 2993
1715 2547
1715 2548
1716 2987
1716 2993
1717 1772
1717 1780
1717 2545
1717 2546
1717 2987
1717 2993
1718 1772
1718 1780
1718 2545
1718 2546
1719 2108
1719 2109
1719 2939
1719 3017
1719 3028
1719 3073
1719 3077
1719 3078
1719 3083
1719 3084
1721 2548
1721 2934
1722 2108
1722 2109
1722 2939
1722 3017
1722 3028
1722 3073
1722 3077
1722 3078
1722 3083
1723 2548
1723 2934
1725 1799
1726 2240
1726 2243
1727 1731
1727 1795
1727 1799
1727 1802
1727 2232
1727 2238
1727 2240
1727 2241
1727 2243
1728 1731
1728 1795
1728 1799
1728 1802
1728 2232
1728 2238
1728 2240
1728 2241
1728 2243
1729 1789
1729 2108
1729 2111
1730 1759
1730 1763
1730 1785
1730 1791
1731 1785
1731 1791
1731 2919
1731 2920
1731 2921
1731 2923
1731 2927
1732 2920
1732 2921
1732 2927
1733 1766
1733 1851
1733 1860
1733 1864
1733 2921
1733 2923
1734 1860
1734 1864
1734 2921
1734 2923
1735 1866
1735 1872
1736 1779
1736 1781
1737 1760
1737 1764
1738 1760
1738 1764
1739 1740
1739 1760
1739 1788
1739 1828
1739 1829
1739 1867
1739 1872
1739 2148
1740 1760
1740 1766
1740 1782
1740 1851
1740 1867
1740 1872
1740 2148
1740 2914
1740 2915
1741 2173
1741 2177
1741 2186
1741 2528
1741 2529
1742 1787
1742 1790
1743 1890
1743 1892
1744 1890
1744 1892
1744 2541
1744 2560
1745 2541
1745 2560
1746 2919
1746 2923
1747 2919
1747 2923
1749 2240
1749 2243
1750 1799
1750 2240
1750 2243
1751 1789
1751 2108
1751 2111
1752 1759
1752 1763
1753 1766
1753 1851
1754 1799
1755 1866
1755 1872
1756 1799
1761 2240
1761 2243
1762 1799
1764 2921
1764 2923
1765 1783
1765 1784
1766 1779
1766 1781
1766 1783
1766 1784
1766 1871
1767 1799
1768 1799
1769 1783
1769 1784
1769 1795
1769 1796
1771 1783
1771 1786
1771 1795
1771 1796
1771 2242
1771 2244
1773 1783
1773 1786
1773 2242
1773 2244
1775 1783
1775 1784
1775 1785
1775 1791
1776 1783
1776 1784
1777 1856
1777 1857
1777 2920
1777 2927
1778 1828
1778 1839
1779 2910
1779 2915
1779 2920
1779 2927
1781 1783
1781 1784
1781 1785
1781 1791
1781 1828
1781 1839
1781 2910
1781 2915
1782 1788
1782 1828
1782 1829
1782 1856
1782 1857
1783 1806
1783 1808
1784 1806
1784 1808
1787 1792
1790 1792
1793 1807
1793 1810
1793 2920
1793 2921
1794 1805
1794 1808
1797 1807
1797 1810
1797 2920
1797 2921
1798 1805
1798 1807
1798 1808
1798 1809
1798 1810
1799 2240
1799 2241
1800 1807
1800 1809
1800 1810
1802 2244
1805 2239
1805 2247
1806 2150
1806 2172
1806 2177
1806 2239
1806 2247
1806 2423
1806 2538
1806 2914
1806 2920
1808 2150
1808 2172
1808 2177
1808 2239
1808 2247
1808 2423
1808 2538
1809 2150
1809 2172
1809 2423
1809 2538
1809 2914
1809 2920
1811 1812
1811 1933
1812 1832
1813 2273
1813 2285
1813 2914
1813 2915
1813 2921
1814 2921
1814 2923
1815 2915
1815 2921
1816 2296
1816 2297
1816 2302
1817 2470
1817 2471
1817 2473
1818 1821
1818 1822
1818 1823
1818 1899
1818 2127
1818 2128
1818 2130
1818 2291
1818 2323
1818 2330
1818 2909
1818 2914
1818 2915
1818 2920
1818 2927
1818 3085
1818 3088
1818 3091
1818 3094
1818 3096
1819 1821
1819 1822
1819 1823
1819 1843
1819 1847
1819 1899
1819 2127
1819 2128
1819 2130
1819 2291
1819 2909
1819 2914
1819 2915
1819 2920
1819 2927
1819 3085
1819 3088
1819 3091
1819 3094
1819 3096
1820 1843
1820 1847
1820 3091
1820 3095
1822 1836
1822 1837
1822 1854
1822 1858
1822 1862
1822 1868
1822 2185
1822 2205
1822 2518
1822 2523
1823 1836
1823 1837
1823 1846
1823 1850
1823 1853
1823 1854
1823 1862
1823 1868
1823 2185
1823 2205
1823 3092
1823 3094
1824 1846
1824 1854
1825 2150
1825 2346
1825 2347
1826 2920
1826 2926
1827 1842
1827 1849
1827 1934
1827 1944
1827 1962
1828 2914
1828 2915
1828 2921
1828 2923
1829 1945
1829 1962
1830 2915
1830 2921
1831 2296
1831 2297
1831 2302
1832 1933
1833 1864
1833 1866
1833 2390
1833 2399
1834 1978
1834 1979
1835 1946
1835 1972
1836 2296
1836 2302
1836 2494
1836 2503
1837 2296
1837 2302
1837 2494
1837 2503
1838 1842
1838 1849
1838 1934
1838 1944
1838 1962
1839 2914
1839 2915
1839 2921
1840 1945
1840 1962
1841 2336
1841 2337
1841 2390
1841 2399
1842 1864
1842 1866
1842 1924
1842 1978
1842 1979
1843 3091
1843 3095
1844 1946
1844 1972
1845 1862
1845 1868
1845 1945
1845 1962
1848 2336
1848 2337
1849 1924
1850 1945
1850 1962
1850 2909
1850 2914
1850 2915
1850 3089
1851 1871
1852 1959
1852 1960
1852 2272
1852 2273
1852 2285
1852 2920
1852 2921
1852 2927
1853 1862
1853 1868
1853 2909
1853 2914
1853 2915
1853 3089
1854 1862
1854 1868
1854 1886
1854 1889
1854 3089
1855 1959
1855 1960
1855 2272
1855 2273
1855 2285
1855 2920
1855 2921
1855 2927
1856 2914
1856 2915
1857 2914
1857 2915
1858 1862
1858 1868
1858 1886
1858 1889
1858 3089
1859 1869
1859 1874
1861 1900
1861 2291
1861 2920
1861 2927
1861 2932
1861 2933
1862 1880
1862 2943
1862 3029
1862 3089
1863 1869
1863 1870
1863 1874
1863 1876
1865 1870
1865 1876
1866 2909
1866 2914
1866 2915
1866 2921
1866 2927
1867 1872
1867 1873
1867 2185
1867 2186
1867 2187
1867 2196
1867 2198
1867 2205
1867 2210
1867 2912
1867 2914
1867 2915
1867 2920
1867 2921
1867 2927
1868 1880
1868 1900
1868 2291
1868 2920
1868 2927
1868 2932
1868 2933
1868 2943
1868 3029
1868 3089
1871 2173
1871 2177
1871 2186
1871 2914
1871 2915
1871 2921
1871 2923
1872 1873
1872 2909
1872 2914
1872 2915
1872 2921
1872 2927
1873 2185
1873 2186
1873 2187
1873 2196
1873 2198
1873 2205
1873 2210
1873 2912
1873 2914
1873 2915
1873 2920
1873 2921
1875 2918
1875 2920
1876 2268
1876 2270
1876 2281
1876 2283
1876 2923
1876 3090
1876 3093
1877 2528
1877 2529
1877 2914
1877 2915
1877 2921
1877 2923
1878 2268
1878 2270
1878 2281
1878 2283
1878 2918
1878 2920
1878 2923
1878 3090
1878 3093
1879 2150
1879 2172
1879 2177
1880 3092
1880 3094
1881 2150
1881 2172
1881 2177
1881 2240
1881 2243
1882 2920
1882 2921
1882 2927
1883 1886
1883 1889
1884 1886
1884 1889
1885 2240
1885 2243
1886 2186
1886 2196
1886 2914
1886 2920
1886 2921
1886 2927
1887 2186
1887 2196
1887 2920
1887 2921
1887 2927
1888 2918
1888 2920
1888 2926
1889 2914
1889 2920
1889 2921
1889 2927
1890 3074
1890 3080
1890 3085
1891 2918
1891 2920
1891 2926
1891 3074
1891 3080
1891 3085
1892 2477
1892 2520
1892 2921
1892 2927
1892 2932
1892 2933
1893 2477
1893 2520
1893 2921
1893 2927
1893 2932
1893 2933
1894 1934
1894 1935
1895 1934
1895 1935
1896 1951
1896 1952
1897 1930
1897 1938
1898 2339
1898 2340
1899 1916
1899 1917
1900 2018
1900 2019
1901 2470
1901 2471
1902 1905
1902 1989
1902 2428
1902 2457
1902 2463
1902 2464
1902 2468
1904 1973
1904 1975
1904 2098
1904 2102
1904 2323
1904 2330
1904 2446
1904 2450
1904 2506
1904 2511
1904 2909
1904 2910
1904 2915
1904 2921
1904 2923
1905 2098
1905 2102
1905 2155
1905 2156
1905 2323
1905 2330
1905 2446
1905 2450
1905 2452
1905 2454
1905 2455
1905 2456
1905 2458
1905 2460
1905 2506
1905 2511
1905 2919
1906 2919
1907 1960
1907 1961
1907 2297
1907 2302
1907 2921
1907 2923
1908 2297
1908 2302
1908 2512
1908 2515
1909 1936
1909 1937
1909 1938
1909 1948
1909 2286
1909 2296
1909 2323
1909 2329
1909 2333
1909 2334
1909 2501
1909 2507
1910 2921
1910 2923
1911 1930
1911 1938
1911 1951
1911 1952
1912 1920
1912 1926
1912 2314
1912 2316
1912 2318
1912 2339
1912 2340
1913 2314
1913 2316
1913 2318
1913 2339
1913 2340
1913 2343
1913 2344
1914 2336
1914 2337
1915 2323
1915 2330
1915 2337
1915 2339
1916 2018
1916 2019
1916 2291
1917 1973
1917 1974
1917 2291
1918 1960
1918 1961
1919 1920
1919 1926
1920 2340
1920 2343
1920 2344
1921 2323
1921 2325
1921 2329
1921 2330
1921 2336
1921 2337
1921 2339
1922 2912
1922 2914
1923 1955
1923 1959
1923 1973
1923 1974
1924 1934
1924 1944
1924 1962
1924 2273
1924 2285
1924 2914
1924 2915
1924 2921
1925 2912
1925 2914
1926 2343
1926 2344
1927 1960
1927 1961
1928 2325
1928 2329
1929 2256
1929 2402
1930 2343
1930 2344
1931 1936
1931 1937
1931 1938
1931 1948
1931 1955
1931 1959
1931 2286
1931 2296
1931 2323
1931 2329
1931 2333
1931 2334
1931 2501
1931 2507
1932 2333
1932 2334
1932 2336
1934 1947
1934 1953
1934 2256
1934 2272
1934 2273
1934 2285
1934 2402
1935 1947
1935 1953
1935 2343
1935 2344
1936 1960
1936 1961
1937 1960
1937 1961
1938 1960
1938 1961
1939 1960
1939 1961
1940 2287
1940 2296
1940 2333
1940 2334
1940 2336
1941 1960
1941 1961
1941 1973
1941 1975
1941 2334
1941 2336
1941 2431
1941 2436
1942 1966
1942 1967
1942 2331
1942 2333
1942 2343
1942 2344
1943 2287
1943 2296
1944 1966
1944 1967
1944 2272
1944 2273
1944 2285
1945 1969
1945 1970
1945 1974
1945 2296
1945 2297
1945 2302
1945 2331
1945 2333
1945 2343
1945 2344
1949 1973
1949 1975
1950 2257
1950 2258
1951 1966
1951 1967
1951 2331
1951 2333
1951 2338
1952 2338
1954 1955
1954 1963
1954 1966
1954 1967
1954 2257
1954 2258
1954 2337
1954 2339
1955 1963
1955 1965
1955 2297
1955 2302
1955 2334
1955 2336
1955 2337
1955 2339
1955 3098
1955 3102
1956 2342
1956 2344
1957 1960
1957 1961
1957 2264
1957 2275
1957 2342
1957 2344
1957 2921
1957 2923
1958 1960
1958 1961
1958 2264
1958 2275
1958 2919
1958 2921
1958 2923
1959 1971
1959 1973
1959 2297
1959 2302
1959 2334
1959 2336
1959 2337
1959 2339
1960 1970
1960 1971
1960 1973
1960 1974
1960 2334
1960 2336
1960 2337
1960 2339
1960 2439
1960 2458
1961 1970
1961 1974
1961 2337
1961 2339
1961 2439
1961 2458
1962 1969
1962 1970
1962 1974
1962 2296
1962 2297
1962 2302
1962 2343
1962 2344
1963 1965
1963 2331
1963 2333
1963 2334
1963 2336
1963 2337
1963 2339
1963 3098
1963 3102
1964 2914
1964 2915
1964 2921
1965 2331
1965 2333
1965 2664
1965 2666
1966 2297
1966 2302
1966 2664
1966 2666
1967 2337
1967 2339
1968 2097
1968 2099
1968 2102
1968 2297
1968 2302
1968 2325
1968 2329
1968 2664
1968 2666
1969 2097
1969 2099
1969 2102
1969 2297
1969 2302
1969 2325
1969 2329
1970 2356
1970 2365
1971 1973
1971 1975
1971 2909
1971 2910
1971 2914
1971 2915
1971 2921
1971 2923
1973 2288
1973 2291
1973 2410
1973 2412
1973 2442
1973 2909
1973 2910
1973 2914
1973 2915
1973 2921
1974 2356
1974 2365
1975 2288
1975 2291
1975 2410
1975 2412
1975 2442
1975 2909
1975 2910
1975 2915
1976 2914
1976 2920
1977 2914
1977 2920
1978 2463
1978 2468
1980 2172
1980 2177
1980 2256
1980 2263
1980 2274
1980 2287
1980 2402
1980 2416
1980 2418
1980 2419
1980 2612
1980 2625
1981 2172
1981 2177
1981 2256
1981 2402
1981 2416
1981 2418
1981 2419
1981 2424
1981 2425
1982 1983
1982 2001
1982 2007
1982 2010
1982 2014
1982 3148
1982 3150
1983 2002
1984 2010
1984 2014
1984 2261
1984 2262
1984 2420
1985 2376
1985 2392
1986 1995
1986 2037
1987 2435
1987 2438
1987 2440
1988 2443
1988 2445
1988 2448
1989 1990
1989 2428
1989 2443
1989 2445
1989 2448
1989 2458
1990 2022
1990 2033
1990 2088
1990 2125
1990 2332
1990 2335
1990 2428
1990 2454
1990 2456
1990 2491
1990 2498
1991 2010
1991 2014
1992 2010
1992 2014
1993 2025
1993 2032
1993 2038
1993 2039
1994 2038
1994 2039
1995 1996
1995 2010
1995 2011
1995 2014
1995 2015
1995 2023
1995 2026
1995 2035
1995 2037
1995 2038
1995 2039
1995 2040
1995 2382
1995 2501
1995 2507
1995 2727
1995 2729
1995 2732
1995 2853
1995 2856
1995 3102
1995 3129
1995 3131
1995 3132
1995 3134
1995 3143
1995 3145
1996 2037
1996 2047
1996 2050
1996 2054
1996 2188
1996 2202
1996 3097
1996 3100
1997 2038
1997 2039
1998 2150
1998 2172
1998 2516
1998 2518
1999 2150
1999 2172
1999 2516
1999 2518
2000 2297
2000 2302
2001 2010
2001 2014
2001 3148
2001 3150
2002 2007
2002 2010
2002 2014
2002 2424
2002 2425
2002 2605
2002 2627
2003 2356
2003 2365
2004 2356
2004 2365
2005 2010
2005 2014
2006 2010
2006 2014
2006 2261
2006 2262
2006 2297
2006 2302
2006 2420
2008 2010
2008 2014
2009 2010
2009 2014
2009 2435
2009 2438
2009 2605
2009 2627
2010 2037
2010 2920
2010 2927
2010 3039
2010 3047
2011 2037
2012 2433
2012 2435
2012 2438
2012 2619
2012 2620
2012 2909
2012 2910
2012 2915
2013 2433
2013 2435
2013 2438
2013 2619
2013 2620
2014 2037
2014 2920
2014 2927
2014 3039
2014 3047
2015 2037
2016 2854
2016 2855
2017 2909
2017 2910
2017 2915
2018 2060
2018 2061
2018 2508
2018 2512
2019 2060
2019 2061
2019 2508
2019 2512
2020 2023
2020 2026
2020 2035
2020 2038
2020 2608
2020 3150
2021 2854
2021 2855
2022 2048
2022 2051
2022 2052
2022 2055
2022 2429
2023 2026
2023 2030
2023 2031
2023 2035
2023 2037
2023 2038
2023 2039
2023 2608
2023 3150
2024 2038
2024 2039
2024 2046
2024 2051
2024 2510
2024 2520
2024 2909
2024 2910
2024 2915
2025 2027
2025 2030
2025 2031
2025 2034
2025 2035
2025 2038
2025 2039
2025 2042
2025 2095
2025 2096
2025 2228
2025 2233
2025 3140
2025 3149
2026 2037
2027 2032
2028 2038
2028 2039
2029 2038
2029 2039
2029 2046
2029 2051
2029 2510
2029 2520
2029 2909
2029 2910
2029 2915
2031 2038
2031 2039
2032 2034
2032 2035
2032 2038
2032 2039
2032 2042
2032 2095
2032 2096
2032 2228
2032 2233
2032 3140
2032 3149
2033 2048
2033 2051
2033 2052
2033 2055
2033 2429
2034 2039
2034 2040
2035 2037
2035 2038
2035 2205
2035 2216
2035 2353
2035 2696
2035 3106
2035 3109
2035 3115
2035 3121
2035 3134
2036 2038
2036 2039
2037 2038
2037 2039
2037 2040
2037 2382
2037 2501
2037 2507
2037 2727
2037 2729
2037 2732
2037 2853
2037 2856
2037 3102
2037 3129
2037 3131
2037 3132
2037 3134
2037 3143
2037 3145
2038 2039
2038 2040
2038 2041
2038 2042
2038 2205
2038 2216
2038 2353
2038 2696
2038 3106
2038 3109
2038 3115
2038 3121
2038 3134
2039 2041
2039 2042
2039 2044
2039 2050
2039 2191
2039 2195
2039 2867
2039 2868
2040 2044
2040 2050
2040 2191
2040 2195
2040 2867
2040 2868
2040 2915
2040 2919
2040 2921
2042 3123
2042 3130
2043 2915
2043 2919
2043 2921
2045 2088
2045 2125
2045 2491
2045 2498
2047 3131
2049 2483
2049 2484
2050 3131
2053 2258
2053 2404
2053 2483
2053 2484
2053 3098
2053 3102
2053 3112
2053 3114
2054 3131
2056 2085
2056 2510
2056 2519
2056 2520
2056 2552
2057 2258
2057 2404
2057 3098
2057 3102
2057 3112
2057 3114
2057 3128
2057 3131
2058 3128
2058 3131
2059 2085
2059 2510
2059 2519
2059 2520
2059 2552
2060 2066
2060 2082
2061 2066
2061 2082
2062 2824
2062 2833
2063 2824
2063 2833
2064 2398
2064 2403
2065 2251
2065 2398
2065 2403
2065 2822
2065 2830
2066 2082
2066 2478
2066 2479
2066 2510
2066 2513
2066 2539
2066 2555
2066 2560
2066 3039
2066 3047
2067 3026
2067 3048
2068 2493
2068 2499
2069 2493
2069 2499
2070 2510
2070 2520
2071 2510
2071 2520
2072 2495
2072 2496
2072 3090
2072 3093
2073 2516
2073 2518
2073 2922
2073 2924
2073 2925
2074 2075
2074 2076
2074 2086
2074 2143
2074 2483
2074 2484
2074 2496
2074 2516
2074 2518
2074 2963
2074 2971
2075 2133
2075 2136
2075 2483
2075 2484
2075 2494
2075 2496
2075 2503
2076 2117
2076 2119
2076 2121
2076 2127
2076 2133
2076 2136
2076 2483
2076 2484
2076 2498
2076 2500
2076 2606
2076 3153
2077 2117
2077 2119
2077 2498
2077 2500
2078 2080
2078 2108
2078 2109
2078 2111
2078 2112
2078 2487
2078 3068
2078 3072
2079 2490
2079 2502
2080 2114
2081 2516
2081 2518
2082 2480
2082 2510
2082 2520
2082 3039
2082 3047
2082 3054
2083 2481
2083 3016
2084 2109
2084 2111
2084 2112
2085 2087
2085 2089
2085 2090
2085 2091
2085 2103
2085 2105
2085 2107
2085 2125
2085 2263
2085 2274
2085 2493
2085 2499
2085 2554
2085 2932
2085 2937
2086 2128
2086 2130
2086 2133
2086 2136
2087 2106
2087 2110
2087 2552
2087 2558
2087 2926
2087 2929
2088 2089
2088 2123
2088 2125
2088 2128
2088 2129
2088 2130
2088 2137
2088 2141
2089 2106
2089 2108
2089 2109
2089 2110
2089 2120
2089 2122
2089 2125
2089 2128
2089 2130
2089 2552
2090 2552
2090 2925
2090 2926
2090 2929
2091 2552
2091 2925
2091 2926
2091 2929
2092 2605
2092 3153
2093 2251
2093 2398
2093 2403
2093 2822
2093 2830
2094 2251
2094 2822
2094 2830
2095 2426
2095 2427
2095 2441
2096 2426
2096 2427
2096 2441
2097 2424
2097 2425
2097 2506
2097 2511
2097 2516
2097 2518
2098 2506
2098 2511
2098 2919
2098 2921
2098 2923
2099 2424
2099 2425
2099 2516
2099 2518
2099 2921
2099 2923
2100 2516
2100 2518
2101 2921
2101 2923
2102 2376
2102 2382
2102 2392
2102 2506
2102 2511
2102 2919
2102 2921
2102 2923
2103 2551
2103 2552
2104 2376
2104 2382
2104 2392
2105 2135
2105 2139
2105 2486
2105 2493
2105 2497
2105 2501
2105 2551
2105 2552
2106 2125
2106 2132
2106 2135
2106 2139
2106 2486
2106 2493
2106 2977
2106 2978
2106 2981
2107 2551
2107 2552
2108 2109
2108 2111
2108 2114
2108 2125
2108 2127
2108 2130
2108 2132
2108 2133
2108 2135
2108 2136
2108 2146
2108 2147
2108 2463
2108 2468
2108 2485
2108 2492
2108 2494
2108 2495
2108 2497
2108 2501
2108 2503
2108 2510
2108 2513
2108 2516
2108 2518
2108 2910
2108 2915
2108 2985
2108 2990
2108 3017
2109 2111
2109 2114
2109 2118
2109 2119
2109 2122
2109 2124
2109 2125
2109 2127
2109 2128
2109 2130
2109 2132
2109 2133
2109 2135
2109 2136
2109 2463
2109 2468
2109 2485
2109 2492
2109 2494
2109 2495
2109 2503
2109 2510
2109 2513
2109 2516
2109 2518
2109 2551
2109 2910
2109 2915
2109 2977
2109 2978
2109 2981
2109 2985
2109 2990
2109 3017
2110 2122
2110 2125
2110 2128
2110 2132
2110 2977
2110 2978
2110 2981
2111 2114
2111 2115
2111 2116
2111 2146
2111 2147
2111 2494
2111 2495
2111 2503
2111 2551
2112 2114
2112 2118
2112 2119
2112 2122
2112 2124
2112 2494
2112 2495
2112 2503
2112 2551
2112 2910
2112 2915
2112 3017
2113 2115
2113 2116
2114 2487
2114 3068
2114 3072
2118 2120
2120 2125
2121 2133
2121 2136
2121 2483
2122 2125
2123 2125
2125 2128
2125 2129
2125 2130
2125 2137
2125 2141
2125 2552
2126 2516
2126 2523
2127 2137
2127 2141
2127 2483
2128 2133
2128 2136
2128 2553
2130 2553
2131 2516
2131 2523
2133 2134
2133 2137
2133 2143
2133 2483
2133 2484
2133 2516
2133 2518
2133 2963
2133 2971
2133 2983
2133 2988
2134 2136
2136 2137
2136 2143
2136 2483
2136 2484
2136 2963
2136 2971
2136 2983
2136 2988
2137 2140
2137 2944
2137 2984
2138 2489
2138 2497
2138 2924
2138 2925
2138 2991
2138 2992
2139 2924
2139 2925
2140 2141
2141 2944
2141 2984
2142 2489
2142 2497
2142 2991
2142 2992
2144 2551
2144 2552
2145 2551
2145 2552
2146 2486
2146 2489
2147 2486
2147 2489
2148 2328
2148 2332
2149 2328
2149 2332
2150 2352
2150 2363
2151 2176
2151 2191
2151 2195
2151 2203
2151 2214
2151 2218
2151 2219
2151 2221
2151 2225
2151 2910
2151 2915
2151 2921
2152 2155
2152 2156
2152 2176
2152 2190
2152 2191
2152 2195
2152 2203
2152 2214
2152 2218
2152 2219
2152 2220
2152 2221
2152 2225
2152 2910
2152 2915
2152 2921
2153 2191
2153 2195
2154 2328
2154 2329
2155 2176
2155 2191
2155 2195
2155 2258
2155 2262
2155 2270
2155 2271
2155 2272
2155 2282
2155 2283
2155 2284
2155 2328
2155 2329
2155 2334
2155 2336
2155 2457
2156 2176
2156 2258
2156 2262
2156 2270
2156 2271
2156 2272
2156 2273
2156 2282
2156 2283
2156 2284
2156 2285
2156 2311
2156 2317
2156 2334
2156 2336
2156 2457
2157 2328
2157 2329
2158 2193
2158 2199
2158 2255
2158 2256
2158 2267
2158 2268
2158 2279
2158 2280
2158 2281
2158 2324
2158 2327
2158 2377
2158 2385
2158 2402
2159 2193
2159 2199
2159 2255
2159 2256
2159 2267
2159 2279
2159 2280
2159 2324
2159 2327
2159 2369
2159 2377
2159 2378
2159 2385
2159 2402
2160 2198
2160 2201
2160 2210
2161 2163
2161 2164
2161 2882
2161 2884
2162 2163
2162 2164
2162 2882
2162 2884
2165 2187
2165 2198
2165 2210
2166 2864
2166 2870
2167 2251
2167 2359
2168 2377
2168 2378
2169 2193
2169 2199
2169 2255
2169 2256
2169 2268
2169 2269
2169 2279
2169 2280
2169 2281
2169 2282
2169 2284
2169 2369
2169 2377
2169 2378
2170 2256
2170 2268
2170 2269
2170 2281
2170 2282
2170 2284
2171 2185
2171 2199
2171 2203
2171 2205
2171 2211
2171 2218
2171 2334
2171 2336
2172 2352
2172 2363
2172 2919
2172 2921
2172 2923
2173 2914
2173 2915
2173 2921
2174 2191
2174 2195
2175 2191
2175 2195
2176 2190
2176 2220
2177 2919
2177 2921
2177 2923
2178 2182
2178 2187
2178 2198
2178 2251
2178 2333
2178 2334
2178 2359
2179 2189
2179 2196
2179 2202
2179 2203
2179 2207
2179 2209
2179 2218
2179 2219
2179 2341
2179 2345
2180 2889
2180 2892
2180 2908
2180 2911
2181 2182
2181 2187
2181 2198
2181 2210
2181 2211
2181 2251
2181 2252
2181 2279
2181 2280
2181 2333
2181 2334
2181 2359
2181 2371
2181 2910
2181 2915
2181 2919
2182 2199
2182 2211
2182 2253
2182 2254
2182 2255
2182 2279
2182 2280
2182 2350
2182 2358
2182 2362
2182 2377
2182 2378
2182 3115
2182 3121
2183 2206
2183 2217
2183 2331
2183 2333
2183 2377
2183 2378
2183 2612
2183 2625
2183 2909
2183 2910
2183 2913
2183 2915
2183 2919
2184 2190
2184 2220
2185 2213
2185 2914
2185 2915
2185 2921
2185 3089
2186 2189
2186 2203
2186 2919
2186 2921
2186 2923
2186 3115
2186 3121
2187 2199
2187 2211
2187 2253
2187 2254
2187 2255
2187 2279
2187 2280
2187 2350
2187 2358
2187 2362
2187 2377
2187 2378
2187 2379
2187 2389
2187 2700
2187 2853
2187 2856
2187 2871
2187 2909
2187 2910
2187 2915
2187 2922
2187 2924
2187 2928
2187 3115
2187 3121
2188 2203
2188 2218
2188 2297
2188 2299
2188 2302
2188 2308
2188 2334
2188 2336
2188 3131
2189 2191
2189 2194
2189 2195
2189 2196
2189 2198
2189 2204
2189 2210
2189 2212
2189 2218
2189 2257
2189 2258
2189 2292
2189 2293
2189 2327
2189 2332
2189 2334
2189 2336
2190 2204
2190 2218
2191 2196
2191 2200
2191 2202
2191 2203
2191 2207
2191 2208
2191 2209
2191 2214
2191 2215
2191 2218
2191 2219
2191 2221
2191 2222
2191 2229
2192 2407
2192 2408
2193 2331
2193 2333
2193 2612
2193 2625
2194 2202
2194 2203
2194 2218
2195 2196
2195 2200
2195 2202
2195 2203
2195 2207
2195 2208
2195 2209
2195 2214
2195 2215
2195 2219
2195 2221
2195 2222
2195 2229
2195 2341
2195 2345
2196 2203
2196 2919
2196 2921
2196 2923
2196 3115
2196 3121
2197 2251
2197 2252
2197 2279
2197 2280
2197 2371
2197 2877
2197 2879
2197 2910
2197 2915
2197 2919
2198 2199
2198 2201
2198 2202
2198 2211
2198 2266
2198 2273
2198 2285
2198 2366
2198 2369
2198 2371
2198 2377
2198 2378
2198 2786
2198 2788
2198 2799
2198 2808
2198 2853
2198 2856
2198 2871
2198 2909
2198 2910
2198 2915
2199 2206
2199 2210
2199 2213
2199 2217
2199 2331
2199 2333
2199 2377
2199 2378
2199 2909
2199 2910
2199 2915
2199 2922
2199 2924
2199 2928
2201 2210
2201 2211
2201 2254
2201 2255
2201 2266
2201 2279
2201 2280
2201 2350
2201 2358
2201 2362
2201 2379
2201 2389
2201 2700
2201 2853
2201 2856
2201 2877
2201 2879
2201 2922
2201 2924
2201 2928
2202 2204
2202 2210
2202 2212
2202 2218
2202 2257
2202 2258
2202 2292
2202 2293
2202 2297
2202 2299
2202 2302
2202 2308
2202 2327
2202 2332
2202 2334
2202 2336
2202 3131
2203 2256
2203 2402
2204 2225
2204 2228
2204 2919
2204 2921
2204 2923
2204 3138
2204 3139
2205 2213
2205 3089
2206 2407
2206 2408
2206 2810
2206 2857
2206 2858
2206 2859
2206 2861
2206 2862
2206 2864
2206 2877
2206 2879
2210 2211
2210 2266
2210 2273
2210 2285
2210 2350
2210 2366
2210 2369
2210 2371
2210 2700
2210 2786
2210 2788
2210 2799
2210 2808
2210 2853
2210 2856
2210 2871
2210 2909
2210 2910
2210 2915
2211 2213
2211 2273
2211 2285
2211 2786
2211 2788
2211 2799
2211 2808
2211 2922
2211 2924
2211 2928
2217 2810
2217 2857
2217 2858
2217 2859
2217 2861
2217 2862
2217 2864
2217 2877
2217 2879
2218 2225
2218 2228
2218 2256
2218 2402
2218 2919
2218 2921
2218 2923
2218 3138
2218 3139
2219 2222
2219 2223
2219 2225
2219 2228
2219 2919
2219 3138
2219 3139
2221 2222
2221 2223
2224 2712
2224 2723
2224 2910
2224 2913
2224 2919
2225 2919
2225 2921
2225 2923
2226 2712
2226 2723
2227 2919
2227 3138
2227 3139
2230 2909
2230 2910
2230 2915
2232 2919
2232 2920
2232 2921
2232 2923
2232 2927
2232 2930
2234 2713
2234 2724
2234 2908
2234 2909
2234 2910
2234 2911
2234 2913
2234 2915
2235 2927
2235 2930
2236 2713
2236 2724
2236 2908
2236 2911
2236 2913
2238 2244
2240 2244
2241 2244
2243 2244
2243 2248
2243 2250
2245 3006
2245 3007
2246 2248
2246 2250
2247 3006
2247 3007
2251 2701
2251 2702
2251 2739
2251 2745
2252 2913
2252 2919
2253 2366
2253 2369
2253 2371
2253 2648
2253 2653
2253 2913
2253 2919
2254 2290
2254 2292
2254 2366
2254 2369
2254 2371
2254 2379
2254 2389
2254 2648
2254 2653
2255 2290
2255 2292
2255 2379
2255 2389
2256 2270
2256 2278
2256 2283
2256 2289
2256 2354
2256 2370
2256 2402
2256 2410
2256 2412
2256 2913
2256 2919
2256 2923
2256 3124
2256 3136
2256 3138
2256 3139
2257 2320
2257 2325
2257 2331
2257 2333
2257 2334
2257 2919
2257 2923
2258 2331
2258 2333
2258 2334
2259 2296
2259 2302
2259 2409
2259 2411
2260 2261
2260 2420
2261 2409
2261 2410
2261 2411
2261 2412
2261 2420
2263 2265
2263 2415
2263 2417
2263 2551
2263 2552
2264 2458
2264 2923
2265 2274
2265 2287
2265 2612
2265 2625
2266 3120
2266 3127
2270 2289
2270 2298
2270 2320
2270 2325
2270 2331
2270 2333
2270 2402
2270 2919
2270 2923
2272 2409
2272 2411
2273 2310
2273 2315
2273 2319
2273 2321
2273 2322
2273 2325
2273 2326
2273 2409
2273 2411
2273 2909
2273 2910
2273 2915
2274 2415
2274 2417
2274 2551
2274 2552
2275 2458
2276 3120
2276 3127
2277 2409
2277 2411
2278 2402
2280 2909
2280 2910
2280 2915
2281 2909
2281 2910
2281 2915
2283 2289
2283 2298
2283 2300
2283 2305
2283 2331
2283 2333
2283 2402
2285 2322
2285 2325
2285 2326
2285 2409
2285 2411
2286 2309
2286 2310
2286 2315
2286 2316
2286 2319
2286 2321
2286 2333
2286 2334
2286 2336
2286 2909
2286 2910
2286 2915
2288 2622
2289 2402
2291 2622
2294 2300
2294 2305
2294 2312
2294 2313
2294 2315
2294 2319
2294 2321
2294 2326
2294 2916
2294 2922
2294 2924
2295 2312
2295 2313
2295 2315
2295 2319
2295 2321
2295 2326
2295 2916
2295 2922
2295 2924
2296 2309
2296 2316
2296 2333
2296 2334
2296 2336
2296 2337
2296 2421
2297 2336
2297 2337
2297 2447
2297 2914
2297 2915
2297 2921
2297 3092
2297 3094
2298 2301
2298 2306
2301 2306
2302 2336
2302 2337
2302 2421
2302 2447
2302 2914
2302 2915
2302 2921
2302 3092
2302 3094
2303 2316
2303 2318
2303 2323
2303 2334
2303 2336
2304 2312
2304 2313
2304 2319
2304 2321
2304 2326
2304 2333
2304 2334
2307 2328
2307 2329
2309 2333
2309 2334
2309 2336
2311 2326
2314 2331
2314 2333
2314 2334
2314 2336
2315 2333
2315 2334
2316 2318
2316 2323
2316 2331
2316 2333
2316 2334
2316 2336
2316 2337
2316 2339
2316 2390
2316 2399
2316 2423
2316 2538
2317 2326
2318 2331
2318 2333
2318 2334
2318 2336
2318 2337
2318 2339
2318 2390
2318 2399
2318 2423
2318 2538
2319 2334
2319 2336
2320 2331
2320 2333
2320 2334
2320 2336
2321 2334
2321 2336
2323 2331
2323 2333
2323 2334
2323 2336
2323 2337
2323 2339
2323 2390
2323 2399
2323 2409
2323 2411
2323 2423
2323 2538
2324 2327
2324 2328
2327 2328
2327 2336
2327 2337
2328 2377
2328 2378
2329 2333
2329 2334
2329 2336
2329 2337
2329 2377
2329 2378
2329 2409
2329 2411
2331 2333
2331 2334
2331 2409
2331 2411
2331 2608
2331 3150
2332 2336
2332 2337
2332 2428
2332 2429
2333 2334
2333 2336
2333 2337
2333 2409
2333 2411
2333 2608
2333 3150
2334 2336
2334 2337
2334 2443
2335 2428
2335 2429
2336 2443
2336 2909
2336 2910
2336 2915
2337 2909
2337 2910
2337 2915
2341 2910
2341 2915
2345 2910
2345 2915
2348 2349
2348 2366
2348 2371
2348 2694
2348 2705
2348 2712
2348 2723
2348 2737
2348 2747
2348 2910
2348 2915
2349 2366
2349 2371
2349 2694
2349 2705
2349 2712
2349 2723
2349 2737
2349 2747
2349 2910
2349 2915
2350 2358
2350 2362
2350 2699
2350 2708
2350 2719
2350 2723
2351 2358
2351 2362
2352 2353
2352 2358
2352 2362
2352 2364
2352 2377
2352 2378
2352 2696
2353 2363
2353 2706
2353 2717
2354 2373
2354 2383
2354 2402
2354 2735
2354 2743
2354 2913
2354 2919
2355 2393
2355 2619
2355 2620
2355 2695
2356 2370
2356 2384
2356 2664
2356 2666
2357 3068
2357 3072
2358 2362
2358 2363
2358 2366
2358 2367
2358 2369
2358 2371
2358 2373
2358 2374
2358 2375
2358 2377
2358 2378
2358 2379
2358 2380
2358 2383
2358 2385
2358 2387
2358 2389
2358 2398
2358 2399
2358 2403
2358 2688
2358 2699
2358 2718
2358 2719
2358 2723
2358 2741
2358 2802
2358 2821
2358 2828
2358 2935
2358 2936
2360 2369
2360 2371
2360 2372
2360 2379
2361 2369
2361 2371
2361 2372
2361 2379
2362 2363
2362 2367
2362 2369
2362 2373
2362 2374
2362 2375
2362 2377
2362 2378
2362 2380
2362 2383
2362 2385
2362 2387
2362 2389
2362 2398
2362 2399
2362 2403
2362 2688
2362 2699
2362 2708
2362 2718
2362 2719
2362 2723
2362 2741
2362 2802
2362 2821
2362 2828
2362 2935
2362 2936
2363 2364
2363 2377
2363 2378
2363 2696
2364 2619
2364 2620
2364 2706
2364 2717
2364 3074
2364 3079
2365 2370
2365 2384
2366 2367
2366 2394
2366 2395
2366 2671
2366 2679
2367 2369
2367 2371
2367 2377
2367 2378
2367 2379
2367 2389
2368 2393
2368 2619
2368 2620
2368 2695
2369 2374
2369 2377
2369 2378
2369 2380
2369 2671
2369 2679
2369 2710
2369 2715
2369 2922
2369 2924
2369 2928
2370 2373
2370 2374
2370 2380
2370 2383
2370 2402
2370 2913
2370 2919
2371 2394
2371 2395
2371 2671
2371 2679
2371 2710
2371 2715
2371 2922
2371 2924
2371 2928
2372 2377
2372 2378
2373 2386
2373 2387
2373 2919
2373 2923
2374 2377
2374 2384
2376 2397
2376 2410
2376 2412
2376 2413
2377 2378
2377 2379
2377 2380
2377 2710
2377 2715
2377 3133
2377 3141
2378 2379
2378 3133
2378 3141
2380 2384
2381 3074
2381 3079
2382 2410
2382 2412
2382 2413
2383 2384
2383 2386
2383 2387
2383 2664
2383 2666
2383 2919
2383 2923
2384 2396
2384 2400
2388 2396
2388 2400
2391 2664
2391 2666
2392 2397
2393 2659
2393 2661
2395 2919
2401 2919
2402 2410
2402 2412
2402 2913
2402 2919
2402 2923
2402 3124
2402 3136
2402 3138
2402 3139
2406 3090
2406 3093
2409 2411
2409 2420
2410 2420
2411 2420
2412 2420
2414 3090
2414 3093
2422 2923
2423 2531
2423 2536
2424 2459
2424 2462
2424 2463
2424 2468
2425 2444
2425 2446
2425 2450
2425 2459
2425 2462
2425 2463
2425 2468
2428 2435
2428 2438
2428 2440
2428 2458
2429 2454
2429 2456
2430 2504
2430 2505
2430 2603
2430 2622
2431 2442
2431 2443
2432 2504
2432 2505
2432 2603
2432 2622
2434 2533
2434 2535
2435 2909
2435 2914
2435 2915
2436 2437
2436 2442
2436 2443
2436 2459
2436 2463
2436 2465
2436 2468
2437 2459
2437 2463
2437 2465
2437 2468
2438 2522
2438 2529
2438 2909
2438 2914
2438 2915
2438 2921
2439 2501
2439 2507
2439 2533
2439 2535
2440 2522
2440 2529
2440 2915
2440 2921
2444 2445
2444 2446
2444 2449
2444 2463
2445 2446
2446 2449
2446 2454
2446 2459
2446 2463
2447 2512
2447 2515
2447 2921
2447 2923
2450 2454
2450 2459
2450 2463
2452 2457
2452 2464
2454 2457
2455 2457
2456 2457
2456 2463
2456 2464
2456 2468
2457 2458
2457 2460
2458 2464
2459 2463
2459 2468
2461 2463
2461 2468
2462 2463
2462 2466
2462 2468
2463 2471
2463 2473
2464 2506
2464 2511
2464 2914
2464 2915
2464 2919
2464 2921
2465 2470
2465 2471
2465 2473
2466 2470
2466 2471
2467 2470
2467 2471
2467 2473
2468 2470
2468 2471
2468 2473
2470 2474
2470 2921
2470 2923
2471 2473
2471 2474
2472 2921
2472 2923
2473 2921
2473 2923
2475 3092
2475 3094
2476 2607
2476 3078
2476 3083
2476 3151
2477 2607
2477 3078
2477 3083
2477 3151
2478 2480
2478 3033
2478 3048
2478 3054
2479 2480
2479 3033
2479 3048
2479 3054
2480 2539
2481 2540
2482 2493
2482 2499
2483 2484
2483 2498
2483 2500
2483 2606
2483 2722
2483 3153
2484 2494
2484 2498
2484 2500
2484 2503
2484 2722
2485 2495
2485 2496
2485 2922
2485 2924
2485 2925
2485 3090
2485 3093
2486 3070
2486 3076
2486 3082
2488 2490
2488 2502
2489 2493
2489 2499
2489 3076
2489 3082
2492 3090
2492 3093
2493 2497
2493 2551
2493 2552
2493 3017
2493 3028
2493 3070
2493 3076
2494 2495
2494 2496
2494 2514
2494 2517
2494 2909
2494 2910
2494 2915
2494 2922
2494 2924
2494 2925
2494 3025
2494 3028
2494 3037
2495 2496
2495 2503
2495 2514
2495 2517
2495 2922
2495 2924
2495 2925
2496 2503
2497 2499
2499 2551
2499 2552
2499 3017
2499 3028
2501 2920
2501 2926
2503 2909
2503 2910
2503 2915
2503 2922
2503 2924
2503 2925
2503 3025
2503 3028
2503 3037
2504 2555
2504 2556
2504 2925
2504 2926
2505 2555
2505 2556
2505 2925
2505 2926
2505 2940
2505 3023
2507 2920
2507 2926
2508 2523
2508 2526
2508 2527
2509 2940
2509 3023
2510 2539
2514 2524
2514 2527
2517 2523
2517 2524
2517 2526
2517 2527
2518 3089
2519 3073
2519 3077
2519 3078
2520 2539
2520 3073
2520 3077
2520 3078
2521 2909
2521 2914
2521 2915
2523 2920
2523 2927
2523 3089
2525 2909
2525 2914
2525 2915
2526 2534
2526 2537
2527 2534
2527 2537
2528 2530
2528 2531
2528 2532
2528 2534
2528 2920
2528 2927
2530 2531
2530 2532
2530 2534
2531 2538
2533 3017
2533 3028
2535 3017
2535 3028
2536 2538
2539 3054
2540 2947
2540 2948
2540 3016
2542 2570
2542 2572
2543 2570
2543 2572
2544 2951
2544 2953
2544 2956
2545 2998
2545 3003
2549 2563
2549 2565
2550 2624
2550 3099
2550 3104
2550 3111
2552 2554
2552 2932
2552 2937
2554 2558
2554 2571
2554 2572
2554 2926
2554 2929
2555 2909
2555 2914
2555 3067
2555 3075
2556 2909
2556 2914
2556 2925
2556 2926
2556 3021
2556 3032
2556 3067
2556 3075
2557 2925
2557 2926
2557 3021
2557 3032
2559 2571
2559 2572
2560 2947
2560 2948
2561 2570
2561 2573
2561 2577
2561 2578
2561 2580
2562 2605
2562 3153
2563 2569
2564 2574
2564 2576
2565 2569
2566 2571
2566 2572
2566 2577
2566 2578
2566 2580
2567 2570
2567 2573
2567 2574
2567 2576
2568 2584
2568 2587
2568 2588
2568 2590
2568 2592
2568 2593
2569 2584
2569 2587
2569 2588
2569 2590
2569 2592
2569 2593
2571 2577
2571 2582
2572 2577
2572 2582
2574 2580
2574 2582
2575 2580
2575 2582
2579 2585
2579 2588
2579 2589
2579 2590
2579 2591
2579 2593
2581 2590
2581 2591
2581 2593
2583 2585
2583 2588
2583 2589
2583 2590
2583 2591
2583 2593
2586 2590
2586 2593
2587 2951
2587 2953
2587 2956
2590 2918
2590 2925
2590 2926
2593 2594
2593 2918
2593 2925
2593 2926
2593 2969
2593 2973
2593 2974
2593 2975
2594 2969
2594 2973
2594 2974
2594 2975
2595 2597
2595 2599
2596 2597
2596 2599
2601 2960
2601 2965
2602 2960
2602 2965
2603 2619
2603 2620
2603 2718
2603 2719
2604 2605
2604 2636
2604 2642
2604 2647
2604 3153
2604 3154
2605 2606
2605 2612
2605 2625
2605 2630
2605 2636
2605 2638
2605 2642
2605 2647
2605 3152
2605 3154
2605 3155
2606 2627
2606 3122
2606 3126
2608 3139
2608 3144
2609 2630
2609 2638
2610 2630
2610 2638
2611 2632
2611 2640
2612 2625
2612 2627
2612 2628
2612 2632
2612 2634
2612 2640
2612 2734
2612 2737
2612 2738
2612 2814
2612 2823
2613 2631
2613 2639
2613 2894
2613 2895
2613 2897
2613 2904
2614 2649
2614 2651
2614 2886
2614 2889
2615 2886
2615 2889
2615 2892
2616 2678
2616 2680
2616 2762
2616 2764
2616 2779
2616 2780
2616 2782
2616 2783
2616 2785
2616 2791
2617 2760
2617 2766
2617 2767
2617 2771
2618 2760
2618 2766
2618 2767
2618 2771
2619 2638
2619 2696
2619 2706
2619 2717
2620 2638
2620 2664
2620 2666
2620 2696
2620 2706
2620 2717
2621 2664
2621 2666
2623 2888
2623 2891
2624 2631
2624 2639
2624 2891
2624 2894
2624 2895
2624 2897
2624 2904
2625 2627
2625 2628
2625 2632
2625 2634
2625 2640
2625 2650
2625 2652
2625 2734
2625 2737
2625 2738
2625 2814
2625 2823
2626 3137
2626 3142
2627 2636
2627 3152
2627 3154
2627 3155
2628 2900
2628 2903
2629 3122
2629 3126
2630 2642
2630 2644
2630 2646
2630 2647
2630 3138
2630 3139
2630 3153
2632 3118
2632 3122
2633 2886
2633 2888
2633 2889
2633 2891
2633 2892
2634 2900
2634 2903
2637 2642
2637 2647
2638 2644
2638 2646
2638 2718
2638 2719
2638 3138
2638 3139
2638 3153
2640 3118
2640 3122
2642 3153
2643 2645
2643 2657
2644 2665
2644 2667
2644 2896
2644 2899
2644 2900
2644 2903
2645 2653
2646 2665
2646 2667
2646 2896
2646 2899
2647 3153
2648 2650
2648 2652
2649 2656
2649 2658
2649 2668
2649 2670
2649 2706
2649 2717
2649 2887
2649 2889
2649 2890
2649 2893
2650 2653
2650 3118
2651 2656
2651 2658
2651 2706
2651 2717
2651 2900
2651 2903
2652 2653
2652 3118
2653 2657
2654 2668
2654 2670
2654 2887
2654 2889
2654 2890
2654 2893
2658 2886
2658 2889
2659 2695
2660 2887
2660 2889
2660 2893
2661 2664
2661 2666
2661 2695
2662 2887
2662 2889
2662 2893
2663 2664
2663 2666
2664 2707
2666 2707
2669 2674
2669 2676
2672 2710
2672 2712
2672 2716
2672 2723
2672 2767
2672 2771
2673 2674
2673 2676
2675 2710
2675 2712
2675 2716
2675 2723
2675 2767
2675 2771
2677 2779
2677 2782
2678 2681
2678 2739
2678 2745
2678 2755
2678 2761
2678 2779
2678 2782
2680 2681
2680 2739
2680 2745
2680 2755
2680 2761
2681 2762
2681 2764
2681 2779
2681 2780
2681 2782
2681 2783
2681 2785
2681 2791
2682 2683
2682 2684
2682 2694
2682 2705
2682 2799
2682 2803
2683 2705
2684 2705
2685 2913
2685 2919
2686 2694
2686 2705
2686 2716
2686 2721
2687 2689
2687 2694
2687 2705
2687 2716
2687 2721
2687 2734
2687 2738
2687 2747
2687 2752
2687 2756
2688 2689
2688 2734
2688 2738
2688 2747
2688 2752
2689 2742
2690 2740
2690 2755
2690 2762
2690 2764
2690 2765
2690 2770
2690 2802
2690 2807
2690 2913
2690 2919
2691 2813
2691 2814
2692 2817
2692 2851
2692 2853
2692 2856
2693 2853
2693 2856
2693 2886
2693 2889
2693 2892
2694 2705
2694 2716
2694 2721
2696 2735
2696 2743
2697 2803
2697 2809
2697 2904
2698 2709
2701 2911
2702 2911
2703 2714
2703 2726
2704 2714
2704 2726
2705 2716
2705 2721
2705 2799
2705 2803
2706 2717
2706 2735
2706 2743
2706 2886
2706 2889
2706 2892
2706 2918
2706 2920
2706 2926
2708 2803
2708 2809
2709 2720
2709 2744
2709 2753
2710 2732
2710 2734
2710 2736
2710 2738
2710 2776
2710 2777
2711 3068
2711 3072
2715 2734
2715 2738
2715 2776
2715 2777
2716 2732
2716 2736
2716 2742
2717 2735
2717 2743
2717 2886
2717 2889
2717 2892
2717 2918
2717 2920
2717 2926
2718 2904
2721 2742
2723 2744
2723 2753
2724 2729
2724 2732
2724 2760
2724 2766
2724 2808
2724 2812
2724 2816
2725 2729
2725 2732
2725 2913
2725 2919
2728 2731
2728 2739
2729 2731
2729 2739
2730 2760
2730 2766
2730 2808
2730 2812
2730 2816
2730 2913
2730 2919
2733 2759
2733 2763
2734 2739
2734 2742
2734 2745
2737 2740
2737 2751
2737 2752
2737 2755
2737 2762
2737 2764
2738 2739
2738 2742
2738 2745
2738 2751
2738 2752
2738 2759
2738 2762
2738 2763
2738 2764
2739 2766
2739 2767
2739 2771
2739 2787
2739 2792
2739 2814
2739 2823
2740 2747
2740 2770
2742 2747
2742 2752
2742 2756
2745 2766
2745 2767
2745 2771
2745 2787
2745 2792
2745 2814
2745 2823
2747 2752
2747 2755
2747 2759
2747 2763
2747 2773
2747 2776
2748 2762
2748 2764
2749 2767
2749 2771
2750 2773
2750 2776
2754 2793
2754 2795
2755 2758
2755 2759
2755 2763
2755 2764
2755 2770
2756 2762
2756 2764
2756 2773
2756 2776
2757 2767
2757 2771
2758 2762
2760 2814
2760 2823
2762 2764
2762 2770
2762 2793
2762 2795
2762 3122
2762 3126
2764 2770
2764 2784
2764 2794
2764 3122
2764 3126
2765 2770
2766 2814
2766 2823
2768 2770
2768 2777
2768 2784
2768 2794
2768 2799
2768 2803
2769 2799
2769 2803
2770 2772
2770 2802
2770 2807
2770 2909
2770 2910
2770 2913
2770 2915
2770 2919
2772 2777
2772 2784
2772 2790
2772 2794
2772 3101
2772 3105
2774 2793
2774 2795
2775 2784
2775 2790
2775 2794
2775 2922
2775 2924
2775 3101
2775 3105
2777 2909
2777 2910
2777 2915
2778 2922
2778 2924
2781 2793
2781 2795
2785 2793
2785 2796
2785 2798
2786 2833
2786 2834
2786 2913
2786 2919
2788 2813
2788 2814
2788 2833
2788 2834
2788 2913
2788 2919
2789 2801
2789 2811
2790 2793
2790 2795
2791 2793
2791 2796
2791 2798
2793 2794
2794 2795
2797 2801
2797 2811
2798 2801
2798 2811
2799 2913
2799 2919
2800 2817
2800 2851
2800 2853
2800 2856
2803 2913
2803 2919
2804 2853
2804 2856
2804 2886
2804 2889
2804 2892
2805 2853
2805 2856
2806 2831
2806 2832
2810 2853
2810 2856
2811 2831
2811 2832
2814 2830
2814 2836
2815 2826
2815 2838
2819 2835
2819 2840
2819 2842
2819 2853
2819 2856
2819 2886
2819 2889
2819 2892
2820 2826
2820 2838
2821 2824
2821 2833
2821 2834
2822 2835
2823 2830
2823 2836
2824 2828
2824 2839
2827 2861
2827 2865
2828 2833
2828 2834
2829 2840
2829 2842
2830 2835
2830 2853
2830 2854
2830 2856
2830 2860
2830 2886
2830 2889
2830 2892
2831 2844
2831 2849
2832 2844
2832 2849
2833 2839
2834 2839
2836 2854
2836 2860
2837 2861
2837 2865
2840 2853
2840 2856
2841 2853
2841 2856
2842 2853
2842 2856
2843 2853
2843 2856
2845 2849
2845 2853
2845 2855
2845 2856
2847 2853
2847 2854
2847 2856
2847 2858
2847 2860
2847 2866
2848 2853
2848 2856
2849 2853
2849 2854
2849 2856
2849 2860
2849 2865
2850 2864
2850 2870
2850 2889
2850 2892
2850 2908
2850 2911
2852 2853
2852 2854
2852 2856
2852 2858
2852 2860
2852 2866
2853 2854
2853 2855
2853 2856
2853 2857
2853 2861
2853 2863
2853 2864
2854 2855
2854 2856
2854 2857
2854 2859
2855 2856
2855 2857
2855 2859
2855 2860
2855 2865
2856 2857
2856 2861
2856 2863
2856 2864
2865 2875
2865 2876
2869 2875
2869 2876
2872 2880
2872 2883
2873 2887
2873 2889
2873 2890
2873 2893
2874 2875
2874 2876
2875 2877
2875 2880
2875 2881
2875 2883
2875 2884
2876 2877
2876 2880
2876 2881
2876 2883
2876 2884
2881 2882
2881 2885
2882 2883
2883 2885
2891 3111
2894 3099
2894 3104
2898 2910
2898 2913
2898 2919
2901 2917
2901 2922
2902 2910
2902 2913
2902 2919
2902 2927
2902 2930
2905 2916
2905 2917
2905 2922
2905 2924
2906 2927
2906 2930
2907 2916
2907 2917
2907 2922
2907 2924
2907 2928
2908 2917
2908 2922
2909 2910
2909 2915
2910 2915
2910 2916
2910 2917
2910 2922
2910 2924
2910 2925
2910 2928
2911 2917
2911 2922
2911 2924
2911 2928
2912 2918
2912 2925
2912 2926
2913 2916
2913 2917
2913 2922
2913 2924
2913 2925
2913 2928
2914 2917
2914 2918
2914 2925
2914 2926
2915 2922
2915 2924
2915 2928
2917 2920
2918 2920
2919 2921
2919 2922
2919 2923
2919 2924
2919 2925
2919 2928
2920 2925
2920 2926
2920 3017
2921 2923
2921 2927
2924 2925
2924 2926
2925 2926
2925 2979
2925 2980
2925 3024
2925 3030
2926 2979
2926 2980
2926 3017
2926 3024
2926 3030
2927 2929
2927 2930
2927 2958
2927 2959
2927 3011
2927 3012
2927 3013
2928 3017
2928 3028
2929 2930
2929 2999
2929 3004
2929 3011
2929 3012
2929 3013
2930 2958
2930 2959
2930 2999
2930 3004
2932 3017
2932 3028
2933 3017
2933 3028
2940 2943
2940 3009
2940 3012
2940 3024
2940 3029
2940 3031
2941 2943
2941 3024
2941 3029
2941 3031
2941 3036
2941 3044
2942 2945
2942 2976
2943 3035
2943 3042
2943 3080
2943 3085
2945 3020
2945 3024
2945 3031
2946 2983
2946 2988
2949 3026
2949 3048
2950 3018
2950 3019
2950 3046
2950 3051
2950 3053
2952 2961
2952 2964
2952 2968
2954 2998
2954 3003
2955 3018
2955 3019
2955 3046
2955 3051
2955 3053
2957 2961
2957 2964
2957 2968
2961 2991
2961 2992
2962 2967
2962 2979
2962 2980
2962 2982
2962 2986
2962 2989
2962 2991
2962 2992
2963 2986
2963 2989
2963 2991
2963 2992
2964 2972
2964 2973
2966 2983
2966 2988
2967 2979
2967 2980
2967 2982
2967 2986
2967 2989
2967 2991
2967 2992
2968 2979
2968 2980
2968 2991
2968 2992
2969 2972
2969 2973
2970 2989
2970 2991
2970 2992
2971 2982
2971 2986
2971 2989
2971 2991
2971 2992
2972 2982
2972 2986
2974 2987
2974 2993
2975 2987
2975 2993
2976 3020
2976 3024
2976 3031
2977 2981
2977 2990
2978 2981
2978 2990
2981 3018
2981 3019
2981 3087
2981 3088
2982 2983
2982 2988
2983 2986
2983 2999
2983 3001
2983 3019
2983 3022
2983 3027
2983 3068
2983 3072
2983 3087
2983 3088
2985 2991
2985 2992
2985 2994
2986 2988
2988 2999
2988 3001
2988 3019
2988 3022
2988 3027
2988 3068
2988 3072
2990 2991
2990 2992
2990 2994
2990 3018
2990 3019
2990 3087
2990 3088
2991 3002
2991 3005
2992 3002
2992 3005
2995 3002
2995 3005
2996 3010
2996 3013
2997 3010
2997 3013
2998 3008
2999 3006
2999 3007
2999 3024
2999 3031
2999 3051
2999 3053
2999 3068
2999 3072
3000 3021
3000 3032
3001 3006
3001 3007
3001 3024
3001 3031
3001 3051
3001 3053
3001 3068
3001 3072
3002 3011
3002 3012
3002 3013
3002 3018
3002 3019
3003 3008
3004 3024
3004 3031
3004 3068
3004 3072
3005 3011
3005 3012
3005 3013
3005 3021
3005 3032
3006 3009
3006 3011
3006 3018
3006 3019
3007 3009
3007 3011
3009 3023
3012 3023
3014 3024
3014 3030
3015 3024
3015 3030
3018 3040
3018 3048
3019 3040
3019 3048
3019 3049
3019 3050
3021 3024
3021 3030
3021 3062
3021 3063
3022 3049
3022 3050
3023 3036
3023 3044
3024 3032
3024 3068
3024 3072
3029 3035
3029 3042
3029 3080
3029 3085
3030 3032
3030 3068
3030 3072
3032 3062
3032 3063
3034 3035
3034 3042
3035 3041
3036 3038
3036 3046
3038 3044
3041 3042
3041 3055
3041 3057
3043 3068
3043 3072
3044 3046
3044 3065
3044 3072
3045 3065
3045 3072
3046 3073
3046 3077
3049 3057
3049 3059
3050 3055
3050 3057
3050 3059
3051 3073
3051 3077
3052 3068
3052 3072
3056 3058
3056 3060
3056 3074
3056 3080
3056 3085
3056 3086
3056 3087
3058 3061
3060 3061
3061 3074
3061 3080
3061 3085
3061 3086
3061 3087
3064 3085
3064 3087
3066 3085
3066 3087
3068 3069
3068 3071
3068 3074
3068 3077
3068 3078
3068 3079
3068 3086
3068 3087
3069 3072
3071 3072
3072 3074
3072 3077
3072 3078
3072 3079
3072 3086
3072 3087
3073 3081
3073 3082
3075 3092
3075 3094
3077 3078
3077 3081
3077 3082
3077 3083
3077 3084
3078 3081
3078 3082
3078 3083
3078 3084
3097 3131
3100 3131
3103 3115
3103 3121
3108 3115
3108 3121
3110 3113
3110 3116
3113 3117
3115 3119
3115 3125
3116 3117
3119 3121
3121 3125
3122 3152
3123 3140
3126 3152
3130 3140
3135 3147
3135 3150
3137 3146
3137 3147
3139 3147
3139 3150
3142 3146
3142 3147
3144 3150
