0 82
0 84
0 85
1 30
1 35
2 106
2 109
2 1117
2 1180
2 2265
2 2347
3 453
3 466
4 1209
4 1217
4 1222
5 903
5 904
6 82
6 84
6 85
7 9
7 23
8 536
8 537
8 538
8 540
9 10
9 23
9 29
9 122
9 515
9 523
9 536
9 537
9 538
9 540
10 23
10 234
10 236
10 239
10 241
10 284
10 286
10 507
10 514
10 2020
10 2021
11 165
11 170
11 231
11 234
11 2002
11 2006
12 1483
12 1488
13 80
13 83
14 1075
14 1076
15 1075
15 1076
16 29
16 34
16 283
16 287
16 507
16 514
16 625
16 965
16 1118
16 1180
17 29
17 34
17 283
17 287
17 507
17 514
17 613
17 614
17 616
17 625
17 965
18 613
18 614
18 616
19 48
19 50
19 1066
19 1069
20 48
20 50
20 1066
20 1069
21 1067
21 1074
22 30
22 33
22 118
22 119
22 513
22 521
22 526
22 536
22 538
22 1387
22 1704
22 1727
22 1738
22 1739
22 1749
22 1753
22 1758
22 1760
22 1771
22 1774
22 1779
22 1787
23 29
23 30
23 35
23 118
23 119
23 122
23 255
23 256
23 261
23 262
23 276
23 280
23 284
23 286
23 354
23 359
23 362
23 482
23 483
23 507
23 514
23 515
23 523
23 536
23 538
23 546
23 561
23 705
23 706
23 906
23 909
23 1262
23 1264
23 1306
23 1307
23 1388
23 1572
23 1579
23 1704
23 1727
23 1738
23 1740
23 1749
23 1753
23 1760
23 1766
23 1774
23 1776
23 1779
23 1782
23 1783
23 1787
23 1904
23 1905
23 1908
23 1909
23 2125
23 2128
23 2428
23 2431
24 165
24 170
24 231
24 234
24 236
24 239
24 241
24 2020
24 2021
25 231
25 234
25 2002
25 2006
26 28
26 1327
27 80
27 83
28 31
30 32
30 33
30 35
30 37
30 255
30 256
30 261
30 262
30 276
30 280
30 345
30 351
30 354
30 357
30 359
30 362
30 482
30 483
30 502
30 505
30 546
30 561
30 571
30 575
30 692
30 705
30 706
30 712
30 719
30 869
30 954
30 998
30 1262
30 1264
30 1289
30 1294
30 1306
30 1307
30 1312
30 1318
30 1388
30 1553
30 1556
30 1572
30 1579
30 1600
30 1601
30 1668
30 1704
30 1705
30 1706
30 1726
30 1738
30 1740
30 1749
30 1760
30 1766
30 1769
30 1776
30 1783
30 1787
30 1841
30 1893
30 1896
30 1904
30 1905
30 1908
30 1909
30 1995
30 1997
30 2034
30 2125
30 2128
30 2138
30 2139
30 2261
30 2262
30 2428
30 2431
31 1327
32 33
32 35
32 118
32 119
32 499
32 502
32 505
32 507
32 510
32 513
32 514
32 521
32 526
32 813
32 906
32 909
32 917
32 921
32 1093
32 1289
32 1294
32 1387
32 1553
32 1556
32 1600
32 1601
32 1668
32 1704
32 1705
32 1726
32 1738
32 1739
32 1749
32 1753
32 1758
32 1760
32 1766
32 1771
32 1774
32 1776
32 1779
32 1782
32 1787
32 1908
32 2034
32 2422
32 2424
33 35
33 37
33 345
33 351
33 357
33 359
33 362
33 712
33 719
33 954
33 998
33 1318
33 1726
33 1738
33 1743
33 1756
33 1769
33 1776
33 1841
33 1995
33 1997
33 2138
33 2139
33 2261
33 2262
34 659
34 661
34 663
34 664
34 668
34 919
34 923
34 930
34 933
34 1003
34 1009
35 37
35 499
35 507
35 510
35 514
35 571
35 575
35 692
35 813
35 869
35 917
35 921
35 1093
35 1289
35 1294
35 1312
35 1553
35 1556
35 1668
35 1705
35 1706
35 1726
35 1743
35 1756
35 1766
35 1774
35 1893
35 1896
35 1908
35 1909
35 2034
35 2138
35 2139
35 2422
35 2424
36 659
36 661
36 663
36 664
36 668
36 919
36 923
36 930
36 933
36 1003
36 1009
37 951
37 1044
38 1157
38 1160
39 463
39 464
39 624
39 625
39 635
39 948
39 950
39 951
39 965
39 988
39 995
39 1044
39 1317
39 1750
39 1754
39 1768
39 1777
39 1804
40 1157
40 1160
41 625
41 635
41 951
41 988
41 995
41 1044
42 463
42 464
42 624
42 948
42 950
42 951
42 965
42 1317
42 1750
42 1754
42 1768
42 1777
42 1804
43 147
43 150
44 147
44 150
44 941
44 946
45 1118
45 1180
46 941
46 946
47 56
47 71
47 72
47 79
47 1077
47 1078
49 71
49 79
49 457
49 527
49 1077
49 1078
49 1082
49 1083
51 56
51 72
52 457
52 527
52 1082
52 1083
53 538
53 539
54 139
54 149
55 147
55 152
55 161
55 167
56 75
56 77
56 161
56 167
57 93
57 98
57 100
57 105
57 124
57 191
57 192
57 497
57 503
57 513
57 521
57 1087
57 1088
57 1345
57 1354
57 2047
57 2051
58 93
58 98
58 100
58 105
58 124
58 191
58 192
58 497
58 503
58 513
58 521
58 1087
58 1088
58 1345
58 1354
58 2047
58 2051
59 102
59 106
60 102
60 106
60 109
61 94
61 95
61 144
61 475
61 1117
61 1143
61 1144
61 1180
61 2265
61 2347
62 65
62 94
62 95
62 144
62 398
62 475
62 759
62 1143
62 1144
62 1183
63 65
63 398
63 759
63 1183
64 93
64 98
65 93
65 98
66 81
66 82
67 81
67 82
67 1148
67 1150
68 107
68 110
68 114
68 1157
68 1160
68 1163
68 1164
68 2284
68 2289
68 2298
68 2303
68 2312
68 2313
68 2314
69 106
69 109
69 1139
69 1140
69 1148
69 1150
69 1157
69 1160
69 1163
69 1164
69 2312
69 2313
69 2314
70 1148
70 1150
71 147
71 152
71 169
71 174
72 75
72 77
73 1168
73 1171
74 538
74 539
76 169
76 174
78 98
78 100
78 1168
78 1171
81 98
81 100
86 122
86 176
86 178
86 181
86 182
86 184
86 515
87 147
87 150
88 182
88 184
89 147
89 150
90 122
90 176
90 178
90 181
90 515
90 1517
90 1523
91 92
91 94
91 95
91 135
91 239
91 241
91 244
91 795
91 798
91 1375
91 1383
91 1454
91 1456
91 1457
91 1458
91 1505
91 1508
91 1572
91 1576
91 1579
91 1580
91 2037
91 2044
92 102
92 105
92 127
92 148
92 1217
92 1222
92 1372
92 1378
92 1383
92 1459
92 1461
93 105
93 108
93 1345
93 1346
93 1348
93 1354
93 1355
93 1360
93 1460
93 1473
93 2265
93 2368
94 127
94 148
94 1217
94 1222
94 1257
94 1261
94 1348
94 1349
94 1372
94 1378
94 1383
94 1457
94 1458
94 1459
94 1461
94 1524
94 1527
94 1810
94 1811
94 2022
94 2403
95 102
95 104
95 105
95 108
95 127
95 148
95 1217
95 1222
95 1345
95 1346
95 1348
95 1349
95 1354
95 1355
95 1360
95 1372
95 1378
95 1383
95 1459
95 1461
95 1473
95 2368
96 1374
96 1376
97 99
97 219
97 223
97 1453
97 1454
97 1483
97 1488
97 1496
97 1502
97 1568
97 1576
97 1908
97 1909
98 104
98 105
98 843
98 850
98 1345
98 1346
98 1348
98 1349
98 1352
98 1353
98 1374
98 1376
98 1460
98 2265
98 2292
98 2302
99 219
99 223
99 1375
99 1383
99 1453
99 1454
99 1496
99 1502
99 1568
99 1576
99 1908
99 1909
100 105
100 108
100 435
100 439
100 843
100 850
100 1200
100 1211
100 1228
100 1233
100 1348
100 1349
100 1350
100 1352
100 1353
100 1374
100 1376
100 2269
100 2292
100 2302
100 2315
100 2317
100 2337
100 2338
100 2345
100 2367
100 2371
100 2373
100 2386
100 2389
101 1254
101 1257
101 1258
101 1261
101 1524
101 1527
101 1810
101 1811
101 2022
101 2403
102 113
102 115
102 1181
102 1185
102 1363
102 1369
102 2047
102 2051
102 2243
102 2245
102 2318
102 2319
102 2337
102 2338
102 2378
102 2381
103 1254
103 1258
104 431
104 432
104 695
104 764
104 1196
104 1207
104 1224
104 1228
104 1348
104 1349
104 1416
104 1423
104 2047
104 2051
104 2053
105 106
105 108
105 109
105 431
105 432
105 435
105 439
105 695
105 764
105 1119
105 1120
105 1191
105 1193
105 1196
105 1200
105 1207
105 1211
105 1224
105 1228
105 1233
105 1350
105 1363
105 1369
105 1416
105 1423
105 1668
105 1669
105 2047
105 2051
105 2053
105 2269
105 2315
105 2317
105 2337
105 2338
105 2345
105 2367
105 2371
105 2373
105 2378
105 2381
105 2386
105 2389
105 2392
105 2393
106 108
106 111
106 112
106 113
106 114
106 115
106 1181
106 1185
106 1348
106 1349
106 1797
106 1801
106 1814
106 1824
106 2047
106 2051
106 2243
106 2245
106 2269
106 2305
106 2307
106 2309
106 2311
106 2318
106 2319
106 2337
106 2338
106 2345
107 109
107 110
107 111
107 112
107 114
107 1157
107 1160
107 1166
107 1168
107 1181
107 1185
107 1348
107 1349
107 2263
107 2264
107 2269
107 2270
107 2284
107 2289
107 2309
107 2311
107 2315
107 2317
107 2323
107 2324
107 2326
107 2331
107 2332
107 2334
107 2335
107 2345
108 109
108 1119
108 1120
108 1191
108 1193
108 1228
108 1233
108 1668
108 1669
108 2392
108 2393
109 110
109 112
109 114
109 1157
109 1160
109 1178
109 1179
109 1667
109 1797
109 1801
109 1814
109 1824
109 2030
109 2031
109 2269
109 2270
109 2271
109 2284
109 2289
109 2298
109 2303
109 2305
109 2307
109 2324
109 2326
109 2332
109 2335
109 2337
109 2338
109 2343
109 2345
110 112
110 114
110 770
110 776
110 1143
110 1144
110 1157
110 1160
110 1166
110 1168
110 1181
110 1185
110 1440
110 1441
110 2263
110 2264
110 2269
110 2271
110 2284
110 2289
110 2295
110 2296
110 2298
110 2303
110 2312
110 2313
110 2315
110 2317
110 2323
110 2324
110 2331
110 2334
110 2343
110 2344
110 2345
110 2351
111 1169
111 1172
111 1176
111 1178
111 1179
111 2312
111 2313
111 2314
112 1143
112 1144
112 1169
112 1172
112 1176
112 1178
112 1179
112 1440
112 1441
112 2290
112 2295
112 2296
112 2306
112 2309
112 2312
112 2313
112 2314
113 770
113 776
113 812
113 864
113 866
113 1124
113 1128
113 1132
113 1143
113 1144
113 1177
113 1178
113 1179
113 1319
113 1664
113 1667
113 2030
113 2031
113 2067
113 2075
113 2284
113 2289
113 2297
113 2298
113 2303
113 2315
113 2317
113 2342
113 2344
113 2351
113 2356
114 1139
114 1140
114 1157
114 1160
114 2284
114 2289
114 2290
114 2295
114 2298
114 2303
114 2306
114 2309
115 117
115 812
115 864
115 866
115 1124
115 1128
115 1132
115 1143
115 1144
115 1177
115 1179
115 1319
115 1664
115 2067
115 2075
115 2284
115 2289
115 2297
115 2298
115 2303
115 2315
115 2317
115 2342
115 2351
115 2356
116 2273
116 2274
117 2273
117 2274
118 191
118 192
118 485
118 510
118 519
118 528
119 191
119 192
119 485
119 528
120 186
120 189
120 520
120 529
121 125
121 145
121 182
121 184
121 186
121 189
121 520
121 529
121 1392
121 1412
122 123
122 150
122 153
122 160
122 163
122 178
122 181
122 234
122 236
122 482
122 483
122 504
122 1453
122 1454
123 239
123 241
123 515
124 127
124 148
124 151
124 154
124 155
124 185
124 188
124 237
124 239
124 241
124 497
124 504
124 554
124 566
124 1102
124 1105
125 131
125 175
125 497
125 504
125 533
126 482
126 487
126 1102
126 1105
127 497
127 1392
127 1412
128 129
128 154
129 151
130 1432
130 1434
130 1436
131 145
131 160
131 163
131 165
131 170
131 1363
131 1369
132 232
133 165
133 170
134 165
134 170
135 1383
136 784
136 791
137 784
137 791
138 2336
138 2337
139 182
139 184
139 186
140 150
140 153
140 474
140 496
140 500
141 482
141 487
141 1102
141 1105
142 156
142 157
142 187
142 190
143 187
143 190
145 175
145 533
145 1102
145 1105
146 524
146 532
147 524
147 532
147 537
147 540
147 541
148 497
148 1392
148 1412
149 156
149 157
149 165
149 170
149 182
149 184
149 186
150 523
151 154
151 497
152 537
152 540
152 541
153 165
153 170
153 523
154 497
155 497
158 160
158 163
159 160
159 163
160 175
160 515
160 523
162 179
162 180
163 175
163 515
163 523
164 179
164 180
165 175
166 1432
166 1434
166 1436
168 1505
168 1508
170 175
170 233
170 236
170 239
170 241
171 1505
171 1508
172 1505
172 1508
173 233
173 236
175 1363
175 1369
177 239
177 241
178 515
181 515
182 482
182 483
182 533
183 1514
183 1515
183 1760
183 1766
184 482
184 483
184 533
184 1514
184 1515
184 1520
184 1523
184 1760
184 1766
185 497
187 534
187 1520
187 1523
187 1760
187 1766
188 497
190 534
191 195
191 1106
191 1107
192 193
192 195
192 1106
192 1107
193 194
194 195
196 784
196 791
197 232
197 233
197 1094
197 1095
198 211
198 218
198 221
198 222
199 221
199 222
200 299
200 302
201 299
201 302
202 231
202 234
202 278
202 283
203 231
203 234
203 278
203 283
204 213
204 215
205 1254
205 1258
205 1260
205 1263
206 1240
206 1242
206 1243
206 1246
207 211
207 218
208 266
208 299
208 304
208 740
209 737
209 740
210 232
210 233
210 1094
210 1095
211 217
211 222
211 227
211 228
211 306
211 307
212 266
212 299
212 304
212 306
212 307
212 740
213 1267
214 1096
214 1099
215 737
215 740
215 1267
215 1388
215 1783
215 1787
216 227
216 228
216 232
216 233
216 1096
216 1099
217 218
218 222
218 227
218 228
219 221
219 222
219 223
219 1106
219 1107
220 1388
220 1783
220 1787
221 223
221 227
221 228
221 232
221 233
221 281
221 285
222 223
222 227
222 228
222 281
222 285
223 245
223 249
223 1106
223 1107
224 245
224 249
225 226
225 229
226 229
227 231
227 234
227 1104
227 1105
228 231
228 234
228 1104
228 1105
229 231
229 234
230 1107
230 1108
231 232
231 1105
231 1107
232 234
233 1101
233 1104
233 1105
233 1106
233 1107
233 1108
233 1482
233 1483
234 236
234 515
234 1105
234 1106
234 1107
235 1107
235 1108
235 1246
235 1249
236 515
236 1101
236 1104
236 1105
236 1106
236 1107
236 1108
236 1482
236 1483
237 483
237 490
237 497
237 730
237 741
237 1106
237 1107
238 1246
238 1249
239 474
239 483
239 490
239 497
239 500
239 730
239 741
239 799
239 800
239 1105
239 1107
239 1383
239 1392
239 1412
239 2261
239 2262
240 1105
240 1107
241 474
241 500
241 799
241 800
241 1383
241 1392
241 1412
241 2261
241 2262
242 247
242 248
242 251
243 247
243 248
243 251
244 1383
245 252
245 255
245 792
245 793
246 781
246 783
246 1107
246 1108
247 400
247 425
247 802
247 803
249 252
249 255
249 792
249 793
249 1166
249 1168
250 400
250 425
250 781
250 783
250 802
250 803
250 1107
250 1108
250 1166
250 1168
251 400
251 425
251 802
251 803
253 781
253 784
254 781
254 784
255 799
255 800
256 750
256 773
256 779
256 799
256 800
256 801
256 802
256 1244
256 1248
256 1264
257 1107
257 1110
258 750
258 773
258 779
258 801
258 802
258 1107
258 1110
258 1244
258 1248
258 1264
259 2002
259 2006
260 2002
260 2006
260 2336
260 2337
261 262
261 264
261 391
261 392
261 563
261 572
261 607
261 621
262 264
262 391
262 392
262 563
262 572
262 604
262 606
262 607
262 611
262 613
262 621
263 265
263 270
265 272
267 734
267 737
267 740
268 273
268 274
269 708
269 710
270 272
271 604
271 606
271 611
271 613
273 724
274 724
275 742
275 746
277 742
277 746
279 571
279 575
282 571
282 575
283 563
283 572
284 298
284 299
284 300
284 301
284 303
284 304
286 298
286 299
286 300
286 301
286 303
286 304
287 563
287 572
288 292
288 294
288 549
288 550
288 975
288 982
289 292
289 294
289 975
289 982
290 549
290 550
291 294
291 297
292 299
292 304
292 308
292 309
293 294
293 297
294 295
294 299
295 299
296 299
296 304
296 308
296 309
297 308
297 309
299 303
299 305
303 304
304 305
310 354
310 362
310 709
310 715
311 342
311 346
311 352
311 360
311 364
311 513
311 521
312 342
312 346
312 352
312 360
312 364
312 513
312 521
312 551
312 552
313 345
313 351
313 671
313 680
314 321
314 350
314 361
314 367
315 316
315 321
315 350
315 361
315 367
316 346
316 361
316 364
316 367
316 551
316 552
317 320
317 339
317 551
317 552
318 320
318 339
318 661
318 665
318 867
318 912
319 661
319 665
319 867
319 912
321 339
321 350
321 357
321 360
321 708
321 710
322 708
322 710
323 784
323 791
323 792
324 383
324 384
325 608
325 611
325 613
326 1310
326 1311
327 1310
327 1311
328 359
328 366
328 369
328 1297
328 1300
328 1310
328 1311
329 359
329 362
329 372
329 380
329 381
329 544
329 545
330 382
330 387
331 571
331 575
332 1292
332 1298
333 393
333 394
333 589
333 590
333 595
333 597
333 1094
333 1095
333 1282
333 1284
333 1292
333 1298
334 393
334 394
334 589
334 590
334 595
334 597
334 1094
334 1095
334 1282
334 1284
335 1270
335 1273
336 345
336 351
337 340
337 671
337 680
338 346
338 361
338 364
338 367
339 350
339 351
339 354
339 357
339 362
339 709
339 715
340 346
340 364
341 346
341 364
342 691
343 348
343 362
344 345
344 357
344 360
345 352
345 360
345 370
347 354
347 359
347 362
348 349
348 353
348 364
349 362
350 351
350 357
350 360
351 552
351 554
352 360
352 361
352 367
353 362
354 358
354 717
354 722
355 366
355 369
356 366
356 373
356 374
356 1308
356 1309
357 370
357 552
357 554
358 359
358 362
359 1290
359 1295
359 1301
359 1305
360 361
360 367
360 370
360 691
361 365
361 368
361 773
361 779
362 364
362 717
362 722
362 1290
362 1295
362 1301
363 1310
363 1311
365 367
366 371
366 375
366 376
366 378
366 493
366 502
366 1305
367 368
367 773
367 779
369 378
369 493
369 502
369 1305
371 373
371 374
371 1308
371 1309
372 385
372 386
372 1301
373 375
373 376
373 385
373 386
377 380
377 382
377 1289
377 1294
378 513
378 521
379 513
379 521
379 698
379 699
379 702
379 1289
379 1294
380 382
380 386
380 389
380 551
380 552
380 1301
381 386
381 389
381 551
381 552
381 1301
382 390
383 388
383 698
384 388
384 698
384 699
384 702
385 551
385 552
385 1291
385 1295
385 1797
385 1799
386 563
386 564
386 1291
386 1295
386 1797
386 1799
387 390
389 563
389 564
389 1283
389 1284
390 1283
390 1284
395 1270
395 1273
396 419
396 420
397 1793
397 1794
398 430
398 433
398 435
398 438
398 439
398 1244
398 1248
398 1283
398 1284
399 422
399 423
401 1125
401 1126
402 834
402 836
402 1125
402 1126
403 444
403 445
403 446
403 1168
403 1172
404 430
404 431
404 433
404 437
404 444
404 445
404 446
405 836
405 841
406 836
406 841
407 852
407 855
408 1293
408 1296
409 711
409 712
410 711
410 712
410 714
410 718
410 720
411 714
411 718
411 720
412 1793
412 1794
413 548
413 570
414 548
414 570
415 426
415 427
416 426
416 427
417 426
417 427
418 1293
418 1296
419 868
419 894
419 1268
419 1312
420 1268
421 868
421 894
421 1312
422 762
423 762
423 768
423 769
424 762
424 768
424 769
428 852
428 855
429 1109
429 1112
430 432
430 434
430 436
430 440
430 442
430 1187
430 1188
431 440
431 442
432 436
432 1187
432 1188
433 434
433 440
433 442
435 759
435 823
435 826
435 1213
435 1214
436 1109
436 1112
437 440
437 442
438 759
438 2288
438 2290
439 759
439 817
439 823
439 826
439 1213
439 1214
441 817
441 823
441 2288
441 2290
443 765
443 771
444 765
444 771
444 817
444 823
444 1128
444 1132
445 760
445 766
445 817
445 823
445 1128
445 1132
446 760
446 763
446 765
446 766
446 771
447 763
447 765
447 771
448 492
448 501
449 1293
449 1296
450 544
450 559
451 480
451 484
451 543
451 544
451 559
452 652
452 654
453 464
454 1080
454 1081
454 1082
454 1083
455 981
455 987
455 1080
455 1081
455 1082
455 1083
456 1082
456 1083
457 1082
457 1083
458 1082
458 1083
459 1082
459 1083
460 1070
460 1072
461 1768
461 1777
461 1911
461 1918
462 1768
462 1777
462 1911
462 1918
464 466
464 950
464 951
465 950
465 951
467 543
467 558
467 652
467 654
468 543
468 558
469 480
469 484
469 502
469 505
469 543
469 559
469 567
469 577
470 546
470 561
471 580
471 581
472 580
472 581
473 492
473 501
473 1293
473 1296
474 523
476 502
476 505
476 567
476 577
477 546
477 561
478 593
478 595
479 507
479 514
480 492
480 501
480 508
480 511
480 593
480 595
480 601
480 602
481 512
481 516
482 515
483 515
484 492
484 501
484 601
484 602
486 831
486 835
488 494
488 495
488 502
488 505
488 507
488 514
488 517
488 522
488 580
488 581
489 512
489 516
491 508
491 511
492 501
492 512
492 516
492 518
492 524
492 544
492 545
492 561
492 562
492 568
492 569
492 574
492 577
492 582
492 584
492 587
492 605
492 608
493 498
493 499
493 509
493 510
494 498
495 498
496 523
497 504
497 554
497 566
497 1102
497 1105
498 499
498 502
498 505
498 507
498 509
498 510
498 517
498 522
499 506
499 507
499 509
499 514
499 516
499 517
499 518
499 525
499 831
499 835
500 523
501 502
501 505
501 512
501 516
501 518
501 524
501 544
501 545
501 561
501 562
501 568
501 569
501 574
501 577
501 582
501 584
501 587
501 605
501 608
501 615
501 619
501 622
501 623
501 1077
501 1078
501 1079
502 505
502 509
502 521
502 526
502 544
502 545
502 546
502 561
502 562
502 571
502 575
502 615
502 619
502 622
502 623
502 700
502 704
502 1077
502 1078
502 1079
502 1279
502 1281
504 515
505 507
505 517
505 521
505 526
505 544
505 545
505 546
505 561
505 571
505 575
505 615
505 619
505 622
505 623
505 700
505 704
505 1077
505 1078
505 1079
505 1279
505 1281
506 507
506 510
506 514
506 517
506 559
506 673
506 896
506 905
507 509
507 510
507 514
507 814
507 833
507 842
507 869
507 1312
509 510
509 517
509 1102
509 1105
510 514
510 516
510 517
510 518
510 525
510 539
512 544
512 545
512 546
512 561
512 615
512 619
512 622
512 623
512 700
512 704
512 1077
512 1078
512 1079
512 1081
512 1084
513 537
513 540
513 1553
513 1556
514 517
514 869
514 1312
515 1453
515 1454
516 544
516 545
516 1081
516 1084
517 525
517 814
517 833
517 842
518 544
518 545
519 539
519 831
519 835
521 537
521 540
521 1553
521 1556
522 559
522 673
524 906
524 909
524 928
524 931
525 1102
525 1105
526 896
526 905
530 1082
530 1083
531 870
531 871
531 892
531 928
531 931
532 870
532 871
532 892
532 906
532 909
532 928
532 931
533 1392
533 1412
535 981
535 987
536 1795
536 1798
536 1949
536 1953
537 1770
537 1778
538 1795
538 1798
538 1949
538 1953
540 1770
540 1778
542 555
542 556
543 576
543 577
543 643
543 650
543 717
543 722
544 546
544 561
544 583
544 643
544 650
544 655
544 660
544 717
544 722
544 1283
544 1284
544 1301
545 546
545 561
545 655
545 660
545 677
545 682
545 1283
545 1284
545 1301
546 568
546 571
546 575
546 589
546 592
546 632
546 633
546 677
546 682
546 683
546 1102
546 1103
546 1246
546 1249
547 638
547 646
551 553
551 563
551 564
551 668
551 672
551 689
551 690
551 691
551 796
551 804
552 553
552 689
552 690
552 691
552 796
552 804
554 563
554 572
554 573
555 557
556 557
558 576
558 577
559 583
560 677
560 682
561 568
561 571
561 575
561 589
561 592
561 632
561 633
561 683
561 1102
561 1103
561 1119
561 1120
561 1246
561 1249
562 580
562 588
562 638
562 646
563 564
563 566
563 591
563 598
563 608
563 610
563 612
564 668
564 672
565 1430
565 1436
566 572
566 573
568 608
568 611
568 612
568 613
569 1119
569 1120
570 580
570 588
571 573
571 575
571 578
571 585
571 588
571 589
571 596
571 599
571 605
571 608
571 611
571 612
571 613
571 614
571 618
571 622
571 623
571 1254
571 1255
571 1258
571 1259
571 1304
571 1315
571 1430
571 1436
571 1467
572 585
572 589
572 591
572 598
572 608
572 610
572 612
572 615
572 617
573 575
573 615
573 617
575 578
575 580
575 585
575 588
575 589
575 596
575 599
575 605
575 608
575 611
575 612
575 613
575 614
575 618
575 622
575 623
575 1254
575 1255
575 1258
575 1259
575 1304
575 1315
575 1467
578 593
578 596
578 611
578 613
579 611
579 613
580 588
585 593
585 596
586 604
586 606
586 608
586 611
586 612
586 613
590 604
590 606
590 608
590 612
592 609
592 610
593 608
593 611
593 612
593 613
594 603
594 605
595 609
595 610
596 605
596 608
596 611
596 612
596 613
599 605
599 608
599 795
599 798
599 1097
599 1099
600 603
600 605
605 613
605 614
605 615
605 618
605 795
605 798
605 1097
605 1099
608 611
608 613
608 614
608 615
608 618
608 622
608 623
608 683
608 698
610 611
610 613
610 622
610 623
611 612
611 683
611 698
611 742
611 745
612 613
612 683
612 742
612 745
613 683
613 698
618 1277
618 1279
620 1277
620 1279
624 998
624 1006
625 627
625 629
625 961
625 968
625 973
625 979
625 984
625 1016
625 1017
626 964
626 968
626 973
626 984
626 989
626 1021
626 1022
627 635
627 960
627 973
627 979
627 984
628 960
628 971
629 630
629 635
629 962
629 963
629 971
630 637
630 991
630 1002
631 642
631 648
631 652
631 654
631 655
631 656
631 657
631 959
631 971
631 973
631 978
631 984
634 942
634 943
635 961
635 968
635 973
635 979
635 984
635 1016
635 1017
636 960
636 971
637 971
639 655
639 660
639 661
639 664
639 986
639 993
639 996
639 1005
640 655
640 656
640 658
640 660
641 999
641 1004
642 958
642 959
644 660
644 661
644 664
644 986
644 993
644 996
644 1005
645 656
645 658
646 999
646 1004
647 970
647 990
648 958
648 959
649 654
649 655
651 970
651 990
652 958
653 654
653 655
654 958
655 958
655 967
655 977
655 981
655 987
655 1277
655 1281
656 958
657 958
660 967
660 977
660 981
660 987
660 1277
660 1281
661 969
661 970
661 990
661 1098
661 1100
662 986
662 993
664 1098
664 1100
665 969
665 970
665 986
665 990
665 993
665 1098
665 1100
666 676
666 685
667 668
667 672
668 670
668 677
668 682
668 751
668 797
669 676
669 685
670 672
672 751
672 797
674 966
674 975
675 876
675 889
676 885
676 886
677 681
677 966
677 975
678 682
678 684
678 687
678 688
679 885
679 886
681 682
682 684
682 966
682 975
684 687
684 688
686 876
686 889
693 743
693 746
694 731
694 733
695 711
695 712
696 701
696 707
697 784
697 791
697 792
701 764
703 708
703 710
707 764
707 767
707 786
707 790
711 767
711 781
711 783
711 792
711 793
711 906
711 909
712 716
712 721
712 767
712 781
712 783
712 792
712 793
712 906
712 909
713 764
713 767
713 786
713 790
714 730
714 731
714 774
714 780
716 719
716 721
717 725
717 727
717 1271
717 1272
718 730
718 731
718 774
718 780
719 721
720 730
720 731
720 774
720 780
722 725
722 727
722 1271
722 1272
723 734
723 737
723 740
726 731
726 733
728 731
728 733
729 781
729 782
729 783
729 786
729 790
730 735
730 739
730 793
730 794
731 733
731 782
731 786
731 790
732 781
732 782
732 783
732 786
732 790
733 782
733 786
733 790
733 793
733 794
735 736
735 745
735 746
735 793
735 794
736 739
738 743
738 746
739 745
739 746
739 793
739 794
742 747
742 748
743 744
743 806
744 746
746 747
746 748
746 806
749 804
749 805
752 770
752 776
753 770
753 776
754 1187
754 1188
755 1187
755 1188
756 772
756 777
757 765
757 771
757 772
757 777
758 1209
758 1217
758 1222
759 1244
759 1248
759 1283
759 1284
761 781
761 784
765 778
765 1193
765 1199
765 1203
770 816
770 822
770 1209
770 1217
771 778
771 1193
771 1199
771 1203
772 1193
772 1199
772 1203
775 781
775 784
776 816
776 822
776 1209
776 1217
777 1193
777 1199
777 1203
784 786
784 790
784 1738
784 1753
784 1760
784 1766
785 1253
785 1256
786 791
787 802
787 803
788 802
788 803
788 1253
788 1261
789 1253
789 1256
789 1261
790 791
791 1738
791 1753
792 1760
792 1766
795 1383
798 1383
804 1266
805 1266
807 815
807 821
808 815
808 821
809 1134
809 1138
810 1134
810 1138
811 1131
811 1136
812 828
812 831
812 2070
812 2071
815 834
815 836
818 1168
818 1172
819 829
819 837
820 829
820 838
823 1222
823 1229
824 830
824 839
825 829
825 837
825 838
826 1187
826 1188
826 1222
826 1229
827 830
827 839
828 853
828 854
828 860
828 861
828 1041
828 1042
828 1124
829 1024
829 1027
829 1187
829 1188
830 853
830 854
831 844
831 845
831 847
831 848
831 853
831 854
831 860
831 861
831 1041
831 1042
831 1124
832 1129
832 1137
834 836
835 844
835 845
835 847
835 848
837 859
837 862
838 1024
838 1027
839 853
839 854
840 856
840 857
841 859
841 862
845 856
845 857
846 1129
846 1137
848 856
848 857
849 1130
849 1135
851 860
851 861
852 1130
852 1135
855 1131
855 1136
858 860
858 861
859 860
859 861
860 862
861 862
863 1123
863 1129
865 1123
865 1129
868 894
868 904
868 906
868 909
868 1289
868 1294
869 906
869 909
870 871
870 875
870 886
870 887
870 892
870 893
870 896
870 1036
870 1039
870 1280
870 1287
870 1288
871 875
871 886
871 887
871 1280
871 1293
871 1296
872 892
872 893
873 892
873 893
873 911
873 914
874 911
874 914
875 1287
875 1293
877 1090
877 1091
878 928
878 931
878 1067
878 1074
879 928
879 931
880 935
880 939
880 1089
881 931
881 932
882 931
882 932
883 942
883 943
884 950
884 951
885 950
885 951
888 903
888 904
890 945
890 947
890 1287
890 1293
891 911
891 914
892 893
892 1036
892 1039
892 1287
892 1288
892 1296
892 1299
893 896
893 1036
893 1039
893 1296
893 1299
894 904
895 911
895 914
896 1287
896 1288
897 906
897 909
897 1289
897 1294
898 945
898 947
899 911
899 914
900 1274
900 1276
901 911
901 914
902 911
902 914
906 988
906 995
906 1197
906 1198
906 1221
906 1287
906 1288
906 1312
907 919
907 923
908 944
908 1092
909 988
909 995
909 1197
909 1198
909 1221
909 1312
910 918
910 922
910 929
910 934
910 1760
910 1766
911 1293
911 1296
913 944
913 1092
914 1293
914 1296
915 1274
915 1276
916 918
916 922
916 929
916 934
916 1760
916 1766
919 925
920 935
920 939
920 940
920 1089
923 925
924 939
924 940
926 981
926 987
927 981
927 987
929 1019
929 1023
929 1030
929 1032
929 1038
929 1040
930 938
930 942
930 972
930 980
931 1038
931 1040
932 1038
932 1040
933 938
933 942
933 972
933 980
934 1019
934 1023
934 1030
934 1032
936 1016
936 1017
936 1065
936 1068
937 1016
937 1017
937 1065
937 1068
948 988
948 995
949 950
949 951
949 952
949 1044
949 1047
950 974
950 975
950 992
950 998
951 953
951 974
951 975
951 992
951 993
951 998
951 1004
951 1012
951 1013
951 1016
951 1017
951 1027
951 1028
951 1102
951 1103
951 1293
951 1296
952 974
953 971
953 973
953 1044
954 971
954 973
954 1021
954 1026
955 1036
955 1039
956 1036
956 1037
956 1063
956 1064
957 1048
957 1049
958 959
958 971
958 973
958 978
958 984
960 963
960 964
961 962
961 963
962 978
962 979
963 973
963 978
963 979
963 984
963 2147
963 2157
964 968
964 973
964 984
964 1021
964 1022
965 988
965 995
965 998
965 1006
968 984
968 989
968 1021
968 1022
971 991
971 1002
971 1020
971 1025
972 2147
972 2157
973 988
973 995
973 1020
973 1025
973 1310
973 1311
974 1044
974 1047
976 987
976 994
977 1021
977 1022
978 988
978 995
979 1310
979 1311
981 987
981 999
981 1000
981 1004
981 1010
983 987
983 994
984 985
984 988
984 989
984 995
984 1016
984 1017
984 1310
984 1311
985 989
985 997
986 1254
986 1258
986 1293
986 1296
987 999
987 1000
987 1004
987 1010
987 1016
987 1017
988 996
988 1000
988 1005
988 1007
988 1010
988 1021
988 1022
989 996
989 997
989 1000
989 1016
989 1017
991 997
991 1000
991 1008
991 1010
991 1012
991 1016
991 1017
993 1044
993 1254
993 1258
993 1293
993 1296
994 1016
994 1017
995 996
995 1000
995 1005
995 1007
995 1010
996 997
996 1005
996 1016
996 1017
996 1098
996 1100
997 1000
997 1002
997 1016
997 1017
998 1021
998 1026
1000 1002
1000 1003
1000 1009
1000 1098
1000 1100
1001 1012
1001 1016
1001 1017
1002 1008
1002 1010
1003 1010
1003 1021
1003 1022
1004 1044
1004 1291
1004 1295
1005 1016
1005 1017
1009 1010
1009 1021
1009 1022
1011 1291
1011 1295
1012 1044
1013 1044
1014 1022
1014 1026
1015 1050
1015 1051
1016 1044
1016 1804
1016 1805
1017 1044
1017 1804
1017 1805
1018 1022
1018 1026
1027 1044
1028 1044
1029 1050
1029 1051
1031 1041
1031 1042
1033 1041
1033 1042
1034 1038
1034 1040
1035 1038
1035 1040
1036 1045
1036 1046
1037 1045
1039 1046
1043 1048
1043 1049
1044 1102
1044 1103
1044 1293
1044 1296
1045 1063
1045 1064
1052 1053
1052 1057
1053 1057
1054 1056
1054 1059
1055 1056
1055 1059
1058 1060
1058 1062
1060 1061
1061 1062
1066 1085
1066 1086
1067 2217
1067 2220
1069 1073
1069 1075
1069 1085
1069 1086
1070 1071
1070 1073
1070 1075
1071 1072
1073 2217
1073 2220
1090 1269
1091 1269
1102 1111
1102 1113
1103 1111
1103 1113
1104 1505
1104 1508
1105 1505
1105 1508
1112 1192
1112 1201
1114 1192
1114 1201
1115 1117
1115 1118
1115 1180
1116 1119
1116 1120
1117 1197
1117 1209
1117 1212
1117 1217
1117 1222
1117 1228
1117 1233
1118 1195
1118 1196
1118 1197
1118 1207
1118 1209
1118 1212
1118 1217
1118 1222
1118 1228
1118 1233
1119 1120
1119 1175
1119 1184
1119 1194
1119 1197
1119 1204
1119 1212
1119 1216
1119 1220
1119 1228
1119 1233
1119 1243
1119 1246
1119 2026
1119 2027
1119 2369
1120 1175
1120 1184
1120 1194
1120 1204
1120 1216
1120 1220
1120 1228
1120 1233
1120 1243
1120 1246
1120 2026
1120 2027
1120 2369
1121 1127
1121 1132
1122 1127
1122 1132
1124 2070
1124 2071
1125 1216
1125 1220
1125 1245
1125 1251
1126 1245
1126 1251
1127 1132
1127 1163
1127 1164
1128 1825
1128 1837
1128 2279
1128 2283
1132 1163
1132 1164
1132 2279
1132 2283
1133 1825
1133 1837
1135 1149
1135 1151
1137 1141
1137 1147
1138 1216
1138 1220
1140 1141
1140 1147
1141 1145
1141 1146
1142 1149
1142 1151
1143 1159
1143 1163
1143 1167
1143 1170
1144 1159
1144 1163
1144 1167
1144 1170
1145 1147
1146 1147
1148 1162
1148 1165
1148 1177
1149 1157
1149 1161
1150 1162
1150 1165
1150 1177
1151 1157
1151 1161
1152 1166
1152 1168
1153 1162
1153 1165
1154 1189
1154 1194
1155 1162
1155 1165
1156 1164
1156 1166
1156 1168
1156 1172
1156 1176
1156 1351
1156 2334
1157 1164
1157 1166
1158 1189
1158 1194
1159 1172
1159 1176
1160 1164
1160 1166
1160 1351
1160 2334
1163 1166
1163 1168
1163 1169
1163 1172
1164 1166
1164 1168
1164 1169
1164 1172
1164 1187
1164 1188
1166 1173
1166 1178
1166 1187
1166 1188
1166 2295
1166 2296
1168 1173
1168 1178
1168 1180
1168 1182
1168 1198
1168 1209
1168 2295
1168 2296
1171 1180
1171 1182
1172 1198
1172 1209
1173 1187
1173 1188
1174 1187
1174 1188
1180 1195
1180 1196
1180 1197
1180 1202
1180 1207
1180 1209
1180 1212
1180 1217
1180 1221
1180 1222
1181 2329
1181 2331
1182 1195
1182 1197
1182 1202
1182 1212
1182 1221
1184 1197
1184 1212
1185 2026
1185 2027
1185 2329
1185 2331
1185 2369
1186 2331
1186 2333
1187 1209
1187 1217
1187 1222
1187 1380
1187 1381
1187 2026
1187 2027
1187 2331
1187 2333
1187 2369
1188 1209
1188 1217
1188 1222
1188 1380
1188 1381
1189 1210
1189 1218
1189 1219
1189 1224
1190 1209
1190 1217
1190 1222
1191 1194
1191 1204
1191 2312
1191 2313
1193 1194
1193 1204
1193 1214
1193 1223
1193 1243
1193 1246
1193 2312
1193 2313
1194 1196
1194 1207
1194 1208
1194 1210
1194 1218
1194 1219
1194 1224
1194 1227
1195 1197
1195 1212
1195 1221
1195 1243
1195 1249
1196 1204
1196 1209
1196 1212
1196 1217
1196 1222
1196 1232
1196 1235
1197 1207
1197 1228
1197 1233
1197 1237
1197 1240
1197 1242
1199 1243
1199 1246
1200 1224
1200 1228
1202 1219
1202 1224
1203 1214
1203 1223
1204 1207
1204 1208
1204 1210
1204 1227
1205 1231
1205 1232
1206 1219
1206 1224
1207 1209
1207 1212
1207 1217
1207 1221
1207 1222
1207 1232
1207 1235
1207 1243
1207 1249
1208 1209
1208 1217
1208 1222
1208 1232
1208 1235
1209 1212
1209 1216
1209 1217
1209 1220
1209 1239
1209 1241
1211 1213
1211 1214
1211 1224
1211 1228
1212 1217
1212 1222
1212 1228
1212 1233
1212 1239
1212 1241
1213 1218
1214 1218
1215 1231
1215 1232
1216 1217
1216 1222
1216 1243
1216 1246
1217 1220
1217 1222
1217 1239
1217 1241
1217 1243
1217 1244
1217 1246
1217 1247
1217 1248
1217 1250
1218 1225
1218 1227
1218 1228
1218 1233
1220 1222
1220 1243
1220 1246
1221 1237
1221 1239
1221 1240
1221 1241
1221 1242
1222 1239
1222 1241
1222 1243
1222 1244
1222 1246
1222 1247
1222 1248
1222 1250
1223 1227
1225 1226
1225 1228
1225 1233
1226 1227
1226 1228
1226 1233
1228 1230
1228 1233
1228 1240
1228 1243
1228 1244
1228 1246
1229 1240
1229 1242
1229 1243
1229 1246
1230 1233
1231 1243
1231 1246
1232 1243
1232 1246
1233 1240
1233 1243
1233 1244
1233 1246
1234 1243
1234 1246
1236 1247
1236 1250
1236 1252
1238 1247
1238 1250
1238 1252
1243 1246
1243 1249
1245 1257
1245 1261
1246 1247
1246 1249
1246 1250
1246 1252
1247 1249
1249 1250
1249 1252
1251 1257
1251 1261
1254 1265
1258 1265
1260 1265
1263 1265
1275 1283
1275 1284
1278 1283
1278 1284
1279 1283
1279 1284
1282 1285
1282 1286
1283 1284
1283 1293
1283 1296
1284 1285
1284 1286
1284 1293
1284 1296
1289 1310
1289 1311
1293 1303
1294 1310
1294 1311
1296 1303
1297 1305
1300 1305
1302 1306
1302 1307
1303 1306
1303 1307
1305 1310
1305 1311
1313 2296
1313 2304
1314 1732
1314 1741
1314 1907
1314 1910
1315 1466
1316 2037
1316 2044
1316 2050
1316 2055
1317 1949
1317 1953
1317 2155
1317 2156
1317 2199
1317 2200
1318 1980
1318 1981
1318 2019
1318 2021
1320 1810
1320 1958
1321 2120
1321 2124
1322 1651
1322 1655
1323 2296
1323 2304
1324 1769
1324 1776
1324 2244
1324 2246
1325 1393
1325 1478
1325 1499
1325 1505
1325 1508
1325 1572
1325 1573
1325 1640
1325 1642
1325 1731
1325 1749
1325 1755
1325 1756
1325 1761
1325 1767
1325 1893
1325 1896
1325 1897
1325 1899
1325 1900
1325 2002
1325 2006
1325 2020
1325 2021
1326 1769
1326 1776
1326 2244
1326 2246
1328 1782
1328 1788
1328 2105
1328 2110
1329 2105
1329 2110
1330 2153
1330 2158
1331 1782
1331 1788
1332 2153
1332 2158
1333 2188
1333 2196
1334 2253
1334 2255
1335 1742
1335 1751
1335 2250
1335 2251
1335 2253
1335 2255
1335 2256
1335 2257
1336 2250
1336 2251
1337 1742
1337 1751
1338 2188
1338 2196
1338 2290
1338 2295
1339 2290
1339 2295
1340 2250
1340 2251
1341 2256
1341 2257
1342 1810
1342 1958
1343 2319
1343 2321
1344 1362
1344 1367
1344 1441
1344 1444
1346 1753
1346 1758
1347 1363
1347 1369
1348 2037
1348 2044
1348 2050
1348 2055
1350 1386
1350 1387
1350 2337
1350 2338
1352 2307
1352 2310
1355 1386
1355 1387
1355 1441
1355 1444
1356 1716
1356 1802
1357 1362
1357 1364
1357 1373
1357 1377
1357 1441
1357 1444
1358 1362
1358 1364
1358 1373
1358 1377
1358 1413
1358 1417
1358 1441
1358 1444
1359 1441
1359 1444
1359 1791
1359 1792
1360 1386
1360 1387
1360 1441
1360 1444
1361 1413
1361 1417
1361 1791
1361 1792
1362 1374
1362 1380
1362 1451
1363 1404
1364 1374
1364 1380
1365 1716
1365 1802
1366 1454
1366 1455
1367 1451
1368 1579
1368 1580
1368 1585
1368 1789
1368 1795
1369 1404
1369 1579
1369 1580
1369 1585
1369 2337
1369 2338
1370 1454
1370 1455
1371 1789
1371 1795
1379 1508
1379 1513
1381 1795
1381 1798
1382 1508
1382 1513
1382 1517
1382 1523
1383 1454
1383 1456
1383 1457
1383 1458
1383 1505
1383 1508
1383 1572
1383 1576
1383 1579
1383 1580
1383 2037
1383 2044
1384 1795
1384 1798
1385 1410
1385 1411
1386 1413
1386 1414
1386 1760
1386 1766
1386 2338
1387 1413
1387 1414
1387 1415
1387 1738
1387 1739
1387 1758
1387 1760
1387 1766
1387 2338
1388 1413
1388 1419
1388 1420
1388 1423
1389 1415
1389 1423
1390 1396
1390 1397
1390 1405
1390 1408
1390 1412
1390 1421
1390 1426
1390 1701
1390 1702
1391 1396
1391 1397
1391 1405
1391 1408
1391 1412
1391 1421
1391 1426
1391 1701
1391 1702
1392 1395
1392 1427
1392 1430
1392 1433
1392 1516
1392 1519
1392 1704
1392 1908
1392 2258
1392 2259
1393 1462
1393 1463
1393 1648
1393 1649
1393 2262
1394 1396
1394 1438
1395 1412
1395 1555
1395 1560
1396 1462
1396 1478
1396 1484
1396 1485
1396 1494
1397 1484
1397 1485
1398 1446
1398 1449
1399 1702
1399 1703
1400 1453
1400 1454
1401 1453
1401 1454
1401 2050
1401 2055
1402 1517
1402 1526
1403 1517
1403 1526
1405 1430
1405 1433
1405 1516
1405 1519
1405 1732
1405 1741
1406 1797
1406 1799
1407 1415
1407 1420
1407 1423
1408 1907
1408 1910
1409 1797
1409 1799
1410 1797
1410 1799
1411 1783
1411 1787
1411 1797
1411 1799
1411 2309
1411 2311
1412 1427
1412 1430
1412 1433
1412 1516
1412 1519
1412 1704
1412 1908
1412 2258
1412 2259
1413 1439
1413 1440
1413 1783
1413 1787
1413 2309
1413 2311
1414 1787
1415 1428
1415 1429
1415 1435
1415 1437
1415 1441
1415 1444
1415 1445
1415 1446
1415 1447
1415 1448
1415 1500
1415 1513
1415 1787
1417 1439
1417 1440
1418 2307
1418 2310
1419 1441
1419 1444
1419 1783
1419 1787
1421 1728
1421 1741
1422 1445
1422 1446
1422 1500
1422 1513
1423 1428
1423 1429
1423 1435
1423 1437
1423 1447
1423 1448
1423 1500
1423 1513
1424 1434
1424 1436
1425 2307
1425 2310
1426 1728
1426 1741
1429 1434
1429 1436
1431 2319
1431 2321
1432 1555
1432 1560
1434 1555
1434 1560
1434 1645
1434 1646
1435 1457
1435 1458
1436 1645
1436 1646
1437 1441
1437 1442
1437 1444
1437 1446
1437 1450
1437 1452
1437 1457
1437 1458
1438 1462
1438 1478
1438 1494
1438 1555
1438 1560
1440 1441
1440 1442
1440 1444
1440 1446
1440 1450
1440 1452
1443 1702
1443 1703
1445 1453
1445 1454
1446 1508
1446 1509
1446 1512
1448 1453
1448 1454
1449 1508
1449 1509
1449 1512
1453 2045
1453 2052
1454 2045
1454 2052
1454 2261
1454 2262
1455 2261
1455 2262
1456 2261
1456 2262
1457 1510
1457 1514
1458 1510
1458 1514
1460 1753
1460 1758
1462 1478
1462 1907
1462 1910
1463 1478
1464 1498
1464 1499
1465 1477
1465 1484
1465 1485
1465 1486
1465 1498
1465 1499
1468 1514
1468 1515
1469 1522
1469 1525
1470 1517
1470 1523
1471 1517
1471 1523
1472 2386
1472 2389
1473 1668
1473 2034
1473 2386
1473 2389
1474 1501
1474 1509
1474 1564
1474 1571
1475 1484
1475 1485
1475 1564
1475 1571
1476 1477
1476 1486
1477 1501
1477 1509
1478 1648
1478 1649
1478 1907
1478 1910
1478 2262
1479 1501
1479 1509
1480 1572
1480 1576
1481 2402
1481 2403
1482 1738
1482 1739
1486 1501
1486 1509
1487 1500
1487 1501
1487 1572
1487 1576
1487 1579
1487 1580
1487 1585
1488 1514
1488 1515
1489 1496
1489 1502
1489 1524
1489 1527
1489 2402
1489 2403
1490 1572
1490 1576
1490 1738
1490 1739
1491 1572
1491 1576
1492 1500
1492 1501
1492 1579
1492 1580
1492 1585
1493 1523
1493 1524
1493 1527
1493 2390
1493 2391
1495 1496
1495 1502
1495 1523
1495 1524
1495 2390
1495 2391
1496 1521
1496 1525
1496 1528
1496 1529
1496 2402
1496 2403
1497 2390
1497 2391
1498 1499
1498 1500
1498 1508
1499 1500
1499 1505
1499 1508
1499 1546
1499 1554
1499 1555
1499 2262
1501 1562
1501 1572
1501 1579
1502 1517
1502 1521
1502 1523
1502 1524
1502 1525
1502 1528
1502 1529
1502 2402
1502 2403
1503 2390
1503 2391
1504 1572
1504 1579
1505 1508
1505 1546
1505 1554
1505 1555
1505 1907
1505 1910
1505 2262
1506 1520
1506 1523
1507 1517
1507 1520
1507 1523
1507 1524
1508 1586
1508 1594
1508 1907
1508 1910
1508 2262
1509 1562
1509 1586
1509 1594
1510 2385
1510 2387
1511 1520
1511 1523
1514 1811
1514 1965
1514 2385
1514 2387
1515 1811
1515 1965
1517 2055
1517 2056
1517 2351
1517 2356
1518 1522
1518 1525
1519 2050
1519 2055
1520 1583
1520 1585
1520 2351
1520 2356
1521 1532
1521 1547
1521 2391
1521 2394
1522 1525
1522 2381
1522 2383
1522 2396
1523 1583
1523 1585
1523 2064
1523 2065
1523 2399
1523 2400
1524 1825
1524 1837
1524 2064
1524 2065
1524 2399
1524 2400
1525 1532
1525 1547
1525 2381
1525 2383
1525 2391
1525 2394
1525 2396
1526 2055
1526 2056
1527 1825
1527 1837
1528 1669
1528 1670
1528 1687
1528 1689
1529 1669
1529 1670
1529 1687
1529 1689
1530 1579
1530 1580
1531 1579
1531 1580
1533 1591
1533 1592
1533 1855
1533 1859
1533 1862
1533 1894
1533 1898
1533 1902
1533 1903
1534 1855
1534 1859
1534 1862
1535 1543
1535 1579
1535 1580
1535 1669
1535 1670
1535 1992
1535 2015
1535 2018
1535 2019
1536 1541
1536 1543
1536 1548
1536 1579
1536 1580
1536 1582
1536 1583
1536 1585
1536 1669
1536 1670
1536 1875
1536 1879
1536 1881
1536 1894
1536 1898
1536 1900
1536 1902
1536 1992
1536 2015
1536 2018
1536 2019
1536 2050
1536 2055
1537 1545
1537 1553
1538 1848
1538 1856
1539 1873
1539 1884
1539 1980
1539 1981
1539 2019
1539 2021
1540 1581
1540 1582
1540 2047
1540 2051
1541 1550
1541 1589
1541 1593
1542 1572
1542 1576
1542 1589
1542 1593
1543 1550
1543 1896
1543 1897
1544 1906
1544 1910
1544 2049
1544 2051
1544 2056
1545 1866
1548 1550
1548 1894
1548 1898
1548 1902
1548 1903
1548 2002
1548 2006
1549 1580
1549 1583
1549 1585
1550 1582
1550 1583
1550 1585
1550 1669
1550 1670
1550 1875
1550 1879
1550 1881
1550 1894
1550 1898
1550 1900
1550 1902
1550 1992
1550 2015
1550 2018
1550 2019
1550 2050
1550 2055
1551 1556
1551 1561
1551 1893
1551 1894
1551 1896
1551 1897
1551 1898
1551 2047
1551 2051
1551 2053
1552 1878
1552 1887
1552 1890
1552 1892
1552 1893
1552 1896
1552 1897
1552 1899
1553 1825
1553 1837
1553 1838
1553 1866
1553 1872
1553 1873
1553 1875
1553 1878
1553 1881
1553 1884
1553 1886
1553 1887
1553 1892
1556 1559
1556 1825
1556 1837
1556 1838
1556 1872
1556 1873
1556 1875
1556 1878
1556 1881
1556 1886
1556 1887
1556 1890
1556 1892
1556 1896
1556 1897
1556 1899
1557 1580
1557 1583
1557 1585
1558 1580
1558 1583
1558 1585
1559 1561
1559 1893
1559 1894
1559 1896
1559 1897
1559 1898
1559 2047
1559 2051
1559 2053
1563 2000
1563 2005
1564 2261
1564 2262
1565 1814
1565 1828
1566 1575
1566 1578
1566 1583
1566 1585
1566 1814
1566 1828
1567 1580
1567 1583
1568 1836
1568 1839
1569 2000
1569 2005
1570 1583
1570 1585
1571 2261
1571 2262
1572 1591
1572 1592
1572 1812
1572 1823
1572 1899
1572 1900
1572 1902
1572 2005
1572 2262
1572 2421
1572 2423
1573 1575
1573 1578
1573 1588
1573 1589
1573 2262
1574 1580
1574 1583
1574 1585
1576 1812
1576 1823
1576 1836
1576 1839
1576 2005
1577 1589
1577 1590
1578 1583
1578 1585
1579 1591
1579 1592
1579 1811
1579 1812
1579 1823
1579 1899
1579 1900
1579 1902
1579 1965
1579 2312
1579 2314
1579 2421
1579 2423
1580 1588
1580 1589
1580 1590
1580 1591
1580 1592
1580 1811
1580 1894
1580 1898
1580 1965
1580 2312
1580 2314
1581 2020
1582 2020
1583 1584
1583 1588
1583 1891
1583 1894
1583 1898
1583 1899
1583 1900
1583 2260
1583 2261
1583 2398
1583 2399
1584 1585
1585 1588
1585 1591
1585 1592
1585 1891
1585 1894
1585 1898
1585 1899
1585 1900
1585 2260
1585 2261
1585 2312
1585 2314
1585 2398
1585 2399
1587 1891
1587 1898
1587 2018
1587 2019
1588 1999
1588 2005
1588 2018
1588 2019
1589 1999
1589 2005
1591 1887
1592 1887
1595 1637
1595 1641
1596 1612
1596 1616
1596 1617
1596 1619
1596 1623
1596 1625
1596 1629
1597 1617
1597 1625
1597 1630
1597 1632
1597 1643
1598 1607
1598 1617
1598 1625
1598 1627
1598 1629
1598 1630
1598 1632
1598 1633
1598 1634
1598 1635
1598 1637
1598 1641
1598 1643
1598 2033
1598 2034
1599 2067
1599 2075
1599 2414
1599 2419
1600 1980
1600 1981
1600 2414
1600 2419
1601 2067
1601 2075
1602 1989
1602 1990
1603 1989
1603 1990
1604 1651
1604 1655
1605 1987
1605 1989
1606 1636
1606 1638
1606 1671
1606 1687
1606 1987
1606 1989
1607 1614
1607 1631
1607 1636
1607 1638
1607 1671
1607 1687
1608 1753
1608 1760
1608 1896
1608 1897
1608 1899
1608 2416
1608 2420
1609 1753
1609 1760
1610 2407
1610 2409
1611 1629
1611 1630
1611 1632
1611 1643
1611 2033
1611 2034
1612 1925
1612 1957
1612 2152
1613 1617
1613 1619
1613 1621
1613 1622
1613 1623
1613 1625
1613 1629
1614 1617
1614 1625
1614 1627
1614 1630
1614 1632
1614 1633
1614 1634
1614 1635
1614 1637
1614 1641
1614 1643
1615 1637
1615 1641
1616 1925
1616 1957
1616 2152
1618 1634
1618 1639
1620 1621
1620 1626
1620 1644
1620 1647
1621 1622
1621 1626
1621 1644
1621 1645
1621 1646
1621 1647
1624 1634
1624 1639
1626 1645
1626 1646
1627 1631
1627 1638
1628 1980
1628 1981
1630 1997
1630 2001
1633 1645
1633 1646
1634 1645
1634 1646
1637 1995
1637 1997
1640 2095
1640 2262
1640 2427
1641 1995
1641 1997
1642 2095
1642 2262
1642 2427
1643 1997
1643 2001
1645 1648
1645 1649
1645 1811
1645 1891
1645 1898
1645 1965
1645 2425
1645 2426
1646 1648
1646 1649
1646 1811
1646 1891
1646 1898
1646 1965
1646 2425
1646 2426
1649 1706
1649 1905
1650 1706
1650 1905
1651 1766
1651 1774
1652 1756
1652 1757
1653 1766
1653 1774
1654 1756
1654 1757
1656 1772
1656 1780
1656 1785
1657 1772
1657 1780
1658 1772
1658 1780
1659 1772
1659 1780
1659 1785
1660 1995
1660 2001
1661 1678
1661 1679
1661 1995
1661 2001
1662 1678
1662 1679
1663 2149
1663 2150
1664 2040
1664 2042
1664 2079
1664 2081
1664 2270
1664 2345
1665 2040
1665 2042
1665 2079
1665 2081
1665 2270
1665 2345
1666 1674
1666 2072
1668 2368
1671 2049
1671 2051
1672 1984
1672 1994
1672 2048
1672 2057
1673 1984
1673 1994
1674 1700
1675 2149
1675 2150
1676 1998
1676 2006
1677 1998
1677 2006
1680 1690
1680 1693
1681 1816
1681 1825
1682 1690
1682 1693
1683 1686
1683 1688
1683 1816
1683 1825
1684 1686
1684 1688
1684 1816
1684 1825
1685 1885
1685 1888
1687 1885
1687 1888
1691 1692
1691 2035
1692 1696
1694 1695
1694 1696
1695 1697
1696 1697
1696 2035
1698 2312
1698 2313
1698 2314
1699 2312
1699 2313
1699 2314
1700 2072
1701 1907
1701 1910
1704 1995
1704 1997
1705 1726
1705 1738
1705 1739
1705 1748
1705 1753
1705 1760
1705 1766
1706 1726
1706 1729
1706 1738
1706 1739
1706 1743
1706 1748
1706 1753
1706 1760
1706 1766
1707 1808
1707 1952
1708 1808
1708 1952
1709 1846
1709 1849
1709 2100
1709 2185
1710 2100
1710 2185
1711 1810
1711 1811
1711 1846
1711 1854
1712 1808
1712 1810
1712 1811
1712 1846
1712 1854
1712 1952
1713 1809
1713 1833
1713 1844
1713 1949
1713 1953
1713 1958
1714 1723
1714 1737
1714 1809
1714 1819
1714 1820
1714 1939
1714 1943
1714 1948
1714 1958
1715 1733
1715 1735
1717 2241
1717 2242
1718 2231
1718 2234
1719 2231
1719 2234
1720 2224
1721 1819
1721 1820
1721 1939
1722 1833
1722 1844
1722 1943
1722 1948
1723 1851
1723 2259
1723 2262
1724 1810
1724 1811
1724 1868
1724 1871
1725 1810
1725 1811
1725 1868
1725 1871
1726 1905
1727 1995
1727 1997
1727 2125
1727 2128
1729 1772
1729 1780
1729 1880
1729 1884
1729 1905
1730 1808
1730 1880
1730 1884
1730 1952
1731 2125
1731 2128
1731 2262
1733 1734
1733 1745
1733 1818
1734 1735
1734 1750
1734 2125
1734 2128
1734 2194
1734 2200
1735 1736
1735 1745
1735 1750
1735 1768
1735 1777
1735 1818
1735 1831
1735 1832
1735 1840
1735 1912
1735 1913
1735 2199
1735 2200
1736 1750
1736 1806
1736 1807
1736 1912
1736 1913
1736 2145
1736 2146
1736 2209
1736 2210
1737 1746
1737 1775
1737 1851
1737 2259
1737 2262
1738 1787
1738 1905
1738 1925
1738 1934
1739 1787
1740 2423
1740 2425
1742 1806
1742 1807
1743 1772
1743 1780
1743 1905
1744 1755
1744 1756
1744 1757
1745 1750
1745 2125
1745 2128
1745 2194
1745 2200
1746 1752
1747 1755
1747 1756
1747 1757
1747 2114
1747 2120
1748 1755
1748 1756
1748 1757
1749 2262
1750 1768
1750 1777
1750 1831
1750 1832
1750 1840
1750 1912
1750 1913
1750 2145
1750 2146
1750 2199
1750 2200
1750 2209
1750 2210
1751 2259
1751 2262
1752 1775
1753 1755
1753 1756
1753 1757
1753 1925
1753 1934
1754 1768
1754 1777
1754 1831
1754 1832
1754 2119
1754 2120
1755 1908
1755 1909
1755 2132
1755 2142
1755 2262
1756 1760
1756 1766
1756 1908
1756 1909
1756 2132
1756 2142
1756 2262
1757 1774
1757 1779
1758 1787
1759 1760
1759 1766
1759 2114
1759 2120
1760 1765
1760 1769
1760 1770
1760 1773
1760 1778
1760 1783
1760 1787
1760 1907
1760 1909
1761 2262
1761 2423
1761 2425
1762 1768
1762 1777
1762 1831
1762 1832
1762 2119
1762 2120
1763 2259
1763 2262
1764 1765
1764 1769
1765 1766
1765 1771
1765 1904
1765 1905
1765 2261
1765 2262
1766 1769
1766 1770
1766 1773
1766 1776
1766 1778
1766 1783
1766 1787
1766 1907
1766 1909
1767 2262
1768 2230
1768 2232
1769 1771
1769 1774
1769 1904
1769 1905
1770 1771
1772 1782
1772 1788
1772 2261
1772 2262
1773 2114
1773 2120
1774 1776
1774 1778
1777 2230
1777 2232
1778 1779
1780 1782
1780 1788
1781 1782
1781 1785
1782 1789
1784 1868
1784 1871
1785 1789
1786 2195
1786 2198
1790 2195
1790 2198
1793 2050
1793 2055
1794 2050
1794 2055
1795 1801
1795 1803
1795 2298
1795 2303
1796 2185
1796 2191
1798 1801
1798 1803
1798 2298
1798 2303
1800 2185
1800 2191
1804 1911
1804 1918
1804 1937
1804 1941
1804 1946
1804 1949
1804 1950
1804 1953
1804 2155
1804 2156
1804 2199
1804 2200
1805 1911
1805 1918
1805 2155
1805 2156
1807 1842
1807 1843
1808 1842
1808 1843
1808 1860
1809 1842
1809 1843
1809 1851
1810 1833
1810 1834
1810 1851
1810 1852
1810 1860
1810 1861
1811 1812
1811 1833
1811 1834
1811 1835
1811 1860
1811 1861
1811 1965
1811 2047
1811 2049
1811 2051
1811 2053
1812 1965
1813 1814
1813 1824
1813 1836
1813 1846
1813 1849
1813 1854
1813 1968
1813 1970
1814 1823
1814 1824
1814 1830
1814 1846
1814 1849
1814 1854
1814 1877
1814 1880
1814 1896
1814 1897
1814 1899
1814 1904
1814 1905
1814 1974
1814 1977
1814 1978
1815 1881
1815 1885
1815 1968
1815 1970
1815 1979
1815 1980
1815 2060
1815 2061
1817 2090
1817 2091
1817 2109
1817 2435
1819 1820
1819 1821
1820 1939
1821 1939
1822 1851
1822 1852
1822 1860
1822 1861
1822 1876
1822 1883
1823 1824
1824 1830
1824 1836
1824 1846
1824 1849
1824 1854
1824 1877
1824 1880
1824 1896
1824 1897
1824 1899
1824 1904
1824 1905
1824 1968
1824 1970
1824 1974
1826 2090
1826 2435
1827 2091
1827 2109
1828 1877
1828 1880
1828 1881
1828 1885
1828 1968
1828 1970
1828 1979
1828 1980
1828 2133
1828 2136
1829 1881
1829 1885
1829 1979
1829 1980
1829 2060
1829 2061
1829 2133
1829 2136
1833 1860
1833 1861
1833 1876
1833 1883
1834 1965
1835 1875
1835 1881
1835 1965
1836 1853
1836 1858
1836 1977
1836 1978
1839 1853
1839 1858
1839 1877
1839 1880
1841 1848
1841 1856
1842 1958
1842 2258
1842 2259
1843 1958
1843 2258
1843 2259
1845 1875
1845 1881
1846 1849
1846 1854
1846 1857
1846 1872
1846 1875
1846 1877
1846 1880
1846 1881
1846 1882
1846 1884
1846 1893
1846 1896
1846 2132
1846 2142
1847 1896
1847 1897
1849 1853
1849 1854
1849 1872
1849 1875
1849 1877
1849 1880
1849 1881
1849 1882
1849 1884
1849 1893
1849 1896
1849 2132
1849 2142
1850 1880
1850 1884
1851 1958
1853 1854
1853 1857
1853 1863
1853 1867
1853 1875
1853 1881
1854 1857
1854 1863
1854 1867
1854 1875
1854 1877
1854 1880
1854 1881
1854 1888
1854 1893
1855 1896
1855 1897
1857 1875
1857 1881
1857 1888
1857 1893
1857 1943
1857 1948
1860 1949
1860 1952
1860 1953
1861 1877
1861 1880
1862 1893
1862 1896
1862 1897
1864 1943
1864 1948
1865 1893
1865 1896
1865 1897
1865 1943
1865 1948
1866 1886
1866 1892
1868 1877
1868 1880
1869 1885
1869 1888
1870 1886
1870 1892
1871 1881
1871 1885
1872 1885
1872 1888
1872 1896
1872 1897
1873 2017
1873 2018
1874 1881
1874 1885
1877 1885
1877 1888
1878 2017
1878 2018
1879 2002
1879 2006
1888 2062
1888 2063
1889 1896
1889 1897
1889 1899
1893 2062
1893 2063
1893 2262
1894 1898
1894 1901
1894 2076
1894 2078
1895 1896
1895 1897
1895 1899
1896 1992
1896 2259
1896 2262
1896 2425
1897 1992
1897 2259
1897 2262
1897 2425
1898 1901
1898 2076
1898 2078
1899 1901
1899 1902
1899 2262
1899 2425
1900 1901
1900 1902
1900 2262
1906 1986
1906 2113
1906 2433
1910 1986
1910 2113
1910 2433
1911 2155
1911 2156
1911 2161
1911 2166
1911 2170
1911 2172
1911 2173
1911 2188
1911 2196
1913 1922
1913 1926
1913 2159
1913 2171
1914 1916
1914 1923
1915 1916
1915 1923
1917 1968
1917 1969
1917 1970
1918 1929
1918 1935
1918 2155
1918 2156
1918 2161
1918 2166
1918 2170
1918 2172
1918 2173
1918 2188
1918 2196
1919 1922
1919 1926
1919 2159
1919 2171
1920 1937
1920 1941
1920 1946
1920 1950
1920 2155
1920 2156
1921 1929
1921 1935
1924 1944
1924 1951
1924 1968
1924 1969
1924 1970
1927 1944
1927 1951
1927 1968
1927 1969
1927 1970
1928 1933
1928 1940
1928 1944
1928 1947
1930 2135
1930 2139
1931 1942
1931 1949
1932 1942
1932 1949
1933 1938
1936 1942
1936 1949
1937 2135
1937 2139
1938 1940
1938 1944
1938 1947
1942 2134
1942 2135
1942 2138
1942 2412
1942 2415
1943 2134
1943 2135
1943 2138
1943 2201
1943 2204
1943 2416
1943 2419
1943 2420
1945 2158
1945 2165
1946 2131
1946 2137
1946 2158
1946 2165
1948 2098
1948 2201
1948 2203
1948 2204
1948 2416
1948 2419
1948 2420
1949 2412
1949 2415
1950 2131
1950 2137
1950 2158
1950 2165
1952 2098
1952 2203
1954 2125
1954 2128
1955 2125
1955 2128
1956 1959
1956 1960
1956 1961
1956 1964
1956 1972
1956 1973
1956 1979
1956 1981
1959 1962
1960 1961
1960 1962
1960 1964
1960 1967
1960 1971
1961 1962
1961 1963
1961 1964
1961 2049
1961 2051
1962 1964
1962 1972
1962 1973
1962 1979
1962 1981
1963 1964
1963 1967
1963 1971
1964 1967
1964 1971
1964 2049
1964 2051
1965 2047
1965 2049
1965 2051
1965 2053
1965 2259
1965 2262
1966 2259
1966 2262
1966 2404
1966 2406
1967 2058
1967 2059
1967 2404
1967 2406
1968 2100
1968 2185
1970 2100
1970 2185
1971 2058
1971 2059
1975 2306
1975 2309
1976 2306
1976 2309
1982 2007
1982 2008
1983 2007
1983 2008
1984 1985
1984 1994
1984 2041
1984 2046
1985 1994
1986 2049
1986 2051
1986 2056
1988 2067
1988 2075
1991 1995
1991 1997
1993 1995
1993 1997
1994 2041
1994 2046
1995 2125
1995 2128
1996 2007
1996 2008
2001 2125
2001 2128
2002 2009
2002 2012
2002 2046
2002 2054
2002 2262
2003 2013
2003 2016
2003 2048
2003 2054
2004 2007
2004 2008
2006 2009
2006 2012
2006 2013
2006 2016
2006 2046
2006 2048
2006 2054
2006 2057
2006 2262
2007 2048
2007 2054
2007 2057
2008 2054
2008 2057
2009 2010
2009 2014
2010 2012
2011 2017
2011 2018
2012 2014
2017 2018
2017 2398
2017 2399
2018 2398
2018 2399
2020 2047
2020 2051
2020 2262
2021 2262
2023 2385
2023 2387
2024 2385
2024 2387
2025 2370
2025 2372
2026 2367
2026 2373
2026 2374
2027 2355
2027 2360
2028 2029
2028 2348
2029 2043
2029 2359
2032 2049
2032 2051
2033 2325
2033 2327
2033 2357
2033 2363
2034 2325
2034 2327
2034 2357
2034 2363
2034 2368
2036 2048
2036 2057
2038 2047
2038 2049
2038 2051
2038 2265
2038 2340
2039 2047
2039 2049
2039 2051
2039 2265
2039 2340
2042 2073
2042 2074
2043 2348
2043 2370
2043 2372
2045 2051
2045 2053
2045 2073
2045 2077
2047 2265
2047 2266
2047 2340
2047 2346
2047 2347
2047 2387
2047 2388
2049 2265
2049 2347
2049 2401
2049 2403
2050 2432
2050 2434
2051 2052
2051 2073
2051 2077
2051 2122
2051 2127
2051 2129
2051 2265
2051 2266
2051 2340
2051 2346
2051 2347
2051 2387
2051 2388
2051 2401
2051 2403
2052 2053
2052 2073
2052 2074
2052 2077
2053 2073
2053 2077
2053 2387
2053 2388
2055 2432
2055 2434
2056 2122
2056 2127
2056 2129
2056 2401
2056 2403
2064 2395
2064 2397
2064 2401
2064 2402
2064 2403
2065 2395
2065 2397
2066 2401
2066 2402
2066 2403
2067 2274
2067 2342
2068 2286
2068 2291
2069 2081
2069 2082
2073 2272
2073 2293
2073 2300
2073 2343
2075 2274
2075 2342
2077 2272
2077 2293
2077 2300
2077 2343
2079 2286
2079 2291
2080 2084
2080 2085
2081 2278
2081 2281
2081 2282
2081 2284
2081 2289
2082 2278
2082 2281
2082 2282
2082 2284
2082 2289
2083 2084
2083 2085
2084 2212
2084 2213
2085 2212
2085 2213
2086 2088
2086 2089
2087 2088
2087 2089
2090 2094
2090 2095
2092 2123
2092 2125
2093 2123
2093 2125
2094 2095
2094 2427
2094 2432
2094 2434
2094 2435
2095 2427
2095 2435
2096 2106
2096 2417
2097 2106
2097 2248
2097 2249
2097 2250
2097 2252
2097 2254
2097 2417
2098 2201
2098 2204
2099 2201
2099 2204
2101 2119
2101 2124
2102 2120
2102 2124
2103 2320
2103 2322
2104 2247
2104 2248
2104 2249
2104 2252
2104 2254
2105 2112
2105 2118
2105 2186
2105 2193
2106 2117
2107 2112
2107 2118
2108 2432
2108 2434
2110 2112
2110 2118
2110 2186
2110 2193
2110 2277
2110 2339
2111 2247
2111 2248
2111 2249
2112 2116
2115 2320
2115 2322
2116 2118
2117 2417
2119 2132
2121 2277
2121 2339
2124 2132
2125 2202
2125 2205
2126 2133
2126 2136
2126 2206
2126 2208
2128 2202
2128 2205
2130 2133
2130 2136
2130 2206
2130 2208
2132 2134
2132 2135
2132 2138
2132 2141
2132 2144
2134 2142
2135 2142
2138 2142
2140 2158
2140 2165
2141 2142
2142 2144
2143 2158
2143 2165
2147 2211
2147 2214
2147 2215
2147 2216
2147 2227
2148 2164
2148 2169
2151 2202
2151 2205
2154 2166
2154 2170
2155 2156
2155 2161
2156 2161
2157 2211
2157 2214
2157 2215
2157 2216
2157 2227
2160 2166
2160 2170
2162 2189
2162 2190
2163 2189
2163 2190
2164 2169
2167 2179
2167 2182
2168 2189
2168 2190
2174 2178
2174 2184
2174 2187
2174 2188
2174 2196
2175 2179
2175 2182
2176 2178
2176 2179
2176 2182
2176 2184
2177 2178
2177 2184
2177 2187
2177 2188
2177 2196
2178 2181
2179 2183
2180 2194
2180 2197
2181 2184
2182 2183
2192 2194
2192 2197
2194 2199
2194 2200
2197 2199
2197 2200
2199 2206
2199 2207
2200 2206
2200 2207
2202 2210
2202 2212
2202 2213
2205 2210
2205 2212
2205 2213
2214 2218
2214 2222
2218 2219
2218 2223
2218 2226
2219 2222
2221 2229
2221 2230
2222 2223
2222 2226
2225 2229
2225 2230
2225 2238
2225 2239
2228 2238
2228 2239
2233 2235
2233 2237
2235 2236
2236 2237
2240 2241
2240 2242
2248 2405
2248 2410
2249 2405
2249 2410
2250 2405
2263 2284
2263 2289
2263 2301
2263 2304
2264 2284
2264 2289
2264 2301
2264 2304
2265 2296
2265 2301
2265 2320
2265 2322
2265 2337
2265 2338
2265 2364
2265 2368
2266 2318
2266 2319
2266 2321
2266 2346
2266 2381
2266 2382
2267 2358
2267 2364
2268 2332
2268 2335
2268 2358
2268 2364
2269 2298
2269 2303
2272 2362
2272 2366
2275 2356
2275 2361
2275 2379
2275 2380
2276 2385
2276 2387
2277 2293
2277 2300
2278 2297
2278 2342
2280 2299
2280 2300
2284 2285
2284 2289
2285 2289
2287 2297
2287 2299
2287 2300
2287 2342
2290 2309
2290 2311
2292 2312
2292 2314
2293 2339
2294 2295
2294 2296
2294 2298
2294 2303
2295 2301
2295 2309
2295 2311
2296 2301
2296 2347
2298 2301
2298 2345
2300 2339
2301 2303
2301 2347
2302 2312
2302 2314
2303 2345
2307 2330
2308 2362
2308 2366
2309 2323
2309 2327
2309 2332
2309 2333
2310 2330
2311 2323
2311 2327
2311 2332
2311 2333
2312 2313
2312 2314
2312 2318
2312 2319
2312 2323
2312 2324
2312 2329
2312 2331
2312 2332
2312 2333
2313 2314
2313 2323
2313 2324
2313 2329
2313 2331
2313 2332
2313 2333
2314 2318
2314 2319
2315 2324
2315 2329
2316 2324
2316 2329
2317 2324
2317 2329
2318 2324
2318 2329
2318 2346
2319 2346
2320 2337
2320 2338
2320 2347
2321 2346
2322 2337
2322 2338
2322 2347
2327 2337
2327 2338
2328 2337
2328 2338
2331 2337
2331 2338
2332 2335
2333 2337
2333 2338
2337 2340
2337 2375
2337 2376
2338 2340
2338 2375
2338 2376
2340 2364
2340 2368
2341 2379
2341 2380
2346 2381
2346 2382
2348 2359
2349 2385
2349 2387
2350 2356
2350 2361
2352 2381
2352 2382
2352 2384
2353 2356
2353 2361
2354 2356
2354 2361
2355 2365
2355 2369
2358 2381
2358 2382
2358 2384
2360 2365
2360 2369
2364 2381
2364 2383
2367 2369
2367 2375
2367 2377
2368 2381
2368 2383
2368 2386
2368 2389
2369 2373
2369 2374
2373 2375
2373 2377
2375 2381
2375 2382
2375 2383
2375 2384
2375 2385
2377 2381
2377 2382
2377 2384
2378 2383
2378 2385
2386 2390
2386 2391
2389 2390
2389 2391
2407 2418
2408 2413
2408 2414
2409 2418
2411 2413
2411 2414
2414 2420
2414 2421
2414 2423
2414 2425
2414 2426
2416 2421
2416 2423
2416 2425
2419 2420
2419 2421
2419 2423
2419 2425
2419 2426
2420 2425
2429 2432
2429 2434
2430 2432
2430 2434
