2708
1127
4862
1157
2130
2000
1311
1456
2813
3377
1338
4060
4844
4911
1246
545
1023
4055
951
1860
3385
2707
3275
1312
2166
2714
1295
4175
1307
1308
4857
1148
2128
4025
1131
2040
279
615
1296
613
1239
4074
360
1861
1293
4054
1313
4267
1636
4922
1109
4987
1291
301
2111
3992
1663
2401
3853
4184
4215
4073
608
5068
1422
4018
3409
2056
4030
1622
3838
185
3591
5662
4034
4138
4181
3917
4960
5112
4220
379
374
2123
3143
3308
3849
1330
3309
3273
990
5058
1452
3141
3277
2048
2180
4035
4904
549
4432
1880
4006
3784
1579
1253
2797
368
958
2838
457
1041
3269
4939
2644
1666
4999
1662
5233
3587
1299
1477
3874
1195
525
2572
1118
2791
1333
4864
3095
1153
2804
4190
953
478
1036
3973
1868
1323
4133
1632
3036
4075
5580
3091
2402
989
2144
1069
2094
4189
656
3914
1396
2810
3049
1310
562
2122
514
5711
564
5699
1042
4093
1184
2597
1466
2001
4850
4256
5305
4017
713
4219
3391
1254
4976
3959
2681
4213
3209
4285
3920
2692
4107
4097
3436
3857
3400
2134
3574
281
1306
3134
4257
2447
5560
3783
4851
5124
2570
3035
3915
3363
3499
1722
2860
1731
2702
253
3995
373
2877
2706
1634
3039
1432
2685
2677
3921
3526
4041
2148
805
3563
2098
1331
2364
36
1112
519
531
5003
573
533
315
2154
1170
644
689
2218
1137
950
352
693
3813
3807
952
610
4746
2115
4916
709
1260
2717
4915
3827
5021
4353
557
8
2062
1027
671
4067
3211
4640
3204
4052
2061
5436
1628
1205
645
5669
5054
702
3912
4974
3979
2053
1287
1012
5573
1560
1714
4471
5295
4131
4110
3890
295
2583
3279
3580
3410
5466
5455
3918
4165
3033
5016
184
3282
5165
3772
2446
1674
4005
4123
4811
2790
4481
3138
1604
438
5064
4164
2543
1578
4817
3629
1613
4474
2588
2684
1470
1881
282
3389
2975
1584
3193
419
3452
4839
3771
5554
3926
3859
2307
1536
2142
2055
1321
2145
458
1005
619
678
182
2865
1328
3753
5709
3797
1124
4996
1054
4923
4522
4924
4906
2711
1241
5189
3532
273
367
382
3834
2827
177
1160
5665
3553
502
181
3147
2903
1420
3568
2032
2054
987
1423
2100
4192
1034
4278
2268
4086
4024
2137
3407
180
1033
3884
2577
4346
5445
2410
4347
2047
5062
3437
4222
4424
2549
5434
2487
3879
2433
1471
5567
3927
4910
2544
4137
2213
2545
3175
5022
2362
3811
2902
4835
3157
2184
3227
4233
1416
3493
3189
4247
369
982
3826
1190
2164
4977
1707
5079
3582
5261
4218
2625
444
3866
4079
3936
2627
3980
1025
1129
2849
1349
554
358
341
1110
2133
4518
1353
609
1111
5290
1421
2863
1038
4441
456
2830
1397
4112
750
349
2777
643
4061
1355
3551
2159
1329
1345
5129
338
1869
1314
5084
655
477
3403
2266
2113
1520
767
4863
1639
1808
4
3301
2926
479
1230
3833
3787
1648
3364
4840
2844
5642
3087
3205
4022
1048
137
2985
4982
4519
2418
4964
4475
3934
4927
4898
4823
3441
2645
1021
2901
2925
3933
3891
2550
3565
4397
394
2578
4066
1040
3951
5065
4639
3846
3132
5101
5576
325
5194
3894
5088
5222
4822
3782
1019
3962
4185
4936
5221
5577
4121
4031
4262
5473
1298
422
4384
2110
2023
2422
1250
959
5314
1272
2012
73
2282
1946
3588
762
4132
1074
1136
2038
1676
433
1200
2173
2696
2436
2003
1238
1201
5300
4124
2565
1271
5053
537
3794
1072
4116
1079
4881
2229
3402
994
765
3806
2365
4276
2833
262
4944
3272
4877
2008
1575
1852
2633
439
2006
3584
746
1735
844
2743
2324
3457
4447
849
5671
3690
839
162
3666
3695
3880
2648
211
4792
93
4373
2408
2325
2812
259
1717
808
881
2386
1972
2505
2451
2968
5378
212
885
153
157
2949
5322
85
4760
3692
1718
4711
5489
5496
4552
496
4619
4621
149
150
3103
4438
4724
4761
5285
1963
4444
5412
5433
3250
3841
5263
208
5306
4302
4311
3384
131
5070
3305
388
5454
5317
5638
612
455
1401
5025
1480
3059
1444
3202
3395
3148
1652
616
2712
5456
4451
1050
3876
5235
3226
4105
3858
4026
5419
5661
3597
2561
4053
4462
4990
3948
2785
3497
546
2473
4273
3251
1417
4223
1433
4708
5304
3665
1962
857
1834
2345
2476
5173
5187
2825
4599
4601
4589
5372
2888
4575
3014
5309
1835
5678
858
1697
1711
819
3015
2350
3203
5606
1101
1096
1796
1789
1799
3658
4770
1804
4718
2454
2460
159
1905
5206
1447
1802
2475
105
1186
2397
850
3312
1985
4506
4717
836
2398
4769
4596
3628
2875
4505
2464
5207
5365
158
794
5227
4655
1655
4625
4340
3889
3259
2389
2945
450
3678
128
3237
3466
2382
640
2388
2378
3656
2387
3654
4515
3732
4266
795
4662
2735
2374
5614
4740
1920
1933
2521
2379
4554
1843
2394
155
5388
906
2861
4374
1950
2541
4517
4531
5356
3886
3840
2308
5117
4720
1233
2609
4172
4177
482
484
1032
330
706
4692
1301
1043
4854
3185
3496
5693
3823
4734
5089
1577
5163
2256
1343
2908
2200
941
2291
2270
5008
2103
4629
1138
5215
2182
4858
4812
3785
2274
3978
5093
3562
1541
3028
2509
1166
1352
5569
5184
2669
1126
2136
3781
949
1841
161
4405
2331
2393
3671
1776
3713
5694
1836
715
1772
4591
2906
485
3461
2370
1612
1797
1949
2059
4615
874
201
4501
452
203
3681
796
1830
3660
1900
894
2495
4542
4564
636
821
637
489
5241
4592
59
4617
1766
883
2873
2736
2034
2376
1693
2749
868
861
5284
3720
3679
2383
860
2395
3657
2396
4521
4526
1479
5497
5213
1756
5326
1701
5630
2910
5398
3011
859
4787
895
896
238
1380
1702
686
1642
5348
1833
4790
4525
1892
1429
1567
4553
402
1785
891
2732
4954
1970
3700
1700
4779
3483
4607
109
1568
395
5620
5623
4768
2897
1664
4536
869
1969
4547
4573
864
4527
4624
3643
817
1806
3683
3682
4620
4548
5609
3620
2439
4362
4793
1454
822
10
1886
2247
5599
3618
1765
351
919
890
4490
5410
3642
1658
4423
4555
3924
1569
2461
4556
1614
3427
4439
3633
5612
1739
3458
2510
639
638
1775
1619
1767
66
2220
92
3693
2517
3696
1562
4563
4534
4582
818
4544
4584
1754
4590
3702
4566
4597
4528
882
886
867
28
2431
866
2452
1703
47
5602
5611
1844
5607
5608
4324
2504
2490
4588
1763
148
4567
4579
205
1791
4583
1798
4530
4549
4570
4540
4541
1795
195
196
2091
5355
1790
862
854
236
3680
3907
4788
1768
4546
4586
4569
2809
3530
133
3350
4516
5319
2333
3054
1375
3084
2470
4903
3317
1784
2409
5276
1787
3667
3207
2663
4772
4562
3675
4368
5243
798
1443
5481
1883
888
4466
2380
3728
2794
4557
2450
4580
4594
2430
2911
102
5633
4235
2343
904
1925
3318
1760
4801
2558
1902
5657
4259
4752
2381
3058
3182
1464
5578
2501
631
3742
2697
4045
3163
3127
731
1626
607
3304
4377
1045
2728
5547
699
775
3120
223
985
3195
4482
2150
4479
3112
3646
4048
3179
2775
4032
2946
4009
566
1163
3292
178
1052
2515
1459
5482
225
1894
296
2952
246
3150
764
1414
3820
1004
3238
4897
4187
788
4532
60
3199
71
4535
76
256
244
684
413
58
3262
70
219
3097
969
918
1810
2493
1587
1590
2829
4600
4784
1849
2219
530
417
1172
3578
1977
1270
873
4659
440
4608
114
194
2981
5565
3621
1831
2069
2734
4402
853
1971
4649
398
5587
892
889
648
2492
3191
6
1591
4598
879
1908
2691
2739
1935
5352
4265
4545
142
4605
5424
4612
776
2066
5507
3705
4595
2391
1953
3215
4781
4610
3487
5347
593
4104
82
589
2623
3061
32
791
5040
3144
3372
4099
3640
4498
355
3975
4623
3730
2913
714
3399
4207
2846
2440
90
2035
2914
1623
4656
1607
5336
3707
4499
2698
123
134
4496
4613
4981
4643
3957
3729
3697
2429
2375
2310
4349
1794
911
1788
119
2805
4614
1453
1803
1698
3624
3636
5272
4945
4702
2371
1631
2301
628
4364
2909
1921
5349
1966
1566
4363
5251
3361
4561
871
4321
5361
5315
3673
2172
3613
4616
5631
1948
4504
4264
900
4606
4604
5341
1839
4578
4753
5450
5335
3625
4642
4661
5214
0
1075
3239
1769
2332
5313
1650
1805
4671
237
2647
4327
1774
2171
4571
745
875
5310
4808
132
3909
2730
463
3242
3586
2811
5247
913
701
5417
3336
5499
5457
3062
703
939
3871
7
2318
4114
3013
5160
1382
451
3111
5218
5488
4603
3311
863
1838
4730
1543
3178
4602
1879
1753
4650
1829
4238
670
3617
1893
2484
1847
4743
3661
3041
320
1455
140
5069
4688
2413
4791
152
2199
1817
2443
5513
3130
4727
2649
2904
1936
321
3641
1801
4180
5337
5572
3063
729
293
1832
2269
2980
5629
3222
2978
2979
1965
427
2457
1807
4497
4500
3701
1657
1498
5698
2672
3714
2292
3607
4088
5279
5377
685
2319
2507
5308
5385
1282
4622
1686
3371
1506
5601
4758
1063
2992
2176
392
3310
899
3010
446
4593
376
1906
4663
901
4484
2327
4745
3627
2569
401
3605
3125
695
103
412
3422
3558
1959
1958
2390
1995
2309
345
897
319
45
400
2814
1073
3533
2167
5323
1840
2841
4653
1
3455
5281
1098
1100
4416
1361
751
1968
2195
4529
5676
1585
91
2673
1267
2326
2479
2285
5508
5391
3739
4723
4585
4715
960
1487
3255
1490
5311
4375
1378
1926
2847
5271
3900
2887
3110
101
1940
116
3670
23
42
24
2392
31
2886
2342
1845
1904
113
2338
1265
3544
2472
1571
3037
2733
5362
3710
4666
5238
2086
4609
2385
3626
1483
1737
5073
5346
2989
512
1820
4319
4880
4382
4413
666
3712
5437
4748
5270
5200
408
5399
5242
4281
4429
3338
2372
72
3075
2937
5254
5498
3956
1726
1193
5364
46
1952
5600
1929
5490
3249
1771
5257
411
4044
3433
2973
1372
4940
2442
1691
1609
4789
1156
676
3064
4701
4492
803
268
4786
1435
468
276
3634
747
5031
3344
3183
2190
5368
4774
3012
2808
3339
4611
193
1317
2693
3736
5343
4775
4171
1694
553
138
4494
4231
4694
436
964
3443
3726
4965
1942
414
4495
5652
5491
2427
1608
3674
5258
5252
5636
5458
5246
204
4934
838
147
2074
5632
3460
89
3550
3351
4551
4202
2731
4908
5256
2222
5516
4719
647
2400
4709
111
5586
1692
1496
5687
1386
4369
3768
2894
3976
39
4084
3686
3115
4206
5220
3699
3687
3685
2021
3698
3688
3616
3113
3709
2075
4957
3096
1727
2462
5651
4764
3271
4909
5061
5477
4658
61
1773
1582
4430
371
2571
3135
4886
3224
2259
1026
97
5027
2832
3971
1565
3722
5593
1224
663
1144
453
2872
467
1783
2367
2994
421
1659
1699
3177
5594
3488
2944
2963
1068
3383
2835
878
1458
877
1757
1777
1744
4021
1770
156
4339
1867
270
1733
126
2783
1762
27
4803
3734
5510
2022
770
2787
4572
231
3910
4414
5293
865
4512
4902
1570
2898
4468
3703
2941
3635
4210
1708
1743
1755
5248
1914
2529
44
1629
387
5506
3775
832
95
1887
1780
5505
4765
3016
4400
151
1967
1725
1751
1781
1716
1782
1710
1778
1779
830
1747
1742
1752
4795
3887
2744
1738
1897
154
130
3038
3711
5439
2976
5225
1510
3639
3612
3048
5595
1837
3604
4890
898
1426
2680
2815
3494
4681
2890
3735
22
625
5585
5649
1486
2857
229
4140
2498
29
292
3298
5041
4665
4325
2373
4427
910
893
835
1746
3593
5330
3057
3691
5219
3708
1488
3725
1549
4230
389
5517
5589
4415
1204
3537
1442
5245
3652
3609
2399
5568
4794
4376
5484
1758
1907
2624
5706
5002
4341
2662
2205
4448
4246
4239
2033
2414
2344
243
4334
5659
2972
2893
5522
146
3482
3506
5159
9
5460
188
624
141
1759
233
4249
4470
3515
4350
65
5621
5376
5255
4805
86
1974
1732
5196
1218
1556
4478
5597
3172
3676
2175
190
1689
1376
3133
139
3706
1059
690
1497
464
2742
2741
4208
4196
1439
4473
1095
1728
3296
5212
957
1528
2816
5616
5006
3765
4780
5375
845
723
64
4399
4641
532
903
2795
269
5274
251
4565
3731
5275
2488
5626
880
4558
2425
768
3733
2187
3089
5363
652
4685
4648
5635
329
1191
2437
5320
3902
2117
3769
339
5468
3254
5035
30
1199
1996
2915
4889
5358
3276
3340
5441
2036
1976
627
5690
5286
920
4338
2494
4716
77
1690
3677
4773
3267
418
2453
115
5357
4409
5321
344
2477
914
1080
3468
96
56
4754
5338
3721
3145
1764
934
4472
786
3253
799
50
3444
5475
2991
3653
5360
5015
53
1934
1083
2713
5653
5701
3479
4342
5292
2724
651
1158
3019
3268
1606
1724
5451
3155
5393
5544
2703
120
712
3005
1792
4513
902
1982
1745
5299
1734
921
907
827
5340
4351
4068
916
2502
2471
2424
4568
833
5353
2931
2384
5139
5559
5563
189
716
1594
407
4420
5524
5511
725
1603
3375
2959
260
3983
2057
3477
143
3043
4465
2527
905
4352
54
782
386
3079
793
1336
2523
84
5592
2843
3257
3246
1954
2486
5650
834
917
831
908
909
1704
924
929
922
5579
3017
5556
915
57
3897
2552
5443
2969
5582
927
1598
2481
3284
51
5526
3074
5624
3018
1047
2892
2700
67
5478
5298
424
1872
383
4461
783
3776
2919
653
117
2548
5613
1482
4418
187
510
2657
4587
1505
4428
2534
2500
5509
1786
810
931
4343
2938
5529
926
5584
1605
938
923
2540
4426
932
4443
5282
1761
5528
5329
1706
4487
3008
930
935
3289
5380
2519
4455
5422
4507
5518
937
2962
3140
5548
4337
3078
5195
1531
3908
5453
19
33
5664
4700
4488
4489
3354
2958
5210
2752
242
4737
2302
928
4486
1175
4682
4336
5553
2449
3042
5557
5541
5523
5492
4335
3882
5571
2480
2423
5420
4537
3766
2997
127
3716
2920
3704
5486
4407
2346
3875
3098
979
3648
4729
5514
449
3420
5001
198
230
5534
3006
2369
404
1712
2174
4146
4869
1189
961
434
1029
3520
4323
5646
2709
4879
1173
5519
792
5211
83
5487
4460
4464
5452
4408
2918
5532
3071
4437
4431
2942
2568
2923
2996
3004
2539
2567
5369
4503
2339
5471
4652
2953
5379
2912
145
4381
5367
3964
3053
2522
4450
4651
2705
1665
4383
2528
5688
4543
1630
3345
5686
3418
2275
5603
5427
5217
3878
1462
2695
5538
3206
4806
3000
730
5280
4109
5495
3003
5502
5384
4348
2513
2939
2564
4356
4357
5414
3905
3744
3895
4491
5334
2562
2921
11
2566
3737
4380
2986
5527
2525
2547
2560
3632
4520
2961
5574
5531
4493
3901
3738
4404
1696
5469
3767
3174
2988
34
2943
5431
5009
2917
759
3883
974
5294
5259
5264
4749
3638
4733
2977
4144
2971
3002
2965
2960
2995
2987
2954
3009
2956
3052
2876
2554
3899
3740
5421
5504
5371
2557
3906
5405
5327
2508
3060
5229
5395
2880
3904
2426
2922
3088
135
2532
5288
5236
2497
4510
5332
5266
5230
2469
5401
3066
3007
4354
3903
79
5413
2905
3741
4538
5328
5583
5392
5525
144
5234
3651
5409
5411
5404
5428
5416
5403
5324
3047
5381
5333
3073
2999
1695
3649
5307
2947
3892
2967
4372
5339
5232
5387
3631
3072
3743
5415
13
2456
2438
4508
5432
2455
4401
2878
4539
4359
4511
5449
5239
3131
3844
5303
5394
5277
3896
2459
5390
3118
2404
5345
2964
1793
3221
3117
5543
1091
2491
4550
2998
2993
3630
2900
2882
3745
3056
5402
2936
4514
5278
4358
2970
5301
5318
5430
3644
4524
5344
5297
5287
4576
5425
5418
5386
2881
5435
4370
3723
3647
3645
5291
5342
5325
4389
3885
3872
5331
5289
4386
2879
2935
2531
2933
3718
2576
4509
4533
2538
5447
2551
4355
3719
3085
4577
5262
5312
5296
5407
5373
5383
5400
5351
5366
5370
3727
4523
5302
3724
3717
5354
5283
5374
5359
5423
5446
5429
5408
5444
5406
5269
5267
2982
5438
3650
5265
2974
2924
5440
5500
5465
2463
2563
5268
4365
5493
3094
4446
2520
2932
4371
3139
4387
3055
3774
3106
5476
18
5463
5570
14
15
943
5459
4422
5485
5479
5521
4403
5540
4379
4394
5448
5461
4406
4360
5512
4421
4395
4366
4434
3637
4433
925
2514
5530
5223
78
4412
3020
5226
2574
4469
5515
16
3856
5550
125
2586
3068
112
3295
4367
2482
5575
4435
4647
35
2885
5503
5539
5350
2990
3854
3123
2950
94
4419
4476
5470
5483
3173
5501
5480
5537
5494
5474
5260
4361
4392
5462
4454
5533
4442
3187
4452
5273
970
3770
4477
2474
5535
3773
4888
4148
3290
5566
3293
220
4393
2499
2353
4458
1102
17
4799
3090
3898
213
2573
1093
110
2368
1097
829
3024
3146
2896
258
257
5224
75
3332
37
3865
5442
3171
63
81
4385
99
249
3873
3101
80
5249
98
122
3843
2957
2555
2930
55
1090
250
1625
1066
1597
409
2351
2676
3040
441
3322
4094
1092
2412
5205
4762
1723
5542
2546
62
4968
4866
3025
41
2951
3108
4798
4874
4411
828
3870
2689
224
3817
5199
2884
3799
933
2656
5467
2337
163
1081
1088
164
168
121
235
100
2869
170
3830
232
5231
106
1086
2929
129
3080
2948
3105
3129
277
68
3076
1103
5202
1039
2537
3021
5250
811
200
1087
136
288
1049
1720
118
165
3044
403
40
940
2489
3196
4736
1055
377
4739
3930
4735
108
228
2907
166
4378
3615
1094
1085
1105
167
1082
1099
1104
968
971
2366
2357
3142
972
107
1064
221
1065
169
12
199
124
978
207
2347
74
289
2354
3136
278
69
2927
285
3862
216
1071
4686
214
823
1044
5216
3756
2723
3137
3122
393
2895
3149
3867
2496
2575
2361
3861
936
2448
5228
445
3026
1062
975
287
1058
2356
1076
995
973
38
1060
284
286
3126
186
1084
3022
977
271
1057
362
1089
222
283
1056
298
3814
1077
976
3755
343
226
280
2348
435
1187
1174
2428
365
1146
3050
1053
3190
431
1070
988
3119
420
3845
4467
1618
3868
5643
3810
3825
3256
5138
322
2359
1078
2360
1067
1061
1014
2358
21
2355
20
2352
1013
2363
3848
241
1151
3065
248
297
3109
3051
1046
372
209
274
3835
3116
275
217
3220
240
255
3107
1051
3230
3796
3046
5472
3
234
1031
3023
962
1145
3851
3828
5634
3415
3819
317
354
3093
3414
3086
215
2675
3247
3070
3083
2984
3069
3100
3114
245
3045
3197
3099
3031
3240
3077
3030
3029
252
3128
3102
3821
3082
3081
3121
3092
239
3034
3032
264
3248
272
261
3832
3331
3176
3297
3027
218
3869
227
3186
3417
254
3842
1001
266
267
3341
1017
3949
179
172
3836
2867
2899
381
375
1018
3159
183
263
3225
3264
3746
3263
3326
3847
3852
3754
210
3285
3235
3327
3839
3795
3245
3416
1020
3411
3815
4459
3231
3151
3359
3850
206
175
197
390
3888
3392
3798
3778
3800
406
3200
437
378
3777
303
1251
3299
391
430
2716
991
399
3158
3236
3153
3413
2704
3337
3747
364
3837
4051
3244
3291
3154
3219
3996
3863
4457
3804
397
3425
3265
3342
3278
428
426
3824
3423
3152
416
4046
3829
4012
3428
290
3286
3170
3397
955
3348
4047
3287
3419
4003
1007
3387
333
3241
3380
291
88
4050
3164
5203
3388
3194
3860
3167
954
2721
5640
3349
3378
1159
5551
294
3429
3233
3258
3252
3266
3228
3270
3232
3261
3223
3260
3243
3181
3212
5545
3368
3274
3168
3280
3213
3283
3188
3365
3160
3214
3169
5552
3217
3165
3216
3358
3373
3156
4040
3192
3210
3366
3357
5464
4345
999
5562
3931
3750
3355
956
992
299
3343
5581
3201
4344
3424
3401
3406
3370
3803
3749
3229
3166
5555
3805
3180
3328
3352
3404
5588
3426
3412
3184
1035
3394
3218
3748
4049
5558
3390
3386
4330
3234
1009
998
3208
3398
415
4043
3367
3408
3300
171
4333
4796
1214
3393
1231
3994
3751
1006
4037
332
3162
1635
3864
3330
432
2883
429
3816
4020
1249
361
4480
3793
3610
3669
3421
3405
3319
3320
3321
4036
3329
3353
4310
4011
4221
2868
4038
3381
3379
4039
173
3752
4016
4033
3314
4023
3396
4305
3161
4328
4320
3809
3302
174
425
3790
3303
1015
3760
1028
4485
4258
3779
4028
1641
1030
4244
4275
4288
5549
4483
947
3991
4289
3474
3356
4081
4229
495
1000
316
3360
3369
3374
3382
4300
4312
4294
3316
4283
3315
4309
4326
4287
4303
4313
4296
4315
4332
3663
4322
4331
4254
4306
4269
4316
4317
3664
4329
4027
4224
3475
4015
4767
4280
4042
4268
4271
3877
3602
4304
3333
3981
3376
3997
4660
4272
4002
4291
3758
356
384
4777
405
5186
4410
4307
366
4292
4308
4318
4314
4279
4297
4225
4227
4440
4226
4298
4228
4456
4274
4463
4417
4425
4436
4449
4299
4263
4260
4293
4284
4243
3476
3456
4398
3325
3611
4282
4290
4019
4286
4295
3990
4178
3780
4301
5185
3972
3346
3963
5171
2652
3950
4695
3982
4277
1518
3606
4722
4237
3608
5198
2671
812
4270
3459
4255
3603
4253
4242
4248
3601
4245
3599
3517
4007
302
5695
3430
3473
4008
4001
3600
5190
3762
3485
3516
3594
4155
5170
5191
4677
410
4847
1637
3958
1016
3993
4895
2725
504
1247
5208
5628
3522
5172
1197
872
4713
4738
948
3947
3478
5561
5209
5144
1538
1667
5201
4907
1022
993
3323
3579
3987
3539
3306
4203
4251
3985
5536
3759
4232
4250
3589
5204
3938
4680
4706
4396
4391
3486
4194
4388
3527
5192
3757
4635
4029
3763
4676
4069
4757
4234
4637
327
4751
4747
3445
3969
5670
816
4127
5615
25
2604
3808
4101
5677
1748
48
3788
5182
825
4252
2665
4205
5618
3937
3923
4200
3960
4199
3855
3954
3974
2870
3986
3988
3505
4209
3945
4004
4000
4797
4778
3812
4211
3307
4755
3791
3911
5655
4763
4894
4204
4013
3999
3467
4176
4741
4698
3953
4150
4159
5617
3596
2639
5627
4782
5244
3557
2687
5625
5253
3543
4261
3334
3294
2603
2441
2506
3566
2678
4182
3941
3967
3761
3970
3922
3939
4014
3935
3965
3944
3977
3968
3966
3940
3919
3955
3324
4860
3961
3989
4241
3347
3598
3792
4010
3998
4188
4836
3984
3335
3952
4673
3507
4699
4728
3802
5647
4173
3531
3942
4167
2874
4714
5656
4925
3469
3489
4690
3534
4712
4098
3595
4142
4628
5639
3454
5622
4117
4212
3928
4111
4217
4707
4834
3495
4638
4742
4725
4195
4070
3432
2871
4129
3925
4750
4674
4240
4689
4859
4163
4151
4168
3511
4914
4726
4731
4697
4145
4106
4174
5590
4183
4636
3490
4071
4687
3943
4216
5546
5697
4147
4684
4201
3465
4833
4627
3518
5679
5704
4128
5645
4135
3442
3525
4693
4197
4166
3929
4214
4186
4675
4696
3450
3451
3453
4162
3431
4193
4143
5667
3519
4170
4153
3434
4705
4179
3449
5682
4634
4152
4198
4136
5683
4085
3535
4130
4632
3538
4122
5702
4756
3514
3435
3439
3523
5658
3572
3502
4631
4126
4134
5680
3570
5705
4744
3549
3571
3932
4161
5648
4667
4149
3484
4095
4139
3446
4156
3491
4169
3448
3524
4157
3590
3438
3528
3540
3501
3560
4679
3545
4160
4100
3559
4633
3498
3447
3503
3512
5674
3554
3556
4626
4759
5605
3513
3480
3536
3552
3481
3548
4158
4083
4678
3569
3508
3509
3500
3462
5654
3504
3529
4089
3440
3547
5644
3542
4867
3492
3541
3546
3576
3510
3521
3564
3573
4630
3464
5712
3583
3575
5703
5692
3555
5710
5700
3561
3463
4704
3581
5684
4670
5668
3592
5708
3472
5663
3946
4644
4672
4848
5691
5660
5666
4766
4669
5707
4120
4096
4868
3577
4802
3471
3470
4691
4103
5610
5689
5673
5604
4776
5685
4703
3913
4989
4064
5696
4958
3916
4065
5672
4949
4921
5675
4108
4115
4080
4979
4119
4926
4837
4998
4852
4092
4082
4062
4077
4891
4896
4838
4118
4938
4946
4078
4090
3585
4861
5018
4091
4959
5030
4125
4063
4668
5026
4875
4113
3822
5596
4870
5637
4072
4984
4800
3622
4969
3789
5014
4995
3831
5107
3801
963
3764
4087
4059
4943
4845
4882
4947
5059
4819
4102
4928
5032
5149
2556
304
1425
52
2641
2478
2674
3623
5153
5180
5087
2542
2726
650
1682
1911
1581
1227
4941
2257
1736
2317
5167
5038
5168
1008
5017
1525
4076
1194
790
1589
5096
1535
2553
1899
4871
5181
4846
380
965
1132
944
1171
5083
4056
4058
5125
5158
5145
5020
5154
3818
2533
5005
5641
4841
5010
3786
4853
4807
5179
2620
1540
4057
5151
1749
4905
5043
5126
5141
1495
4929
5046
5036
2465
4966
5188
2559
4856
1555
2524
1991
2305
2589
2341
1586
1116
5176
5097
1180
2526
1660
1545
2710
2329
1427
1856
1599
1647
813
5103
5193
5102
2916
5166
5197
5113
5150
4842
4935
5147
5161
5148
4832
5155
4950
4917
5178
4930
4830
5044
4646
5183
2891
5177
4983
4843
4810
4991
4970
4872
4849
4824
4884
5152
5118
2406
1740
1750
4645
5106
4657
5082
5100
5135
5037
5175
4971
5157
5011
4918
4986
5039
4975
4855
4931
945
5156
5162
5134
5164
4831
5060
5169
5146
5137
5131
5136
4809
5029
4961
5123
5130
5071
5034
5143
5132
5045
4955
5116
5074
4932
4956
5085
5094
5111
4883
4825
5119
4829
5128
4892
5066
5174
5142
5050
5072
4994
5108
5086
4901
5099
5133
5140
5095
5114
5023
4952
5049
5092
5078
4873
4967
5019
5033
5012
5028
5024
5047
4827
5120
5121
5122
4828
4826
5115
5127
5090
5013
5048
5075
5104
4972
5081
5098
5105
4985
5000
5091
4878
5007
5110
4942
5076
5055
4973
5077
5080
4919
4912
4992
5067
5051
4993
4953
5063
4816
4900
4876
4963
5056
4815
4814
4821
5042
5004
4937
4913
4920
4893
4885
4820
4865
4933
4988
5052
4948
4980
4887
4818
4813
4997
5057
4978
4899
4962
4951
2007
1705
1563
2467
1593
2518
1741
2435
1633
1640
2434
2468
2651
1573
2511
2288
2316
2466
1037
1713
2612
1681
1002
1544
1548
2619
1140
2286
442
1709
2458
855
2295
789
2303
2686
2411
423
1485
2590
587
1564
1561
1721
2296
2512
2535
2536
2643
1554
2530
1645
824
2598
2599
2682
1600
2312
1580
2320
2596
1576
2297
2336
2631
2616
1024
2640
26
323
2403
326
2420
2608
2618
779
1957
1572
2264
1410
1656
2582
1438
2774
1517
192
1679
1941
191
1915
2415
1341
2311
49
2236
2323
1557
1617
2432
2421
2585
804
2670
2659
2661
2592
806
2584
2636
2417
2445
1595
2632
2611
2405
2655
2621
2688
1550
2606
2668
2637
2595
2591
1552
2244
2635
2664
2646
2610
324
2615
2419
2626
2284
2622
2262
2235
2315
946
2658
2581
2642
2334
2602
447
1583
2601
2579
1553
2587
2634
2690
2322
2304
2416
2613
2605
2607
2580
2614
2594
2600
2653
2617
2630
2629
2660
2654
2628
1649
1644
2679
1547
443
2330
2683
1559
2293
2314
1546
2335
2298
1574
2340
2321
2245
2258
2289
1673
2313
1268
2294
980
1114
1661
2287
1668
1670
472
2694
1419
2740
1415
1680
814
350
2738
787
1646
1913
1216
2300
1685
2276
2225
1592
1651
1610
2277
1671
1516
2807
1492
1616
1602
1481
1876
1512
659
1901
1532
1994
1558
754
1873
1993
1961
1370
1363
784
2092
2762
815
2306
469
493
481
1460
2161
2763
2729
996
2299
2746
2826
737
629
626
1917
594
1266
1669
1169
677
1499
1916
1956
2237
1467
1494
1675
1418
1537
2801
1408
1611
1678
1877
2759
1672
2784
1620
1508
1677
1412
2750
1502
1858
2
1992
2771
658
1474
1436
1461
623
2720
2065
646
1875
300
1588
2853
2753
1922
1638
1501
1463
2772
622
1242
2765
763
1245
1368
772
1888
1909
1533
1978
1851
1507
1332
1981
1413
1478
1596
2786
1491
2755
2803
2792
1504
2780
2754
1424
1450
1514
1428
1500
1437
2751
1509
760
1530
687
1688
777
1503
1513
1653
766
2049
1521
1519
1534
2793
2850
1511
1465
1988
1542
2766
1621
2776
2798
1684
1529
1615
1627
734
1986
1524
630
736
2737
1818
1654
591
1945
1898
1809
1468
1434
749
1411
778
1527
773
1451
2778
620
2779
785
470
1526
1683
1643
780
1523
1493
1457
1473
761
1472
698
781
471
1445
1441
1522
769
1409
727
2837
2719
1865
385
1407
2764
2699
997
876
1448
1964
1469
722
614
494
1152
2817
2188
590
1990
2718
1859
1975
1912
1489
473
1484
1812
621
592
1476
1822
480
475
353
541
1874
1983
753
2773
2862
1816
1235
583
1989
1866
1896
1337
536
370
743
2819
735
503
682
2852
1285
771
1944
726
1139
2727
1367
1208
2824
483
1987
774
1850
1825
579
1815
1980
1449
1203
1113
1927
2715
1354
1999
2179
1264
1813
1515
568
1814
1155
739
2840
1885
1918
641
2859
2855
1811
1294
721
1821
314
2851
1244
1864
1895
1371
1862
728
542
744
2800
1624
1687
476
1930
357
662
2796
1292
2822
1827
704
1225
465
1960
635
742
1147
313
1263
1192
2070
2246
1826
1365
1283
1215
1115
1196
513
2856
758
1884
1855
707
1932
2864
2788
1863
755
632
2760
705
1854
2079
1269
708
1882
1236
1943
2799
1198
1202
719
466
757
2767
697
1819
657
618
1903
642
752
1939
1128
1207
2789
523
1984
1185
312
1219
2839
595
521
691
1302
1374
1828
548
1226
1220
1315
1142
1891
490
1430
2854
675
748
756
683
1181
633
1928
740
692
711
1823
1221
1243
1281
1300
176
2160
617
474
1910
1232
551
1150
1384
311
611
1276
1164
1211
596
1206
2060
1870
2120
524
1248
1183
1217
2782
981
570
724
673
529
680
2116
506
1404
309
505
1165
515
1373
558
328
576
1179
1237
1229
1212
1209
1162
1177
462
516
1161
499
1178
1182
1210
508
1223
1167
1123
488
732
1188
547
1154
674
509
718
720
534
1168
700
1176
518
1222
487
498
522
741
1133
1358
543
497
492
733
1277
2051
535
1379
1117
710
544
511
565
491
517
2858
1357
598
459
1234
461
1228
460
500
1213
5
1240
507
486
1135
1143
454
527
1134
520
1149
540
539
563
331
1141
552
528
1130
569
1120
526
1122
1390
575
310
559
597
696
1381
1339
1360
1406
1359
600
1121
599
2722
667
550
660
681
335
669
606
560
340
1350
1377
336
1369
1393
679
1335
1405
601
661
1348
538
1395
602
603
605
305
1402
1399
1391
694
604
1366
306
556
668
1385
346
1344
654
586
672
584
1400
1119
578
717
585
665
1388
1346
363
1387
337
588
561
1356
1383
1398
1340
664
580
307
1394
574
308
1320
1389
1403
634
348
582
347
359
567
581
572
555
577
571
1364
1351
1392
342
1342
1334
1362
1924
738
1919
1284
1347
1889
1280
1322
1853
1261
1262
1824
1923
1947
688
1937
1951
2107
846
1326
2701
2024
2037
2011
2127
1955
2747
1857
1931
2147
1890
2178
800
2845
1324
966
2770
2836
1316
2848
2080
1305
2121
1290
1878
2052
870
1003
1106
2806
2020
2093
2155
848
2202
2197
1327
1286
1279
2203
2106
2250
1938
1125
1309
1011
1318
1319
2039
1304
2204
802
2758
2087
1846
2026
2201
1997
1297
2821
2828
801
1303
1325
1289
2831
2231
1107
2162
1278
2126
2756
2206
2198
2099
2212
2271
1274
2027
1257
967
2138
2196
1108
2769
2135
2019
2251
2018
2017
2183
2025
2177
2263
2165
2761
2265
2238
1275
2823
2834
1288
1273
847
2089
1259
2050
2081
2124
2158
2090
2143
2132
2146
2168
2156
2278
2283
2253
2151
2082
2097
2255
2216
2077
2029
2083
2191
2290
983
2076
2046
1258
984
2041
2042
2139
2757
2067
1256
2131
2140
1255
2152
2095
2170
2101
2141
2078
2768
2802
2071
2088
1252
2058
2129
986
2096
2028
2112
2084
2239
2085
2149
2181
2031
2109
2043
2279
2102
2781
2125
2163
2118
2169
2015
2217
2224
2157
2063
2185
2186
2189
2153
2030
2016
2010
2281
2002
2193
2114
2073
2044
2064
2045
2104
2072
2209
2192
2014
2108
2005
2004
2105
2068
2210
2013
2211
2009
2214
2280
2228
2273
2207
2226
2241
2252
2272
2240
2227
2243
2208
2267
2230
2234
2254
2249
2260
2232
2248
2261
2242
