3845
3994
4566
1480
3841
3823
3577
3858
3898
1934
3698
3921
2009
4077
4521
3774
1969
3825
4595
917
3164
4555
1161
3844
2453
3871
3884
4522
1993
4550
3853
4549
3598
4548
2566
860
5112
3868
1158
3831
4556
4179
4580
3579
3578
1011
3985
3913
847
4559
1468
4606
3878
885
1583
1292
4199
4193
1159
911
1043
2410
1431
85
2464
3121
935
2414
5098
1026
1197
5239
4010
3713
4944
3109
1923
1009
639
1012
587
4097
2268
1177
575
634
1040
4079
2363
2446
4182
2369
3008
2451
4225
3957
3904
5199
5088
1140
4080
1474
4185
5362
1956
3394
3640
4749
3339
3134
4670
3694
4684
3726
3624
3026
3252
3786
4003
897
4784
937
1139
4011
857
1992
3962
4567
3255
2007
3693
3842
3765
3172
4667
3136
2169
1226
5092
3689
3630
3961
1163
356
1527
3704
4187
646
1485
2439
4629
4641
3733
1492
2430
3686
2563
1515
4801
222
4924
1037
2028
1098
1039
1347
5107
1483
1452
5171
5143
954
1162
1911
894
849
3112
2062
1210
1980
1044
1983
1178
4543
1286
2454
4131
2941
1125
1228
5127
5205
4997
3836
2481
278
899
706
846
2041
731
1221
2870
2318
833
4840
1600
271
1258
1914
451
1033
3293
368
3301
3253
161
2544
131
1503
2378
2351
3975
3582
3110
305
4000
3777
3696
4569
2531
2569
2693
3201
1344
3139
3258
4853
2539
3912
2875
1505
3574
3290
3963
2543
4794
4613
2548
3138
4049
561
3690
4688
1342
3712
3092
1519
4793
1225
1936
1928
4832
95
3727
1713
946
4505
172
6
2732
730
1187
2765
3414
5060
3356
1149
900
1166
1860
2127
2444
1253
4563
2224
4149
5149
916
563
961
4226
839
4923
5059
1264
5016
3914
1575
4525
2422
5078
3341
2270
4197
4602
3393
898
4050
3890
5086
4925
1289
2120
1010
705
1912
2370
2869
168
3049
1108
1330
3000
4657
2952
2371
418
3709
3997
3691
1041
3001
3607
1118
2471
235
1451
4068
175
4022
3029
394
4018
2452
1487
4052
2945
594
67
3759
159
4808
2973
3086
5237
3875
4648
1318
3600
4611
182
1463
2876
3771
3054
5242
599
4482
1309
3575
1925
3916
4745
2684
1994
1932
3398
3351
1957
1944
4608
3246
1999
2403
4715
2399
2023
1232
1285
2035
932
2496
1013
1975
3288
4711
2020
852
2357
1589
1617
2407
2981
1027
3399
1153
3352
1605
5160
2421
2142
1238
904
5082
4160
4612
1833
1595
2438
1891
3266
4172
3857
436
2735
501
4120
230
3781
5113
3813
1076
3162
3181
2978
284
3710
3760
420
3722
3528
4809
2219
362
1111
4806
503
410
4683
4823
2698
2181
4953
2506
3594
4825
1030
3536
3807
3908
562
3045
4650
4069
2472
4695
3766
4564
1541
68
4627
3852
3806
5011
1288
3021
5154
1896
1908
938
2346
1870
943
2100
1138
23
1415
1032
714
3346
3328
886
5361
2296
3881
651
2087
3623
986
3357
349
157
3978
4554
3350
3773
3555
1520
2696
990
2309
1245
628
1887
5132
2085
3119
4746
1790
1488
2139
3115
2637
1497
2488
1017
1869
905
257
543
3667
1002
692
2816
1259
804
3514
507
2822
4355
2588
4419
3643
2590
782
519
4259
4321
3684
204
682
1557
814
4272
4286
1322
4306
4344
486
2756
3679
4295
4292
2014
2755
2923
1742
4903
5158
4354
4351
2589
2598
1743
3681
478
3389
4353
1717
2749
5162
802
2854
4586
427
3888
3971
273
4188
4721
736
4572
4506
3077
361
1319
1192
3067
2397
4727
3537
2396
4504
4937
3854
4928
5091
1070
5053
4665
3905
4060
2389
4081
3137
3824
4523
5156
3140
867
1180
3576
1047
4821
4692
3932
5321
359
5065
4130
5208
4086
1089
69
5209
2787
2788
4994
3428
2849
2241
268
2707
778
4345
1421
2024
3665
3652
3279
4431
2001
2659
795
929
949
764
2911
1343
2592
1637
4384
4899
4330
4340
3335
1513
4410
4920
5030
228
685
1803
4881
5009
812
238
4900
4965
4407
722
4318
4464
4348
1199
440
672
3406
723
4402
4910
4919
4915
1820
675
4385
4417
1788
1814
295
3268
746
2926
781
4440
1249
4901
4376
5118
783
2599
4323
3099
4450
797
21
4468
1784
2667
785
3093
4446
2950
4378
2307
4884
2596
1781
1880
1454
2280
2777
1428
3501
1624
811
2665
5100
2379
771
808
4912
255
1715
3405
1465
3521
4218
1377
4101
2240
2775
1772
766
570
4491
3144
1716
4500
1799
5348
941
1862
246
1726
441
2620
1313
4932
2848
789
3525
2664
2581
3380
1725
955
1665
5000
4967
798
790
3083
1308
2304
4383
3738
5024
2753
2754
3717
4463
1849
1864
2039
2116
511
2480
2056
277
642
845
1419
711
2005
2073
1220
505
3865
1644
2134
1900
1585
4001
1678
1234
3639
2376
2868
957
1299
1897
2523
2321
1545
4026
3648
2463
1895
3287
1663
1509
1616
2335
3265
4797
490
1186
2381
3818
647
3706
3055
3247
834
3057
2460
694
4873
1865
824
1609
806
818
3995
819
2101
3992
1311
1613
2681
1242
3485
179
813
2070
678
3427
2942
3446
3438
4520
4215
1755
2065
993
1230
2617
4454
4948
679
1073
1385
3502
4217
3637
334
294
1312
4917
691
4913
2244
5351
1237
3474
571
3451
1608
1597
826
2951
2577
4886
5352
2836
5333
2666
3379
863
1453
5250
4934
10
4109
4092
2716
1558
75
2682
4921
2703
5041
5256
1728
2662
3376
4426
3458
3371
541
3463
540
1250
4418
1257
1879
4210
2715
4888
3459
3460
20
2208
19
236
227
3464
232
3650
1883
489
1380
2383
2287
5271
1038
4635
1097
2833
1001
4461
4880
1301
4277
1559
1760
2595
4380
3520
4331
2253
1875
3779
670
2586
1773
2699
5110
462
1190
210
2197
3500
721
774
768
4313
4490
4483
3984
4922
2882
3472
3324
2587
1682
779
777
417
4990
3513
752
853
2320
5266
2708
2880
3682
2297
2322
4636
2602
3768
757
1590
1692
3983
3444
3233
1429
5263
1572
3864
1087
2578
4126
2680
1381
1984
4314
2649
1791
3031
4951
1906
2205
536
2846
724
3991
1306
4448
2188
2784
1736
809
742
763
542
2670
5015
4985
4396
1721
4625
2247
1184
3809
1786
3433
4489
702
5294
2642
4436
1808
2239
2935
5341
3929
2752
2583
4425
4453
718
1730
2562
4274
3426
4359
2510
569
4442
1305
201
4492
3936
5306
4499
1405
2283
663
693
9
3939
3953
432
2582
4874
4916
3334
2847
1639
3944
1749
338
1384
195
4517
5264
1754
1765
5339
4476
4309
4465
3663
2580
4943
3526
196
3529
1670
5249
1826
2367
465
461
3457
1189
429
488
4317
1884
3559
4397
791
5253
3006
1782
3381
3282
5309
2613
132
2722
2887
1819
2288
5236
4451
1734
3780
1863
5025
1680
1117
3277
296
1795
535
2872
2916
1723
3596
1269
266
4654
3874
4622
3232
3228
3042
630
4163
4084
4926
3893
4140
5227
4393
4159
2726
4761
1931
4547
1112
1064
3675
5241
261
1036
4574
122
2143
4680
3601
2998
3395
1006
4839
4154
269
4036
1133
1246
3603
3111
4227
4169
3783
2373
4078
1116
111
5126
1958
216
206
60
4162
4473
1764
1856
1804
4194
4108
1846
5064
4882
1810
1251
4113
243
146
786
4752
5026
1127
1732
3567
3378
2931
4303
1703
2949
4466
2214
800
4974
79
2359
300
2936
198
4320
2673
2975
5144
57
1048
2939
3469
2650
3491
4933
662
655
1659
4513
4339
4942
1815
2058
1004
2294
1260
4138
1365
1351
1078
1823
406
1625
4379
1787
1074
2789
4480
4338
1455
578
4457
2218
755
1273
1700
1200
4322
725
816
3035
4462
191
1387
3480
2714
184
605
2360
2355
4137
3263
5248
1794
1315
1398
4649
4987
1603
4307
242
5278
5325
1695
25
1690
1592
2705
3410
1524
832
756
2333
4294
1430
2826
4528
4747
286
2204
4302
673
1555
4134
805
664
3419
2233
4908
3470
4493
4403
801
4918
2914
884
3671
4949
3299
1420
1859
4869
1835
1464
4386
8
4214
4213
1876
2609
1720
2795
787
2249
3425
1731
1518
2674
218
1088
92
2844
125
807
1326
2933
2243
2894
3198
2091
4268
1460
2330
4421
5340
3604
99
2584
2522
5046
424
792
4883
745
3424
2918
676
5111
5350
2199
3230
3670
1352
4430
393
3942
4073
2195
1675
1224
2274
2054
1404
4507
2151
2115
5148
452
4301
744
4269
2723
112
2342
579
4735
4282
767
4471
205
2597
4999
1379
2123
5265
460
3058
470
4983
2251
588
762
708
1525
5349
3307
4063
3488
2632
4142
2114
5183
1423
780
442
4714
1774
2125
5255
3238
3549
5346
4135
2057
5301
1386
88
4176
1358
4125
4907
3234
523
4296
2358
3326
3484
2391
147
2353
583
2710
854
3676
3342
1560
4114
1874
4347
3222
150
4283
985
3925
3391
1123
1316
2792
3969
2518
3612
1658
4437
3467
4765
52
5170
4367
2944
1279
3269
5186
4717
4144
3264
2910
989
1661
4153
5288
2600
4372
62
4698
4254
2314
1348
3677
86
151
4514
2191
4400
5153
3103
1174
4249
2922
4100
4445
61
602
4255
1083
1526
3608
4293
3476
4452
4728
4373
4289
4284
5039
4868
5010
1685
5254
17
2646
4299
1495
123
2081
1435
4146
4470
3701
4415
2579
5258
1445
740
590
1878
1375
1800
4258
4300
4312
4271
4256
4335
2273
4333
4756
4980
5272
4325
4297
5173
4368
16
3122
4221
2308
2298
2843
3490
3462
401
2238
1556
532
696
5238
2245
2625
3384
3146
788
625
879
5273
1701
2603
2606
5136
3387
4662
4056
3359
423
1602
773
1551
1673
475
1978
4488
4285
4279
4288
4304
4270
3496
4305
4263
1684
4311
531
1683
1304
4511
3442
4494
2616
4803
2063
190
213
4121
4232
1243
428
4174
998
2242
48
1645
5270
1753
4935
743
1674
117
1528
1652
653
140
2947
2786
4246
4458
4395
4538
148
2654
4281
4991
4324
2636
4328
4319
4349
4310
4337
4248
4460
4247
1504
2232
4329
4264
3417
3388
4291
4390
4981
1748
4235
1735
4237
573
2252
1829
141
2431
4914
1696
828
250
674
1056
5259
5070
3084
1100
1436
2832
1364
1477
1422
1850
892
3205
4261
1346
3568
817
4911
3422
3591
215
5251
3018
4253
3421
4342
3418
4236
4257
3420
4147
4262
4341
4239
4946
1848
2250
3423
4290
4276
1688
4061
4959
3079
4298
3522
4955
5246
459
984
1653
2685
1530
1640
1793
1821
4252
572
4696
1084
1498
1543
2828
1677
3918
5214
1987
1953
4964
2987
4989
74
3392
754
2341
2601
4346
4950
4336
4334
4275
4241
1718
1494
2340
5102
3329
3504
1332
2302
3674
2236
4202
2017
4487
2489
3843
1672
616
142
390
1462
4772
3518
2306
4240
4441
539
3653
1523
545
2237
2568
3497
3073
4093
3148
214
2277
4168
4412
4996
681
2845
4103
2021
3002
2305
697
2315
4233
4308
4327
4231
1490
2416
4234
1355
4219
4315
4993
2840
5192
2676
5169
690
4209
4220
3503
1991
2862
2757
3508
4459
3024
1697
373
2217
4433
770
3383
2924
5298
799
2648
233
1121
3473
1694
1276
46
5155
2107
3409
1882
2032
5101
837
803
89
2354
3872
1698
2990
1881
4969
582
4072
3382
4957
4424
5317
1554
1654
2565
2387
4979
93
4966
1622
5172
5297
5001
2328
5083
3668
2248
3152
4472
5168
732
1868
2264
3931
2329
2067
464
421
115
5291
26
106
3236
1550
2000
4497
1336
2409
2163
3817
2202
1095
600
1676
2190
1699
1667
1681
1579
1702
1691
1331
130
1679
3544
4152
76
5295
1650
2206
4316
101
4326
1553
4145
3319
129
5243
4265
4343
155
1124
5099
3132
3010
80
229
4164
2774
1733
2210
2706
3370
1641
4004
2807
704
5247
4117
4189
5054
1611
2334
299
180
1610
1024
843
4954
144
1593
1638
2352
1655
975
4071
2413
1109
4198
2940
5119
3662
2186
769
775
686
1797
3430
1662
4203
2658
1838
1473
3108
869
1142
1623
1630
2898
3184
5196
733
4516
3930
5017
1437
4267
2825
4634
128
3570
585
2657
1080
3262
1472
2896
87
1278
5022
5151
1636
4992
1647
1631
1580
684
1569
3076
2612
181
2638
1651
2265
2323
2783
1549
3545
5275
2841
376
1770
1620
2643
689
2390
1582
388
5135
4230
4485
1686
3274
28
2610
197
2837
4643
2635
431
2823
4897
526
1618
4478
2513
2348
3507
720
5284
683
5283
4960
4633
1581
1657
1587
1599
1646
1566
1576
1586
1666
737
1552
1689
1615
2618
1633
1648
2276
1619
1634
1635
1571
1606
1643
2605
1649
1548
5267
29
1598
668
2347
1656
823
495
2339
127
78
4895
1341
2292
3278
753
703
5345
400
1722
1570
3270
156
3281
5023
2048
1373
1591
1577
1614
1588
1596
1604
1660
1629
1671
1568
1628
1642
1668
1567
1607
1547
850
1601
859
844
820
2279
4947
1621
2278
855
5252
145
5003
2324
2327
830
2344
734
5286
4242
1448
208
881
3372
735
5303
5300
183
185
1626
2336
3479
1471
73
3074
2558
2594
149
2388
116
137
59
77
810
4976
2382
143
53
121
5040
1003
119
794
2272
1413
3435
104
3363
4952
2275
96
2437
54
5307
3373
4229
2793
1412
2661
728
3634
776
5245
1443
2794
4377
3338
4510
5276
5220
2338
443
3434
2281
882
2593
2817
3090
1719
2611
4973
134
2411
2313
2406
135
0
999
2295
192
58
81
4998
997
1578
82
2408
2423
114
1834
2400
2312
225
701
200
5312
226
1444
110
5072
2428
982
836
848
3669
2398
3411
3505
2709
3636
3475
688
5347
3666
3657
2672
5305
2366
5077
4190
5261
2293
1458
2319
2402
2365
72
138
2395
97
1687
2303
139
2392
988
2300
4245
953
194
4971
2201
2834
4251
4278
5163
2231
815
11
133
2301
958
189
3345
1612
2751
4136
4456
4961
2404
3407
3089
584
1842
3654
1531
5190
63
293
107
549
3468
4956
2885
5027
5277
4958
4936
4266
2286
2350
5020
977
4968
4970
56
193
4978
4088
136
2374
5031
2401
2769
2368
2445
2222
5066
5002
4244
2770
102
2356
825
996
5109
4939
1584
1544
2785
3498
3517
2798
3566
55
2895
1836
2215
248
5032
3087
4710
3987
4273
2855
3661
3471
3005
3448
4877
2773
2772
5004
5085
2804
270
4878
5079
5068
2345
2332
2767
3416
2266
2433
2337
2372
5116
5274
5062
4250
963
2877
5106
124
4972
5051
2811
5033
3560
3659
2386
2263
2830
5007
1438
3478
4975
2903
2412
3366
2362
4156
3390
4260
1409
3432
5262
5021
3096
3440
1439
108
5012
2768
5045
3493
4986
5055
5013
3489
5037
5075
4940
2364
4962
2394
5044
3506
3499
3413
3530
2261
4228
3483
2349
4988
2427
5071
5038
2343
3510
1594
4155
5014
5061
3644
2797
3415
4127
2285
2909
4906
1627
883
2782
2712
2290
272
2393
5043
2713
2902
3097
2806
835
5089
5019
5084
5047
2819
5074
2839
5080
5058
2812
2815
5049
2291
3516
4963
2299
2271
5067
729
2901
3412
2771
2326
2881
4945
4175
5052
2325
3672
4124
5093
4112
2776
5028
2311
5081
2821
4243
1565
2835
2838
2842
831
3680
4087
3511
2415
3561
2331
2377
3540
4898
4021
2883
2711
2267
2800
2310
2805
2750
2891
2853
3538
2884
5042
2317
3656
3539
3534
3541
3533
4123
1574
1546
5097
2892
4118
1564
2796
2731
3396
3532
4099
2820
3660
3527
822
727
5036
2259
5029
4879
1573
3535
4091
4085
4890
4089
3564
3512
2729
5057
3565
3651
2432
5069
4082
4122
4083
5131
1562
5121
1563
842
4167
5095
4133
2260
2289
4143
1542
726
856
5005
1470
3524
5050
2971
858
2262
4224
4891
2852
2425
707
5105
3492
5090
4186
5006
71
5035
4132
2435
2851
3482
4889
3487
4905
5073
2269
4096
3678
5103
2893
4896
3531
5034
3649
3562
2814
2802
4930
3515
2813
5140
3486
5184
3397
2448
4938
5134
5129
5122
840
4929
3126
4931
4381
2434
5176
1407
3456
5123
2450
5114
5139
4892
2443
827
5175
5146
719
5115
1406
829
1408
4893
2977
2759
4098
5117
5165
2420
1456
2827
5018
838
1432
1446
3401
2741
5104
5181
5063
5141
5145
1442
5161
1427
4927
1414
5150
5087
5108
5130
5076
5157
5152
710
5133
841
1411
821
5128
5120
1481
5210
5182
5180
2380
4894
4151
2385
5194
1416
5147
5164
5142
2702
3400
5177
3124
2418
5167
2258
3404
5189
2778
5124
2316
118
2781
2417
126
5137
5179
5187
5166
5195
5200
5185
5215
5191
5188
5197
5125
5178
5198
5203
5218
5193
5222
861
1000
5206
712
5211
1410
1489
4183
1450
715
5096
5056
5201
4090
716
2766
3120
70
2476
709
2442
2429
105
5174
5138
5202
4195
717
3113
2384
2520
1461
4074
851
153
5231
5235
3088
4208
4222
5240
5213
3003
1478
5094
5221
3085
3071
5219
5228
2467
3004
3118
2808
2799
3100
5217
91
5207
2879
2503
1475
3080
2906
3477
2426
4141
2424
4171
3007
2255
2761
154
2760
2779
2521
5204
1486
3082
4095
4184
2554
4005
3402
2447
3070
2758
5232
5216
5234
5226
5212
3123
5233
5224
5225
3106
2984
5230
3038
3117
4207
5229
4201
3068
4070
3048
4166
2878
4075
3059
2790
2983
2459
3127
3009
4206
3107
3125
5223
3095
4104
2462
264
251
221
120
2436
4178
3655
2509
3069
403
187
103
2733
751
5316
2764
1536
186
1533
3078
3063
3030
2763
3821
2980
90
2532
3481
239
2530
2502
3452
3455
3461
306
2809
83
4106
2553
14
3102
15
2511
2970
3523
1506
3465
3466
2801
2419
2966
13
100
4150
1532
5293
94
98
994
5282
2505
3403
252
3105
1403
66
3377
5257
1400
952
2449
4119
2541
2516
2501
4094
3449
2519
2474
4157
3443
4173
2497
2762
5281
2780
970
2226
4016
2961
1517
381
2886
960
2230
2624
4105
2861
2791
1303
399
3104
2465
303
64
12
164
2932
163
2529
4455
1302
2515
31
3990
2491
2976
974
1522
4115
4158
416
409
2551
2538
2540
2525
65
2917
4107
2470
4029
2527
158
408
32
419
713
3160
84
2904
2831
1
4116
2897
395
1396
2962
1399
258
890
398
2216
1426
2213
5289
2490
2564
2528
389
2494
2473
3429
2455
3149
889
2730
234
240
2912
3261
177
2874
981
3374
3272
344
2461
2475
2542
2508
2536
2495
1417
2549
1402
302
2486
2535
2524
2533
2257
2546
2537
382
3364
2211
2550
2456
2500
964
2482
2483
2573
2493
301
2492
3
3369
275
231
249
1441
3367
2468
4205
1397
2982
2207
397
4887
3150
2547
1376
347
1425
37
3542
4111
30
2498
2484
2485
2477
2469
2499
2507
2479
2534
2504
2487
2514
2441
2458
2512
2526
2457
2256
2517
2545
2478
2440
2557
422
2466
2555
304
1401
385
1418
412
413
2559
2552
1493
276
1433
1467
1529
265
1484
1512
1476
253
392
297
1535
1521
244
2907
1440
3627
310
414
2575
1510
396
1466
2556
375
343
1424
384
2560
383
2959
1516
3094
207
2908
2576
320
329
354
211
109
1514
380
862
3437
3999
3032
3454
2890
3543
1538
178
3812
378
357
3980
328
254
3646
2228
3101
3065
3344
3047
3273
1395
2818
1469
2810
282
2212
2967
2958
374
364
2963
2965
3635
4024
2561
267
370
2858
2934
3642
355
245
415
2954
2948
342
298
2803
274
2574
2953
942
2968
1511
162
4009
4017
2972
166
365
4006
3098
4008
4128
3062
4148
1393
3368
2570
4139
4110
256
292
1434
237
372
331
2864
1854
247
2960
174
223
2964
405
404
377
219
173
1392
224
2927
309
351
199
2969
2572
3998
212
2937
241
2856
4015
113
4129
2979
386
930
2860
1540
2871
3408
165
259
4020
312
2955
3066
2859
371
471
379
3597
263
387
2974
2900
2899
363
188
167
2857
402
217
2943
170
160
169
407
3614
311
171
360
339
366
2867
279
391
2865
3072
411
262
4030
3979
1449
3061
3027
358
4002
3040
2919
3260
3989
482
1137
4023
369
3017
4161
3114
3441
2889
335
3365
3453
3129
4035
4028
280
4019
474
4031
3200
3986
283
4014
4007
3996
2863
2930
3343
4037
3041
2928
4180
4058
2913
3050
4041
3014
2938
4467
4034
3178
4054
4064
3064
4170
3016
3333
2988
3450
4032
2
4191
3116
4043
3358
4039
1394
4033
3820
925
4012
4196
4076
3075
3973
3323
3325
3318
933
3157
3060
502
348
2888
1349
4025
4192
3039
2700
3043
4181
4027
3179
4062
3056
4177
3204
3805
3977
4212
4211
3052
2921
3447
3028
3015
4013
4040
4042
2991
3011
3546
3044
4055
3808
367
2999
3051
3151
1502
4038
1789
1496
3993
515
525
5296
5244
524
5304
3276
3219
341
3153
1339
1374
5328
3275
3167
3976
3174
3194
3128
4045
2985
3158
3974
3130
4048
3081
2989
4044
3180
4216
3019
2986
3189
3362
3053
3220
2866
3195
3170
1457
425
5338
3213
3816
1361
3185
3312
3145
3361
5292
3330
3143
4046
3810
3645
512
1360
477
4051
5354
548
308
2995
498
1479
909
546
3173
3176
3159
3182
3193
3217
4053
3190
3168
3165
3211
3218
3147
4047
3206
4057
3183
3177
4065
2994
4200
3023
3169
3237
3156
4223
2993
3187
4204
4059
3215
3203
3013
3819
3186
3223
3822
3131
3216
3202
3142
3192
4066
3196
3221
3224
3214
3210
3225
3235
3033
3231
3133
3207
3226
3229
3209
3227
2992
3188
3141
3034
3197
3025
3012
3037
3020
2996
3022
3036
3046
3208
2701
3199
2997
4067
3814
3815
3811
3972
3135
3161
3789
3782
3788
966
3769
3755
3175
3801
944
2607
3166
913
3311
3772
3795
2567
3327
3550
176
517
5357
444
5313
5308
3754
3767
3171
3803
3163
3787
5330
5326
3340
3804
3619
3316
4413
5363
3314
547
516
313
458
4358
291
1362
323
5329
3271
4399
5335
658
3756
353
469
1706
4365
325
5337
3797
289
3353
1372
3799
514
5314
3259
1324
281
1818
1771
2920
4406
3296
3988
2220
2627
3336
5310
3322
5334
3792
3360
3313
5342
3798
3347
332
346
3730
3800
3761
3321
3349
3248
5287
534
3291
337
3298
533
3793
520
3256
3315
3348
3802
5320
530
5353
3790
3354
3742
3337
1539
5322
3778
3551
4357
494
510
1383
4449
3611
537
3752
350
3753
3320
1357
3332
3267
315
316
3284
499
3310
3317
326
3303
3309
322
336
3254
538
324
314
3302
340
3331
504
333
3300
3306
317
327
287
5319
3295
5360
345
3257
318
352
3297
5356
3308
5332
3794
330
3946
288
3954
285
527
307
5324
3736
3967
4447
3305
1371
438
321
528
513
3283
529
5331
1499
3249
496
3294
1390
3745
3947
1369
3154
3702
3763
1382
3243
3935
568
3743
3880
4411
508
319
3938
491
1370
1367
3746
1388
3970
3952
1350
5318
3240
437
4405
1368
472
3716
3626
3251
521
1345
3292
3705
3948
3590
473
3700
3751
3729
3724
3286
3737
3723
3941
3285
3242
3968
3155
3728
2704
3239
3714
3966
3715
3965
3289
1363
3244
3695
3927
3959
3950
3697
3937
3956
3866
445
3791
485
3943
3699
3964
468
3940
3245
1366
492
3873
1323
433
3241
3919
1356
3250
1310
522
1335
3960
1359
3951
3955
3945
3958
3926
3949
3924
3711
3934
463
480
3911
3933
453
448
446
1096
497
1334
483
426
1354
506
1328
1321
449
1105
1353
430
487
509
1841
500
3631
1320
3889
484
1075
1482
493
467
4404
3595
3589
3547
4617
3915
1092
5359
3548
5358
3618
4469
1327
456
481
1023
1329
476
479
434
457
454
455
1338
450
1114
1391
1016
466
1297
1325
1507
1296
4361
866
4360
1501
1293
1130
1081
3602
4398
1337
5344
3883
4557
1134
3552
290
435
3784
3431
1068
3593
3900
3775
3355
5336
1135
3617
1333
1120
1113
4362
3796
641
5
567
566
1295
1110
2571
5285
1102
1534
3587
1132
3586
619
564
1298
1300
4439
3592
3741
5343
5268
1104
3749
1090
1291
637
1340
1067
4364
3692
1389
1129
4588
1500
1119
1491
3910
4477
3740
3923
1091
4474
1294
1317
3744
4429
4416
3553
3785
3757
3928
5311
1284
1537
3588
3633
3750
3776
1767
3758
3770
3725
3907
3609
3629
3903
4370
3840
3610
4369
1094
1290
3625
5260
3887
3554
3563
3922
1061
1126
4690
1775
5280
3569
3764
1378
565
4408
4542
5302
1136
5269
3855
3647
638
3735
3920
1307
5315
3909
1115
1160
3894
607
3641
1086
3605
2734
3719
3762
3721
3748
1103
3731
3901
3917
3718
3739
3732
554
4420
3386
1022
1063
1034
2629
5327
552
1131
1709
1128
627
1830
1052
1060
3385
4363
4481
3839
4432
1831
4434
3906
4428
3708
1019
3720
5323
2725
677
610
3632
1085
3703
1055
1704
4570
1809
865
1837
4551
3879
3899
4600
4571
4620
1122
3838
1021
3902
864
3882
772
4618
629
620
3688
3747
4619
1851
4371
3615
3892
1054
2615
4423
1459
1705
624
912
915
1812
34
3891
3837
615
759
4552
1827
656
3599
1101
4724
4495
550
992
3734
1811
1798
1099
4609
4876
1035
4593
593
4503
577
574
4589
3616
576
597
1839
3707
4626
873
555
3585
4605
870
1852
613
983
2246
27
551
1761
871
618
617
2225
888
623
2221
44
3856
1763
2689
4486
33
2691
891
980
603
2614
3895
596
4592
595
654
1776
758
2619
4366
631
608
644
635
622
643
589
650
614
592
626
636
609
657
612
606
601
632
598
1274
1287
633
580
665
1265
1271
652
910
661
4659
621
1263
4391
3897
560
3557
18
3896
4502
558
557
1762
914
4579
1757
648
2209
948
2697
640
666
1077
40
4479
1059
591
2695
559
586
645
604
649
1255
1283
2694
1282
1266
2692
556
660
1267
1280
1179
667
1261
1020
1281
1268
1270
1256
972
1710
1275
923
1015
1780
43
1028
1277
38
874
907
659
875
2688
1014
940
991
1018
4392
3885
1071
2686
1093
1752
2690
1825
2623
951
1262
962
872
1082
1062
1247
987
2223
959
868
967
1046
1029
1106
1053
908
928
2653
1272
995
1241
965
922
921
1209
47
1069
924
979
887
747
2669
1215
2656
1066
761
2227
1079
2630
1207
1072
1049
2668
971
939
968
1107
669
2634
1750
973
1183
919
947
906
1045
1051
936
976
920
1058
978
956
969
918
1057
2641
2640
1065
581
2628
931
2633
1231
1796
927
35
1751
2652
876
1806
2639
45
1202
2645
1254
1843
2644
1910
1783
1244
1175
934
1176
1801
2198
2660
1768
42
1707
1050
1191
1239
1747
4647
1817
1214
1840
1216
1173
1813
1201
1807
1196
1828
893
1816
1822
1871
1973
1708
1248
1802
1172
945
1213
2683
2647
1240
1738
1909
1746
1156
1223
2196
2200
4674
2013
2585
2687
2655
4678
2604
1219
4705
1745
1777
2066
2663
24
1236
1227
1779
1979
1844
3886
4704
4661
1205
1157
1235
1963
1744
1217
1740
1206
1212
1778
1832
2234
1853
1872
1233
2608
2045
1861
3628
1222
1942
3870
1229
2189
2183
1845
1866
2203
2678
1952
1977
1711
1218
3687
4394
5290
2622
3556
4389
1741
3829
1785
4713
2679
1729
4444
1967
4508
1714
3826
49
4498
2171
1155
1951
1858
1877
1739
902
3835
2022
2042
3869
2090
3877
1824
51
926
3867
3876
1154
2008
2105
1766
3827
1769
3859
3622
1724
1208
1997
1146
877
2003
878
1042
2170
2077
4558
4651
1857
3849
1965
4578
4518
2121
3847
2621
2745
760
3834
4722
3581
2235
2078
2178
3863
3851
4565
3862
3850
3830
3861
3860
2626
2015
1171
1941
2095
3685
1873
1924
2138
1954
4637
2053
2631
2034
1904
2182
2192
1933
1185
4546
1169
4553
3846
1008
2029
1150
50
1805
22
1990
4594
2059
2149
1182
1165
2079
2129
2055
2177
4515
2002
4387
2175
2075
4726
1203
1152
1170
7
1195
3833
2080
3832
4691
903
1147
1204
1031
2076
4686
1855
1151
2154
2179
2180
4610
4544
4509
1211
700
1167
1198
1025
2160
1193
4519
2016
3584
1194
2069
2004
1893
901
4693
2187
748
2165
2194
2144
1892
4699
2156
1996
1168
3848
2096
2047
1989
1188
1007
2072
1901
1905
1148
1943
1759
41
750
2026
1792
699
2155
2068
1959
1181
1981
1903
1913
2675
2074
2145
2060
1712
1899
2092
2049
2061
2106
1950
2126
1935
2018
2717
4700
4909
2102
1947
1885
1902
2153
1758
1988
2088
4
698
2052
1898
2174
2184
2006
2173
1974
2064
2036
2051
2012
2046
2128
2185
2019
2050
2011
2044
2025
2038
2040
2146
2030
2109
2027
1998
2033
2083
2150
2010
2117
1894
880
2158
1968
1985
2152
749
2097
1164
2093
2043
2103
1986
1888
2193
1945
2037
1145
3606
2133
2031
1971
39
2161
2167
2082
1915
2098
2140
1961
1907
1995
2086
1937
2084
2135
1955
1886
1976
1966
2099
1917
1960
2108
2104
1927
1948
1922
2176
2164
2166
36
1972
1962
1938
1889
1940
2111
1890
2112
2122
895
1982
2118
1920
2137
2110
2172
1926
1141
2094
950
1916
1919
1143
1929
1939
1949
2168
2136
1144
1921
2157
2124
2141
2148
2147
2130
2119
2131
2113
2132
1930
1970
2162
1946
1918
2159
896
4656
3828
3558
4645
4672
4669
4642
4760
3583
4720
4630
4545
4666
4409
4640
4701
3638
4671
4751
2739
4694
4561
4731
4533
3613
4512
4652
4875
4902
4706
4414
2747
4870
4388
3571
4628
4687
4682
4679
4675
4560
4582
4573
4644
4660
4653
4709
4655
4677
4638
2727
4664
4673
4697
4685
4663
4530
4535
4708
4811
4744
4707
4581
4658
3580
4603
4639
4780
4646
4534
4702
4631
4703
4501
4743
4753
4773
4681
4741
4668
4583
4740
4904
4562
4536
4850
4532
2736
4597
4689
4614
4529
4601
4584
4732
4607
4632
4596
4576
4604
4615
4623
4742
4587
4621
4568
4575
4577
4585
4598
4763
4599
4591
4526
4616
4524
4624
4590
4527
4723
4443
4762
4779
4782
4796
4737
4438
4541
4783
4750
4712
4778
4768
4531
4786
4738
4791
4739
4777
4766
4790
4767
4781
4795
4718
4716
4730
4719
3621
4798
4799
4537
4736
4805
4748
4774
4539
4725
4769
4757
4775
4733
4540
2728
4754
4804
4729
2721
4759
4865
2748
3573
4789
4867
4734
4382
4844
4792
4856
2719
2738
4788
4755
4776
2718
4770
4831
4846
4872
4826
4852
4771
2720
4800
4785
4810
4817
4807
4830
4822
4758
4818
4813
4816
4836
4871
4802
4812
2740
4833
2746
2742
4837
2744
4858
4861
2743
4787
4842
4862
4829
4854
4764
3572
4828
4843
4820
4814
4815
4819
4824
4847
4849
4827
4835
4860
4851
4855
2737
4866
4838
4845
4841
4857
4834
4848
4864
