4423
1023
3683
4504
4437
1488
1247
4494
2054
1024
3442
3747
4495
3685
4406
266
3444
1197
3482
4447
3100
289
389
2039
2474
4769
423
328
1240
2468
3665
335
2469
1497
1452
3637
4099
3488
907
4472
1955
3582
1025
1049
3704
2480
1875
1920
1170
339
4490
5059
263
397
354
571
3766
2041
3756
1362
947
1042
3575
448
3555
1444
1148
3660
259
1473
1027
943
3073
2436
3054
4953
3803
3570
3556
260
2399
517
2461
2466
487
3461
1370
1047
3609
3873
2968
5044
3619
3491
3722
1458
4529
3600
3007
3061
3830
321
4387
1149
2878
1982
1927
1963
1971
1587
1880
4492
1886
4510
1755
1186
1188
945
1302
4445
1200
1351
4396
4460
3473
2962
4919
1944
3493
4031
1502
325
1484
1056
1165
2879
333
3748
908
965
1187
1215
2575
3483
2948
4746
1209
3755
1899
3326
570
2471
1303
3794
3584
4085
2905
3554
3874
1431
3070
470
3764
2467
1046
4745
382
5014
2750
3834
4046
2965
4489
1066
274
3308
4855
2327
3598
3861
3842
2297
2184
4503
3745
2406
3860
2401
3440
3569
2942
4079
2046
3577
404
3590
5056
2949
3734
1286
4552
3585
4063
4874
878
2594
4499
1212
935
1309
4402
4485
500
948
2618
1274
3706
1373
572
4484
2628
258
1065
1593
1033
1022
2437
4491
5040
3167
3705
4438
2085
3459
4473
4390
2178
1067
5
967
1074
1890
4948
2641
5177
268
942
1470
3857
1308
4418
422
1903
4555
1881
5029
1744
4862
2902
2851
2967
3777
1523
4992
2961
2305
3098
3272
1163
3474
3783
2194
2315
4973
1385
255
3835
2907
1510
169
2824
1961
3611
3814
3986
2946
1192
227
4931
2906
3644
2289
3064
2899
406
614
3333
488
1199
624
2192
1436
4037
1531
4899
2869
2081
3477
4536
1213
2050
4602
2441
4157
1919
3520
2390
424
2615
1839
1937
3594
1912
4431
4622
2010
1435
3471
1026
5034
952
3505
3504
4403
2030
2075
3162
1464
4452
3506
4496
2527
4531
4056
1449
931
3439
2639
3547
1739
4598
2463
2464
4521
457
1733
2016
2900
3895
3898
2371
1366
3911
311
3796
2882
4082
4100
4970
4044
4072
4042
3925
3926
4034
192
3319
1375
3840
2877
1228
3574
2422
2318
4023
5030
1536
4918
478
3786
2331
2334
360
3469
182
2281
254
3767
3481
2674
3668
329
3557
4033
1281
4013
2679
3792
604
1991
3709
1060
2051
2917
2455
3692
1310
1463
425
1969
1237
4450
2835
1975
409
1503
3768
4508
4313
416
446
1196
38
4488
1326
4428
3248
1445
1280
3523
2578
2414
3441
1189
2111
633
4469
4430
234
3687
4523
4465
2475
3719
1222
5061
2446
1368
2074
3793
4684
4878
3182
3738
4923
2293
3185
5052
5178
4913
2660
3634
4098
319
4867
506
3450
654
183
3980
3622
3968
2335
3189
3145
403
3164
4761
3457
2690
2082
4095
3887
1205
1325
4615
2828
941
3772
103
168
2288
4904
1399
1334
2072
3591
3078
1526
2405
1848
1138
1176
1157
1885
4620
2864
1906
1892
2011
1869
2601
1099
4507
2008
4468
4398
1845
2785
4633
4432
2891
546
287
1235
2000
223
1329
15
4821
1840
2119
1082
3935
1908
525
3930
4637
2803
233
2002
1201
1079
620
594
4635
1965
1999
3498
3749
2453
4001
3815
3621
1003
1408
1422
3892
2430
3894
4940
2392
715
3535
2415
3769
3628
3920
711
3041
1432
4681
956
583
2659
3823
1942
2890
561
1566
496
3495
2479
2787
1441
2089
3915
3260
3475
3544
4102
3118
2973
3822
3431
3754
1513
4819
2625
4748
522
65
4617
1285
2996
476
558
1388
569
4549
111
1911
4203
944
3438
4548
989
438
3701
407
932
143
202
1008
2114
3249
2279
1528
1359
1371
1377
2938
2477
3163
4454
4407
433
1508
322
3233
4516
4416
286
926
1030
157
1854
271
1427
933
2326
2103
959
3984
4097
2979
4747
4984
3069
3494
3051
4962
2019
2896
5033
1217
1252
3478
4483
4534
5039
5114
2947
3961
5025
3460
514
5067
3425
1967
2077
230
5003
1980
3676
4937
3958
3516
4921
953
4168
580
2015
3011
928
3417
3948
3479
4078
2704
1198
4145
5002
4464
1684
1666
4212
3323
4196
4171
692
4963
212
5146
1618
3335
3322
4153
4880
2821
104
1793
4561
2764
830
1905
3696
2813
4956
3300
4137
208
5078
1562
4143
4310
4030
4311
1561
206
2443
2250
4111
4197
4964
5149
1591
2599
4235
812
4236
4280
205
1682
1721
4734
4726
4112
1679
4167
4566
720
2153
2737
1573
1647
1648
4180
1563
3299
5127
4318
3357
238
2358
4733
4360
4359
4176
1644
4434
75
4108
4306
2155
2154
820
814
74
4317
246
1678
1677
4410
3059
1613
4271
4272
4172
138
4179
4342
587
4217
1582
4743
2778
716
4556
4651
1162
2191
611
2412
4551
2754
2767
2322
603
2389
3155
1696
161
4671
83
2745
3154
1117
4425
44
504
1853
849
661
3153
2365
347
361
3832
398
879
4399
919
23
3903
432
1469
4912
4486
3541
336
3820
2634
1234
2120
1167
4645
5155
4823
1559
4182
4231
4192
3900
4990
3871
4792
1676
3225
3215
307
4435
4229
4283
4118
4822
4230
4571
5140
94
4107
3360
2268
1775
4366
4198
3879
3298
4864
4614
1791
3408
3211
2206
428
2152
4343
4158
88
4175
802
2598
4216
125
1776
3283
3217
59
4285
4336
1575
4839
1702
27
2833
1681
3266
2301
96
825
209
4727
4228
1461
2482
3455
455
3312
2489
4381
3291
2635
3951
4349
833
218
3210
1604
2484
1540
4816
378
1670
1824
4739
3407
4325
3221
1667
4361
744
427
2168
2164
1669
4838
2022
4729
722
4224
2523
4728
4225
1606
3405
2170
130
2156
4735
247
1328
2655
485
4905
3313
762
1112
2174
4163
3302
4796
1632
1637
2738
4257
4249
2768
4805
1815
1818
2163
1541
3265
4736
2165
1615
1766
3372
1835
1549
3303
4742
3282
2541
4240
3290
129
224
3350
4190
4170
4174
4219
5089
1610
1565
1579
2139
3875
693
4109
2140
4025
116
3965
2782
4193
2235
3869
2811
1788
4148
4817
793
1713
4221
2844
301
3848
1014
264
127
1208
2709
3361
4811
1519
2026
1581
4255
1640
3345
4960
3152
2145
1668
2224
1868
1578
3200
4268
2219
3379
1734
4782
4780
1778
4565
5072
4346
1404
4324
3304
10
2505
688
1794
741
3311
1675
4337
56
2501
2675
5092
2431
586
4333
4019
5141
2488
3305
729
4848
3546
4573
2670
1629
4373
4222
4186
379
1446
4273
3476
251
4029
2198
4105
4775
728
4778
1622
742
2481
5154
4223
2531
4985
2291
992
1642
1646
1605
1621
2956
1609
1315
1594
4803
824
2614
4347
4258
1571
2562
2574
3533
2444
1515
2213
650
4252
743
2133
4374
4288
1612
1838
807
764
2166
473
1699
469
1641
4177
2283
753
808
58
3205
1418
973
2267
2958
3608
3168
3807
3490
1440
3760
4501
1460
2895
2259
3133
4458
1287
1151
3983
3128
2242
4800
445
3733
3561
3171
2898
4084
3636
1928
3072
520
1947
4837
4467
1913
1264
2060
3808
2757
1950
2959
5042
1288
2652
3785
2368
2264
3560
5153
1193
1332
4187
897
1580
768
4785
1638
755
4195
6
1608
1614
1265
1643
4299
1639
2212
1333
4138
4806
2162
4833
1542
864
73
1611
4199
4110
763
2855
2167
577
3148
4106
119
5051
5135
3864
4281
194
62
3867
4335
1493
43
1924
5171
800
2495
1616
3165
133
1651
2257
4128
1557
144
4802
2903
4731
3315
4744
213
215
4578
3543
4123
3648
1645
1450
4798
4572
1556
4770
827
2121
3888
1448
4714
1400
4294
3542
3410
2186
2187
1732
2842
2348
3434
4127
1415
3858
1807
2490
1707
134
2736
2161
5165
4375
4519
1935
4284
4355
740
2172
4194
3314
816
3321
4535
1453
2211
2064
4147
4443
861
1550
2486
1256
2222
4226
3844
3435
1685
4218
4629
200
922
4858
1862
4120
5066
2197
3355
1834
4326
4350
846
2023
1551
788
4766
1434
5031
2171
2053
2419
5050
4730
4178
1884
4332
1910
4227
1652
4767
4345
4132
4185
4131
4241
1249
836
4699
2248
2173
1786
4184
3369
5160
4122
1529
4594
3868
4189
975
870
4772
1635
3140
243
2209
2583
2314
1077
4807
2987
726
4058
2519
2952
3267
4126
1586
97
5133
2552
1011
3997
2553
1837
2689
5125
3259
4149
5069
4121
4191
4136
3310
4183
4165
4150
3901
4160
2517
3262
3981
1009
1783
3264
1489
754
2452
2789
1569
4797
4351
3115
2311
21
4961
839
1413
4220
5136
364
1144
2636
1140
2507
3243
5158
635
2476
4959
269
2590
4159
3882
568
5047
4322
4710
2960
3263
5018
3208
2804
2993
1636
4298
2217
3201
4641
4369
4135
278
136
2285
4065
1525
4804
3809
3966
245
1777
2637
1243
4200
2570
4330
3060
796
4773
1710
2802
3289
1090
1588
2943
4522
1572
745
1649
806
4140
1347
4242
3151
2994
4530
2677
3157
411
3142
1725
803
4125
3194
4144
4329
4266
2299
549
2028
4380
5170
3029
837
1589
4032
244
3572
961
1546
3286
2227
4562
4054
2972
656
2779
3161
1344
2266
1260
821
1598
1159
3352
4059
451
1262
2647
4146
2292
106
85
5004
2276
4978
1799
1289
3234
5143
2688
2514
140
142
4765
1704
139
2986
5145
1403
1940
16
1230
4934
128
1142
3548
5081
1931
4613
4869
739
2776
2922
1516
4711
3712
1836
2839
640
573
2710
368
2254
90
342
3878
2138
4276
3354
4583
123
117
2667
3063
5142
4352
3316
2643
2619
1960
2719
110
2755
4376
4139
1797
3364
2252
1599
2654
1817
850
2516
4356
5164
1322
971
3297
3296
98
810
2976
3519
4813
2995
4559
770
9
2780
2729
430
3580
4587
267
4512
2066
2451
1810
2240
612
4291
1182
4693
1355
4142
4829
4169
4377
3279
1118
4379
3223
1547
2202
3979
4274
1558
374
805
3183
3199
2420
219
3236
4755
2427
131
4328
2027
2728
17
734
4340
3390
831
2201
3643
1442
1804
567
3039
2573
3411
795
2885
4188
4004
1290
786
2825
982
4781
2135
1749
3409
767
3829
1416
3028
2253
2230
1765
3400
1417
1291
576
2237
2277
4719
804
809
2413
3209
2950
1335
54
2564
1521
2706
2522
3353
1397
3284
4181
2893
1688
3365
1650
2223
1098
1120
851
207
3126
40
2021
1718
605
733
4952
4569
87
5119
5161
875
4130
4173
2508
3974
4706
3604
3422
2547
381
3791
84
4581
2269
2577
141
854
3398
3378
3188
3130
1433
2529
5104
120
2974
3885
318
1792
686
1715
4314
3052
4812
3402
774
3359
2769
5131
834
3371
5152
3746
4250
53
1706
4753
4411
2518
1789
5147
3987
5062
2199
5074
4134
419
835
4048
737
2465
3373
2296
2200
4793
2246
3388
1143
2333
196
3467
735
2966
5123
4461
2610
3254
946
2169
4092
2251
4201
2265
4371
4024
4832
4902
970
4740
1402
2977
823
718
706
147
317
1374
2499
2992
2282
1239
3002
3343
4152
3669
3790
1741
1567
2491
5144
4251
2744
813
3942
4669
4502
1634
852
2287
1577
4424
4262
819
2707
3698
3905
988
4786
2894
20
4141
3671
4331
4055
3443
3946
5058
2185
1754
45
3744
4045
3
1727
841
4113
2941
736
199
681
3327
3897
1782
3375
3985
2006
1750
2568
2542
717
112
4870
826
822
2205
193
853
791
855
4104
1545
181
2218
1607
4846
2160
2509
4156
5073
148
4595
738
707
3370
4321
817
2656
2558
1787
3356
2611
3222
1343
674
1757
5132
2432
1808
474
2820
4308
3027
3192
1771
3536
1585
1697
4286
2545
3227
2247
3043
210
3258
781
797
801
185
858
799
1597
108
2278
4843
2511
1568
2141
3531
1731
0
983
145
1296
784
4215
3377
785
2681
3338
1769
4844
595
4344
794
1812
589
2226
2258
3197
4857
1831
3362
787
2144
2591
3893
4254
2132
2530
4709
2500
2732
4323
4114
26
790
4213
775
798
4017
2204
1543
782
3368
3383
783
828
1822
724
4795
1708
3374
3278
4133
1821
844
815
3385
257
4820
1833
113
76
3891
2255
2497
4579
186
3681
4847
3022
3773
4353
1663
2849
2827
636
4580
3042
2608
3160
1548
51
4815
3349
1832
829
3158
1631
3295
1454
2229
1603
838
3292
3403
4161
1602
4576
719
4101
4890
2565
1411
1576
1825
2271
1004
1795
2143
847
4754
1830
4166
1790
4845
1490
4712
608
204
2724
2666
2774
3515
2142
1592
2970
1653
5129
2584
3510
725
1806
4701
2233
2904
78
1544
2239
1626
1773
2234
2274
4938
1439
4759
126
3293
146
1437
999
2221
3376
2231
2306
984
1633
1010
2795
4851
773
1662
4771
114
1630
1701
180
1005
778
4809
818
4756
5122
3348
1711
3196
690
862
2576
4116
1689
3255
201
4278
222
1564
3977
3394
996
2295
3341
57
86
122
995
121
1447
2175
151
105
4117
3294
3392
987
265
899
3363
4129
4790
2150
2303
4787
1539
2225
226
2244
972
662
845
1006
1485
1570
4009
3124
2487
1623
2294
779
3680
2323
1624
2648
832
3601
2697
5139
3253
3177
3231
1002
2286
2290
2151
52
55
2298
2275
135
77
2249
184
13
1016
979
100
4794
79
4783
981
2134
2261
35
4036
4047
2238
985
2796
2208
3404
840
2284
2241
1300
4162
994
4320
293
4282
2262
4834
1001
1527
176
5085
3813
3238
1774
792
1811
874
895
896
132
137
1007
198
2147
894
11
34
2300
18
12
37
2146
2148
2263
1013
124
2256
2316
2149
41
900
898
150
1000
2309
19
101
2260
1015
2307
118
997
993
980
2273
1012
14
3525
1421
152
4830
4872
867
1584
780
1583
4842
1735
2131
149
1574
4791
991
4879
789
2220
2698
2245
4825
860
2272
848
2630
2665
2215
1814
978
3538
1740
4703
1601
177
2777
1722
3530
4925
4026
2188
2649
4784
2644
909
3127
72
4856
2216
2228
1785
2790
5100
4799
776
630
3367
4263
3117
2319
359
2928
1595
2771
2786
2381
4810
4824
2626
4053
2809
95
3204
2339
2353
2664
4885
2808
2814
80
2605
1716
2739
2661
4005
4788
5094
1728
3880
3524
4270
1401
5130
4936
769
3433
3994
2727
4704
2884
2765
3856
2580
3256
2462
3380
4708
2512
4705
4901
2740
4908
1226
2784
2646
2807
4910
3537
2721
4886
4853
60
4835
2620
977
2731
2606
3995
3500
2694
2717
2270
3529
976
4060
3336
4041
3514
4071
3545
61
3428
843
4717
4248
2678
89
1476
4051
2800
2597
2939
658
4896
4269
2988
3384
2663
1802
3412
3195
70
3030
3198
4873
4861
2773
4876
2713
4725
3429
2714
2669
2741
2691
2607
2604
3517
2672
3522
2671
3526
2602
2650
3501
3507
4893
2668
2703
2622
4715
115
4828
2645
3539
2624
2799
2320
2715
2726
2696
4883
4947
3381
2720
2853
3503
4007
2708
3430
3508
3978
2788
857
3401
2725
2733
2701
3426
2718
2685
2684
2735
2711
2621
3427
2680
2730
2600
3532
2734
4721
2692
2723
3432
2716
3528
4723
3534
4724
4868
2603
2686
2722
2794
2693
4722
4860
2712
4720
3509
2702
2673
2695
2781
4914
2682
4716
4915
969
2705
2627
2687
109
4907
3502
2816
4917
4738
2766
3521
3513
3512
2837
2631
2841
2629
3527
2840
3458
3492
4897
102
4863
3472
4713
3674
2743
3496
2845
4889
3480
2325
2632
3454
2344
71
4891
2834
2801
2915
2304
2836
2829
3518
4070
4752
2923
2310
5106
91
4068
4763
3558
2683
3281
4875
4911
4892
4871
4888
2653
4865
2822
2742
2852
4016
2798
178
4850
2651
3347
2815
4895
239
4062
2748
3972
3366
4826
2747
4900
1451
963
4841
2329
158
4674
5080
3393
253
1628
4849
1295
4207
1596
3174
4884
4202
4906
3277
2832
924
3280
3224
4779
3399
2971
4866
3387
4854
3346
3358
4859
2751
2817
2792
3382
3391
3397
4124
4882
3396
4836
3487
3395
4840
3866
4922
4827
5174
2984
4758
2818
2775
4789
2826
5148
4924
2791
2846
3988
217
2954
4015
3143
2699
2700
2793
2280
5112
190
4076
2980
2181
4995
4954
863
3276
2806
2797
2749
4916
2752
3344
2805
225
2823
4074
2772
220
3275
2312
2746
3970
4831
4115
2843
216
2783
4881
842
2236
3389
1428
3922
2830
3993
179
3156
3836
4039
237
4003
4920
249
3269
2753
3232
261
957
5124
3274
5037
3004
4777
4774
3453
3132
1420
2593
4903
250
3989
262
240
2302
2810
242
187
69
2819
203
4067
2182
3971
2812
4971
4760
235
3271
2831
4930
163
3960
2850
5118
4265
3339
4077
5157
5038
4814
1443
3146
3150
232
5128
2933
3825
936
4999
3679
4949
2324
214
732
871
3287
2657
1414
3268
248
4950
195
4762
2308
229
2183
2337
241
2838
236
4751
4898
2854
4066
99
3334
3203
4014
197
2180
2321
191
873
166
872
859
713
4002
4818
4929
710
4334
4909
866
327
330
4155
4972
3337
4943
5024
4928
189
5019
3235
3996
4957
2328
4093
4939
3288
3964
2336
3963
5005
82
2330
68
709
2317
67
2350
2343
93
2355
2332
865
731
81
3121
2373
3957
2359
66
2363
92
4035
1407
211
3123
4967
2313
4096
1412
4894
155
2367
4951
3242
3229
2377
5008
3122
4801
188
4006
3967
4955
4061
4974
2364
2370
2179
2243
1425
2361
2342
4958
2195
869
868
2341
1537
5011
5012
4998
2362
3730
2990
2982
4757
3982
3245
4979
3230
4020
172
3973
4965
1409
1553
4267
2369
3144
1538
2379
730
5022
2354
3240
3181
3950
173
64
3962
4986
3759
5000
2352
3147
2991
4944
2404
712
2340
2189
1560
4022
2400
4942
2385
4980
2232
2376
4991
856
2763
4981
4927
4275
153
2190
2356
2378
5010
3125
3828
4069
2196
3959
4976
2388
1430
4989
3207
4994
2203
4982
5013
3141
3246
2397
3193
3138
4945
1410
1456
2758
5138
5101
4764
5084
5001
4969
2881
4977
4975
4946
4932
5020
5015
4749
4997
2658
4941
2386
5007
5006
4968
1405
5032
2426
2985
4988
4996
4993
4933
2351
5017
4987
5016
4966
2360
4750
4926
5023
4935
5028
5009
2382
2349
5021
2214
1406
2880
2876
5027
714
3889
5035
2410
1466
1426
5026
5043
708
2372
2387
154
2394
2345
3129
3953
3173
3169
2402
2957
252
1472
3273
228
2374
5159
3206
2177
2433
5111
2762
345
3020
2937
3159
4080
3202
1507
3237
2408
3139
2418
63
4247
3839
2761
2391
2423
2357
1509
966
3833
4073
3862
4049
5120
2926
2346
2383
5057
2347
2380
2760
3956
2398
2393
3191
2407
3175
3596
3795
175
3187
3184
3758
3131
4038
2983
5053
402
3837
1482
2595
3239
3178
1487
4057
2981
3216
4119
4064
5137
3817
3035
1479
2848
417
3219
3003
5046
5175
3226
5060
3841
3607
5179
1512
1471
3179
3190
3119
3241
3579
3824
3218
5167
4206
3812
3838
3172
3176
3120
3800
2409
3757
4768
3186
3566
3135
3799
3244
3782
3776
5107
5163
3250
3023
3798
3251
4776
2421
3037
3805
3624
4050
3818
4008
2375
3270
3559
3214
4043
1394
2403
1395
1498
3876
2366
3788
4253
3816
3565
3821
3826
2424
3843
4151
5099
3819
5168
3831
5181
4209
2395
5162
3170
5088
5090
2416
3801
3802
3406
3137
3797
3180
4409
5091
3700
3631
2396
2449
3252
5086
2438
294
4260
3781
3220
415
5041
3040
3034
3827
3872
3562
4277
3810
4011
3136
3578
3789
5156
5070
3811
5176
5115
3564
5150
4205
3247
5102
3699
5095
4208
4204
3726
5110
5109
4408
3865
3257
3779
3890
3750
4214
5113
3306
3976
5172
3212
3134
5103
3853
3702
2417
3787
3941
4287
3990
5116
3031
4028
3806
4000
2384
5096
5169
174
3213
4089
5054
5117
4012
3969
5180
3992
3991
3850
3908
3330
3751
4290
3859
3863
5126
3324
3317
3975
5098
3896
3849
4302
3332
3606
5082
5134
3999
3716
3763
5077
4482
5055
3778
3877
3804
3677
5097
5105
3018
4018
4088
3026
3718
4442
3717
4027
3053
3918
3563
4808
171
2963
4010
3331
3852
3855
3904
3870
3854
3318
3851
3998
4021
5121
3921
4259
3919
3047
3024
3045
3771
3642
3914
3033
4292
3285
3954
3881
3568
3612
3884
4455
5048
3657
3048
4244
3001
3949
2964
2756
2945
3663
3046
3567
4296
3661
3955
1396
2872
3923
3038
3675
2857
3902
3907
3912
3307
4297
3055
3065
3625
3909
4052
3924
3017
3654
2931
2999
3673
3916
3595
3635
3917
3088
2978
3000
3415
3928
3320
3913
3883
5045
2920
3325
3899
3649
2875
3666
3934
2759
3656
2975
3058
2871
4075
3036
3587
3032
3658
2929
3068
3613
3261
3647
3906
3025
3638
3650
3629
3645
3620
3886
3016
3057
3662
3044
3655
3096
3090
2955
3062
3019
2997
3075
3079
2934
3087
3082
3615
3641
2936
3089
3015
3664
3080
5076
2998
3605
3576
5036
2925
5065
3667
2927
3094
3414
2935
3066
3012
3910
3013
3056
2908
3413
2865
2912
3659
2944
3653
2951
3652
2870
3670
2940
3067
2916
3651
3077
2914
2953
3845
2921
2873
3627
3113
3640
3672
3014
2930
4081
3617
3646
4083
5063
2592
3639
2874
3947
3049
2892
2883
2901
3086
3583
3486
3463
3847
3111
3630
3091
5049
3084
3626
2858
3108
3109
3633
3464
3452
3416
3470
2860
3081
4090
2859
2910
3618
3050
3071
2913
4086
2969
2924
3116
2909
3076
2919
2856
5068
3114
2867
3945
2918
3931
3112
2911
3009
3083
2868
2861
3937
3623
3597
256
3085
3943
4256
3095
3092
3938
3632
3093
3110
3944
3465
3614
3592
2887
3104
2886
3010
3099
2863
2889
3105
2897
3101
3107
4094
3106
3097
2862
2888
3008
3102
3074
3927
3103
3006
3940
3933
3610
167
3603
3929
3936
3932
3593
3581
3846
3589
3588
3418
156
165
4091
375
3678
3939
3485
3419
162
4433
5075
412
3421
3770
4087
4279
3511
537
3762
3484
3784
4289
3731
3697
356
5071
164
5083
4316
221
876
4245
4303
4444
3741
4246
2847
160
297
338
4293
159
2439
331
3451
1494
418
4295
2472
1398
1506
1533
3602
346
300
4243
5087
4341
3553
2450
721
1475
951
3309
3499
1459
4367
3742
3616
353
4364
3599
3420
4358
1392
2434
1768
1530
1478
1504
414
1429
3449
2338
270
2440
3447
1465
298
2442
2435
3761
1486
399
1468
4365
2425
2447
337
1492
2470
532
3775
1480
413
386
3780
3774
1520
366
4237
369
295
299
4339
2460
4509
393
273
296
4440
351
4362
1481
1393
4239
2456
1
2478
3466
2411
277
3736
1499
4319
385
315
3448
272
4354
4451
2429
3765
1419
4382
1391
371
1514
1477
391
306
2458
349
2536
3462
4538
377
540
3715
771
3573
4506
2459
616
4426
4233
3423
2193
373
395
314
3735
355
410
292
357
340
390
275
334
394
387
302
3725
4368
343
365
276
3446
2448
4436
326
3752
376
170
437
392
4315
388
400
4378
4372
3586
4550
531
458
380
746
4232
367
462
574
3497
1511
3737
1474
4570
323
348
408
401
383
363
341
396
358
344
350
362
405
384
352
370
290
3724
313
4462
3693
291
2445
4415
3711
528
3743
4363
303
4309
312
4357
4414
3694
3695
2457
308
310
4348
324
1369
1500
1376
519
3723
481
459
280
463
1387
1372
288
4427
1383
4463
1382
436
320
3710
518
279
4498
1284
2473
515
309
1378
1282
285
1380
3552
534
435
543
4413
284
529
3753
541
3728
536
304
1381
3551
4405
332
530
472
4619
700
526
1496
777
1462
4304
1522
1390
1505
556
727
4370
3571
4520
538
535
511
533
516
523
539
527
524
281
499
282
483
1524
501
1283
1379
1357
283
542
439
1361
513
316
4238
1367
440
1346
495
505
1350
489
1363
3740
3739
497
765
479
1358
1467
3489
434
3727
1111
1384
2557
1738
494
2525
1364
1423
1360
508
507
490
491
510
2494
475
484
1127
758
1455
1365
3424
1386
441
492
512
477
1691
1552
723
1323
1535
3703
697
1438
1352
1726
1266
4312
699
4560
1700
1534
1717
521
756
1501
695
3690
588
502
757
1517
2569
2454
4514
1305
453
698
503
450
452
498
442
443
1457
464
471
3720
1297
3729
461
1340
747
1307
1337
1656
1657
3691
1491
1270
2498
3689
444
4513
597
923
1341
1658
1712
4404
426
4553
1660
4526
1389
651
420
564
591
760
1661
685
4305
4547
1244
623
1306
575
1781
482
509
3721
1301
3688
3708
3714
3732
1336
1345
3707
1318
665
1339
4542
4474
566
4456
1349
1330
4417
1298
1312
4457
1483
1354
493
4475
679
465
4441
1125
1655
1532
1314
682
563
4234
1495
1764
2510
1202
691
2582
2555
696
772
486
1311
1304
1126
629
1353
1331
1356
1342
1316
1327
1338
1348
562
1324
1319
676
2521
559
585
1317
1321
4517
4500
748
684
680
590
647
1299
565
2588
607
596
557
4307
921
429
4554
648
4338
641
1694
1813
454
2513
664
1250
593
4419
449
3550
1664
2563
4582
1220
689
652
668
584
683
671
655
649
657
2566
673
1654
687
2561
4300
3713
2554
677
2585
4453
1690
643
581
1770
1518
1255
467
456
701
4420
1659
678
606
1095
560
1784
8
4546
1268
1261
466
2567
4448
672
305
766
998
552
666
551
2579
670
669
660
663
667
2571
1293
644
639
579
2586
1698
1780
628
578
645
675
653
2
1763
1748
637
601
1253
2559
634
1248
550
1275
2587
1809
4446
545
1267
646
1269
621
1100
638
1743
2589
659
447
1050
1272
554
468
918
1816
1798
480
632
642
619
598
1251
555
631
615
1242
1279
627
1062
1273
610
1292
592
1104
2581
2572
1036
553
600
1278
1137
2548
1246
1254
544
1032
1241
1210
1236
1133
1034
1277
1061
548
1166
1257
613
877
1883
1271
887
1259
1132
1160
1179
1029
4515
4466
547
599
622
617
625
618
626
602
609
1216
1245
1204
1191
1276
1180
1031
1048
1263
1058
1059
1028
2532
1094
1057
1900
1203
460
1925
1693
1720
1070
920
1895
1075
1158
4421
1320
1131
1860
1071
759
1136
1190
1742
960
2515
1232
1224
3549
1141
1238
1072
1745
1893
1164
1877
1218
431
1130
1097
1214
1044
1161
1139
1115
1107
1181
1110
1123
1175
1876
1867
1225
1096
880
1045
1085
1882
1121
1135
1124
751
1221
1692
421
1229
1113
1122
582
702
1043
1219
1088
1119
974
1134
2550
2560
1211
1178
1091
883
1129
1109
1105
1084
1116
1128
954
1089
1083
1093
882
1108
881
964
1078
1073
1055
1114
2533
1086
1101
1103
1054
916
1102
2524
917
1106
2543
886
1231
949
1080
1092
1746
1227
1087
2556
885
750
1053
1724
962
1068
1069
1687
1184
2546
884
1686
749
1081
1041
940
968
1021
915
955
939
1064
1063
929
2538
2549
1040
1185
1759
930
1926
2502
1195
1194
1052
914
1796
2544
1076
2535
1730
1719
1233
1987
4471
2485
4477
1929
913
2493
2492
1901
1173
938
2483
1753
4449
4429
1747
4527
703
1819
3445
1932
2506
1207
705
1902
1156
1756
1930
1752
1709
704
4470
2001
1760
1949
1223
1801
3686
1705
1039
4459
4478
1038
1751
2176
4479
1154
1823
1800
1918
1767
1946
1805
4539
2551
1996
1826
1020
1051
889
5108
4528
1695
4487
4505
1958
4481
1155
1914
1828
1037
1970
1864
1863
1174
1985
1957
1941
1177
1153
1206
1183
1878
986
1761
2504
1865
990
1915
1555
2031
1803
1829
1714
2520
1973
888
2496
1171
2018
1889
1737
925
1827
1959
4518
1978
4389
1680
937
911
4480
1820
1979
1736
2503
4575
4574
4732
1627
1620
4737
4493
1896
1870
1879
912
1172
890
1897
1887
891
1962
927
1152
1019
1762
4422
752
1898
1758
761
1936
1972
3684
1729
33
2017
4
1933
950
1948
1035
905
1856
2526
892
1150
1625
2036
2136
1916
2012
32
1723
1169
903
2137
1964
4391
1665
4567
901
1966
2032
1943
1992
1857
2043
3456
1168
1981
1951
29
2014
1017
47
1145
2034
1871
46
2020
2007
1018
4476
2003
7
28
1888
31
2126
2528
4384
2129
1671
30
910
2539
2128
4593
1993
1683
4524
1938
2078
902
2029
1995
2122
4607
1952
2100
4541
2065
2042
1994
1990
1977
1945
1954
1988
1984
1921
1968
2005
1939
1974
1997
2013
1847
1953
2038
1976
1858
1907
1850
1934
25
1922
50
1861
2025
2035
2123
1872
2057
2055
2044
906
1849
1859
1989
2004
2104
2024
1986
1956
1866
1874
1846
4385
1672
1673
2159
1674
958
1923
1891
1909
1844
1917
1873
1843
1147
1146
1904
1983
1842
2037
1841
1998
2009
2049
2059
2062
2073
2045
2047
2068
1852
2040
2158
2048
1855
2080
2099
2067
2157
1851
2069
2058
2087
2130
22
2101
2083
2108
2098
2061
2052
2127
24
4386
2093
2088
2124
2071
2091
2096
2106
48
2070
2105
2116
2125
2063
2079
2112
2102
2086
49
2107
2094
2084
2097
36
2092
2109
2117
2115
2076
2110
2113
2095
2090
904
42
2118
39
4586
4383
3682
4585
4388
4525
4612
4439
4511
4591
4608
4537
4540
4533
4741
4543
4623
4605
4544
4392
4590
4557
4558
4592
4393
4394
4630
4618
4564
4563
4604
2633
4603
2623
2596
4588
4545
4707
4597
4395
4624
4532
4609
2642
4599
4626
4606
4589
4640
4397
4621
4627
4611
2616
2613
4700
4679
4616
4568
4695
4673
4596
4666
4638
4634
4643
4601
4400
4639
4660
4688
4696
4694
4584
4610
4631
2609
3436
3468
4644
4672
4692
2617
4625
4678
4657
2640
4702
4685
4689
4650
4600
4698
4636
4646
4667
4683
4658
4668
4690
2612
4676
4697
4686
4691
4628
4682
4659
4675
4677
2638
4653
3437
4655
4664
4670
4687
4661
4652
4656
4663
4647
4642
4401
4649
4665
4680
4654
4648
