3861
4140
4871
3518
3964
4139
3939
4449
1522
5059
1299
1947
4933
4124
4120
4246
3373
1263
4914
3834
4890
4926
4031
5039
4846
1082
3999
3332
2036
4333
3969
1982
4909
4935
4198
4059
3568
4
2066
4123
2013
2062
4134
3943
2010
4080
4107
4884
3838
4063
4266
4968
1972
4272
5040
4920
5574
4376
1014
502
1141
1529
72
4421
2678
459
1230
2631
1322
4393
1823
1527
3280
1003
500
941
2536
1517
2538
1229
3281
1539
2045
3458
914
392
4749
2457
1262
2699
348
2436
3944
1514
1270
1948
1194
1971
2708
2761
4011
303
168
699
990
405
2516
940
1240
2227
2537
2649
1260
731
3938
3400
3954
5034
4335
3767
4051
3844
3941
4275
4889
3849
3110
4070
3282
4867
3795
3854
4144
5699
4999
4143
4276
3488
4067
4177
2513
3951
5073
4026
3535
3959
4231
4020
1010
4153
4285
3945
3937
4386
5424
4176
3382
5037
3978
3983
1222
1307
3105
5569
5573
2828
4077
1949
5063
4248
1328
1542
2451
2639
476
2447
2236
2065
2197
1080
2693
701
5401
2696
664
1992
1207
1079
992
1320
1505
1102
2074
2029
1984
327
2101
2031
2357
1602
2807
2692
2671
4950
184
1802
1257
4872
1511
1280
1074
732
468
3806
1025
2684
499
942
1500
2042
2053
1637
4444
2702
4959
5132
1267
965
4405
3502
3013
4498
169
3179
3455
4483
63
3065
5567
5565
3180
3636
3489
259
3985
4504
3752
4100
4385
4343
3628
5571
4079
3230
5536
4877
2530
3222
4187
5026
3824
3825
4342
5696
2490
3227
3289
5346
2576
2202
2455
3540
3164
5408
3826
3238
4208
5420
3756
3214
4883
2406
3830
5122
2534
939
968
1051
1306
1015
1312
983
2661
1311
542
536
920
1125
1810
3899
353
544
1318
571
4858
5093
3621
785
373
1090
1978
1272
1524
2235
3865
1146
1584
2311
3377
2932
4905
714
4820
1319
952
4640
4257
5079
1035
4843
4319
3477
5541
2831
1334
2437
1324
1250
1431
2256
5351
1206
3307
2173
4164
765
2533
4303
5368
5532
4292
3521
2499
258
4053
5012
3387
2609
2089
3982
2362
2162
5232
299
5120
4218
5406
4220
4214
4203
3958
4015
1599
4284
2439
2594
2565
199
4186
3462
5103
5087
266
4106
2180
2092
2803
5538
886
2581
4908
5403
2214
4293
4339
4227
3549
3840
4927
1225
3012
1261
183
1437
2832
2815
1359
369
477
2169
4946
3936
4949
1513
3814
3852
1563
583
3907
3579
680
399
2225
359
1547
3853
3559
2924
1027
4962
3186
3188
3075
431
2021
3797
4951
1974
1822
4960
5019
40
4874
3584
2821
2088
4845
4953
4857
1273
3627
4897
4158
415
4086
4175
3656
2514
1484
2171
5509
4537
3633
5415
2426
1106
3970
2487
2685
4577
3665
2673
117
1377
514
1283
2165
5421
5056
2998
4000
3979
1111
1259
3778
4459
943
5374
2518
1630
5550
5315
5572
3876
995
401
5551
3143
3276
3867
2687
5308
2658
1732
2454
1774
1427
3159
3893
2600
2158
2515
5099
367
4876
931
3094
4948
3033
564
4847
3350
1193
3516
4288
2093
4875
4066
1211
980
3221
3913
1176
4054
292
3009
4296
1171
2008
1987
2871
4155
304
2797
3809
1946
1999
3386
2302
4071
3793
1526
1512
4327
4838
3393
251
4150
1251
2272
607
999
1291
4247
719
4961
756
2032
915
2245
2382
2522
2465
5465
4986
892
885
5121
4403
5096
903
2709
4152
901
478
2463
1468
1508
894
659
3637
3796
5082
5439
3536
5198
4234
4045
1439
3457
3750
2408
1694
2380
1606
5359
1589
2591
1549
3285
1374
2405
5484
116
4321
2634
3820
4216
1581
4169
2224
5078
360
5278
4078
2364
4844
2772
4602
4773
1627
805
3667
1715
4794
78
226
858
5218
1758
4534
2339
5016
487
4568
147
97
2721
2328
1783
143
4619
3686
5692
3471
3472
2951
140
1693
3072
4617
1705
3351
3343
4769
4761
3483
3127
1801
5253
1800
2950
1817
4620
41
3068
4777
4613
5184
761
2876
2873
1671
4764
1187
3005
4050
248
3198
3015
200
402
3818
1089
2213
1959
2313
2091
3365
449
1018
2023
1188
2271
4043
5393
3898
17
5414
3869
549
3857
3210
475
4713
5137
1985
2134
2960
3904
2085
5558
1298
3085
2203
1212
3847
5187
5115
1002
3823
2060
3414
2084
2887
4267
330
2239
3209
2952
295
43
8
3689
31
5247
395
6
4813
2712
2723
5304
3642
4255
3696
1718
3078
5248
3695
3690
5214
5206
3266
3260
9
4784
4648
1804
4615
88
99
2973
823
1419
4674
4466
383
5293
3682
806
1421
1422
4673
5651
2372
2647
1883
5417
4772
1479
4581
5205
1893
1904
5647
3614
4390
82
3683
2325
1909
3659
3679
4555
1723
5662
3662
4670
635
2324
1750
2788
4678
1803
5283
5252
5236
1721
1751
3697
5589
1575
5604
5603
2115
1923
1927
1921
4311
1573
2648
2845
5009
4324
2295
2397
1756
5660
771
5123
754
2751
2385
1621
2338
1594
3692
861
4464
1749
4587
236
5175
688
5614
4694
4655
5292
4654
240
5228
4157
4811
3608
4590
60
1729
3688
4588
5212
2945
1976
4440
848
5305
2992
779
5349
1877
3922
3647
2238
1842
3020
3675
1933
543
1601
3612
4625
277
4799
808
2817
1814
1305
4645
857
4616
2496
1753
2637
333
77
155
3126
5663
5656
5254
4501
4594
998
2816
4975
4963
716
722
673
4127
2460
574
1386
727
2798
682
1081
4329
1409
5402
4087
2643
2345
1574
1303
4365
3574
4130
4966
2599
4475
4443
4314
4180
4249
186
4629
639
4420
5396
492
4853
3572
4922
5127
4974
4299
3805
5018
4283
4210
5575
1661
4636
4704
5358
1646
690
1384
4422
1675
2703
2827
4723
5008
4308
2819
5207
1685
5577
3274
1643
4664
4665
3242
3469
3487
853
3302
1878
5213
1397
4643
4174
776
1414
800
5221
5435
1852
2930
1407
3704
4566
2911
2472
1799
4750
5262
704
5024
3170
25
1364
5598
576
1174
1552
2714
5596
1541
5416
804
2732
4493
1050
1471
472
1487
898
1742
2958
221
227
3193
5296
146
276
1714
4315
4419
2949
3661
5430
1917
1564
5638
2025
5587
3083
660
1748
1888
282
5581
5379
3916
3685
5286
5628
700
3031
5297
3677
2563
5219
5588
3660
2769
4567
4575
3368
3366
5210
3674
3668
762
5209
4658
4657
1562
1739
3716
1780
1704
44
47
5179
798
5180
752
751
5183
2319
46
1759
1760
3495
5310
1531
4521
4707
4503
4618
860
1523
1825
1840
1519
4719
3673
4679
3625
23
5561
5182
2659
4726
1034
4530
2793
3297
241
235
3468
3571
5549
605
859
133
557
250
1837
3789
159
2804
4457
3725
5261
1726
1043
856
94
3663
3519
1690
5215
3527
1369
3566
4383
462
1566
4754
1867
5688
5602
627
1635
1894
1882
2141
4924
642
1781
4301
4541
2340
1695
108
5693
5619
3496
1676
495
4788
1713
632
1737
4241
1463
1911
1856
2531
5002
1165
83
5617
4733
4352
4624
1717
3757
4384
206
1865
4195
819
5670
5687
4938
5691
4531
5659
5418
5171
4610
1052
5613
562
4441
4446
257
1586
3702
3701
5167
1678
2987
3552
661
883
709
758
5607
2642
1700
0
1735
5165
1874
780
490
5520
877
5635
2019
2002
5579
434
3699
4582
4706
4906
631
1376
4753
4752
2544
4681
4388
5591
79
1895
4165
118
2849
5440
2452
908
1953
1042
1058
2175
100
5249
973
2174
2705
380
2240
1155
1244
2860
3942
1033
2081
3774
1078
3671
393
2665
1008
2423
3093
1135
932
3436
1107
967
2644
3417
3963
3187
3286
2356
2566
3192
370
2307
2058
5661
3160
2103
328
2249
2579
2308
5432
4576
3203
4170
3811
119
2126
1132
2469
3163
959
1892
408
411
424
158
2698
1968
3772
2450
3967
1871
2750
5626
2738
3157
3292
2291
483
2942
2791
5242
1065
1860
249
3700
1915
3480
2736
4097
3705
2890
5353
3680
3687
2327
925
2752
2293
741
1457
644
2024
3446
2948
5642
2713
4229
4793
1204
4992
3603
5578
57
3926
4802
5620
5178
5257
2246
2288
488
3755
1612
1977
2878
2136
5519
1608
2415
120
3145
61
850
4400
3284
1568
1205
2822
2329
2363
1301
5313
230
1380
4817
4796
4709
3249
2412
2737
1769
4435
3245
2421
139
2459
5507
737
4800
5166
4474
1327
1567
2221
242
2780
4663
59
1544
1411
1854
628
1907
711
3694
5554
1462
4993
1203
2915
413
5011
2228
1509
3375
3412
5269
1054
5001
2400
3713
3474
4233
3405
4564
134
4956
4762
2587
263
1849
775
5582
4092
3464
1784
1085
1659
103
720
4597
1199
1716
1789
1477
4734
2314
1498
2332
5320
2124
4563
924
2524
2989
1530
1551
2275
4354
1808
2494
156
520
3565
1009
1857
1430
3385
1139
641
194
1994
506
1048
2979
3171
1993
2398
2755
626
4119
3217
2172
1103
5652
1583
20
5469
810
1943
4696
507
1650
2282
1683
2825
1770
207
205
3109
2602
2636
3731
1162
135
5185
1887
4850
5192
1459
3267
1794
803
3264
3206
149
220
142
4529
154
2004
2711
1006
3691
5147
3714
1734
1719
3342
3643
1214
1615
1782
5555
3703
867
437
5684
2677
1448
141
3298
3473
216
4484
4623
5038
729
3510
5271
5270
5281
5676
1177
3327
5493
2917
3681
837
5364
2717
2740
5375
2934
4316
3466
821
3609
2746
3719
4621
4758
1024
3497
3678
397
5641
3551
935
1368
2096
1540
5347
1912
3073
2956
4608
3448
1620
3261
5321
3706
5566
2083
4536
1062
517
3763
1087
685
4659
874
101
5698
1967
624
109
5362
1412
84
1905
956
4710
3933
3301
3623
1415
3250
5383
27
3727
1587
2959
3224
3722
3819
5204
1556
2782
2727
4161
191
2369
2633
5443
1156
3185
2462
3236
1983
843
2479
2720
2555
466
2856
2855
3833
2725
4407
4030
3088
1545
2200
4497
4018
855
2986
5354
2733
730
228
1345
5343
2835
5407
1798
1961
4146
1604
1761
144
1152
3447
3470
1159
1460
1559
1896
1772
4810
301
1903
1835
3646
2889
4757
2528
2502
3626
3504
4268
2326
429
217
1775
3911
4780
1297
1819
5193
189
3924
636
1839
743
2926
2347
2374
1499
1385
5288
1585
5411
769
1805
2483
1119
811
215
4690
4328
2785
22
4814
5580
5125
3709
3707
793
1689
1931
3812
1294
3251
4281
738
1571
1696
26
3910
3648
1736
1813
1899
1053
3588
1558
2728
128
2123
1200
1433
1806
461
1846
5444
842
5000
2742
1776
153
5590
3278
772
7
2922
2298
2933
1797
3761
2610
229
1752
2842
724
2407
3168
175
5176
4179
5649
4029
3465
3051
5454
3103
5631
3511
308
748
2919
3712
3440
5382
2946
2918
4519
2824
1853
2794
740
4676
1520
3463
1829
2777
1964
2580
4798
3097
822
2418
114
2966
670
106
4427
2543
157
4936
807
5255
1045
1418
3920
5615
3737
630
675
5646
1550
1649
1834
2875
3624
1613
4760
1366
1555
1969
2351
5527
338
3790
1679
993
237
2627
3252
4739
2988
3786
749
5616
3925
2991
4700
4687
2119
1647
1910
4984
5003
2395
324
3169
2377
5377
1777
3929
5020
5201
5202
91
5312
87
1662
3062
3215
4391
2996
278
4108
1687
5521
15
4098
471
2144
5552
2929
4806
315
2026
122
882
2596
3253
1916
2897
872
792
2834
530
3162
3064
820
2049
2341
4711
4647
5272
5511
601
1864
4415
609
352
5428
849
1787
851
3239
3303
1745
430
705
3102
3380
1157
1688
3745
2540
2931
1932
2548
5211
2826
4641
835
1666
4649
3827
131
1393
2784
510
2316
325
523
2920
4506
3783
212
4732
881
5468
1603
425
4320
5263
539
2719
759
2585
68
4477
398
115
971
233
4528
610
3358
4600
2655
5303
376
662
3532
1182
1067
3676
534
2874
3575
4579
4626
5645
3021
5667
123
4194
4200
2402
5434
1399
2895
2342
150
2137
2523
4212
1746
4535
1641
3211
927
3569
4573
1344
1669
3749
5299
224
611
2939
2048
2664
1891
5539
4656
5335
231
5285
676
5311
2978
138
222
2090
1886
5314
3613
669
4432
1309
1269
2724
733
2937
148
2333
2625
2287
4406
5601
5
2040
681
4989
2432
5522
3512
1686
622
556
1150
4766
213
1175
2486
1289
98
3919
4412
2716
3765
974
356
5682
4145
4553
4533
1876
799
525
5189
691
937
3615
2990
678
2057
2916
637
62
1771
1793
1812
10
3901
1265
85
4305
4560
4181
5325
650
4969
1382
1036
69
4300
4310
2808
4727
3419
612
4265
5707
464
5371
4302
2760
1310
863
4572
2800
2330
1390
1342
3204
2370
926
4551
3514
4697
1140
4642
3753
1626
1580
5517
5177
1060
5610
2812
2813
1066
1347
4380
653
152
1788
1831
4317
4395
2830
127
2701
2898
1925
126
1754
3061
204
989
2484
2289
4439
3538
1942
695
1503
196
888
5657
3658
2257
4569
2383
2731
4396
3482
4532
1478
532
4313
1293
5514
1243
3539
1576
343
1323
5648
5464
946
2910
5274
1095
446
1282
4445
666
710
2820
1807
3053
192
3619
697
3560
1264
2715
522
725
3397
1830
652
651
951
2652
3481
3544
4591
4795
2974
2474
684
1432
3246
1866
515
1325
4957
2335
2409
3415
1966
494
1588
1470
1400
1918
2843
3618
319
4289
5384
5331
648
4593
2064
1970
1217
703
3174
2068
2823
608
613
693
1577
665
3296
1370
4269
4073
5446
4263
4565
5116
5586
1371
501
3760
551
2809
3467
1341
21
5216
2270
4605
1410
190
809
2805
4489
1506
3866
2076
2017
1733
407
4353
4102
1331
3348
2247
1124
1461
2132
5483
5599
934
3604
2337
2417
1939
4473
2373
1220
1396
747
1032
702
1340
689
1480
679
674
1346
687
1329
3484
1314
1286
5594
3485
649
1339
672
1476
692
2258
1413
726
110
1890
1373
1367
1560
1389
2323
1730
1133
1116
3555
3018
3155
2778
905
2297
5595
1731
5319
4586
1521
1884
2651
1901
663
2434
1820
643
897
473
2694
5609
1464
746
3240
667
654
1304
668
1337
683
1343
1420
677
615
1330
735
655
742
739
717
1838
1375
706
1348
2683
4603
656
778
1316
1308
2787
671
801
638
2041
1302
634
4262
829
2781
825
1392
2072
2829
2686
1579
721
646
1848
4708
814
2766
1064
2320
1349
4562
561
1365
5246
1131
232
647
614
723
698
616
712
2833
715
623
728
1796
1786
1785
1773
1597
1379
658
1598
1290
1847
734
2044
1338
1607
1610
1274
736
1851
1821
621
1406
1238
1094
1332
777
629
1408
1148
827
694
1121
1142
1168
1277
1098
840
2018
2117
1922
2614
1215
2745
991
2628
5625
2087
5627
1287
1333
1827
1596
1221
1351
1401
1591
625
1473
708
718
1391
2675
1861
526
1313
1403
1248
1475
1989
1572
1388
2779
1553
1268
1405
1858
1084
1790
1897
1254
1285
2774
1197
2806
830
836
1826
1363
1122
1256
696
2790
1795
1605
1535
1321
2666
1357
1246
2749
1219
707
1536
1249
1859
1841
1532
1235
1350
1474
1387
1404
1271
1845
1378
1239
1247
1317
619
1870
617
1292
620
1428
1395
1361
2691
1300
1278
2810
1398
1791
657
1469
1266
633
1315
1425
1234
824
1228
1496
1570
826
1381
1362
1516
686
1123
1554
2688
1518
2697
1880
1429
375
1815
1561
713
757
1900
1402
1360
1569
1548
1436
1424
1497
2695
817
1565
831
1533
1423
1417
744
1440
1394
1126
1590
2786
1920
1486
1358
1869
1083
1454
1889
1218
1092
1768
774
606
1979
1275
2811
1383
1578
2775
1443
1525
1510
1335
2795
1227
1908
640
2680
1913
1600
812
1416
1595
1466
2771
1288
1452
1919
2754
1534
1538
1233
1537
1232
1582
1237
1231
505
1929
1442
1465
1744
1336
1202
1255
2674
387
2690
1546
1593
2792
1450
1112
521
1557
1592
1741
1766
2741
1456
1281
2670
618
2783
1196
2343
467
465
538
2111
2796
2799
834
1444
2063
1609
1163
2679
484
1216
463
847
2676
1356
458
1198
1455
1438
594
1446
1113
1213
1906
485
1258
2080
1914
529
548
1879
1928
563
503
1093
876
1149
1245
1501
1136
755
513
1091
1885
604
1435
2759
442
2050
1353
1161
1226
1170
1137
489
2847
1490
511
1169
2334
1990
1252
1172
818
1898
1110
773
1504
566
1881
2615
1614
1352
2764
1355
1134
1447
1181
553
533
512
1988
498
1354
2007
1167
1160
516
496
585
537
580
1765
1164
519
1453
1105
497
1458
1295
950
1179
984
918
2768
981
1184
323
1158
2104
361
1183
1426
2758
1863
2704
916
460
1764
1938
406
1144
2735
972
1120
1441
2739
314
2094
527
2626
524
560
552
528
1434
1147
509
1173
482
1115
1451
917
493
1154
569
1104
518
1130
1166
481
2700
577
1128
479
1445
1076
1143
1114
2753
508
988
1022
322
535
2108
985
591
1372
480
579
1117
2706
2718
1101
603
977
1077
448
2734
2681
1941
326
318
417
1824
332
2
575
1449
550
555
597
565
504
547
570
559
584
491
474
987
589
587
1145
969
1138
1178
384
1099
600
960
426
374
1000
1611
975
911
602
444
955
910
531
438
1073
1030
572
593
321
2689
596
404
961
320
451
2682
2767
1153
371
568
1096
381
1129
2656
2707
581
592
586
578
582
588
599
598
419
2710
346
590
595
396
349
554
545
345
558
1467
347
357
316
409
329
344
363
317
457
358
418
567
441
313
815
420
455
436
445
394
428
2663
1189
331
816
450
334
1109
440
1072
2619
1201
427
2623
378
1071
1097
379
443
366
339
400
1127
385
1100
456
432
1088
364
386
936
2662
416
391
2603
919
958
2802
452
410
2613
188
1242
390
1507
1075
2765
1019
912
913
433
365
2344
1044
2757
2590
1026
1995
435
2756
2762
1191
469
2722
1108
2801
1236
55
1528
541
954
1038
1253
1924
1996
921
966
949
2773
1070
1209
1069
1224
1118
2748
1279
2763
982
1004
2730
1930
1016
312
1086
2729
948
923
2303
1241
953
1926
2020
1543
994
1208
2099
377
2641
355
187
1855
29
1832
1007
2622
922
1502
2278
944
2294
1031
351
938
1185
439
2122
1991
1223
18
2177
3828
1844
1818
2143
2129
350
1276
2743
1747
1284
2105
2110
2133
16
1934
2118
1945
1940
1005
1020
2005
1021
3860
2322
996
2163
2300
1192
1013
2284
2660
907
1962
2668
2097
2789
2747
42
1935
389
309
2277
2608
336
335
5506
1001
970
296
197
2667
1061
947
2054
2299
2139
2112
1029
1944
1937
1868
2142
2138
2109
929
933
2184
1936
865
49
2069
1762
2770
2304
2315
2120
1017
163
2130
1011
2211
2301
2070
166
2164
2305
19
202
2006
2154
56
193
2127
1041
39
2059
1047
1195
1151
36
1850
1873
1755
337
1811
104
162
2073
453
2545
161
28
470
1778
2654
2309
2078
2100
52
2051
2009
2082
1975
2030
2077
2215
2574
2121
2150
2273
11
2744
32
2207
2035
1963
2310
2113
1957
930
2140
2317
2052
1190
2306
2237
1068
2286
102
2001
2106
3017
2079
2147
1210
2034
293
24
2170
45
2618
53
2233
1965
2022
854
13
2015
2321
422
1489
300
2033
2014
2075
2116
2046
2000
54
2047
50
1986
2261
2251
2102
2027
51
2055
2187
2114
2290
1973
2011
2279
2190
2265
2285
1960
2280
2188
2146
2043
2145
2012
2264
2179
2274
2156
2135
2283
2098
963
14
12
2128
2086
2269
2107
2178
2037
2039
2244
2234
2125
2056
80
2061
2263
1997
2252
2229
2189
2259
2268
2260
2281
2250
2262
2267
2248
2266
2131
2241
2192
2155
2243
2242
2201
2276
2255
957
2191
2220
2222
964
979
2230
2254
2028
2003
2149
2194
2231
2160
2071
2095
2253
2232
2223
2148
2166
2209
1057
1063
2198
2167
1958
1954
1056
1956
214
1955
5624
211
3156
2226
2218
2217
2219
2204
2216
2212
2199
2208
2206
2210
2176
2205
2185
2193
2196
2186
2181
2183
2168
2151
2182
2152
1952
2159
1951
2157
2161
2153
5094
2016
1950
802
2067
95
1720
2446
203
167
298
2449
198
5194
136
1049
93
2601
272
165
1515
1
873
243
195
290
1012
253
412
86
294
2312
64
96
264
283
92
218
37
3270
171
2488
302
1039
271
1055
2632
388
2604
2466
4744
4745
368
3881
3875
2900
887
2428
2672
745
2379
113
844
3027
997
5203
1028
1727
3042
1728
4344
1059
3950
3133
305
5181
1326
928
4408
828
1648
2571
288
70
74
2410
3134
81
185
129
66
3299
121
2578
254
3300
267
1623
2467
540
447
3283
306
4808
978
1492
2607
3107
89
1625
5282
866
2520
2967
3829
3099
2913
137
124
3263
5600
976
2443
2473
1023
2646
2583
2485
2352
2526
3025
3256
2905
4254
4583
4599
5133
421
2914
1711
1703
342
871
2595
2554
2553
2572
2584
2612
2560
2570
2505
208
2582
3113
2561
291
71
2927
2606
1037
3084
362
3114
2921
3057
1481
262
3234
2896
2481
3338
879
2947
2353
909
67
3258
3115
2940
130
3616
3856
3043
2504
4270
2562
5295
2653
2963
2478
2535
310
5302
454
4076
2368
3293
2348
265
2546
2547
2573
2635
2350
2645
2346
2657
2529
3116
2559
287
3121
2349
2611
2511
90
3112
3111
2899
2630
2489
181
2512
285
2525
3279
3090
3079
125
2616
3035
182
3044
372
3859
1491
3096
3063
2470
3024
2650
1482
3040
289
2935
209
1485
2638
164
3058
4622
2569
3870
2961
3045
2912
3067
2640
3023
3108
3092
284
2597
3120
2354
286
105
3100
2936
3048
3049
3034
3046
3122
2556
2592
770
3089
2995
279
75
311
1493
1483
2969
2498
3269
2586
3050
2621
2593
2567
3909
3074
3029
2532
261
1494
2970
3118
244
3104
382
273
1616
73
3052
1186
225
906
3130
3842
174
2923
3119
3117
341
3125
3123
260
2997
3914
2425
3039
2617
2568
2575
2993
2521
2414
3129
2552
2564
2551
172
2359
2901
173
307
2902
234
5273
839
3275
2669
219
3124
2965
145
3131
210
4746
5338
767
2894
2360
870
178
2906
3896
3022
3047
5409
3271
5410
2985
2903
297
3019
252
2550
2541
2557
2957
2588
2620
2994
270
2598
2361
2435
2438
2629
255
3884
239
2549
256
2624
246
269
3132
3905
2577
3885
2358
177
838
354
3060
5324
2558
3868
414
3894
238
176
180
268
179
2909
2972
3889
2542
832
2892
3921
962
3030
2968
2962
2476
2589
3871
340
2506
5306
275
247
245
274
2976
3037
2605
3041
2977
3038
3874
2928
280
3917
3782
2984
2893
3915
2355
2399
3923
2387
2904
3095
766
3128
2941
3883
782
945
3879
2975
2938
2386
3880
1488
3908
3055
2869
3076
764
2954
3069
896
2390
2422
3864
2943
2433
868
2495
2477
2981
2971
223
5380
2983
2964
3087
3080
3201
3011
3081
2836
3098
2907
2908
2445
5334
3056
5348
3054
3918
3028
3888
2982
3003
2846
3086
2850
2955
3101
2870
3091
3036
2444
201
2953
5386
2501
34
3
2480
2391
2456
3106
2427
33
1617
2980
2424
2891
2491
768
5400
5398
3010
5404
2848
3835
35
2851
2497
5376
3082
3004
2510
3077
3007
3032
3066
2944
3008
5352
170
3000
3059
2999
5399
5322
3070
5333
5332
3255
2507
2508
2448
5394
5378
3233
5300
2403
3784
902
3002
5373
5389
2416
5390
1618
5287
4074
895
2413
5412
5344
2429
2492
875
2411
3181
2471
864
890
2527
3006
2519
3843
3026
1633
2442
2419
2500
5372
5366
2464
2517
2396
2493
5329
5361
5323
5318
5280
2509
5391
2384
2453
5360
2431
2475
5301
5385
904
763
2461
2539
893
786
2458
884
880
3191
2404
3237
3892
1622
878
787
5341
3219
899
2852
1619
2441
4652
3165
2430
2376
1677
5199
3207
5317
2925
1654
3178
5388
5365
781
1636
1629
2365
2394
2392
2401
2393
2388
833
841
784
1698
889
2366
1670
791
845
1634
1663
1681
5350
1652
1624
783
1653
1701
2440
1710
5245
788
2367
5356
790
2381
1657
4527
5387
4525
5226
1792
5370
1664
1707
5208
4526
1638
5392
1699
5196
5328
4651
4653
795
5224
2839
5225
789
2375
1631
1691
1682
794
1673
1665
1642
1702
1674
1672
1668
1697
1680
1645
869
1684
1632
1656
1692
1658
1709
1644
1640
1651
1712
1660
1655
1706
5397
5369
5395
5342
3785
2866
5279
4797
5381
986
3136
4557
5294
5243
3135
5336
3182
3815
3137
3141
4251
3196
5268
3166
3244
5422
4650
5363
3891
3878
2884
5612
4604
3359
3232
3335
5337
3887
4812
4304
3220
4609
4601
3401
3734
5217
5251
3339
3654
2503
4250
4574
5258
5327
4809
3882
4607
3759
3014
3645
3900
5423
5316
5227
3346
4538
3617
3321
3788
3139
3644
5233
4547
3751
5244
3640
4375
5471
3243
4559
5197
5709
5633
5223
3906
4606
3912
3895
5191
5220
3903
3787
2853
5186
4554
5190
3897
4556
2872
2864
5618
4401
4596
4552
4580
5195
3902
4523
3873
3620
4722
3862
3684
2882
5277
5234
4548
5608
3304
5597
4253
4278
3189
3890
5477
5611
2865
3390
4271
3813
4815
3437
3791
5632
4389
4543
3363
3653
3158
3355
3167
4558
5267
4549
4297
4542
4578
5266
4737
3669
3670
5644
5585
4307
3589
5188
4585
5264
5685
2854
3748
4539
3138
3290
4571
3602
3832
3651
4738
4252
3151
3655
4522
3406
2888
3732
5222
5256
3142
4381
4646
5241
3416
3372
4460
4743
4345
4291
4545
3364
3287
3764
3672
3001
4998
2883
5545
4398
3754
4524
5276
4592
3742
5250
4595
5275
3650
4589
5265
5291
3652
3747
4570
4546
4584
4290
4274
3741
4261
4518
5307
5634
3649
4295
5326
4561
5289
5330
3213
5298
3479
4517
5237
5290
5230
4544
4279
5637
4280
3259
3184
3611
5653
5309
4452
3226
3288
5605
5655
5405
3762
4350
2858
5431
3268
4550
5260
5238
5345
5419
5455
5442
5235
4540
5340
5339
4382
5630
5463
3657
3723
5476
3629
3598
3717
3721
3154
5677
5472
5523
5458
3736
4351
5451
5355
3309
3739
3433
3374
5639
4332
3229
5456
5459
3592
3305
3839
5640
2877
4509
4349
3389
4404
4072
4355
3639
4331
5504
4759
5583
3710
5164
5470
3724
5450
5229
5474
3743
5475
5438
3740
5240
5486
5445
3631
4428
5457
5231
5500
5510
4426
4425
4374
5460
3638
5436
3758
3295
3715
5494
3247
3726
5425
3379
4258
3194
4429
3376
5516
3312
5426
5563
3216
4346
3384
3744
5501
5515
4394
4306
3146
4447
4370
5239
3738
5530
3140
4463
3711
5491
5487
5447
5437
5503
5529
5433
5482
5441
5518
5535
5478
5485
5492
5448
5495
5540
3161
5466
5502
5452
3730
5544
4379
5461
5490
3630
5496
5534
3634
4411
5526
5479
3228
5449
3729
5427
5429
5546
4399
5559
5497
4373
4410
5505
5528
5564
5453
3016
5562
5413
2837
4418
3720
4458
3195
4424
5462
4372
5480
5473
4423
5556
3153
3291
4414
4387
5481
3200
5548
3277
5488
5568
3235
4378
5498
3225
5576
3212
5531
4469
3735
5489
3257
4430
5499
5513
3208
5525
3147
4417
3248
3152
3420
3183
3733
4742
4056
3175
4470
3367
3410
3427
4476
4402
3439
4184
3272
4273
4287
5524
3241
3369
3432
3407
3262
3205
3423
3172
3421
3265
3223
3398
3435
3218
5512
5553
4348
3396
3728
3434
4438
3438
3428
4442
4369
3254
3425
5547
3426
3199
3177
5508
3431
3429
3319
4298
4356
3202
4347
3361
3347
5570
3320
4431
4309
4064
3413
3190
4366
3424
3770
3349
3430
4507
3326
4325
3391
4334
4259
3357
3441
3176
3197
3399
3144
3173
3402
3322
3408
3323
3316
3318
3381
3148
3409
3411
4242
4340
3422
3317
3403
4465
3370
4336
4312
3418
4055
4322
3340
4069
4062
2838
3324
4462
4357
3766
3306
4244
4516
4490
3328
4245
3341
4479
4482
3404
4500
4413
4494
3771
3392
3394
3345
3362
3311
4318
3354
3388
4326
3395
3353
4338
3356
4323
3371
3383
4330
3308
3378
4341
4294
3360
3325
4491
4337
3329
4243
3330
3310
4058
4046
4453
4041
4486
4433
4061
4409
4048
5543
5533
4033
4454
4513
4488
4359
3344
4510
3746
4434
4044
4367
5537
4514
3635
3336
4912
4511
4467
4368
4040
4508
3273
4496
4068
4478
4481
4502
4456
4487
4468
4485
4512
4360
4492
4480
3337
4377
4450
4047
4361
4515
4472
4028
5557
4022
3352
4461
3334
4495
4362
3331
4471
4132
4392
3313
4036
4358
3314
4363
4364
4499
4052
3460
4049
5542
4455
4437
4505
3810
4057
3769
4012
5560
4075
4021
4277
4286
3816
4240
4013
4037
4023
4017
4042
4038
4065
3315
3773
3956
4004
4060
3664
3333
4010
4032
3986
3576
4397
3993
3817
4256
3802
5623
4002
3972
4416
4264
3594
4260
3974
3595
4188
5606
3601
3607
4189
3987
4005
5654
4001
4027
3599
4003
3543
3858
4282
4113
4634
4230
3877
4747
5643
4686
3548
5689
5678
3449
3454
4016
4024
3973
3971
3996
3988
4039
3992
3975
3995
3957
3955
3610
3593
4009
3583
3962
3605
4034
3596
3597
3600
4138
3570
3848
3768
3586
4224
3934
3530
5672
4206
3531
3606
3590
3534
4133
4197
5708
3841
3525
3478
3587
3541
3573
5664
4736
4631
5665
3585
3998
4007
3517
5170
3582
5697
5706
3577
4632
3580
5704
3980
3520
3546
3561
3451
3450
3453
5674
3775
3461
3498
3591
5695
3452
4221
4232
4148
3984
5668
2879
3886
4682
4633
3863
4025
3801
5584
4228
4222
4729
5703
3542
4684
3991
3526
5671
5694
3928
3494
3872
3557
4196
3443
5592
2841
4166
4217
5705
5673
4903
3545
3476
5669
3553
3533
3562
5700
3528
3524
3515
3547
3990
3855
3475
3490
3509
3556
3940
3529
4008
3537
4014
4019
4190
3444
4202
4099
3981
3564
3953
3523
3492
3567
3968
3501
3558
3949
4131
4209
3932
3506
3997
5636
4162
3554
3500
3550
3499
3491
3947
3961
4182
3960
3459
3563
3493
4219
5658
3505
4178
3522
3445
4238
3503
3508
4239
4237
4213
4215
3442
4225
4236
4235
3456
4201
3507
4207
4183
4193
4168
4167
4191
3994
4205
4006
3966
4660
4199
4147
3777
4118
4628
3989
4695
4173
3851
3952
4211
4096
3807
4854
5666
4718
3837
3831
4970
4703
3948
4160
4981
3931
4728
5650
4141
4094
5701
2885
4171
4136
4142
4117
4204
3965
4630
3930
4154
4192
4149
4701
5690
4790
3808
4923
5675
4095
4677
4638
4721
3845
4122
4680
4163
4129
4715
4635
4778
4662
4913
4685
4894
5629
4731
4156
3776
4093
4932
4779
4693
4921
2867
4881
4137
4691
3846
4692
4627
4172
4787
3781
5004
2859
4947
3935
4756
4683
4668
4639
4717
4724
4637
4930
4716
4666
4702
4672
4675
4705
4792
4712
4725
4888
4848
4159
4893
4763
4911
4185
4128
4776
4774
4865
4735
4839
4720
4671
4688
4931
4786
4689
4775
4849
3804
4661
4904
4714
4805
4765
3976
4987
3977
4699
4855
5621
3836
4116
4667
2857
3779
4741
3666
4755
4669
4698
4866
4801
4882
5007
4090
4804
4868
4091
4895
5025
4869
4939
4958
4925
4109
5679
3780
5041
4907
5022
5005
4834
4896
4112
4997
4135
4976
4083
3946
4994
4826
5143
4833
4952
5036
5053
5010
2880
5683
3850
3821
5686
4111
4977
5681
5593
5075
5138
5172
4126
4827
5061
4830
3803
4110
4105
4851
4103
4803
4121
4088
4089
5098
4104
4856
4964
2840
5023
4807
4979
3927
4085
5067
4898
5071
4084
4840
4835
5027
5159
5049
5081
4114
2038
5173
4832
5680
5119
4919
5032
4125
5051
4983
4885
4837
4996
5029
5044
4915
4828
4967
4918
5129
5153
1981
3792
5092
1998
5066
5080
5072
4941
4841
4861
4842
4115
4870
4081
4852
4101
5021
5095
4082
4971
5014
4891
5054
5043
5045
5107
5076
5013
4892
4836
4980
5042
5028
4879
4988
5086
4982
4944
4990
4829
3800
3794
4991
4934
5035
4831
4900
4940
5077
4942
4954
2886
5048
5111
4995
4862
4973
5104
4965
5050
5102
5062
4901
5006
5174
4878
5055
5068
4886
4945
4943
4916
4955
4978
4972
5046
4859
5047
4985
4873
5085
3799
5030
5074
5033
4818
4819
5091
3622
5060
5097
4825
5069
5057
5065
5070
5083
4863
4887
4902
5031
4910
4821
4824
5163
5058
4860
4864
5169
4880
5160
5113
5126
4917
5052
4928
5089
4822
5118
4899
5168
5084
4823
4929
4937
5134
5090
5154
5064
5144
5112
5105
5100
5101
5110
3798
5130
5161
5106
5108
5114
5162
5128
5140
5141
5156
5109
5152
5151
5158
5139
5145
5150
5157
5131
5124
5146
5148
5155
5142
5136
5135
5149
