1632
1185
4977
4493
730
3423
634
5059
1283
4412
5043
715
2074
2145
4976
4102
3344
2323
4153
1200
2814
344
4405
4606
5771
2118
4628
5775
380
568
2806
4193
566
2221
1686
520
1186
1336
1054
5042
3958
1631
1471
510
2098
670
5767
2805
1643
4265
728
1169
732
1388
4678
2353
4280
5724
4094
2659
5768
4657
2372
3453
1354
4069
1045
2183
5215
5287
1367
4068
4676
3504
2134
1724
4610
4540
1357
1341
4195
591
3523
5075
4118
3033
2556
4750
553
5737
5615
5576
5216
5234
5734
4409
2205
2658
5495
4658
2755
4314
375
2073
4465
4627
5770
5763
1157
5505
4287
1684
2654
577
2137
4656
3145
743
5046
459
1207
5026
4256
1211
1451
4281
1514
524
1651
2076
3970
1218
635
4579
560
2152
2818
1710
4410
1701
2339
4306
5707
446
578
90
4346
347
289
292
384
455
989
1276
5434
535
359
4978
3299
4411
586
1568
1353
5018
5649
4457
5153
3359
1273
2330
543
5025
3655
5063
3306
391
2352
2676
5414
2520
1389
2763
2612
2616
2722
2621
2362
1062
5596
1310
3422
4152
3424
2234
5418
4453
707
1633
2114
1781
3259
5726
1443
3309
3400
4509
1344
4464
3144
2156
2656
3681
2576
5611
2798
2567
3671
1980
2138
2497
2744
1135
5638
961
2199
3446
4575
1812
1605
1655
75
4663
2660
4665
3452
5264
5128
3937
2077
493
4332
5157
4302
1025
4056
4200
4301
4419
1556
2369
5298
5190
3437
4292
4130
4284
5064
3572
2131
996
537
5073
3421
4397
2184
5040
5143
2829
752
1720
5193
1166
1280
4651
2365
1174
3952
3644
1300
2129
4126
1198
4089
1570
601
4695
5232
487
3186
4887
523
4
5067
633
5604
2578
36
399
3349
5506
3273
4581
947
5554
1648
5447
5757
3278
4563
4677
1675
5744
3445
302
2884
5553
4679
1286
1132
1395
1640
1020
4754
1380
3527
2223
1131
1635
5700
3338
3315
2366
2259
1288
388
4197
5742
4459
3129
2121
3298
2409
4482
500
3300
1674
712
264
5664
5549
4574
3525
5600
4599
4848
2710
3913
4395
3573
2165
1608
2810
4981
4072
708
3973
2786
3935
592
2236
572
702
5147
2688
1144
1142
5272
2687
2169
3972
669
2521
2174
1464
363
1124
2405
552
1201
5258
583
942
4626
3693
688
1619
620
1562
5090
1057
1175
2326
2344
2101
2168
4296
2661
2127
4157
991
1760
3989
1073
4434
4475
3404
4076
4741
4107
3739
5727
4463
3519
530
4631
3332
2171
1702
3577
4494
4466
5706
642
3883
4075
4222
4618
260
3192
298
1070
294
3146
5515
3354
4503
3394
2539
4548
5421
453
5597
4456
3325
1715
3696
2831
2636
4087
4553
5442
5499
5426
4753
4020
1333
5021
5639
3571
3618
3863
1032
738
2381
1258
1415
1905
746
2143
678
805
2614
2917
1974
1270
1219
2424
1408
1614
5225
2761
2226
1268
649
2650
4979
5085
990
183
4338
1606
1363
1750
2166
2653
1012
2194
4160
3914
1597
757
2314
2726
5134
1043
4236
351
1507
5243
1299
1053
3951
2635
4310
1370
1387
376
2901
2496
748
1058
3345
5305
4742
3326
3364
3232
1513
3545
3260
3708
3317
3512
4999
3605
1154
304
4675
3249
4051
4666
5677
5769
4290
3140
3623
3979
3542
3226
1197
1184
3966
3921
5156
5321
3314
3988
4067
3514
2833
464
3533
5304
4180
3747
4813
4052
3439
5907
2633
1287
3690
4085
3353
2548
4401
598
4184
5129
3277
1317
2128
2218
935
4748
2212
1692
2933
2319
2117
1717
1061
2779
1085
2136
2232
1819
1420
938
2296
1677
2087
2797
2102
2193
2388
1909
5388
2462
2731
593
1555
5562
1330
632
828
283
102
5114
2803
4259
1594
2579
1423
1064
2627
5605
5448
4980
2425
1153
4556
5390
2130
2423
1347
2749
2700
352
4970
132
3068
5363
895
4795
2012
413
1853
1857
2476
4803
5840
3240
2495
2483
5181
5898
2443
5179
1975
1787
2740
1673
4478
3847
224
2765
4871
1669
4039
1621
5782
3828
833
231
4960
5412
1960
1620
4473
425
2072
2454
2536
2543
2018
4963
3830
3833
5893
5366
5365
4811
4810
2835
3183
891
4800
893
884
5368
5367
2519
871
3028
3773
3803
2461
4844
3827
2456
108
888
4374
2472
653
1806
652
1894
107
2460
2846
541
1984
5805
2558
3783
3031
1883
4710
2847
5630
1422
886
1933
2982
449
454
4357
4968
1418
4437
841
4912
3063
5901
4918
792
791
5696
1786
232
1893
1892
5795
2972
3755
33
1596
1278
4164
3933
4952
3647
4694
5099
4274
4785
5257
1279
5650
4194
4173
3083
5103
4048
400
4074
4054
3578
1009
4936
1525
3885
186
3128
4773
5212
5071
4443
3938
4851
5456
4066
4554
5320
3420
2725
4188
2516
5027
4738
951
4241
5419
2943
1560
5251
3867
1155
3908
2231
4577
2154
5717
5658
4939
1955
918
4387
880
885
3711
5902
4935
2444
3219
4949
1816
239
4885
1189
5403
4838
3194
2028
5453
5467
4166
1390
2447
4830
4920
4910
788
2014
4928
882
881
894
3811
3041
3820
899
478
4944
900
1672
2482
256
5126
4973
4687
261
3223
5408
4040
139
163
3205
3810
2927
3091
4836
5396
4904
5401
1919
3590
3807
1411
3587
3065
2488
2484
230
5478
2694
4731
4801
3815
2048
4444
4835
3784
2544
5530
3175
5804
223
4834
1884
3642
901
907
262
3067
2564
1985
3157
1476
4549
4418
2690
2716
5369
3714
3792
984
798
1540
5398
3719
4965
30
4843
2030
2481
4765
3657
2555
4370
1947
238
3103
91
2552
3634
3771
3723
2013
142
5192
5643
4933
146
1485
1779
1928
3166
3169
812
1777
1654
1645
5634
5544
4693
5395
4789
3213
4647
4909
3585
5608
4531
5815
2490
2489
4042
3769
1895
1867
3082
4321
3816
1849
1897
1708
2033
3546
100
4837
4124
4433
3603
253
2843
1971
505
5164
5057
4568
1948
4876
5489
5479
5613
2788
5186
3636
287
5468
137
4116
5178
1950
2487
3174
1243
3625
5500
3722
118
4823
5824
3076
867
2672
2609
1745
5404
1836
4822
3059
5405
1930
5509
4637
2479
2262
249
5753
1843
1118
3440
4364
3050
3060
5093
2557
2370
1236
3770
3088
4880
4808
1767
4807
3808
3101
3813
3139
169
2354
2916
2699
1587
265
2361
1181
4571
693
555
2960
2907
2895
2962
4470
1394
2958
1581
3272
731
2467
1694
1727
562
3154
3569
2586
719
3303
2575
5766
3609
2088
609
573
4504
658
3992
3357
675
5393
2383
536
374
2345
968
1534
1019
2795
608
618
1321
303
981
2108
1008
1271
5511
160
1861
5519
2491
1121
5755
831
1252
2949
2477
5361
4669
2006
3778
4781
64
832
2781
386
973
1291
3832
4914
5356
1662
5835
1660
3017
4829
5830
3214
4923
2475
3235
3217
5355
4319
4330
3237
2474
3481
5891
3081
2535
2775
4736
5406
50
1707
5119
4448
3870
147
854
1297
3721
5561
3179
2924
233
245
4460
3229
254
516
4819
3715
5370
559
5176
5533
852
646
45
5166
2926
341
4638
22
3164
4772
4238
206
5710
2019
4639
859
1946
3362
215
3107
2695
3729
3046
3725
565
3181
1557
3455
5825
1850
450
3467
5895
3779
23
2697
340
222
4177
1800
5794
1449
213
5572
5818
3456
5904
789
4953
156
3663
4797
1716
2824
5092
2419
4247
3653
2752
4336
419
4646
2093
4371
4833
1912
5556
5906
2001
4108
2263
3818
3823
3819
3822
2997
5512
5662
2509
802
4380
5397
393
3717
3754
3008
1413
5671
2729
1801
3042
1484
162
571
4611
3829
3824
2085
1582
255
166
4208
60
2054
4903
3777
4870
5191
2599
2020
2915
1841
1195
2931
4262
1488
4745
1758
1842
4547
477
1199
1916
2025
5083
858
4864
4226
5647
835
639
2984
2985
1988
850
3366
3002
3184
5817
3005
5429
4008
164
1512
3962
2845
3197
3780
3116
1723
506
1108
4417
790
2113
4690
819
165
4277
2375
3687
4034
2608
4261
796
3735
711
3612
275
2782
4425
2663
1945
5797
1785
5693
1987
4649
978
1774
823
2757
2655
1837
34
3895
5872
263
2839
420
1936
5375
1122
1179
1262
5487
842
627
3077
637
3802
1869
1818
1839
4250
2441
3372
3173
2568
4452
4756
614
2580
4320
1315
268
1477
457
4636
1891
2494
865
2043
5688
269
331
2010
197
5806
955
1106
2492
2784
65
3701
3108
2684
3597
2842
1573
3617
5848
2723
3772
2144
2811
4940
2866
3756
4558
1636
1896
2899
4255
4179
1885
81
5206
3039
1848
9
813
3888
1746
1536
5536
2862
1530
4946
1924
5566
1815
6
5161
4640
1235
2285
5094
5627
5591
47
5672
1805
1766
3206
5409
5832
5488
113
845
2518
208
3621
4962
2871
402
2582
112
4814
5684
5113
877
5359
5379
10
1953
3010
2267
3163
5433
2288
2971
1493
4100
4363
219
794
4308
2565
4802
2937
5846
849
3019
3454
2292
426
736
4895
1834
897
896
890
903
887
3121
3943
902
62
4799
1969
4703
1825
158
3006
80
4842
4000
3176
2751
216
5816
4488
1578
98
476
5889
1401
2666
851
1223
974
2038
825
5808
2919
1793
1794
4654
5428
1902
4672
3263
1372
5827
4883
1616
4178
2825
1487
2951
1874
856
1416
1696
926
2844
5473
2834
1653
528
1997
2501
2009
5491
2439
497
5740
5739
4809
2863
4805
2667
800
5809
5796
24
2256
4307
379
4608
3428
2445
5353
4865
2754
838
2437
4422
2486
3267
3728
3835
2023
1681
5501
1851
5399
2185
3862
4169
290
4867
3806
2696
843
5207
479
1469
130
3360
3997
1089
3554
1881
3397
5228
5306
3119
5465
44
5425
385
1840
5538
1117
590
4289
4854
5288
2277
5836
5826
4341
5810
2770
3801
5541
5360
2758
5702
2071
5831
1879
2364
4992
910
1876
4956
1351
3045
13
4421
3581
59
418
2455
4206
5002
1845
1264
250
4441
3427
4629
218
1970
4496
5373
2857
2942
3588
2774
1427
225
5567
4761
4617
3767
873
5364
4202
5807
3791
2112
5343
1083
916
1937
3660
4150
5880
5852
2954
2201
793
5407
1817
2304
5667
1112
741
3040
326
2742
2994
1828
4424
1066
1468
3734
4714
2988
4692
4113
5402
360
3043
3319
1749
4145
5100
615
4377
5362
3151
2738
2625
2287
4114
58
4930
5884
5867
1649
119
1419
5828
3608
756
3592
1826
4791
3471
1479
472
2570
1824
123
458
3724
1860
956
3904
3710
194
2980
2068
1956
3705
816
3963
3062
909
4917
5798
878
3901
3113
2975
4229
257
2837
2717
320
2446
3610
1687
613
2813
258
4661
125
1638
5758
3945
3416
2922
3503
3441
4937
407
11
5502
4350
1412
2819
2904
5534
4199
1349
1934
229
3024
3073
723
2976
5380
3120
861
2634
2620
227
3507
2850
1830
3027
288
4794
28
93
4519
5141
2095
3637
5441
1233
4757
2178
2289
3095
237
3797
2836
905
3748
5897
5695
570
3916
3078
3616
4207
157
2529
1999
655
837
3652
1180
616
5400
2701
764
4430
1952
1533
1307
5543
373
3986
1126
4016
1622
4625
4908
3620
496
1761
1748
1854
1747
2527
1482
3547
5246
4662
3741
3598
4889
1123
3897
3840
4063
247
3680
3736
1929
3975
3557
4589
1809
2286
187
246
1657
3049
1804
3733
1245
2328
0
318
985
547
3650
1439
1973
5201
1858
2395
1014
2007
2261
1256
3838
2706
1977
3599
4032
200
3842
210
2728
1859
1491
1832
4688
1852
1827
2615
1311
561
2732
1529
2269
3373
1744
4768
5230
5607
41
5741
718
203
4552
1591
5017
5466
1871
2373
817
2024
3786
4793
713
848
3556
625
836
4233
1577
3537
3346
4462
3182
4373
2517
1444
2407
1875
3047
797
5031
1688
870
785
2808
912
4777
2514
4331
3873
2566
4762
4689
1496
4368
1791
2855
5498
4806
195
4921
1844
826
444
4532
847
429
2067
1728
5799
2091
1076
214
4369
4271
3953
5510
1913
4375
2266
2737
2493
3727
4134
4899
5524
1784
5208
4685
1430
2432
3292
21
876
1433
3987
3256
2065
5459
1537
869
2508
2211
5357
2977
248
3790
5106
27
2090
758
857
61
207
1680
2626
1110
668
293
5438
1115
2600
977
4381
1255
3638
121
1602
979
663
4133
3613
240
1544
777
114
4467
5715
2853
3210
4941
4267
2027
4815
5725
4136
3487
276
149
1799
168
2000
4187
1697
2707
3903
4691
3092
1811
79
1480
212
4339
527
846
3193
1847
3762
2598
92
2546
853
1741
2471
196
167
32
1835
3409
1120
63
120
3234
5411
4621
2628
3716
3168
2584
443
4483
2274
3075
52
5842
4578
1942
5820
4730
1374
2861
2923
4832
3584
2747
2040
2783
198
5372
683
95
908
651
5116
2691
5051
1866
5273
31
2864
1242
2989
2767
2459
4594
148
1993
1743
1103
2571
94
1813
129
1097
150
116
145
622
2753
2630
5371
2457
204
2111
4512
4931
2031
4036
3600
2032
5803
43
2408
5823
1210
439
3649
5107
5699
3253
1650
3837
2715
2569
875
3591
4077
4550
1954
2149
799
3809
1086
2420
4172
2611
339
5676
3097
1888
1789
1887
2478
4384
99
969
2592
5838
2110
5849
3601
1795
5814
105
1119
2610
2553
4361
2741
1095
2029
1206
855
161
1983
4026
1798
4033
696
3264
2384
1063
809
2637
3550
159
3782
127
3841
546
4518
42
3947
5523
106
2051
5520
51
437
997
4252
2358
4232
2015
1990
2848
128
3589
2133
1961
906
5833
839
3799
5158
3594
211
3064
3066
2374
96
1077
82
242
550
25
2453
220
4204
3602
1656
1114
470
5853
3659
1730
1040
2003
815
3633
319
5813
4911
2035
69
3626
3094
3093
5244
4231
2998
862
3776
925
109
3635
3646
2273
684
1546
1417
2371
4416
3766
5656
2452
5850
864
1060
904
1790
3001
4900
3429
56
3111
1099
4324
436
2624
3086
143
2306
3196
3018
1304
1773
2438
4230
5555
5802
2034
787
12
29
4780
1927
1526
2587
4954
644
3104
342
40
4224
1998
5843
5765
3098
3015
1091
217
1759
1369
3490
1335
783
704
716
666
432
726
1663
408
1865
3165
3356
2641
1820
1532
656
3023
2603
5580
1775
209
441
1829
2894
4861
3109
660
5394
776
155
2860
1754
4001
140
153
5003
1838
701
840
1882
2854
698
1833
403
5847
3978
5786
5789
1982
1093
2058
3850
780
1628
251
4959
4624
4913
778
3628
2888
531
54
1719
4786
3114
2973
827
936
2044
1438
4366
2002
786
428
4423
4896
3898
152
3055
1808
3106
2978
4246
2920
1769
1067
4948
645
136
2840
3204
5521
2827
5873
2291
4007
1751
5788
35
4943
5452
3900
2605
3246
1105
2986
659
3102
2990
5413
1071
1490
372
20
1590
2995
3737
5016
3380
2092
1382
5163
2079
4268
5552
53
2470
745
2991
5911
5383
5548
2451
830
5855
4011
4028
3974
2442
1782
5532
980
5557
3117
771
5571
46
1059
2430
205
3187
2607
3905
1400
754
5210
2970
5259
273
1705
2167
1931
5851
2179
3185
1102
770
1762
5841
3707
88
3087
3201
1753
1668
534
5348
2061
1104
1695
558
2053
795
17
5015
3944
4655
3843
2055
924
5668
1699
4652
86
2473
151
4038
55
1757
3105
154
4312
1764
3971
2581
5261
124
3985
3995
1483
920
1475
5387
4327
2016
4278
2280
3796
475
5625
863
3198
3496
4004
5579
2458
5859
2052
1361
4603
710
1623
4073
781
5058
5173
5829
5497
4010
2240
1265
3386
5034
5624
1056
4340
4325
5110
1224
1267
735
3090
1712
3054
3112
3110
874
4311
4012
4037
4245
3020
1770
5082
3159
5385
2049
4023
5386
131
868
3984
5124
14
4065
3180
3004
16
3099
3152
2930
1951
4309
1455
87
1709
3915
1498
2037
3084
1634
507
3115
1553
3697
4264
1458
1586
1920
2838
2046
1926
4872
2872
3365
499
4328
4562
2909
4783
4253
1376
4739
3053
1890
3178
3899
4017
5391
4019
4025
3999
3122
2964
3994
4027
5384
4009
5508
3124
3191
3007
3026
4006
1474
641
1305
4260
4031
2897
3189
122
4929
3211
2878
3906
508
1579
3902
4021
4315
1289
356
5537
640
4932
2096
3669
3593
382
1966
5041
3859
2849
5875
4263
2524
751
1547
1338
4317
5392
4015
4030
4014
4022
5374
4035
3071
4003
4018
2974
3172
2979
3980
3964
3993
3996
4024
3125
2981
3069
3224
4013
3051
3074
1486
3967
3070
665
3126
5410
3956
662
2868
104
2859
2882
4853
3983
49
1492
2876
2870
1319
5014
1259
2999
727
5118
664
511
1079
3021
1414
1921
498
975
3022
4352
5389
773
2911
2902
2883
2928
784
3976
1386
661
2867
1611
266
291
1068
1509
3245
1069
5378
111
2877
1503
3079
3946
1642
5382
1241
5377
15
1332
3907
1541
4097
772
66
2892
3044
1473
134
4348
4329
2440
5050
3052
3615
84
1612
2996
199
934
5909
2059
1563
1499
1683
462
766
4950
234
657
767
762
779
2886
2881
2905
759
2891
765
2900
782
760
2869
2873
2893
2875
761
2906
2908
1986
2887
1022
2896
750
2880
2021
1508
2464
740
3218
2874
1504
2851
1109
526
5036
1689
697
1506
68
3242
1029
4254
2865
2879
1172
221
1196
1495
5839
2047
982
1641
3586
2465
517
2251
1481
1501
763
2463
1510
1078
3127
1082
643
775
753
725
76
769
138
1107
1005
461
2918
2912
717
1113
733
1923
4318
1949
2953
1055
367
1088
4275
1941
1624
1925
564
2041
1456
2435
1232
2042
810
2955
1016
2216
305
1257
1726
2060
4445
1316
4868
5800
3470
1489
5908
1802
2705
1134
4283
3839
2469
2950
747
1101
2956
2466
1863
1087
2468
768
1051
1096
1520
1072
2433
964
734
1938
1306
1903
1100
39
5020
1318
2449
1868
1337
1445
1542
1092
1381
1075
5112
1116
2431
332
1917
695
972
1359
201
1831
135
1539
369
1362
1763
2889
1212
2357
808
624
689
1239
919
4479
5055
1671
4924
2936
1081
1098
1084
1303
1090
1324
1302
2436
1538
724
1205
1373
749
2941
2050
1074
1041
705
703
1364
1460
2959
1870
421
1039
1610
1050
1246
1398
2346
692
5005
928
1531
814
1907
5035
986
2045
2406
1216
2253
1327
1111
515
1627
1755
235
2404
193
1935
1334
3941
1402
1035
744
521
1494
755
709
729
721
720
694
774
1052
1403
1190
682
1007
1346
1046
1900
2039
2056
722
2963
970
2122
548
502
1013
1094
687
1543
1639
1044
2934
2925
1421
691
18
1377
626
1017
2429
650
1360
679
2913
1171
706
1516
1996
2359
1345
1080
1425
680
1706
4305
2856
489
179
2279
1914
1150
2944
714
1901
1356
2957
1873
699
2215
2062
1397
2961
2066
2910
2938
1385
1355
2952
2914
674
1036
2940
2921
1027
2939
922
1939
647
1323
2204
2123
2115
1918
1396
1049
1028
1457
1309
1133
1383
1904
1234
1379
1965
1301
2109
2057
2100
965
2245
2097
2948
2340
1170
8
962
1146
1992
971
1375
1957
2935
2947
2945
2161
1393
2903
2929
2898
1958
1872
2946
1026
1350
1407
1384
1182
1325
1160
1168
1899
1034
2932
1864
1003
1004
1348
998
1048
1129
1127
1959
1399
966
1906
1371
19
1047
2224
1037
1033
1156
1021
1000
671
1161
1006
999
623
648
1991
1331
1352
1018
1431
1128
1878
1251
1405
1001
1031
1147
1002
1130
1148
1162
1342
2228
1240
967
1038
1023
1042
1015
1191
1125
976
1024
988
1328
1237
1247
1226
1339
1322
1426
960
1343
2099
1366
1164
1976
1429
987
1163
1406
995
2064
2418
38
1290
1228
2094
963
1448
1250
1260
1404
1440
1452
2305
628
1263
2063
1231
7
1932
2401
1010
742
1391
673
2417
26
2398
2347
1222
1281
1368
739
681
1248
629
630
1437
1862
1995
1221
1227
1298
503
959
1943
1478
994
2283
2396
1981
2282
1274
2421
1269
1500
1225
1535
2428
1194
1505
1308
737
1877
1453
2202
619
2413
2276
2394
1392
1908
621
915
1979
672
576
1898
1880
1667
690
1378
1432
685
2422
1454
1497
1326
677
2411
676
686
700
2427
2426
2434
1358
1217
1428
2387
2415
1462
1409
2390
617
631
2089
2271
2312
1410
2293
1230
1203
2320
1149
1261
2399
1527
1524
667
2275
2005
2410
1209
579
2376
2377
2284
1183
542
2386
2321
1340
2254
1030
2177
958
1188
1254
2391
2412
2393
2403
1244
2416
1436
2385
2382
2400
636
2389
1442
2402
1151
501
1139
1202
1911
2392
1963
1204
2311
2270
1145
587
486
5
1138
1266
1714
1682
1215
1647
1253
844
1545
2294
1176
2281
2337
495
2264
1704
1192
2885
1962
1664
1550
37
2360
2086
2238
2239
1515
1617
1143
1944
992
1208
1177
1158
1229
1187
1173
2800
2329
1502
1137
1528
1731
2303
1178
2257
509
1559
2379
1698
1213
1571
1272
1658
1511
2246
1159
518
2363
460
1447
1592
1282
2789
1461
1435
1165
485
2336
189
1644
2295
417
2004
1136
2322
551
1629
1659
1519
423
467
1472
1285
2105
803
933
2828
1700
2307
1690
1434
1548
1141
1152
1193
1721
1593
525
2822
584
1599
1711
2348
2830
480
1676
1167
1220
529
1284
2796
1600
569
575
1564
1693
2816
488
1277
1968
1549
2812
1613
554
1725
365
1678
1320
1691
484
993
1523
1249
1518
1441
1551
1238
465
519
492
1517
2367
433
957
1329
2380
1665
2084
2804
1446
514
2832
483
481
1558
549
512
522
539
1910
513
1521
1713
1589
1685
1275
1552
1214
1522
556
533
343
321
1140
378
188
295
89
490
410
190
1466
2821
545
322
97
355
1666
1575
1565
594
1574
597
1670
602
2792
315
491
316
610
2809
1588
2820
85
1718
557
482
581
538
563
2
599
532
574
1572
1569
494
348
307
1583
2826
596
345
567
589
346
580
362
334
1463
1703
1567
1580
1584
544
338
1467
1729
463
306
286
585
1554
285
424
1585
271
357
611
1470
600
606
361
349
1566
412
317
604
1465
1
607
540
310
605
280
427
364
333
312
612
350
309
595
311
308
582
392
431
358
588
440
603
1576
381
389
430
414
396
1561
337
401
371
445
323
2807
448
353
409
278
274
438
406
390
370
416
415
387
447
335
279
175
267
397
325
354
202
366
368
301
1722
451
228
383
281
243
422
184
434
182
377
336
185
398
442
282
435
244
411
252
178
180
181
504
394
405
296
395
272
1630
2823
173
236
324
277
226
2817
921
192
1011
170
77
313
259
1598
2799
801
2841
1595
177
1626
1601
452
284
471
172
2852
299
78
4674
270
67
174
913
297
917
141
931
804
314
1065
191
2162
110
914
2327
911
930
1652
1313
923
171
927
1646
2278
300
932
941
473
2356
2237
144
945
1618
1292
2670
1314
2125
1293
3
952
3227
822
73
2265
2351
2083
3243
3058
829
2591
3238
940
101
2252
954
2190
3977
2235
2760
937
1752
2515
2217
2590
1739
1294
2597
2243
2593
2623
1295
2258
2272
2531
115
946
103
811
2124
2248
83
2743
2802
929
939
943
2104
2297
2890
2768
2692
70
71
2698
2711
2689
2602
2704
2198
2639
2648
1803
1756
2750
2794
2577
2712
2220
807
2714
2107
2242
2769
2538
2533
1797
949
2368
2355
2541
2502
2214
2773
117
2622
2736
2644
2643
2645
2780
2534
2683
2657
2801
2677
1765
2594
2793
824
2638
2613
329
126
2787
2791
2682
2629
2647
2649
2585
2572
950
2082
1609
2596
2739
469
2631
328
2247
2268
2523
2642
2778
2619
820
2260
806
2665
2719
2771
821
2681
474
2563
2776
2547
2703
2724
1625
1740
2777
2790
468
2668
2718
953
2685
2652
2669
72
2595
2500
1637
1783
330
2606
2746
2651
2675
2503
2735
2498
2499
2640
2646
2733
1733
1796
1603
2532
1734
1604
2679
2727
2540
2748
2762
1735
2756
2618
1737
2674
2720
2583
2545
2772
2745
2759
2512
1771
2505
2573
2530
2604
2664
2713
944
1780
2708
2734
1732
2721
2504
2510
2574
2537
2549
2522
1607
2662
2693
2561
2680
2507
2673
2562
2528
2709
2601
2559
2511
2671
2589
2678
2686
2560
2702
2506
1736
1738
1788
2617
2588
1768
1807
948
2632
466
2233
2250
2244
4796
2229
2213
2227
1742
2249
2206
2255
2513
1312
2378
2080
2126
5542
2313
2225
5531
2207
2241
2081
834
2180
2197
2186
2192
2196
2188
2208
2219
2150
2116
2163
2209
2103
2324
2310
2195
2106
2160
2210
2120
2078
2335
4196
4985
2308
2181
2342
2350
2230
2140
3912
2139
5484
3030
4005
2170
5437
2343
4804
2222
3167
3981
1296
5472
327
4764
2298
3768
4787
4002
5477
3940
3221
3539
2316
2189
2164
2331
2151
2187
2173
2158
2119
2341
2203
2175
2142
2147
2332
2315
2159
2182
2302
2176
2135
2349
2155
2309
2141
2317
2075
2148
2191
2146
2299
2132
2318
2325
2172
2338
2333
2300
2157
2334
2153
2301
4774
3029
3965
3072
3942
3596
4766
3932
5589
5588
5274
3812
3879
3927
3407
4080
3949
3928
3170
4605
4749
3968
3215
5845
3955
4297
4135
5861
4299
4767
4744
4251
4755
3162
3156
3123
4523
3252
4225
3709
3132
3388
4109
4726
3804
4227
3003
2993
5032
4064
4101
5255
5812
3674
5877
3998
4291
4119
5450
3048
3991
3619
5900
3889
4343
4244
4044
3629
4916
3374
4790
3582
4513
4852
4919
5125
3948
4313
5019
4248
5004
4043
4127
3922
4138
3961
4955
3918
4712
4734
5844
4093
5879
4846
4729
5439
4706
5142
4521
3931
4725
5871
3960
4186
4526
4082
5857
3158
4635
5801
4141
4276
3222
4258
4733
5881
4717
3930
3318
3563
4382
4347
5780
3752
3375
4507
5283
4784
4316
4884
3202
4925
4515
5837
3368
176
4708
4724
4303
4707
4083
5056
4746
4718
4747
4326
4081
3882
4293
4146
3917
4323
5866
4752
5117
4849
4272
4151
4049
4112
4300
5856
4602
4096
3331
3892
4847
5033
4522
4534
4367
3363
4365
4719
5894
3982
4709
4142
4878
3939
5865
3856
4776
4270
4376
3990
5878
5111
5293
4660
5136
3763
4337
3153
4249
4700
4702
4106
4723
3894
4304
4046
4047
4098
4759
4770
4294
3893
3923
3957
4288
4728
4354
4045
3890
4743
4088
4286
4735
3764
4788
4893
3765
4223
4760
5101
3896
4174
5084
4084
5023
3950
4720
4713
5060
4945
4771
3844
3564
5822
4322
5045
4092
4295
3926
3924
3891
3884
5072
4782
4792
3868
5811
4219
4779
3936
4125
3919
4128
4701
5052
4115
3920
5089
5037
4257
4684
5095
2550
4798
3925
5858
4820
4099
4877
5022
4349
3676
4282
4335
4201
5890
4356
4751
4355
4117
4385
4905
4778
4239
3872
3869
5096
4609
5886
4614
4907
4595
4827
5137
4362
3666
4183
4218
5077
4763
4273
3886
4715
3665
4633
4926
3887
4240
4243
4378
4050
4351
4269
5887
3566
4360
5913
4869
4388
4824
4882
3713
5868
5914
4902
5896
3753
4901
3969
3641
3648
2397
4359
3834
4390
3699
3614
4167
3685
4372
3861
4137
5912
4279
3692
5759
4615
3934
3607
4333
4874
4560
3149
5876
5565
4668
4643
3959
4716
5449
5862
3706
4091
4438
4485
4857
3565
4358
4344
4392
4391
4850
4342
3645
3658
3673
3678
3562
4334
3686
4345
3675
4298
3570
3700
3574
3604
4285
3881
3677
4860
5874
3567
3595
3624
4863
4816
3568
3662
5885
5905
4888
5910
3845
5883
4875
3561
3702
4161
4828
3656
5761
4053
4185
3732
5821
4353
3798
3576
4623
4818
4891
4086
4242
5269
3691
4873
3661
4862
4812
4817
3684
3631
5869
5864
3694
4175
4398
3632
3695
3664
4821
4866
3668
3627
4389
5915
4181
3679
3639
3640
4139
3704
3672
3683
4090
5882
3954
3032
4600
4597
3775
3731
4143
3038
4826
3793
4165
4825
3560
3150
4394
5870
3800
3682
4619
4428
3035
5863
4491
3880
4415
4123
5199
4383
4386
4060
5013
3654
4393
3703
4469
4632
3160
4105
3849
3630
3848
4059
4436
3651
4645
5892
3831
3854
4192
3351
4205
4061
3236
3265
3133
4890
4198
4559
4648
4634
5044
3543
4886
4144
3712
4406
4642
4490
4535
3412
3384
2968
4266
3929
4596
4961
3851
4182
4607
3611
3148
4168
4653
5220
4217
3846
4062
3559
4403
4400
4402
2969
4055
4079
4131
4057
4399
4431
4476
4439
4630
4147
3462
4396
4158
3457
4078
3580
3241
4497
3430
3821
4058
4121
3698
3689
3750
3247
4538
4533
4190
4502
3814
4516
4159
3255
4104
5785
5790
3408
5008
4520
4214
3294
3361
4528
3239
3379
3248
3301
3131
4569
3231
3220
4234
4154
4148
4095
3485
4132
3643
4140
4407
4129
3751
4191
3433
4593
4414
3787
3293
3795
4583
4071
3730
3207
3089
3096
3491
3688
4524
3244
3426
4220
3857
3225
4471
3251
3411
3425
3865
2966
4664
3477
5038
3036
3478
3878
3667
4170
3339
4934
4508
3228
4210
3442
3402
5154
4432
3250
5792
3085
5687
3518
3468
4110
4111
3448
4103
4435
4427
4450
3575
3447
4442
4616
3212
4171
3208
4203
3392
4120
3431
3401
4525
4572
4570
3383
3443
4122
5777
4474
4149
3817
3130
3371
4580
3209
4551
4659
3774
3406
4567
4671
3670
4163
4601
3370
3781
3579
4454
4440
3378
3376
3177
4426
4481
4561
4530
3137
3143
3483
3377
3142
4420
3195
3391
3479
3216
4447
3385
4587
4591
4413
3203
4458
4592
4449
3171
4446
5784
3136
3199
4209
3141
4211
3350
2965
4468
3381
3310
4584
3233
3358
4486
3432
4451
3161
4650
4613
3147
4641
3484
4620
3135
4612
3405
3336
3367
3877
3393
4461
3337
4455
3875
3396
5783
3486
3254
4484
3321
3403
3876
3155
3322
3257
3342
3289
3138
3348
3335
3200
3324
3190
3355
3312
3304
3449
3417
3389
3369
3398
3134
3262
3347
3458
3469
4500
3480
5793
3341
3464
3328
3382
3473
3343
4588
3459
3323
3418
3291
4501
4480
5762
4495
3558
4472
3330
3352
3415
4670
3395
4189
3340
4673
5776
3532
4429
4477
3258
4408
3419
3463
3472
3450
3275
3492
4510
5778
3276
3290
4498
3509
4505
5772
4506
4527
3274
3390
5791
5774
4529
3288
3493
4487
3489
4514
4492
3482
3488
4667
3387
3329
3279
3474
4404
3499
4176
4162
3261
3497
3461
3553
3305
3285
4489
3475
3460
5779
5781
3444
4155
4536
3435
3498
3534
3327
3495
3505
5749
3266
3307
3538
3271
3465
3311
3308
4517
3313
3536
3434
3410
3544
3466
3494
4573
3476
3295
3501
3500
3297
5735
3320
3281
3286
3268
5752
3269
3528
3508
3535
4499
4511
5773
3284
5748
3451
4537
5692
3334
5704
4070
3296
3502
5705
3513
5714
3283
3280
3520
3540
5716
3749
3438
3549
3524
3526
5751
3506
3510
3515
3521
3517
3529
3541
3516
3531
3436
3548
3530
3552
3522
3555
3551
3270
3287
3302
3316
5679
5732
5747
5698
5730
5713
4585
3061
5686
3118
5416
3282
5764
3760
5659
5736
2967
3855
4565
5598
5660
3414
3866
5632
5618
3413
4698
3871
5642
4582
3759
5629
3333
4938
5661
5860
3860
3853
5564
5417
5619
5729
5646
5719
3034
5651
5743
5560
5657
5669
5490
3744
5655
4699
3858
5431
5570
3037
5603
5617
5903
4586
5697
4598
5683
5601
5458
5635
5612
5721
5551
5689
5381
4722
5522
3745
5518
5701
5503
5599
5644
5720
5728
5024
5578
5626
5899
5430
4879
5609
3761
4922
5256
5006
5621
4740
2987
5224
4216
5745
5733
5708
5738
5709
5663
5718
5712
5703
5731
5722
5756
5670
3746
5760
5678
5691
4711
4576
5685
5723
4555
5457
4557
5675
5711
5673
4541
5690
4697
5476
5754
5443
5469
5606
5451
5483
5628
5558
5464
5529
5535
5694
5474
5528
4041
5854
5594
3757
4696
5540
4237
4622
5547
5539
5585
4982
4542
4737
5584
5666
4566
5415
5636
5616
5648
3874
5682
5550
5423
3740
5653
5593
5665
5592
5637
3758
5652
5586
5620
5563
4604
5424
5482
4544
4705
5681
5575
5602
5614
5486
5587
5674
5432
5583
4539
5496
4543
5568
5654
5527
5573
5590
5645
4545
5577
5559
5641
5526
5485
5507
5420
5622
5595
5633
4775
4546
5582
5569
5422
5623
5640
5574
5581
5455
5610
4682
5517
4683
5504
4732
4704
4727
5463
5516
4758
5454
4721
4769
5444
5514
5492
5494
4680
5427
5525
5460
5461
5435
4681
5493
5545
5480
5445
5471
5481
5475
5470
5513
5462
5436
4213
5012
5007
4212
4221
5240
5296
4235
5226
5221
4856
5132
2992
5061
5198
5278
5235
4983
5139
5160
5223
5285
5001
5236
5048
5170
5265
5068
5122
4975
5241
5227
5028
5039
5011
5218
5263
5205
5250
5271
5253
3910
2414
4986
5242
5169
5165
5098
5219
5150
5189
4964
5319
4966
5138
5309
4988
5275
5109
4989
5280
5168
5162
5177
5049
5009
5292
5155
5213
5010
5239
5102
5146
5188
5203
5233
5222
4894
5175
5254
5030
5159
4840
5029
5135
4967
5066
5196
4841
5174
5097
5270
5194
5195
5121
5079
4957
5070
4984
5217
5088
5054
5167
5152
5202
5151
5197
5279
5248
4997
4969
4971
4990
5145
5149
5204
5086
4987
5108
5214
5065
5047
4998
5120
5182
5080
5200
5231
5104
3012
5286
5140
5130
5184
5091
5069
5105
5087
5131
5062
5053
5127
5074
5144
5078
5081
5133
5123
5115
5180
5183
5185
5148
5209
5000
4996
5211
5245
3016
3013
4994
4993
4995
5249
4991
5238
5268
5266
5267
5252
5262
5260
5282
5229
5277
5290
5276
5281
5294
5308
5295
5307
5247
5291
5301
5289
5315
4215
5299
5310
3909
5302
5314
5313
5325
5311
5337
5303
3014
3011
5329
5297
5300
5316
5317
5334
5335
5328
5326
5341
5358
5318
5352
5336
5322
5323
5346
5312
5324
5327
5333
5338
5330
5342
5347
5344
5332
5345
5339
5331
5349
5351
5350
