2774
1599
1141
1443
4083
1606
3938
3113
2772
4545
1117
4641
4637
3917
4260
1266
2769
3892
1598
3620
3390
459
3016
2779
1238
2081
4355
642
1668
3414
1131
4392
328
5726
2771
3499
1108
1123
4638
5755
1647
5007
1655
1281
1107
4059
2616
675
4546
2766
5748
4997
419
416
4039
329
183
4568
2189
4993
5582
2697
5491
4988
4171
2077
4174
2615
4218
5807
2753
460
5391
5499
4630
4172
2171
3336
184
4071
2128
4762
294
3318
4517
4577
1305
5204
5006
4126
4
5739
5646
4254
4149
5256
5585
2101
3197
3311
4989
3324
2673
3384
3427
185
3383
388
4108
2867
1106
4275
2079
1368
4094
3548
5
2728
3934
719
571
2456
1485
175
1452
373
4278
1103
3706
710
4635
4351
698
586
4247
3935
2734
1116
2448
3889
2557
186
4423
1110
3229
402
1130
4527
1246
1707
1351
2874
3897
2762
4525
3642
1100
980
1530
483
2757
1297
5146
4115
5740
4027
1244
3929
5580
1259
4477
2719
4025
4222
5634
2180
3415
3341
2999
2090
3112
5201
1031
5058
3260
408
5593
2100
4173
3109
5036
4632
403
5103
5384
2126
2188
4353
2607
3552
3261
3300
1638
3937
182
742
4995
5694
3376
2272
2089
5302
3891
5053
2591
2609
2306
3334
5152
4214
4180
1435
1025
1311
5619
4356
4960
703
4053
1512
4455
2045
2775
4041
2636
1182
457
4147
1019
1115
1621
3428
1390
2642
2619
1406
596
4427
1003
2660
4478
3554
4372
5543
4122
2758
2833
2747
1407
568
3671
5753
399
2778
1604
5135
2693
486
453
3678
3669
4350
988
5699
2879
4530
3378
979
4060
1478
4407
2727
666
2655
4257
688
1013
2965
1591
1646
2095
2569
5190
3004
2076
4513
239
3225
2066
4210
3887
3295
5059
3110
5487
280
2617
3108
2595
454
1283
1958
4219
1258
2193
3231
3832
1257
1447
4139
1685
3714
4326
3370
3505
5421
4384
3065
2232
3954
3003
5063
2888
747
3896
3323
2549
5586
3500
565
1709
1092
2307
3385
1437
1265
5050
3491
3655
3982
3676
936
5717
4001
690
705
5889
3979
484
4073
4233
4113
2447
4970
5056
1421
4416
2234
3674
5170
5046
2696
5079
3603
1241
4270
379
4964
2745
5874
2715
5288
5069
1507
369
523
3657
1592
3558
5620
506
5509
5134
2736
4973
2201
485
5348
5255
5157
1611
1880
4209
1075
5308
5621
4153
3486
4505
5745
1519
1693
4397
603
2586
1620
114
327
1710
715
1312
4619
4576
2572
3235
1607
4119
2067
362
762
2855
5106
4558
3349
3291
2088
4959
5716
3205
3286
5520
633
3101
3200
3203
4640
1659
2562
465
3719
1920
3598
3301
2933
5390
4019
2646
2323
1294
5501
2512
3675
5583
576
955
1316
1109
962
2050
4135
4373
1020
3919
2109
5087
5067
1262
981
4227
1190
1072
2118
5029
4037
1995
1155
1099
2976
2276
5198
2980
5701
5043
1043
4221
1434
3955
167
3232
4264
3748
3015
4226
1445
4968
1296
4243
285
1393
2962
1943
4317
4644
1490
757
5153
1284
174
3890
2159
1136
5535
2713
3497
2703
3190
2682
941
3338
5602
5628
3506
4542
2647
1615
3538
246
3174
5826
2748
3426
1590
2723
3170
3312
2355
2674
1903
3715
926
1697
237
461
697
2318
4626
5260
680
1104
337
5837
1586
2689
3946
2679
2613
4634
572
3747
4145
731
4161
2154
4328
3462
2875
667
3555
1101
728
37
2414
5235
4215
2043
2112
4087
1352
5534
2065
5559
2534
1795
5505
502
147
1145
5685
4567
5689
5012
4520
1534
1705
1026
579
2813
5151
4996
5165
5086
1134
5500
1532
3591
1408
4277
5440
5229
4962
2344
1148
395
5393
4797
5117
5091
2559
3877
2406
3069
2397
5727
4026
3022
41
5038
2296
4447
4412
2776
923
4421
2179
3387
415
4450
746
5721
4584
1614
180
2073
528
4805
1459
1574
3670
4283
4309
3607
5750
4238
3353
3381
3388
3481
4449
4204
805
4569
3662
963
4018
1360
2770
4571
3870
4438
1605
534
3212
2845
2843
4030
4766
1217
5343
4425
3526
1489
2991
1929
4070
5584
1201
2579
5555
2049
80
2538
3952
1774
2204
1066
2583
3939
3947
2751
15
1686
2755
2446
5666
4498
4354
2233
1741
2372
310
1767
2671
3099
3654
1140
1934
577
5648
5645
5054
3829
2369
1854
1121
5383
5116
5277
2858
2301
2643
2597
81
1593
392
5731
570
5051
2780
3840
2884
104
2908
2268
5610
3374
234
4924
3366
139
858
1882
1892
4906
3009
5325
4377
5327
2422
1973
836
4832
2869
886
3176
2167
3172
1960
3130
4834
5522
5360
5354
2498
2008
864
3446
1772
3802
1812
5881
1983
1978
1864
2205
3563
3773
10
3728
4509
43
22
2471
1723
3458
2309
5531
4775
5361
4904
46
1927
3995
1753
4366
3136
3137
4367
776
4867
4876
20
830
815
4880
3183
1726
1976
1962
1828
2525
3726
2400
870
1464
1737
4004
4870
5712
3189
4729
3794
3790
1863
5366
5767
5803
1582
3751
1814
3143
3848
2018
5407
4334
4927
4770
4872
2036
5668
829
4898
3769
5879
5605
4878
4844
4953
4003
2026
1578
2162
407
3289
2072
4873
679
176
2093
4319
5222
2292
5475
2117
4274
5815
1260
5528
1319
1132
1247
5247
542
2271
1513
4130
4111
5042
4976
5045
1498
3308
1306
3429
2091
5226
4975
5209
1346
247
5003
4175
3389
2995
2145
1154
290
1254
4176
3895
3545
2863
451
5014
4151
2069
2927
2080
4262
5770
3854
4658
4752
4745
3196
3542
918
5099
227
1877
5467
4806
2914
972
3724
215
5873
5771
4916
2637
5503
1829
1780
1800
264
3356
29
221
3763
5800
4657
2465
1063
5797
4784
94
3782
4823
4824
5472
4807
3762
3781
205
4749
1824
4866
3359
60
4881
671
3543
1669
1968
950
2801
1821
63
220
2436
2432
2435
2430
1861
1822
2426
891
1641
541
1936
3803
860
64
2428
2516
5372
894
517
1922
32
1718
5864
5364
5427
1807
5796
5370
5369
1970
1992
847
2421
1416
250
396
1673
1948
2429
2677
1270
3693
5698
4869
850
1067
90
4241
610
1990
1904
1915
853
5742
4483
5374
65
257
1608
1890
791
4900
868
3540
3561
3079
1910
1826
3588
4889
904
4768
1725
4913
887
192
5852
5439
348
4713
1819
3770
4852
3912
5769
2020
1987
4890
5782
788
5403
1493
4888
1823
863
3541
5824
3573
1199
4892
4858
2948
2993
2401
1314
1324
4901
5597
3131
1888
839
5331
1796
2003
1781
1837
4746
4747
28
2427
1894
2499
3092
1889
2988
2964
2963
5414
5428
150
144
2989
3091
2515
3570
3362
3569
3358
1562
4919
1924
1798
3404
3120
1993
1817
5489
3784
3789
3084
3132
2477
3856
797
4893
2485
834
5512
4839
2466
3469
51
4187
1497
1679
4774
1568
4203
5110
637
4939
3008
3793
1831
4897
5877
1916
865
4606
2399
1835
871
79
2822
2711
2469
1827
208
1956
462
2796
1070
1788
159
5774
5870
1784
1810
5199
1719
3571
1765
2476
4787
846
4899
17
48
1833
3973
4249
4365
42
3351
4857
236
152
4861
4882
1570
3775
1251
1834
4154
5179
3373
3367
5357
5359
3035
799
2740
946
3936
3165
4563
1404
201
4032
4417
3032
3064
3111
3996
5347
1702
1164
5578
4821
5600
5675
934
352
4572
3335
3477
4578
5707
5718
1637
1708
358
4522
363
2497
493
3219
1625
2716
5494
761
1522
5676
3970
5563
3888
821
2550
925
4565
5280
4393
458
5575
253
1050
969
5381
1752
5336
5572
1758
1674
5417
876
917
222
1538
5368
382
1830
3400
2994
947
2486
3441
68
600
5445
3075
4875
203
5722
1577
3780
4719
1820
2726
2784
1692
4188
3238
1682
4884
5355
259
3608
4375
862
866
5573
3010
287
2620
4693
4764
2243
2950
2405
2013
5497
1783
2459
854
900
4252
4887
4864
5759
3649
4705
36
318
519
1887
3800
238
3447
3522
4736
5268
3805
883
4938
4895
2487
4837
2423
1799
129
2947
4780
5107
2377
1696
4660
1806
873
878
5278
3153
4952
4720
5328
4717
2810
3056
890
3357
1825
816
626
2337
3811
1971
4905
1626
4863
3572
2924
3423
1663
143
117
4753
5886
4009
5400
4885
5373
1869
3033
1985
4621
1933
4721
4934
3418
4582
3704
1367
3133
1088
2218
2873
3342
4296
5523
673
5878
1896
4859
780
3478
69
2014
2509
2877
216
1446
5518
4166
3124
2460
494
2038
617
3465
3730
5434
2160
524
977
5871
3169
645
5557
1949
4168
488
4711
4925
4712
1654
1980
5456
4920
2940
4259
5394
91
2631
4935
5405
1857
817
4500
3443
2439
3795
343
5150
365
3798
855
1078
4160
3467
4902
66
4860
4791
3627
5508
1818
1396
4754
5530
154
2878
5590
4286
5608
1397
292
2286
3054
3181
1500
1815
2854
5669
4510
162
3144
3628
5661
4263
2390
127
5506
2870
852
592
2997
2949
1302
4735
741
3145
794
1724
4724
4486
3930
256
5317
3083
1984
653
893
3123
3347
3931
5477
111
3257
5705
3799
3796
5637
1203
302
4931
5544
1902
4741
1852
1017
2687
5678
2621
867
3150
4865
4853
5419
5869
5569
1036
2760
4338
148
3843
320
5167
4871
5681
4955
372
2705
1891
714
2381
4777
3882
4894
646
3940
145
845
3403
3435
3765
4627
3088
1594
2812
2806
108
835
5346
3208
265
647
359
1644
2818
1805
5379
4933
3352
3343
1704
423
1194
4956
4202
197
1086
1733
4848
5778
3768
5252
5859
1963
521
3270
1310
612
2974
4515
3011
5413
2468
1090
4958
4739
2800
2825
5601
1850
9
1388
5855
1415
5180
5682
1567
2957
5349
2501
4600
4465
3211
4772
5558
3182
3061
5737
5802
1721
875
4279
83
4358
3999
3455
859
1797
1290
1997
1384
471
1858
340
2425
2541
4728
4854
1871
4466
5490
790
1917
472
469
86
520
4501
4602
3243
4855
3116
5865
5444
4802
93
5866
107
3186
3568
3039
5632
4110
393
5825
3048
3562
2441
100
389
1722
911
1535
619
5651
4699
1576
4716
5473
4874
5615
1873
3801
2470
400
3729
3501
899
163
3791
2433
3776
5738
892
3738
526
5884
2395
3703
1560
4668
2061
157
4101
5005
793
1884
840
4650
1862
3026
5442
272
235
5638
5883
3741
35
4750
5126
3214
4886
124
1624
101
89
5589
140
3644
861
5298
2123
4731
3382
2680
2694
258
4212
3924
263
62
251
901
95
5169
4533
209
4557
4121
2056
1671
5402
4523
4197
3875
4224
1716
3731
1333
2563
3331
5541
156
3847
4539
2785
1187
202
3837
102
252
3727
908
5149
118
2507
153
3960
1687
3439
2393
487
4592
11
72
3303
1840
1836
1839
5133
1919
2214
3690
2037
3074
1907
1448
195
5264
4709
1272
2389
5513
1851
1905
970
2472
993
659
3652
2970
198
2540
1675
110
1763
807
4649
796
2627
1745
1300
3454
2394
3743
130
1938
141
3739
92
4862
1430
1074
1790
765
2440
4055
2749
1585
1684
2790
2743
199
244
1711
5311
3468
1770
784
787
5482
5626
440
2729
3340
160
4497
3397
7
44
1874
5688
3250
5478
838
1269
432
4715
4656
4612
4352
527
2153
121
1029
3723
5495
1793
4941
3599
5129
3742
1764
23
1802
4726
267
3173
2504
25
3641
789
4646
2148
3309
3422
3771
5422
4460
1775
5673
4879
2437
2564
2913
5479
3322
4112
3556
4307
1804
2956
4815
872
5307
1761
879
1771
161
5416
1091
1374
34
3534
5858
4648
213
3285
333
303
4484
4616
3440
3209
5625
3014
2737
1913
0
4540
5760
4580
3151
3273
5680
146
4877
4847
4529
3412
4653
1972
4561
1870
5715
3584
3049
648
1612
609
1289
4820
99
3213
5842
2560
2561
3700
1418
2524
616
2791
880
3442
3158
4908
2213
2941
2839
3777
3239
5488
1382
2554
3436
3733
798
3046
2718
2178
3779
882
540
3045
2575
4732
1293
4310
374
2246
4552
3086
1505
843
5468
3697
2794
3067
5399
5395
4801
3752
5761
3594
4380
3411
3024
4702
4496
4911
4803
4710
3518
3753
61
2034
1224
3716
5080
4771
3185
4281
1369
877
3224
982
1994
3419
557
168
500
1785
3146
874
420
625
2827
1323
3756
266
837
4928
5777
2536
3567
2951
2431
4804
4811
3911
3702
4718
4667
355
5420
2130
3168
5542
965
3371
1085
27
2666
5795
313
516
298
1998
3128
1424
615
4921
857
293
339
349
4485
414
2242
627
3533
2975
1561
3710
3757
1218
3162
3806
4825
3081
85
3495
5200
1794
4896
3797
4767
5215
3057
384
3093
4957
2535
606
3788
4819
5496
4682
4688
5809
316
219
2803
5819
277
406
4645
4617
4669
614
3783
5876
5744
3433
2797
1222
4930
4841
1571
4817
3634
3077
106
4932
2898
3698
4490
3612
345
4594
1169
1419
1431
2739
1777
669
4066
386
158
149
4909
1639
2137
4164
112
5457
3240
2303
2983
4708
1979
3745
5791
4883
5772
2984
5813
5781
3023
4818
5773
3027
3017
4903
3160
967
4725
5786
2987
361
2986
5577
4910
2510
5514
3774
4704
547
495
1084
2788
994
4651
3085
4608
593
3191
115
2035
1271
1417
2944
2253
4462
4105
2731
5401
132
1690
4458
3138
4744
2969
3631
5353
4573
166
2805
4917
1581
4005
3082
4751
4681
3044
4737
5451
4674
2961
3778
3992
3025
4748
4755
2488
2990
119
2985
3063
113
4742
71
2502
97
3055
3087
2021
2015
2517
4511
4433
1082
3511
1634
5844
1982
3737
5540
4379
3018
1756
3207
4756
1225
447
5556
317
4396
1941
4189
3068
4940
103
778
4707
3298
3758
781
2025
4665
3066
3021
4663
3078
2526
5352
4012
5458
4740
4689
5425
3736
2140
2556
5720
4733
4723
5438
3042
5576
3980
5424
2600
5856
5418
5823
4912
5466
5697
4672
5423
2547
3981
3038
245
1509
4833
3759
2217
194
5840
3193
138
3304
3956
1152
1079
851
4856
84
3767
3894
4810
4850
4738
5806
5687
5362
4734
3785
4743
4652
5433
4840
3040
3059
4706
3155
4655
4647
5406
2546
5568
5848
5474
3709
5469
120
5396
3864
5411
4722
5432
3786
165
128
2605
3766
5863
164
2010
4614
3972
931
4196
4566
155
3448
1742
5860
1632
5462
2404
1642
1779
1967
1428
5172
529
4703
895
1786
4783
3097
4609
3401
5437
1755
2537
5493
2527
5431
1769
4654
4666
4730
4678
4671
3090
151
5565
1776
123
3036
5426
1792
1730
3813
5516
4697
4662
3812
4685
3121
3717
3831
2403
5550
2032
4601
2024
1734
3202
1712
1744
430
4544
3028
5644
2542
2022
5002
764
137
3944
4929
387
779
5323
3822
725
4951
5691
1801
1754
823
5484
1813
4714
5408
4670
4676
4680
4692
4694
4701
3740
5450
2500
1715
1996
2005
2438
5430
5443
3071
4700
2478
2545
1759
5452
5525
4695
4536
2992
4691
3135
1748
914
4675
964
4679
4534
5667
2570
2543
67
3053
1743
5686
1713
2945
5483
2508
3810
125
3122
5570
378
360
5780
4690
4686
4684
4687
4673
4683
4696
4661
1747
1760
4006
1811
5526
2493
2464
2567
4002
3070
1749
5397
2463
2958
828
2495
1739
1787
2467
2530
5464
5398
5779
5564
4008
1768
5551
133
2520
938
5454
1714
1735
368
3072
3876
5448
1740
4528
2514
5794
4524
903
530
5787
3986
341
214
5549
5465
827
5476
1736
826
5461
1729
5404
896
905
4010
5441
4007
1762
3007
2484
2544
2574
1778
2473
3998
2483
912
3094
5492
1803
2553
1750
2581
910
3134
2942
4013
122
3034
2592
116
1757
4011
2481
2462
2489
3874
142
2943
3076
1808
5571
1773
5410
5511
3062
2588
2584
4000
3141
3142
3073
2461
2474
2552
2494
2482
5502
2505
2551
2590
82
5409
2573
5567
5455
2480
2503
3020
2611
3012
2614
2513
2580
3043
2602
134
5449
5562
5436
5459
5566
5538
5539
5521
105
5517
5529
2594
3147
3218
3988
1809
5367
1782
966
2596
3006
3873
3047
3157
3005
2593
2420
38
18
5560
2599
3148
3115
5463
5554
5548
5561
5504
5547
5553
5524
5510
5537
5471
2555
2522
2566
5481
5486
2532
5429
5581
2533
5546
5470
2589
5498
2511
2521
5507
5485
2529
78
3152
5552
5453
5447
3060
4677
3089
3037
2604
3080
3201
2523
5460
5574
3195
1738
2608
2528
2996
3013
193
2565
3019
3029
2558
1732
3002
822
3844
2578
3732
3041
2587
2610
2519
2598
281
136
2568
3194
73
2496
5377
2492
87
2601
2603
937
3052
3058
2539
5533
1789
5435
306
2416
2418
2458
5579
907
3215
207
933
2959
5415
88
3881
5386
902
40
3220
650
825
5654
939
3734
1746
3177
3993
3365
2577
3161
3154
2612
1959
5382
4548
2576
808
2445
929
2518
2606
2648
5650
2585
804
5662
924
19
5387
2633
898
2410
2454
3991
2452
5378
76
2667
212
2686
2661
818
1651
916
4549
2479
204
968
5480
2407
77
39
2725
5598
3961
2417
2998
5617
3095
2582
5342
4537
4610
2634
824
1731
2548
3691
1071
5613
5345
5649
3969
2419
1087
3001
1073
14
5627
16
5545
296
5636
5702
5375
5595
2444
5594
5696
2571
1077
930
1089
5614
5624
3878
5385
53
169
1728
75
5695
4512
2754
2449
5704
1650
1572
3841
13
3031
4778
3984
4489
2676
5351
4315
759
5633
4506
599
915
3804
2773
4625
921
812
283
5768
589
3721
5611
4518
2408
1080
4611
5660
3819
5677
5392
3818
5623
2409
5596
3994
5629
4519
1038
2629
74
1563
3808
5655
2652
1081
2641
1076
3836
3815
1011
4531
2709
96
2691
2455
4424
3096
3814
12
4593
940
3904
856
3348
3761
2506
3845
5588
4454
3221
1414
2939
2378
2746
3839
745
1161
4504
2721
1065
1083
3807
1061
1046
1062
3825
3820
5606
1069
2413
1044
3821
3834
1053
4622
3830
5609
4607
5388
3816
5376
3692
3879
2700
1055
4560
4620
5703
4643
5618
4491
3833
3846
2638
2415
428
3319
4364
2624
4550
5604
1652
3735
1602
3639
990
4596
335
3245
1480
2412
3720
820
3809
1661
286
278
3824
5635
4502
5536
5446
5665
5612
5603
1060
5657
3000
1059
5672
5380
4659
5591
5659
1064
3987
3722
4547
3696
5679
4551
309
4507
1027
3764
5723
5587
4664
4595
4589
5519
3263
4631
2717
2411
3849
3817
3823
2622
5640
4623
5340
98
4597
470
2701
2678
3227
3402
3480
4363
3997
3695
5747
5647
5658
5639
5607
5599
5643
5389
3713
4543
5630
4514
5592
4495
4482
4532
3718
5656
4555
5749
4554
4494
5690
3827
4570
2934
4559
4481
4553
4633
4487
5713
5706
3851
4564
3850
5671
4579
2672
4508
5622
4598
3842
5616
4629
190
2706
3828
4613
5700
2653
4590
4628
4759
4581
4428
4583
5653
4399
3394
5642
5664
5652
4499
3711
5663
5631
5674
5641
4493
3712
4526
5684
4492
5693
4488
5692
5683
4541
5732
5743
5724
5730
5729
5736
4480
3262
5709
4575
4586
5751
3826
2699
4479
4437
468
3835
3430
4585
4758
2450
3317
5888
2695
3508
5725
4403
4556
3686
4336
4435
2635
4167
3744
4432
2651
1068
4812
2443
4516
2625
4574
2688
2668
3701
2442
4588
5670
3119
3
4615
2683
4409
1751
1629
4816
3694
3396
191
3210
4245
4098
2724
2692
261
919
3684
3233
4385
3337
2714
3725
4155
3399
3600
3438
2618
4293
1566
4159
2698
3050
3750
1052
2744
271
3852
4587
3126
2632
3857
3472
3217
1041
3665
3392
2644
2654
2710
2630
2685
2451
2738
2704
3226
819
3204
2722
2707
3638
1564
3223
3228
1573
1551
935
4419
3560
3125
4603
1595
2675
4162
3117
3391
2664
913
307
5708
427
3471
70
189
3230
920
4084
4390
1548
3284
3853
3256
3361
248
3180
3452
422
4463
4446
3386
3368
4405
3437
3643
4846
2658
2665
2650
909
2690
2657
2457
2645
3398
173
338
2684
269
228
3127
2640
299
800
4388
3163
1609
2639
3350
897
2670
3271
1550
4391
888
3102
3699
4360
3364
4457
289
305
889
1039
2662
456
881
206
3118
3222
4414
188
171
3258
2623
4420
347
1653
3346
3475
4464
356
3519
1657
2656
1587
2659
1727
2628
802
942
2708
801
2669
2649
1547
2626
288
314
1549
2681
1617
284
810
3199
255
2491
336
2732
1603
2712
1575
806
1569
274
4369
1556
181
3950
927
1565
467
1619
3171
3179
4395
346
230
809
308
2702
3114
997
4381
1683
436
279
3282
2730
1
3580
4362
1616
1640
1552
1555
1628
2720
1554
1627
1553
249
3187
275
2733
1601
1546
262
276
242
218
3192
3178
260
268
1643
1545
3188
803
3206
217
179
2741
2759
1557
2742
273
178
3198
928
270
398
3184
196
177
170
367
3104
354
254
2663
1544
1541
232
172
135
187
311
210
2453
225
312
229
211
240
200
377
3293
1045
3910
3149
3175
3103
385
3156
315
3306
3945
602
1559
1698
3164
1583
3268
3216
3479
463
545
1584
1677
2932
295
473
1456
4599
1670
3493
3280
944
391
2777
291
4383
3316
3272
3105
304
131
3393
906
3451
1662
431
3140
3332
4376
4426
943
3106
3296
3166
3159
3139
3237
3328
1678
3107
3297
3269
3327
3266
3290
3310
4169
4415
1037
3459
998
1040
438
3294
1057
4538
546
4374
3369
450
421
434
3395
4402
3325
1691
425
4636
3283
595
3354
344
4413
3330
4051
405
3236
991
439
3581
4441
4165
3536
3252
580
4521
1623
1048
4430
3251
3307
3375
449
452
4382
4459
4440
442
4361
4422
3259
3527
445
3244
4535
455
4418
444
3360
4562
5714
5711
4389
4456
578
466
412
4386
418
4387
1058
3267
3326
5728
3532
604
3264
4359
3474
435
4410
4473
4448
3255
3687
4639
3679
3320
556
3531
3466
282
3444
3424
3434
3485
5710
433
4475
424
3305
429
3372
446
4476
397
411
3535
3363
426
5735
3355
441
3333
3234
380
3345
3463
3416
3529
4472
3530
5756
3379
4156
3456
3329
5734
410
4445
4642
4469
3431
3492
448
3339
4442
3249
5746
297
443
4503
375
332
4471
4605
3246
3344
4394
350
539
3314
3525
4163
3253
3254
3313
5754
3315
5752
5758
3302
3288
3248
3277
3380
3278
5757
3276
3292
3524
4452
3417
4468
5741
3464
4461
3299
3523
413
3281
3279
401
3409
4434
3490
3247
4431
3498
3496
4474
3241
3449
4144
3502
3489
4467
3754
409
4378
3275
3521
370
5719
3528
2767
3432
3470
3504
4357
4439
4158
4470
3287
3520
3265
3507
3494
4451
4443
3274
3484
4444
3453
3516
3514
3503
3460
3517
4400
4624
3510
3420
4429
3421
4140
4604
3410
3406
4141
3515
4453
3509
3487
3476
3425
3512
4408
4436
3473
3405
3407
3513
4411
4064
417
3488
3445
3408
3613
4591
3100
3909
2936
4404
597
4398
3483
3457
331
4065
3482
4138
4137
4146
3450
4152
3461
4131
4150
4129
4148
3582
437
4134
4125
583
4157
390
4370
4118
1035
4046
4114
563
4406
5733
3553
4045
381
951
301
4095
2735
613
3755
1537
4033
490
404
1007
4401
4029
489
319
1633
464
1409
5827
322
611
2764
574
3413
366
608
4618
321
3593
590
324
353
585
357
560
342
607
2786
3551
562
1681
1703
601
5798
3925
474
4042
5766
3685
1533
2761
5793
325
573
591
300
2752
605
4074
1528
3858
1937
1688
1680
552
3650
3949
376
594
1665
323
1658
351
497
505
5790
5765
3583
1635
1695
996
995
1054
4107
3574
4127
4058
1531
618
326
1526
364
394
1529
1514
1701
1517
1667
1508
491
1706
2
1539
1694
582
1524
1699
1503
584
1518
1511
1525
1540
1523
1515
1610
2781
1542
1411
1676
1527
2787
1666
492
1028
1689
1520
2750
581
598
948
2783
1521
1622
1672
4998
587
371
1024
5785
4104
1645
3913
334
3559
1410
1504
1649
1664
588
1516
1600
496
1405
2763
475
3689
1700
1631
1543
2782
5811
795
4063
3974
1047
1012
3948
1510
5775
5849
3621
1501
3557
3623
2768
569
3629
1596
844
1221
4333
3624
3622
3098
3861
1021
1200
3985
4136
1010
640
5344
330
4814
4843
3680
3604
4335
1236
1234
1536
3682
3633
3626
3660
4143
1558
4809
3575
3579
3539
4093
1216
5847
3647
5857
3576
3615
3640
5784
564
3605
4813
558
5880
1471
4827
4123
3632
3619
4102
4128
4828
1481
4322
3635
5818
811
1439
2424
1483
4034
3668
3602
2832
5776
4760
1966
548
4305
5821
2113
1945
1660
5891
1900
4340
4346
3677
4301
3636
3646
3648
4765
3661
5829
3658
4342
3653
3550
5805
3616
4761
3645
4103
5875
3625
4329
5887
3746
5851
4092
4256
3637
5820
3914
5854
5853
5882
3906
3544
5890
4031
5812
5885
5814
5822
3597
4836
4028
3595
3667
4306
3614
4024
5762
3659
5804
5893
3577
4349
3656
4265
4800
4079
3611
884
4868
3666
3617
3664
3672
3546
3606
5892
3601
3630
4313
3596
4343
3663
3651
3610
3609
3586
4337
3578
4294
4298
4331
4344
3587
3537
4325
4330
5799
4069
3590
5801
5850
3564
2938
4082
5835
4826
5832
4280
4292
4835
4829
4314
4851
5789
3681
5861
3618
4311
3953
4291
4808
4341
4316
4068
3566
4347
4321
4287
4308
3549
3547
4276
4320
4312
4324
4297
4302
4304
4303
4318
3585
4288
3683
4327
4332
4269
4323
3565
4299
4295
4261
4255
4345
4191
5783
5836
4268
4225
4849
5828
4201
5862
5838
4091
4089
4250
4217
4982
4081
4838
4208
5810
4763
4253
4235
5839
3749
4133
4054
4077
5808
4109
3760
5350
3705
4891
4246
4796
5018
4267
4798
4234
4186
4799
4184
4185
4078
3863
4999
4273
4116
4117
4922
4251
5034
4100
4088
5788
4242
4190
4206
4285
3989
3943
4075
3971
3927
4284
5332
3978
949
3959
945
3673
4795
2802
4258
4207
4831
2851
4099
4290
3976
5335
4132
3908
5846
1245
4023
4040
3905
3990
1477
4080
3958
4142
3860
4106
4282
4097
4266
4076
3923
3962
4120
4022
4289
3859
3901
3975
4090
5035
4057
4300
5330
4044
3902
4086
3862
4038
5816
4348
2960
5817
4937
4943
3968
4124
3880
4240
5764
4918
4926
4794
4096
4239
5763
3926
4072
3957
4936
3865
5320
3983
4231
52
1630
3903
1051
4237
3921
3920
4020
4021
3922
4056
3941
4050
4052
3942
3928
4067
4085
3866
3951
3963
3867
3900
3899
4272
3868
5867
4182
4062
4049
4271
1022
5338
5841
5358
4793
5833
5341
5843
2946
1023
2967
5356
4983
1588
4779
5081
1242
1974
4232
4216
1579
3883
786
1178
5000
1412
1237
45
1394
1496
769
5830
3967
5329
2968
1451
4842
1499
1457
1597
5019
499
4220
1475
5098
1243
932
1009
5845
1413
1482
1449
532
952
1226
1455
2973
4790
785
1016
2915
5334
536
2807
1465
554
813
5085
2248
751
989
4205
2114
4786
773
2971
1195
1502
1442
758
4213
5337
4223
5072
5339
1918
383
1914
1656
1005
1425
766
1492
1648
4200
1004
1440
5097
4792
4183
5020
848
5001
1219
4194
5004
1436
636
4230
4192
1494
1423
772
841
1506
4248
752
543
559
3708
5057
5021
1228
670
1399
3884
1491
1487
1879
1450
849
1899
739
1931
1433
1189
4789
1846
771
482
1486
1939
1908
555
525
1159
678
1470
498
4984
5015
4199
575
4036
4198
1479
4177
1429
3964
1441
4986
567
1466
1476
4236
551
4948
774
654
4048
726
515
566
1468
1186
721
5131
1613
511
3898
1467
1240
1233
1901
1472
2798
720
4229
4195
1207
1211
512
733
4014
1898
842
763
503
2905
1925
1401
479
514
4211
777
1391
4987
4178
544
4181
1193
531
4244
538
535
4061
1488
4228
480
501
1420
1229
508
1458
550
1215
1198
1202
4047
658
1580
4945
1454
5060
1461
481
2835
4035
1484
4947
1463
5111
1205
507
549
476
782
1212
1191
561
4017
1034
478
2903
624
655
5831
1175
1636
1469
4985
1944
736
2844
5120
1214
537
1213
1179
1168
1227
1206
513
509
1235
553
1210
1422
510
1495
1223
1230
1197
635
1231
1165
689
1167
1432
504
1196
477
1118
1160
1177
1185
1158
1232
1462
518
1192
657
1184
1144
1220
1208
2811
1589
1174
1239
2756
5047
5037
1157
665
3871
1204
533
3965
2828
1129
3707
5082
1209
1142
1176
1183
1149
522
1150
656
1173
1135
954
2840
1383
2793
2816
2864
1172
1124
3869
5834
1376
1153
1453
2820
2882
5139
2792
2895
4016
4043
2836
1403
767
1349
620
2819
2902
1375
4015
1438
2831
631
770
713
638
623
683
1961
681
2881
1398
2852
1940
1143
729
1146
3977
1955
2804
2856
2853
1426
754
2826
2814
1460
2830
760
768
652
1427
2857
704
2848
1444
634
632
2860
1395
1105
1881
718
1363
2815
662
674
1847
756
1098
644
1180
2899
3872
649
953
750
684
661
1402
2834
1379
1122
2907
1049
622
4990
1350
664
730
1264
2838
49
1139
4179
1843
2910
1030
1304
1400
8
630
621
2901
700
1387
1364
2062
1897
672
1841
753
2892
1343
1842
2900
2824
1386
1378
677
2928
1385
643
1102
668
1883
1380
1954
1356
1373
663
629
699
1932
724
1361
628
1353
708
749
717
1015
707
1895
734
2917
701
1181
738
712
2925
1377
1849
744
722
1381
687
682
694
2909
693
660
1362
676
1366
685
1389
1392
1365
691
1357
2868
706
727
711
716
1359
709
748
2896
1328
692
2894
1372
1275
2904
1618
740
1848
1263
1844
2846
743
1371
702
2931
1280
723
2922
1845
755
1355
1315
1370
696
1327
737
695
686
2906
2885
2102
1341
2930
2891
1347
1893
2923
2074
2921
1279
2889
2918
1348
1930
1128
2929
2862
2866
1336
1947
2926
986
2897
2890
1354
2916
1113
1151
2823
1138
1166
1120
1278
987
1147
2847
1340
1928
1114
2016
1342
651
1008
960
2886
1126
1856
2842
1299
1163
2880
2837
2139
1923
5061
1951
3915
4954
1332
1171
1162
1133
1170
1156
1125
1096
1188
1127
1018
983
1002
1001
732
1097
956
1911
2006
958
1921
985
2096
984
1119
1855
1335
992
2402
1344
1042
1137
2097
1942
54
1337
2893
1295
2871
2392
1094
957
2809
2919
735
2108
2883
3893
2107
1977
2799
1000
1912
959
1906
5048
1014
4991
5073
2147
2911
2872
1301
2912
2002
1909
1950
2129
2199
1322
2876
2011
2434
1952
1953
1032
1252
2370
1334
2124
2887
1056
2000
1112
2023
1325
1853
30
2850
2209
1358
4950
1345
3933
1991
2027
5321
1288
5112
3885
5142
2033
2386
2187
2156
2789
961
1875
4170
2385
4193
1886
2001
2954
1309
1331
2236
24
2169
1313
2151
2184
2136
1321
2075
1320
1308
1330
1338
2063
2174
2012
1339
2019
2017
1326
1989
2170
1261
1274
2029
1317
1307
1287
1946
1329
1885
2030
1957
2185
1291
2161
2028
1318
1969
2821
2829
2231
2158
1277
5284
2157
3916
2149
2223
5313
2064
2230
2937
2953
5246
1926
2141
1253
2229
1999
1282
1292
1273
2098
1286
2099
1276
1965
1298
2152
2085
1255
2009
2215
2210
2206
1256
2221
2127
1303
2004
2052
2138
2228
2068
2808
976
2849
2203
2057
2817
2298
2225
2216
31
5319
2194
2060
2224
5184
4944
1267
2200
5220
5168
2244
5324
1033
2084
4946
4980
5271
57
33
2367
2361
2379
2222
2219
2031
2239
2115
2265
2059
2116
2841
2275
2051
2245
2055
1268
2859
1285
2240
2238
2197
2220
1872
2226
2304
2281
2110
2865
5326
5291
1093
2299
58
2211
2287
3966
1249
1250
2264
2295
5182
2237
2373
4949
2150
3932
5322
2977
2241
2058
2955
5245
2261
2336
5100
2181
5173
2342
4788
59
2332
2235
2263
2054
2302
2251
2270
2250
2262
2227
2252
2198
2053
2195
55
2125
2331
2290
2196
56
2208
2177
2183
2134
2289
2105
2071
2274
2186
2120
2269
2202
2325
2317
2163
2176
2168
2207
2311
2070
2175
2362
2135
2258
2040
2341
2330
2384
2146
2164
978
2131
974
2190
2132
2192
1006
2247
2257
2142
2165
2144
2143
2092
2172
2166
2082
2182
2155
2104
2173
2121
2083
2133
2103
2111
2087
2119
2044
2094
1248
2048
2046
2047
2086
2078
2122
2278
2106
2260
2324
2366
2358
2212
2283
2300
2039
2041
2346
2357
2255
2273
2256
2388
2348
2259
2266
1111
2249
999
2356
2279
2280
2350
2391
2254
2042
2267
2284
2310
2322
2293
2285
2329
2312
2313
2326
2297
2294
2364
2288
2327
2339
2334
2376
2277
2308
2387
2316
2349
2314
2305
2347
2352
2371
2321
2380
2383
2291
2333
2382
2282
2343
2340
2320
2363
2375
2368
2351
2319
2335
2338
2328
2353
2354
2374
975
2360
2365
2359
2345
2315
5315
3918
5174
5176
5292
5318
5304
2972
5136
5316
5102
5137
5105
5022
4992
5177
2952
5312
5128
5108
5202
5183
5269
3907
5310
5303
5161
5070
3886
5242
5181
5305
5196
5162
5234
5171
5187
5083
5030
5113
5008
5281
5016
5118
5017
5259
2935
5297
5123
5033
5092
5132
5232
5221
2978
5071
5119
5148
5231
5233
5156
5164
5166
5160
5290
5175
5299
2979
5309
4978
5178
5163
4981
5279
5154
5155
5127
5300
5140
2981
5114
5159
4977
5206
5124
5138
5193
4974
5121
5195
4972
5207
5144
5314
2982
5185
5062
4979
5194
5115
5295
5143
5122
5147
5236
5228
5241
5010
5186
5293
5272
5296
5158
5243
5285
5023
5130
5273
5101
5306
5301
5283
5216
5274
5286
5223
5294
5217
5208
5287
4971
5282
5261
5230
5262
5289
5275
5218
5266
5141
5125
5267
5265
5258
5244
5270
5203
4969
5253
5250
5240
5219
5237
5276
5188
5263
5192
4961
4963
5191
4966
5224
5227
5210
5197
5257
5213
5254
5031
5248
5205
5211
5251
5145
5239
5189
5238
5212
5249
5225
4967
5068
5013
5089
4965
5032
4994
5055
5065
5044
5049
5076
5084
5025
5109
5095
5074
5028
5078
5104
5077
5011
5088
5096
5064
5052
5027
5009
5075
5040
5041
5093
5026
5066
5094
5024
