1388
403
2514
325
1381
337
1283
1181
326
4178
4104
1294
1334
287
266
469
1337
1400
1308
4
1347
1273
1316
315
795
2754
1399
340
1335
2306
402
2327
2291
338
1248
2238
1252
2512
1312
2513
1
310
368
2059
514
2299
2656
1336
2751
956
3741
2803
4710
615
2728
2609
2377
1224
4235
2611
545
3378
679
3785
163
620
2176
410
4740
479
3257
1284
2608
1311
613
1114
444
2854
166
968
4641
959
2060
957
61
443
2300
3527
2447
3421
1286
3742
2332
2180
3303
1330
4181
1048
2142
1800
3709
1756
1188
4160
4141
2185
3616
2448
624
3809
1064
1185
1217
2925
4469
3583
4745
3564
1232
259
2324
1320
2096
2181
4194
1089
2292
4602
3685
281
1282
3368
335
376
383
1788
2315
3293
2703
3037
2662
3301
1080
328
2851
2189
3208
2152
2335
4729
3496
2314
3708
3706
2919
65
510
3600
3655
1083
3541
4615
2511
2328
62
4197
2546
2186
3812
271
4177
351
3457
880
3310
495
3481
4714
2239
250
4734
2329
2184
951
3500
2191
3256
3473
286
2210
2711
4598
4329
599
2663
1722
2446
2383
2390
2391
1023
4752
1319
1065
4649
4203
1187
288
1779
894
311
1276
812
1814
3302
2132
59
2233
3012
2795
2607
2625
407
1124
489
1063
3298
1855
1723
483
960
565
2727
1313
2309
3854
3255
4125
15
2402
2240
4633
2264
4730
3101
3794
2845
3961
4100
4669
4106
4576
4621
4337
3663
3744
4640
4725
408
2222
243
3664
4751
3381
4206
4628
3987
2765
2849
546
173
4635
3110
3716
2163
314
3772
3554
4707
3767
51
2147
3053
3646
3225
1819
2853
1357
952
1127
1780
1223
1703
1863
3273
4184
1040
347
1074
440
967
445
1865
1333
873
3367
793
2131
1866
3535
4094
1051
1274
1757
4075
567
2326
2657
426
1554
2650
1054
1821
4124
2159
4156
1927
363
1734
1394
87
3941
600
1142
1087
324
3045
4357
226
247
3308
802
2284
2134
2438
3039
1295
3552
2156
2166
2303
265
535
2870
4746
2141
3617
2169
4191
252
630
927
3318
3927
3707
3380
2305
609
3561
2203
2057
2
2297
2983
4330
596
629
3040
2158
77
4161
2325
1138
3545
1829
2774
1798
3684
165
454
3252
784
1738
1938
2603
3212
4367
2791
3630
947
1692
263
2855
446
4739
2601
775
887
4556
4325
2606
4223
2867
3687
2644
1340
1070
4086
3237
4127
4368
515
3729
4813
3205
1842
3822
4279
1818
2755
1712
803
74
933
970
953
3615
2143
3547
4806
1606
934
484
3614
81
2252
2178
3060
2690
336
3281
2371
1524
161
3371
3242
3419
2251
3762
2321
3544
2461
3027
2188
1230
2396
4246
1244
1067
4753
3569
4733
1396
4437
3726
4128
3555
4000
2538
1184
1167
4146
4148
1118
4666
1747
678
607
3501
4314
1849
1123
4078
1882
4345
2576
1801
3796
1593
1136
1934
1664
1240
3439
3622
2071
3313
1050
1111
2068
4270
1739
1073
2612
1784
4731
674
1674
1422
4614
1908
2244
1691
4735
789
1115
586
4152
3031
2773
348
1195
401
346
2605
2805
2779
89
714
2981
153
882
73
3858
3102
3804
4595
2912
4814
4478
4200
2702
2027
3659
78
400
355
2572
1028
4372
239
473
3648
1329
2686
4670
2696
3287
2432
4232
3076
3736
2764
267
360
2481
3249
4341
3797
1341
1285
2495
1343
2218
3305
2528
907
4245
3317
1150
3285
3286
3498
971
4129
1911
4220
1352
4409
2245
3764
1137
1356
1823
4384
4398
4589
4276
2274
2228
2562
491
285
3723
1323
4622
3754
3427
4539
4608
3259
1577
707
2640
2028
1066
2113
1786
1068
948
1770
3467
3462
1872
1545
2150
220
568
2922
2949
2979
105
4821
2153
3756
1768
158
1056
1182
4011
2571
3499
1234
1444
1894
673
2763
4114
2298
3124
36
1802
2866
39
2427
1987
3277
3933
2846
806
302
2518
4045
3711
198
1538
2129
3712
4034
1684
1616
1013
3968
3099
4061
4062
4059
1016
3136
755
4449
2114
728
4445
4774
4767
2345
4448
765
1648
1686
4455
4459
3573
3580
3947
3777
2340
4033
3917
3909
3905
4479
3881
764
1310
3133
2044
2047
2043
4724
4169
978
1737
684
1281
4167
1720
4157
3021
3805
2785
4313
2530
1160
2651
322
1186
409
3730
1629
1149
4549
3520
4154
2840
1243
500
1348
2563
4225
1033
2554
4647
1746
507
2488
2804
589
3376
60
4227
299
1599
1210
1578
4716
1062
3857
1556
1572
1503
1499
4036
1412
2896
595
3833
2894
4042
2486
3727
3165
2035
3884
3913
2081
1542
4028
1501
782
4488
4762
661
1506
4504
3142
3919
745
3920
3174
1539
3832
4020
4032
1590
2344
2039
3834
3922
3121
4765
701
4035
4055
4050
4054
669
4836
4259
4260
1267
1568
3177
4242
1528
2485
1628
3782
3444
4030
4494
4522
2535
3587
1626
3223
1008
4758
3915
1173
3861
2504
3312
3788
4422
3221
771
1413
711
1522
1521
2903
3593
4266
3996
2932
3945
2618
3360
2269
47
4553
4111
2966
1379
1386
2818
3627
1681
4834
1781
3895
3746
2404
1495
1497
1502
2036
571
180
3761
3869
2095
1540
3117
3153
229
2342
3146
2665
3901
3151
3953
1564
4461
3156
1563
4249
4776
4777
3912
2019
3118
4738
2033
1613
2034
1579
2042
1591
3521
75
123
117
2193
174
127
4348
92
148
2991
3434
3274
100
2677
3433
453
4091
2054
4247
2172
870
3598
3412
255
1704
162
3871
921
939
3465
3276
3369
3370
3657
4237
928
4374
3055
890
4757
517
4137
2301
177
1971
3471
2270
3737
3268
171
144
231
3307
736
904
2138
3883
1620
4450
4783
230
3190
975
1490
2151
1491
3672
3397
1764
3916
1508
4501
2135
3749
3719
4766
4808
1627
306
760
3319
3609
734
4744
1039
741
3512
3991
3914
717
3911
750
1845
3910
3849
179
2069
1496
2046
1576
4831
3939
3315
4110
1671
1489
1476
1247
4063
2078
4684
2534
2100
2924
1485
3567
1317
1504
2040
1229
2079
739
4796
4616
3155
2167
1658
2807
666
1015
2860
4031
1857
2886
2124
2664
2989
2354
4624
3247
2566
3218
3149
3952
1481
331
1483
2468
4467
4008
8
2489
4013
3424
3160
553
3399
1777
2357
653
2659
2311
1487
1533
2902
1014
2358
3383
1631
3955
627
554
2472
4453
1507
21
1532
2052
1520
2994
3025
2424
419
4257
4780
4040
3951
1374
4196
3921
526
4262
4769
1494
4252
2346
3246
1575
590
4527
1500
3139
3760
4430
1158
4071
3608
1560
2022
2010
3948
221
2385
2261
3181
450
4775
2456
4132
4499
3930
1636
3081
1498
4002
3122
3170
3904
3322
4771
4074
4068
1967
4072
4065
1200
3879
1465
4703
1077
4229
4066
458
1201
2070
3692
3495
4446
988
1921
1984
2808
539
2968
378
3607
4536
686
4756
3787
1410
1680
1479
1407
3532
1434
3966
3034
476
93
4419
4519
2636
1231
4524
1875
3827
3451
3272
778
3954
4687
478
3671
4053
751
244
529
2654
1473
3828
2168
3982
135
4759
3841
2451
1076
3169
1242
1464
1534
2048
4671
1573
1642
3347
3443
3775
3900
4658
2107
4651
2073
416
1810
3669
1838
1144
3192
922
3875
4256
3602
124
1216
4487
625
4490
762
3147
621
2972
3949
278
1480
2463
1458
587
1488
2014
3774
466
4427
1637
3944
1641
2899
1121
4421
4484
2041
2392
3428
3783
1715
3798
1986
1421
3173
4650
1235
3187
2847
4429
3970
4551
2589
4500
2700
365
3403
1034
4073
2517
4491
4760
1470
4764
3981
2091
2076
1870
4844
4510
4493
757
3733
2348
4380
3734
4435
4743
744
2679
4503
2375
3044
3493
4452
1584
1493
4057
2399
1157
2351
3976
415
1932
913
1787
2667
2161
3626
1617
1656
4533
3159
2822
128
133
1177
319
168
1569
3176
3324
898
3178
1000
1492
4046
4182
2347
4498
2671
2988
1221
3568
1172
1269
188
4851
235
722
1266
3509
646
606
4352
4233
4502
3513
1624
2393
4552
1790
4816
3885
1353
3821
307
1198
3992
1677
2883
2844
3148
3150
1408
2018
1975
2482
4785
5
725
3995
1148
1141
296
4513
3098
3718
203
1892
3830
3220
3248
1851
3795
2307
3835
3907
4067
2101
976
118
3918
1296
4339
2911
1670
3132
3468
3605
559
2897
2397
1510
3438
4475
3635
2809
4282
4180
3167
4263
667
1827
700
1168
4026
1985
699
2388
3511
3906
3696
4069
4258
3134
142
4264
2987
1618
2020
2826
584
3440
791
3829
698
1442
3629
2037
237
3092
216
2950
2828
3576
4212
3157
82
420
1597
451
1438
1874
1238
4689
193
2874
1430
1420
3168
848
3937
4827
4676
418
3480
1537
3786
810
2360
3222
130
1869
727
1453
86
4457
4462
2338
1463
1478
2437
1431
3131
767
3887
2434
463
1509
769
2087
2848
3876
3164
94
4514
4505
2801
2660
556
3346
562
4070
2359
1426
2015
2364
3633
85
1175
3586
2005
1099
772
3870
3191
2213
3024
1428
1425
703
1468
1484
2341
1447
3577
3860
1469
3888
1467
3566
4555
1846
1446
3836
2031
3536
1455
4218
236
4359
537
770
721
2465
1440
668
3935
1998
224
320
1433
4653
197
716
2783
258
1409
1486
3889
1570
1594
4162
1988
2590
2452
1475
1451
1472
1432
1474
704
1443
1462
1461
1452
1457
1419
3896
1450
4518
702
2471
2110
3980
4049
212
1657
670
2819
1471
1505
3015
3062
3771
2021
1482
2594
318
4561
1122
79
1844
4048
1203
2109
2092
4202
3893
3447
3100
4523
3341
4038
4483
4051
787
3271
2099
3228
1649
3899
777
3033
754
2895
4188
4761
3863
217
1977
4750
3158
753
4538
312
4192
195
3162
3867
3046
1991
4828
4763
1743
1315
3755
84
766
943
122
2858
3538
279
1552
205
1634
4019
4287
1019
3185
833
4481
3014
995
1011
2557
2569
4618
2986
2706
2614
3288
942
1581
3331
2821
1604
1795
1196
911
2450
2759
1466
3570
2353
2405
3703
3866
522
4663
3702
125
447
3230
4482
3791
362
1017
2077
612
3890
4486
900
2885
97
3674
2577
527
1437
2731
308
503
4426
2049
342
3405
3847
3180
134
2045
72
4261
3091
3983
3902
3856
1459
4702
2083
4600
2337
4379
2798
3161
1116
2426
3411
3531
2813
1411
3572
3420
746
40
508
3172
3880
530
1095
1699
1082
2668
908
4175
2675
3848
3957
4507
3873
434
3229
528
3431
187
2121
353
941
3214
1045
1701
1956
1007
4812
4179
398
242
4022
1753
2687
1299
1913
2183
421
3430
4319
4688
4007
2105
733
4773
1966
3891
2993
4630
3235
3557
3436
3429
3553
2376
3075
3265
2542
141
4667
4784
3442
868
63
826
525
1245
2128
2146
3898
202
3409
4537
2645
1535
111
3130
3584
4528
835
759
3386
2770
1375
1615
3115
4185
2025
4297
3382
1640
2119
2026
1265
213
4444
1298
283
1030
48
116
3676
3675
3704
3377
858
2878
350
2137
2144
192
944
126
103
3404
435
520
67
196
3806
1954
1477
3838
3227
204
29
523
139
2725
3820
488
4428
1541
3304
3338
9
740
3202
3958
665
50
4458
136
433
4044
938
3418
1565
436
4269
3988
2884
3855
4547
2220
4284
112
828
119
2174
113
2155
31
189
71
131
2030
827
2160
209
137
3415
115
172
70
1005
3396
14
3416
3839
905
2136
132
2120
3311
4492
3853
138
3216
3765
3819
4304
3865
2839
3578
3752
1385
3894
1354
2825
3897
3837
4692
3932
140
182
13
121
931
101
129
3337
2154
936
940
917
33
10
3407
176
91
69
90
829
926
4485
3826
110
3452
3127
2032
178
3163
183
2893
3282
1389
4705
225
218
261
3188
143
4566
98
2050
3410
232
385
145
773
3090
104
52
185
108
937
11
146
2192
147
37
184
912
935
95
102
214
930
186
54
49
2106
12
2187
190
3844
194
3426
3862
53
3294
206
3332
106
34
3874
3843
215
2080
66
2104
2862
747
3204
20
924
2558
3379
3323
80
88
56
3126
3892
2094
925
2051
3432
4781
3903
120
932
268
55
4577
2861
3878
3461
4496
3886
96
2171
175
3333
2130
4489
57
756
3266
2682
3182
786
2179
2182
2003
3197
3226
1084
2784
4790
2108
2403
893
16
2583
3864
4293
3264
3459
3280
3207
3413
3455
2116
2093
3183
3175
2631
3437
222
3445
3852
223
832
3195
3408
3859
2173
749
3184
32
2098
918
64
3868
3200
4474
3842
3400
3401
2713
2484
3417
4578
2503
3689
3931
731
1110
3224
2909
3519
1372
2112
4542
3422
3231
3179
3291
3454
245
249
2190
2900
3453
3123
2880
2928
2879
2623
3189
3299
240
3078
834
4456
2123
3166
3789
761
2672
3292
114
2205
2549
3929
3108
2626
4564
3391
2580
4543
3210
3206
813
3089
99
2674
2824
2304
241
1021
3385
254
2913
227
3435
3114
2901
262
251
2602
3731
2882
3448
2215
246
76
359
3213
4793
2873
3414
2088
4056
3196
4442
2550
856
3107
2970
3359
3728
4037
4749
4829
4853
914
2029
3492
4515
3006
4709
4326
253
2655
1297
4838
3846
4364
752
210
107
915
228
3639
3125
256
207
211
4848
2920
156
3466
4113
159
3450
3640
2891
149
2632
2898
3790
3441
4568
3186
219
238
4123
4719
233
2709
4454
3460
199
2505
2568
181
3279
422
4497
3780
3456
2907
4799
2574
3770
3201
3329
3463
2915
2869
3449
200
3478
2918
3446
2889
2683
2673
2888
2676
2556
2622
3083
2596
3778
2906
2694
2642
3845
2565
4811
2613
3327
2627
150
354
3240
2789
2935
2526
2641
3813
3877
4460
3152
3073
2781
2666
2760
2726
2740
3238
2455
157
2521
2582
4441
2591
4443
3349
234
201
3339
4778
2624
2581
4432
3095
2647
3654
2598
3085
811
2985
2633
3647
3637
4803
3209
3670
2736
2685
2827
2769
2699
3087
3350
317
2573
83
2689
2793
208
4625
516
2520
4546
2646
3747
3211
3154
3781
2634
2681
2599
2604
3632
4768
2545
3171
2892
4558
3679
2597
3732
3086
2584
3673
3082
2652
4530
305
2661
3649
2658
151
2479
2771
2445
4672
4565
2780
2717
3758
277
2544
3352
2859
3300
3942
4466
2692
2923
3358
2881
2536
273
2707
4596
3233
3002
3638
2695
2500
2680
2522
2670
2637
2782
2600
2541
2704
3239
2669
3656
2688
3140
2691
2523
3479
2701
2697
3194
3750
2579
2616
3768
4540
3766
3650
3666
3112
2802
3824
3759
2693
3698
2587
3825
4560
2621
2498
2524
2735
3779
2831
4792
2595
2841
2649
2499
2575
2578
3343
2506
2453
2540
2532
2643
2543
2444
2585
2628
2567
2638
3625
2629
2619
3355
2630
3325
2698
2710
2620
3677
4583
3740
2553
2552
3198
2547
3335
2768
2684
3357
2757
2525
2478
2593
2539
2820
2537
2635
2850
2648
2678
2752
3356
3354
2502
2564
3353
2533
2527
2592
2560
2561
2508
3330
4570
2510
2559
2586
2480
2507
4575
3351
2477
3348
2529
2454
2548
3340
4582
3943
2457
2570
4569
2712
2705
2758
3284
3345
2458
3699
2509
4529
4607
2744
4541
2772
304
2516
2742
3695
3241
3243
4534
4599
4593
2551
4612
4436
4440
3326
2617
4431
2519
2555
2483
2753
3624
4613
3193
2487
2459
2588
191
2473
3623
3628
2515
3316
3693
3814
2872
3662
901
160
3113
3801
2708
4433
2716
3722
4424
2823
2856
2904
3631
3309
3336
2492
4439
3651
3406
4609
4438
3645
2756
3665
2460
2815
3088
3636
2837
3815
2449
2833
857
4581
2832
3823
3244
3641
3652
2615
3306
2829
2743
2830
2715
3784
2868
3661
2732
3811
3658
3269
3618
3690
892
2816
3004
2720
2794
2984
3660
2875
4718
4800
3644
3143
3634
3642
3093
3137
3094
3621
3003
3619
3688
3393
2741
3691
4809
2812
3701
4791
2921
3694
2817
4787
2734
2890
2836
2871
366
3686
2714
3079
3084
3643
2788
3289
3458
2965
2887
3705
2905
3469
3818
3144
3423
2730
257
3001
275
264
3080
2796
3620
2797
2877
4786
2610
3680
3464
2792
2835
2948
3810
2745
2838
2729
2800
2947
3472
2814
3678
3776
2931
2908
3816
2842
2917
2910
2934
2865
316
2936
2876
4755
3793
3681
2967
2718
3682
248
2787
3700
2944
344
3802
343
372
321
2799
2834
2811
2733
2941
2721
3808
2775
2786
2940
2724
2927
2963
2719
3667
2914
2945
2778
2955
2746
2766
2790
2964
2761
2863
4747
2762
2943
3683
2843
3477
2767
3474
2951
3475
2954
2747
2958
2929
2962
2960
2930
2961
3476
2749
2864
2723
2750
2939
2946
2953
2722
2956
2952
2959
2933
2957
2938
2942
2926
2748
2916
2777
3470
2776
2937
3668
4163
3145
3653
3390
884
3799
3392
260
280
3748
876
0
3769
844
3713
3757
332
164
4748
3000
2806
3109
3720
4802
3959
3388
891
3290
3840
3800
3739
3724
3751
3803
3763
3773
3807
3203
3111
809
2531
2737
4623
3850
4639
4434
4603
4727
4557
3817
4696
384
2738
4754
4544
3715
377
3296
330
4737
3328
4531
391
4638
4708
4590
4807
3721
3344
909
518
3753
2089
276
3071
4697
3141
3743
3725
3710
2852
2857
4701
4681
3714
4516
3120
4694
4597
4645
4698
4722
4619
3217
4726
4695
4563
4567
4720
4468
2739
4693
4473
4465
4610
2082
4606
4611
4682
4545
4736
4579
2149
3104
4495
4573
4480
4678
4526
4715
4685
4550
274
3592
282
4713
4665
4646
4656
4664
4601
3738
4559
4717
4686
4680
4691
4476
4627
4629
4661
4655
4700
4594
4511
4464
4679
4648
4674
4517
3105
4654
4699
3717
4732
4572
4548
4463
4675
4712
4741
4660
4620
4683
4721
4690
4626
4634
4704
4659
4585
4535
4571
4470
4644
4706
4637
4617
4723
4652
4477
4643
4636
4711
4642
4673
3219
4728
3106
4631
4632
4668
4584
4532
4472
3215
4662
4657
4521
4591
4677
4520
4512
4604
4506
4574
4471
4605
3128
3199
3601
4586
4854
4588
2127
4587
4508
3103
3389
3267
4742
3283
2009
2810
3035
3978
3994
3962
4837
3270
4797
3366
4843
3297
4789
3096
2969
521
2145
3597
4402
3926
465
2999
3334
3497
4819
4798
4509
3575
2462
3851
394
4012
333
3956
3604
3425
393
4021
502
4810
3232
3320
3013
309
768
3387
2466
3074
4820
3056
3971
3069
4841
2998
4833
4822
3372
1441
3051
3043
4801
4779
1445
3967
3072
3973
4839
4580
4122
3068
4451
345
519
3974
4150
3018
3524
3050
4060
4183
4795
3606
4025
4817
3138
4805
3022
2365
3558
4047
3928
3938
919
3065
3585
3066
3070
3061
3077
3058
3042
2997
4847
3064
3054
3026
2996
3057
3036
2973
3129
3063
4824
4825
3047
4852
4842
4846
4832
3048
3314
3023
3028
3019
3007
3923
3960
3020
3059
3049
3041
2971
3016
3067
4856
3008
2990
3029
2974
3032
3384
4845
2992
4855
3038
3374
3011
3613
3599
2975
3373
3009
3030
3010
2977
3375
3525
3610
4850
4835
3017
3581
4815
2978
3612
4782
4840
2980
3590
3972
4823
4830
3549
3603
3589
3563
4826
3979
3990
3989
4788
2982
4006
4016
3582
3574
3924
3925
4794
3588
2976
3595
3975
3611
3986
3984
3999
4849
4009
3965
4005
3993
4043
3963
4107
4003
3537
3998
4014
4001
3097
4139
4204
4015
3571
3321
3263
3491
3591
3559
3543
4058
3402
3494
3594
3278
4064
3977
3398
3548
4265
3936
3364
4592
3940
4425
4216
3245
3262
3565
3579
3596
3562
3234
3510
3529
4109
3261
4018
3395
4131
3534
3560
3394
4130
3551
4142
4108
3546
4143
3556
4010
4133
3997
4151
3523
3507
3542
3550
4198
3528
4023
3365
4230
3530
4208
4205
3522
4089
3540
689
2085
748
4004
4172
2165
895
3506
3275
3539
3490
3489
4164
4324
4140
3526
3508
3236
4099
3363
3258
4234
3533
3362
4103
4240
4158
3361
3260
58
685
2467
1250
370
4213
758
664
4090
2475
4217
4239
4369
524
4356
3934
4255
2280
2204
1191
303
30
395
504
1346
743
3505
4248
3487
4238
4273
4241
4092
4243
4318
4271
4274
4353
4288
4226
4335
4275
4323
4310
2474
3514
3964
4231
4165
4283
4289
4300
439
512
683
4228
4322
4370
4193
4209
4250
4254
1367
2157
4804
2223
536
1382
831
1213
1261
1314
17
531
4084
4087
4236
4088
4244
4253
4085
4251
4316
4342
4207
4093
4328
4224
4315
4267
4286
4222
4221
4174
4303
2497
4340
4214
3503
4199
3486
4281
3518
3517
4308
4280
4327
4338
3504
4306
3488
2464
3254
4312
4302
4277
4363
2494
4317
417
4116
1262
4292
2476
4320
4098
2470
4272
4097
4332
4295
4296
4096
4299
4301
4294
4305
3516
3485
4145
4095
4333
4219
4307
4311
4211
4268
4155
2496
4360
4321
4117
2491
4291
3515
4298
4346
4105
4392
4371
4309
4344
4115
4171
2490
4351
4101
4362
2493
4118
4079
4121
4153
4334
4076
4119
4080
4159
4381
4082
3502
4138
4077
3482
4176
4120
4173
4195
4290
3483
4168
4135
4285
4187
4081
4350
4278
3484
4134
4147
4382
4355
4170
4347
4166
4336
4136
4358
4349
4210
4190
4388
4149
4189
4365
4102
4383
4201
4144
4361
4215
2469
4354
4378
4417
4331
3295
4343
4373
4416
4412
4420
4377
4375
4186
4376
4126
4393
4385
4366
4397
4403
4408
4389
840
4406
4410
4386
4415
4390
4400
4391
3251
4407
4418
4404
4395
3253
4387
3250
4411
4396
4405
4399
4413
4414
4394
4401
1264
1253
899
1912
723
1263
823
2001
726
1393
929
1653
1914
2024
776
154
774
334
1660
2194
2023
349
1300
719
990
294
1918
902
1302
284
1804
371
2056
35
730
2075
1536
1742
152
460
660
1796
1258
470
1583
2355
1257
1254
682
1828
155
1983
1926
818
983
1268
432
1602
1890
2286
1646
1979
297
313
2317
875
513
414
906
645
552
843
710
1937
2287
361
1364
830
498
2115
1995
1785
836
1698
1037
1608
1555
1644
1834
295
1667
2414
1933
2423
532
2000
886
916
438
1632
2017
1006
1383
2013
1377
817
2361
474
462
961
1947
651
1397
2431
387
2016
1226
1965
2006
639
437
1009
1031
1969
1327
1902
1370
1010
1582
821
1633
2214
561
2310
1387
581
1920
27
742
1002
2175
1630
1260
1378
1255
1384
511
1366
1955
903
496
910
885
820
735
1621
1981
505
1306
1919
367
412
1587
404
1270
1259
1638
2002
2011
1249
1398
1004
1526
1003
1193
724
1360
1105
1978
1279
1146
923
456
1197
652
551
1020
2055
386
1271
1246
1256
490
1997
681
1251
492
1227
1368
272
1392
1241
497
1380
1376
506
1996
269
301
392
373
381
1304
25
1307
19
169
1204
962
486
1371
358
1349
1980
1358
1218
1359
920
2008
859
897
888
429
2012
18
1952
482
1950
2004
374
1233
1236
475
442
1355
379
375
459
2007
501
1228
352
1395
323
380
382
1989
1365
1390
509
270
1990
658
878
364
1199
42
1369
46
720
170
1951
1963
659
1183
477
167
424
729
464
1328
1345
706
467
441
2333
494
341
339
388
472
389
487
481
290
457
357
397
291
485
493
293
499
292
423
327
1301
1361
356
289
329
2336
471
452
1044
1042
1957
480
449
1961
390
1318
448
468
396
1041
405
428
718
430
712
411
1992
1043
425
427
1036
461
1038
1026
1035
1032
974
1012
455
2330
986
999
533
987
705
838
981
1027
1272
1972
399
1022
855
1982
650
1212
431
994
413
837
1974
1391
1943
839
2224
1178
1373
662
1275
883
1220
998
996
993
2209
1962
1029
973
814
979
1018
663
1208
849
1277
713
980
864
1622
850
555
2319
1222
1994
1225
1192
1211
1207
2362
648
1024
862
1342
1025
22
633
1291
656
654
657
1278
1976
1321
1598
1205
655
1215
2367
44
1209
1999
815
985
1600
642
853
997
874
969
819
854
649
852
2382
1001
1143
867
1202
865
1239
984
2331
1179
2420
640
1206
879
1189
972
564
851
715
871
966
570
2334
1363
991
863
637
1650
2410
643
2384
566
816
877
2369
1292
1280
1322
2356
866
982
881
989
872
977
992
2374
889
2378
2394
965
583
644
2401
647
2379
2415
2352
569
548
641
2372
2387
1611
949
2408
2419
1101
635
634
2363
1214
1162
2400
618
1219
2395
601
2368
1351
1194
597
550
300
1362
1350
1159
2418
2417
954
1559
622
636
1512
1180
2416
1088
2409
2318
574
1165
1595
534
2262
623
560
1176
2296
2430
2312
2322
1151
2433
2350
1574
614
2202
2320
1147
406
958
631
1324
1601
955
1527
619
2164
1112
608
2302
1100
540
2407
1946
638
1174
617
2422
557
542
538
541
1515
2366
573
611
572
1553
603
2413
602
605
2412
628
579
588
7
593
1610
580
2439
1164
598
1140
846
558
575
1558
1171
1161
1169
563
547
1153
2421
1525
1603
626
2406
1567
2443
2442
592
604
582
616
585
543
544
594
1511
576
2436
1166
2435
578
1154
632
577
1514
610
591
2428
1519
1513
1163
1516
1156
1126
1566
1155
1585
1612
2440
549
1607
1721
1517
2349
1096
1647
2425
1152
1605
1639
2411
1518
1117
1623
1806
1132
1135
2053
2386
1700
2380
2389
1523
1805
1145
2429
1561
1665
1771
732
1930
1120
1079
1562
1293
2170
1589
1529
1635
2295
1059
950
2277
1893
2038
1133
2273
2058
1663
2271
2246
708
2294
1530
1968
1139
1643
2282
1654
1130
1886
680
2283
2293
2313
1129
1614
45
2268
1131
2260
2373
1839
43
2276
2272
1776
1586
1134
861
1942
1125
1652
1655
2279
298
1651
2259
896
2323
1104
1789
845
2229
1948
1619
1772
1904
1936
1549
1094
2290
1551
1588
1915
709
2258
2370
2148
1949
38
1662
1940
1763
2308
2265
1835
1061
2266
2199
2267
2221
1672
869
1078
1931
2381
2208
2263
2257
2162
1128
1993
2237
1903
1864
2064
1709
1666
1885
841
1812
6
2285
1109
2217
1960
1688
2231
1822
26
41
2275
1609
1830
1905
1697
824
1794
2247
2248
1685
2230
2232
2242
2253
2201
2281
2250
2227
1877
1883
2177
2219
28
847
1706
1792
1075
2289
23
2065
1060
1113
2062
1858
964
1683
1901
1710
1713
1690
1970
2207
1898
860
1543
1661
2212
1058
1803
1861
1813
1880
1910
1958
1659
2235
1879
1944
2061
2249
2256
1941
1916
2122
1550
1881
2063
1928
1924
2288
2226
1675
2243
1917
1959
2200
2241
1935
1687
1939
1548
1708
1887
1711
2066
2236
2086
1925
2255
2140
1923
1973
2196
2198
1945
1707
1897
2133
2211
2197
1876
1896
1895
1922
1953
1929
2139
2206
1964
1909
1906
2216
2254
24
1544
2225
2102
1884
1705
1873
737
2125
1868
1682
1702
2195
1871
1854
2067
1676
1679
1900
1689
1546
2234
825
1669
785
1645
1859
2103
842
963
1850
1668
1840
1891
1807
1867
1673
1820
1837
1841
1833
1856
1847
1811
1678
1106
1831
1103
1093
1547
1091
1797
945
1724
1836
1848
1853
1862
1899
1889
3
2084
1860
1791
1745
1085
1344
1736
1832
1288
1107
1338
1799
1097
1326
1843
675
946
1762
1449
1852
1808
1726
1069
1460
2074
1824
1825
1826
1108
1098
1755
1102
1817
1809
1119
1714
1081
1744
1071
1057
1086
1725
1092
1072
1090
1760
1740
1735
1815
1782
1793
1773
1759
1774
1775
1693
1888
1748
1049
1719
1727
1053
1695
1769
1055
1716
1052
1332
1730
1729
1696
1754
1733
1694
1752
1728
1783
1718
1717
1749
1758
1761
1767
1750
1751
1741
1778
1731
1765
1732
1766
1289
1339
1290
676
677
1305
1424
2072
738
2111
2126
1287
691
808
804
790
1405
805
781
1436
671
1454
672
1331
697
779
1404
1325
690
1448
1309
1402
1415
1401
796
2097
807
1403
1416
1435
1406
801
794
783
695
1418
1429
1456
792
692
1439
788
693
1427
1417
797
800
1423
696
798
694
