2248
1284
2164
4374
4246
4101
5328
4436
1030
4848
5073
4085
3649
1480
5342
5375
3434
4886
4229
3490
5350
1302
2152
5365
5384
4060
2166
1317
4226
4488
5455
1707
1291
4878
4418
4372
2163
4106
3641
720
2191
2258
5359
4313
5281
484
1301
4265
2209
489
1307
1247
4446
4378
4247
1120
5325
4228
3742
1124
4384
5501
627
2671
2782
4458
2753
1121
1043
4860
1754
4739
364
1032
1023
3554
1667
948
1318
353
2593
1230
2698
4733
4515
4872
1031
1761
4093
4575
6034
4131
436
4785
3555
1334
1176
5826
4363
1156
2928
535
398
4353
351
3783
4369
1947
493
2692
1426
628
3015
1239
4842
5306
593
2431
3077
4795
2602
4506
1300
4350
5791
4121
4142
2742
4690
4816
3485
2107
5898
5297
4833
3630
751
6011
1125
5517
4151
752
397
5450
3176
3678
4149
2181
2716
4249
4839
5371
5918
500
2901
2886
4380
3650
4145
4125
4665
4651
2193
449
2337
4280
2142
5391
1316
4245
3435
3741
4281
2918
466
3246
4645
1751
3091
1016
2770
2413
1713
2267
452
3851
721
1695
1358
1012
180
1256
724
1540
4505
1729
5370
1530
253
4917
1357
949
4402
4484
5751
4491
2752
1368
2223
2767
3717
2134
1044
2659
5290
2758
746
4248
5736
4772
4884
968
495
1669
1410
1361
1144
1703
183
6022
1628
2710
4116
572
5934
1801
737
293
287
563
3856
2154
2247
1720
1758
3393
344
733
4164
5396
3656
1053
5899
3795
2377
3710
5460
4286
2387
2230
4113
5344
3660
5481
3909
475
2880
4393
2111
5319
5453
1098
1607
2924
3444
4150
6184
5456
2882
4068
5381
3886
4617
4231
2405
2232
5865
5358
969
4069
5327
4635
2913
1148
2439
541
5329
4252
2893
4807
1685
4395
978
3487
4047
4579
4174
4251
94
2582
2242
2146
477
1359
194
462
1800
3304
4025
1680
182
2210
2257
2172
4490
4066
1257
2609
4371
1249
5906
4492
755
4403
2658
556
5721
3612
246
528
1339
1338
4508
1423
1018
5755
1052
2745
2661
238
521
4918
2349
4688
4260
5196
1263
3407
1330
4832
4775
2750
738
1697
5955
4684
4465
2904
2148
3486
1346
1222
5533
2914
3671
4095
2280
3160
2376
4437
5873
3234
1282
4630
1757
3832
6018
1838
4272
5582
4054
2140
5283
2683
4118
497
4137
4510
797
2903
3253
1128
5211
6015
4660
2268
1948
4160
307
4676
2288
1038
4470
4082
1430
4670
4682
3729
5846
2594
4367
2157
4658
5895
4852
1082
4530
4348
1543
4501
2182
2243
5935
3437
1158
1418
5735
491
1167
1746
5399
1034
1056
1005
4934
1694
1241
403
1458
1733
4485
1127
3237
2825
5314
2236
5400
4877
3298
1262
406
4732
1191
3713
4957
3311
1457
465
1656
3495
2438
5364
745
292
4212
3247
4929
5113
3514
1698
2332
4298
4253
4740
4479
1179
2769
197
3501
1459
1123
5343
4008
2917
1218
328
5529
2775
4268
6168
626
665
2762
3908
3075
6038
5488
666
4256
4127
2649
4176
4549
4466
1640
2273
4269
3823
5528
2106
4471
6028
2590
4674
5881
5919
5742
794
2493
1055
1425
3527
1982
4498
4
2372
4128
5872
4274
5894
3482
1973
2704
4180
4417
5441
2738
633
2178
3378
2321
3445
3853
3357
542
1763
6160
1062
5136
1799
6129
5687
1495
5080
2012
2144
4789
1595
828
3121
2097
5270
1849
3732
5187
3403
3503
5847
557
5164
5163
1108
3627
6185
2013
5672
5673
1822
5693
3096
569
3113
5084
1921
5053
1490
304
2289
609
3045
4835
3226
5288
2160
5190
3066
6062
608
3714
3317
5089
2169
5552
5076
2093
2088
4622
5171
2053
5709
2022
3118
2031
5848
5835
5057
3970
3965
6183
3479
5851
5305
808
838
6207
5078
2814
81
3750
5225
807
1322
3420
3419
606
3986
3491
5686
875
3589
3573
2942
3117
3973
2523
2090
4966
4965
5132
6118
5224
4410
2256
4862
3544
5044
2040
3098
1531
2950
783
4199
160
6086
880
2018
4219
4837
2697
5695
2579
5931
5920
570
571
1270
5500
4572
5560
4593
4649
1688
2630
5303
584
4463
2468
4827
1454
461
1469
2841
1027
3551
4821
5844
5795
4576
5542
5346
5362
1397
1980
2846
5334
170
5454
2617
2173
4244
5388
214
1714
1119
3810
3780
2162
5250
72
3349
2686
3353
763
405
582
4238
2790
2433
4578
2416
5204
4570
1518
4883
5815
5154
5800
392
5845
901
2543
85
874
3974
3975
5186
2576
202
208
1906
3051
3274
3865
1664
2573
3273
1969
5167
5081
1887
1566
5157
210
5527
3100
2647
2632
884
892
3389
2002
900
2614
2064
2381
1570
657
5046
5082
393
2613
5048
1898
2991
3619
1275
579
1910
837
3154
5669
5828
1900
5689
2618
5043
1883
1903
1902
1880
1876
5087
1775
1897
5692
318
2961
3594
5077
1286
3718
3804
1779
3992
355
1840
146
3189
5730
5024
4843
5067
3978
1896
341
3184
2099
2463
139
2572
5690
4855
2366
143
367
2565
5299
3976
24
6163
3827
4974
368
2986
2564
2623
881
1934
648
2561
2365
5096
1851
2624
2537
5086
2578
1935
2581
2559
1933
2560
5038
1932
2577
5023
2569
5099
5029
1855
5493
4652
3746
2663
3309
5019
4669
1865
719
2701
3546
5106
5045
5766
5323
6001
4802
5264
3969
2789
333
5016
647
5777
3136
847
5930
2689
2679
48
3036
131
138
920
887
3159
36
2407
5626
2960
2570
1110
1652
2254
2574
1850
1869
3266
3595
55
2015
2329
2324
1122
2117
442
1045
1297
291
2237
4312
1766
6052
496
2444
5720
1172
4295
1007
2756
3376
4531
5864
4769
4155
5326
1059
2281
1381
1173
2369
2246
2910
5954
6002
5221
1687
3093
2130
4638
4283
3454
3534
6010
4345
4111
2217
4309
1785
954
2294
3845
6158
4146
1014
1238
1065
4360
2112
3537
4299
1246
2222
3483
5700
2087
6176
2305
5704
1895
2567
5753
5758
2001
2231
2992
46
5765
890
3450
4971
5567
5614
3031
3164
5610
2626
3299
3966
621
4960
4943
4942
3917
1954
5218
5223
6054
3002
5393
5268
2360
3203
5040
4729
5148
4982
843
59
5486
2929
9
4840
3510
1908
1890
1025
834
4984
4910
5119
3588
656
5220
5580
5788
5776
5174
5659
5183
789
103
2812
864
1985
32
163
2625
4550
2313
5697
5049
3581
3983
3321
3328
2741
3863
5037
1879
3081
5430
1778
888
2998
2307
3153
1272
833
832
5402
1605
646
6191
5173
4215
4853
3039
2296
3129
883
2796
588
5678
5056
2475
3217
3977
5799
3705
4063
150
3936
2652
5703
1930
1777
4914
5386
1940
613
5821
420
425
428
432
5696
3390
123
2100
113
2101
5960
3411
5952
1939
5199
611
5822
237
240
5120
1048
5130
1061
5789
3818
6119
2170
5714
2898
1907
6179
3532
882
565
809
2095
4936
4948
4959
190
6041
189
6040
161
6049
4941
245
4409
1927
2778
3866
5959
3980
5021
2997
4037
870
4998
2979
1805
5475
3601
2098
5321
879
4206
1859
1254
2397
1909
2058
5018
285
2235
6075
4554
516
3996
2940
2132
3386
754
1597
5499
6006
2975
791
4032
31
2859
2563
255
574
1828
6096
3807
4746
186
6134
2985
1873
3706
4659
6032
3524
897
1889
914
1684
3803
74
1830
4791
594
5563
660
3059
4913
2072
1856
3542
3115
792
6123
5963
1864
2607
348
6112
2871
2951
3174
4311
5239
3016
614
2050
2069
4511
4326
4602
1929
2077
359
347
3960
2948
2336
2544
827
6149
2126
5731
5027
5054
135
5129
438
6
1274
3526
6107
5031
6187
3026
5093
5483
2865
857
5419
122
3583
3275
2062
3048
1399
4432
1219
3200
400
2125
1944
2094
5615
1858
4798
4912
1820
2995
5085
3346
3257
3820
2517
602
965
311
2361
2672
3760
3470
5947
154
5711
6060
5097
5036
5698
6013
3180
886
3105
3616
5983
4391
2547
1878
1581
4538
75
25
5694
3216
5315
5039
108
4662
2963
63
4724
4803
1874
215
4854
99
4023
2774
3547
964
5446
2715
3521
5551
3906
4752
1468
5802
967
5737
1539
1473
6212
1693
3754
758
4932
3956
3957
4696
4539
5451
3887
1517
623
1609
3604
5585
6210
5497
1885
5320
243
5670
2784
799
3292
2155
4633
1413
3394
3334
4120
802
4250
3157
4983
4995
4157
668
3
2216
4947
5107
4030
3947
4999
5366
4916
3367
5889
3842
4088
5642
4426
911
3747
2606
3162
636
966
3776
3824
5124
5072
5771
1513
5840
3755
905
2422
5007
1735
3777
5818
1774
3023
928
3013
5035
2783
3202
5042
1112
1875
912
5184
3968
4424
5052
3981
902
4741
3120
678
212
3982
5012
817
5316
661
3782
3940
844
2472
4243
23
5227
5015
4647
5956
3022
2956
4513
922
894
526
1802
1827
5001
1922
4626
4016
2636
5607
723
2161
5857
2145
5406
2993
1211
4536
895
2503
5775
2123
5241
4006
3745
152
2363
1852
3513
407
3405
5131
5774
5210
3172
938
5156
2067
3517
3984
2651
2807
4563
4408
2530
681
1871
3953
4783
1484
753
2384
58
4525
6097
5407
4545
6172
3988
3284
598
5852
5466
813
3802
5055
1741
2399
5401
2922
4520
1107
3731
383
5671
5675
731
682
5197
3788
643
2635
3979
6111
2121
5333
4926
4629
4135
1772
127
2398
2078
4524
2520
3289
1818
983
2964
3492
1971
29
52
5635
4422
1886
133
596
3265
3999
2665
2562
5160
2364
1092
896
3457
4504
3787
5415
840
1670
2103
1101
5041
985
2976
2965
2452
144
3806
3813
3794
3300
1888
3433
4516
3816
5226
49
3791
2990
1882
1926
1999
5637
6130
394
363
6065
129
3861
4612
3114
1592
4908
1545
3942
4108
5569
2674
5088
3165
3363
3371
4940
3997
854
2771
5219
3099
1266
4797
4931
4499
3695
1400
3509
2974
3737
6076
3122
4980
2127
1341
5921
1242
658
2977
2983
141
3530
3989
3812
2712
5945
3915
2668
3884
2799
5880
3283
2916
1464
5051
2105
5787
852
1666
3130
5904
5434
2057
218
2096
5243
242
3034
3035
5322
1645
3955
3009
1957
564
111
3220
3522
891
2420
5118
2171
2414
649
3805
3580
3323
6029
1519
5732
810
115
4148
4591
5793
3696
2346
3543
3418
2083
1653
3335
908
3657
2408
2055
5208
3024
5272
3356
4457
5465
2709
5472
4329
5492
3290
5269
1224
5324
5133
3959
3218
3272
3800
22
5247
2421
3207
191
4136
440
4042
2696
5553
4001
5656
1502
3972
205
1268
4757
3775
4786
431
2643
590
2854
5114
1472
5177
2330
2707
4182
4784
635
4949
2124
3694
4923
3985
5144
2702
3998
3911
2009
3993
3948
3749
5804
446
4011
3256
3286
316
1833
2334
5798
4765
2982
1528
384
757
5061
4556
1893
5408
5289
3466
863
2700
5600
4221
4755
1616
786
3516
4708
2524
2507
6087
6072
2728
3341
5705
4009
1600
3991
2519
2912
4992
3817
376
4981
2378
4776
3461
2036
1538
848
1434
427
487
3029
4003
325
5000
4915
3990
3995
4944
4002
4834
6078
3525
4919
652
2566
6080
4989
2462
1776
2740
244
5189
4012
1462
2781
671
5017
1962
2068
2525
3764
3222
581
3793
1305
6094
706
653
2633
3605
2079
4315
3715
6138
188
4994
907
3128
5674
4715
2348
2861
1394
3014
5938
3873
1527
3701
5710
3945
3949
1486
2980
5008
5713
4988
4964
4022
4958
4985
1637
4004
4997
1974
2075
5942
5006
4933
6104
1860
2969
5217
3859
4005
654
5125
2295
1718
2867
3606
2945
5332
711
6217
5939
6198
4668
4547
1730
805
4544
5962
3213
3112
4017
4846
816
2677
4663
4849
2054
1492
5212
2383
5282
1091
3626
1803
4535
3041
2165
4461
3774
4727
5232
4991
3916
4924
30
6005
4962
5010
4007
4979
3987
4990
4970
3278
5169
5005
6219
4555
3629
3020
2019
3439
5117
5228
3499
89
5150
3102
5216
3318
4954
3012
352
2046
1894
5780
33
3994
3469
5603
4468
2833
3548
276
6202
5138
5026
910
3872
4421
4759
4560
5271
261
5950
5972
4294
4710
845
2074
233
1363
2245
4953
4952
4969
4963
3912
4946
4973
4939
4927
4938
4781
4951
4987
5691
4972
4935
5013
4950
5240
5014
704
3898
5011
5473
109
3040
2476
2557
3452
5238
527
5004
4035
3313
1943
5750
6113
5487
3913
3897
5109
4725
3138
4198
1626
4628
2669
3620
3303
2385
6175
4033
1299
4014
3621
3070
2634
2442
3683
5629
5383
4362
5003
4925
4921
3914
4955
4922
4976
4000
5009
3910
4996
4928
4993
4013
5002
4920
4018
2441
4636
0
5807
3409
5121
3119
6135
3058
4907
2736
7
2044
3056
917
3825
3682
3615
4546
5708
3250
919
315
1646
2881
2521
3964
6133
1937
2732
4407
3934
6074
793
4381
5761
3789
3083
3314
404
710
2885
5568
1657
2037
5759
6106
4036
1768
4067
5782
2466
145
2526
6224
26
1904
2367
2455
4276
4712
3360
3771
2429
2343
414
5990
4019
1745
826
4657
5033
1204
1716
3549
3759
3892
2446
5168
2464
1813
2008
114
4493
1790
453
1795
3193
4698
6122
4695
4788
4021
5153
4804
2510
3571
2471
4930
3251
2798
3596
2909
1632
1995
4747
1863
5989
4961
5949
2949
3833
2938
5913
3786
3893
3635
3484
3065
4423
831
2430
4906
2344
2981
3801
5140
1408
4945
1925
56
3625
1096
1028
3707
3518
4850
3773
2708
28
5403
2793
642
77
2941
4722
3708
5508
1087
5779
839
6083
2375
1078
2335
5409
3840
2089
5729
112
5495
1113
3659
6099
2729
3167
5244
6105
3834
5421
2459
6108
4551
5817
1611
142
1593
3658
3340
6115
1760
5237
702
1960
1823
4967
6148
568
975
2946
3575
3933
1287
4790
3663
639
185
707
655
3192
2045
366
885
225
1881
2415
558
1683
2548
2290
3259
3306
1582
1738
5733
1727
2800
3329
2664
5668
413
6203
3032
1891
136
3858
3260
3271
612
6017
1111
592
6125
6164
1870
2947
2386
3751
5926
6102
3885
5936
6024
305
3709
4911
3736
1583
6093
3209
2884
3835
6195
424
3929
1114
4502
1432
6194
3561
5660
13
416
5764
4015
211
2301
118
3368
5098
3792
5066
5433
5792
192
1989
5034
4986
66
631
187
5105
1379
164
6114
3195
2440
4010
3730
2282
3545
5867
6188
6141
2409
2328
4794
3761
2456
4038
5182
6152
132
6201
5767
5233
1612
6178
5905
4815
2719
2612
2824
2188
3685
916
4606
119
1977
27
1769
5979
2538
3809
2513
1617
4717
3875
3535
3814
3584
4222
3477
2687
44
877
2319
659
90
2312
4625
5300
2905
3744
3131
388
5861
3277
1536
2988
2610
5914
234
1594
4168
1039
6126
121
3614
5743
6161
73
6155
4041
4518
1837
1115
4672
3811
3935
4026
1075
4756
5741
2682
5425
1825
2684
4968
3387
96
2143
1972
3899
296
10
4689
5231
68
5110
1748
219
3888
3385
3001
3177
2939
3258
342
1834
3862
299
1742
4937
5523
3366
2082
6139
6081
346
6101
5139
2673
701
6151
1661
3205
1831
1826
5763
3926
5808
5790
6159
1807
5768
2718
6089
4024
3338
5025
6084
4956
1793
11
6110
3819
4744
687
1846
2934
4978
6143
6127
1996
4220
2640
1824
5831
5050
134
893
5746
5974
3723
5964
4020
5510
3765
3903
3607
3214
249
4027
5298
95
3762
3301
5549
2300
224
2932
1892
2848
3924
664
2395
5246
100
3889
4743
4040
1841
1773
4909
5738
1848
5745
5749
6116
3890
4029
5781
1770
1771
6154
5794
2605
5773
5903
5734
5728
5770
5778
4975
6103
2558
130
5682
5192
889
3907
4411
6196
5702
137
5752
1899
1924
4766
3748
1726
5810
5307
4183
6174
6121
1076
220
4557
2535
2999
4764
110
6146
3054
782
2688
1216
2827
2737
5739
5740
2645
5785
2662
5047
4039
5762
3905
5756
1836
4808
4031
1832
5022
155
5786
5820
5812
4823
2542
3950
2556
4905
5028
5849
1794
6090
3143
5839
3883
37
5727
62
1479
5784
5811
1901
4774
5965
1109
5809
1905
1629
4034
5195
5925
5032
779
771
4782
3344
4413
5944
3962
3282
149
2748
3401
3183
5978
940
3904
5769
4761
5754
4824
147
2735
5797
80
2743
5854
4814
4899
5987
4735
159
4822
158
932
2730
156
5837
2711
3882
4763
2555
2757
5910
97
5827
6177
3895
2553
2646
4796
5967
3146
1792
3141
1884
140
5726
4043
934
5879
87
4813
3453
6169
6162
3178
921
5830
5813
6109
3925
1642
227
868
3963
2611
5065
2746
2751
157
106
2554
2678
38
39
126
6088
6098
2726
2587
962
2641
2604
2717
2657
117
1686
5911
2685
1862
5953
79
4736
5948
3952
5855
5803
2739
40
60
258
5824
4801
3181
1084
5961
231
2622
2761
5932
153
1691
4553
6211
3134
963
3170
5712
5946
5994
5677
2529
5863
5859
3190
4903
2944
2821
6225
70
2550
148
1106
14
2589
5882
5924
2725
2721
21
5885
1621
2731
2755
2723
3173
107
5971
5719
937
5876
5923
5977
927
5796
76
2545
6044
3158
262
1083
925
5996
4218
5841
1731
4214
128
277
226
3270
4977
306
5866
3830
818
3779
5805
2681
1631
5825
6004
2693
51
5998
5884
5679
5229
230
3199
2747
3145
2727
2676
5970
2724
5892
5725
3152
5833
2744
2644
5966
116
5716
61
41
3210
15
221
3194
929
2714
6020
5890
124
18
17
2699
5991
5819
53
2705
5235
1644
47
78
3088
3208
5870
2720
931
222
2629
3790
2603
3891
1671
6012
5877
5986
815
248
3187
3766
254
1604
5094
3294
3212
35
3829
2619
5901
2713
5976
4754
5981
5902
2706
5801
2616
5829
5893
5871
2667
5886
16
5723
104
5838
5814
5992
5993
5975
5722
5878
5900
3147
1853
5982
5887
4737
3221
2760
2540
5908
5888
1099
3191
5928
1783
3087
5984
5973
6007
2648
2768
5860
820
5858
1104
930
5842
913
5060
1624
3188
1665
1868
5907
6027
4760
2962
1857
5883
5896
5718
3225
6003
3171
5832
5724
2764
5891
5940
5941
5869
5951
3224
5909
5862
3149
5717
5853
5856
5816
3144
5916
3148
3169
2695
5917
5868
2694
5937
5968
3150
5823
2670
2660
5875
3151
2749
2675
2733
5843
1861
2621
5850
5874
3219
3107
3089
3198
4771
3179
926
821
5980
918
3201
1839
5927
822
3280
1791
3223
1787
1786
1821
1835
1798
5922
1877
4216
3090
1814
2722
2656
5933
819
933
3204
5684
3109
3215
5915
2654
1845
4904
5969
823
1812
1788
2588
69
3268
5707
5988
2666
1816
903
5699
1789
899
2777
5715
2763
1662
2585
1815
1765
98
1804
5683
3276
3944
3135
1854
3182
1660
1796
1819
1810
1872
1767
2552
3086
1808
1847
1811
824
1866
1842
1867
825
1806
1797
1781
1844
1829
909
1817
1784
936
939
1623
1809
1630
804
2591
2766
2600
2690
1615
4208
3308
2638
4064
5676
2855
2765
2628
2877
2734
3269
1599
5958
3142
3345
935
3281
3348
1622
2831
3106
5685
1602
6008
2592
1603
5667
2703
3161
2899
4768
3536
1682
3330
1598
2680
2776
2655
2601
1643
2639
2597
2615
2653
2599
1620
1782
3196
2608
1608
2822
1614
4062
2785
4189
873
165
3166
3110
4200
2637
1677
1673
2803
4065
2820
6046
2828
3264
1692
3235
3108
4875
2620
3236
3163
1102
1690
4750
5929
5995
1093
3175
3126
4847
6068
806
2843
6021
1764
3285
3228
2900
2512
801
43
2811
4201
3232
4210
1601
2839
2816
2596
4213
2786
3302
2598
2830
3233
3230
2808
4188
1634
4163
2627
2804
2892
1619
2813
2842
800
2891
2759
2879
803
1655
2876
796
3231
2834
2772
4204
2806
319
5957
6016
2844
2875
166
4169
2873
3352
3229
317
2792
93
3261
92
6009
2897
6036
1618
1672
3104
3078
6033
3291
4778
2866
2872
2856
2862
2868
2878
2849
2817
1762
798
2864
2860
2802
2826
2819
4191
2779
2829
2810
2852
2836
1696
2794
2890
2851
2584
795
2838
2857
2835
4179
2858
5680
193
2583
4209
2863
1641
2840
2788
310
2883
1717
1072
2809
2801
3373
3370
1678
3337
4172
102
3185
3137
3307
6025
2845
5662
198
1749
1654
88
2818
2847
2823
2887
2888
2832
2837
2797
2805
2894
2850
2853
2869
2780
2889
2874
320
2795
2595
2773
2787
2902
4207
2870
378
1639
4196
3103
2895
5657
3471
3127
454
3293
5943
281
4202
3168
250
3211
5658
3156
3520
3342
321
4738
3372
4143
3155
2935
3061
4902
4072
4178
1701
54
6067
3374
2551
3287
4162
418
5663
4170
3092
4193
4071
5664
3124
5655
4197
4177
4205
4195
4882
3364
4171
4187
4734
451
5653
3206
1719
865
3095
2580
4203
1086
3464
859
2926
4186
2919
275
435
3498
5648
1070
422
2575
4731
3094
3506
5265
4194
4865
3511
4858
1085
3139
4901
265
322
1734
872
3310
4753
5701
3831
6209
3767
6045
4728
5128
4073
20
19
5681
5661
1613
2549
4751
5665
4070
4166
2484
3140
3375
6216
4828
101
2531
5912
1088
1704
4190
976
3796
4867
1633
3406
4773
4829
71
5997
4896
6014
3267
5628
4770
358
615
3515
869
450
1998
1725
4028
273
971
4851
5111
412
3661
4185
4543
3369
4292
3778
4819
1073
5999
1736
34
3402
6085
2536
973
1069
2522
970
6050
6035
3531
1079
2533
2546
972
6043
313
6070
1081
6031
2936
6222
3377
1080
6079
3692
3408
4192
2920
3971
6073
4787
1097
4416
4306
1747
923
4864
5633
4841
448
4099
4891
2010
3719
6047
871
314
1970
5188
6204
1064
50
402
120
1958
5643
6063
2331
4723
42
3836
3868
3743
3880
6064
6055
6069
6037
2539
4726
1089
3541
3467
4871
1063
6051
441
974
6057
6058
1090
4055
6048
1008
2541
2931
3896
415
4646
3689
1651
1708
5142
6200
4414
1100
941
309
2532
4605
3902
6131
6136
1709
375
419
1382
2906
4857
5151
409
3847
2487
6117
4092
1575
338
5122
1740
3611
1094
5095
83
3049
3857
2933
2930
6077
391
390
4866
308
1752
3918
3396
3538
6082
3529
2927
4897
4887
6071
1700
381
1753
5985
2937
1689
4881
3943
3839
1722
4874
2896
3502
5058
4749
288
67
91
1590
4610
2915
4863
2035
5149
3928
3060
4586
6056
5075
3930
5143
216
4412
64
339
2027
430
4181
6061
1705
2447
4880
3602
3254
1648
4709
4818
4811
4805
4806
2921
1728
4793
4777
4836
3400
168
2925
4767
1591
3961
3519
286
4890
429
1759
312
4844
4779
4758
204
4831
3438
6023
3504
1037
3496
3082
2428
861
5104
3288
6223
811
3064
6026
3249
4173
3687
3325
1003
4678
5203
6197
6137
4892
3084
4655
6059
6147
4447
3799
2911
3458
3676
4616
6100
6205
3539
4800
4620
4870
4799
4792
3843
3725
3860
3958
3186
2908
3339
3255
4885
4680
4615
6221
6128
3693
3331
3508
3297
3864
105
3954
5115
4699
3852
3927
3488
3728
4873
395
3675
3869
4780
279
3720
3076
846
6180
5062
4540
3734
5123
4720
6030
6199
252
6019
3680
3881
5379
86
3523
1724
1712
4721
4703
4529
386
3724
3871
4614
3870
4627
3946
3721
4604
4603
3332
6206
3844
6208
3838
3822
3347
3735
6215
4730
3358
125
3465
4634
6132
445
3738
4624
269
3712
3359
3704
3690
2011
4415
447
3826
4548
3505
858
4830
5347
3688
4661
3351
850
274
3365
3716
4826
5108
6213
4869
5134
4310
3846
3702
3507
4598
3624
3327
5491
278
3848
4621
3919
4643
3727
6218
3326
6220
4609
4640
3841
4619
3753
3333
3758
3381
3850
3343
4648
3703
268
3428
4817
3528
4613
3808
4496
3867
3350
5147
4859
84
4876
3305
5141
3354
942
3722
3497
5368
3533
3399
3679
251
5059
3295
3540
3355
4537
5068
271
3593
3772
4611
4596
4477
4324
3423
4888
5355
3468
3855
3242
3296
3312
3245
3489
3336
3319
3243
4587
3248
3757
3244
4582
3752
3763
3384
270
423
3361
3451
260
3770
3241
4558
4639
329
3711
3473
3315
3425
4509
3475
4494
4706
4900
3756
3380
3441
259
4430
4552
3634
217
3494
209
4045
5176
3798
688
272
401
4103
4375
3828
1042
199
5112
4838
4692
3238
4522
4521
3797
3784
3821
4517
4581
4512
3815
4478
4526
4503
3768
3785
3781
4561
3769
4562
5162
4567
264
4429
4569
213
4568
206
3362
4564
176
4044
4573
3459
3429
3455
4534
181
4565
4507
229
4583
3239
169
235
247
3415
3476
3668
3414
4825
4541
5152
3252
3456
3628
6066
266
4714
173
3481
4489
5127
232
4677
4532
223
177
241
340
203
4566
175
174
4482
4574
4533
3240
257
4571
4707
4664
4434
3647
3684
3410
178
4704
65
236
4476
179
4644
3938
4577
4428
4861
3559
207
4592
3837
411
3931
3939
3391
410
4152
4433
3398
4618
408
4879
4096
4607
3440
4810
4241
4608
5339
3739
4462
5126
3493
4594
196
5103
3474
267
4445
4595
4705
4719
3698
4701
4702
4597
4711
4895
4687
3480
4889
3442
4894
3901
3388
3681
200
3639
3558
382
3432
389
3686
4748
4679
3691
3654
444
4691
3574
3563
4700
3448
3443
1058
5166
3080
426
289
3383
3622
3849
1068
443
4653
4497
4686
4693
331
3431
345
3648
3697
3417
5230
3382
3643
3572
3430
3932
4683
4694
4671
4673
3416
4697
4600
3446
4601
3478
4599
4667
4716
3447
3460
3463
3427
3424
3600
3699
3677
3613
3379
417
3392
3618
3640
4637
4675
4898
377
3426
184
4584
3413
4654
282
4580
4812
3587
421
3599
3876
3921
3570
4589
4656
3664
433
4681
3642
4235
5215
290
3920
4559
4585
4632
3395
4590
4475
3655
3638
3610
3598
3653
3597
3631
3666
4641
4631
3608
3623
3586
4623
4685
3633
3646
4389
4528
3562
5214
4390
4642
4387
4048
3637
4236
4542
3603
3412
4382
3421
6182
4305
439
3422
3609
3651
4129
4388
4153
3564
3569
5071
4302
434
3592
4383
4232
5234
3854
4115
1049
4314
3740
3567
4114
1077
1051
6190
195
4469
4523
3591
3667
3644
3662
4650
3672
3645
3652
3568
3585
3577
3669
3665
3550
3436
4233
3565
4365
3578
3576
4386
4385
3579
4234
3566
3553
3636
3674
4342
4358
3582
3670
3552
3556
4230
4368
4257
4270
4319
1060
3557
4361
4050
4301
4277
3617
4262
4376
4331
4379
4053
4267
4165
4130
4321
4102
4349
4352
4344
4117
4359
4291
4318
4327
4338
4290
4316
4351
4333
4052
4337
4264
4237
4357
4284
4285
4588
4366
4304
4323
4322
4354
4317
4308
4239
4340
4346
4356
4258
4343
4119
4240
4288
4364
4273
4297
4263
4307
4097
4051
4300
4156
4259
4279
4328
4341
4303
4320
4373
4049
4330
4296
4339
4335
4377
4293
4332
4098
4334
4347
4355
4289
4287
4087
4336
4275
1071
4370
4112
4094
4325
4278
4074
3397
4261
4046
360
373
4091
5207
284
5175
6092
1015
4519
4406
5392
4126
4514
6189
5222
5100
6156
323
1564
5374
4056
4282
4483
4456
4184
5198
167
4134
5471
1001
4138
4495
295
4472
371
5201
644
780
1744
860
6157
5666
3879
5213
856
1074
5317
1406
330
4500
5348
5420
4527
5273
3922
716
5462
849
387
5200
5474
5172
773
1477
1625
396
332
6171
1463
781
5205
772
4254
5179
1461
4427
3010
851
1506
437
4224
3877
1258
5459
5356
1520
5341
601
4110
5416
6142
6150
3005
6170
6181
6166
5447
4444
1036
841
5146
5395
775
4425
550
324
5538
356
1756
518
1569
361
5387
777
3111
945
5145
5158
5202
5064
4455
5193
5480
2967
842
5467
1649
4481
5464
5253
6173
778
1638
812
5185
5159
5074
855
6144
473
1627
4460
4443
5437
5564
5101
5069
6167
5070
5357
717
5063
1020
5431
946
1548
372
1523
6165
1021
700
770
5470
1668
6153
5521
2907
1532
1732
3923
470
3320
3123
853
5479
5469
5477
5476
5254
4452
5091
5361
1636
5410
5463
1658
5445
5426
5191
4467
5349
5206
5422
5102
4441
767
5181
5170
4453
4431
1510
5489
867
728
6091
5579
4271
5259
1563
862
1659
5352
5079
743
4144
703
1483
4175
3044
1635
2994
1556
1526
5194
750
776
4161
2527
4440
4058
784
729
1478
5178
640
765
4405
4459
4442
4454
4451
4404
5274
4486
4473
4487
5485
5484
4474
5180
4480
4464
5351
4227
5439
5335
5267
4450
5468
5363
5291
4448
5427
1471
3050
5449
4225
1647
1610
5266
1488
4449
1499
3878
4439
1489
5438
1674
762
1525
5443
4420
1710
1494
5369
5440
1491
5432
4398
5260
1984
5444
4438
4419
1465
760
5452
1524
5275
4435
5310
4397
5309
4255
5311
1500
2987
4122
650
5404
1534
5308
4396
5458
5292
5417
5405
4057
4266
4133
4242
1542
5277
5575
1470
3000
12
5457
3007
1702
742
1650
3125
5448
774
1529
4132
715
5411
766
769
5654
4400
5627
4223
3037
4090
2966
3019
722
3008
2958
4159
5646
4076
5498
714
2996
5594
1723
5285
4401
5284
5318
5301
5293
5336
5276
749
5278
5390
5413
5380
5522
5414
5294
5503
5428
4394
5295
2972
5442
5331
5279
3025
5261
5360
5616
4075
5397
5424
5385
5638
5634
4059
5436
5576
4139
5389
734
5248
1487
4084
1739
5429
5382
730
2970
1493
1555
4061
385
5618
3062
1580
1466
726
5541
5461
5263
5507
5504
5296
5313
5312
5412
5367
5526
5525
5330
5398
5286
5353
5547
5435
5377
5418
5302
5545
5337
5255
5376
5354
4083
4086
5338
5280
5252
5378
5394
4392
5534
5249
5556
4100
5372
5574
5535
4105
5251
5536
5258
5644
5532
5514
5478
5511
5639
5515
5540
3079
5524
5649
5345
5531
5512
5589
399
1552
5496
5516
5619
5651
1589
5544
5546
5543
5518
5561
5502
5558
5559
5245
5520
5550
5256
5262
5557
5566
5548
5555
5530
5257
5506
5577
5505
5572
5586
5490
5583
5562
5539
5373
5621
5617
4081
5565
5573
5652
4077
5625
5578
5570
5624
5591
5636
5519
5571
5650
5593
4080
4079
4124
4141
5513
5623
5630
4089
5601
5632
5645
5554
1737
5599
5622
298
5640
5611
5641
5631
5647
5597
5590
5613
5602
5584
4158
5596
5620
4104
4078
5605
5598
5588
4123
4140
5608
5612
5604
5609
5592
5606
5595
4107
5587
5581
4109
2458
2498
2150
1547
1515
1986
3043
1568
695
2978
748
2020
1983
604
1711
607
641
3003
1991
1546
1558
2066
1955
686
380
2118
455
3028
334
768
3017
603
1579
1574
303
1584
3006
1557
1508
3063
1706
3038
1189
1504
3021
469
1476
759
1918
1485
482
2006
2092
943
1917
1225
924
1920
2516
1578
718
472
471
1699
1585
501
740
987
57
1503
1050
1956
673
2119
1066
2508
691
2283
2017
1586
300
583
836
2534
605
599
625
1549
618
1576
2051
2528
2352
1573
1572
468
1577
1587
1571
1588
467
1460
2
1562
349
1561
336
1567
357
370
350
1560
575
543
1554
600
362
369
1551
374
1919
1505
566
597
578
697
2505
573
3072
1743
519
1715
2494
2514
326
1553
2489
548
3047
1516
171
335
1993
1535
699
1966
457
1681
1401
2007
692
577
672
1981
1959
302
301
591
585
576
1565
337
1537
586
553
327
538
1514
595
522
354
525
515
1522
1512
1497
2518
509
1521
549
505
1467
510
944
1533
2483
2495
727
2499
1511
1721
1213
732
1755
1507
1679
2065
756
172
3068
3069
747
1250
3067
474
788
1199
741
2029
1550
587
736
1976
365
517
1923
709
480
504
1
589
481
512
580
513
536
546
1509
498
1501
552
1248
523
499
683
1498
532
567
486
555
562
483
1916
508
1227
677
520
485
1541
3046
507
2500
2509
739
1183
1260
492
2504
4167
2024
503
506
1136
2016
2501
1220
1207
679
539
676
533
1237
559
540
551
2515
2511
547
1255
537
545
502
560
534
561
530
531
544
463
1234
488
456
511
554
479
1226
460
459
524
478
458
1235
514
1259
494
464
1261
1232
294
1192
1233
1200
1251
476
977
2506
1131
1196
343
2460
1443
1206
1244
2502
1243
1215
4147
2469
2028
2497
3004
2482
2470
2485
744
696
2473
1402
638
725
3073
2478
2490
2477
2496
2461
2465
2491
2481
2486
2448
1188
2467
2474
1210
2449
1160
1180
1202
2453
1047
1170
2406
2989
622
2488
1159
1142
1482
619
689
705
1474
616
1281
1675
634
2021
1952
693
1132
1987
1450
3074
2356
1168
1130
2131
1992
3042
2025
1439
2480
708
735
1306
2382
3071
685
669
1750
1385
675
674
690
645
1544
620
1475
684
2443
624
1150
630
1964
1913
1915
662
1997
1321
680
663
1953
637
1481
1133
1149
1961
1914
5
1280
713
1412
1390
2003
1298
1135
1372
1147
632
1663
1433
1967
1335
1393
1253
667
1988
2971
1348
2041
2457
2030
979
2204
1950
2033
2270
1455
1990
1445
698
2968
617
8
1912
1347
629
712
694
1345
1380
1449
1383
1453
1456
1409
1362
1431
1951
1448
1442
1975
1447
670
1344
1452
1438
1451
1437
1134
1965
1444
1429
1404
1446
1994
1435
1441
1279
1436
2004
1949
2056
3052
1386
2043
2000
2052
2026
1276
2185
2038
1277
2255
1421
1407
1333
2153
1392
1391
2014
3057
1320
1428
2272
1420
1411
1403
2187
1315
1414
1941
1332
1415
1278
1319
3033
1389
1427
2039
2177
1945
2133
2186
1419
2241
1946
2317
1378
2168
2354
1146
1395
2063
2073
1165
1398
1304
764
2032
1942
2048
2049
1388
1295
2005
1198
2081
988
1197
2479
2454
2059
2350
2060
2196
2445
2080
2311
1296
2023
2260
1145
2450
2086
1166
2451
2047
1370
1371
1422
2218
2195
2070
1377
1424
1360
1331
1417
1129
1440
1343
1303
2061
2261
1366
1155
790
2322
1126
1356
2071
1294
1328
1314
1978
1367
2034
1963
1416
2357
2219
2351
1384
1351
1376
2076
1364
1396
835
2353
2291
1354
1175
2205
2340
2284
1355
761
2310
2091
1228
2492
2368
2359
998
2338
947
2347
787
1365
1375
2355
1373
2358
2135
1374
1405
1387
2206
1190
1174
2274
1352
2342
1369
1186
1046
1193
1208
1194
1195
1002
1182
2211
2189
1353
2326
951
2104
3011
952
2318
2285
1035
1231
785
1293
1327
1178
1057
1154
1240
2957
1041
1938
2275
1141
2325
1329
2953
2224
1245
1067
1201
2147
1013
1252
1217
1273
2412
997
1187
953
1229
1024
1205
1221
1181
1000
1169
1209
999
996
1033
1212
1203
1214
1164
955
1163
950
1153
1236
1223
1171
995
1019
1152
1140
1006
2262
2225
1350
1312
1311
1029
1342
2315
2226
1313
1157
2306
1185
1161
2345
1349
2973
1054
2954
2984
2323
2309
1292
961
2299
1326
1308
2333
1324
2339
1336
1040
991
994
1184
992
1151
1323
1177
1162
1118
1325
1026
1017
1271
1139
1337
1117
1022
1138
1011
1340
1143
960
1010
990
993
958
957
2190
2136
1009
959
956
1309
1283
1137
2197
2327
1310
1267
1288
2128
980
989
1285
984
2198
2138
2200
981
2212
1290
2371
1264
2276
2370
2238
986
1269
2435
2113
2115
2114
1289
982
1004
2436
2434
2437
2410
2139
2419
2239
2213
2396
2137
2199
2424
2379
2425
2149
2388
2432
2427
2404
2418
2184
2417
2426
1116
2393
2380
2176
2183
2411
2108
2259
1265
2389
2297
2401
2394
2402
2167
2423
2194
2158
2156
2391
2403
2308
2392
2203
2400
2286
2302
2179
2266
2174
2202
2390
2151
2240
2277
2233
2271
2269
2373
2374
2316
2109
2110
2116
2304
2278
2141
2252
2229
2314
2292
2279
2175
2159
2303
2298
2220
2208
2228
2214
2180
2129
2287
2244
2207
2227
2249
2265
2234
2192
2221
2250
2251
2201
2215
2264
