6010
6014
3679
4875
1223
2942
5966
6080
2941
6085
4858
4860
2954
2991
1053
3699
1802
1048
1706
462
2933
1356
3977
4886
2425
4888
2998
4870
4813
2999
5305
4650
489
3744
3626
4940
1373
1653
2032
1803
6070
2927
1705
2310
5264
1353
5951
330
2169
1449
2292
2972
1810
4889
1099
4877
4442
3698
4863
2503
2257
2981
5421
5313
279
5363
5894
1781
4475
3620
4207
5744
1504
5460
4476
5454
3081
1323
1017
5325
3775
4168
2364
5331
2649
1776
187
5545
186
5529
5910
5950
5410
420
1094
5513
1015
602
5464
2869
4344
1202
1343
1089
3798
4532
2240
1330
3570
2214
4162
2309
2267
4498
4159
1792
2510
4804
1740
1684
2232
3621
2779
1520
2906
3628
3003
2821
5752
2921
4195
5955
3967
3593
4946
332
4851
3584
4864
2325
5963
2839
5886
5815
2833
3635
1355
6026
4116
2961
2882
545
4324
4815
1312
4432
4447
276
1440
4626
2968
2958
2466
1085
4459
3340
4495
1714
6041
3
2290
2430
4460
1505
2375
3180
3711
6025
1075
4169
2984
329
2891
2920
2824
3741
5265
1519
2518
1347
2788
3580
409
4582
1329
1507
1100
649
5796
2020
816
2007
4158
970
2794
4678
5439
2458
4205
1210
295
2457
1194
444
4850
2276
1811
1372
1200
565
6154
1699
5339
1203
415
5512
573
2279
171
1081
4177
5558
1025
1414
1364
5598
1096
1677
4166
1690
4110
4740
6067
1000
1337
1212
3807
1184
4837
3734
6081
3559
4673
3918
3742
5307
5941
4646
2953
1806
5875
3858
5481
3689
2983
3714
2777
4428
3978
3733
5883
674
6086
2842
4894
5123
3528
3547
3730
5337
5622
4748
374
3480
5922
253
1791
4832
4351
2461
3560
5860
1820
3731
2448
2977
5741
2826
3808
3678
4536
4328
2819
3166
245
475
6092
2642
2915
3344
2360
1207
5390
1305
2368
2440
2316
540
2234
1325
2762
593
604
6029
1195
1727
165
1380
5369
617
3343
402
1784
1327
2409
4185
3339
6028
2349
35
2264
5588
1321
1016
1800
2320
5450
2221
6069
4213
1535
371
5342
5295
5300
2420
2545
2180
1234
411
1354
4322
376
4783
973
324
2982
6078
2233
1423
4216
2646
756
4955
3910
1704
3847
763
1527
4404
3907
5269
3466
5943
2747
5805
5753
1580
5594
5976
461
3903
3926
2641
1743
1735
5930
450
5937
1734
648
3920
5
5906
3460
5736
3402
639
4711
331
4512
3527
3169
6167
293
5623
4188
3350
3144
4392
5996
4137
3168
336
5256
3909
2926
1574
4839
1074
1746
2006
3479
222
2744
3764
2447
2260
2456
1031
2546
50
3012
3494
4881
2675
6100
1067
2156
1056
4335
1346
1019
2565
5319
2462
5327
1430
251
566
490
4728
4233
1834
4665
5343
6079
4325
1216
2148
5317
2793
2533
464
5357
4326
4224
3799
1071
3668
1455
4882
2201
2805
3760
3724
1478
6175
1190
1795
4350
4236
5953
1821
1434
167
5887
5607
2987
5884
2928
1503
3427
2962
3565
3622
1654
3348
1110
271
5979
5629
2988
2000
3636
5913
610
4077
3576
4218
1687
726
611
1793
607
1235
2845
5806
2907
307
5909
4831
5463
1432
5456
4316
3545
3457
4784
5283
1623
5515
4266
3541
4869
5420
391
3094
814
4802
3071
5914
6190
3687
1726
4128
5587
5857
4575
5200
803
5197
4044
5002
3257
5721
4699
3624
2051
625
4059
3898
1155
861
6112
5063
5144
5682
3675
858
5718
1147
4003
4982
5756
6200
6204
1712
4939
5022
3213
629
2366
3192
1831
2021
3309
4406
3259
5952
5728
4000
5111
2637
2634
2625
1870
5090
4043
4001
1369
4065
4836
5107
5085
4570
1575
3388
5139
797
5856
5026
5714
5724
4050
4995
2618
2619
2624
5847
5208
5686
2708
4931
3283
4055
5017
4986
3291
897
1853
4827
4018
3066
217
3056
1979
148
224
3403
5028
2688
3250
2551
1945
1896
4071
2552
5733
2134
947
3130
3121
2593
3423
3422
104
5214
1554
5086
3215
5091
5223
5729
3384
4152
2333
3325
5098
5099
768
5160
2217
2284
4672
2215
2171
2318
2787
2609
1070
5428
4880
2487
3013
4638
198
1882
2488
2443
1316
4455
4700
347
1044
2239
6227
2378
4542
458
1209
2305
2347
961
1046
1579
3851
4235
5359
555
6182
2283
361
4121
3800
3014
1217
4214
2265
1215
4904
2698
305
40
1051
2211
4339
1268
1501
2467
4578
2227
2809
4752
1980
3256
5155
100
5044
5025
2731
3255
5087
4424
3969
3395
5092
5093
94
5702
3396
3955
3956
3610
690
5180
5188
5065
5183
867
5683
5680
4676
3182
5148
5717
4847
5140
3303
5052
4612
3016
3905
3037
882
1538
662
5186
16
1723
3963
847
5723
1938
4028
1674
5170
3254
508
2030
5088
3954
147
3217
3194
4965
5048
5046
107
5163
2339
5032
5694
1777
6194
3867
5201
1978
848
4595
6127
6140
5199
1826
4384
1866
2188
5060
207
2191
1929
1940
1942
1933
3324
3086
2124
895
4960
2094
2193
5845
250
5715
118
2213
4964
2068
2057
844
6123
5396
5066
4064
3819
4075
1370
3263
1885
5801
5210
4556
5072
5695
244
4402
88
5053
2883
259
3411
185
246
6059
5997
4932
5614
1959
5268
728
3778
5289
3589
3345
2922
2
6095
3594
544
2850
3137
1526
6049
4165
4418
1506
498
1586
3491
4497
2815
3569
3774
762
5956
4833
5446
1757
4786
3973
5461
4552
3379
4221
5348
3681
3470
4189
306
4419
440
1128
268
4651
3691
3566
1953
4182
323
6036
5662
5764
4963
4671
4666
5670
5061
2689
2669
3191
5071
3116
4058
1473
5005
6006
3598
4117
5720
1529
5699
5074
2904
4685
677
1637
5154
6132
3247
5215
155
2147
5138
3957
2719
1829
5416
3248
3036
1161
4838
856
4834
3938
2112
5885
5812
3380
5771
4047
3399
3046
4966
3050
219
206
218
2053
5763
691
750
5935
906
5042
5105
4046
6141
4040
1303
6131
5206
2686
5131
4611
424
4594
4840
5058
2071
4515
3289
6115
453
1948
5232
3301
6126
1971
3874
5869
5767
3701
4089
3148
3296
5759
2767
935
4661
3987
152
2104
2730
6122
5667
6118
6171
3964
5813
1818
4871
4794
682
6133
28
5103
3568
760
242
84
5068
150
721
5500
6172
5057
2741
5867
3962
5855
4011
3561
4105
843
4103
3998
4950
1129
2739
4244
2570
4491
4019
4141
827
779
5075
5019
6107
4616
4268
5982
4068
3057
5168
5036
3835
401
4781
1366
5788
5778
4770
3943
6130
2667
911
3221
5159
5069
5018
805
2569
678
5189
5220
2600
2539
2143
1983
631
3233
2023
2029
4998
139
6121
6114
4985
4098
4989
6135
6136
5010
2103
2098
5039
3044
3984
4002
1905
1584
4024
1772
1773
765
4025
802
1571
5486
4975
4687
1921
5488
857
872
877
883
889
890
891
4688
4039
769
2616
4042
4048
4925
2617
4920
4053
5045
3651
931
3268
1850
916
919
4409
3870
1570
1988
3184
3304
5117
1994
5124
5690
5035
5033
4999
5006
4981
5691
5696
1995
1970
5014
4468
5722
5730
5727
4531
3317
5047
5059
1941
4310
1877
774
2590
4371
6211
4979
4980
3062
5826
3994
5687
134
4990
1002
1475
645
6124
4534
208
3358
3273
3315
6145
676
3924
3997
4026
2102
2107
1972
1667
4385
2568
850
103
5572
5174
201
5776
1511
5757
5158
5000
4971
4984
4973
3999
4974
1168
4991
5030
5011
5760
3995
4976
3993
3996
2583
1827
5178
4768
4380
823
5871
2701
4082
2137
557
1338
2004
914
5251
4230
3034
2072
5248
1778
4576
3229
2081
1843
3253
4032
5185
2059
3586
3277
729
5050
3414
2687
1597
1169
3609
3387
899
758
1300
759
5444
5716
771
4140
3394
2677
3889
3208
5921
5842
6220
5872
2879
4694
3009
4358
1188
4572
2726
4635
2766
2874
1335
1482
5750
1198
1745
1420
1193
432
476
4239
2549
3823
3925
3010
5850
2541
3688
921
1318
5746
1408
5865
1894
5737
5931
1379
2717
1883
815
5831
2974
5880
2806
390
3852
2768
1232
522
5938
5980
2307
2959
4669
5973
5586
1272
1271
3318
846
3249
5034
3890
5986
1643
3262
2664
5013
2872
3319
896
3230
5948
4997
1898
1881
4056
4079
4714
142
3913
2759
2566
1906
161
917
923
4088
900
5827
2602
1782
5007
902
2278
2341
2752
2586
4793
869
3367
131
2314
4401
1830
3306
3183
146
5828
915
2152
140
213
4314
1143
3818
3096
5153
5054
79
5009
4861
4992
2540
3975
4312
3020
4399
379
2323
2322
2311
3600
96
4379
2978
3174
2048
4269
5081
5222
4695
1545
2721
3814
3073
4045
2287
229
5015
3126
3599
2212
913
5903
2660
1297
3383
102
2635
5403
3702
2025
2093
3039
85
3314
38
5822
5001
886
3370
3670
5041
3087
3413
3080
2164
6108
3365
3881
2111
2577
3267
5834
1367
2327
5198
153
1915
5725
3525
2116
5073
2379
3275
6191
2026
500
47
3244
864
3820
1479
1869
1060
6034
3067
3302
5209
5213
5618
5657
4962
6177
4668
5995
6201
4961
2123
1828
2067
4115
4988
3295
865
3103
249
4112
2385
3930
5226
209
4842
236
231
3877
2595
3794
888
5437
399
112
2153
4680
3021
800
5133
3378
2075
3285
262
2713
828
5024
4012
3030
1720
6222
4766
241
723
6
692
5040
4083
1996
4580
1175
4952
5211
2853
466
2631
3381
1151
2847
955
1664
1389
3323
3204
2468
3386
965
4677
5762
5791
3047
910
2245
122
3440
2080
3293
3300
2626
4548
5056
2089
2076
3377
3902
3235
5769
5814
3366
5790
3311
5819
5825
3123
2695
2192
3018
5899
5182
24
1283
3372
5127
1961
3595
5181
5868
4261
903
3031
3045
10
3015
2884
5029
145
2412
770
2003
659
818
5971
5782
3175
2960
1880
3297
1394
3953
1935
3947
190
793
3892
5205
3374
89
2205
938
5055
0
5808
2628
5237
3307
2353
3210
59
907
2190
5243
4978
6225
5165
2063
5502
3404
3205
5777
2538
841
4397
3848
2082
5915
4604
4814
77
5711
3828
5908
901
3692
6018
1359
1548
991
5234
2525
3958
225
5425
4605
653
5571
4529
4632
4243
3231
5692
3172
526
106
944
4996
1865
3839
5272
928
590
1969
2092
1946
2697
3207
1916
926
1464
2091
3200
5020
2384
5758
4142
5781
3959
3949
2377
505
4983
6147
3140
3368
6134
5354
720
3871
3950
1936
4393
584
5351
4193
773
4400
1738
3278
1528
909
3830
3473
5766
5242
3112
4622
5740
612
2623
2639
3149
1214
3312
3436
281
3989
1291
177
5755
261
2277
2729
3914
4559
1673
801
2836
1939
2513
2427
2413
2389
4035
41
4564
3968
3893
4315
6128
3883
4686
1592
4663
5038
2285
656
5376
1604
951
936
2732
2778
2237
3188
4972
2970
1093
4069
767
3238
2905
1927
3942
2629
5933
4027
1914
2186
2764
2580
1583
4004
4670
3019
1846
3310
4581
3970
2947
4945
2718
2154
920
6179
4547
4081
4589
214
4313
2088
790
1965
707
1749
3929
2668
3891
3854
956
3321
2052
2763
642
1930
6238
235
5143
3186
6129
4518
3209
4917
6235
1838
1931
5329
4275
1134
4822
1903
3451
1998
43
1873
6151
2120
3333
4921
4
394
2692
5706
5849
5367
6116
3868
2576
3407
1459
894
4696
6205
1159
3028
2696
3461
974
4761
754
66
5658
5794
3803
5703
4613
5095
1559
4563
3190
3838
5049
792
6137
757
78
4628
2715
4362
5171
842
1711
4311
1282
6149
4410
56
1599
3941
1947
1173
1065
930
2150
1709
2054
5297
5311
870
506
4464
1307
5280
212
4132
4254
5926
3708
2369
2588
2700
1284
663
2627
4396
6209
4958
2036
1817
1131
4441
5229
4948
243
2393
918
4033
3936
1922
2442
6226
4514
3400
9
130
4492
2902
637
3787
2037
166
3826
4914
5427
2028
2109
2083
884
108
3872
3853
5132
5710
3435
2133
3684
1908
829
2015
893
892
2166
4307
4101
5310
796
1267
55
4584
5798
1975
5666
2097
1867
3281
1551
5712
811
3266
819
4299
2024
5212
3187
1868
1608
4446
3371
580
2042
5247
3265
3393
4308
5700
5704
2062
871
4293
4300
5709
5732
3029
3189
2707
4608
598
3945
4909
5076
1917
3980
806
5633
1484
4296
6106
5632
5364
3113
3320
1847
2017
6228
4796
3085
3662
3468
946
3933
21
4139
6156
3642
2298
1148
5787
4797
1860
1384
5775
299
885
3837
5637
202
978
976
1113
1398
3790
3937
3179
4494
5636
880
4306
5708
4143
5707
6237
3185
4145
5761
5701
6019
2712
5080
6143
3195
3084
3164
2740
1290
5408
4302
2087
1610
5600
924
2161
5779
586
398
6111
3415
2203
4051
4304
1553
30
5665
2673
4987
4276
5803
932
49
4949
775
4620
2691
4365
1530
4830
2033
5184
151
4530
124
5176
3272
3990
3327
534
4489
5697
4309
1166
5684
4290
4144
3326
4279
5698
4283
3206
3299
5497
4146
1086
5802
1923
2738
2802
5804
1848
5816
5043
5555
4273
4698
2699
627
2256
4270
6203
2936
933
3456
1852
908
873
2728
4260
3882
412
5407
1920
594
3550
5863
1855
1642
4229
5993
5866
1013
4919
2965
1279
1636
2411
3196
4294
1174
2969
5134
4289
4285
4291
4298
4292
4282
4301
4297
5681
2727
5731
5705
2745
2957
4265
4267
1171
4395
4242
1918
5693
1911
1167
6210
4251
1607
5960
1859
4675
4702
5735
3700
2640
37
3965
11
5785
4903
2950
2661
5854
4629
1857
3939
730
3693
6120
2912
5423
116
216
4648
2706
3064
5890
2231
5882
3707
1944
929
3401
3101
4287
1861
1912
1900
4303
5765
4720
5734
1919
5862
4957
4295
3328
3316
80
3203
925
6119
5839
3991
4679
5203
3986
2439
1884
5244
4841
6117
2155
1688
5859
6048
3167
2044
1913
3095
2371
4062
1858
1514
5440
831
1416
4615
3674
5398
4435
3063
6139
5989
1849
1614
6206
4148
667
6217
5679
2751
5441
3654
4305
4667
1909
845
1892
1901
1844
1876
1902
1864
1851
5412
1893
1878
1886
840
1907
1897
1925
1910
1895
1837
1904
839
1874
1879
3218
940
5897
1899
2666
3232
2804
4843
939
3322
1872
2773
1824
4383
5917
4252
4052
5281
4849
4113
3035
4523
5096
2357
5992
1331
2328
1256
3068
414
3025
2372
710
2078
3060
1891
736
2039
838
1839
1835
5896
2679
5675
3282
4108
1890
953
5838
2022
6212
3602
3477
3074
937
4502
591
5773
3054
5797
4388
3038
3017
4519
1786
3895
2288
4031
2012
5774
1760
422
3516
2135
950
3908
2622
4091
5829
2115
3935
1371
4255
5149
3476
4036
189
4280
1780
5254
5166
5663
887
1549
4658
5179
4538
945
4684
2654
954
1825
2663
2662
2711
1840
4090
1862
3246
837
4286
5853
5818
5830
6174
4281
833
959
4394
4084
3286
4372
1381
2636
2140
5012
4817
2702
2801
5130
97
4086
1458
2553
5820
2509
4345
5397
5877
5674
4284
724
5192
2334
1598
3026
4821
4361
470
2761
878
2149
5126
2073
1463
4080
5901
1368
788
854
4488
105
2674
4271
3271
835
4111
834
2709
2683
962
2735
4085
1561
2685
5195
3313
5817
5836
2672
133
2614
5881
3292
1170
4274
2079
3011
957
71
876
1003
2716
679
5891
3946
3359
3596
4820
2151
5795
3197
5918
5301
5406
5236
2758
5789
3107
5902
4074
1036
144
4517
5876
137
4434
33
4416
3141
516
2391
3090
2395
5858
1889
2705
3294
5892
5912
3290
5911
5844
5873
2774
2704
5811
5783
2748
1842
2772
3329
3239
3251
2736
3992
5879
960
943
4076
2755
942
3133
5923
1832
1176
3252
5004
2340
2651
5900
2720
3408
1783
2760
4096
2930
3940
2723
3298
230
4092
1101
1681
3513
820
5793
4846
2770
746
4659
240
4340
3875
2795
836
5821
5807
5833
2684
5889
2780
1887
5837
5898
2724
2693
2754
2710
5907
2792
2791
3245
2694
2769
2790
2725
5021
2737
5888
2612
2765
2784
5843
1823
3261
963
117
4829
1707
3397
4078
5003
199
1084
5916
2776
125
5851
971
3971
4114
4808
3508
3360
4922
4970
1689
1845
156
5685
4368
3308
2392
183
5112
3785
3685
2775
2714
2690
2734
2605
5895
1854
2676
2733
2703
2742
2682
2665
966
2771
129
2782
1875
149
113
73
136
200
2743
5924
303
110
5852
2613
2783
3243
5925
91
1658
4262
2645
5824
5920
87
2781
6002
4807
120
5120
5832
1863
2914
4277
1001
3240
52
3472
822
2750
29
141
5984
821
128
2610
4800
2796
2785
2615
2811
2799
2789
2803
82
2807
123
5919
2817
72
2800
1178
193
2757
2798
2797
14
15
2606
5904
2756
13
194
1172
54
1158
941
5870
3284
2810
119
5739
5742
3276
160
5861
2814
1165
32
4994
76
34
99
964
289
211
2813
830
1179
5770
121
1149
36
1153
3645
4968
3982
3389
4097
258
53
75
2611
203
2607
135
74
195
1164
31
304
1005
1160
5928
5799
1146
4954
5947
5927
227
2647
5810
4107
5738
114
226
5893
4102
5784
2749
4806
2638
4099
5961
6017
4967
3578
1145
5792
1156
4810
1008
1
4093
4219
20
2851
25
4231
4013
2992
6016
5878
832
1004
1752
4956
5957
6214
159
2820
3416
5835
5809
5748
5846
5747
1127
109
5939
3376
4104
3382
1140
5749
1154
1138
44
1137
5932
2753
5934
3643
1006
2578
5848
5929
1157
4094
26
2581
5754
5864
4100
1117
1150
5780
184
2829
2604
2650
4087
4969
4288
5965
1836
3424
4790
3465
1766
1009
5970
2657
2856
143
2653
3354
6233
101
4811
2266
2681
2919
69
158
5958
5768
4791
1141
157
5841
3988
5751
5905
5985
5940
3331
2601
5949
3069
18
2633
5823
5936
68
1007
6024
3966
3983
1125
2608
1833
2786
5968
2620
4248
5945
2670
163
5954
3288
3241
3446
1647
3361
2812
3876
5988
1973
3474
4245
5983
6144
210
67
4210
1042
4874
81
2630
2896
2090
3356
1750
19
934
17
5967
1162
5959
5946
1144
5745
4787
2621
1136
5969
6012
5978
2816
1152
5972
927
1974
1142
5981
4118
5994
115
1011
6003
2632
2589
905
1012
5962
2643
2598
126
2561
5964
2585
1124
83
6198
2671
4272
3934
1123
6021
1133
2047
1058
5944
220
3617
3608
1126
3861
3502
2828
3355
3919
3061
3439
3065
2084
799
2603
2592
1132
2579
3024
1120
1115
2584
3023
27
1121
4789
1119
1077
5977
1135
3041
2526
6020
6008
1976
39
1034
4788
1059
3503
2070
3332
6023
445
2511
1274
2868
6005
3418
2901
3625
3270
22
1139
1114
4346
2838
413
6032
2127
3746
3535
2056
3053
1429
1813
1112
1118
4020
3478
3810
1964
4805
798
6125
6165
5975
6033
6040
1116
4883
1107
6001
1082
3040
5987
2827
4247
1275
4005
4209
3178
1095
6064
2858
6027
2117
2848
4624
2876
1485
1985
4898
4782
3242
5084
2658
4030
3928
2160
3027
2113
1661
4408
5999
3944
972
3931
1299
6163
5097
735
1640
1266
1273
3972
6011
1510
810
1695
2219
2818
3412
5991
4175
1269
5146
1182
875
2656
5990
2846
6007
2867
3507
2652
6052
1822
1097
1258
2648
2655
6042
5998
4180
1697
1103
6058
809
2808
2878
5108
2873
968
6044
5147
4204
2918
1713
1675
1294
6000
6046
4873
1270
2881
1696
2370
4780
4253
3607
2889
3604
4636
3829
4259
2900
4681
3515
4592
3822
6195
4228
2893
5141
4916
5217
1679
60
5284
2680
2825
2830
2835
2859
3633
3505
70
2746
2964
2659
2899
2644
3644
2834
6060
2831
825
2897
5974
2885
3512
1755
862
1659
2837
3504
824
1693
1666
1668
2095
1662
1651
4816
3630
1761
1841
4862
2823
3682
2832
6050
2591
3646
2951
2871
3330
4109
1678
4220
4707
2866
958
471
866
4618
479
1281
4508
1277
2855
2898
2857
2886
2909
2863
2888
2849
2903
2917
2854
2860
2923
2841
2916
338
2875
2892
807
2877
2864
2913
2852
1660
2910
2880
2925
2911
2843
2840
2865
2887
2822
481
2862
975
2890
2934
2908
337
3357
3506
2895
2932
1790
2956
1650
2844
92
817
1717
2924
3475
808
1682
2870
6009
6015
3637
3631
912
1767
1742
2929
2943
2931
2966
2949
2975
2894
1715
2967
2952
2861
969
2955
2944
2948
2945
1708
480
2976
1676
2938
6045
2940
1736
333
1756
1657
3564
1725
3510
1769
300
1733
2939
3640
6030
3102
3514
1779
2980
1700
469
3572
3613
977
3501
787
6057
2935
6037
3591
6004
435
1762
1748
1655
3606
812
2041
1278
4823
6022
1691
1737
1672
1671
1728
2937
1710
1652
1656
1670
1701
1787
948
1744
1716
1751
813
1763
967
1669
2973
2013
952
1789
1797
478
2946
6056
2994
1764
2018
1796
1680
334
2990
6066
1804
1724
1692
477
2014
1721
6071
2986
6039
438
3629
2985
423
1809
2034
431
1645
473
294
782
4854
6054
4878
284
2997
407
1686
1732
1741
1644
1646
1775
3004
3001
1788
1747
3000
1812
1815
1753
1774
1648
474
6087
2101
467
3072
6055
1649
6013
1539
3562
5942
3641
6035
2979
789
2995
3579
3638
2963
3523
3079
3587
4918
3712
3353
3022
780
783
4890
3588
3538
6089
4066
1037
4915
3105
1295
6062
6065
4859
6076
4106
1512
3552
6072
1560
6068
6061
6038
1807
3544
4865
4778
4908
2993
3592
4779
4895
2106
1562
675
6074
1544
4061
4818
6088
1030
3129
3486
3715
1808
3650
4095
4023
2989
6043
7
881
2971
4934
1955
98
1702
3612
1276
3002
1091
2996
3704
2099
3136
4263
3974
6083
4691
1960
3078
680
4120
4057
744
252
1537
4038
4855
482
4795
1254
6031
4856
3483
4938
4913
3482
6077
4792
6047
3052
1229
6051
1257
1092
4901
3597
4828
1483
1105
1287
2100
1130
3740
686
3364
3467
4212
3623
1111
1244
1515
1286
1255
335
3143
1310
2035
3979
3287
3885
191
1072
1104
4809
441
433
3533
986
745
743
4625
1328
4525
3464
1567
3100
2010
3445
1083
3793
3857
1038
4803
3484
1306
4885
1076
988
4826
1488
4848
1243
4777
6073
4785
1298
1313
1090
1292
6063
1231
3485
1241
990
4250
4852
4930
3719
1280
3750
4835
1186
3498
4819
1999
1992
3605
3582
4692
3952
3173
4021
3462
4902
3048
4928
4241
4119
3449
4203
1032
297
4907
1238
4774
6082
3531
2011
3125
2060
6142
2055
4520
4490
989
1233
1289
1302
4776
4937
1317
1242
1265
1248
3722
4853
1296
6053
3524
1240
1477
6075
1314
1259
1218
3615
6096
4812
4897
995
3573
3761
1230
6103
1228
1219
994
4060
4014
1252
1057
4606
3509
3110
4775
3500
1288
6094
3117
5152
3976
3120
3181
3409
2074
3804
2043
4006
3558
266
3616
2108
111
3132
794
3106
1220
1249
1033
5110
4943
3108
1304
1262
993
1309
3532
992
6093
4900
1962
636
1098
1332
3526
265
4911
1984
4944
1417
852
3091
3567
3529
987
1239
3369
3352
1253
1208
1333
3726
3677
3768
3481
3124
389
3122
3539
3398
3134
1196
6090
3042
4623
4936
786
1508
1221
3430
985
3981
3553
3469
3441
4347
1106
4366
4942
1308
1225
1319
4912
3575
1227
1246
4876
3836
3540
1989
3779
6084
3728
1035
3627
274
2145
3496
1187
3111
182
1428
205
3611
3788
2045
1224
3431
2096
1963
196
3425
1453
3755
4197
1206
1556
3390
3577
1517
1245
1401
3985
3260
1079
1251
1197
3557
3337
5167
4824
6101
4470
664
3338
4621
3585
3043
1263
3727
3736
3766
4772
3555
3237
6091
4773
3059
1465
1189
1563
3499
3428
1568
6098
427
90
1722
3536
3518
255
292
162
1400
1474
1301
851
1382
1261
3490
2130
3530
4472
3089
681
2126
657
4771
4234
3236
3581
4551
1341
655
1498
4016
4600
1412
65
2122
997
1066
1087
3452
302
237
288
514
1770
1461
673
1460
3777
1467
3489
3583
1399
1088
3716
3672
1552
1452
3795
1578
247
460
3614
4232
127
3459
1456
1451
3639
3055
223
3546
192
791
2114
3543
3373
3444
3548
3571
2222
6097
3391
1683
3438
1102
1703
1569
3765
278
3088
181
6102
3556
234
3796
1445
1388
3563
1457
86
4729
3601
781
795
228
385
3049
2118
3752
3784
3781
3554
3782
3542
3519
3488
3487
3492
3419
3458
3534
3520
3772
3497
301
3549
3773
3342
3517
3786
1572
3363
169
3463
4953
3590
3362
170
3453
1581
3437
3450
3429
3432
3732
298
3747
3471
3758
3791
3410
1558
3351
1542
448
785
3783
1576
3771
454
2229
660
3405
1543
661
275
2204
434
3511
3420
4947
3346
3433
3426
3537
3574
3385
3434
3448
3347
3443
3421
3551
3392
3603
3442
3406
256
3455
3349
3341
3454
232
64
4647
61
3757
296
3417
4769
179
239
248
260
3495
3521
3634
254
3632
233
286
761
283
784
62
4765
63
291
4759
282
285
3076
238
3119
3099
204
178
772
1052
410
1698
3751
2243
257
272
172
269
273
264
263
173
270
267
277
280
221
168
436
215
197
372
287
174
457
430
290
4767
472
180
3663
778
176
483
3767
3763
425
3770
175
982
3664
979
449
1799
6155
443
1685
766
3128
3138
4951
463
3780
1557
1588
2228
1990
3115
1593
666
428
442
1665
3070
3762
4733
1041
1345
188
3792
755
308
3097
1043
359
3661
983
447
538
368
3177
380
3008
1991
515
437
1450
451
455
1718
446
731
4738
3789
3776
3146
439
3335
4891
1339
3104
3522
465
468
777
2046
3756
1739
1419
1564
1039
1730
3334
327
1351
1443
1719
1565
3159
1383
2031
6099
635
1469
1063
1441
2132
525
776
456
355
400
3114
386
3118
1404
344
2207
452
3131
1411
2136
1047
3127
530
764
343
354
1324
406
748
2144
1555
1590
3109
495
1987
1418
404
2040
541
1078
1516
1322
313
2110
326
2261
429
1541
3158
704
519
1470
1958
2244
533
3093
3161
1601
3142
3139
732
3156
367
981
3092
309
1442
1731
314
2253
2262
339
714
1315
419
2061
3007
1192
1436
1421
3151
1472
395
513
1320
738
521
164
1405
2066
1326
742
1444
550
421
3155
582
1759
1211
980
393
1336
1311
358
345
1577
311
384
1285
3135
2142
1550
1957
1585
752
984
1199
706
1754
3098
1468
1524
2049
1951
3006
747
2005
529
3083
417
346
737
3160
740
537
734
1222
695
2058
1546
658
1950
2019
2027
753
751
1956
1425
722
496
693
672
700
418
405
1525
1547
1350
494
2119
1533
699
669
1247
599
652
1816
1040
2038
8
503
1566
741
520
416
3150
701
1448
1073
2050
369
1476
1587
509
1768
3153
1191
1540
2138
688
670
712
749
3163
687
671
3157
3165
727
739
668
1536
3154
689
3145
638
1954
708
733
719
1534
1509
1406
697
654
1949
1532
3162
1201
1480
711
643
1611
665
698
651
1293
3170
640
1446
717
1490
696
603
1594
1413
646
644
725
524
1495
543
1591
1573
1431
683
684
1513
709
579
2121
1758
578
1424
702
1491
1422
1487
1433
1502
716
1447
647
1952
1489
694
1500
703
685
1497
713
650
1494
641
1499
718
715
705
1437
1496
3171
1481
1466
1462
1471
1486
1493
1492
2085
511
1589
528
1606
1595
1582
1600
608
512
510
497
1596
527
493
1603
568
2129
2086
863
312
2077
1986
1968
542
868
484
378
1615
492
1620
1602
549
1622
554
1621
1609
1619
605
547
1613
1612
564
1340
1634
491
1521
1814
536
426
1454
523
539
2146
3077
1427
1061
860
504
1616
3033
1435
3336
1415
577
396
488
1805
1344
548
535
570
996
2069
1205
388
310
373
1213
532
1109
1617
571
1632
328
1334
2296
1439
487
485
558
1618
499
1638
1630
1626
560
1801
1635
1628
1348
1522
1633
1518
1631
1798
1794
634
486
1785
531
559
1523
518
501
1624
1639
552
628
1627
569
517
1349
553
587
1641
567
325
357
1438
364
381
2230
597
561
2141
349
1185
360
1250
1226
1625
596
2246
1396
556
2128
2125
1365
546
315
4799
342
588
618
1629
632
630
320
575
408
576
620
633
351
563
382
562
589
1342
572
366
574
403
622
397
601
623
624
615
319
392
356
585
352
600
322
583
621
2131
1062
1069
341
619
1055
2009
1029
1426
1397
363
2343
2165
316
614
350
387
2254
348
609
1237
595
1393
383
592
318
353
340
362
365
375
377
370
317
616
321
581
613
606
3082
2002
1054
2255
1407
1967
1045
1395
3176
4454
4174
1377
998
3214
4196
4240
1236
855
1981
2367
4868
1966
4844
2208
2396
2247
4015
2275
4211
4493
4463
3797
4451
1050
4186
2381
4022
1080
4801
3493
2359
2139
2344
6148
3671
4124
4469
5292
1183
1410
2195
1378
2390
1360
4127
2361
1180
3710
1028
2157
4456
2210
4437
2159
4749
3737
2394
2272
4471
4461
4473
1403
4596
3769
3922
4660
3683
4450
4601
3669
4722
3827
3660
4617
2386
4649
4703
2291
3888
6138
3832
4899
4227
4571
4712
3649
4590
4737
2315
3653
4727
3899
3878
1977
2362
5291
4194
4614
4757
4709
4122
4125
4179
2158
3652
4123
4458
1361
1362
4126
2162
4466
2373
1181
2297
4690
4181
1358
2345
3705
3896
2336
4710
2197
4723
4754
4682
4726
3923
3735
1376
4440
6164
1363
4657
4378
4734
4845
4465
6152
3667
4697
4715
3647
4654
2363
4367
4926
4627
4607
4390
3886
4763
999
4924
2374
3821
2397
2269
3648
4637
4178
4718
1982
4701
4906
4689
4866
2380
4467
2382
4730
3655
4655
3696
3729
3723
4735
3666
2376
4420
4764
2194
2163
4662
3759
4452
4743
3718
4445
4449
1204
4798
4893
4867
2209
3717
2216
4423
4398
3673
3695
3846
4706
3753
4429
4719
3686
3713
3906
4457
4331
4387
4732
1392
4381
2335
3915
3840
2398
3697
1049
2302
2329
4724
4905
4896
4717
4731
4879
4427
4656
4739
4750
4693
3748
4725
3725
4704
3721
3703
4933
4741
3743
3665
3739
4413
4758
4405
4705
4753
3656
4742
4755
4762
3694
4421
4652
3749
4857
3738
4414
3720
4745
4751
3754
4756
4683
4736
4653
3706
4721
4708
4713
4716
3745
3709
4422
4892
4760
4744
4389
4382
3690
4747
3680
3657
4746
4448
4407
3658
3813
4430
3659
4349
4391
4348
4360
4433
4436
4439
4329
4444
4359
4334
4364
4376
3817
4403
4330
4462
4377
4453
6173
6157
2350
4327
2238
3801
2224
4332
3812
4386
4674
3901
4375
3802
5129
5279
6229
6230
6168
3834
3884
5142
3860
5306
6187
6202
6160
4183
4173
4573
4374
6178
2351
4411
5361
6232
3880
4644
4586
4619
4664
3916
4496
3862
4642
4609
3811
3912
4587
3921
5077
6146
4357
3863
5293
3809
3932
3911
4333
5320
4643
3815
4373
5122
3869
4417
4558
4599
6234
3816
4645
4641
4131
6215
4202
6193
4184
6239
6197
4585
4640
3917
4509
4610
4412
6169
3825
5079
4553
4630
4565
5151
2331
5078
5162
5116
2324
3897
3859
4631
4639
3842
6236
4633
3841
3850
4598
3805
4634
3865
3873
3864
3866
3904
3806
3855
3824
3849
3856
3927
3843
3887
3844
3879
3900
4577
4597
4172
6231
5115
5128
3845
5334
5114
4554
4171
4593
6196
4603
4561
6188
6184
4555
4425
6176
5137
5161
4546
6180
6213
5109
6189
6159
4354
5113
6181
5136
5204
4591
4602
6158
4323
4369
4164
4356
4129
4438
4130
3831
6219
3833
5196
4355
6208
5173
4545
4426
4579
4170
6223
4258
4569
5177
4566
4443
5145
4343
4567
4133
6207
5175
6110
5309
4192
4352
4549
5082
4134
4353
4208
6109
5240
4541
6224
4535
4431
5330
4338
4149
6192
4225
5218
5156
4588
4238
5164
1402
1357
4237
4568
2196
4513
5322
4487
5344
4560
5298
5102
4246
5101
5362
5219
4321
5202
4574
6186
6216
5294
5169
4226
5328
5238
3961
1374
5379
5308
5282
5150
4524
5401
4007
5231
2346
5227
5335
1391
4507
5225
5323
5228
5355
5083
5100
1409
6221
5501
4337
5221
4539
5422
5387
5235
4201
4506
2437
2505
5505
2198
5249
5336
5380
5135
5230
5388
4505
4320
5252
4163
4528
4550
4485
4543
4504
4136
4522
5356
4370
4544
4511
4342
4150
6161
5349
6170
5462
5338
4503
6185
5246
5299
4264
4256
6166
5121
4278
4533
4318
4319
4486
4482
4009
5475
2354
2358
4191
4527
5157
5239
2436
2582
4540
2416
4481
2176
1108
5233
2268
1386
1027
4151
1375
5676
3202
2332
2365
4363
4135
5312
4199
5324
4484
4499
4501
4138
4500
4483
5402
4526
2200
5677
4249
4336
4161
5224
4200
5442
4223
5489
4317
2441
6153
2352
3201
4217
5250
2293
2286
5483
1026
2199
4521
2490
5405
5445
5554
2338
2295
2248
5451
4222
2306
5646
2512
2225
2573
1387
2313
5414
5624
2388
2304
1390
5491
4206
2183
2236
5172
5253
3960
2218
2535
3075
5350
5448
5432
2330
5476
2258
4167
5245
2454
4341
5271
5619
2308
5434
5400
5431
5467
5241
5443
5278
2401
5378
2563
1024
5479
1023
4474
45
5485
5560
2270
2294
2562
5647
2319
2445
2501
2303
5459
4480
2280
5531
2554
4478
4516
5453
5426
5593
2557
5506
6105
5671
5468
2478
5664
5383
2527
5465
2249
5429
5472
5480
5458
5473
5482
5470
5469
2263
2273
2259
5457
4510
2250
5484
5449
2235
2281
2271
2282
5474
5417
5371
5392
5389
5255
2251
2241
5270
5487
5455
5435
5346
5522
5568
5424
5433
5286
5411
5266
4479
2167
2571
6183
3224
5377
5523
2301
5326
2299
5352
5273
5649
5413
2312
2300
23
2410
5365
4008
5368
5438
5285
5447
5419
4477
5409
5340
5372
5381
5385
5384
5394
5393
2175
5404
5477
5471
2242
5314
5418
5296
5492
2317
5537
5370
2168
5399
2220
2326
2274
2342
5395
2407
5533
4190
5302
5345
2252
2226
5391
1352
2519
5290
5332
5659
5606
5493
5360
3228
5517
2202
48
5276
5382
2348
2321
5602
2182
5648
5553
2289
5303
5373
5315
5341
5288
5287
5347
2400
2174
2172
5304
5415
5374
2173
5353
5333
5316
5259
1068
5430
2418
3225
5261
2434
5494
5520
2433
2477
3199
5514
5375
5498
5267
5563
1022
5518
2337
5274
3219
5584
4187
5318
5262
2399
2355
2504
4176
2489
2405
5535
2497
2453
5544
5660
3198
5496
2449
1014
5569
5585
4160
2170
5260
2423
5366
5508
2408
2406
5507
5452
5530
2178
5436
1021
2383
5277
2460
5275
5257
5534
2471
2432
2426
2476
2417
5551
5499
2496
2419
2179
2435
3223
5511
5536
1018
2424
2177
2356
5516
5564
2451
5552
1020
2483
5509
3226
3216
5466
5263
5561
5562
5525
5570
2452
2431
5547
5538
5495
5599
3227
5521
2415
5258
5634
2484
2469
2470
5546
2387
2414
2450
2495
2482
2494
5490
2459
2502
2181
4198
2184
5625
5510
5589
5595
5549
5503
4156
2465
5527
5526
5524
2486
2404
2422
4153
2185
5504
5669
5540
4154
5548
5532
2520
5673
2429
2187
5541
2402
2475
5528
2508
5611
2444
2481
5556
2480
5550
2558
5542
2574
3220
2403
5578
5539
5672
2550
2534
2564
2455
2485
2479
2428
2421
2523
2438
2473
2446
2547
2472
2491
2524
2559
2474
5678
51
2555
2517
2548
2532
2516
2531
4155
2463
2464
5592
5543
4157
2537
5583
2499
4215
2556
2521
5603
2506
2500
5567
2514
3222
5616
2544
2498
5655
2542
2492
2530
2522
5638
5557
5656
5573
5661
2529
2507
2543
5566
5613
2528
2493
2536
5615
5580
5621
5565
2515
5559
5630
5582
5574
5626
5577
5631
5579
5641
5651
5604
5644
5576
5650
5575
5654
5581
5642
5627
5610
5612
5640
5590
5653
5591
5643
5597
5635
5628
5601
5652
5609
5608
5596
5620
