1470
2470
1530
1553
1236
587
634
1555
588
696
2484
2351
1477
4032
1537
2466
1526
2477
1302
2493
1301
2485
4100
1517
646
1448
1433
5099
386
291
2491
1239
1907
1467
2771
1221
1504
2489
3720
1496
4109
422
2494
2959
2451
2950
657
1484
1195
1547
3723
1924
2233
2267
3007
3719
5103
3016
2949
3014
3479
4119
2313
1043
5098
4051
4552
5093
4979
3774
4813
3918
4108
3645
393
1894
1044
5050
2960
3056
3887
1432
1152
2938
2925
3107
3718
3626
1271
4007
3728
2906
1208
4006
1113
1216
959
2942
4804
2360
2431
2357
3919
4960
585
685
530
413
2877
2822
977
288
2469
605
3837
1295
1344
3751
694
2030
3750
1148
639
2270
1320
1335
3482
3314
1427
4474
1233
415
2247
2983
3829
1434
3769
2448
136
2422
1050
2408
1455
688
1365
586
37
2481
1067
1542
2232
913
82
3475
3486
1343
3766
5105
5033
3608
3537
3869
5102
3265
3610
3708
3125
4124
2277
918
1036
3011
3715
3261
2661
2971
619
5235
4972
944
2759
1049
2373
1482
3660
3020
2961
310
975
2231
4040
3644
2819
4558
5092
3476
915
367
3536
624
3724
1315
4048
368
278
659
3478
2591
2447
3800
2276
4433
2464
1298
1449
2435
2190
1299
2316
604
1171
12
325
2026
1243
1172
2279
1875
3170
2172
2302
3169
2421
2634
583
5043
1456
1490
2663
2977
3783
953
110
2457
1876
2453
1874
2345
3171
525
4527
2305
4019
335
871
2443
1213
3128
701
1292
2879
3250
2969
4055
281
3118
3743
3438
261
3131
173
3540
4548
2941
3545
2757
964
3477
3538
3878
2753
4463
3731
4114
967
4081
2769
1089
3710
949
3555
1326
3196
3806
3262
2635
2662
1232
515
3528
4965
5232
703
1163
1921
591
529
3112
2691
172
1909
2937
2594
4973
2228
311
2285
4572
407
513
3762
2340
1511
4916
5073
2365
2339
981
4766
2352
290
4519
3932
2454
4584
2338
4876
420
347
1101
2462
1227
3151
616
4796
3460
1160
4052
4541
2354
987
4764
4174
2304
1327
575
1464
521
2546
668
1207
3200
3897
2187
3907
4534
1608
5106
3815
4033
307
2775
3727
2861
4498
379
2934
3656
1306
2915
992
597
4953
3753
1282
5160
4509
4655
1109
3667
4820
4064
4015
2715
3789
2696
942
4103
3749
1217
4230
3854
1161
165
3532
2765
2555
3509
3735
4070
116
555
4041
3960
3160
4478
1354
3603
873
1037
1135
1121
2282
647
1286
4175
41
70
2553
5096
1147
606
3021
3467
5084
1294
1858
2432
2660
2336
2606
1430
963
598
1060
1330
2478
693
1322
1035
968
1046
4981
2618
4667
4797
3435
971
1950
1353
1345
618
2528
4948
2393
1454
5186
4967
3609
3108
3548
5184
4564
3275
3202
4444
4559
338
1607
3034
1917
3607
1887
357
2933
2042
1304
5088
4467
3505
2683
2446
65
3539
3209
3098
1519
1183
4516
1473
2179
4533
163
4499
4557
276
4132
3928
4069
5111
3863
2978
2687
269
4465
3507
1488
542
4887
2638
2257
965
1476
2070
4815
2272
2229
2227
4983
584
577
2144
3562
1167
36
1514
1235
955
1438
35
402
425
1178
2116
2690
2849
2772
4993
2423
3313
761
3813
2833
1291
5060
1598
4166
911
2549
423
3216
1445
1879
2410
4897
5053
2778
4419
1068
505
2098
483
2779
3849
4571
3165
1360
1895
3317
3982
3586
1973
2996
3821
3057
4115
4590
3983
5185
3504
3795
558
3942
899
2545
312
3152
3055
5229
124
2569
398
5234
1214
3953
2886
3154
460
1611
194
4799
623
4101
4005
1099
3756
1078
4958
3493
3217
3820
3767
3222
514
741
868
2268
762
268
1830
2189
870
2586
1303
2405
2303
1428
4145
2350
4167
658
951
4502
1452
4298
2873
108
3489
2764
2767
1451
115
2309
4889
4493
1444
4460
2773
2346
5013
2543
1420
4707
2577
2876
3305
2173
424
4047
974
2333
1964
916
2198
520
4525
4769
3271
4765
5101
5
1106
2725
3870
2048
2780
578
1328
3881
3281
2729
4768
3121
3874
1222
3823
3214
2531
1086
1137
1370
3268
5152
473
507
1371
1129
3033
2951
3270
1059
4904
1262
1240
887
4803
1305
3115
3780
1308
1369
1378
1752
3906
4944
3527
1170
4761
4218
1778
4628
4241
2388
2201
2797
4864
2804
6
843
4221
1100
4378
1809
1739
4247
2080
2087
3219
3232
1815
4275
2621
3184
323
2558
4622
4828
5167
3347
4208
4861
4884
4238
1111
4549
1096
3236
1723
1741
1772
1779
3346
18
2552
4042
4274
5175
4744
4740
2275
4242
4207
1125
4856
2038
4250
4991
4344
2161
895
1092
4232
4627
3359
3579
2785
4624
4831
3686
4321
1210
4986
2159
2054
4738
2194
3292
4292
2208
30
2629
1845
4286
1694
3403
3394
2079
535
4289
4834
3392
1622
3369
1649
1656
2235
4619
825
3396
3400
782
2274
2170
2165
2086
31
3934
5112
1693
5208
4223
1545
4773
4772
4284
2798
4227
5056
734
1702
2169
722
596
5137
1639
4836
768
481
238
3111
2066
4934
4228
675
4809
1745
4376
3192
2085
10
5143
157
1842
89
1691
5168
3163
4246
894
4345
4613
1684
1695
5135
4700
387
5065
1832
3757
4698
5046
549
4491
177
3606
1544
4859
4676
3844
3430
2497
2578
2475
3890
3433
1934
1859
5062
3312
1164
4873
5009
2914
1867
2770
612
4089
2003
2118
3153
3319
370
4961
1928
4459
1724
3436
2600
176
946
1182
1929
3201
4106
4978
14
2496
4110
4599
2584
3429
1970
3423
1665
1671
3777
1415
788
3955
1774
4333
3327
1902
4832
793
49
1971
4305
3736
733
2158
3326
4339
2622
46
601
158
3684
3309
1376
4357
5022
5055
5119
4304
4330
3038
3372
476
1700
1756
4034
1368
4743
4842
1701
4256
2151
4741
19
5128
5127
1572
1571
3393
2222
1672
3397
4235
4239
4229
1668
1669
1664
775
2626
1130
3443
2429
4587
2903
1054
1819
3701
1546
2547
5115
1826
1822
26
1552
54
803
3592
3349
4786
2841
2149
3043
4781
802
5197
2517
43
1025
1177
3296
4347
436
2574
3355
4317
3674
4724
2152
2717
1733
3840
812
2010
3380
3377
1336
4783
785
27
4340
1989
4782
24
1775
1955
4924
29
2211
2207
1933
3348
2777
3293
2008
1661
2195
3690
2858
440
2593
789
3595
784
3405
3591
3662
4307
2140
3389
3290
1760
3343
3373
2601
2599
1758
3697
2019
1720
3404
3696
4325
767
1987
4222
896
107
2595
1536
4715
259
3406
2609
3283
1773
2162
1761
475
1116
3207
4358
4319
1600
2495
3186
3401
727
4885
4902
4397
5146
4901
1699
5138
4862
3632
856
5044
4438
4288
2845
2132
1383
3286
3374
1153
4261
1590
4273
4739
1140
2157
121
2092
2245
3191
154
822
848
4123
2624
1264
1692
279
4031
5034
5039
1865
4404
2045
2053
4446
4346
2250
3308
90
4794
2074
77
4730
3375
2156
4899
2637
3386
3387
2356
4398
2902
4638
1888
3190
4023
1956
4341
5083
2240
811
1647
4752
2166
4392
821
4696
850
1712
1657
255
1803
791
637
4795
4788
1670
3146
4075
2376
4152
4853
1750
1732
769
3368
2444
4131
1856
752
153
830
3924
4643
5216
2171
712
2315
4251
4255
3162
1841
2508
3050
4395
1650
4302
629
1022
3466
677
2013
47
3383
1704
1703
4822
1569
1211
4422
463
1796
1083
4116
3065
5147
2383
4191
1645
2744
2093
1513
4614
4664
1520
2193
2096
3899
636
4077
783
1658
2028
3388
901
2400
4295
1074
2244
3858
1993
2640
397
4135
2264
2090
500
1698
3238
4852
2299
5026
4361
3758
4068
532
2108
3950
4296
766
829
4670
195
2704
678
3930
4107
3328
4196
4854
798
836
2625
2129
4393
4076
4212
2120
2164
3148
5140
838
904
1013
20
2001
3101
1883
2032
1466
1573
298
4053
4149
3843
3895
2049
845
2366
4675
818
2988
3775
569
144
2507
4327
4582
2513
4121
817
827
2135
3301
4882
3533
484
635
3366
3759
4774
5049
5141
3661
2748
4
1678
260
1184
4276
1033
80
76
4497
441
4050
466
2147
4237
4892
3636
2829
2050
265
221
3836
1690
839
1731
3384
3364
3358
846
854
267
161
807
1274
4792
882
4779
3362
4951
602
2220
794
1654
4867
1816
1855
1990
799
1802
4937
1631
3295
1215
1742
4708
4369
2503
622
2602
2575
2677
667
4745
52
4095
4226
4410
3342
5051
4349
4324
2492
2124
4326
3631
1771
5149
1734
2993
2005
432
3921
4578
5120
58
427
4714
152
1814
3381
3356
2022
1787
4352
4148
837
4848
303
2731
4162
2362
2363
2808
1721
230
2627
4819
4943
151
891
1072
781
4329
2832
3409
2221
63
3868
2133
3657
2831
1736
1838
4348
790
2610
1524
5187
5131
3464
273
774
3695
3371
2587
1570
1110
4994
537
4155
2349
1727
993
4264
1675
1015
600
3585
3330
1002
4387
1623
4841
4911
3278
4672
4377
206
1624
4789
4790
4200
1512
4658
4024
3329
4130
219
813
4729
4331
4877
257
3441
2800
770
5029
4750
776
2751
2913
2433
2015
4285
2749
3468
2392
4043
2809
3164
4372
4659
4749
4257
801
1017
4577
996
4313
4211
1323
5134
5169
2501
3299
4013
3028
2128
3440
4860
5110
5206
1729
806
4259
4368
4216
479
3420
3683
3529
299
1696
5011
5064
3193
1997
4127
1084
438
2134
1747
1810
4309
4332
3996
2623
4883
2153
4117
4754
3414
2154
902
3417
4338
5224
3385
4364
40
1357
5070
4569
2155
4355
4407
3668
2560
3424
181
3995
3413
3900
2506
2011
3410
4681
3379
805
4318
4868
2714
3732
4583
4865
3300
732
207
1200
4150
4844
689
4138
2904
4401
3310
4054
4488
3826
3614
3453
2653
3086
2685
1995
245
3376
3416
3411
4336
4812
3675
3669
2126
1663
5006
3866
3353
3971
3827
4421
448
4946
1356
4594
3426
4290
1387
749
1821
1527
947
3516
4353
4315
4928
4343
2381
4367
410
4417
1797
4122
5005
4623
4137
457
4308
4408
4059
4457
1414
2167
1794
4840
3402
3051
3251
4517
4300
4508
4263
3227
3419
3994
3831
4403
3345
4111
5153
4258
751
3431
4654
2520
1641
4017
493
4759
2417
840
227
5158
2631
2006
4751
4668
792
795
3841
2796
725
4337
1156
4375
567
2127
3399
488
4720
3323
4607
1682
3226
5004
4231
2554
1667
1900
999
2121
1341
3321
723
2440
4411
4381
5089
4027
4097
4350
4385
1374
4098
3382
3812
841
7
5037
4394
51
2284
449
1487
4579
359
4311
726
3350
1244
1102
3707
2138
2726
3012
5200
4956
4753
1754
4105
1711
3077
3407
3211
2512
1913
2131
4775
2509
243
690
1630
4379
4366
4589
4283
4323
4518
4328
4585
4091
4028
1635
1238
3965
2310
5211
4125
1728
3997
3073
5036
1980
4568
3297
2258
506
566
1679
3596
4605
797
4755
1780
237
853
2585
833
2505
1788
4087
4436
1730
743
3001
113
4593
4157
746
3378
5218
1807
395
2926
834
4603
810
4078
2620
5196
4374
773
3289
724
809
1786
1785
2163
4383
1373
2519
4785
5016
2370
4778
4113
1812
4923
4359
4562
2046
900
1791
5205
2711
1507
814
2713
1516
2061
721
2980
2168
4496
3663
3694
4671
4058
214
3991
50
4279
2241
1566
4310
4038
4282
5213
2000
1783
3331
1806
1994
1884
2670
2739
2139
4018
4425
4335
3395
4735
2736
644
4625
2259
2642
4448
4631
1677
4134
68
3412
3428
1666
4600
3044
1740
3322
2617
3187
1539
4409
248
191
2200
3149
4423
5155
2082
1829
1097
271
1686
2792
3940
4128
3370
1999
1991
2747
4405
1795
1776
180
1825
254
4456
2740
1986
4601
664
3998
3859
2732
4380
4299
4437
5161
1958
59
3706
1681
820
2790
2810
747
4536
2567
4453
159
4334
1746
4297
1515
3242
1638
655
3615
3565
4710
2017
1431
2031
1978
4988
4736
2667
3434
1680
4278
4400
4434
4277
4390
4524
4356
2002
1981
4402
4470
1685
4396
4432
4382
4791
1744
2039
5204
2021
1818
824
4342
2643
4420
4384
4731
1805
2742
2701
4431
3469
4846
4677
1748
2787
4270
2113
3367
2102
4026
4935
4025
2730
4926
4427
3172
4206
3473
3779
4596
4665
4413
4426
4406
4293
4414
4412
4416
4294
4388
4415
4272
4306
4271
4776
4737
2014
4479
4653
4435
4418
2641
3796
4362
4451
4747
4194
4370
2040
3252
2541
4312
4734
4770
3801
3425
21
4637
4763
1961
1676
2033
4620
4269
39
4650
28
5136
4280
4621
4373
4469
3338
4748
4391
4537
4742
4543
4540
2628
5174
4550
4360
4303
4365
4399
4645
4777
4281
3559
3472
4507
4705
4733
1960
4615
3760
4320
4723
1846
4322
4363
4449
4787
3778
2743
5166
3570
4301
4201
1853
4608
4657
778
2728
1799
4088
643
2633
1784
5193
3578
4586
2721
4555
4450
4721
4701
4726
4727
4686
4609
4674
4728
4732
3802
4262
4757
1719
4430
3588
3853
1992
4316
4565
3470
2737
2709
42
1808
1813
4640
4642
4656
4793
1798
4531
3792
4688
2056
1988
3552
4268
1857
2104
2034
4143
4695
4682
1860
5148
11
1567
3923
536
1242
2840
4709
4716
4663
4722
4725
4648
4689
4699
4713
4693
4712
4719
4706
4718
4455
4678
4683
3474
4762
4685
4711
4717
4666
4694
4617
4702
4690
4691
4267
4680
4604
4703
4760
3791
4291
2094
4473
1764
2058
5203
1854
1687
4503
2052
1710
4644
2018
1713
2576
3642
2561
1749
4692
4687
4452
4629
4454
4630
4646
4669
4679
5122
4697
4649
4610
5133
4606
2057
2071
4314
4576
4612
4616
4544
2016
3561
2037
1862
2064
2592
25
1738
2091
4660
23
4574
1743
2020
3354
1996
2027
1998
4551
2043
4526
1792
1873
3808
3225
4592
1843
4602
1840
3847
1705
1861
1844
2012
1863
1706
2055
1847
2060
22
1864
2009
2044
45
2101
2107
2111
2112
2106
2081
2105
1708
2067
1804
2075
2125
4597
1709
2007
2089
4265
1984
4611
2122
1824
1737
2088
4424
2570
2095
2004
1725
2065
2083
5198
1683
2117
2077
1817
4591
1811
1689
2110
2103
910
2115
2114
2097
2073
2119
2051
2084
2029
2072
2109
2099
2076
2069
2100
2123
3471
1735
1755
1777
1789
1944
1726
956
2078
2059
653
1957
1906
4556
1834
1688
1920
1707
1714
4429
4566
1893
1938
2590
1951
4618
5125
2525
5139
5129
3845
3807
4428
1985
2068
1833
2062
1866
1800
1915
1974
920
1823
1753
1169
1820
1983
4684
1969
3352
1949
1975
1180
1963
1831
2511
4506
1790
1762
1977
1697
3276
1945
2564
3822
2063
3804
1204
3621
1715
5165
5231
923
5156
777
1914
38
1828
3814
1757
4595
1889
4266
1882
4651
1918
1948
1962
1896
1923
1968
1837
1952
1836
1936
1769
1982
1835
1765
1965
1979
1877
1759
1946
1905
1827
4639
1852
1878
1976
1209
4652
2023
1926
1898
1197
1912
5144
2136
1972
1768
4632
4546
1885
1781
5219
3803
1061
4260
4514
5192
1954
5194
5225
3877
5179
3285
4545
1959
1966
1939
1953
1206
1168
1908
1897
3307
2036
1850
2047
1935
914
1851
948
1162
1931
1159
1166
1079
4492
1967
932
1941
5227
1196
957
5182
4573
5121
1927
5220
4662
5190
4661
2639
5201
2024
2500
2041
1916
3206
4445
4538
4563
1245
1942
5124
3861
3220
3306
1880
1868
1925
1910
1890
1937
1903
2025
1848
1187
1911
1201
1940
2035
1904
1947
1198
1186
1185
1179
1930
1886
1849
1193
1023
1026
1165
1181
912
936
1024
917
1899
1194
2521
4567
5188
4673
919
1220
958
4641
4532
5210
4504
5207
898
4529
3790
2515
5177
5214
4635
4442
897
728
921
4515
1048
731
893
4521
4647
3618
4636
4483
1922
4440
1064
5132
4633
2542
5154
908
5142
2510
5215
1076
2579
3848
1234
5150
997
5233
3776
5226
3773
3256
4634
3809
3235
4554
3755
2583
4522
925
4472
3231
48
1275
924
2137
5157
2534
4441
4443
4510
4484
3185
4495
4553
4528
5123
4539
3480
3754
4461
4530
4490
4580
931
1056
3481
4476
2526
3805
5126
3462
729
4458
943
3825
4462
969
730
5191
4480
5209
4475
5223
5221
1047
937
4523
5212
3229
4471
2571
3189
3811
1224
4494
4513
4520
2589
3279
4482
4511
4489
4547
4481
4505
4464
4542
3752
4500
4501
3771
4512
3786
3772
4439
3794
3770
3304
3787
3598
4535
3785
3788
3597
2607
3619
3461
3510
3500
5217
3459
5145
3599
3600
3620
3351
3824
3230
1228
3793
3602
1027
3622
3834
3601
3264
1028
3850
3654
4487
3483
3641
3640
3541
3639
3634
3494
3519
3819
3515
3658
5180
5171
5172
5176
3830
5199
3816
5164
3557
3302
5202
3188
5151
5163
3761
3604
3838
3797
3810
3842
3487
5162
3255
3857
4746
3839
3237
3514
3181
3248
3294
3183
3563
3259
3266
4485
2566
4486
2498
1107
3247
3851
5195
3272
3263
3239
3221
5230
4065
5228
3835
3224
3213
3883
3860
3233
3249
3391
2611
3282
5189
5181
3205
3161
5178
3180
3623
3273
3846
3223
3543
3241
3254
5173
2548
3666
3867
2530
3257
3496
3198
3828
2514
2535
3360
3361
603
3678
3291
3616
1062
3280
4133
3159
3243
3258
3253
3245
3208
3246
3269
3891
3210
3879
3179
5183
3888
3768
3784
3204
3157
3550
3872
3672
3175
3873
3284
3274
3818
5159
3680
3158
3277
3885
3173
3288
3495
3655
3817
3497
3174
3456
4468
3521
3865
3852
3832
3506
3571
3855
3525
3876
3798
3324
3892
1117
3688
3677
3698
3671
3488
3664
3458
3455
3687
3511
3490
3457
3643
3520
3452
3492
3508
3512
3679
3454
3605
3649
3168
3691
3218
3390
3650
3689
3156
4466
4086
3912
3522
1793
3875
3651
3765
3491
3703
3893
4477
3911
3624
3833
3260
3782
3635
3194
2952
4118
4083
4072
3517
3526
3450
3534
3451
3556
3659
3734
4099
3856
3625
4104
3544
3484
3889
3551
3203
3882
3916
3155
3737
3665
3287
3303
4112
3864
4136
3530
3176
3267
3959
3871
3740
3894
4096
3513
2671
4756
3195
3613
2565
934
890
2619
988
986
3447
3682
5117
945
4062
3062
3896
3913
3178
5118
3926
3652
1065
3925
3922
5104
3999
2963
3764
2900
3617
3039
4082
3685
1032
4037
5113
1085
3880
149
2559
3228
954
3763
1093
922
4060
2901
1020
3524
3957
2746
3311
3320
884
4090
4071
5078
2698
5085
4004
5114
614
3143
3945
1229
2899
3931
4063
3936
3914
4061
2612
3917
3910
3935
4044
3212
3177
3927
3298
3693
3681
4046
4074
5116
3638
5109
1103
3909
3862
2853
3951
933
3415
4003
3692
4085
4011
3630
3018
3647
44
3421
3729
4012
4990
109
3714
5097
982
4073
3017
938
5057
3673
5082
2682
5095
3676
3700
3040
5107
3199
4001
4045
3968
2608
3197
4129
3898
3781
3702
3653
4000
5108
3704
4030
3234
3422
4002
3166
4022
4079
3063
3799
3967
3920
1066
4049
5003
3943
3646
4997
892
3167
1029
5076
3611
3244
3944
5087
3972
3446
3886
2948
4120
1248
4057
3961
3542
3019
3215
3629
3962
3974
3949
3633
4092
3670
3980
4970
3978
5081
4806
3498
4811
4927
3748
3325
5000
3989
3929
3716
950
3973
4066
1131
3733
5059
3445
3439
4029
3449
3442
3948
3699
3915
3612
1098
3078
3318
4036
3956
1203
5007
5072
5071
101
1226
2921
4767
3015
599
4010
4971
3908
5100
5010
4838
3938
4808
4056
4067
4035
3025
3966
4094
5021
3080
5025
5042
1122
4020
4894
4996
3884
3969
976
3988
3744
3993
4874
3079
3067
4008
3628
978
3712
4976
3964
2976
4857
3097
1782
3711
3113
928
1202
989
4977
4016
1223
1080
2956
3049
4009
5032
952
4810
4837
3071
4823
972
5047
3745
4879
3052
3068
3937
1266
4805
5080
4014
3933
3045
3432
3026
3032
3092
907
4992
1241
1247
3147
3958
2898
3332
5094
4021
3082
2957
2964
5018
5001
3742
3083
1919
3979
3739
2912
2965
2940
3904
3902
5052
5030
3713
3036
3060
3717
3939
4984
3987
3053
961
4985
3089
4807
3705
2923
3088
3075
2896
3722
3061
3963
4969
3074
3970
4093
3110
5054
2919
3070
5015
2953
3709
3054
3037
3903
4968
5091
4858
4987
5040
3984
4801
4039
3730
4980
4929
3990
3042
5079
3316
1112
3941
3076
3992
3952
3064
3035
3084
3069
3975
3059
3947
3946
3981
3072
3954
3986
3081
5014
3905
5024
3976
3048
3726
2945
3741
3047
3627
3031
3725
3046
2909
4919
5048
3977
3120
2936
4989
192
2928
3116
5023
3119
5017
3448
5063
3721
5074
5061
4975
4903
3058
2835
4886
3106
4084
5045
5035
5028
3094
2946
2935
2910
2930
4998
5058
3122
3134
3087
3901
3150
5038
5041
3093
2967
2890
2905
3144
3637
2962
5068
2918
3132
2924
2944
3099
2929
3096
3091
5086
5069
5008
3041
5027
3135
5075
3145
5031
4080
5019
2893
3137
2927
2895
3142
2889
3141
2911
5077
2908
5020
5067
4999
3008
5066
5012
5002
4982
3123
3127
3100
2892
2897
2932
3105
3138
2907
3126
2931
3117
3104
3133
3129
4995
3139
2891
2920
2922
3109
3136
3124
3130
3140
3114
3102
3746
3103
3085
2894
3090
3738
2605
4798
2947
2887
2885
2884
2973
2999
2968
2989
2981
2982
2917
3985
3066
2974
3005
2966
2992
2975
2970
2985
2990
3002
2888
2995
2939
2954
2998
3004
4918
3523
3003
3009
3010
3023
4910
3499
2987
3095
4920
4800
4974
3747
3531
3501
3485
4849
3000
3006
2916
4824
4165
3315
3029
2972
2994
4802
3022
4881
4855
2997
2955
3013
2783
2979
3518
4952
3444
4895
4959
3553
3502
4875
4955
4140
4957
4139
2852
4905
3437
3334
1259
4950
962
1031
4839
3024
2597
4845
609
2655
1123
1237
3030
1722
4914
3503
1030
4906
4190
2572
3535
1225
4758
2557
4930
1088
1010
2827
1108
1114
2716
1133
1141
1190
970
4896
4878
4933
2632
1144
4913
4947
4880
1932
1246
2669
2672
4850
1126
4871
4942
4863
2818
2815
929
4147
2614
4156
4818
2801
1191
4843
1270
2750
1766
889
2251
2499
4181
2616
1212
2265
2719
4908
4938
4869
2318
3582
2706
888
1283
2828
815
4900
4921
4917
2630
4949
4922
4893
4909
4964
2615
4941
4891
4888
4940
2745
2723
4966
4963
2644
2668
4890
4898
4945
3580
1257
2681
2314
4931
2269
1267
4915
1188
1717
2656
1892
2823
671
2596
906
4932
2692
3465
4202
2281
4912
4830
1251
610
1901
2820
4217
2603
2666
4936
2693
3593
2734
2673
2741
2646
2613
4939
2795
3594
1872
2645
2825
2821
2215
3566
3577
1277
1199
3573
2263
3560
2674
1218
2817
2784
2654
2293
2738
2774
2708
1254
1763
2712
3418
2536
1256
2150
2141
2148
2580
1189
2789
4962
4215
3546
120
2710
4210
156
3583
3589
2733
3587
3590
2647
4925
2695
2665
3581
3575
2786
2834
3574
1249
2664
3567
2702
3584
2283
1281
2782
2684
2289
2866
2754
53
1255
2958
2776
2538
2675
1280
2791
1039
2878
1176
1253
2883
150
1252
4142
2984
4851
2261
4829
97
1175
4209
135
1173
2781
3572
2700
3576
2650
2824
2699
2836
2826
2648
2651
2752
2872
3558
2703
3554
2859
2860
2234
3549
2874
1273
2649
1288
1285
2793
2855
3564
2678
2210
2848
1014
2292
2871
2581
1051
2846
138
75
4173
2238
0
235
2237
579
3568
2868
1871
1287
1268
2694
2705
1040
2652
2727
2707
2688
2676
2697
2689
2604
2735
2856
2863
2657
2686
2869
2814
2659
2850
2864
2803
2838
2718
2724
2248
2991
2762
2755
104
2225
2882
147
2758
1018
1016
2943
985
2286
79
2658
2854
275
100
2288
1260
2760
83
2862
1263
2266
2870
2679
137
215
2865
2867
2843
2844
2851
2807
2857
2761
2875
2837
2847
2788
2813
2830
2816
2680
2720
155
2806
2880
2799
57
105
93
2252
193
218
55
2143
99
2839
119
15
2842
1009
2298
984
125
118
253
2300
160
241
1003
78
199
983
4870
2291
148
903
1008
91
139
1012
2249
81
140
33
2145
143
32
1019
2142
141
13
1006
2146
17
198
998
134
2294
905
189
188
1021
127
1011
60
94
226
2308
34
1005
1007
1004
122
280
203
1001
236
2307
16
56
86
2311
162
994
142
201
2317
225
264
114
145
990
131
2322
112
2301
128
244
84
111
216
2306
106
2321
98
228
190
2328
256
249
92
85
1716
146
2216
991
197
167
2324
217
286
930
2296
208
229
239
209
96
222
2330
133
196
164
250
2756
130
2763
2768
74
73
2502
200
88
87
66
980
211
64
182
117
266
168
123
246
251
289
240
252
274
102
234
210
960
224
166
2335
995
2881
62
3547
2295
61
940
1869
2766
204
292
263
742
247
233
1000
270
885
212
2522
2199
1041
470
2332
941
496
1230
258
179
262
242
277
223
231
351
349
178
126
1138
170
2176
1095
2255
363
816
660
687
4907
442
710
695
2192
718
973
321
220
396
1258
2326
1891
477
611
592
1118
4146
2260
444
1134
2347
1316
1077
4214
1346
786
1332
283
3333
485
1501
174
202
341
2323
213
2331
2325
692
175
748
844
352
716
666
1442
939
4183
1174
1136
684
1333
1091
499
649
593
469
2490
2544
1038
2518
607
620
851
2348
1290
1597
205
1261
272
2358
681
819
640
4185
2271
382
1293
581
2582
1440
491
665
698
2533
2563
2523
711
654
447
2527
706
1300
628
935
2598
2532
474
471
674
1219
391
381
663
1319
1150
315
169
1278
1124
9
480
699
796
979
282
656
661
489
1401
3344
1289
1269
1439
804
365
445
631
1192
503
4161
1612
4225
339
860
630
633
2539
697
708
2540
2551
642
2529
627
573
2556
2550
645
638
626
662
683
673
632
2562
1090
651
1272
615
574
1094
714
2537
625
713
720
670
1881
652
1317
1082
1053
1363
750
450
1
4195
686
1143
617
287
1382
576
704
702
719
641
621
608
582
648
680
669
709
2516
707
1324
715
650
613
1087
594
966
492
682
1063
886
926
1325
1105
1132
1070
446
672
1355
571
1447
1250
1352
2524
1071
1052
1073
1367
1279
1058
595
1055
744
780
1381
1042
1366
1870
700
572
1321
1265
1057
1075
1119
1115
1339
705
451
467
1139
1372
1145
472
487
498
482
453
1314
1297
486
1104
519
511
494
452
1081
1351
1331
1128
1146
1348
1151
1318
1463
1120
717
490
1443
1310
1359
1127
1491
1347
1284
1506
1334
1337
1350
468
1457
679
1155
1045
1142
1441
1154
502
1311
518
1034
1340
1384
1309
1312
1349
1069
1313
1462
1149
1307
510
1459
1338
517
927
779
1475
464
1453
1399
771
1521
501
1390
1386
1342
523
1276
1391
1402
772
527
1394
1157
1396
284
497
1296
1158
691
456
185
1389
589
590
171
1361
522
538
1358
1395
568
1471
1379
1377
1403
1375
459
1388
516
406
1393
1380
417
1364
1495
1392
1410
1409
1362
1205
455
8
187
1406
1408
434
458
1416
364
1407
454
378
745
377
526
1499
847
831
1509
1460
2573
426
2479
1405
1531
295
1398
1404
1411
1385
544
1397
2
1400
1540
183
2413
285
512
392
1533
1494
316
319
403
328
309
1505
329
1423
354
462
401
353
314
676
439
826
1541
360
327
2476
852
418
883
1500
1549
855
737
294
1538
461
876
388
509
317
1425
394
428
435
1525
297
437
429
1419
1480
318
300
326
1518
1523
372
405
1231
419
342
1529
431
1548
1489
1503
1412
411
340
331
2488
389
399
421
186
1413
1418
1543
508
1510
301
736
2486
69
1474
308
330
430
808
348
362
541
1534
384
1461
1554
1417
1535
1550
320
1528
1493
2459
2474
1508
1472
2480
2426
375
1497
366
1468
1492
433
1479
400
1522
1532
504
296
184
1485
302
2468
380
416
412
404
1498
343
1483
385
409
1469
1421
408
553
313
383
2482
373
2458
1502
2483
539
1422
414
390
547
374
369
358
2487
371
528
332
565
546
344
556
337
564
562
355
554
543
324
350
306
570
548
356
545
293
346
531
524
345
361
304
305
540
559
557
552
333
334
560
336
561
563
376
534
550
551
2369
1450
1481
1486
2359
738
2460
2327
2175
2174
2465
1478
2420
2473
867
2372
1435
2427
859
1446
2424
1424
842
2472
2404
2449
2337
880
2455
3
2334
2403
2436
881
2278
2320
2434
1585
72
2262
2409
735
1436
1579
4141
2329
71
1465
2399
2438
4189
4816
4833
865
2452
2206
740
2467
2441
2463
2471
2442
2371
2461
2412
1437
2416
739
2456
2401
863
2387
866
1592
869
1426
864
2319
861
2437
877
4236
3408
4184
2290
2439
2379
4158
4164
2287
2425
2450
1652
4205
2428
4170
4826
4814
2445
4186
879
2395
3336
2368
4176
2375
2390
4817
4827
4179
4169
4825
4213
3335
4163
4178
3341
4144
3340
4172
4203
4188
4159
4233
4171
2391
2402
4160
4204
4187
4198
4219
4177
4180
4193
4168
4220
2386
4182
3339
2411
4197
4821
4224
2384
2177
2343
2398
2377
2178
1568
2430
2280
2415
2418
2419
874
754
878
2214
2407
2312
2254
2297
2256
2378
2342
2394
2396
1458
2224
2385
1576
2389
755
1558
2344
2180
2414
2367
2382
1563
2374
2243
2219
2406
2364
858
2184
862
2183
2361
760
1575
1655
2380
2181
2397
756
1574
753
1565
2182
2341
1429
1584
2197
2355
1646
2205
2226
1601
2253
2212
2217
2236
2242
2246
2213
2204
2186
2185
2203
2230
2353
2209
2188
2202
1557
872
875
1556
2218
2196
757
1559
1561
1636
1640
1560
1562
2191
1564
1606
1589
1653
1582
1628
764
1620
1616
1581
1583
1609
1605
857
1617
1644
1599
1602
1651
1633
1610
1604
763
1642
1648
1613
1596
1594
1593
1637
1580
1588
758
1603
1627
759
1615
1591
1586
1618
1625
1577
1632
1587
1634
1626
1619
1595
1578
1614
1621
1643
