4461
3780
3795
3760
4837
3818
3821
2413
3534
3810
3500
3771
3796
3186
1886
3620
3523
2409
3834
3802
3504
1012
4529
4498
4098
4122
4704
3630
3631
3767
3619
3522
2373
4426
4427
4489
3830
1478
668
3781
915
294
4514
4447
4512
3501
4104
3761
4115
2363
1891
145
1455
1148
886
1231
1468
4821
166
874
1172
1878
2267
1930
2702
1437
11
856
1420
660
4107
5247
5038
1154
1037
1016
894
900
2365
2256
179
4845
4100
1902
2584
2406
1960
2113
1062
5101
383
1040
3627
1915
1049
3547
4123
2916
2496
1457
585
1876
1467
3557
3062
3226
3280
3190
3941
3083
106
3722
2386
3632
3921
4955
3064
3065
3228
1015
3646
2374
4982
3048
3565
357
3238
2395
482
5091
5010
2668
454
1442
2222
4560
2280
450
2505
3930
3938
4612
3183
3686
2308
4488
2375
3726
2403
4822
5214
2995
3022
4342
3844
3697
664
1239
1843
586
1229
1870
1250
1035
1486
2580
1842
4645
1241
5156
1847
1907
2506
1909
669
4599
2913
926
292
1858
4561
1443
3560
1460
4522
4495
2983
4541
1394
3843
840
1884
825
1393
862
1153
3833
3
1163
619
2634
1165
291
924
80
4113
325
852
5084
2813
4017
6
4087
2857
3672
943
4702
2323
4023
4970
2971
3480
2917
178
3651
4062
4035
3015
1124
3856
3945
2304
4042
3268
1555
2168
1027
3841
3184
4508
2958
3044
3652
5080
5132
3507
2382
4444
386
1545
3050
3988
3626
3995
1451
3556
828
30
452
4097
4660
1913
1297
1866
1110
1048
241
881
4623
1941
1019
2475
84
1943
4724
2480
2209
4605
1127
1000
3624
5200
1879
2405
3214
352
2327
2502
1454
1132
3559
3851
2332
4695
4443
374
4648
2322
1540
1113
4976
3530
916
2878
1496
4515
4417
4462
2904
3220
1927
3221
3040
5249
933
2938
3745
1311
3943
3948
2372
2935
4493
595
1857
1849
3738
2972
5073
1256
3678
4995
2915
3940
835
2949
1852
2939
2918
4190
376
4128
4486
1028
5210
1430
4018
722
4163
3664
1206
1039
3566
3091
3227
295
3242
4556
1523
1054
3770
674
2885
3087
861
1320
4491
2351
3840
1395
3551
4625
67
748
838
1441
3596
278
4932
2324
892
820
4677
2296
2350
2794
29
296
4748
736
1450
4022
388
1890
878
1510
5024
1918
265
2378
4506
3349
275
3845
2594
1868
675
1169
3815
288
1871
4583
1501
2907
2122
1162
2994
3157
533
2986
3904
5111
3545
580
3720
1991
3249
3287
3899
4110
3832
4820
2812
2482
3117
4293
2085
3789
1481
3521
5246
976
4974
583
3540
3912
3224
1469
4900
3728
4534
2975
3914
4340
1038
3839
10
3176
3716
2970
3061
2123
1225
2544
1187
2010
4381
5074
4011
3489
4985
4143
816
735
2272
451
1539
1584
1230
3936
2368
3955
4743
1018
1164
2746
3488
1106
1024
4502
3968
1050
2991
3369
2279
5124
4550
2292
4913
1964
1026
1456
1984
1036
1775
2379
371
1869
3581
990
1517
2291
2315
4819
406
1223
1888
2407
3984
3461
4321
2083
3506
330
3817
2044
5015
679
2075
871
232
1490
3622
3809
3502
3641
284
5057
2032
5096
4078
4698
4564
3822
3284
4483
4159
3645
3588
4494
317
363
3857
2510
2629
3524
2098
3023
1285
5005
33
3823
845
3199
2000
624
4884
91
1337
4581
3805
526
211
2376
4048
3051
2919
71
4729
143
2442
720
4979
3059
422
2797
4010
187
2012
2699
4487
4044
448
1859
4114
5131
1292
3690
3909
5129
2989
1944
1055
3554
2172
1286
1200
2984
370
2025
3732
2870
1861
4673
1497
1826
1345
3913
2354
2680
2173
2015
2362
2902
3329
783
759
60
702
4796
779
730
2529
313
489
231
1814
4945
4031
2583
1758
1727
2579
3718
4408
2693
2789
4797
4310
4301
2866
4270
4274
4180
1261
314
353
1595
1310
1965
2758
497
2530
767
768
1476
611
1792
1811
1961
772
3411
553
557
5030
1254
1321
1316
771
3391
2228
4077
3005
2996
1599
1405
3324
3579
488
751
2617
798
711
5236
5229
3934
5014
1828
683
2620
784
4367
4382
4921
2690
1648
2691
3437
793
4393
5243
3392
3396
3537
4807
3548
1590
2227
1805
4067
2607
3598
3533
4681
4189
2277
3440
1534
5244
3928
1259
2009
1142
3279
531
3191
3868
4505
949
1371
3642
3850
338
1180
3658
3637
638
1402
2320
4504
264
249
3898
934
4288
4694
650
5003
4712
740
2639
2622
1299
1138
3665
4718
1578
4477
69
3541
4727
3219
3894
909
4709
626
4713
163
4595
3669
2889
774
786
765
3715
2137
2142
3464
2832
4805
1783
2234
800
764
760
4812
728
3706
5053
1499
3054
4917
4401
4931
2612
4309
4799
3053
782
255
3415
3326
3594
5135
4779
5037
725
1357
848
727
773
770
4429
4210
4806
775
832
745
3389
3089
3435
5026
4936
726
5048
82
217
537
4257
246
239
4243
3367
1419
3695
1453
124
4273
315
4032
3345
3432
4803
3402
1785
3927
4778
600
599
500
785
555
3370
4848
2251
4929
3069
2772
2532
4881
2953
591
1664
3688
1750
4928
4939
4890
1710
2733
1308
2245
610
4897
2592
3419
4849
4201
42
4193
5134
1732
4252
2134
3406
4276
4197
1093
1735
3377
4400
1920
4627
3201
4441
1765
2876
1330
1327
4136
690
3403
4014
144
2880
276
3875
3407
75
3880
682
269
761
4277
762
4265
763
4671
2147
4844
4228
4199
4181
4212
1560
4219
4861
1576
76
5142
4782
4658
3428
2235
4935
684
3413
514
1358
2274
3444
1726
2522
4699
3426
2250
4224
1532
3408
3421
2007
2288
1535
795
712
598
3265
4153
4223
2244
4235
5136
2980
2289
3071
1503
253
259
1751
5099
4227
1367
3308
3906
2831
2595
1692
4435
3414
2014
3397
4915
1733
3195
1697
3864
478
2040
3917
2019
907
245
2155
3445
2150
2283
1736
998
4397
2777
687
2599
2553
2713
4409
3870
2715
1580
5204
4646
4438
2531
2771
4994
544
1831
2538
3813
1328
1681
4352
1747
890
1381
3424
3417
3423
1461
4195
3654
1524
2485
4072
3126
4938
446
5022
125
2269
449
2860
2208
2474
171
3162
318
2459
2489
4999
384
2425
129
4823
4559
1625
5061
180
3029
341
1928
1546
3949
2859
939
4516
396
4539
4160
3140
2070
1056
2220
4937
2295
1102
3954
2499
167
445
4953
31
3039
5044
5089
3194
4816
3164
3436
4930
2787
2470
1436
62
121
3420
4575
18
521
4962
2613
1740
4218
1549
1649
5082
4246
5002
936
550
563
1675
4217
142
2609
3441
699
2868
1864
5143
4689
4585
4394
3969
1994
1105
4244
3465
2556
2471
1753
2640
1607
1464
207
1762
4203
910
703
691
2204
4665
4187
2266
3056
4233
3398
1700
3373
4275
2873
2849
2270
777
2462
797
3077
1910
3454
4785
602
3358
4214
523
4209
3401
532
2557
634
4731
2281
1720
2166
744
522
4234
3264
2255
1827
1795
2139
1819
1666
4198
743
4255
1504
4188
3357
3393
4329
4253
4880
4165
1830
4204
4155
1116
4280
2520
3691
4263
4236
4430
3168
3433
3656
4225
4250
4631
2302
3944
506
724
158
157
2224
866
2775
4232
2138
1773
4247
510
4809
4176
44
3675
1094
4866
1095
1536
4242
4436
3957
1616
4781
3202
4175
4215
4194
4238
4222
913
1477
4371
79
4262
3929
3918
1570
2635
3876
2657
48
4860
3558
1728
2434
3018
1759
5245
2497
1521
4186
2651
3865
4362
4208
3888
545
1411
769
1344
4006
15
2884
2781
2020
4221
1494
1986
2191
2604
572
1183
4359
1046
3314
4170
4251
4261
4207
3450
4202
4169
4211
4237
3429
1108
4148
4220
2236
3866
1682
5230
3515
705
706
2186
4831
2034
1810
1418
2013
2247
1724
2457
2455
1208
2689
5231
700
4179
266
4302
1417
156
1816
4737
1112
1512
755
631
4317
4690
3107
4129
480
5013
4811
790
3139
4249
4177
3448
1136
5239
2648
4810
2545
3443
1691
4458
507
3616
3920
2666
4360
3404
1439
704
2024
4882
1435
1354
1171
3327
3331
2151
1263
568
4784
1748
2786
3615
1361
573
1488
4431
233
1452
5127
1243
2819
240
2754
1319
1667
1099
3477
899
4940
4682
39
882
40
4306
4178
1305
5036
4398
5189
2723
4793
3878
4185
219
3610
4563
4054
169
2503
4965
4231
2833
320
3378
1821
1813
4370
766
4666
1950
742
546
1684
2523
494
5040
491
2286
4124
3353
2642
3366
2117
206
2190
3439
2533
1966
1408
4324
2573
3372
4206
3360
4313
4312
4794
4798
4116
4161
2551
2200
4164
1135
4475
5233
2464
865
1676
1270
1506
2188
1196
4327
2036
3765
2886
1979
2300
3325
2194
799
505
2364
4139
4841
1704
1194
2929
4131
1210
1715
2611
4647
509
2968
2127
4074
1449
4424
3119
3937
3254
1281
737
2554
2979
2203
4216
1674
4272
3434
1673
2201
2154
2160
468
3740
1784
4740
5147
846
3365
2981
1291
2313
4741
4655
4800
4192
5241
4422
3661
4027
1788
4428
469
4392
1680
1493
2724
5065
222
1947
4241
566
4941
405
860
4162
3100
4084
501
1249
4205
2688
1318
2192
2196
4245
1713
4184
3757
2598
2252
4271
1668
4879
4395
4476
5218
2602
1738
272
1125
4334
459
4971
4357
4299
1255
4090
2788
813
2519
1123
2183
4125
4157
606
4015
1766
140
2727
1537
367
1351
2656
3614
2114
4554
4546
1718
932
3193
2782
2197
4414
4300
4266
4260
4256
4259
4254
4154
4264
4269
4279
4156
486
4258
4196
4337
4267
4200
1097
4403
4278
1801
4168
3352
1772
4230
2317
3355
4405
19
558
3792
1677
1502
1416
1671
2549
93
4474
2148
694
2829
4240
3932
693
1973
3383
2564
2852
4118
474
2550
4402
2108
3354
4229
4891
4173
1683
4419
3587
483
149
1568
1573
1317
1693
4877
2175
361
1033
593
781
2294
4739
4774
4700
4388
717
3328
2566
4040
2445
2195
1786
1552
4874
4343
336
2785
1613
4305
2076
1158
2346
1806
1922
1789
4182
99
5220
620
870
2198
3474
1400
1782
2526
1763
1777
3409
3270
1678
4967
2067
4895
1155
1906
1833
2023
1434
3255
4961
2932
4722
109
2638
1714
1760
3605
115
524
1109
3374
4885
4307
3275
4659
5208
1329
4363
4473
215
61
1314
2704
1767
2169
4893
4348
4391
4102
1325
5193
4353
1741
4795
4057
1734
1787
689
1779
1780
1705
5161
5215
1470
1679
1669
1306
2071
1509
98
4323
1696
1268
3492
4618
441
2997
3309
1624
796
128
4639
2180
810
4691
2769
4041
4657
4407
2956
2465
3601
4966
1364
2144
4715
2451
1754
1794
1707
2774
94
1815
5052
4856
1409
4813
4730
2193
4734
2199
2262
1797
2187
4697
1445
4725
2066
2273
2226
1746
2264
4719
1068
1406
3495
2722
4901
4239
1151
2767
4678
2306
822
1752
4471
1768
710
1384
530
4226
2243
1938
3910
2911
208
2824
2263
1778
218
3783
4889
4830
2600
3395
1755
2601
1530
1336
88
4733
4763
1377
4903
1528
2330
1698
1086
485
821
4174
5146
536
135
1374
1312
4956
1896
4055
2366
1749
3608
2707
1646
2429
4814
4007
2184
3742
1597
1182
1390
2856
2957
2558
2923
2047
2035
4621
898
1529
1410
228
4759
2539
715
1484
1614
1424
1426
2745
1508
150
4213
814
1610
1619
807
1582
4749
4954
1635
857
2265
804
1331
1498
543
1791
492
502
2118
4914
2096
495
2287
130
780
4907
571
2964
2435
1823
1818
2254
3412
1507
2744
4268
945
2331
2456
4592
2157
2590
1396
2655
2593
2591
170
4753
5095
2278
3323
1533
1633
52
155
1474
2275
53
2259
2433
2653
2095
23
1463
4868
3387
2162
1932
159
4883
154
136
199
2340
2488
3562
2427
1722
453
4963
2355
162
191
1647
2669
4872
2596
1589
607
195
3933
1923
2494
4151
4577
1744
5141
2619
4147
1776
794
1444
1642
4152
1643
1639
1631
4843
1634
1640
1645
1638
2311
2312
78
1621
2248
2229
151
1569
2319
2674
1591
3418
1531
2153
803
2249
1756
2293
1729
74
4717
2177
1412
1770
2178
1921
59
2299
43
4457
4991
2329
1554
13
3600
5145
3027
4308
2054
4448
3334
1699
1602
1615
1557
1641
1618
1628
1623
1644
2305
1603
153
77
1636
2339
1632
1601
1566
4923
262
2357
1627
107
2348
1553
1565
1592
2335
73
123
147
189
146
1583
1606
4869
2238
2325
127
2225
1626
4653
1611
4864
2099
2654
5240
4840
2143
1527
787
978
2026
1612
1630
1594
1587
1579
1605
1622
1617
1561
1608
1593
1558
1577
1586
1600
1585
1620
1551
4847
1575
1547
1629
1604
1564
1543
1548
1526
1609
1596
1559
2345
4854
4855
2233
2253
223
4878
2389
1544
987
947
2318
89
114
805
54
812
4649
221
4183
4751
26
839
188
991
2398
2752
2261
741
4150
1520
4735
141
4920
4867
3603
1567
85
4859
2466
27
152
4745
981
2367
4916
4918
4960
2334
138
4191
3340
809
1836
4846
2440
883
2479
72
592
5180
2850
2847
1428
4943
5223
2542
2504
373
2232
3037
539
3306
204
1550
3351
1556
739
734
4146
732
3431
4842
2258
2239
1563
3356
1413
837
148
1009
2388
714
97
2352
831
2399
0
4977
4858
4863
3574
826
4144
126
4036
2444
2710
2176
4973
2783
2861
5217
4166
1399
3295
2685
567
2521
2697
2218
1004
4085
5025
4948
4944
1542
1541
817
4167
829
830
2353
1572
1562
2314
823
1421
4887
137
2271
4969
3425
1407
2356
1003
2285
4873
1538
3449
2303
103
2737
4871
1525
716
3438
2393
2207
4030
2241
455
4672
133
836
2761
723
5023
58
3348
989
2780
4708
4720
3462
2472
5029
1397
2310
2260
2316
2221
806
2237
2257
808
2307
1581
1588
2268
731
2349
713
4852
802
2297
2347
824
2359
2342
721
815
833
2298
2358
2371
131
4912
2779
111
718
2213
118
2491
2753
1431
1010
2231
2396
2705
4908
2309
2741
4716
1571
2390
994
1007
4927
1458
2230
2341
2219
2276
811
2246
2216
2217
2242
2326
1574
2343
2369
2360
2321
2381
2361
2333
2223
1008
859
2328
2290
120
2338
2408
1522
1002
2212
2370
108
134
55
995
96
2215
1001
1011
2385
2412
2284
801
2214
2384
858
104
1006
2383
110
996
2467
2477
2210
2401
2418
2414
2410
1438
827
2336
2394
1415
2337
2416
2419
2211
2397
2426
112
2473
2430
2402
2441
2377
2484
132
2423
117
818
214
2486
2417
196
2450
90
2344
1429
2400
230
2422
205
719
2478
5006
4949
2476
2439
819
2380
57
1423
4875
2731
160
2428
2424
2458
2448
2447
2420
326
2449
2392
2443
2436
2432
2438
2437
2431
247
2206
70
2421
87
2415
2498
2454
2452
2391
1422
2404
2453
139
2493
2468
2461
100
2460
68
2446
56
2483
2411
105
4865
961
113
323
32
34
1005
4888
864
185
4853
3456
2469
2481
161
212
95
190
1401
1472
1511
1479
456
197
2748
237
92
4892
1414
243
2492
321
442
81
2174
440
476
116
286
457
4926
2490
66
4851
409
993
5000
2739
436
1425
985
971
4911
4857
986
2507
2500
2495
1398
12
3350
4899
2768
974
418
962
2487
447
884
434
63
973
4978
83
1465
1448
1485
2501
256
3683
2818
2759
290
2158
1515
2387
1491
4158
2202
4919
1475
4988
289
3339
4829
324
4145
4839
186
25
1466
234
966
975
3447
977
2708
969
2867
390
4832
316
4968
24
1489
3427
955
2512
200
2516
2908
1482
1403
964
948
2905
4828
28
229
2518
2709
263
65
407
1480
2686
4075
433
4905
2514
322
2463
1483
2838
192
3460
979
623
101
2687
3457
3493
5001
4172
1513
2650
4898
4833
3430
3453
5018
404
2159
2152
4080
1462
4906
49
1495
164
2843
424
417
2826
1487
4925
410
1500
3346
415
2839
2854
3613
3338
2742
3388
399
2840
3611
3455
3347
1672
4909
1471
635
375
1473
3612
2776
3607
3609
5045
193
184
2862
984
431
435
1492
2205
4824
2743
2730
412
2734
2891
3491
4021
992
1519
397
2792
2726
2914
2778
319
416
4049
426
2749
2851
2827
403
420
398
2881
2790
2732
2719
4068
982
2848
3463
4980
2694
1518
2751
3617
3592
2844
425
4808
2163
3618
999
2738
4862
220
443
4059
2906
5067
4096
4121
4934
4064
4082
4950
2720
921
965
209
385
408
427
419
439
378
400
2765
444
402
2834
2773
428
3333
391
372
2791
2716
4089
4061
2757
3458
3332
2695
4091
2887
4026
64
3494
4983
2835
4835
2696
3459
4951
3595
2874
3484
2646
891
2703
2736
5033
4850
3583
5011
2718
3597
364
954
4094
432
4029
2762
2770
2793
4058
2863
4986
2649
183
5075
4076
3602
3486
2706
437
4957
392
201
2517
1505
5043
4133
4020
4789
2846
4024
5012
4992
238
4826
3606
2645
181
2644
4304
354
4958
2717
4303
3604
2760
4998
182
4972
2883
5009
5047
3049
4946
5008
4952
3591
5017
4025
4997
4975
4028
4066
5049
2950
4959
4990
4827
4964
4987
4989
4933
5071
3336
4984
4981
3442
5034
4825
277
2714
4043
203
2515
4777
287
2508
5019
4013
401
202
4836
3571
5068
972
5032
438
5060
165
4838
4993
2951
356
3485
389
1
908
2675
2698
5031
5039
5027
5093
5054
4073
4996
5064
5055
4047
4088
280
5103
5020
283
3446
4081
2511
5070
366
411
5062
365
377
4109
4034
3052
311
2728
5058
5072
379
1386
5063
2513
2747
5059
914
2637
414
3335
312
983
2836
1322
2171
2898
2729
3337
2895
513
535
5069
5016
5076
5077
5086
5046
5004
5081
5028
2701
5042
5083
5088
2
340
4093
5066
5122
5050
4103
4016
5094
5104
310
4019
2816
429
4092
281
2892
1514
257
344
5079
273
4126
1378
5007
5035
339
3416
122
3422
3036
119
2808
2947
2912
250
516
4099
942
5114
5078
5109
5021
5056
2817
2920
248
2921
5128
260
5116
5121
2941
271
3055
210
5085
4111
282
4060
350
841
477
2841
2810
393
2948
360
194
5090
460
475
2809
562
355
2815
285
298
2978
3746
5092
3549
2756
5105
877
1383
413
5098
423
1370
268
274
5108
5130
5106
5125
5120
458
5126
5118
1152
254
177
346
213
244
345
3047
329
430
279
3020
2888
5119
267
394
2909
5100
3580
2945
2700
270
1150
2845
4053
3021
4119
1387
2823
1365
4012
3031
2942
3025
224
2735
2901
1379
3341
1373
499
479
328
235
5123
172
3017
174
225
2944
226
242
5087
173
3010
236
2943
5117
421
2896
261
2992
387
3002
2807
2897
258
3013
2837
5097
2877
2830
4130
3019
3035
395
3467
5112
2750
5115
2755
2903
5113
2882
175
3026
337
176
4106
2952
168
2890
5110
347
2800
5107
3007
3042
3014
3001
3004
2977
3009
3028
382
5102
2899
3045
3046
2820
2976
3550
3012
3024
3034
490
332
3038
3030
3032
2869
368
331
300
2842
380
301
3041
569
2910
2993
2858
570
4112
304
1375
4070
3003
4135
3011
2853
3469
471
3529
2937
559
381
2796
2871
3016
2940
2795
2805
2875
2799
2864
2966
2822
3033
2804
2879
3466
2962
3516
2803
2865
343
1141
349
2825
351
299
1376
3599
2798
2967
302
461
1293
305
529
362
303
1385
3380
2806
308
556
554
564
1332
520
1382
297
1388
4141
2821
1391
3759
1294
342
472
551
1516
334
335
542
1295
358
549
369
552
508
333
348
560
1380
565
541
327
517
525
307
528
359
1392
2961
547
2801
538
561
1296
1372
518
1389
2802
548
527
1313
608
519
306
2922
3000
3381
512
589
1347
515
3386
1359
534
511
503
504
487
1353
648
309
3470
1324
1346
484
1126
1298
661
590
2963
4108
4051
588
481
3578
1652
758
754
753
493
2855
498
4834
1333
4101
1368
2663
470
1703
3758
1087
464
1118
4071
3311
2164
4046
640
3006
4924
2712
1131
2960
4095
3127
1301
2740
1362
1440
466
1366
757
4132
935
2764
2969
3959
3978
4792
1695
3385
4033
3375
4069
3997
465
1338
3096
3008
1130
4063
2643
3394
587
4079
496
4773
4767
1149
2987
4005
3916
2925
2189
2179
1289
4818
4619
4760
3204
906
4754
2988
1290
4791
3518
920
729
1352
1323
1433
2652
1343
641
1355
4768
2681
1363
3169
4134
3070
4736
3939
462
4815
2647
4755
4801
1340
2990
3980
2924
1360
1874
1651
4138
3167
3961
625
2161
4757
988
1446
1739
4460
2928
1694
960
1147
2679
3148
4683
3106
1349
1302
4947
1092
3756
1348
1334
1342
1356
1459
1300
1335
1447
1432
1341
1315
1303
1369
1304
609
1719
2623
1339
4744
4738
1723
4746
3161
4766
656
3084
2561
4787
4728
1143
4705
2578
2658
967
4142
4762
897
2673
4711
4761
4742
2677
4765
2559
4120
1790
2682
3634
1309
3999
3163
893
3382
4721
4706
4752
2683
4710
4688
4747
4726
4696
4756
4707
4680
1654
4701
3166
4723
4764
4452
4758
2721
3989
2933
3589
3496
4750
2934
1111
4769
953
4817
3158
3058
1098
4413
3532
1121
5
1702
2568
1079
3057
4679
3593
3998
1100
4065
1706
844
1076
941
1071
1096
1128
1088
1032
1129
930
2684
1137
847
1023
3497
1029
931
2670
3487
1145
1104
4790
463
4802
1134
970
2667
3584
1084
1133
2998
3993
3744
867
4105
918
959
968
3090
4788
3490
2671
843
2509
3528
293
1021
3986
2665
3582
1144
3569
1081
1711
2814
849
4732
1067
1122
1140
1115
1107
1066
1077
1063
1042
1075
1120
3590
1045
1103
980
1090
1082
842
3854
3981
889
17
938
963
863
3585
1119
4780
912
1025
4770
4714
903
904
3538
695
1146
868
2664
3085
2926
3568
2954
4772
929
4127
2167
1799
2547
1101
2552
3577
1114
1091
1070
1117
927
1085
952
940
901
1044
888
951
905
1059
958
1083
950
944
1058
902
919
1053
2562
957
1043
1065
887
850
937
917
1041
1072
1073
2563
851
2548
1052
946
3149
2540
2982
3159
2572
2931
2927
1266
2546
2615
3113
2536
3108
2660
3160
3145
2930
3155
3154
2567
3908
3068
1051
2571
3755
698
696
2965
3114
3120
2576
3911
2170
3156
746
3994
3151
3747
4009
3121
3136
3093
3111
3080
4004
3129
3985
3915
3751
3072
3753
601
4775
3165
1074
3384
3076
1650
1737
2636
896
2626
35
3734
3344
3122
3754
2955
3748
3135
2959
3133
2974
2973
2985
3749
4003
3152
3146
3143
3750
3142
3067
3150
3752
4000
3147
3992
3131
4008
3977
4002
4001
3736
3086
3144
2936
3137
4039
3737
3987
2524
3991
3996
3153
1653
928
2525
3468
4117
2527
1069
3519
3138
3739
3390
3141
3635
3132
3128
3073
3075
3074
3741
3724
3112
3704
4056
4086
3123
3942
3043
3708
3743
4038
3636
3170
16
46
3699
4786
3935
869
3950
880
3343
1725
5165
1170
3709
1793
577
1997
1020
2165
956
4942
3719
4667
4771
1022
2181
3885
4140
3171
4676
3644
1820
4479
3371
3134
3105
3970
3078
3723
3103
3125
3081
3694
3979
3990
3124
3130
4050
3063
3733
3655
3101
3097
4692
3660
2185
3192
3088
2141
1078
3924
3079
3983
3886
1655
4661
3947
4650
1931
3874
1832
3964
2101
3376
2597
4684
3304
3946
2672
1234
2062
1855
3082
1245
665
574
3104
3115
3116
3110
3060
3098
3971
3956
3962
3118
3952
3094
3671
3099
3092
3965
3109
3698
3712
3972
3975
3682
3973
3095
3102
3966
3923
3727
3703
3976
3982
3963
3960
3681
3931
3379
3666
3731
3953
3974
3887
3967
3958
3647
3687
3951
3889
3884
3225
4693
3230
3301
3674
3662
3066
3648
3633
3730
4052
3890
3903
3907
3188
3883
3673
3926
2678
3209
3302
5192
5148
4662
5188
1934
4384
4406
3901
4654
5139
5181
3243
3735
1061
5137
615
4425
5158
1185
5163
4399
3871
1708
2586
3231
1835
45
3364
2641
1796
4629
686
2112
3877
1885
3315
5152
3310
3925
4642
5195
4410
3245
4478
3861
4686
3283
3303
3895
3543
4670
2574
3205
4416
5154
1798
1186
3203
4378
2131
1771
1730
3296
2628
4385
2129
2119
1235
756
4685
3307
576
5187
3922
1957
1217
1761
5133
4776
2128
4423
1265
2145
2048
1824
1326
3729
3212
3317
5166
5169
4675
3318
3361
5164
3368
3313
4643
3299
3211
1670
4674
2104
3298
1764
3274
5177
3244
2582
5175
672
4644
2049
2132
2676
3216
5205
1662
5162
5227
1803
3207
1211
3266
1237
5211
3570
1278
2577
1661
5153
5185
3514
1244
5194
4651
2146
4687
3319
3210
5182
5168
5138
5206
3208
5183
3297
5144
5199
5157
3267
3305
5178
5174
3362
4669
5172
5160
5191
5171
5159
5140
5173
2133
5151
4668
3277
5170
3263
3261
2094
4459
5184
3286
3539
3363
3717
2149
3849
3564
21
2120
4420
3576
1282
1905
2136
1269
3820
613
3200
5201
5186
5209
3206
5196
5228
3281
2124
3278
3290
3289
2135
2130
3293
2140
3285
5222
3300
3257
5235
3272
3288
3292
2109
5238
3561
41
4285
4415
575
5213
1272
3905
4339
4412
3872
3520
3836
4549
4377
5242
3189
1193
2105
873
3573
3725
4341
2633
1812
5212
3531
4361
3172
2107
3187
5216
2106
3322
5225
3173
3256
3273
3217
2091
2126
3271
3259
3250
3174
2125
3218
4372
3892
22
3653
2056
2088
2115
1287
3198
37
3260
4331
3282
4286
4390
3705
4347
4346
3252
1273
4652
629
4472
2072
2116
2022
2063
4467
2077
654
2090
3835
3291
4344
3253
2078
3251
2103
3185
3233
3232
3246
2086
3629
3240
4345
3223
3897
2102
2074
2087
3262
4284
5248
3235
3182
3882
3239
3785
3234
3873
2051
3247
3258
2089
3276
3902
5221
3248
2038
3858
4376
3229
1853
2050
3269
2182
4294
3196
3197
1757
3215
2121
3177
3236
3222
3237
3179
3213
3241
3175
3178
3900
3867
3180
3893
3181
2092
2082
2080
3801
2079
3855
3891
3896
3859
2100
2110
3860
2111
4336
2081
2069
2055
2084
3825
2097
2017
4332
2027
2065
2068
2064
3853
3628
38
5197
4291
4411
4421
2061
3814
4283
2037
4354
5232
3838
3816
4374
2073
3800
5226
4325
4292
4351
4326
3779
4368
4375
4358
4373
5237
1845
750
2041
4641
3563
4356
3869
4387
4289
4290
5179
3778
5234
1851
3862
3837
3842
4355
4380
4335
47
4637
4287
4379
2029
4365
1834
4404
2028
4517
50
1848
4664
2541
3575
3852
5202
5190
5198
4297
4333
4295
5224
4383
4338
4350
4366
4369
4389
4298
4364
4640
4349
4296
4330
5207
5155
3863
5203
3777
3824
3847
4531
2093
5219
3707
2662
3680
3700
4624
4633
4632
3711
2661
3812
3685
3472
4322
3846
3794
3670
3643
3791
4635
4490
2057
3555
4455
3659
3473
3513
3476
3508
3702
3478
3667
3567
3512
3572
3544
3721
3657
4622
3510
3471
3793
3542
3848
3650
4449
3535
3320
3509
4626
3668
3475
4638
4656
3482
4540
4386
3819
3499
4547
3710
4480
3511
4628
4634
1716
2058
3684
3676
3498
1854
3693
4636
4445
1745
3692
3527
3701
3526
3714
3679
3677
3663
3639
3625
3649
3553
3321
3640
3696
3479
3525
3552
3689
3623
3546
4439
3831
4434
4532
3811
3829
3826
4318
4314
4526
2059
4316
4481
3774
4617
4615
4456
4600
4588
4463
4620
3776
4442
4703
4603
1731
4613
3828
4610
4454
3481
3621
3827
3775
4568
3483
4492
4527
4553
3517
4607
4453
4606
4437
4320
4528
3790
4630
4525
3807
4433
3769
3536
5167
4574
4571
3773
4470
3772
4587
5176
4450
1897
4579
4518
3505
4616
4602
4594
4509
4584
4663
4609
4589
3638
4319
3803
3763
1742
4496
1721
872
4598
4597
4555
4315
4510
4604
4580
4601
4611
4451
3804
4593
4497
3808
3787
4446
3806
4586
3799
3788
4582
4538
3798
3768
3786
4565
4608
4511
4572
3797
4482
3766
3784
4614
4485
3503
4596
4530
4484
4578
4591
3764
3782
4519
2042
3762
4570
923
2581
747
2565
4499
2625
681
4465
4573
4500
4513
4466
4503
4501
4576
4537
4523
4544
4464
4567
678
4468
2021
677
2543
605
2018
4569
4566
2569
2004
4536
7
2555
4507
1657
2588
2575
4533
4548
1829
1983
685
1712
1978
2624
628
663
1047
2603
597
1717
4521
1013
1227
657
594
4558
1060
4551
4524
4557
4543
4542
4535
4562
4552
4520
4545
639
655
666
667
579
2632
632
2631
637
633
596
636
618
2589
649
658
646
2534
642
612
2033
647
1274
1709
1781
2043
1838
670
2060
1656
2052
2053
1199
584
2016
1893
651
659
1167
645
1992
1222
673
644
671
622
643
582
652
2630
662
621
616
627
617
2627
1257
653
1264
581
1271
1284
1276
614
630
1288
1280
2621
676
1283
1275
603
680
688
1262
604
2046
1840
1867
2618
1279
1839
2031
1277
1198
2045
1184
1919
1248
707
1233
1205
2587
2030
1258
1238
1228
1260
1267
1246
1252
2610
911
1665
1242
2614
1251
1985
1901
1658
1253
2608
1166
1168
2585
925
1226
1877
1216
876
1808
875
1224
1685
1240
1889
1701
1236
1189
1769
2039
1221
2560
1846
2606
1998
1660
1958
1825
853
1213
2006
922
1844
1080
1209
1203
1247
1220
1214
1034
1159
1686
1175
1057
1161
1179
1804
1959
1014
2570
1232
1215
1064
1841
2005
1207
1176
1972
1687
1837
1204
1971
1880
1850
1882
1017
1873
1892
1865
1197
1822
1031
1925
1872
895
1860
1030
1856
885
1202
1862
854
1946
1976
1191
2003
709
855
1178
1218
1219
1177
1190
1192
1212
1181
1188
1201
1195
1939
1951
1160
1949
1969
4
1174
1977
2011
1924
1659
879
1807
1987
1895
1689
1936
1916
1980
1999
1956
1917
1157
1887
1156
1898
749
1899
1908
1875
1881
1937
1970
1173
1962
1926
708
1933
2008
1952
2002
1863
1904
1883
1900
1894
1935
1914
1945
1955
1954
1963
1929
1903
1948
1940
1953
1988
1993
1995
1981
1912
1996
1990
1974
1911
1989
1975
1982
