2522
430
722
378
291
1453
1498
3050
4012
1479
4181
3092
1437
2518
5185
2838
1491
367
4172
422
3088
2528
1487
3343
436
183
4105
177
2516
3834
3690
429
4154
4132
3607
2625
4158
1031
3605
1157
1684
2515
1496
182
3010
4166
1444
4064
368
2513
1240
1155
5189
915
4619
4586
3617
4614
3392
3691
4606
1997
900
3849
3321
2837
5271
2490
881
5165
3287
3975
3159
5070
3162
3032
4135
3789
2671
2997
1355
2496
2541
3314
3976
3552
3791
3036
2658
321
4202
359
2510
2108
3904
4110
643
4701
2054
179
4596
1486
3968
4896
3796
3593
723
1485
1426
1161
1489
721
1715
103
403
5183
366
1419
377
626
70
1527
365
5172
1159
1303
2454
903
456
4138
1507
435
4444
451
180
3578
2444
448
3581
1454
308
1716
1057
2008
2656
4143
405
3338
1463
2136
1236
3710
3915
2956
292
415
1528
2390
5173
880
3217
3961
885
3026
2973
1818
3704
1994
3031
3717
3577
5161
1998
37
1194
3095
2135
3888
1223
4104
2006
5067
5277
3948
4200
4153
1214
1187
1949
3782
1531
3146
1956
4897
3815
4806
3689
5159
1218
2519
5191
2242
38
3305
1909
3644
2020
4729
3892
2620
2509
3549
1481
1149
623
111
1347
3624
2391
2386
5047
2350
271
918
2729
1037
3054
2665
2387
569
1482
616
516
1219
5088
2542
956
358
69
1036
3809
4433
3820
2952
887
1538
3061
4072
2512
2996
2606
3575
4084
2652
2467
5200
1385
1503
2974
3606
1417
2954
1418
1389
3098
951
4620
2146
1238
2134
4728
3897
2114
3197
3610
1232
3119
3025
3523
4409
5296
4723
3020
1966
4930
83
4077
2096
4162
3233
3320
1866
3805
4228
3218
5142
1898
4575
1208
3709
925
3514
3981
1276
1040
547
2540
5042
3731
3334
3721
5177
3033
1231
5166
3621
2120
1176
428
2382
371
391
287
288
239
843
982
1434
388
441
104
5033
2508
1222
162
278
15
542
1857
2427
1978
3864
3677
2935
1521
2905
3836
4541
3891
1468
3097
2014
666
5073
852
178
2395
725
2530
4530
4783
3886
891
4678
825
1320
2920
648
911
1534
2846
3139
3168
3040
2696
2972
3522
1910
4083
4847
3383
592
4074
2460
4139
3169
3728
1139
1754
4183
4148
3659
4097
3149
2613
1239
4685
2145
5032
2655
4351
4651
3821
622
3584
2384
1207
5323
1007
4784
3618
3042
1992
4078
3682
4647
508
3595
3863
3737
5044
4076
1746
322
1591
2076
945
2309
1030
2007
1179
4794
2097
2269
2351
933
4577
3816
1627
457
4940
355
500
5301
4005
4625
4623
1714
3559
2101
4965
1046
4557
2084
3337
1029
1495
242
3087
4522
3650
4792
2117
2760
2532
1578
79
33
3294
1249
724
1341
1483
2774
4996
1488
4716
3962
1887
1416
2629
3093
2693
4180
1246
684
3234
2617
1235
3708
2824
975
2437
3699
3921
3732
1490
507
3912
4548
2692
611
2823
4071
1532
3516
5307
2913
3614
3083
165
636
1987
4119
209
1006
5197
3799
174
1134
3391
3942
3220
1935
144
4049
2032
3056
3186
3684
1952
2383
4989
1466
1986
5043
831
4959
2815
2600
1388
2394
2788
2784
2388
2048
4082
4981
3382
3380
1967
734
4521
3881
2050
3488
830
5045
2855
977
464
94
114
1499
4808
1472
2672
3336
2024
1970
2034
5046
421
1683
895
5048
1750
3657
1051
2314
1274
2004
1271
3281
4769
4399
3898
3009
2836
4584
639
543
3329
5168
4169
4755
3257
2502
3636
4029
4741
4109
3587
1000
176
5309
320
1922
3952
3835
4542
4406
3271
601
3091
1539
991
1564
739
2332
4642
5156
546
3053
4355
3261
2066
3639
3576
660
686
1177
233
3865
4712
5054
1965
849
1256
370
314
1293
839
431
3065
2749
112
1021
2396
2191
3327
2527
1386
1390
312
313
4232
1383
1571
2272
1202
853
2380
142
2052
1932
940
1825
4884
1145
2291
1379
4887
3735
4207
1856
3503
1255
1907
5083
580
4281
360
5148
3634
1768
579
492
928
4801
3548
3609
4036
5198
4561
4812
2464
3967
266
3129
4565
4073
4045
5034
2104
4053
4624
3120
12
2088
3049
4171
2777
3804
4798
4763
835
4387
3551
2404
2590
2807
2124
2691
4590
3903
4999
4188
1224
2415
3949
647
1193
3128
481
4689
4048
3023
2822
3808
4566
3885
1962
1618
5129
4290
4282
380
1022
68
2506
4133
164
1953
3697
149
158
2730
630
2458
4396
2433
2256
4099
1237
2165
1439
2303
2443
1889
3648
1327
3542
2583
3293
194
2832
5094
2049
2311
2313
2284
992
290
14
941
1524
2080
970
116
5257
2376
1918
1622
4170
1148
1050
3743
175
3567
566
393
1356
1032
3594
1357
4416
3557
383
4707
654
5155
4581
511
4676
3658
3275
1288
1835
3570
896
4604
1334
3900
4744
4628
3313
1286
4968
2978
5078
1457
452
3877
4938
1348
627
1206
3547
4402
2845
1374
2078
1153
3615
379
2100
3800
931
2194
1991
5027
2783
3342
1946
1981
55
2765
1858
1226
1894
1862
1211
859
4117
1861
1741
2934
4014
3022
2451
1110
3008
1573
633
2025
5104
576
1904
4899
948
958
5163
604
2121
3951
2648
2940
4993
3707
1977
3230
4802
5164
1985
5143
2661
5171
2503
1895
1229
213
3489
3318
244
1789
1706
2514
5205
2768
3757
759
1666
2324
2486
1759
4421
4380
2865
5204
1665
787
2511
1832
3102
3402
3753
794
4335
4929
1731
1705
2330
4828
3483
250
223
212
4329
4137
4951
2989
3403
4426
5221
5235
4126
2902
3772
3778
2866
3447
3453
3370
2483
4871
4326
4272
4278
4271
1620
1634
1760
1749
4839
3055
2593
4473
4476
2564
2268
4875
4844
4840
2561
4491
4833
4342
1838
2210
3475
1125
1736
4836
2274
1698
220
5000
496
4867
2551
755
4834
3669
4920
2567
1821
780
3662
3674
4864
4827
4287
4870
1142
4068
2174
2858
2337
832
824
499
4244
1562
809
3493
4613
938
2352
5031
4800
2953
4838
2301
166
2298
4955
3544
307
536
3626
2780
2409
445
2310
3272
3884
4461
4963
3688
3535
4164
837
2695
4357
827
3848
2933
64
3496
4003
189
1600
3631
529
4006
3269
1757
3776
2299
1330
5247
1326
752
2425
4638
4312
1552
3468
2181
2204
935
4298
3407
729
3237
5240
5092
3440
3443
3446
5008
3390
2475
4031
1526
3439
1641
4686
3700
3298
4307
2216
1353
2820
1078
2482
2207
1400
106
2879
3308
4340
1629
3451
5246
3980
4371
3432
4863
2222
5193
5248
4289
1805
4302
1697
3108
2215
2224
2562
3412
4861
3457
2916
4862
1840
4322
4650
3456
3450
2217
4655
1550
4446
4874
2686
4367
1133
1700
2218
4069
126
1392
5020
245
238
4690
216
228
5014
4382
3970
3459
769
3297
812
3430
3426
3431
1554
1794
3045
2211
1553
129
793
2608
762
4518
5243
5222
4479
1091
4460
4093
744
743
4118
2226
528
4536
3466
3473
4032
4470
3665
4318
5227
2221
4211
485
1972
2035
2261
1646
4347
2579
1675
2759
3460
5266
2882
20
5275
3251
1667
3277
1138
2597
2566
4428
1848
4499
3429
4284
5223
5236
2212
4291
2553
5228
2898
1314
731
4641
1394
1664
2572
1728
2819
3135
3058
484
3142
1779
750
3084
3109
3437
97
4313
801
5284
4054
4487
4466
2633
3852
1959
986
2177
501
4398
4303
4718
4681
3130
2201
4283
4383
3110
4136
4551
3472
1696
219
712
4258
3599
4055
4467
5231
2604
1137
3495
4286
1689
2474
147
1636
2253
3317
1173
1743
595
3361
1296
4527
4501
5125
4094
23
4304
3004
1447
4144
1617
1147
3825
4285
44
2809
5211
2681
4079
4295
1837
4333
4010
3479
363
786
1290
3448
3039
2611
645
1850
4067
113
3289
4323
1068
1056
5256
3464
3442
4124
1432
2628
155
1901
4453
4021
1758
467
756
760
3500
513
4553
985
249
3774
2627
4471
3406
927
3029
4777
5252
3946
1398
3585
2213
229
5080
745
3052
357
4325
695
3077
3777
4034
1668
3463
3469
1019
235
1549
2252
1817
1163
1682
1336
1763
2205
5213
1778
2214
505
3972
1381
4338
778
4508
2206
1060
943
1410
3957
913
688
4977
3455
76
4400
4038
1319
1795
3268
584
345
5226
840
713
2643
3388
243
1597
1610
3121
3420
2236
325
110
4404
790
4865
4106
4824
3933
3513
2874
4177
1346
657
3401
4472
5217
95
1693
3934
4220
486
214
4982
4918
1961
5030
3245
4457
4215
1602
3801
998
4050
227
2544
4539
1722
953
4966
2230
1543
5110
4706
904
841
661
711
2410
2259
1663
2701
2430
4529
4830
2584
4934
4675
78
2480
2246
5023
4080
4730
4238
3792
1345
4967
4201
1567
2666
2599
966
1572
5076
1828
1402
795
24
19
3467
1621
3861
1377
5312
5237
3926
3344
1800
3660
81
4345
4294
3290
2223
4463
3907
2925
2897
3812
2924
135
5091
1307
4515
753
3916
4631
2794
5079
4632
3701
1662
1676
490
4276
2751
4254
3917
2736
681
4123
2144
1867
990
2478
4603
3597
4572
2605
5099
1790
2891
3263
1951
866
2853
3814
4193
2027
2151
2163
2126
3562
3213
4039
2595
1979
1227
3780
1027
1241
4356
4761
45
1471
4746
3191
3558
3964
4643
577
3018
4431
2030
4353
4062
231
4128
1494
5090
600
2894
2602
3642
2203
4384
2493
3148
1769
4736
3769
2557
3373
1745
3138
3720
148
585
1897
4299
2209
3288
1058
1081
4597
3160
4449
3144
3076
5294
714
1699
2166
3156
3302
4026
5107
1756
26
3171
2928
82
4646
4915
232
2461
2647
3673
4452
3158
3137
2970
3425
25
3773
2435
1721
1008
1792
978
3565
4017
185
1660
4550
4086
1170
2744
4715
4422
2779
2183
3427
2393
1650
2265
4198
4856
4873
4395
2249
1673
4680
4639
3114
4022
984
2262
4239
2880
1688
1723
1718
1787
1725
811
5306
1132
962
3419
5311
4253
606
1826
4691
3364
2651
1477
3115
2752
2182
1739
1824
5005
944
4246
3200
3371
1827
1396
1375
462
3461
2197
3851
3411
4381
728
5304
2682
4081
3906
1831
2737
2926
39
460
3090
4257
4429
51
1456
996
252
912
3502
1692
3438
1869
803
5230
4970
4107
3418
4277
3141
2552
2543
1428
4341
5127
2275
3384
40
3476
1844
768
5100
1845
1719
3111
262
1914
2917
3920
3929
2876
2170
5320
3474
3273
4255
2623
1399
4331
4439
4389
772
4218
2466
4507
2585
3499
4480
1690
817
3484
2339
3740
4376
3492
2785
4944
1772
3742
3374
751
5123
2893
2721
575
1781
4373
705
4961
4265
3736
1695
1740
1823
1919
3405
3408
781
2886
4661
3164
2545
3918
3656
4319
2971
437
5184
717
1753
3410
3925
1123
497
2577
4092
3844
408
1920
4442
4268
2573
567
4656
4517
4372
4273
572
3679
2366
1615
4447
2892
4500
18
746
1729
765
1080
2803
1948
4696
2575
5186
4488
3896
27
4314
4129
3928
1589
1551
4547
4475
4857
764
2718
3914
1480
2912
2363
2357
1459
1815
5254
2227
4872
1829
2277
2009
4308
2698
3895
4699
4877
1843
5138
5218
4374
4315
3481
4424
438
4393
2674
3398
1851
588
4192
3919
4901
4293
1776
2534
774
4645
4306
2487
4235
4263
4311
1644
2229
4876
3973
4332
4985
4247
3107
4908
1890
5134
4413
2484
1771
3947
4328
3123
3067
4866
1368
4112
4262
4497
2107
1672
766
3640
3074
87
123
863
4377
1429
4454
773
5117
217
2016
42
350
3643
2220
4098
3870
4477
1674
1813
1908
4233
4243
4264
4266
3413
4248
4316
4309
171
4310
2703
5202
2071
5283
2761
2791
4855
2171
4237
1185
2574
3582
5234
4222
1841
4221
4155
4365
3434
607
2228
2747
4831
1601
2699
329
1814
4621
3574
1003
1788
754
1842
4601
1128
2040
2414
4330
4490
1995
3078
100
1808
4279
4301
4261
4324
3404
4252
3372
1012
4230
2947
4267
3394
3494
3485
1656
4474
4249
1566
4231
4224
4256
3969
3379
4843
993
1773
2044
1172
4186
1624
101
1082
4511
4375
4483
1924
4455
1712
1929
4570
3019
5249
417
2918
2058
4225
609
4652
4223
874
2046
3259
1852
4229
4292
4242
4275
3400
4270
3480
5210
4274
4251
4280
3458
4245
3395
3478
3470
1694
4869
1830
1874
4260
1720
2043
3971
4179
5224
3428
3369
1833
4928
857
4269
1186
4906
4407
5157
4837
4436
2754
2485
554
5280
939
2936
3670
2141
2653
3452
2031
2440
3759
4450
737
3504
3509
3487
3449
3491
3397
3497
3501
3471
2064
3767
4489
3399
5219
4390
4909
2719
1106
3498
2176
3444
4348
1836
4111
707
4611
4030
3512
3824
4214
800
806
1411
1670
5137
2001
747
5111
413
4100
3250
406
1626
1810
3414
5089
4410
1519
2189
2688
3295
1780
3641
4964
2150
3378
5025
5203
2716
4339
4849
3209
4366
3435
3510
4506
4175
5141
4417
3396
1190
4057
3533
1606
3994
3357
1755
2019
5053
5162
3638
1200
5220
3325
3846
5052
4440
4494
2782
2369
2335
3211
3152
788
2087
1557
748
2225
2930
1166
205
4674
3765
4878
1435
3068
4482
5135
4881
4911
4980
1710
3847
3827
5245
989
1603
4618
4085
5063
5013
1430
2095
4562
5289
4358
1803
3857
197
5064
49
1738
3248
253
2536
2140
5133
5151
4370
2017
498
2762
3356
4493
875
3763
1258
3837
3635
4495
1849
433
4504
2318
767
2187
955
3506
3178
5072
2015
4913
4091
5075
4462
3713
115
1711
1834
3724
5144
425
4208
1713
4564
48
4979
5303
2687
7
5314
3367
3842
3843
4317
1775
3633
4969
3359
5288
4543
4368
3326
3616
5187
3508
3923
3826
5150
4456
5233
2523
4234
2995
2854
434
2179
1942
4502
905
1318
4394
3368
4924
4210
4120
47
2155
4900
4935
4946
3423
46
2023
5251
3507
3365
3350
5126
1171
4498
2169
3389
5145
3911
4391
2047
2130
4385
4216
4910
3899
3462
4503
1881
2026
1703
4478
3409
4554
1940
4236
2746
3651
2094
4612
2680
926
1072
1701
1941
3490
5229
5105
5004
5300
1658
3417
1847
2280
5071
50
2156
1196
1221
1704
22
4948
2110
4360
1799
2638
4481
3377
4484
4665
17
2159
2086
4904
4879
2142
3874
4217
4513
2161
4505
4259
813
3358
2011
1875
5011
5019
1169
2018
4648
3924
2702
29
2750
3930
2644
2147
3048
2005
4936
3291
2113
2153
2118
21
2077
2038
2123
1925
2128
4903
4937
1846
2112
1205
2072
4213
1870
4947
5206
1184
4974
2164
2102
4926
1868
2202
1982
4344
2033
3486
1702
4250
2042
4914
4925
2133
4892
810
3883
4359
4859
2099
1947
2162
4519
1707
2802
1822
4956
5308
2548
1816
2817
2070
2131
2085
2059
2154
2122
2157
2127
2148
1708
1873
2137
2143
1872
2139
2036
2132
2119
2138
2152
2172
2111
1876
2149
1871
2160
1853
2129
2045
2073
4227
1855
2158
4952
4927
1943
4995
2109
2168
4240
4902
2079
2116
2167
2103
1854
1782
4939
1878
1182
1220
1879
4209
1203
2002
1980
1023
1055
1041
749
1931
1958
1197
1189
1054
2105
1930
36
2028
3375
2067
3376
871
2091
974
16
5058
1989
2198
43
1077
2115
930
5066
5060
2546
5095
2632
4953
4976
5119
4336
5124
2808
4241
2568
3477
861
3454
2098
2739
791
4657
1216
2039
5286
2053
2060
1204
1968
1971
1167
860
2041
1183
1786
1915
1210
5106
2029
2012
2037
2188
1209
2184
1198
2106
1988
2173
2175
1791
2092
1990
4895
870
5154
2547
2186
1088
2061
2090
2068
2178
2022
1215
2549
5093
1761
4975
1880
1217
807
1999
5059
2083
5085
4709
2740
3324
1188
1181
2075
1199
2074
1165
1168
1891
2082
1164
2069
2063
901
1065
2010
2180
2013
2125
872
1228
2081
882
876
1042
980
1993
1916
5055
1983
1882
988
2093
5065
5056
942
873
878
1038
2558
5147
1804
879
1020
884
5096
1213
2563
785
3393
3515
4957
858
1195
906
916
957
929
1973
2057
2056
917
2000
1900
1996
1964
4
1921
1899
709
1960
710
1859
2065
1886
1969
902
2062
886
1233
1039
1090
1950
936
2554
877
783
1902
892
2616
4894
5086
2565
2003
4984
2624
1272
1098
1024
1162
4526
5007
5009
1059
75
4524
4893
1180
2055
1160
1905
1944
1933
1955
1976
1936
1893
1885
1906
1865
1975
1957
1923
932
964
1934
1928
1864
1945
1884
1939
1974
1937
1912
1927
1954
1938
922
1069
1911
1097
1913
954
1917
1073
1860
1863
708
907
4636
1089
5039
1212
1175
1926
1520
856
1099
2816
1263
1984
921
893
855
4525
663
1043
2742
1747
908
706
965
4933
4960
1244
4991
4516
4917
4950
971
973
680
4337
2190
1819
4846
4943
796
4958
5109
2610
5102
1542
4682
4346
3560
1809
5010
797
4451
2578
3819
1294
5068
4941
641
3511
41
5291
4411
2690
4363
1174
4932
2741
4983
4942
2285
4931
4922
4949
4923
4907
4994
4916
5017
5015
2714
2609
1896
3853
2615
1888
2775
2738
1201
919
4882
1025
689
1280
4587
614
4890
2799
676
3828
4826
2630
5035
2814
2689
615
3366
3695
4653
1102
2614
4883
2896
4986
4397
4845
2677
1797
5215
4945
4580
2805
4998
4988
4860
4990
685
4889
4868
2848
4880
2818
2786
5003
2735
2594
3539
5292
4468
3823
3822
1259
673
4662
4622
2576
3505
2601
819
854
5293
4567
2640
4817
4654
4510
2771
3589
5315
5259
2770
2706
2555
4219
4825
28
589
2717
4735
2639
4962
4415
4971
4569
4555
4605
3841
5022
2797
3873
2800
5012
5029
3818
2715
4684
3882
3876
4640
4459
2812
4552
4520
4785
2793
4514
3902
3663
2631
3532
4512
693
4364
3858
2705
2675
5024
4528
4509
5242
2712
4465
2856
1248
4485
3829
4997
2903
4694
4388
4629
3867
4978
4537
644
3860
4568
4576
4386
3872
5018
3733
4540
4669
4448
4492
3678
2704
3875
4432
3871
3856
5040
2811
5038
4496
4583
3654
4695
4607
3840
4464
3838
2857
2870
4585
3540
2700
2796
5036
3880
4469
2694
2798
3714
3890
4850
3556
3534
4573
5265
2813
4626
3545
5026
2670
5028
3541
3671
2810
3537
4438
4571
4697
4556
3706
3862
2801
4610
4369
2676
3850
3859
2781
4852
4848
2753
3661
3725
3680
3664
3546
4615
5279
4649
4582
4594
4634
5264
4592
4842
4683
4841
4703
4559
3668
4693
2923
4637
2790
4600
5273
4591
4608
4659
5287
4595
2885
4664
5298
4688
4558
3817
4544
4627
4574
4617
4616
4593
4588
4545
4578
4546
4602
4630
4560
4633
4579
4599
4609
3543
2868
4672
4668
2864
4663
4658
4660
4670
4704
4644
4835
4671
4851
2720
4635
4853
4854
2869
4711
2909
3536
4666
4523
2789
3628
4677
4679
2745
2776
2678
2873
4832
4702
4673
4667
4710
4362
4705
4734
2878
4713
5278
3555
4747
4361
3667
5272
4401
3676
5316
4726
5207
4443
4538
4534
4722
2763
4692
2772
5319
3554
5299
2755
5214
5290
3655
2787
2899
2778
2889
2709
2679
4721
2806
3561
3588
4700
5310
4531
5295
5321
2804
4762
2662
4532
2861
3553
4725
4714
4745
4727
4742
4533
4758
4708
4737
4754
4535
4773
2908
4749
5313
4733
4698
3646
2685
4768
2724
5255
4354
3647
4563
4797
5302
3696
4954
5037
3598
3608
2769
3845
4300
2723
3550
2910
5317
4405
4774
4815
4720
4751
3889
2764
4752
5232
5158
4764
4414
2890
4753
4767
4782
4772
4750
4771
4760
4781
4719
4822
4458
4717
4788
4731
4811
4732
4350
4403
4776
4829
2684
4821
2859
4818
5016
3927
71
2941
5001
2937
3630
4972
2683
5318
4759
4789
2748
4992
4791
5021
2668
4418
5179
3734
3866
5225
4441
4987
4891
3716
3600
3387
3901
4724
4748
4796
4779
4799
4739
4805
4738
4786
4766
4809
4740
4787
4819
4780
4756
4743
4823
4770
2711
2710
4775
4757
4793
4820
2713
2707
4790
2708
4804
4803
4765
4810
4795
4807
4778
4816
4814
4813
2887
2942
3746
4435
3910
3525
5260
3764
3726
3748
2260
4430
5322
2733
3702
3755
3681
3752
3741
3893
3768
3922
3527
4419
3894
3703
2938
3909
3089
5160
3645
3905
3241
5097
3244
3620
3931
3878
2871
4392
3652
4196
3583
2722
3761
3566
1009
3240
4434
3528
1014
3943
3592
3433
2758
2932
3126
3908
2725
5170
2734
5196
3629
5006
596
3687
5115
3756
3531
3683
3564
3579
3770
3529
3727
3698
3715
5192
4185
3685
3937
4152
3611
3572
3580
3563
4141
3243
3887
5077
5188
4168
3242
2939
4425
5084
247
3794
5140
3258
3956
5178
2948
3832
4898
3254
2904
3307
671
674
3988
3530
3421
5241
3312
3591
3127
3526
4589
5324
3775
3619
3590
3573
3571
3613
4423
3749
4165
3280
3622
3940
3264
4190
4598
5276
3854
3627
3524
3941
3760
3879
3284
3332
5182
3958
3745
5261
5269
4160
4420
4194
3274
3333
3722
3723
2977
4027
5057
5285
3339
5108
3353
3869
4095
3602
4066
3954
2618
3686
3292
3637
3100
3855
3229
3310
3938
3936
3945
4412
4199
3830
3831
4349
3256
4352
5098
5180
3932
5175
3278
3286
3935
3939
3283
3276
3265
3215
5167
4070
3304
3950
3345
5194
3787
5174
3785
3266
3705
5087
3944
4187
3781
3868
3913
3322
3080
5131
3762
3270
3751
3718
5114
3991
3960
4197
3222
3223
3219
3221
3224
3228
3262
3955
3282
3267
3227
3279
3226
3311
3303
3260
3301
3323
3330
3315
3300
3319
3225
3335
3340
4159
5169
3306
3249
3309
4161
4075
3331
5128
3347
3346
3285
5101
4549
3352
3694
3959
3719
3216
3788
3316
4125
2975
4051
5199
4134
3341
3348
3299
3328
4445
3296
5305
3984
3978
3992
5297
4116
3783
2981
4150
4103
5112
5132
3771
4173
4065
3712
3758
4191
3601
4203
3520
3586
3977
4149
3729
3355
3653
5121
4127
3349
3103
3754
3692
3360
5258
3766
3235
3038
4090
3986
5130
3779
3386
5244
4130
3739
5139
3147
5081
5136
3982
5146
3231
2667
5238
3807
5120
3997
5250
3214
5239
3381
3112
3793
3750
5270
5113
3798
3795
3125
3253
4089
5152
3786
3784
3747
3351
3803
3730
3252
2982
3974
3979
5149
4087
4002
5262
4101
5176
3155
3990
5153
5281
3145
5208
4113
3693
3239
5274
2669
3354
5118
3983
3998
3744
3987
3105
5253
3790
3797
5263
3810
3422
3094
3415
4008
3989
3106
5103
3255
3995
3596
3424
3362
4102
3985
5122
3163
3996
5082
3993
2984
4108
2727
4016
2726
4888
5267
4114
4147
3232
5062
5069
4156
3104
4035
3738
2983
4096
4000
4024
4163
4004
3416
3116
3521
4174
5209
2985
5216
3806
5074
4001
3363
3132
3124
4176
3999
5181
4146
4115
4018
4011
4886
4184
3117
2987
4007
3140
4121
4059
4020
3096
3802
4151
4157
4033
5061
4167
3134
2986
4885
3711
4131
3085
3154
2757
4013
4009
4142
2732
3066
2988
4195
3060
3131
4140
3047
3057
2976
3167
4015
4189
4041
3073
4060
3118
5195
4043
3172
3632
3182
4056
4042
4046
4044
3966
4040
4047
3166
3204
3044
2875
3037
3028
5050
4058
3001
2795
4088
3072
2877
3099
4037
2731
3113
2756
3143
3965
5051
3176
3519
4025
2844
2851
2980
2951
2392
5049
4178
3161
4122
3174
3157
2931
3177
4145
4206
3006
3136
2664
2860
3568
3005
3210
3151
2963
2961
3003
2922
2945
4204
5041
2990
2849
3196
2960
2862
3612
2966
204
3811
3180
3813
281
3212
3208
2991
2962
2767
3071
3122
4205
3603
2999
98
2994
66
2979
3192
3181
3046
4061
2957
3007
2992
3207
2967
2968
3195
2993
3198
3011
2965
3189
3165
2969
3002
3193
3175
3021
3184
3202
3012
3199
3187
3194
3173
3190
3027
3205
3203
3201
2959
2964
3041
3170
3185
3051
2998
3963
3179
3034
3043
2883
3016
2872
4063
3385
3064
2949
2850
2830
3000
2847
3206
3086
2834
3518
2901
3013
3082
2831
3030
3063
2852
2835
3070
3517
2950
2944
3024
2884
2863
2907
3079
2825
3015
3062
3569
3623
258
3649
3075
3604
4023
120
3014
2867
2915
2842
3081
3017
2827
2946
275
1397
2943
221
3035
449
62
264
2766
2888
2958
2826
389
447
979
2900
265
259
2881
2828
2911
2906
2843
2840
276
224
56
206
215
2833
2663
914
59
260
263
3625
107
274
969
109
443
269
950
2829
995
57
662
2895
2792
2927
270
450
2375
1555
798
602
207
241
1066
784
789
198
80
692
2626
733
351
652
280
58
61
999
60
272
284
997
282
108
96
117
2929
2839
156
285
222
883
188
122
268
132
2841
256
1015
279
1018
620
236
203
157
230
440
200
423
683
145
2743
842
690
598
267
273
2231
251
196
153
2349
2569
1243
199
656
93
159
1005
160
1002
1004
202
254
77
972
190
102
994
2921
89
195
105
2914
9
137
1010
186
218
65
864
1011
53
54
86
88
277
2320
133
961
127
170
150
161
92
121
187
136
3069
134
2307
286
90
1305
246
225
152
84
234
2199
1016
154
63
208
862
193
211
1001
865
139
1017
0
2200
2193
118
1013
2195
30
2192
52
2364
128
34
130
35
124
13
869
868
2306
11
867
983
140
2196
131
141
143
968
987
138
226
2372
151
146
119
382
99
952
32
976
6
2319
2358
5002
10
125
2312
2300
72
2296
2348
1316
261
31
168
257
2305
248
2293
167
172
1616
2919
201
2317
255
2353
2560
173
2385
73
289
694
210
597
1306
967
2329
2250
1337
2571
2343
2323
664
679
1028
293
1820
2635
667
959
981
283
343
665
416
240
409
2347
169
1594
397
1
2251
192
399
1548
1661
2581
1427
669
2641
1654
1655
1431
1452
1467
5201
2248
2288
718
1313
419
963
573
2258
2589
521
655
504
1115
815
889
2264
1264
1265
1436
2621
2636
1393
2276
432
1310
476
761
799
1324
771
2328
2336
2342
1547
2292
2325
2273
1469
426
742
2371
833
823
2304
816
2283
845
398
890
2295
2341
727
4921
888
808
2491
2591
568
828
1442
2586
1242
1339
805
2377
2559
923
818
599
411
949
2622
829
730
1297
920
407
402
1270
328
1278
2588
960
2334
2362
2374
2356
2368
2346
2360
2728
2582
1451
2255
2340
720
342
1344
844
821
1445
779
820
2361
2331
668
1421
1724
682
670
777
2587
1558
2580
678
677
424
716
1717
1516
770
836
1250
650
1687
2403
1559
2646
2398
387
1476
427
523
1611
512
1784
2359
2333
776
2379
2282
603
1681
826
2316
332
782
2322
2598
822
1338
2381
1325
1461
85
719
775
618
834
1317
628
2634
294
757
1332
67
2286
2327
1752
482
2326
2612
1575
2321
732
1737
510
704
1484
687
2290
1493
1253
373
847
2556
2592
642
1191
2596
1331
2378
1424
1343
698
700
2406
2407
587
2289
2245
1541
352
703
1796
632
2603
1289
326
586
1315
631
702
2389
2266
2302
1257
2400
1328
341
1251
1285
91
1807
2494
2355
2607
2431
621
1262
1312
696
2287
2270
298
659
1323
2645
1446
2279
910
2281
2294
2243
2297
2257
1540
2397
2263
697
1679
2244
946
1329
2416
2345
1685
1269
1273
184
1254
2657
701
2271
571
1877
605
898
364
1556
1812
1151
1261
691
574
1734
638
2402
675
637
2354
1267
672
1506
1777
2649
653
1560
1322
1802
1449
1156
191
1678
1277
1726
634
646
651
649
1751
1247
1225
1677
582
625
590
591
1732
1686
2642
624
1298
899
593
1680
1565
2660
1333
1279
617
1604
570
619
1766
635
1340
629
1798
1282
715
1300
2247
1470
1785
1515
1245
640
2344
2373
1464
1530
446
658
1608
1892
1770
583
608
1783
1234
1764
578
2659
1742
1903
1767
1230
610
1268
8
1733
581
1192
612
1423
1523
1287
1321
1284
1422
1762
2570
1460
444
2308
1462
442
1474
2338
1409
414
2637
1475
2254
1735
2439
1178
1448
2422
1140
327
181
1509
2235
1412
726
1529
2955
2468
2315
1517
1533
1512
1407
2531
1522
2524
1408
2429
439
2239
1502
392
1443
1309
2240
2418
2453
2550
412
1304
2370
613
699
1350
1406
1465
2238
1045
1440
2529
522
1510
420
1364
2234
1450
410
2417
2521
934
362
2419
2537
1441
1458
1511
2533
2232
2505
2497
1260
3
1492
1514
2459
1414
1518
2535
1505
1413
1497
2237
1513
2233
1500
2401
2365
1455
1508
2434
2413
2504
2241
1504
1525
2408
2525
2520
2507
2488
1425
2498
2423
2489
317
2447
2526
2477
2452
2473
2495
1283
2457
2448
1252
2470
356
163
2539
1308
1420
316
353
1349
758
2501
2471
2479
2428
2445
2438
2436
2499
2455
2469
2441
2481
2465
2411
318
2432
2456
2450
2421
1415
2462
2449
2399
2472
2446
2424
2426
2420
1433
2442
2500
319
2463
400
2492
1536
344
1361
1473
331
394
1501
491
549
509
1535
1365
1311
1301
1405
1154
330
1363
1352
1354
1158
386
1404
295
947
1358
1403
1537
401
2538
1478
1302
1382
309
479
454
1275
520
375
1143
487
466
315
297
503
1401
1370
1351
1292
477
1359
1342
404
532
937
349
540
372
475
1299
1112
453
296
461
909
310
1395
1568
894
1044
418
1362
1367
495
1378
1360
1372
361
1369
534
1376
390
459
1371
1373
525
526
1366
524
1387
502
299
478
354
544
531
2619
897
553
468
1391
300
1141
846
474
311
395
1380
381
1103
2
489
1116
1152
472
494
470
515
471
1384
1052
1118
483
1093
538
539
469
530
535
385
527
533
1281
506
473
488
384
458
1026
541
514
1266
396
517
301
1150
519
1108
518
924
545
1079
465
493
374
335
1126
552
305
1291
848
564
537
1587
336
340
563
1107
346
5
565
548
1295
851
455
562
302
334
306
558
557
339
347
559
560
304
333
561
556
551
550
303
324
338
337
323
555
348
850
1119
1035
1120
1130
1127
1144
480
1076
1075
1096
1070
1092
1033
1084
1047
1074
1124
1117
1146
463
1094
1105
1034
1048
1064
1100
1063
1067
1071
1109
1136
1053
1114
1049
1087
1122
1062
1083
1129
1085
1086
1104
1111
1135
1113
1121
1101
1131
1095
1599
1563
735
1577
1579
1545
1605
1630
1544
1635
1586
814
1580
1637
1607
1595
1613
1625
1642
74
1588
1645
1651
741
740
1657
1633
1614
1596
1623
838
738
1546
1576
1561
736
1631
1583
1570
1632
1590
1584
1647
1592
1619
1639
1653
1574
1638
1659
1640
1652
1643
1628
1582
1585
1648
1649
1581
