383
2552
1546
480
370
382
434
313
2549
5147
482
315
512
514
2539
2430
2246
5034
362
1541
1552
1059
312
2533
513
519
1550
339
1514
381
2338
179
1732
1523
1477
1438
1525
3967
3141
396
2537
369
2551
1526
436
344
481
3999
2529
435
394
543
3585
3023
3994
3148
2998
3527
4074
4976
2979
3033
4848
3152
5000
3022
4013
3806
3710
457
2997
4601
3812
3709
3121
3115
3092
3573
3602
3133
1303
2400
3989
91
1312
1159
79
1981
3969
1050
2476
4568
4577
1049
3091
4999
487
1475
3107
5128
1403
65
1363
2446
3243
352
578
2312
1406
1690
256
1174
3831
1168
178
1463
33
1489
1454
2448
428
5143
501
531
3237
2842
2367
263
184
552
395
2321
619
5149
515
4850
4102
1272
918
462
4533
2368
118
1027
495
4126
4179
5121
1535
1362
4151
1972
2322
1322
910
529
4949
4525
3047
3588
4580
3860
1046
1045
2933
3015
950
5145
602
3169
3730
2371
2758
4526
1089
3809
3584
3837
4616
3108
3997
3277
237
3174
3011
1047
3203
3852
350
5151
604
3567
5003
81
2938
1754
1211
3061
3201
1519
2838
3177
1520
1157
2996
4136
3968
2553
5001
2247
1355
447
5002
510
2731
267
323
1167
4233
1370
438
1402
5090
1532
682
384
2455
5032
1305
4937
2530
2410
5023
534
1894
432
3952
5024
1501
1369
5123
4103
577
2243
94
2468
3717
654
1248
5130
66
618
1285
1323
67
3962
673
4119
3861
1321
952
1911
3895
4610
2963
3864
1053
4051
3128
1940
954
2836
3000
4607
3746
1203
192
4620
1091
4044
1063
2961
4990
3857
270
1932
3050
2519
3036
3098
948
4576
2894
3970
2791
2745
903
2935
868
255
3526
3888
3744
4170
405
941
4138
3722
105
1458
956
393
4883
2413
4518
316
2065
2358
530
5011
1051
1161
2402
477
3873
2254
4199
3595
5101
1757
359
4696
5035
3689
4939
3114
1309
1307
372
2149
4079
2437
3575
4342
488
2198
603
3138
5006
1452
5082
1095
2414
3598
3882
1969
2511
2399
3259
532
469
2347
1955
486
2980
4050
278
1864
3127
1529
98
1983
4069
2770
2138
3329
4919
115
1576
3528
422
3906
4184
3069
3176
4992
1486
3154
1462
3916
1225
3694
3307
2939
4177
4565
3817
1573
646
1216
5131
2959
441
644
2926
5133
1904
3012
3555
4586
3516
1439
4589
443
299
2134
1391
565
965
1195
1396
1163
3636
2501
953
1319
3415
1975
1398
1028
2326
3704
2355
2954
3705
3606
934
56
32
2424
1273
961
5132
524
1928
3782
1786
1492
710
5013
454
1265
1404
2485
2364
1364
1246
4861
109
588
2428
1954
343
1104
3566
2488
3733
517
2061
3313
3985
4731
3032
2765
960
2150
660
5146
3054
3326
902
1879
4594
3678
5062
4499
2105
240
2002
3122
5152
4603
2702
3162
4163
4657
3501
2828
3044
2956
3553
5091
3879
1863
4055
423
371
3810
5055
433
877
2694
413
2774
2780
5111
2008
3289
293
4933
1292
2452
1149
729
2369
1747
635
2596
374
3963
2277
1048
3814
627
1472
450
3688
3525
1522
4847
523
2299
1436
1154
509
1291
2522
342
1240
1965
2595
478
3929
439
2665
623
3236
3911
3099
2
3331
2346
1947
3875
1428
611
2363
31
4852
104
1162
5114
3186
4022
1004
892
891
2016
3474
4755
3971
2202
4513
3041
3801
2806
2026
4140
1916
294
262
4710
3639
2904
1019
1245
2203
1905
3090
108
3605
1127
162
2761
3862
3521
3170
3617
4579
258
1252
2929
1394
1970
1560
1691
2029
2447
3838
3245
4745
3206
3123
248
4279
745
1357
2112
2848
4849
1575
363
1770
4258
4267
506
642
3376
341
3796
3980
2245
2669
2100
5043
3623
4161
3581
4997
878
1052
5093
183
525
1537
437
4599
2062
3596
3729
972
5059
4344
1510
3269
3790
5117
1170
427
4514
2629
3034
1557
540
3325
867
1243
2815
4048
2622
3679
2532
2329
1944
4142
3297
590
3939
1934
2498
3042
172
634
4950
4010
3
4534
3230
3541
3945
2543
46
142
2316
2536
983
4003
3030
1979
2497
1281
2545
126
1451
387
2869
1927
3713
2843
582
86
3813
3947
3593
1142
3913
4056
2370
4230
3557
4722
4538
4544
5223
5007
4547
4517
3804
3610
1693
951
3840
2610
5268
3171
4739
3145
943
929
3578
3503
3026
1950
962
904
1128
358
1694
957
897
2993
5110
2840
3565
2717
1066
3843
3736
1583
3523
3509
1325
3706
452
4853
1231
1536
3199
678
2365
130
154
4956
2782
2004
194
2037
1985
630
846
4034
4094
2975
1306
659
85
2019
4998
2957
5044
1241
643
564
340
848
164
1013
2043
2808
677
3327
1082
113
173
4996
408
2833
200
2403
470
658
2409
522
247
4978
4137
2154
174
1986
4192
1282
1064
3727
3787
3870
4201
1202
4757
1084
4354
4572
1379
1158
3392
4587
3737
3330
3740
5203
4751
3366
3735
3904
3272
4701
1952
3332
5036
112
2113
2995
2469
869
1179
3229
3580
3631
2526
3960
4604
3290
3716
5138
4920
3773
4869
2607
3175
5097
5127
1361
1937
4744
4555
2691
4237
5158
4287
2701
4285
1686
4317
4433
1708
709
4394
4813
2318
4365
3426
3425
4178
797
3471
1856
2215
4133
4495
4761
1679
1710
4335
2220
4358
2221
1572
3416
4065
2704
1634
1852
1854
4598
4464
1641
1630
5209
4836
4873
4443
4374
5166
5159
1571
4309
4471
569
748
2547
746
292
834
2785
2834
1138
533
1577
2832
3001
2905
6
177
2677
3987
4040
1177
1586
4973
1210
3597
2952
575
180
3008
271
853
3027
4052
334
1444
2463
4623
2380
3125
314
3120
3263
2874
266
430
3020
750
324
3088
3037
1618
5033
2976
4246
4320
3404
4359
4330
4326
790
2343
781
780
1652
4266
1857
4393
4842
3449
3418
806
3461
4340
3360
787
4459
1860
1781
755
754
1859
1997
1861
793
798
2331
820
2282
39
791
4635
5184
4062
2183
5241
4334
2192
2191
799
4827
4833
4930
1330
1984
4382
3972
3118
4322
4061
4256
4806
4448
4275
5178
5188
5200
5191
2218
4264
3550
4769
5216
4263
5168
4148
4831
1661
1654
1646
4363
4840
5254
3292
4434
4403
4830
2219
4341
4362
703
1495
2175
2879
4835
1622
1636
2092
2612
3846
708
53
1591
2101
1623
4361
1836
1820
4837
4775
3432
3434
1717
4814
1638
18
1339
4660
4809
4332
3247
3448
3451
4380
4381
2274
3750
5176
4295
3248
3548
1631
1590
1805
4817
2699
802
3431
773
4834
3424
3405
4265
2516
5016
3988
4014
3772
1642
4304
4323
4321
4269
5042
4141
4600
4183
4091
1967
4429
1734
2405
2600
1948
1239
4738
4778
2073
3920
2599
2056
2240
610
137
1745
3495
4241
3507
3371
4118
935
620
1310
1147
1372
5212
4244
2089
2438
901
2663
2353
5122
3936
1389
4307
968
1094
3607
1918
1166
1105
1368
2204
4651
1040
3375
2372
3408
3235
632
4548
4802
2696
3472
4316
4300
614
4926
4721
3898
2188
4819
5182
4371
4870
5260
1744
4807
1490
5227
4327
3442
1544
795
3777
3953
4826
3954
786
2705
4366
3111
4367
792
788
2097
5165
4397
2707
4379
2174
3435
16
17
2039
4384
4402
2178
4386
3427
3362
4899
4838
4460
4458
4449
3256
492
2708
2225
1760
3347
735
4810
2261
4815
152
895
4331
4338
4339
3618
3354
4811
2296
5172
5174
5167
5175
4428
2910
4123
1784
42
5069
1698
1736
4357
2297
1816
4312
4828
4473
3436
1025
4466
3841
737
3300
2041
2884
5164
3087
3067
4294
3489
2237
2273
4400
1453
1823
4351
2333
2657
3353
777
3257
4476
4281
1801
1794
4881
3295
3258
782
783
1612
3253
4231
2802
2518
4218
1680
90
2561
1723
803
1632
2046
5213
4984
4395
4376
4629
1626
1183
2210
2866
839
1803
4608
726
2047
5161
2943
4276
4375
2270
3225
4077
1450
4385
2862
4582
4891
4812
3336
5248
1548
3387
4465
4470
2235
3007
4478
1566
3867
1627
4076
4822
4451
4468
244
455
4194
3762
4431
2973
3315
736
724
2288
3758
1620
2623
2898
379
4303
2588
2255
15
4328
1753
4521
5076
2301
5255
3117
4803
4421
4829
1569
2890
4922
4291
3512
3470
2508
4633
366
2024
4446
4336
3083
3438
2160
4101
2682
606
1568
1442
5222
838
833
51
2172
1604
4795
4243
1032
4325
4914
2290
704
3351
4115
4213
2079
26
4788
2357
5235
3071
4425
14
794
2110
4648
4463
3447
4855
4274
4220
3439
3908
2284
4092
1815
2227
4356
2228
2674
2081
390
3246
1122
3753
5237
5247
1196
4396
4387
4082
4820
4504
1812
4186
4063
2170
4284
128
133
5046
3973
2608
2766
1553
5077
4506
2187
3242
3241
4910
4561
4288
1838
4442
5196
2189
4887
4130
3826
648
2289
3976
4242
4315
3549
4631
365
3767
2066
4370
1570
2258
2045
3632
4923
227
4983
4252
740
4153
1494
3634
4352
830
1614
4467
3356
1000
2209
4158
4590
73
2946
4649
2667
2744
3215
4496
114
1743
3440
3658
4474
2325
811
3928
1995
3662
4492
4236
3443
769
4606
4661
84
4641
4665
5253
2308
1684
3477
4645
2427
468
2012
4935
3411
3410
1551
3070
2590
4205
1057
4605
219
675
2903
4219
4977
4271
812
4781
2163
3977
3352
756
3551
1602
4748
1062
1802
2256
3866
204
2454
5250
4277
5249
4640
1561
1662
3223
4208
1769
4658
714
4905
4962
4447
1226
3249
2759
3293
2934
4862
680
2232
845
1349
2133
4942
766
2344
4477
2779
2054
5179
2654
1683
1640
4896
1619
3492
3045
4642
831
4491
4489
3359
2068
3627
1644
3765
1293
497
3134
916
5086
3635
1839
3076
596
5251
1628
4805
832
824
4650
856
822
816
807
4439
2818
4430
4438
3465
2070
2136
722
2084
4808
3239
844
826
825
3788
3402
5134
3539
3457
1611
3983
1722
2644
1650
4441
3537
3460
4864
2313
3349
3348
3363
57
1633
3896
4832
4254
4675
4314
2059
4292
2923
3893
2445
3006
815
734
849
861
841
823
819
821
840
854
818
837
743
814
850
731
835
817
836
4588
2434
1558
2563
2594
4253
829
764
753
2251
1617
5215
4159
2628
3444
617
1637
1956
2571
776
3576
4560
2579
153
2642
1616
4475
2212
2918
828
2222
2283
3445
772
747
843
732
855
749
751
723
2580
1647
1674
801
1615
1603
2562
1610
730
842
1587
2278
1600
1659
1585
2231
1563
1500
744
4401
1599
847
4581
4871
800
2268
1565
4845
2564
5232
1660
107
1562
3150
3657
2146
1768
1727
2216
1206
779
1440
1771
2281
3835
1584
1624
1593
1657
1676
1651
1645
1672
1605
1596
1669
1670
1639
1578
1580
1666
1677
4867
2262
1608
859
1601
1589
1635
1697
2583
4217
1682
1613
4941
805
1663
5265
4420
1588
1664
2257
1716
4461
4436
1594
1655
2242
4319
3286
2260
1649
1699
2572
5140
4369
1579
1595
1668
1671
1643
1648
2263
857
1597
2279
1656
1675
2350
1665
2269
2303
860
1598
1559
1592
4915
1667
4880
1658
2309
852
1606
851
4259
5026
4575
1582
4868
4240
4524
5263
2179
4423
4216
1735
4424
2300
2264
5197
1567
2721
3468
4773
1625
2909
4462
2351
5242
864
4452
4444
4278
1621
4432
1742
4487
4305
5221
2464
5244
1607
3552
4270
733
2566
2573
4909
4411
1811
4916
3357
3417
5245
628
2560
1746
3103
4419
4480
101
4273
92
28
1824
1685
1465
2265
3545
3775
87
3143
3309
2647
796
4483
4716
2611
27
4472
4398
4567
4627
4617
4469
4422
4936
4293
4389
4632
2700
1800
706
4260
4306
3665
1751
1807
1701
2589
4440
4908
3946
1360
701
196
2652
4435
1884
3792
5078
1778
4345
1448
2348
4655
4255
3463
4490
4427
2871
1703
197
5085
715
4615
1726
4482
2867
4904
4272
1728
2554
4481
4486
3538
4540
4618
1808
4235
5238
3508
2987
1441
4407
3321
2302
4392
2850
2738
3046
5205
4765
1432
2295
2602
597
3116
3640
120
1847
2173
4856
4251
3880
1609
5160
2486
2983
3464
4454
2814
3654
2714
963
2390
3571
1214
1764
2058
21
1835
103
3664
2681
4290
1581
2875
1446
1783
1987
5252
2052
4688
1819
4131
716
2578
1459
36
5231
4913
403
1689
2250
1841
5155
2153
4324
1468
5229
1788
2033
2565
1332
2646
1763
2345
2893
1531
4816
2880
3224
1798
2038
74
5236
4566
2152
5225
757
4373
2982
4453
1772
4943
600
1733
1782
4088
1574
2586
1508
1833
4215
2784
2156
789
3487
1545
3373
1796
1749
601
4160
1564
1702
2234
4952
2650
4214
3478
4639
1326
1713
4250
3370
4758
4152
702
763
862
1777
303
1340
2211
2883
1217
2940
3656
2753
3559
863
727
1533
3547
4804
695
2207
2616
1741
1748
1455
2604
615
2575
2142
4297
4168
23
4624
1758
2182
1775
5208
4944
2050
122
616
2293
2632
2107
4298
1482
2361
2020
4924
2304
4917
1433
3643
3019
4353
4229
4801
129
4652
4350
2027
4479
5266
2013
3252
5064
4766
2581
4239
1469
1761
3393
5217
1752
1767
1737
4234
2609
2206
1785
4227
2161
2655
4485
2613
2614
2168
2123
4245
2648
4844
2576
1756
4705
2169
1806
664
4224
4301
1804
4767
4445
1692
3462
2790
691
5169
4289
4503
3344
1506
3868
2635
2271
5162
5228
3358
3483
5186
3667
3305
4595
3780
5173
1434
1705
1759
2661
1766
2658
1755
1780
3396
2637
3505
1791
2135
2096
2127
2639
1704
4311
1881
2158
2147
1695
4310
1504
2638
2131
2137
2018
1910
2093
1750
2631
2064
4318
3401
767
4528
896
5246
612
1958
2574
3335
742
2713
2591
2339
2115
4782
1793
1381
1190
2625
2162
2164
1696
2157
2120
7
2619
2143
2102
2159
1882
1765
2641
2148
44
2119
1880
22
2094
1790
2659
2634
20
3497
1739
1719
2116
2660
1721
3510
2165
2223
19
1797
4225
3459
1714
2132
3500
2049
3491
2592
4704
920
50
3502
1795
692
3394
2017
1516
1799
2078
2077
3397
3498
2055
3494
1877
2057
3511
3399
2144
3506
3398
2053
2171
2214
2048
2051
45
1712
3504
4226
3499
48
2226
1817
1821
2199
3395
2224
1810
4302
2071
2117
3453
4762
25
663
4889
5183
2124
1227
3458
2106
1828
24
1848
1456
2712
1297
2710
4636
1876
1875
1878
2036
2118
2030
1873
2040
2086
3400
2080
2085
2067
3486
1718
2125
2166
3473
2035
1871
911
1834
2236
3479
1814
2213
49
3446
1825
1826
2186
1874
2180
1822
3488
4770
2028
3481
47
1829
1837
3496
2151
3485
34
971
4898
1885
3456
4879
2141
2709
1818
1849
2140
1813
3379
1844
974
2044
1872
1827
1977
3490
2042
1845
1840
977
1846
1809
3382
2034
993
2023
1832
899
1966
4505
2114
2122
2233
1200
2190
894
1978
4760
4232
3455
2570
4223
2593
3546
721
4772
4488
4690
3475
1207
1850
1842
1974
189
4912
4181
1855
1853
2006
1843
2022
2021
1724
1725
1949
1999
2031
2014
1851
1186
1830
2015
2007
2011
762
2130
2556
2025
2005
2010
1996
719
1959
1184
2108
1218
2103
2074
2139
3480
2003
2032
880
2167
1237
1187
2000
1235
2672
2155
2145
2126
1342
4647
2715
718
5170
3624
2129
1988
2128
2009
2091
900
2111
1042
1992
1895
2121
2555
984
720
2104
2109
1897
2662
1915
2098
2069
1889
1993
2626
2559
2095
2181
1939
1982
1870
1215
1738
1097
1208
881
1181
4508
4763
2099
43
717
760
5240
4718
1209
2090
4484
1334
4902
2557
4789
4509
2076
2083
1914
2087
2075
1921
2063
1205
1061
1188
949
926
1060
1933
1204
1886
1922
1936
1189
1039
921
1043
1199
1960
1213
1219
1201
1261
1075
1041
1233
1249
1191
1989
2082
1250
2088
2001
1946
994
4630
1774
1906
4637
1720
1762
2630
1787
4698
4700
4703
1223
1197
1198
1073
1074
936
1896
1887
1220
1862
1898
1182
761
1212
1890
1866
1185
1938
1942
1178
1232
1901
1180
1891
1964
1907
1865
1868
1980
1923
905
879
1976
2060
1943
1912
1888
937
1917
1900
1994
1913
1941
1968
2072
1953
4
1926
1925
1256
1951
1867
1892
1902
1924
1930
1909
1945
1971
1935
1963
1920
1929
1973
1919
1908
1962
1998
1961
1869
1991
898
4556
1957
1077
1058
4664
4741
1229
1222
3655
1228
4682
3530
1238
1931
1087
2587
4507
3645
4537
906
759
4542
3652
5234
4502
2643
4736
41
5219
4634
1044
4695
1008
4687
3369
4511
4510
4699
4512
4714
4628
4683
1192
4684
4720
4551
4752
4685
4677
1255
2621
4646
2711
1296
5211
4413
5259
5264
4437
4725
1088
930
3368
4609
4673
765
998
758
4734
1266
4674
5239
102
598
1730
2598
4493
672
4625
106
3560
2185
2636
4368
2568
4715
4726
4707
4708
4676
4719
4702
4735
3409
4686
4638
4656
4740
4728
4709
4671
4592
4570
4501
4494
4730
4456
4717
4654
3819
4584
4743
4585
3367
4662
4693
4681
1096
4626
4713
690
1099
4535
4759
1078
2651
3900
1335
912
2645
1259
4771
2620
3883
2194
978
584
4680
4733
4668
4732
4692
4669
4697
2687
4712
4515
4724
4516
4663
4723
4666
4742
4694
4659
4667
4672
4679
4613
4670
4691
4578
4706
4611
4619
4774
4559
4500
4583
4522
4768
4536
4596
4571
4711
4786
4569
4621
4558
4754
2690
4727
5206
5262
4426
2706
4779
3820
4750
4746
4764
4785
4787
4729
4749
4756
2685
4777
4792
4783
4784
4791
4797
4794
4790
4753
4793
4798
4796
4780
4747
4800
4550
2683
4549
4593
4689
4737
3818
4799
4644
4520
4622
4417
4602
5202
5243
4541
3677
4591
3854
5210
3829
5257
4523
5224
4372
5233
4355
4839
4409
4614
4557
3556
4498
5187
4519
5177
3822
3845
3589
3853
4564
4573
5218
4532
3828
5258
4406
5181
4563
3839
4414
4497
3847
4410
4416
4404
3821
4678
5195
4415
4546
5256
4612
4574
5261
4388
3863
4554
4418
3823
5230
3619
3255
4562
5180
5207
5226
3254
2670
1107
2184
3827
3824
4545
4530
3842
3855
4543
3858
3816
3859
3825
4529
4531
3554
4553
3844
3851
3865
3877
5171
3836
3876
3878
5163
4527
3885
3364
3561
3889
3407
3714
4405
3227
3630
3899
3886
3830
3250
5193
3742
3869
3696
3734
3747
2618
5198
985
4399
3615
1079
3848
1092
3849
3590
3601
3558
3894
3701
3577
3226
3917
3897
3680
3884
3901
3892
3574
3637
3339
3874
3682
3622
3536
3757
3909
3697
3328
3535
3702
3903
3534
3251
2624
3912
2680
698
4346
5185
3891
3319
2605
3648
3614
991
3594
605
3738
2615
685
3628
1262
4107
3621
585
3725
3681
3608
3726
3612
3616
3707
3715
3531
3609
3532
3533
3620
3721
3759
3771
3764
3579
2585
3743
3698
3703
3644
2577
3768
3562
613
2633
3365
3572
3591
607
640
3564
3708
3611
3334
667
668
3699
656
3683
1020
3592
624
4349
3311
3383
3333
3907
3650
637
3529
3563
608
2617
697
652
2627
699
2569
636
2584
3918
2649
679
3684
684
666
785
3770
609
3728
661
3754
2582
633
681
686
2603
639
3778
689
655
5201
5192
653
3919
687
4347
579
3925
696
645
712
3381
688
683
3340
1269
1484
713
3646
662
693
651
641
674
665
669
650
694
580
647
676
670
591
671
1299
622
1230
626
707
1773
1244
649
586
1350
1347
621
595
2597
1283
1258
1257
1314
1277
1688
1344
1130
3651
1100
1274
2606
3910
1267
1345
1779
3974
1260
1521
599
625
1247
1009
2656
1263
581
1242
1311
1251
1253
1289
1271
1294
1234
629
1280
1270
1236
1288
1268
587
1290
638
1286
1278
1287
1254
1264
1279
583
1275
589
1302
1359
1348
1224
1284
1352
594
1341
2664
1351
922
1354
739
1374
711
631
986
1449
657
1108
1276
1366
1313
1447
1480
1333
1353
1377
778
592
1466
1358
1327
1331
593
1491
1371
1380
1346
1367
1118
1499
1337
2540
738
1365
1373
1518
1390
1498
1687
2558
1115
728
2292
3310
1474
1005
1497
1006
3346
3484
3633
1356
1116
2193
3776
1014
1435
873
1478
4348
3476
3389
1481
3233
1387
1329
1384
1464
1385
1386
1328
1426
1119
1376
1539
1527
1528
1427
3281
872
770
1789
1338
915
1547
1343
927
1496
1120
725
1375
1483
2544
1467
3982
3924
1102
1513
2541
1109
875
1543
1388
1485
1424
1899
3304
1085
4143
4248
1542
2671
4552
1131
3668
1471
1473
1423
1538
2548
874
1507
1101
1493
1476
1117
1336
1298
1509
1893
134
1110
1194
1487
942
2534
2855
1126
210
484
1540
1295
3343
995
1125
2542
1112
1461
871
2272
3905
4390
3094
3493
1113
1425
3265
157
2328
148
3513
919
876
1534
1731
3437
471
5190
914
928
2546
1135
2538
913
2550
2535
1136
1193
1144
1422
2504
1139
1515
1530
1429
2531
1503
1430
981
1524
1072
1903
932
1065
1470
1152
1431
1304
1111
1437
1070
570
1883
1080
2512
964
2728
1093
3519
467
211
2958
870
2528
188
3386
982
2336
3450
1511
1301
1308
1071
1086
988
944
907
1164
917
1140
1300
1098
966
1103
1076
945
980
970
1124
923
947
1512
969
1081
483
1145
1488
3670
1153
2267
908
1505
2941
2509
3342
576
321
1056
246
1445
1479
741
1022
151
2482
2197
1148
1137
2524
1121
4841
144
1129
1114
1132
1106
1155
1160
1146
1068
464
1133
1169
1083
1171
1054
1151
1123
1134
466
1069
1316
1165
1141
938
1055
1315
5
1517
1090
979
1067
1317
498
1549
958
465
959
463
1143
491
1010
1409
88
774
1443
1457
460
1378
195
138
1502
474
2249
504
1150
500
1382
527
1156
518
461
1417
473
1383
505
1414
536
562
1554
1412
1399
485
1415
1320
550
538
541
775
1393
361
459
198
1420
1411
1407
946
236
307
1001
2496
1324
2822
226
2287
1410
389
924
1715
490
475
377
1421
2230
317
2315
1418
1419
1395
1416
1392
472
1408
1397
1413
1401
1555
526
572
1318
479
574
1405
511
1400
554
535
496
568
311
561
309
503
528
353
566
549
573
571
476
1176
308
567
539
866
520
499
494
338
925
376
333
328
347
507
558
560
542
557
310
563
546
559
306
337
502
508
545
555
516
537
551
544
548
336
304
327
553
547
305
349
556
1173
521
351
360
301
335
331
1172
300
364
348
909
302
939
1175
354
933
332
357
375
346
356
367
345
999
298
330
400
355
368
493
955
416
489
407
458
398
415
420
388
417
329
378
297
320
989
975
385
391
2356
319
940
412
990
251
2525
2276
418
213
976
397
402
406
419
318
2515
181
2444
2510
2825
245
410
446
2291
404
882
3625
156
2319
201
399
392
409
424
426
431
425
380
440
449
2449
444
2489
283
169
2425
254
2473
2426
2248
2252
80
2408
1556
291
2492
250
168
931
2298
997
83
2502
2433
2481
143
2470
116
2286
1
288
2479
190
442
284
2937
215
2483
2417
100
883
132
2493
2499
2506
2507
2495
2478
2474
2513
2514
2453
2462
2465
448
2475
2484
445
2457
2460
2461
451
2491
2480
2490
322
2421
2520
222
2500
285
2435
2523
2505
973
2450
212
202
2459
2311
2451
2471
2443
191
205
139
992
221
2458
1460
2472
2415
1030
2466
2527
2467
2477
2503
2487
2456
2439
2517
2436
2432
2440
2244
325
2334
2441
2494
2442
2387
2416
2412
987
2431
2352
2239
160
326
2429
1002
456
2320
2423
2419
2420
218
1017
82
1007
996
217
2422
2379
125
2392
2354
1018
165
2229
2337
885
161
373
2241
2238
2323
1029
136
229
2395
1035
1033
149
10
146
2342
159
1021
64
238
123
2253
1031
1011
2196
208
1036
281
155
890
1023
2200
93
1034
2307
9
2305
110
58
2418
273
239
2294
1003
2259
884
124
2310
111
1024
2366
232
55
2201
158
35
1038
1016
186
887
888
8
52
886
889
1037
2195
185
242
1015
207
1026
289
89
0
1012
193
11
290
2205
37
63
95
62
230
13
38
187
77
163
272
265
277
71
2349
135
2330
2341
75
2324
29
12
296
59
2394
30
2335
2340
150
145
76
127
140
2389
2381
141
69
2401
119
280
2377
2398
99
2332
2384
2359
2382
2378
269
96
61
286
147
121
2407
117
279
2386
2393
2391
282
276
97
2376
2317
2406
2327
275
287
131
2280
253
2375
70
2397
259
261
2404
175
2383
2396
68
2385
2388
257
220
4963
249
386
176
167
274
260
199
2411
228
429
252
243
295
414
223
206
209
233
231
166
268
225
401
60
411
214
171
2950
170
224
967
235
264
241
2374
2775
2920
216
2741
3663
4878
3674
3661
4882
2735
234
2925
2914
2911
2816
2916
2747
421
4897
4865
2917
2693
3653
4947
2794
2921
4959
4906
3638
3666
4968
3676
4921
3660
4953
2860
4083
2763
2823
2752
2769
4888
3380
4954
4823
2819
2743
2924
2851
4989
2799
2742
4964
4967
2797
4929
2891
4112
3345
2881
4125
4981
4946
4970
4971
4975
2817
4972
2737
4940
4938
2734
4925
4987
4958
4982
2810
4988
4986
4934
2804
4931
2811
4991
2679
4907
3544
2740
2676
4866
2698
4995
2739
3543
2697
4980
4903
3671
2777
5005
2807
3649
3673
2955
2732
2695
2771
3647
2949
4846
2736
2902
4824
3542
3540
4821
2809
4825
2718
2813
2762
2820
3675
2812
2678
2773
2897
2787
3669
2720
2857
2859
2675
2666
2783
2801
2793
3672
2772
2792
2908
2800
2821
2870
2798
2788
4965
2789
2942
2887
2767
2730
2760
2912
2716
2886
2849
4957
2781
2795
2796
4945
2764
2750
2746
2858
2865
2768
2754
2778
2805
2751
2719
2756
2755
2953
2722
2803
2757
2723
2727
2786
2749
2724
2930
2945
2944
2888
2726
2951
3322
2947
2936
2877
2899
2856
2872
2932
2876
2913
2725
2846
2931
2948
2733
2853
4895
4955
2896
4209
2906
4249
3514
4863
4212
2776
2729
2845
2878
2868
2922
2919
2901
2885
2864
4210
2882
4877
2861
3604
4886
4948
2900
4211
2863
2907
4885
4875
2873
4928
2854
2928
2895
2892
4960
4876
3600
4894
2831
3378
5009
4893
2927
4096
2985
3518
2837
5004
2830
2915
3025
3482
2889
2852
2829
2748
4257
3004
3299
2835
4874
4892
4932
4911
2990
5014
4969
3016
3031
4918
4884
3002
4900
2964
2826
4854
4095
3613
3469
3603
2999
3587
865
4961
3005
4280
4154
3119
2986
3372
4104
5020
4093
3018
4238
3318
3626
4100
3337
3384
3385
4176
5053
3014
3642
4144
5199
3320
3377
5189
5057
3641
4089
5010
4110
4901
4109
3517
3374
4843
3391
4162
4927
5017
5070
4085
5116
4120
3323
3992
4122
5021
3338
3283
4128
3063
3314
4038
3100
3599
5027
3275
4979
3996
2981
4113
5022
4857
3234
5194
4002
5142
5068
3785
5102
3287
3515
3080
3077
3341
4081
5113
5088
3355
5015
4090
3984
2988
2989
4228
4985
5029
3390
4108
4114
5012
5072
5136
4084
5052
5039
5095
5031
5115
4105
5084
3317
5104
5075
4858
2847
3316
3312
5120
3101
4145
5107
4121
5099
4147
3958
4087
4343
3232
3288
5089
4851
4859
5040
3978
2827
5067
5135
3102
4539
3089
5038
5056
5045
5051
5019
5018
4086
5071
5030
5008
5106
5050
4080
4860
5041
5061
5063
5054
5083
5048
5037
5047
5058
5108
5139
5094
5100
5049
5087
5079
5065
5081
5025
5066
5060
5074
5092
4139
5103
5080
5118
5098
5096
5144
5073
5125
5119
5137
3308
5105
4075
5112
5109
5126
5129
3097
4129
4171
5141
5148
4150
5204
4174
4166
3302
4165
3244
4072
4135
4180
3282
5267
5124
3324
4187
4377
3216
3093
4193
4167
4188
4391
4169
3452
4134
4029
3949
5150
3406
3629
3062
4157
3979
3296
4204
3902
3130
4071
2824
4146
3268
3306
3413
4098
4195
4191
4202
4197
4156
3260
4200
3095
4172
4073
3096
3274
4185
4378
4203
4412
3228
4206
3881
3850
3231
2673
3271
3388
3303
3298
3871
4099
3887
4035
5157
3975
4111
3285
2841
2839
2978
4149
2844
4198
4116
3218
3104
3221
3219
3278
3280
3940
3921
3112
3149
3569
3291
3220
3264
3270
3284
3279
3294
3273
3930
3261
3222
3938
3915
3944
3872
3961
3927
3914
3922
3933
3276
3932
3937
3262
3923
3935
3419
3942
3931
3941
3948
3429
4021
3934
3926
4164
3981
3422
4117
3053
4132
3943
3414
4011
3059
3856
3951
4043
4127
4037
4019
4027
4058
4067
4189
4028
4196
4059
3693
4042
3965
3998
3950
4155
3692
4031
5156
3017
3833
3520
4057
4049
4190
3155
3990
4124
3695
3723
3956
3751
3073
3158
5154
4064
3204
3068
4041
3110
3238
3079
3786
3832
3957
3038
3048
4173
2960
2668
3686
3690
4018
3064
3420
4106
3991
4060
4007
3995
4025
4182
4047
4004
4001
4045
4046
3691
3966
4068
3993
4017
4000
2977
3066
4020
3959
4015
4053
3160
4009
4207
3058
4032
3126
4036
4016
4054
3082
3687
3719
3078
3060
3057
3964
2962
4024
2965
3035
3151
3213
3815
3139
4033
3172
3056
3039
3028
4026
4023
3208
3051
3074
3040
4005
3055
3043
3182
3086
3200
3075
4012
3081
3198
3157
3570
2994
3700
3106
3685
3147
3072
3113
3052
3724
3164
3146
3140
3774
3131
3167
4039
3784
3065
3217
3163
2991
3797
3789
3159
3955
4070
3084
3791
3739
3834
3583
3732
4008
3049
3741
5153
3166
3144
3109
3129
3153
3711
2974
3752
3137
3766
3142
3187
3763
3010
3745
3731
3105
3811
3720
3085
3124
4030
3192
3196
3021
3188
3136
3165
3586
3779
3793
2966
3712
3173
3798
3799
3781
2967
3191
3210
3803
3582
3522
3718
3808
3195
3783
3197
3748
3009
3794
3800
3568
3135
3769
3795
3132
3802
3524
3805
3755
3760
3756
3761
3807
3181
3180
3190
3194
3184
3161
3185
3189
3183
3178
3156
2992
3179
3024
3205
3168
3003
3212
3207
3209
3193
3211
2972
3013
3029
2970
3214
2969
3202
2968
