1452
1530
1018
2410
2495
1302
3783
1532
3970
3840
1484
4541
3566
4685
1521
4163
1020
3536
1475
2526
3576
1396
1039
4699
3677
3586
3815
2496
3879
1272
3662
3580
1290
3811
1017
1467
1024
450
3214
4544
4330
4678
3841
1230
2513
3535
4088
3206
1247
3689
1457
3297
5117
2004
3975
2377
3787
1019
2355
3573
1435
3571
4125
4175
1192
2392
5114
1236
2519
5118
1025
3287
1752
4114
5129
3345
4509
1246
1238
1160
2236
1193
2385
1468
4128
3007
3831
4177
5115
2281
3303
3858
1432
1022
3603
4483
2393
1253
3880
3965
2528
68
4172
829
925
1028
3179
1491
3656
2522
2832
3531
63
3969
947
1027
1526
3802
3862
1178
2397
1982
4144
1939
4117
4100
3038
421
4504
3766
834
3870
1185
2497
414
2446
3572
4686
934
1061
4164
1181
1465
1424
3983
1390
4500
4373
35
3835
3785
1301
510
1431
897
504
4482
2417
2404
3930
4096
3665
707
125
2372
1295
3657
4563
4523
1855
3851
4110
2033
1458
3843
2366
2439
1479
3791
3057
475
366
3541
3102
2688
3886
1927
689
4553
2406
1026
578
5124
4965
1534
4581
4112
3063
2345
2640
3249
3687
2128
1471
1567
2946
1453
1470
2105
4839
3984
4756
1202
364
4168
177
3533
357
4153
3344
1289
2034
4717
3597
1482
39
914
4156
875
2734
4641
1209
2297
2489
3013
1669
365
3982
1177
3690
1668
3534
2029
1771
3302
2095
1388
2818
3309
2637
3773
1964
117
378
2229
1529
865
1456
3293
1257
4966
3611
4344
80
307
1437
3736
5121
669
3501
3961
2379
3819
2403
3661
2309
1420
3552
2418
276
3837
2322
386
4518
3830
3891
2313
279
338
4576
2339
2747
1023
3776
3540
3706
652
1076
899
5111
4582
337
2057
4575
4814
4930
3079
3956
1555
3974
1923
2243
1062
1036
3001
2994
1885
1176
1161
2853
1895
3022
172
4095
2507
3298
4026
1190
2429
3015
2142
178
2078
4166
8
1973
2765
3668
1038
434
83
2151
3197
2819
2024
5120
936
1195
1068
3155
4993
2230
4116
1346
90
2487
3902
3931
2398
3025
2127
1231
2843
4958
4668
3817
2242
4527
4594
2333
4484
3821
4516
4487
3832
3816
3208
4476
3674
3740
333
3569
5156
3629
3853
4762
1049
1250
2196
1493
3854
5036
4531
4634
4672
3695
3550
4598
4076
3682
4607
3567
4752
2332
3574
4515
3606
1291
3557
2380
4736
376
976
4658
3570
5265
3074
1972
2758
930
3141
3045
2759
171
2506
4968
2848
1991
1451
2578
5035
2837
1562
1501
1473
1380
2408
906
2459
3987
1169
1592
428
2237
2757
2935
3308
3144
653
1021
1319
1463
2525
4103
1081
2157
2722
1708
1052
4009
1925
3575
616
5133
2750
2974
4053
1224
876
3782
112
191
3257
954
3953
1393
5063
102
3239
3979
3147
391
709
2294
5009
1968
1232
3735
353
1579
3194
1760
5190
3688
2983
521
1596
69
1957
2600
3924
4
3671
2099
1419
388
306
3727
215
611
1288
375
3980
726
4900
4205
1835
5127
3077
3041
2668
5215
2889
2505
1936
3704
5037
1145
2669
1200
270
2629
3869
1955
4499
4726
4865
2466
2504
747
2378
243
1189
3605
5020
4675
3600
4815
2344
250
4079
2858
2424
4584
2607
1913
285
2402
2571
3539
293
4577
1959
2614
115
433
1063
4137
1460
1287
2831
4054
3176
2037
656
3779
2647
2188
4099
3768
731
335
2960
1877
3301
3037
917
864
3923
2984
1496
4674
3508
538
4953
3296
4111
4503
1892
284
961
4092
4174
3478
205
12
4123
3352
4556
2389
1188
4345
2414
4931
4017
4115
4703
1557
3006
3636
518
3579
1219
3796
1342
1158
2502
1046
356
401
420
4962
4996
3898
3926
921
672
1856
147
893
2032
3346
2030
1498
2396
1719
1946
4769
1985
4585
1682
2631
1347
379
1984
2854
2531
1932
3643
1292
912
1438
4580
4583
3873
3972
1489
5026
1938
2028
1580
2767
1353
437
2494
2606
3505
2932
3149
1285
387
4328
3780
5207
132
4877
4356
88
5048
2890
2830
3759
1624
3844
3059
2308
2314
943
4721
3507
1618
3101
3017
1171
3052
3546
2944
5079
4645
1217
710
3591
4319
962
2233
2458
1767
2147
3558
2282
2135
3555
305
3590
2650
3950
2874
3300
665
4470
2094
1213
1101
1449
715
3795
2103
929
2435
537
3637
2748
926
4985
2973
2163
2132
878
96
3549
286
2401
5128
2137
3532
896
3663
4539
621
5144
970
1871
941
4597
891
5019
2695
4519
4840
602
2320
1589
818
3615
3885
4501
4997
3127
4569
4147
238
1977
1705
1704
1354
1072
1323
456
2310
860
4012
1060
2486
2262
3049
1350
1888
2942
1476
1205
2646
477
1343
1513
4937
1172
2340
1882
1334
4113
1182
549
2581
198
3115
3701
1142
3369
5002
2368
1375
358
167
363
308
1119
403
3985
1732
258
2625
2915
2206
3446
1844
2217
4214
3932
5247
3385
2760
776
4950
3096
4817
741
4300
1604
9
5258
4265
1801
1655
900
915
3440
1550
765
764
5251
4244
4986
1651
2204
2213
1547
3383
2906
5266
3062
3307
3457
1407
4291
4302
2615
2622
2207
3441
1645
2208
3051
770
2886
2728
2799
4240
1612
3398
3397
2455
3770
4833
4835
2295
5090
4299
4380
700
4417
1692
3772
1713
2555
1803
3390
4911
4370
4628
3349
3099
1506
4268
4794
2630
4048
786
1737
2187
780
4649
4654
1659
402
1548
3273
3459
4278
3447
3333
4148
4295
4308
2311
699
1829
3516
2702
708
3647
3887
4485
3270
4511
4633
4579
3897
2046
4551
3286
4688
4774
3242
2479
4773
3920
3731
3856
3895
2291
4669
3152
4562
2665
3709
3512
4768
3596
3173
2244
3556
2395
2838
3918
3971
3198
4761
3215
3624
3387
2278
3588
3863
1554
4443
2044
5236
1417
4304
5227
2712
5229
1746
4285
5189
4620
4339
1362
4853
2267
4601
1143
1657
1762
4481
25
2620
2956
2272
5183
1623
417
1660
5103
4353
4303
1404
2885
4369
871
5233
756
1663
1666
1665
3200
721
2357
466
241
500
4098
3933
2263
2537
1405
4480
725
5113
592
4819
4340
4820
2608
4310
4273
4297
2219
3189
1515
3299
2065
763
5116
2773
1654
3227
3653
2266
2210
703
5220
749
746
5186
591
3444
4940
1679
1270
2696
3445
3702
1661
3280
4928
4902
488
3289
2000
1553
2677
2698
4433
4883
1728
1625
4827
744
2549
2545
3405
4311
3192
3415
1812
4832
2671
4529
1249
5263
4305
18
4906
4223
1833
4751
4309
1813
5088
3421
4963
1613
4869
3381
4848
4849
2679
4884
5104
5097
2678
2201
1617
4431
4349
4969
4948
3428
4233
3935
4935
10
3456
4230
4208
4245
3449
4263
4250
3928
4267
2593
482
4068
3338
2793
4199
4198
4197
219
413
3341
5075
4653
5166
1658
2786
3848
385
844
1664
3466
267
4870
738
3986
1638
5142
2045
3469
3455
120
396
400
3938
101
4808
406
4286
4269
4224
3384
110
2790
4918
416
4955
842
261
4939
5211
4275
4874
739
819
3368
1909
3071
4075
4903
942
3072
5098
4856
1712
5012
2195
2193
3988
1889
2999
1165
622
919
2978
1933
2107
2054
5007
920
2503
1140
1053
5064
281
888
5008
1859
4925
2167
4170
1413
2609
2707
1464
822
2437
3719
1930
1994
996
5130
2914
2093
1124
1138
5139
2214
890
2789
1754
960
4879
1809
3453
4281
137
2726
3960
3373
495
1649
201
3111
195
737
1082
246
3000
4225
4188
2256
2612
2642
3186
3422
2186
4467
3117
636
702
760
1832
4404
1766
2674
4860
4626
2970
1632
2738
2552
3255
3458
1650
3224
4616
3245
144
3448
2215
2203
638
5175
3827
1652
1622
2729
2257
3859
1656
5067
3433
1348
4605
777
194
78
628
1804
5065
4862
2713
3847
762
3465
4106
1678
3218
3217
1693
872
2591
5106
5013
3272
639
2694
3470
4013
2539
5095
1516
1961
2901
4801
3033
3098
2221
1778
1315
1831
1590
1842
646
1772
81
2610
2179
1741
4072
1316
3488
245
867
3040
4694
4679
601
2284
435
1644
1627
1631
589
2570
1330
4143
2969
5264
4159
503
478
604
2153
4256
409
4360
4552
111
4834
2990
5042
3999
651
4829
74
4771
4313
1093
467
5168
4498
502
271
23
5068
3489
4917
1156
209
1637
4201
4867
20
3733
73
1144
3178
494
3578
4864
1784
3044
3527
1389
1619
4936
24
2892
4787
351
372
423
1825
847
2602
1399
4461
870
5262
4547
2933
2181
1918
1107
4793
4334
4335
5196
349
43
5194
2710
3329
4822
4737
1608
2697
1769
807
1756
139
4449
3201
1806
4783
1434
4062
4151
2365
3896
3054
4942
1739
392
5093
2911
2548
1727
53
4274
4359
5080
4211
1552
3336
931
2912
1610
1786
1097
515
3220
197
4799
4152
4440
5081
373
2797
1788
3061
141
2746
2823
340
1616
1583
424
694
367
4001
599
3011
5061
1268
1615
2924
2733
3994
256
4149
4018
3372
5195
1607
2171
3002
152
774
2222
1757
4437
3680
1436
2655
65
3191
1043
3004
757
469
2293
4161
679
77
2869
4150
2258
103
3808
4192
4037
4338
4039
4655
2273
5154
1551
705
2185
3043
408
4036
2613
2159
3160
4538
5182
4011
254
4912
1490
4016
4614
2598
4456
497
664
4002
3053
1814
5031
5173
3093
3092
4033
4105
3461
2913
4061
4127
4604
1511
199
559
2468
1083
4019
75
278
114
5244
2200
4790
2227
38
4234
1723
2749
2638
593
4008
212
3959
2049
4257
3029
1979
1281
759
5246
2968
4446
4145
5071
3069
4866
5200
4266
237
2730
3254
224
2449
4420
415
2893
625
290
1775
4652
2745
2547
1355
761
4384
113
2172
1815
1847
1799
1789
1845
2739
465
4764
3319
4357
4784
1383
3496
670
4956
4301
1584
2166
4423
1755
342
4261
5259
19
4364
3406
1634
3872
701
1096
4723
2180
4358
598
3105
655
4242
3430
2900
2050
3936
4038
1372
4786
4650
3423
2737
404
4889
4542
3266
4513
2388
2289
4272
1730
2693
422
4445
2123
1798
3036
4788
857
868
4325
4475
4042
2165
3351
2218
3528
4747
1327
58
3434
42
4891
4873
4493
1031
1822
2692
4837
1811
4841
5003
2416
4236
2699
647
4602
3939
4136
4121
3335
686
631
2063
3268
1688
2673
4457
2690
3020
2551
452
1721
328
3889
3332
5212
1919
4954
3260
1734
1574
4818
3122
4785
5169
3241
1341
4739
4830
4196
4252
4778
2543
4347
4927
362
188
4078
2723
4549
1714
4627
3334
4781
3221
36
249
341
79
1722
4333
1296
2176
1066
5160
5203
1694
4647
1742
153
1738
4408
200
3925
826
4296
1743
1733
4885
1149
4323
21
1611
5167
5202
1157
4429
4378
4332
106
4354
3652
3284
2014
4248
2259
838
3228
3060
4875
451
685
1792
4186
1680
4450
5053
772
2891
3792
4120
3993
4863
3210
1549
1717
3100
4916
1208
584
4589
1729
2898
2573
1783
5176
4831
4447
869
2791
15
2981
660
1633
4868
5191
5214
5181
4946
1586
5014
1603
5180
4651
5172
2945
4031
2225
3190
1571
1333
4876
418
5205
2557
5238
5252
4386
2440
3184
3180
2813
4682
1573
161
939
3233
1626
3322
743
4416
2957
4888
4241
158
2558
5159
6
5146
3175
3399
5153
399
1891
2849
59
2209
5161
2250
5225
4371
3350
5155
2544
236
4629
1594
1620
755
5193
247
4887
4216
2918
3146
768
696
1696
350
1397
4432
4154
950
1710
2672
1598
5076
3494
4782
1309
468
66
3274
1614
2780
3442
4929
4631
4886
2285
4763
3085
425
1261
5022
5017
1818
4210
724
4898
5015
5165
4209
231
1477
1695
1595
4836
4059
2627
527
193
880
4462
3679
225
736
4789
1560
4182
885
4528
2661
4795
1395
3659
4060
4926
3003
1430
2809
1308
3949
3410
87
5199
1718
4146
4458
2618
4595
4410
459
582
2977
1807
3846
3283
788
771
4980
767
781
794
4855
453
4183
4097
3174
805
1640
1356
3123
5152
766
203
1647
490
1744
4619
3429
405
4271
2852
486
1677
4139
1321
923
3232
775
2133
2300
3112
1828
4842
2174
3055
1519
2599
2475
460
196
4142
649
5030
4454
4438
627
1735
2432
48
4140
790
804
626
210
1639
1591
1635
683
2804
2048
4924
1099
2991
1577
4135
509
5178
3188
383
4460
2980
2807
4346
792
4202
2553
1820
633
3818
4040
2783
5143
2762
3050
2628
3187
1358
940
2871
277
1008
4615
3801
1582
4545
0
2485
5219
3878
810
4409
4907
1569
1600
1576
1587
1561
3016
1599
1621
1559
1597
1575
4284
3824
922
1967
2617
4190
1642
1337
1646
3219
4938
419
3120
4406
1154
5221
3454
4043
1086
4439
4897
3126
4253
296
644
4901
4294
1570
2568
4444
769
2619
4005
3362
2771
3035
1106
4200
1585
131
808
1643
1606
1601
735
1593
4908
811
1715
4872
787
784
4237
2632
3809
4324
4451
4331
4909
3167
886
1251
4459
4279
1314
186
2645
4217
4215
1726
1758
3992
352
259
1328
3934
3028
3177
1108
583
4850
1568
1128
4377
3416
336
1830
2682
5011
3828
3475
1392
5027
4280
1564
1670
4239
1581
800
5261
4243
3482
4922
4277
1565
4249
3419
773
1546
697
4348
2275
4226
4375
4276
1312
908
4871
1720
692
560
2597
1104
2953
5174
508
2556
3871
2623
4259
3868
3236
5123
2178
2134
2554
223
2857
192
4943
369
2533
57
1462
5171
3379
4251
693
4289
4894
806
1310
4298
5162
2782
1628
691
5158
377
3235
4287
3114
4621
2304
3161
597
4465
368
4899
3047
801
2958
295
4400
2277
1367
2635
202
49
4413
3420
5179
4307
185
1105
2265
3226
107
1368
3464
4854
4464
1215
4069
213
146
2559
4292
802
1326
674
695
17
173
5185
3342
298
803
4896
3222
255
4905
3027
4293
4126
2301
1374
2245
4809
5204
1095
823
3314
5226
2283
809
3968
4477
3435
4391
1674
4090
3240
720
3366
5004
5187
574
1429
843
3183
1325
3148
1748
3436
4453
2967
5201
4254
812
3565
3343
795
5192
3339
1151
816
722
4107
5230
3118
54
1672
4133
4546
5216
2805
4022
3133
815
4472
3318
909
3094
675
5108
257
817
4130
3234
3294
3799
3237
1311
5208
3963
821
4395
624
91
128
412
4606
4971
748
3409
326
5213
3166
3825
3337
813
782
3330
716
3340
814
796
2842
785
797
783
3403
3393
4618
2565
2816
789
3472
1500
3019
159
1556
600
398
5084
3195
4468
248
3417
3989
3084
4326
183
4184
3439
3407
4466
216
1303
187
264
104
268
2709
3794
2252
5073
3262
4664
4755
973
287
734
778
3408
3955
3981
230
779
3137
820
3134
3973
951
3171
791
3328
687
3164
3110
98
949
682
5094
3086
3048
2930
2959
105
361
3411
1300
3548
1004
244
3529
4882
5044
4757
3162
4448
4124
1445
2264
160
239
127
3018
4003
2955
4748
1520
1636
750
3964
3150
3402
3182
965
3185
3157
3324
3793
3140
3363
4122
3026
1357
2579
4776
3143
4025
99
3058
3386
179
263
3080
1364
5209
119
2346
5140
4041
4780
157
5016
143
3065
2683
3225
4134
4007
681
1391
4427
260
1329
4108
1539
130
2189
3394
327
1313
393
3954
4074
2998
2952
4032
3139
4010
228
3947
4138
4034
3437
3967
4006
3181
4132
82
3095
3082
1365
3400
135
325
2988
3326
2966
138
4077
2347
2921
3547
2675
61
3996
4463
723
4982
4085
3877
4411
3113
2971
2658
1373
4155
2888
5096
4861
1349
4772
659
2841
3463
4109
3952
4086
4073
2951
4030
2979
3165
3364
2993
217
4014
3104
3431
3130
3010
3946
2954
3497
3499
3432
291
4023
2982
2701
2834
3962
2950
4131
3997
5164
3170
4141
3991
324
297
3031
211
3046
4052
3976
1369
30
410
1153
1381
3275
1331
1394
3168
4000
3103
4027
3158
4020
3172
4021
3163
3169
4028
3153
2995
3135
4024
3156
4029
3154
3945
3014
3159
3034
3005
2961
3193
3009
3998
3951
4091
4080
4044
3012
3039
3304
2987
3008
2992
3320
3977
220
3023
218
240
3995
3151
3948
380
3395
275
3944
3325
253
910
2997
3056
235
265
162
229
3021
2996
226
165
222
221
2938
2986
3067
62
3066
4004
60
232
3087
4179
3042
166
3091
1433
227
348
251
4015
3088
3032
3498
273
3424
163
233
2948
381
5126
561
2856
916
4047
3483
2963
430
4067
5141
5028
1366
3365
3412
170
189
280
272
323
164
94
174
2908
262
214
2964
2937
339
269
407
2928
2654
5134
2840
3068
952
3132
1
2850
1446
4167
3327
2761
991
3471
2714
2824
207
175
374
5072
2866
2382
485
37
3468
3942
1351
2910
2965
3265
3282
3281
2656
150
2962
266
2916
2864
4050
252
2814
2711
2829
3331
2923
1428
3024
2873
168
3081
4160
1307
2861
395
1001
2881
3064
4176
1447
3595
2931
2717
1322
2894
5112
2756
4180
292
5132
2781
901
1423
4045
1317
4158
5029
556
4082
3259
690
1152
3211
2926
751
1675
2880
288
2828
4171
2827
2909
2903
2896
4165
2826
2907
2770
2922
2884
2825
169
2752
2753
2905
2822
2736
2821
4169
5149
2899
1335
2904
5145
5137
2839
5136
2876
2902
2872
2929
3070
2925
3078
2855
5147
1360
3075
1361
2820
2920
5060
3581
2897
5131
2862
2716
2936
3030
64
2877
2883
2895
2867
2882
2879
2870
2775
2735
2715
2755
2865
2774
2887
2744
2718
2972
2833
2817
2985
2815
3582
2947
2934
2941
4087
4119
3627
3621
1378
1352
1359
176
959
1139
180
5043
4046
3370
2740
2751
446
5054
2976
2776
4118
3638
5138
5001
3278
3076
1306
3612
2763
5040
5041
2939
5151
5000
5092
2860
2851
5086
3083
4949
5101
2812
2794
2800
4081
3073
3613
3361
5006
719
3267
4162
2801
204
5066
3212
3317
384
4178
2940
3310
411
2577
426
4157
5087
154
3355
3119
3486
4093
4846
3316
3109
3090
156
2566
558
126
4063
2975
5109
5110
5038
4976
5024
5102
5047
2835
5059
4847
5025
4975
3216
3356
5070
5055
5122
5062
5049
4089
3357
4843
3291
2943
1002
4056
995
5148
3121
3311
3958
71
993
2810
5135
2708
3116
155
5018
1009
5074
3089
2361
5085
3321
966
2836
3820
3246
5005
5039
3353
5069
4945
5050
4058
4852
5051
5023
5107
5078
4066
5056
5032
4915
5045
5100
5119
5052
5046
4851
4960
4951
3495
4957
3493
4999
3487
5058
4065
4844
4064
5034
4094
5057
5105
5089
4845
4057
4914
4970
5010
5021
3142
3491
89
5125
4952
5091
145
3230
4070
4084
4083
5083
4104
4101
3492
4247
3360
4185
3490
3354
4055
4246
3480
3209
4964
3223
4071
4051
4524
5150
3263
3359
148
3279
4904
2660
3990
133
3315
3485
283
3583
2356
4934
968
3213
4838
3252
2949
3632
55
4880
3196
3940
3684
2724
282
3966
4973
3271
2784
3292
3691
3125
3607
3251
11
3131
3306
5222
3323
3136
3261
3414
2352
3957
121
5198
134
3460
4318
108
3258
4412
3620
5239
3108
2336
2811
3238
4181
2766
990
3348
2317
3646
3204
2721
97
859
3231
4212
924
2769
2796
3503
3426
998
3631
2348
2764
5206
5157
3288
3207
3205
3244
3917
3203
3413
3277
3248
3295
3247
3124
3376
3202
3128
3129
3106
34
3427
3418
2342
4203
190
2274
1016
1007
3927
3941
4890
3654
4222
3670
4270
3138
116
123
3673
3698
129
3269
3707
2666
2725
3943
4227
5270
76
2299
3789
2806
118
3389
3374
3375
3467
4219
3401
3404
4238
3484
3477
4262
4260
3476
3473
4235
3377
4220
3474
4213
3739
3396
4221
2329
4228
3378
4218
3462
4204
2330
2335
3481
2296
3264
3672
2312
92
3749
3107
56
3790
100
3745
3867
3777
2292
3502
862
3276
4206
4207
2383
4995
2318
4229
4232
3388
2324
86
3347
2319
2362
2306
2391
2271
1005
1014
2376
184
2248
989
994
206
2351
2305
2387
2374
2323
4389
983
999
1015
2371
992
13
3358
4893
4992
1003
3893
2327
3911
32
3929
140
3866
3697
861
5271
2334
4881
3243
4892
3256
3561
151
31
1006
863
14
1012
149
2370
2199
984
1000
2325
1010
1011
124
997
2363
866
2328
16
988
2192
2720
2307
3874
2197
3836
2321
2859
975
2198
3755
3890
2303
84
982
3786
95
981
3199
2255
3892
2390
3905
2367
4858
1509
3850
2190
67
2326
3517
3711
3899
985
3250
3922
3901
2247
3914
974
3888
3881
3860
3915
3921
1013
1545
3912
2731
3906
4288
2350
2685
987
4878
4990
3756
3910
85
3145
2183
3826
3724
3305
2868
2875
3916
33
2788
3778
3619
2341
4932
3518
718
2667
977
4998
3253
2754
3883
1781
2663
4189
3876
3884
3908
3909
2732
3900
2795
4984
4941
3810
2778
2802
2863
2785
3865
4921
4994
2680
2684
2847
4913
4967
3829
2743
2662
4959
4983
2803
2777
2386
4859
3807
3907
4988
4947
2706
142
4961
3784
1641
2268
3875
4315
3696
3628
4989
986
4972
3604
3849
2719
3650
4979
4981
4987
2846
4933
2792
2844
4944
2768
4978
4977
3641
2742
2798
3645
2741
2787
2808
2705
4923
4919
4910
2653
3519
3649
2664
4991
2687
3639
978
3648
3644
3520
3855
3937
4566
4514
3864
3522
2182
3845
4512
4816
3723
3748
2261
2686
2194
3753
3523
3761
3903
4810
3744
4804
3751
3642
2270
4397
3500
3734
1776
5217
4452
3754
3545
3625
5250
3904
3767
3814
3312
4802
3634
3882
840
935
4813
3285
3229
3743
4350
3838
3683
4806
956
3769
3666
4805
4824
1544
4796
5210
3763
4425
4368
969
3894
4573
955
957
2670
3710
3764
3521
3742
3752
3762
3651
3717
3667
3758
3765
3669
4800
3730
3524
3640
2691
3718
4811
3551
3630
3564
3610
3563
3313
3623
4567
3774
3781
3726
3823
3635
3664
3732
4352
4394
3771
3805
3806
4574
5232
3813
4398
3633
4525
3812
4828
3560
4362
5272
3553
979
2223
3834
3525
3708
3760
3788
3757
3526
3678
3614
3738
3506
3775
3681
3616
3598
3694
4825
4812
4510
3747
3618
3622
4537
4530
3544
3559
3609
3913
3722
3750
3601
4803
3700
3542
3626
4418
3728
3714
3741
4826
3822
3504
3562
4387
3617
3602
3510
4336
5267
4317
4314
3746
4526
3716
3577
3599
3729
3589
3721
3594
3587
3543
3737
3592
3686
3509
3715
3705
5255
3511
3699
3725
3713
3675
5269
4791
4798
4383
4642
4381
3676
3861
5218
5224
4396
3660
3685
4426
3857
3852
4337
5249
3839
4422
4372
4316
4361
3842
3804
4366
4403
4399
4419
4367
4393
4382
5240
4363
5231
5243
5254
5237
3712
5248
4392
4548
4322
5242
4517
4436
5223
4388
4478
5188
3585
4320
4376
5245
4321
4365
5228
4342
3720
3513
4355
4560
5235
4401
5257
3658
3703
5234
4473
2574
4777
967
4495
4428
3538
5256
4775
3833
4662
4532
4797
3568
3514
5260
4327
4374
3693
3692
4329
4414
4402
5197
3800
3554
4710
4434
2704
4712
4592
4727
3515
4558
4659
4415
4635
4657
3803
4779
4469
4407
4792
4639
4716
5163
4611
4760
2220
4767
3537
4494
4561
4759
4424
980
4693
4559
4441
2564
4435
1422
442
2601
4823
676
4491
4617
4632
4700
4479
4474
4570
4644
4586
4638
4497
2659
4609
4600
4725
2700
2676
4683
4630
4758
4608
4766
3655
4671
4612
4663
3584
2657
4496
4490
4624
4729
4492
4593
4687
4640
2681
4648
4507
4625
3593
4702
4636
4765
4343
4673
4623
4753
4749
4646
1543
2260
4596
4637
4705
4719
4718
2703
4505
4587
4661
4568
4732
4745
4722
4613
4643
4603
4521
4666
4711
4588
4550
4533
4502
4590
4677
4571
4740
4599
4770
4520
4564
4728
4741
4508
4488
4554
4738
4572
4557
4535
3798
3797
4543
4660
4676
4681
4713
4724
4701
4731
4522
4746
4540
4534
4536
4555
4506
4565
4750
4742
4670
4680
4591
4744
4695
4730
4734
4720
4578
4698
4743
4706
4733
4692
4489
4610
4735
4697
4714
4709
4715
4684
4696
4708
4486
4704
4690
4691
4689
4707
4667
4754
4665
3530
1541
2298
2246
3608
2316
1609
1605
2184
971
294
289
2254
1540
2280
1588
1542
1538
2269
2279
2287
389
2288
2381
2338
41
1304
2567
904
2585
491
93
2253
1135
2224
2561
944
2611
1078
1770
754
717
668
918
946
397
1524
394
1340
1455
2445
1371
329
542
2580
2177
2358
2626
1481
1155
678
2175
371
1442
1486
1339
436
493
431
1441
824
684
933
1377
581
1041
2576
1401
1079
439
557
825
302
903
1150
2587
299
1537
1332
499
382
948
448
355
663
964
1065
457
758
2451
2191
714
534
347
953
2448
2460
1536
1472
833
360
517
2467
733
1212
487
1345
1370
498
742
551
1338
547
458
1398
1344
2575
835
472
1492
1131
1100
1305
594
677
2582
321
851
666
673
753
1518
552
671
730
1414
2456
1115
1499
1671
2482
2590
109
1088
1123
958
479
2315
1132
501
492
1740
2394
1386
1148
1765
300
1512
474
1385
506
548
1382
555
1376
2634
483
303
832
473
1090
454
1103
1114
532
563
2349
514
1055
654
848
1318
827
481
1558
713
2422
1400
1110
2563
1080
1745
596
550
727
1384
530
1077
2454
2290
2586
471
732
2569
595
1673
2639
2337
370
1731
331
322
301
525
505
546
1379
470
1387
562
507
553
539
343
464
554
332
528
1147
543
304
330
524
513
516
529
545
1102
535
520
541
523
564
540
1146
344
531
729
2276
476
544
1444
359
533
1324
480
830
1336
484
526
313
512
519
346
522
455
536
345
1141
511
334
2
1130
1136
496
489
462
1129
5
1795
1572
2516
1073
427
712
354
1563
1084
1111
461
831
1121
895
2251
1126
1042
1421
1443
1116
1439
945
845
2359
2491
2595
2364
1425
728
2373
70
3
1087
972
2560
907
849
1113
1071
1118
892
1067
846
1075
1089
2240
1276
2302
850
884
1092
1459
1098
1070
2286
182
2331
1064
828
905
2360
894
839
2369
2461
1040
1112
2235
1122
2231
2488
1094
711
181
2375
836
580
1056
1426
2621
667
1299
1091
1508
1120
852
1791
1127
1109
1117
1125
1058
1134
1059
1045
2354
1454
2241
2384
463
2470
2343
1440
1048
1133
841
1044
2465
1427
2490
2434
2474
837
2436
2442
2232
2421
1054
2409
2483
2412
2433
2428
2419
2405
2353
2238
1415
2400
2239
680
1466
1448
658
2452
565
1507
2415
1047
1418
1461
1480
2457
1469
2438
2234
2450
2399
1416
2469
2476
2492
2411
2443
2426
2477
2407
2453
2430
2463
2447
2464
2413
2423
2425
2480
2471
2473
2478
2431
2228
2472
2444
2500
2420
2498
2441
316
1474
315
318
317
2484
320
2501
440
2427
1488
312
2512
432
319
447
2481
2509
444
2499
314
445
449
429
2538
309
311
2532
2510
2536
443
441
438
1514
310
2535
1483
2540
1503
2534
661
1523
2541
1525
2493
1716
2529
2651
1750
1478
1265
1510
2542
1030
1495
1279
2624
1759
588
1676
1747
1504
2605
643
1852
1802
1505
2530
1527
1403
1522
2521
1535
1531
1533
1497
1487
1528
1494
1485
1402
1412
1409
2527
1502
2518
1408
2514
1763
2524
2517
2511
2520
2523
2508
1410
1709
1764
1298
1293
1797
1050
657
635
1085
1808
938
1411
1793
1517
928
634
603
587
2648
963
632
1074
586
645
641
1667
615
613
1761
2652
648
1286
1032
889
1297
1029
614
1773
609
662
650
1952
605
913
2596
853
637
1034
606
642
1284
1785
1057
1753
1800
1751
1037
607
1724
883
1736
1711
1787
1810
1780
1940
1294
1790
1749
1684
1227
1263
898
1685
623
585
630
618
1033
629
640
620
577
570
617
568
2649
608
573
1262
575
619
567
1229
2636
579
569
566
610
2641
1794
1876
1175
612
1903
2644
1887
576
1782
1271
1174
571
1702
2633
1274
854
1283
1278
1805
1850
1779
1191
1681
572
1256
2643
1886
1896
1245
1280
1897
1228
1173
1707
1275
1204
1908
1282
1216
1199
1277
1768
1252
1235
1924
1264
1273
1259
1267
1951
1706
1241
1255
1243
1244
1941
1821
1269
2017
1823
1266
1223
1929
2018
1226
1211
1816
1970
1203
855
706
1260
1824
2592
927
1931
1069
2603
1254
1220
1258
1237
1218
1239
1225
1234
1240
1187
1210
1920
1248
1198
1222
1958
1201
1214
1988
1196
1242
1992
1183
1170
1942
1167
1703
1839
1184
1838
1197
2006
1221
1051
1168
2616
1826
1817
1878
2007
1915
1914
2594
2584
1898
1978
1194
1774
2589
1849
1827
1819
2005
1207
1836
1879
1166
1948
1963
1834
1971
1206
1980
1943
1947
1899
1989
1848
1916
1843
26
1890
1683
1180
1777
2583
1840
2026
2588
2003
2062
2015
856
887
2035
2075
2102
1186
1701
1697
1999
40
1904
2016
2025
1981
2052
2119
1894
2562
1902
2047
1841
2173
2027
2011
1949
1880
2043
1163
2009
1969
1164
1935
2081
1854
1960
1862
2019
2002
1698
1906
1911
902
1861
1865
2059
1868
1962
44
2572
1858
1900
2090
2013
1905
1162
2091
873
858
52
2060
2071
1866
1869
1851
2001
1998
45
2042
2008
28
1910
27
1893
1179
2031
2020
1995
2041
2036
1996
2022
2061
2038
2074
1700
1993
2040
1901
1921
1699
2012
1990
2039
1956
2066
1853
1983
1965
2021
1986
2064
1937
1997
1953
1945
1870
2080
2055
2056
1864
1928
1974
1922
1873
1907
1926
2098
1987
1944
1966
1976
2058
1975
1884
1881
1883
1954
1934
1950
1917
1912
1159
1035
1860
1863
1857
2069
2067
2068
879
2082
2070
881
2104
2077
937
2089
882
1874
1872
2084
2076
22
2106
2131
1875
2072
1867
2115
2073
2083
2141
932
7
1687
2051
2092
2088
51
2101
2096
2086
911
46
2085
2097
29
2140
2087
2079
50
47
2114
877
874
2100
2116
2110
2126
2155
2121
2109
2053
2125
2113
2124
2145
2154
2146
2117
2112
2118
2120
2130
2161
2122
2108
2148
2170
2150
2136
2139
2152
2129
2169
2160
2162
2158
2168
2164
2156
2138
2149
