4227
290
287
1469
3105
4178
4234
4111
2870
3086
184
2863
3061
319
293
421
1502
2571
3021
1547
4179
639
1470
387
316
4246
4073
4007
4224
1546
3121
1475
4066
4163
4671
438
4220
1454
1463
3153
5382
183
182
5383
4087
2979
3078
2281
4148
5259
411
3032
3074
523
2477
2544
1060
2420
2983
4944
3071
1208
2694
2516
2512
3398
3207
329
1925
4161
1982
3729
2570
4081
3191
4154
294
4697
1462
3563
3654
3104
4768
2455
4034
1138
3123
3633
280
2558
2467
4638
398
3085
371
4025
2869
459
2873
3093
2981
3147
5140
1042
1310
3109
3839
1205
428
1215
3724
3036
1533
3854
4612
5381
2692
392
5235
315
385
356
1538
6
4180
5255
3670
5379
3852
3149
4248
1075
2931
1981
401
296
4213
4089
679
4736
420
3659
3068
4407
4825
317
358
344
1455
320
375
4194
345
4443
181
1477
3716
3725
1544
2445
2135
4160
63
3869
2083
1217
5146
1252
5104
2429
2864
2758
4628
4010
3363
3242
3549
3833
3129
3377
3035
1974
3857
3964
5103
4039
1478
2444
5212
1291
4640
5268
1820
3100
3837
3730
1604
4685
5110
4679
4691
176
1913
1147
1190
5229
1971
5219
2777
1036
3201
276
2265
1483
4083
3866
1293
3258
3023
82
2432
3892
2853
4079
3819
2534
3444
525
3453
2412
1244
3060
3627
1937
4229
5231
2002
120
2547
475
349
2459
1883
2402
2044
1952
3726
3065
3016
4810
4731
1494
4219
3259
364
5261
3958
3200
2325
3762
3770
2504
3180
1274
2485
1096
62
1347
593
410
1335
3264
167
4020
4587
3327
1524
4727
3347
487
1504
2887
482
671
334
3978
35
1342
169
2632
3185
168
3564
2566
40
2930
5096
4222
541
3840
4584
1280
4657
3900
1529
374
3653
936
3832
3646
253
2563
2543
3997
3858
618
634
923
4945
1917
1943
2355
5197
1938
1910
3830
3120
1930
2038
3203
3868
3050
5137
1032
2151
3851
2528
1265
3044
3179
660
4215
1601
4035
5232
2264
4230
4680
4074
2389
3051
2188
3925
1111
1884
3148
87
367
1906
4718
2016
2481
70
4836
3362
911
1288
4060
947
4164
1216
3650
4444
3965
5105
4459
4662
3761
275
3598
535
2
173
391
4664
3593
662
4826
3723
377
1354
2559
3634
686
5078
121
369
444
3876
489
4961
2868
451
4960
3748
2788
4591
64
2554
4155
3885
3877
1282
1045
431
3291
2415
2274
3049
1898
177
347
861
569
3017
1001
2051
2107
3210
3022
3540
3243
1786
2096
629
1259
1450
1104
4204
1507
1223
4171
4681
3759
4952
1446
2426
2313
3321
3211
1748
3204
166
3056
5225
3845
3114
677
2825
5072
3186
3769
2784
2755
1041
1775
4855
2884
685
5044
941
1530
3662
592
3920
3825
5093
2436
4673
3931
4344
672
1362
3675
4835
5373
579
3636
376
455
2946
3628
1939
2367
299
937
1918
2550
300
4756
4748
4641
1152
1489
5221
486
2173
1371
4846
2360
1019
3679
2926
468
2390
2532
5374
3707
4000
191
3721
4602
2447
699
1829
1140
1336
3647
2023
2471
2995
3079
3115
5215
1905
4011
656
516
4128
5241
3111
5109
1194
3552
4121
1591
3010
1258
5220
2984
4059
2889
3835
2003
2476
5042
4905
565
1859
1268
3544
5201
657
3047
4168
2998
5102
2676
4077
3124
3982
1957
2092
5149
3015
3339
1284
1773
1306
3977
2907
445
1890
4775
4637
4599
3629
988
3661
3881
1074
4413
4625
4590
2189
1541
3458
912
959
4586
1243
2101
4989
2951
1895
4821
2055
2568
1120
3399
1128
3357
1556
888
2565
2631
1545
4442
3596
2655
3282
5329
555
2119
2975
2854
1414
1509
69
4652
944
1376
2103
3152
848
4735
4252
239
4218
1643
5082
5051
2041
2374
172
4044
4032
1642
272
5034
113
4469
5107
5062
2848
1697
302
399
1928
4615
1171
3970
5238
3256
139
3838
1652
2424
2375
5084
373
526
4335
3031
3217
1965
3155
1262
2862
2368
4199
5100
3969
3823
3140
2428
91
3882
3241
4693
681
1819
1369
1758
454
5348
1179
4847
2177
4552
1349
3640
1312
5113
1361
963
2527
2484
4122
1234
5126
3917
927
628
1330
4755
843
697
4547
1158
2958
165
1185
4069
3393
1833
2866
3459
643
4045
3808
2399
2474
3303
1237
1124
1355
4406
3287
3704
3622
2920
5039
2161
3195
2321
395
5252
3004
3794
1992
142
1637
4228
3787
3221
3728
2859
3804
1629
429
2152
2153
3727
3902
3999
2181
2258
2080
5260
1920
3828
4624
1926
3635
365
895
4197
4417
920
859
1428
3174
2168
297
1198
1569
2273
4503
1476
2060
536
3205
5240
1911
4349
3713
2798
998
30
5049
5
970
1095
289
34
2763
269
3285
3545
1560
252
3372
3199
1132
83
4722
972
100
3595
4663
4333
2460
3244
3272
3429
644
2677
2422
5350
4694
108
88
422
1523
368
85
3541
4682
4056
1519
2394
379
919
4356
4758
1043
958
5190
5218
4088
2254
3618
3893
1568
3216
5242
2379
3918
3328
1782
3824
5208
1969
3649
3037
3901
4569
3749
4627
3884
1479
4573
2203
343
3295
962
4173
2021
5244
5274
4525
4651
2012
2073
632
3685
5310
3288
1375
2396
4606
578
4314
3098
5338
5156
1222
1803
517
3968
2939
2646
5081
1251
908
2827
449
2952
1322
2903
2965
2350
3711
1340
5077
68
2896
1151
692
1525
689
682
2674
1828
2698
2211
1247
2227
667
4030
3151
4786
4412
2384
2411
5119
2650
323
940
5043
2986
2220
1490
646
3643
3474
858
1209
1892
1467
1040
1526
4911
4832
3809
4601
4822
4837
4969
4845
821
4710
4592
4667
4752
551
534
3800
3384
1079
4706
4613
2263
3470
2569
918
4544
279
4243
2049
3214
3436
3672
3826
2567
3378
5094
1070
4250
4787
4833
1086
2496
2535
3182
734
4720
245
3194
118
2195
1172
84
4006
4609
4086
3247
1214
2605
2810
1904
3621
434
1225
3952
189
1959
2553
4186
1250
661
4019
2382
3986
2760
1730
3816
2421
4307
2982
1839
310
1212
2324
2033
4951
5154
131
195
3048
2034
1201
4040
2383
3364
893
2441
5085
4165
111
2130
341
5172
1346
1927
3610
3430
5047
1836
790
1681
3406
1614
761
1606
1334
2304
4371
2668
3450
3714
2228
762
760
2924
3510
4532
2675
4886
2084
1505
1565
1620
4967
1508
2656
4262
4770
796
4890
3443
2662
1689
4934
1901
789
871
4932
4927
4530
4540
896
2714
4885
2726
4889
782
784
4980
3515
4732
788
1590
4929
4207
1578
4745
4582
5011
4536
1789
1641
1646
1654
3556
857
4900
1363
2560
3780
2584
4391
5056
3642
3484
4603
1583
1625
5278
2625
3350
3740
4514
781
5005
3525
4529
3555
2699
4376
586
45
498
3440
4260
2363
5178
4285
2078
759
4465
708
706
4470
4991
1684
2861
4306
492
1988
1313
1542
2867
595
1431
1449
5368
2405
4678
3009
3959
366
3955
1961
5226
4607
3560
5377
5253
5339
3018
175
4290
5355
3019
1154
488
4850
2589
1344
3090
3873
4185
1165
3663
3227
5358
4142
3574
2997
2996
2651
1466
4200
4633
559
1097
4655
2640
3524
3505
3509
3092
1441
4182
4304
4447
4545
4938
4992
778
2725
2727
2729
4388
4915
4317
2708
2709
2336
1581
4453
4528
1447
3319
783
2234
2328
185
3521
4474
795
5331
801
674
3473
3466
1815
3442
1813
3493
1864
1101
3496
3530
2639
3457
208
776
3514
4339
4481
2295
4896
2753
2317
4428
2923
5317
4923
1532
1174
4369
3441
4373
1651
5185
3482
3511
4995
2805
793
1593
4926
1639
831
4361
745
3490
4892
3070
2915
5210
4985
250
4504
807
4423
4313
2592
4383
3169
490
3449
3531
2913
257
2585
4984
4146
2011
4596
4546
4996
4506
4343
4542
4480
5277
4420
2335
4778
609
1993
3710
772
3587
4430
4966
4711
780
1849
4352
3360
752
2453
4704
5008
4475
2468
4119
806
2342
1984
2969
4424
2239
4921
4439
575
4247
2956
2682
4429
530
1638
4942
3741
5282
2679
4300
4385
4448
3478
2276
2502
2765
4295
4521
4933
739
4427
4419
4394
5312
5279
2929
1708
3506
597
802
1498
2966
3504
701
1710
5019
2381
718
3927
3934
4621
4930
1424
709
601
305
1292
4742
3736
4326
3122
574
4533
2509
4695
1663
5303
286
4931
5313
4367
2486
2086
4604
3422
4512
2706
2954
3176
3933
4901
4422
4979
585
4849
4476
499
2808
803
666
2716
1058
735
4856
5276
4359
5336
1391
604
2647
5257
4526
2837
4998
1635
3939
3110
2232
3292
479
4744
3455
4781
2230
2287
2733
4301
2209
620
5050
2285
4457
3821
4294
744
2667
638
1236
1610
823
3774
2066
2583
1763
4374
5281
2641
2072
1598
5333
746
2943
1682
1640
5288
813
4351
1825
1826
3904
4994
4013
2696
1659
3069
695
1020
4269
1602
2593
1597
804
3439
4939
4323
622
1562
1436
2800
1631
1586
4380
1716
1623
4137
2787
4288
532
3326
5314
3652
4382
5006
4467
3586
1609
1611
3489
833
1687
1671
822
4402
2626
1345
1713
1173
1655
2358
3465
4968
4315
3419
2440
2369
4403
427
440
4692
3313
4531
1978
1566
1644
1843
1650
4941
4499
4784
4355
1765
7
3408
1392
201
4507
4240
1417
758
810
1759
2341
1648
4425
1555
1210
4997
19
1649
1664
1666
1672
1686
4426
2305
2292
41
1594
2833
2112
1673
740
2231
2127
4576
255
5365
3454
2770
1199
1100
524
4242
4937
2769
4539
2244
1488
1810
779
4747
1809
476
2280
1688
3112
4255
4398
767
325
81
5324
2754
4517
700
2290
4267
3471
1563
4935
2878
2286
2291
4271
1679
2240
2352
5265
2346
2817
2816
4141
864
1607
587
1628
4396
4581
1807
447
3980
3789
984
3522
2217
4370
5030
5066
4920
3000
2351
2345
4350
3351
5272
4713
4266
4563
1709
1445
3427
4387
1528
4925
805
4414
22
827
1665
3928
4813
3626
3935
3410
4973
1670
4972
1636
1616
1564
1683
4265
4395
1632
1627
1624
2318
1900
4264
1675
2844
4393
4261
4893
4268
1705
2306
1660
1393
4660
2166
3297
3101
5162
3513
1472
2149
768
1595
1552
2843
4534
4456
4922
1117
2635
3365
1024
4432
4449
4642
5300
1657
1220
4500
1678
2331
1668
1645
1630
1622
4336
4384
4981
1667
1674
1685
1647
1603
1615
1634
4346
1619
4329
4150
1574
2316
1626
4390
4377
4907
2347
2278
4486
4903
2284
4401
1451
53
2104
46
2126
1745
2319
4723
4365
1561
777
4908
2713
5022
1723
1066
1747
2311
2257
1872
50
4936
2365
4337
4347
4318
4372
5015
4263
4400
5014
44
24
2157
2250
5009
1897
23
1711
2121
1612
4363
4392
2098
1067
5018
148
4368
2723
5287
1717
1832
2315
2826
1323
1712
4397
2339
834
4501
4259
670
4223
1077
5280
4780
1324
4497
2326
4357
816
4364
4794
1785
3067
1863
49
2176
4362
2148
2167
4360
2070
2113
5002
2158
2340
4878
4280
2353
4276
2204
2841
1842
3403
1558
2419
2122
3798
1553
4561
1662
4410
1875
1295
4897
2079
2090
1882
2689
1157
4808
466
153
2377
2806
814
1878
1582
3013
3608
4583
4924
2624
825
4103
2796
4515
4138
4302
4919
4434
4289
2630
1876
4537
786
1702
4891
4912
2876
5200
2116
4804
3790
2961
726
2323
2916
1554
150
2659
4226
4743
4415
2270
1725
1031
2245
1484
4721
2074
5263
787
4129
1444
3936
3690
4838
5264
1714
785
2312
1799
1559
5270
1808
3992
2922
3983
2642
4578
4310
4918
2212
4433
1800
4754
4887
1797
1814
2069
2200
4454
4553
1458
2665
748
4386
4895
964
4580
4157
1680
4764
4389
4548
1728
2628
3985
3456
1772
4789
3245
2654
4963
1857
5299
1722
4334
5073
4156
4788
3088
1780
1743
955
1589
507
1704
4527
4523
3495
2728
791
1715
2236
2229
4174
2251
2235
5036
2247
2793
2797
1669
2243
2778
5326
5362
1737
2660
930
1721
3579
2832
2722
4783
4273
2279
800
774
615
2715
2077
3409
4749
1749
570
1396
3582
2255
3106
3943
4811
3404
1412
4558
4814
1653
5003
4565
3359
5342
396
3785
4298
3411
2208
1390
5027
4354
4309
4379
3705
4916
5026
5271
4311
5361
2091
2242
2707
5029
4965
2619
4518
2334
4145
4535
2216
4796
1869
882
4686
4258
1365
3144
5028
1182
3136
4438
3407
980
1783
1676
1817
333
2330
4759
5369
2466
2187
2934
5117
1410
4751
3325
1596
2301
4471
4316
5046
4399
3712
2719
2780
1837
966
1866
4777
5323
2838
4943
2277
3438
4292
25
2238
4342
3448
4909
4291
2789
3434
4437
3405
4659
3699
5010
3537
3656
1861
3984
1535
1617
2332
5337
5292
465
2595
3318
4541
3276
1824
441
3604
3558
2831
243
2894
2097
3592
3766
4293
3435
4299
4275
4322
2779
5032
5058
4353
5045
5021
5067
4308
4274
2821
4894
4913
5020
5013
4324
4538
3446
5054
3903
2836
2829
1621
5000
3581
144
5069
1719
4358
3950
4345
4827
1718
815
3528
1102
2704
1008
808
3609
4098
2174
1848
1439
1580
1790
10
2629
1315
4279
4303
3437
4284
3433
3431
4320
3432
5016
4325
4341
4321
4278
4375
2792
2804
2807
3535
3519
3543
4332
5055
5087
5090
5041
5091
4948
5063
3554
1605
4296
2742
4331
4319
5075
2834
2703
2824
3426
2241
2356
4940
743
2743
2364
2799
5031
65
3547
5052
4914
4287
1706
4281
4297
4977
4970
4256
4990
4348
4327
4976
4254
4983
5025
4286
4305
5061
2700
4993
4272
1658
4978
4999
3701
4962
4328
5068
4282
4253
3578
5064
4277
1599
4975
5040
3548
5024
2343
2846
1633
4257
3487
4338
2768
1557
2823
4974
4964
3688
5108
2814
2359
2327
1608
1613
4340
4982
3536
2300
5023
2766
5057
5037
2701
3580
2322
2333
5012
3550
2767
2705
2842
1661
3502
5071
3715
3583
2310
2812
5001
2344
4987
5074
2314
2348
5017
5089
1618
145
3702
830
5118
5076
2803
3553
1550
1464
5033
812
5079
4196
4988
1577
3532
143
2574
3503
2938
5095
5114
2298
5097
5098
5086
3420
3577
2912
3508
3526
5035
2338
2828
5007
2918
2690
2721
2882
4131
2776
2283
3498
2905
3692
1000
4959
3584
2819
5125
5059
3695
2752
2818
3585
2801
797
4953
1585
3412
757
2902
2362
2772
3512
3518
2813
5189
3700
5352
2972
1027
3520
3507
2911
3491
2839
2744
3706
2746
3501
3709
2835
3708
5101
5099
2908
3499
5070
3492
2840
2822
2764
2820
4134
4126
3500
2900
4136
5111
4125
2968
5038
3486
2413
5145
2761
2762
2751
5188
3698
5177
3551
2774
1137
2724
2877
997
117
3480
5088
2720
4906
2899
2811
4421
2847
2904
2890
2781
2802
2815
2775
2973
5122
4958
4954
5080
2892
5106
2809
2883
5131
5083
3694
4135
4127
3651
80
3534
2962
4461
5065
3415
4195
5158
1023
4181
2895
2773
4130
2416
2622
2623
2830
811
2702
3087
5207
1434
2246
2588
4562
1413
2307
2302
818
819
3416
2759
2783
2791
2944
2794
1006
2875
5060
5092
1017
126
5192
1592
140
3542
2357
2976
946
4184
3413
2970
875
5169
5182
2885
2949
3477
1122
5234
5183
2370
2786
2371
1587
824
2437
2967
4231
2648
4132
5224
3696
1588
2935
426
5297
1522
5328
1399
5367
5295
2202
5115
3538
2373
5170
5053
77
5194
2771
5151
32
999
612
5152
809
5168
3094
186
207
2919
4955
3011
2391
158
1401
3527
2750
2693
2850
842
1513
749
3417
2782
31
4479
4956
4949
2886
600
2556
5163
5321
18
799
4463
4225
2498
3802
5116
4151
1551
3095
4485
234
5112
4950
5134
4947
2400
2971
3012
2756
2299
5191
3127
155
2785
2361
2387
2906
76
3539
2282
5132
4205
2891
2977
3566
2974
3546
237
755
2942
267
5141
2401
5157
2398
5139
5138
93
4221
817
5121
1025
3421
4116
2980
2849
4676
2386
5148
141
2747
4189
2406
4910
2410
4957
2403
5120
2409
5123
5124
5130
2380
4946
5144
5128
2417
5186
5175
2757
5181
5171
3125
5142
79
5179
2414
146
5216
78
2397
5196
5143
5184
2393
5161
3533
5147
4249
3126
5199
2408
5176
2963
2418
2404
5166
4120
5155
5202
4124
4187
4143
4172
5153
5129
5195
5204
5164
5187
5174
5173
5209
5213
5180
5133
4123
5160
5193
5205
5167
5159
5150
2392
5211
5136
2874
4144
5165
2423
5227
132
75
5236
5135
462
4149
5237
5228
5230
5214
5203
99
2376
4115
4245
4188
5206
2519
152
931
3099
2425
938
2897
138
751
983
4214
1573
3008
5217
4236
5222
3007
3103
3006
5249
5246
4244
3119
3054
202
3076
2427
5223
3064
820
4203
967
458
798
3107
2272
5233
4162
156
3703
4232
72
2872
1548
2552
3080
2275
1501
3686
3681
3117
1567
854
136
2925
5250
187
883
2953
1471
1549
2988
3005
4183
4147
4113
4238
3083
1571
3075
3082
733
754
832
4118
3108
846
4241
1572
3073
736
3062
4235
3039
2372
4169
4201
5239
836
188
3091
2431
2978
5248
271
5243
794
244
2879
123
1575
4159
841
792
2480
1584
2871
3053
845
461
3639
2790
979
828
2964
750
1421
1576
847
1579
844
835
1570
826
849
732
838
731
840
756
837
5254
4117
3077
855
1600
4211
4210
852
3081
727
851
839
5251
2329
4216
5247
3089
1435
829
4206
3414
4233
1443
2430
5245
737
4237
2888
2473
1433
728
2960
2442
2297
94
200
2748
1437
73
2293
730
1459
853
1438
74
2262
850
89
1448
67
1432
2957
2289
729
2309
4217
2454
2945
86
1511
1430
2470
1426
251
2525
133
119
2433
285
2443
2941
4108
102
2508
256
193
2446
4112
4109
981
3038
1527
295
241
974
747
122
2488
2564
3113
220
416
960
2458
288
263
2795
2448
2349
249
2520
2749
2434
2407
66
259
101
278
418
103
1422
2940
2260
2395
127
1420
2266
3096
217
114
1010
1418
2452
97
2561
106
330
1536
2463
262
130
274
2462
1429
2294
2366
939
282
1026
301
2501
2490
1482
995
1009
107
2491
2438
2388
2320
2308
2261
2497
2435
2267
2461
2503
2378
2506
2494
2269
115
2259
3
2472
266
71
2456
2510
2489
2469
2439
2499
2464
2526
2268
2478
194
238
2465
2932
218
2495
61
298
2947
227
2337
951
112
2936
331
2851
2271
2492
1016
2449
3682
2511
2493
2551
2475
2517
2530
2505
2518
232
2515
2538
1423
2522
1531
2531
2523
2533
2487
1419
192
260
2562
2545
2482
2500
2865
3693
2860
894
2513
2521
2948
2451
2479
2950
58
2541
247
446
2937
2901
284
3447
240
2959
2852
450
2557
56
2514
1028
1500
3102
916
328
2529
453
2507
457
456
2539
327
2542
2548
2537
1521
1539
1416
235
2536
164
162
226
92
326
231
161
199
246
223
206
1543
277
1415
163
2546
435
129
224
1022
990
1005
3557
954
281
157
3028
3024
2921
2549
179
2691
2927
443
13
874
1411
60
98
973
110
149
216
1013
222
996
59
215
950
124
135
961
0
190
993
258
3674
125
233
1029
105
225
1004
213
57
994
160
1018
180
1003
3025
248
137
90
212
987
856
154
261
147
151
2933
414
159
116
2910
2917
2987
3041
11
1007
1015
1002
128
198
96
876
109
873
12
1021
197
1030
134
104
1014
877
1012
242
878
54
2221
254
879
881
1
986
55
210
265
95
2226
273
203
978
268
264
270
2909
880
230
2914
219
3055
291
228
992
2898
236
174
211
463
3014
229
221
178
2223
204
2214
14
15
2213
2218
2206
214
2210
2855
359
2580
2985
419
378
350
464
26
2207
924
2222
3040
2881
338
3029
2858
412
1170
2224
3680
442
2880
2225
292
576
386
900
2253
3116
3684
3856
3026
3181
1510
2233
616
433
3059
884
2215
1742
2205
406
1736
423
2219
3043
360
3052
493
16
925
2989
170
3673
402
322
901
2857
2603
352
3625
3559
4004
452
1169
381
205
335
171
2893
3118
1804
313
3042
1161
3644
3084
2248
1827
1409
2573
2992
4198
4068
497
2991
3001
3030
611
2555
3141
393
306
397
3033
324
409
404
3045
351
415
3034
394
339
436
2993
3128
417
413
430
478
432
3020
389
424
362
425
2990
4107
3002
408
361
3097
4239
3222
1402
340
3063
3057
400
502
3058
1166
1163
542
4516
1405
2540
1442
481
513
3849
4097
372
383
403
307
390
370
380
303
337
342
439
382
384
388
336
1404
312
405
321
1406
1403
480
2994
1515
196
4099
477
353
533
354
348
407
1395
3160
3142
3225
3066
518
1311
3046
2856
448
1168
4251
3197
2524
304
2999
1768
1798
1453
2483
3239
577
1408
572
571
308
1314
1407
355
561
573
506
357
4209
3226
568
2572
1537
538
1512
1400
4009
4106
510
567
1397
564
558
346
514
311
1516
3464
3463
1474
554
363
3233
562
3190
705
4093
1496
3223
332
3460
1534
521
1473
4110
4105
4177
1064
3231
2457
560
556
550
557
549
529
519
511
528
505
309
1162
314
512
527
520
563
566
3228
4091
543
539
4095
547
4085
3027
3236
3232
546
4094
3143
3163
531
3003
909
3198
483
763
537
4096
3462
1461
719
5256
8
1506
1398
3219
1167
33
1156
2156
3209
4092
3215
3146
503
509
522
4080
3220
3188
3189
3213
545
553
3235
3212
515
544
4084
4075
3206
3237
548
4104
5258
3145
3208
1153
3202
4100
3229
501
3224
3485
3218
3234
3238
3230
469
3196
899
4005
3187
4102
910
4190
496
3130
3159
3664
4101
1164
3171
860
3178
485
3164
540
3175
3183
552
3131
3192
1370
4076
3161
504
3172
3132
3167
4082
3184
472
1159
3193
3165
3177
3831
1144
3170
1107
1088
4008
3133
1127
494
3173
1518
3135
495
3240
1160
5262
491
484
471
4062
2732
3168
3648
3847
4012
3561
3665
3157
1150
2600
1155
1098
1136
467
500
1148
473
1126
470
1149
1134
3134
3842
3162
3848
1115
1129
1116
474
1052
1087
1517
508
4064
982
1069
2612
3677
1106
720
3476
971
3469
4192
2615
3260
580
3158
1332
3166
1103
3529
4070
1143
3855
3810
1486
2581
4071
1368
1130
4212
3697
1141
1123
1135
1083
1105
1076
1073
1139
2606
1146
3668
1065
1091
949
1818
1480
1326
1125
4167
696
3689
1384
3817
3137
4090
898
3792
1468
915
3497
2616
985
1364
3395
4058
318
1048
2670
712
1387
991
3390
3483
5309
1481
1358
977
3494
1328
2599
1059
1309
3779
603
602
1388
907
957
1394
914
1491
1383
742
1457
1497
1514
3796
4072
3479
863
2450
2579
1389
929
3732
1460
3788
1062
1049
2617
1485
1318
1145
906
1061
3138
3139
1329
1377
3488
617
3268
613
4176
1348
3812
698
989
4047
4065
1308
1351
3451
1465
1495
2634
1503
1316
741
1374
1456
1327
9
1337
1359
771
711
1320
1366
1440
1380
2637
1385
1378
714
1319
1339
1357
2587
1372
764
1331
2601
704
1386
2638
710
2618
2602
619
3758
702
3261
2613
1317
1452
1382
770
1142
4063
1381
715
1379
1133
2591
1343
2643
3801
3751
713
717
1356
1350
1325
716
773
707
1321
1353
1352
1333
1341
1360
1493
1338
1373
599
2627
614
1131
598
4405
3791
1762
3687
2607
3388
3750
4053
1112
765
694
4052
3806
4133
693
3154
2652
3733
3829
3156
1520
4067
703
921
4022
4175
1011
3734
4202
4193
4153
3763
2695
3815
3803
3778
4078
3820
3752
4208
3768
3423
3805
3795
4014
3836
3827
4051
3461
4055
3744
3475
4191
3374
3745
4140
3468
3265
2586
3271
3850
3843
1487
1089
1499
4048
3757
1698
935
4158
2678
3841
4139
922
3844
610
1093
1090
1838
3373
4061
17
3270
862
4054
4170
4152
4043
4015
3269
4028
4016
4037
4033
4046
4027
4018
4023
3267
4038
3467
3771
3425
3262
4024
4057
3389
3814
4049
5308
3150
4031
3786
4017
3614
3783
3385
3391
3565
4050
3354
3286
3743
3784
4036
1109
4042
3394
3660
3266
5275
1081
1092
1094
627
3424
3623
3452
3387
4026
4041
4460
4021
3379
3397
3392
3341
3375
3343
4464
3396
3355
3782
3775
3333
3777
3320
4029
5269
3611
5127
3683
3631
3641
3846
3281
3624
3632
3834
3691
3613
865
5301
945
3853
3799
1072
1082
3612
4520
1108
2658
3607
3755
3569
1750
2681
766
688
1757
3797
3807
3738
3742
3606
3767
3567
3602
3571
3822
3630
4495
3638
3739
1085
3570
3811
3818
3562
3568
1080
3376
1114
3746
3284
665
948
3671
1113
3340
2636
2590
2582
5370
3926
3813
3619
5325
3263
3386
1078
1703
1771
1296
3383
2649
2645
1063
3335
669
2611
3361
3300
1118
3722
3756
3793
866
3781
1119
969
1099
1110
1038
3990
976
3924
3620
691
1057
3283
3720
1738
687
1039
5378
676
3940
3930
3381
1753
1298
3678
867
3358
1752
3617
1690
2252
3401
3296
633
3348
675
3731
1425
1846
1764
2687
868
678
690
1055
1276
2577
3991
905
904
1071
933
934
956
1068
897
1270
1051
1740
596
2669
1056
1255
1699
913
2685
2661
2663
932
2672
684
606
1277
1305
1188
1741
2256
3765
2621
3941
36
1084
2610
607
608
1801
1796
1835
659
605
680
664
1744
3947
3380
2666
1231
3342
2608
1047
3280
1751
2688
1701
1700
1774
2684
2686
1693
635
2597
594
1754
1756
683
1695
590
2644
1694
1761
1269
2683
663
943
1696
647
1746
1427
645
655
630
1260
2598
642
654
651
2673
2614
1779
621
1707
1204
1037
1769
1290
1303
1189
1791
1767
1275
903
1278
1272
2633
641
589
583
1044
1304
1770
584
648
649
623
653
625
588
1300
637
1760
581
1691
582
626
673
1297
624
1267
1283
1266
1781
658
668
640
1299
1307
1218
2680
1046
636
1302
1787
650
1281
591
1301
1795
1286
1264
1794
1734
1812
1816
1289
1294
631
1739
1287
1271
1285
2664
1257
1263
652
1279
1242
1245
1946
1784
1755
1248
769
1256
2620
1802
1261
1732
1230
1766
1273
2576
1238
1805
1692
2594
1241
1203
1735
1823
1187
1924
1919
1240
1235
1853
2671
953
1186
2575
1870
1229
1811
1923
1793
1822
1852
942
928
1845
1821
1202
2064
1903
1228
1246
1253
1196
1211
1254
1873
1776
1844
1834
1856
2609
1847
1183
2007
1733
1865
1840
1996
1778
1860
1854
1184
1851
2596
1855
1862
1054
1879
1249
1221
1831
725
1877
1871
1914
2604
1181
1881
1935
1731
1777
721
1239
37
1806
2249
1830
1227
1792
1947
1956
1858
1968
1197
1915
1989
1200
1997
1941
1951
1233
1841
1727
1967
1985
2031
1195
1729
1232
1180
1850
1724
2014
869
723
1899
1053
2005
2018
2015
2052
1880
1226
2057
870
2040
2006
3356
1034
1050
3368
3948
5375
5290
5315
3369
724
3366
5306
3330
5302
5320
5307
5289
5311
5273
1994
5316
5351
5298
5332
5346
5283
5343
2043
2056
1219
3279
5319
52
5335
5286
48
2697
29
5285
5267
3402
886
2191
4888
2106
4669
2076
4484
1207
3676
3956
1973
5304
1726
975
51
5364
2068
2085
1916
2004
3382
47
2058
3760
1931
38
3317
5334
5305
5291
3371
5294
5293
5284
5318
5296
5327
5356
5371
5266
4508
2075
3370
1868
4445
1177
2035
1907
2198
5363
1874
1035
926
3666
2063
1942
21
1192
1193
27
1213
2048
885
5376
2194
4473
3601
5330
3344
722
39
3573
3916
1894
1033
2065
3345
965
4898
28
2192
968
2059
1867
2062
2120
2180
2045
2054
42
2184
2050
1175
917
2201
2114
43
2186
2071
2197
4472
2067
1896
1958
1206
3445
3754
1178
2196
2111
2190
2199
2131
2185
3332
4505
902
3987
2182
4492
3921
4902
3572
20
2164
3603
3773
2172
3329
2178
3667
3966
3299
2169
2163
2179
2171
892
2155
2162
887
2146
2193
2099
2170
2150
2140
2139
2136
2105
2138
2128
2125
2159
2144
2129
2160
2175
2154
2100
2095
2134
2046
889
2183
2102
2578
2165
3349
2053
2142
2137
2061
2117
2133
3669
3906
3305
952
3311
3988
891
1893
4487
2132
3289
2141
2145
2143
2124
2109
2108
2110
2147
2094
2115
2118
2088
2030
2087
890
2093
4899
1191
1885
872
2089
2037
2082
2123
1998
3301
2047
3655
4002
3298
5384
5380
3753
3589
1176
2028
1986
4003
4
4494
4496
3951
4482
1912
3923
3719
4511
4654
1955
1887
3616
4001
3312
1966
2081
1886
2039
1995
2025
2027
1934
1889
1891
1888
4404
5345
3324
1922
1962
3275
3331
3338
3588
3337
3310
1944
1975
1921
2008
3273
5349
4418
3957
3938
3949
3932
1987
4502
3764
3996
3875
3274
3575
5354
4632
3334
3250
4510
3735
1940
4498
2017
3658
3905
3737
5322
1953
1908
2019
2022
1929
1909
2026
2036
2024
1976
1960
1932
2001
1948
1999
1990
1933
2029
2020
1936
3353
1945
1979
2010
3316
3323
2013
3322
3293
3251
3989
1949
1950
2009
3248
3309
3294
3246
3937
3307
1963
3315
4446
3290
3961
3922
3314
3252
3995
1954
3249
3993
3254
3308
3994
3304
1980
1991
3998
1983
3257
1972
3981
1970
1964
3253
2000
3255
4666
3302
3946
3911
3912
3960
3891
3945
3963
3871
3975
3974
3913
3972
3874
3919
3953
3976
4675
3747
3942
3910
3971
3897
3929
3954
3890
4614
3346
4458
4519
3888
3909
3944
4650
3979
3898
4490
3872
3973
3967
3889
5359
3962
3887
3907
3865
3886
4409
4605
3914
3867
3908
4513
4571
4617
3657
3352
3367
4493
3718
4483
3899
4468
4491
3896
3277
3278
4616
4451
3600
5372
4619
3870
4649
4489
4698
4416
4477
4712
5366
4450
4411
4455
4705
4509
3590
5357
4408
5347
4618
4440
5360
4631
4466
5344
3895
4690
4635
4670
4626
4709
3915
4543
4790
3400
4549
4648
4658
4557
4730
4556
4653
4773
4478
4647
4750
4701
4715
4598
4766
4600
4575
3637
4728
4668
4488
4776
4560
4746
4554
5341
4687
3597
4564
4620
4753
5353
4572
4703
4593
3894
4763
4579
4595
4696
4550
4568
4740
4702
4765
4551
3864
4634
4597
3879
4738
4567
4689
4725
4674
4594
4555
3599
4716
4588
4636
4661
3717
4643
4726
4688
3860
4441
3576
3880
4665
4707
4566
4683
4611
4623
4684
4629
4622
4646
3859
4574
4805
4719
4807
4757
4792
4644
4577
4589
4639
4630
3878
3862
4645
4610
4608
3861
3883
4708
3863
4700
4714
4585
4724
4699
4729
3615
4656
4570
4672
4767
4774
4734
4769
4772
4798
4800
4791
4797
4737
4741
4785
4436
4779
4739
4733
4841
4761
4815
4818
2731
4854
4823
4812
3594
4816
4799
4782
4843
4771
4809
4793
2717
4817
4831
4824
4830
4844
4834
2718
4839
4806
2734
4829
4803
4842
4858
4851
4873
4867
4859
3645
4760
2740
3591
4882
2737
4884
4866
2730
4857
2712
4871
4865
2739
2738
4853
4874
4876
4875
4848
2741
4880
4861
4877
4801
4795
4802
4862
2711
4852
4863
2735
4868
4881
4869
2736
4819
4870
4860
4879
4840
4828
4872
4864
4820
