70
3
1578
2455
4264
2462
1558
653
1359
2460
2504
296
1516
487
146
2605
2596
1485
1575
4255
316
375
864
2465
120
1580
1501
409
330
2413
2463
2047
1068
1998
185
2466
184
102
1257
608
1340
3052
4244
398
2915
12
2579
2840
5300
2598
3051
422
344
2459
3869
4009
5373
4986
3050
5155
5001
5085
5117
4159
669
4046
670
1378
5287
953
5175
2803
343
1341
2770
5182
2433
5258
607
2467
1475
4200
182
1069
2599
5088
4205
2458
4261
3053
4744
1090
1188
1508
5134
4249
1334
4285
5183
2481
3796
1567
1314
1076
1245
2600
4534
1576
408
3941
39
472
1009
2054
2432
3679
3804
3797
183
920
2562
3819
2319
2573
1476
3005
2480
2492
3986
1183
3049
3305
2518
880
2738
473
2833
5344
181
1247
3092
367
30
3790
4266
2584
2488
5303
2592
549
449
2895
2739
3892
2826
2453
1511
3010
5352
486
3252
188
974
3643
40
5161
1242
3166
3660
4453
4984
4193
1945
5368
2178
5096
922
4687
5224
3956
1551
4752
5280
3961
4757
2026
2144
4753
5098
3244
1065
1944
1291
5210
2159
123
2500
5390
5099
4252
5077
192
2750
3816
3205
3795
225
1496
2848
3619
990
3700
1458
3888
1070
162
1591
2587
609
1581
387
4243
1514
1572
1535
1557
2586
2920
2594
961
2469
2038
5297
1295
3065
2590
2595
5120
1527
3968
2427
642
187
4509
3085
1459
2769
3067
2999
2360
2419
1502
4726
2020
5082
4014
2312
1064
4219
2454
448
1834
5278
992
4160
4308
5202
2805
1510
3179
4669
1838
3948
3885
4707
3645
1909
4286
3947
397
3176
3701
2553
2070
32
191
3204
4236
1246
1962
3187
2421
3921
3742
2036
1059
876
3103
5188
4676
4067
4192
4696
3944
3716
1902
5252
3666
1240
57
3676
3648
2767
1058
4761
2418
5146
5087
4270
2405
180
2017
5364
1235
1194
555
535
559
1374
1170
5154
1083
483
303
3721
2733
2903
2794
1495
434
785
1085
5209
1371
919
5123
1182
1430
1293
468
1347
3893
3090
2914
31
2210
484
5189
1582
2841
1008
96
2884
4983
1497
2509
386
1568
494
69
2610
938
3749
3120
1601
5125
5076
2468
2064
3882
1747
5387
4765
3693
2682
3304
4075
5413
1296
4662
4686
3200
2412
3427
4703
4442
5081
979
1840
2429
3946
4620
1025
4134
1975
4698
2260
5080
2001
2256
2030
107
2051
4158
5374
2034
3704
4695
2567
4050
236
5255
2311
2464
4232
4204
4654
3763
1285
2446
4992
2561
1543
3228
639
3793
1665
664
1139
196
1148
286
356
3729
1482
2485
5268
4949
364
915
2857
6
1513
198
2168
1146
3025
1584
177
3132
3211
4147
2577
913
4999
4048
2314
3079
5171
1
2493
3044
1269
1579
1447
4890
2302
2396
1769
163
2456
2913
878
2918
2224
1187
4022
4045
3054
3400
4454
3421
3708
4985
3162
3697
3202
1230
2071
4747
1901
1822
3776
693
3696
2146
5140
550
5114
4
3247
515
3292
610
700
4762
2045
674
3393
3250
3765
5256
2766
611
3102
3458
2131
2243
2919
1233
2420
725
363
1393
3473
2348
1467
2774
3378
3787
62
2501
2926
2568
424
280
4333
213
2304
3899
2864
2852
2601
2978
1067
4880
4850
665
178
3739
2423
2745
5205
3583
2
4894
3773
3884
4700
3151
322
2313
3229
3695
2909
333
3474
1238
1259
5312
704
37
948
452
2730
3265
2819
1427
2832
3639
500
2929
2593
3784
4161
4993
5160
898
3764
1232
3404
3350
4206
5293
3878
5269
640
929
2015
2513
1105
1071
3798
366
115
5026
873
968
3154
737
2261
5301
315
2734
5428
1377
5035
1216
3290
1921
5228
2162
5289
1515
5042
2664
1346
1126
899
1279
4271
907
5193
1907
1330
1252
33
3594
3637
3629
2763
2457
2859
5124
242
3783
116
5150
3140
370
4663
5365
1504
2930
2597
341
3257
3706
4679
3959
2806
2371
1303
934
732
904
2301
3912
4668
2471
2461
3663
108
1191
2447
2510
2977
3771
3822
3409
2438
3624
4062
1457
2911
1489
2339
2825
471
5100
3877
2547
2221
3097
2126
2204
4129
3987
2048
3094
856
3584
1927
2100
3221
1036
2235
3920
1253
2165
4528
869
2160
4238
4907
4559
1138
5296
74
1046
2044
2191
1837
3999
1193
1171
47
1898
4690
901
1313
3989
3775
1836
2055
3588
1283
860
1386
918
3281
4778
3253
908
1981
3338
418
4317
5067
2604
1724
5158
3024
3909
5073
707
1357
983
3652
234
5187
347
2264
399
5173
3991
2000
5195
567
3800
3709
77
4980
3291
5212
5201
507
444
3817
201
1165
4328
453
3754
3815
478
1060
2961
3818
1639
4621
2893
279
5075
3011
3263
562
3232
1172
1487
2758
5419
1483
5381
5304
3335
894
2517
3251
4222
4446
4953
3714
3734
4745
4080
962
3226
245
4748
109
2511
3625
3875
1977
2023
276
4902
5286
2559
1399
3443
996
3692
701
1215
3402
5407
3969
3038
2556
1302
520
4063
3429
4702
1201
1045
1066
5141
738
2762
4198
179
2170
1405
762
1727
1426
4318
2688
3093
1618
606
579
638
2710
1385
1244
1337
722
1241
379
1301
1938
2998
3227
1309
5129
3580
795
4329
3056
2035
168
2722
1593
1214
1494
3264
4162
4125
134
939
1982
2027
1627
534
1272
1033
625
5290
3261
4168
5095
460
1518
2414
3770
3883
4011
4619
3411
4027
2409
1028
3019
2359
3938
2838
3030
4794
65
4660
986
4042
1446
4754
4813
3910
4831
2495
2882
3905
568
4639
1052
3658
4705
3664
4001
5351
19
2791
5329
2120
2135
857
3628
2258
3923
3971
5361
4226
2262
4779
3950
1155
4777
888
1532
3824
4385
5126
4098
4130
3388
2482
4248
1249
2303
301
2753
2012
4245
269
683
3081
2991
205
2474
4230
5263
275
4149
335
1086
4324
3493
4069
4290
4089
2580
1500
1307
596
5266
3733
2905
2476
676
4281
3358
5069
2571
3091
3104
4338
5430
3462
3293
166
2550
357
5102
1264
3789
4856
1941
4574
75
3713
2238
1931
2787
1219
2785
2108
73
1668
4869
1810
23
2253
972
4889
4844
48
3613
118
2062
1694
3646
82
4809
28
4808
4977
721
1608
2140
4921
1699
2207
224
4882
2229
3698
2186
3477
336
932
2835
3741
1906
5168
955
2184
1844
1149
1563
5147
3894
1574
3751
3762
1403
2921
632
2398
3214
1265
3271
3975
1486
2382
492
3978
3865
1363
714
2331
5151
2940
5107
3111
578
5009
5281
5386
868
447
2946
512
3178
769
3913
3267
1372
2478
2407
481
2851
5111
3258
1456
5366
474
726
3731
2937
1577
3755
5000
4335
4780
4729
4357
5230
64
1978
971
5008
1999
1039
5191
2058
4418
959
4601
4201
1288
655
4411
4981
151
199
3456
4374
4197
222
1289
1163
861
4186
274
2912
194
5416
980
3125
1287
660
3057
3680
5410
5022
4847
259
3021
3160
1956
1298
368
1538
4738
1156
4071
2403
4039
3983
1423
3066
2546
4081
2289
3919
493
43
3918
2737
4103
1671
2560
4802
4005
466
329
877
3601
592
1609
495
4000
3992
5336
2574
2337
944
2306
1231
1832
427
3405
3962
4441
2475
3201
2109
882
3631
2570
5257
68
2804
3690
2900
3858
756
4734
2507
2154
4593
3556
2008
1764
2815
1041
3342
2084
3496
1870
4597
3515
3686
3673
2007
1751
3315
3469
1042
3550
4425
4433
4028
3553
1779
3299
3314
3557
4025
2816
1702
1701
1133
1990
1750
1954
3341
4303
3468
838
2646
3507
3497
4305
4306
4415
5057
3505
4518
4430
3535
2267
1862
2268
3467
4498
1765
3530
3524
1820
828
3110
1825
331
2309
5045
4417
1806
2296
3075
4112
2307
4274
835
4605
4507
2277
4506
1888
1877
2308
4508
4250
2346
3549
1808
371
3503
243
1817
4280
5049
5005
3532
3074
4602
2831
529
3511
1740
1849
4482
4032
1935
3577
3545
244
3514
3317
3363
3423
3418
3371
2624
4316
5070
2881
3296
4536
4307
3522
4437
629
2274
4490
2820
2233
1493
1794
2653
1153
3954
5115
3543
3542
4423
3502
44
4409
4155
1762
788
794
4547
2369
4302
4279
2630
4487
4501
206
4024
2395
4429
4540
4537
1649
4790
3548
3759
1754
3525
4398
5029
3129
3499
360
3286
1913
3908
2812
2637
4428
5122
3655
5325
1851
1709
3856
1722
1629
1142
3916
844
1433
4301
773
4257
4300
5041
4026
820
2110
10
3170
25
2660
2617
634
5429
4706
4543
839
3116
833
4797
3356
3141
5116
3137
257
1986
1436
4942
5062
1136
3463
5043
1207
4830
1368
1261
1437
4920
385
1952
1218
1943
4914
1442
4855
35
5132
1997
4783
2003
2183
2060
1278
11
1106
4185
2151
3711
3117
1011
2732
5144
1300
5002
2037
1474
612
4975
3740
1744
440
2041
620
4885
3238
353
4969
595
1919
4945
314
3089
849
3616
4618
1772
840
4544
2080
1743
1220
2809
5409
774
827
2111
3575
2065
2898
1843
2889
5007
2747
4503
160
1707
4276
1484
3373
3526
2083
2633
2009
1673
4670
3119
2671
3812
4153
1814
1936
4366
2899
2952
4488
2334
1012
1761
2705
1861
5357
671
4195
4184
2874
5371
3329
3448
2117
4704
4074
5084
1959
1813
3527
361
4561
3087
1682
4359
432
4968
3541
3433
2149
4494
2287
705
1049
1641
4562
1349
249
531
1505
1654
4627
1729
2270
1974
4060
1713
3367
1048
2640
1633
1621
782
1598
5421
3325
1823
3028
3354
5044
5083
2655
767
103
2102
2374
4484
2278
557
2626
21
2379
910
2997
2375
2939
1481
41
1282
2888
831
2435
2716
1995
1852
4827
2695
4599
4241
3319
2801
2300
1736
2355
5170
3504
2273
5288
633
3951
2291
1174
2275
410
2718
523
2029
5034
5046
4397
2965
1785
1839
4917
3189
1530
3743
2932
4526
3851
4513
1471
2290
2765
765
1767
1766
4554
5345
498
2341
4037
5133
2271
2193
830
2856
2329
2343
4694
237
1918
892
2611
4171
1760
1681
5006
4154
1721
241
3159
277
256
2707
566
819
1321
1756
3506
1190
4558
1807
4293
2970
1897
2272
1055
2323
1855
4304
2712
834
4617
3355
1715
2349
2276
2356
2720
2326
5012
1889
1752
3498
1186
2955
1466
1150
3285
2250
1599
4775
1464
1895
1730
4541
789
4730
4031
3488
110
806
4265
4210
1758
1113
1805
4573
2698
5024
685
4661
1719
1542
1547
4364
804
5164
1638
4139
4776
1797
668
1666
2828
680
1791
4450
845
1210
4323
5400
4538
644
1835
1663
2090
5309
1350
764
4615
4603
1600
1632
2628
2699
1351
4584
2479
5403
3715
2662
1091
117
4263
2725
4910
2717
3633
958
730
2949
1801
2281
842
4114
1324
2316
5277
81
2713
1615
3100
2983
4791
2972
2975
750
1391
4420
4871
4268
2879
3903
2391
1326
2373
1853
1667
4955
841
1725
1726
61
812
1972
4587
2697
5078
132
1815
3490
813
1800
1734
5323
1461
1784
4743
4202
1774
2661
2530
1612
4737
2953
2645
1821
3435
3340
3634
42
2280
2279
3282
1896
2317
801
3158
1383
1306
1616
4371
772
1332
5402
818
759
1783
1790
2721
8
2715
1685
1841
822
2069
1352
1960
2330
3744
1054
658
821
843
805
1793
3559
1596
2325
1863
1410
3430
2924
2643
4475
2285
9
5190
1683
2072
2659
797
1717
5032
3902
1365
3336
504
4590
4331
3915
2647
1786
1842
4373
4551
2516
1848
3725
846
1804
1910
816
1802
2714
832
1211
1795
5011
1991
1847
848
2724
1319
604
1657
2727
875
2625
2068
4079
2711
911
1980
1728
2691
1735
4515
1732
1755
1650
1658
5418
3928
5395
2934
3561
2106
2282
3853
2933
1362
1829
517
852
1234
793
2648
2324
2962
811
3142
5337
837
829
836
1773
760
2855
2700
1857
2641
1937
1824
1996
2654
1742
2701
747
749
2943
1887
2175
1655
4178
798
1934
1856
3569
1696
2689
2885
3859
1828
1827
2706
1876
510
66
1915
3446
825
2836
4458
2585
851
2033
3026
1208
808
3572
1637
351
1597
2692
1930
3361
2694
823
1224
1812
2708
814
1830
1212
2719
859
1664
1741
2321
2650
786
711
719
1606
686
1225
2322
2116
1818
1622
2632
2366
4269
4990
2402
2073
3008
2959
2703
2796
2104
1268
2616
4029
3836
618
1893
672
1833
1274
2294
855
1281
426
3829
1691
3653
3750
1024
4563
862
853
1881
1860
1816
1280
757
1263
1963
1706
1799
1771
1789
712
1228
2627
1251
748
1617
1256
2634
2644
758
1684
791
2728
1916
1329
1670
2685
2663
687
2019
2891
2723
1753
1603
4556
1179
1645
4156
622
2081
3012
536
5427
1676
4030
3881
3136
1275
2318
586
3757
1798
1854
1803
1213
1831
2731
1229
863
1872
1613
1675
763
867
1692
1674
1239
1267
605
1865
1859
792
1775
2013
1778
2704
807
879
1908
866
2006
1746
1209
1607
2678
2729
1846
1651
1200
810
1745
1595
1875
1623
1811
2327
1819
1401
1985
1376
631
2521
2028
1625
4937
1866
1970
1969
1669
1587
2059
1964
1911
1630
1660
1958
1886
1588
2049
1646
583
1693
2024
1237
2043
1628
1333
2328
870
761
1777
1894
1704
1929
2618
1644
1873
729
1328
1679
858
2726
2684
817
1243
584
1953
1647
874
1634
1331
1640
1878
1711
1602
1905
1610
2091
1792
1659
1703
1689
865
1695
1652
753
1700
1626
1614
755
1662
1686
1690
1680
1620
1605
1631
1687
1678
1698
1635
1611
1661
1672
1656
1624
1697
2315
1589
1642
1688
1705
1636
1653
754
1604
1648
2066
1677
1900
2063
1223
1776
1955
2052
2344
2046
2056
1708
2683
775
1643
1619
1594
2079
1592
872
2076
1714
5017
1206
1590
1716
1221
1710
2050
800
1723
1718
1266
776
1255
2384
766
2053
871
2651
2074
1869
2092
1971
594
2099
1217
1248
2025
1845
2042
2656
1890
2735
815
2636
591
850
1867
2635
2039
1236
1720
1284
590
1585
2672
2040
1712
1973
2057
1782
2094
1899
2075
1933
2078
2089
1979
1770
2061
2101
2086
1260
2673
1788
1226
1903
2031
1984
1203
2011
1222
2107
2096
1914
1884
1885
2077
728
2087
1988
1826
2649
1336
2103
4926
2196
1987
1738
803
2284
1864
1759
744
1748
619
783
2441
623
708
2667
1262
2620
1966
2119
2082
1768
2118
2088
1205
2105
2145
2093
1976
1948
2085
1946
1968
1965
1920
1949
2067
727
2016
2021
1858
1891
1199
1992
2002
2010
1874
2097
1917
1868
2098
1967
2295
1254
2639
2138
1796
4915
2032
2004
7
1202
2113
1993
2114
2014
582
2223
2022
1904
2652
1250
2129
1983
49
2216
1892
2155
1940
2143
1912
1880
1227
1204
1957
1871
1923
1883
1947
1951
2137
1939
1924
2293
2187
1961
4659
2153
22
2121
2657
1809
2161
2130
690
1926
2133
2115
2152
2125
2112
2629
1335
637
617
666
1781
20
2676
2228
1737
667
2681
1932
689
1922
2136
2179
2141
2148
2192
50
2124
24
2132
51
2166
2122
2206
2197
1994
29
2157
1925
46
2147
2158
2180
2150
45
2619
2198
52
2123
2631
2163
2188
809
1850
2687
2696
2693
692
2142
2128
1290
718
53
635
650
646
2674
709
1078
2205
2244
2172
1338
624
1074
2680
715
2679
615
2200
27
614
2658
2675
616
2181
1286
2292
695
2677
38
2638
1304
630
2127
649
613
2208
2665
587
4874
1950
698
702
2240
1358
1075
703
2245
2702
679
2164
1102
657
1316
1473
5
1273
2213
2246
2686
802
2622
2239
2283
1339
720
2669
1318
2217
2182
678
2211
627
2230
2219
2203
2220
2225
2234
593
651
694
2202
2231
706
2226
2139
2236
1270
643
2218
675
2194
2201
1292
897
648
681
1093
588
2177
645
2222
1276
923
2288
710
654
2173
1397
2190
2214
601
1370
1390
2286
1175
662
2668
1311
1415
1258
2215
2227
2209
916
2212
2232
917
2189
2185
967
914
989
2171
2174
2199
652
912
682
2237
2254
2248
626
2169
659
2251
1491
1110
600
713
724
2249
699
743
636
780
1942
661
1361
716
2621
580
2242
1989
1353
598
663
2255
589
697
1315
970
2623
1367
677
26
684
954
1369
2247
1382
696
688
569
1398
673
796
36
628
1384
790
1356
691
1472
969
2241
621
854
2357
1111
745
1092
155
1549
2167
656
599
1297
1322
784
1749
1477
1366
1299
1129
995
1354
2005
496
581
1556
2176
1780
602
896
1308
1355
5052
1002
1507
1490
717
1506
1375
1402
1520
1413
770
1389
1404
1364
723
1392
1409
1381
1395
1411
779
1380
1118
1396
778
2666
940
1478
1400
740
603
1387
1373
2690
1394
1379
1388
1408
490
2134
1116
1115
1431
1271
1561
1417
1143
1450
1161
372
1533
2582
742
771
1554
3288
1526
1540
1570
1539
1439
1420
1418
1360
1566
1534
1128
1560
1120
1531
1521
924
647
1480
2642
1565
2613
1550
509
1158
1061
1499
1470
87
1176
1412
1562
154
1320
752
2670
597
1317
951
1181
1517
1348
1414
2156
930
2252
2387
741
1559
1498
95
4716
5283
1169
2336
1569
1564
1519
1451
1452
1553
1541
1546
1522
1453
895
1343
1277
1545
1528
734
1536
1421
1525
307
1468
1312
847
739
925
1140
1573
1529
1323
338
1077
86
1040
489
2563
1731
1406
2406
1082
1509
4947
746
4383
1469
2376
1006
1026
5094
2342
309
2565
1537
1344
1571
1544
1548
1062
931
1063
1141
933
960
1096
1127
1081
2581
1503
1454
1003
352
1552
1079
909
946
2572
1479
465
464
308
893
1004
889
1465
1104
345
1310
1294
1103
1097
2588
1327
384
2320
1167
2524
359
1109
204
1444
2602
462
2839
3671
1089
2843
526
1345
2951
1080
890
1119
1098
1107
891
1305
1135
945
1325
1151
1157
963
1125
362
339
463
373
949
735
574
973
488
1180
1407
570
947
456
1147
310
1088
941
528
965
1134
195
1017
3746
521
1094
1422
2938
299
1034
1073
548
5018
921
346
5104
975
4449
4657
2380
378
1185
556
527
956
935
532
516
988
886
425
306
514
561
2603
1197
976
334
1429
476
475
1168
2363
993
461
1166
553
1424
530
394
537
255
406
1031
332
887
554
1198
936
524
981
560
1195
1016
1084
1154
544
288
1455
2338
190
497
2944
278
485
575
1159
1184
1173
1178
1160
577
340
1123
1152
479
1443
1108
305
519
1072
538
1023
1007
1144
1122
1342
1434
542
2606
541
1114
982
518
552
991
545
564
508
576
1432
533
1101
1445
511
1000
558
1435
546
502
1441
2609
349
543
1440
374
505
525
547
482
539
1438
1132
499
1117
469
1425
513
540
503
571
1145
1419
1087
506
1131
572
467
470
573
1164
1121
1428
477
312
565
480
1416
355
1124
563
1095
1100
1177
522
313
491
2612
2608
551
1448
1099
304
1112
2591
1162
390
317
3101
2615
311
337
1555
302
2614
1018
324
1196
358
3724
282
1449
942
957
439
987
999
417
2564
1189
884
2514
433
3752
414
405
326
928
423
2541
404
3670
348
430
289
885
319
421
1463
733
350
5118
3728
736
80
393
3020
5019
263
1523
435
2378
342
152
157
2748
412
413
388
320
437
400
401
407
327
411
927
431
321
438
455
751
445
943
369
1192
211
365
2390
395
383
937
451
2487
381
2528
403
2529
285
2491
2389
2536
325
2578
2537
392
3002
2436
2353
2361
3879
60
90
14
5071
402
354
284
881
2345
380
391
382
2607
429
389
415
420
436
443
419
457
450
442
2589
376
323
328
2558
2548
318
446
186
2583
2555
2535
441
454
2540
428
458
2554
2576
2569
2523
2525
2527
2575
2557
977
2520
1524
994
2340
174
2533
926
272
1462
2354
18
2522
966
79
2494
2532
2534
1512
2526
2512
2519
2332
2538
2549
2566
1492
173
2397
2410
2431
2416
2515
253
202
2411
221
1488
2351
264
2381
2367
2545
2477
1460
2347
950
281
883
2392
161
229
2542
203
2430
2544
998
2498
223
230
2797
5051
254
2310
2506
2505
2368
2385
149
2531
2484
2552
2502
2486
2470
2543
2496
2539
2358
2425
2499
2503
2508
2422
2483
2415
2426
2473
2551
1583
2497
2489
2298
2490
2444
2388
2417
2452
2472
2305
2370
2352
985
2299
2449
2434
214
2445
2377
984
2428
2443
5119
5091
2440
2401
978
292
501
5004
258
129
2365
2451
2372
2364
2383
2448
5101
2450
2437
2442
2439
141
2394
5056
1035
5023
1022
3017
2257
1005
5074
34
265
130
1056
2980
17
459
98
906
217
266
1001
5031
2350
167
150
1020
2995
1050
1010
216
262
3626
235
127
1057
1013
905
209
200
5033
2883
5093
171
16
2263
2265
2259
2335
2266
147
902
113
997
133
148
78
97
92
903
1029
54
124
13
1014
144
105
139
1051
156
1027
1019
1038
153
1043
2424
145
2400
227
2408
226
142
15
2399
159
72
0
55
270
247
121
2297
106
126
71
232
76
220
1047
104
900
158
59
83
212
119
137
58
1044
215
91
189
56
143
136
1037
84
197
231
1021
1032
94
122
89
1030
63
125
135
138
88
952
131
273
238
111
112
100
99
93
128
233
85
170
208
293
193
291
251
5061
101
298
164
114
140
207
271
290
67
268
165
261
300
2987
175
3004
2863
252
5112
2947
240
176
169
396
210
3735
2960
219
218
294
260
172
5113
2971
267
2923
287
3699
3656
5040
2393
2981
2994
2795
2993
297
5016
2897
2966
2954
5181
3207
2866
2736
5110
2892
2988
2906
2963
2792
1015
248
2982
2925
3016
2793
3000
2957
3014
2799
2979
3001
2945
2922
2907
3007
246
228
3003
2996
2800
3691
3009
5143
5137
416
2873
239
2973
2956
2985
3022
2989
3703
4954
3013
3753
3086
2935
3605
2976
2811
2865
3760
2910
2810
5089
5148
283
2808
2974
2992
2984
2967
2798
3006
2964
2846
2968
2950
2896
3015
2908
3023
2958
2948
3018
3124
2887
3114
2872
2814
2927
2789
5139
5079
5086
2986
2942
2931
2894
3747
2869
2788
5063
2877
5153
2902
2901
5121
2813
2824
2936
3758
5127
2746
5138
2862
2790
5152
2818
2886
2802
3105
2853
2868
2807
2854
2847
2871
3761
2941
2861
2880
2829
2876
2844
2860
5092
5072
2870
5130
2878
2845
5145
2823
5136
5105
2834
5149
2849
2850
5106
5064
2837
2867
5131
2822
2858
5142
5135
5097
2842
5055
2904
2821
3071
3627
4941
2928
3630
5179
3720
2875
2817
3084
5060
5090
2768
295
3060
3604
3147
4952
3890
3598
5068
3748
4495
5050
4988
4987
3668
3823
2749
4938
3095
5037
3128
4946
3070
3531
3127
3033
3027
3109
4438
3088
777
4936
4943
5054
4292
3607
4194
3167
3133
4496
4203
3209
2386
3563
3445
5053
3126
5030
4628
4997
4421
3606
5362
4439
3688
4332
4934
4424
4950
4935
3058
4426
4170
5177
4989
5015
3509
3669
4189
5059
4299
5048
3031
2830
4951
4403
3972
5412
2760
4493
2751
3465
3424
5028
4064
3719
3846
3500
4260
4996
5027
3821
3138
3353
3685
5038
3223
4422
4481
3380
3108
4931
3048
3168
4298
4240
4386
3148
4404
4416
4432
4419
4414
4413
4407
4440
4392
4948
4995
3973
3348
4939
3152
3472
3562
3560
3135
5194
3738
3032
5039
3568
3736
3183
3813
5109
3602
4930
3489
3347
1137
3417
4933
3565
3349
4167
3096
5425
4068
3219
3231
3306
3632
4291
3047
4234
3730
3647
3732
5036
4436
4145
4412
4297
4391
4402
4379
3737
4396
4296
4940
4434
4944
3722
5271
3118
4395
3035
4351
3130
3528
5021
2744
4164
4399
4393
4410
5014
5128
3061
3046
4258
3420
3723
3312
3076
3370
5176
4036
3900
3539
2742
4254
5431
5010
4616
4020
5108
3383
4462
3069
3745
3143
5236
5314
3144
3163
3146
3134
3149
3156
3256
3122
3036
3106
3145
3115
4294
3139
3034
3153
3269
4295
2917
3077
3610
3262
3150
4173
3072
4405
4480
3886
5047
5322
4340
4455
3570
3037
3157
3041
4172
2916
5065
3284
5298
3171
3222
3155
2772
5243
3965
3659
3439
4377
3712
3966
4253
3098
3845
4247
3099
3165
3080
3131
3161
3042
3107
3275
3121
5305
3273
3039
3236
3270
3063
3062
4262
3609
3276
3029
3217
3175
3464
3280
3460
4322
3225
4375
4148
4336
4545
3210
4408
5020
3059
4401
3546
3235
4289
4223
3230
3807
4535
4378
5411
4211
4372
3861
4390
4181
3593
5159
3287
3717
3045
3078
3266
3112
4384
3234
3190
3278
3901
4406
3073
3113
4361
3173
3585
3195
4142
5003
3239
4256
4284
4350
3454
4225
3599
3592
4157
4381
4334
3461
4994
3611
4146
5284
5242
4991
5291
5167
3683
4169
3174
4187
3246
3212
3453
4239
3597
3466
3068
4382
3672
3083
4394
3689
3283
3082
3279
3272
3064
3040
3248
4138
5306
4151
3241
3169
3242
3586
4312
4128
3254
3595
3603
4126
4246
4251
5249
3043
3277
4282
3289
4150
3600
3240
4388
5299
4387
3243
3177
4998
4337
3567
3544
4117
3249
3191
3224
4389
3237
5229
4341
5163
4188
3589
5180
4344
3558
4175
3274
3194
4163
3268
5246
5302
3455
4144
3470
4267
4209
4278
4176
4183
4166
4165
3452
4141
4152
4224
3459
3245
5013
4283
5169
5232
5217
5103
4221
4273
3188
4182
4288
3451
3192
3218
5211
4122
4380
4140
3471
5156
4174
4237
3193
4180
4199
4259
4218
5221
4360
4047
5206
4320
4235
5204
3457
4220
4227
5025
5238
4242
4233
4217
5058
4277
5225
4231
5222
5165
4208
5272
5275
3055
5250
5066
5265
5200
3164
5282
5239
5196
5294
5172
3172
4215
4110
5203
5262
5178
5295
3181
4135
4120
5162
3835
4275
5245
3573
4352
4354
2404
3233
4321
3311
3810
5237
3896
5192
5207
5261
5220
5254
5285
5270
5231
5184
5213
5251
5247
5273
5174
5197
5279
5259
5276
5166
5248
5226
5292
5264
5274
5186
5208
5218
5219
5234
5214
5185
5215
5216
5157
5241
5253
5199
5235
5260
5223
5198
5227
5244
5240
5233
4216
3781
4051
4327
3574
4348
4143
3564
4362
4313
4349
4367
4346
4376
3512
4345
3215
3534
4133
4325
4368
4315
3571
3566
4355
3980
3185
3554
3198
3259
4326
4023
4356
3206
4137
3984
4287
4339
4054
4021
3582
4314
3310
3480
4049
3520
3476
4109
3591
4363
4131
3428
4800
4365
3300
4088
3979
5333
3551
3533
3898
4347
4358
3481
3482
4309
4310
3484
3479
3596
3529
4343
4311
3576
3478
3587
4342
3579
4369
3590
3483
3475
4330
4811
4319
4400
3260
4136
3208
3339
5346
3346
3184
3777
3196
3255
3352
3295
4017
3182
3953
5355
4018
3199
4101
3485
3309
4044
3294
3364
4647
3988
3996
3957
3889
3180
3426
3792
3806
3203
3778
3779
2741
4124
3780
4012
3216
3308
3337
3399
4043
3307
4108
3365
4127
4179
4016
3186
3197
4002
4040
3803
3220
3922
3791
3857
4015
4196
3995
4070
3351
3891
4091
3213
4092
3360
4006
3374
3510
3516
4008
3727
3862
3419
3537
4034
4087
3392
4041
4502
4132
3868
4013
4007
4038
3864
4648
3834
3994
3887
3867
3799
3895
3990
4033
3805
4118
3847
3772
4035
3863
3872
3608
3809
3866
3871
3654
4123
3935
4084
3998
3870
4646
3786
4100
3936
4053
3825
3917
3873
3874
3827
4019
4121
3831
5328
3849
3880
3897
3375
3366
3384
4004
3372
4052
3843
3838
3848
3852
3832
3842
3839
3826
3850
3876
3830
3808
4010
3774
3860
3612
4212
3837
3955
3523
4077
3943
3841
4082
3937
4119
3376
3518
3316
4065
3814
3333
3343
3519
4497
3661
3359
4104
3540
4674
3386
3802
4003
4710
2743
4675
4115
3301
4529
4520
3982
3615
3718
4177
4090
4055
4094
4113
4097
4106
4228
4213
4116
4105
4056
3440
3682
3438
4059
4111
4102
3407
3726
4061
4214
3854
4191
3844
3425
3431
4207
4096
3614
3785
3434
4229
3432
3651
3436
3667
3415
4190
3385
3710
3855
3677
4107
3617
4099
3379
3840
3323
4093
4569
3382
3390
4546
4072
4086
4057
4095
4076
4078
4058
4085
3437
3332
3408
4066
4073
4083
3331
5343
3441
3395
3330
3406
3702
3398
3394
3403
3678
3833
3401
3302
3344
3368
3414
3413
3618
3389
3650
5348
5342
3707
3377
3328
3801
3828
3303
5354
3357
5375
3327
5347
3410
3326
3794
5398
4715
3369
3933
5378
5385
3416
3422
3345
3964
5426
3981
5380
4557
4531
3952
5389
3362
3412
3963
3811
3324
4505
3681
3934
5353
3381
3974
3649
5313
3820
4542
4592
3321
5417
3665
4530
3492
3970
5406
5367
3694
5423
5420
3993
4479
4649
3768
5397
4504
4492
5414
3985
4512
3578
5422
4486
5330
3397
3396
3387
3322
4443
4444
3997
3487
3767
4521
4640
4653
3769
4445
4600
3391
4448
4478
4511
4727
5326
5341
5424
4491
3914
4477
3486
4517
4736
3449
5396
5311
3932
5324
5408
5349
4631
3977
4929
4483
3766
4553
3976
5392
4677
3940
3491
3907
5356
3620
4456
2761
5327
5338
3517
5340
5350
5321
5332
3521
5372
5335
5405
5317
5391
3450
3501
4788
3945
3494
4575
5334
5384
4489
4689
5360
3444
5318
3635
3958
3442
3636
5310
4793
3788
3657
5388
4759
5401
4594
5369
4978
5339
4656
4579
4682
4924
3960
4655
4697
3949
5379
3925
4825
4522
5319
5394
4447
4452
5404
5415
5399
4524
5307
4755
5308
5316
5370
5358
4766
4728
5363
5320
4725
4532
4723
3929
5393
3931
3967
4708
4719
4589
4701
4523
4789
4510
4519
4651
4699
4671
5315
4581
4785
4683
4714
4712
3447
4717
4485
4549
5331
4451
4731
4577
4650
4733
3930
4688
4771
4614
4514
5359
4691
3911
4673
4641
3924
4709
3927
4476
3906
4644
4681
4718
4642
4740
3939
4685
4539
4693
4680
4724
4684
4667
4604
4609
4665
2740
4643
4692
3623
4626
3904
5376
4471
4711
4658
4979
4571
4751
4666
4550
4533
5377
4652
3926
4582
4672
4713
4678
4527
4798
4607
4470
4764
4722
4610
4742
4782
4784
4473
5382
4606
4739
4611
4591
4741
4735
4645
3782
4732
5383
4500
4613
4598
4721
4774
3942
4570
4758
4770
4961
4769
4749
4474
4970
4472
4469
4595
4460
4632
4768
4596
4608
4461
4664
3622
4763
4976
4583
4773
4965
4630
4756
4568
4819
4720
4767
4841
4463
4973
4578
4772
4459
4612
4974
4572
4964
4960
4962
4963
4555
4464
4832
4982
4567
4972
4548
2752
4956
4564
4468
4623
4971
4467
4466
4957
4826
4803
3621
4918
4967
4824
4959
3684
4566
4838
4877
4821
4799
4560
4552
3675
3644
4814
4807
4927
4565
4932
4837
4625
4820
4905
4576
4580
4958
4465
4966
4588
2771
2778
4928
2773
4843
4810
4624
4801
4833
4904
4840
4629
4834
4909
4818
3687
3674
4925
2755
2777
2775
4823
4868
4622
4806
4828
2776
4839
3642
4786
4795
4895
3662
4919
3705
4913
4870
4781
4816
2754
4805
4872
4852
4866
4849
2195
4896
4851
4845
4835
3641
4853
4878
4862
4865
4879
3640
4861
4903
4860
2779
4859
4842
4898
3638
4633
4822
4857
4886
4867
4891
4899
4922
4634
4908
4817
4864
4858
4911
4815
4912
4884
4635
4863
4887
4900
4804
4923
4916
2782
4897
4881
4836
4888
4893
2764
4787
4892
4876
4848
2780
4638
2784
2757
2786
4873
4883
4875
4906
2759
4829
4846
4901
2756
2781
2783
4636
4796
4854
4637
