895
1899
1518
1935
1068
1055
1925
1913
1237
3587
4544
1034
1923
1889
1490
2654
3818
3817
2640
1228
1903
1930
3797
1035
1963
2545
1910
942
4572
1534
3798
1898
5131
958
1222
1190
2079
2017
1041
1911
1962
1937
580
1036
3831
2525
2653
2544
1481
1474
2114
1924
4127
431
1359
1573
372
3903
2122
2622
719
3664
682
1065
3089
4056
2126
4057
960
774
1040
680
1498
464
463
2842
590
1066
644
4621
1318
2980
2648
3688
4157
3026
4731
178
1482
1351
2530
718
1309
922
3669
2516
2615
3005
3738
2500
179
4445
4507
2843
74
4555
2704
4872
3235
1054
3840
3800
3855
1919
4577
4609
2646
4541
5043
4603
3494
4781
3368
2391
4702
3832
1901
2657
3244
2529
2394
3816
1193
4684
1505
1888
5163
4644
3537
3723
4598
1948
1872
2656
3017
3757
1492
4483
1179
4646
1892
3696
4668
2414
2464
3805
935
1043
2350
1970
1287
891
1531
1188
5146
1291
4000
3689
1305
4992
1321
5147
5033
2395
1566
424
1197
1539
4867
604
1479
3210
2649
3547
2093
4938
1979
1272
364
4030
2522
1262
2064
2015
5161
1120
4150
2115
5103
1995
971
1487
3779
3556
1340
4133
888
4426
3552
2402
2700
3673
4580
3582
3934
1486
3555
4329
4601
3571
5122
1355
4717
3767
840
3392
325
2573
180
3710
4058
5085
3050
5120
1038
476
591
2625
2508
1733
4716
767
1194
3088
5086
2763
1345
5138
1914
3665
3133
3309
1157
2008
950
5015
4384
3729
1181
4933
5047
2390
3860
2047
2494
345
963
2841
5031
4749
1776
69
3909
1878
1403
2692
4998
2072
3609
1064
3896
1991
4586
3862
2010
2234
1189
371
3851
2148
584
3902
2538
1252
2396
1210
1358
3799
1306
3904
3037
2397
1953
373
1921
384
2993
4508
2472
385
2708
1750
4996
1463
2971
4739
961
2773
3315
4174
3277
1499
1362
1549
1565
2616
4991
2832
2247
2002
1088
4641
475
2248
4169
2308
4111
4576
2306
5162
3649
3236
2499
2173
1286
893
1472
1278
4201
4171
2022
3027
838
5063
3599
1394
2751
4710
4773
4564
2775
2360
292
2949
3707
3854
782
2671
2168
1208
1033
5106
2077
1175
4155
5137
3508
3021
1791
1211
3747
4128
4018
1530
1950
655
472
401
1485
3161
1905
2697
2118
1943
889
4571
4595
3541
4542
3558
1702
3912
1268
5168
3535
579
4114
1960
3787
4024
1385
4812
581
3087
2098
1304
4947
3256
4997
5019
161
277
5062
433
3319
5014
2913
2584
94
4854
2933
4535
3935
2392
3638
3915
1951
929
2542
3386
3679
5109
2749
5252
2870
2096
2233
2523
4715
3209
2774
418
1168
3522
2033
1156
5096
1574
3542
1382
4690
5105
4703
3852
936
340
2513
1289
2637
3185
4031
3305
2139
2194
4616
3362
2038
2638
351
2041
1261
2152
3165
170
3168
1863
1352
4417
2099
4023
4110
1187
1293
2427
1762
2013
1214
171
3782
5160
2546
1673
4070
2536
1276
1056
1283
5143
295
613
4608
1311
683
5294
3036
438
1419
2416
1454
681
3536
4738
2287
2852
4786
4772
2393
6
1073
4729
750
3521
3590
779
1637
4753
1904
766
3625
3636
4734
419
4490
4524
4989
752
4778
2059
1907
2426
2369
3674
1084
4505
1893
2313
2116
210
2336
2237
5121
4356
4675
4567
3483
1501
3661
2517
189
894
4046
3658
3670
4146
41
555
4226
5076
410
4017
3326
4236
5165
4186
478
3690
1069
344
3861
5281
3977
3939
4918
910
5164
3770
4064
2892
1769
1397
4115
3993
3009
1891
1982
978
3024
2585
1071
3733
2043
3387
3743
3886
4089
1540
3594
1871
4173
5237
2934
3030
4914
2090
2320
1366
2664
8
1629
2286
2463
3633
1447
2484
1728
4966
2363
3296
1391
63
636
3932
2599
2240
607
2767
1153
4582
3895
1042
1146
2108
2509
866
5246
3750
151
1119
1952
2319
3016
2415
3527
3212
656
5025
3361
2401
1971
4795
4534
1636
996
2278
4394
1334
2937
4545
3576
2778
2104
1254
3796
2956
1240
1265
4720
2085
160
4585
1051
2831
4026
2768
396
1258
2990
4633
1942
4125
2950
3722
254
2083
3380
365
1471
3318
2667
1280
3672
1216
1000
1399
2065
1968
2827
2720
953
490
34
3119
2747
972
1859
1890
1987
2755
1497
4379
3879
3823
521
2598
3539
315
3600
3889
3622
2716
973
1044
3585
4332
4059
4648
4485
1363
1803
2245
4904
4932
5119
4165
1822
2972
192
3228
4065
75
4153
3820
4494
1058
4364
1782
1503
2811
984
3826
4961
2438
3280
1765
3283
4926
3253
3783
4264
2044
3162
2505
289
2293
2076
4763
3394
717
2699
99
446
2147
2345
2443
4251
3788
1941
3626
1166
64
3986
1308
4109
387
1086
2292
1745
4740
1384
3018
5111
734
3867
4642
4400
1353
5041
944
4764
4068
2244
4414
706
3003
3591
3528
444
716
3175
1396
1535
3170
1182
679
2943
2055
1067
4531
4385
1282
2016
2025
3697
3307
107
2137
2878
5225
5141
684
3610
4565
528
4333
2012
2828
4530
159
2067
3941
2874
5129
1118
1225
4480
1030
4529
1458
2376
412
3004
983
3014
1178
2931
3905
4097
1335
175
1159
2953
121
4700
4984
1538
4876
3791
1158
2377
1542
3663
5051
1369
2198
2141
2526
2857
1983
1966
2532
2
2378
538
394
2031
2346
308
920
148
3140
2187
522
2593
1408
4783
3102
1519
2200
4987
3603
3540
1052
1507
5126
2380
628
3519
1049
2471
4757
2785
578
4696
3644
3838
5050
3455
2725
3448
1844
1630
3467
3724
5286
4309
1717
4431
4443
1656
2748
803
3460
797
1679
3731
4988
1843
4232
4370
2982
4314
572
573
3450
4237
2706
3416
4318
2556
3095
2206
3453
2794
783
3224
1494
4842
800
502
4351
5290
3410
2799
807
1465
3466
3465
3457
3045
3270
3926
4175
2476
3752
5144
4051
4038
3290
4164
16
2859
4170
3157
1761
5171
2282
220
1550
3406
2256
1234
273
5236
1875
4695
4376
3691
3393
2243
959
2058
2399
1947
3921
3267
3299
3914
2970
296
1571
4559
4726
4274
2105
4083
1772
2610
5156
4159
3428
2217
2207
3322
4335
2893
2216
2215
2205
3432
2375
4308
1693
1774
1650
1651
3474
451
1749
4078
1621
4974
2224
483
1424
1423
450
2232
1849
4977
2897
5235
1692
1795
2621
4942
4853
1464
1812
2214
1800
1596
4037
4436
1422
2179
4219
3345
1725
1715
2575
746
769
1680
1781
1787
1839
1737
10
747
4852
748
3469
509
512
4041
1707
2275
4277
3065
4441
4313
4252
1577
1588
2444
4339
421
4212
781
2125
4451
4452
3419
4036
745
422
5240
5136
334
4317
5145
2302
4913
496
4844
3742
4303
3735
429
3054
1634
4293
2766
4843
4295
2265
1563
4267
2975
5213
4501
4350
3872
4500
4462
1445
795
1845
1476
4047
5013
4345
3242
3281
4241
4903
3109
3313
3090
4321
1600
4324
4491
802
4197
799
1607
4323
4866
2323
3452
3446
2554
2564
2565
1804
2576
3436
3435
3430
3429
1813
1701
1823
2353
2777
4986
4861
4860
4066
4849
810
1512
4495
3971
709
247
5274
4670
1811
2367
1603
398
287
1644
641
4353
3405
3441
1832
743
4296
1698
4985
610
147
4502
78
4865
3246
1483
820
1114
4858
3110
2307
1720
130
4538
2674
4466
4075
1123
4006
4336
1647
653
2370
2914
1356
974
1037
2758
177
979
2851
3517
3512
964
600
933
2301
298
949
1367
4721
2790
3680
1281
4234
908
3575
2850
1545
4792
603
4286
4722
2107
2589
2057
602
1882
2647
2722
1199
3530
3617
696
1217
3418
4667
3524
391
2733
1929
5021
448
4622
2780
2890
2630
1654
2422
1373
4383
415
2626
4884
2947
673
236
4374
777
771
5253
1613
2311
2686
1624
1380
4045
4969
3965
3233
86
4034
4042
4315
473
350
1793
503
4043
4039
3492
4040
358
3338
4346
917
4032
721
4980
4970
4973
2744
4962
2743
821
4968
3328
4310
4936
3730
3956
5011
231
4255
614
1544
4461
2987
3321
1652
4850
420
4280
4981
2222
728
3999
2776
251
4269
2691
596
4846
5257
3078
1664
1783
5133
3365
4320
2211
2680
5123
1846
4246
4014
730
4247
4344
5142
4810
3155
658
5010
255
1660
4229
1639
2379
4311
4290
4248
4815
4063
4233
4950
67
1257
390
135
4719
1137
1780
1154
3201
223
3407
1243
2261
2908
3186
4198
4957
4199
1438
4202
4941
2559
5229
2212
816
2452
349
796
1112
5170
615
5215
4920
4099
1631
778
1620
514
4889
5232
435
2555
3982
3202
3312
4081
3974
3342
4856
2175
4279
1645
1415
2492
4397
3123
2741
1312
2707
2791
2910
4193
4428
2788
3040
3367
1666
524
1564
532
2181
1537
4262
3970
2519
4300
3426
5180
3032
5022
3409
4305
4647
4930
4108
5190
3366
5285
5194
3238
4662
1796
770
2786
5207
4939
4472
4276
4923
4322
3223
4352
2917
4301
3159
2909
3584
413
3064
1779
3282
1659
4925
4253
3414
3968
2983
2903
4412
1413
4756
4847
3286
2734
4230
4677
136
3107
1612
4283
5241
1690
4742
571
4147
4760
1559
809
4474
4479
668
1730
239
3440
4033
1708
2769
2612
4195
4287
4266
4245
1739
4294
4284
3969
59
4403
4788
93
3411
939
4965
352
3199
2355
1099
253
4964
4272
4191
811
3963
762
755
2862
1676
3383
4278
2685
343
1561
776
4373
2250
4800
1807
3098
2255
676
1076
5293
4406
3961
3158
1697
3925
335
4900
143
4369
4265
3740
729
1444
80
2339
389
4218
3395
2551
423
2276
1266
654
3531
2845
4909
4453
2560
2867
1721
3400
1411
3063
4735
793
794
5007
650
508
2290
337
2905
3389
2682
5189
1136
4435
3033
3727
3070
5297
713
2899
1163
1626
3025
4439
268
4433
4273
3445
2254
2553
693
833
2481
5199
1562
4048
3439
291
2567
1425
1462
5200
4774
4302
525
3764
4289
4471
1256
4951
4943
3719
1417
4256
757
3353
4240
3269
4288
4924
4908
4298
4231
3745
1124
4796
3062
3443
3398
2962
1706
3057
1816
5124
4224
3332
1127
2357
2389
884
4275
4221
4260
4190
4271
4242
3206
4319
4238
5250
122
1129
2991
1560
149
1449
4307
3347
801
804
4183
2569
4770
1604
5000
2439
2986
3946
1418
4107
4124
1558
2929
3204
4427
4291
2335
85
2702
3329
196
23
1830
787
3231
3924
666
2705
293
2619
3962
2317
4208
1557
4285
4263
3002
4222
4223
3408
4217
4270
4912
4845
1638
2268
662
4809
4254
3247
4214
3598
2218
1142
1593
4887
2473
1528
3352
4911
2310
2923
2797
3486
726
9
1704
1025
73
2735
488
2795
3205
3232
3639
81
4281
1649
5117
5181
336
2571
3061
3755
5198
4243
4340
4367
3397
4396
3424
4381
806
5073
3399
5188
3401
5219
4910
731
4220
2253
4898
556
5094
3759
896
1378
4841
2614
4207
4194
1841
4297
468
4470
2582
1689
1688
2267
1131
1865
52
2904
1213
229
3870
1551
125
725
3975
2964
479
689
3357
5196
4894
4893
4239
4227
3344
4907
4682
1616
3490
822
2260
66
805
5191
691
3241
3479
5174
4343
4342
1784
388
3475
302
4465
5079
1727
2228
813
3655
3350
4409
4049
2429
2562
3052
1665
1700
46
2757
1115
2252
517
1710
526
118
3959
3093
2951
812
2558
756
5195
4539
3094
4304
3248
4213
1628
845
2334
2739
1663
3431
4179
557
1533
3955
2568
3354
5280
5279
3074
1327
2679
25
4228
2186
661
688
4349
4104
1747
4359
1619
815
5216
1611
380
2257
2381
1365
1778
5182
527
637
1994
2578
4292
808
2322
609
2673
534
3473
4888
1848
404
1759
519
836
4087
1599
780
4892
1643
1584
764
1610
4189
1641
3092
2563
1552
4154
4162
1443
2961
2557
2461
1618
3402
1242
3396
4902
3346
4069
1520
407
1687
2431
1775
3183
5154
2284
2577
4392
4661
5230
4955
515
1087
568
4863
1667
1824
1840
1724
2969
3066
4188
1633
3415
139
2681
3137
4660
5080
3964
4922
1646
2341
4067
1744
518
5100
1829
2279
1273
2178
926
4978
4897
818
1220
1441
2073
3108
2812
303
2074
2623
4878
4886
625
507
4410
4442
2329
3320
2490
5218
4354
3358
430
1799
2409
29
4676
4215
2295
436
4225
1640
369
2642
738
3348
5259
392
3484
138
3148
1856
2918
217
2629
819
3311
2781
792
4091
5247
104
3945
3169
788
4946
4899
3614
234
4118
4934
417
5034
2574
3187
844
1601
4704
825
3122
116
2948
3193
2549
2740
4949
4420
4901
4086
2266
4919
1576
5203
843
65
4205
4211
4921
737
2347
1484
2613
3294
3385
3000
4975
333
829
106
4106
4871
3053
4258
516
1597
2561
789
1555
3421
2661
2819
4473
304
817
5206
3314
2020
379
3278
2541
4072
3404
2676
3425
2760
87
4347
3337
3749
2258
1579
1615
4664
2263
2272
4896
2264
2325
1581
309
2548
3417
562
790
4976
3189
1556
1172
1595
426
548
4216
3194
1541
4399
3154
241
727
1205
1592
3642
510
660
5016
3966
670
2281
3646
901
4967
2045
2802
5074
2496
2384
400
2675
1756
3768
3039
5101
772
1606
1590
1570
1575
1594
1609
1608
1602
1587
1578
1591
1623
4940
1572
1553
1569
153
4210
1580
152
2354
4972
2590
828
2365
4206
1586
1632
359
5234
306
77
2474
740
2270
1442
2289
2291
83
154
4366
2259
1583
3177
128
1585
131
4979
301
4883
324
3369
741
1554
742
1605
839
1567
739
2294
2271
2262
1598
2285
2277
2349
1568
1582
155
2361
2331
848
2342
2351
2280
2328
4948
4935
832
2300
535
2445
58
144
375
1455
2343
5083
4257
347
4249
2800
134
246
3111
531
4953
150
3131
2806
4004
834
3472
703
1614
2388
2340
2297
1617
2327
2344
2366
732
2314
2274
2338
2386
2321
2309
2298
1589
1437
2326
1625
1452
2337
2273
142
714
55
2312
830
2333
5056
123
4916
2470
4121
723
722
2359
72
3371
2460
4906
3370
2792
5093
2318
4869
1469
3125
3130
409
185
561
2303
2330
2315
4100
2332
2364
2316
2304
3499
2383
2371
3388
851
856
4877
2299
857
2479
2356
2249
5044
5070
826
4891
4209
4184
96
348
110
4885
3438
4870
4944
2453
2489
5020
2432
356
141
2433
4952
2457
846
2456
2486
5006
103
849
428
92
414
1427
2385
4937
4881
2382
4982
2372
854
4185
4187
2454
1434
5003
2373
4929
2466
4999
2288
5072
60
2495
5018
2428
57
5002
5068
4915
2491
4235
2296
5046
2478
2451
4956
5069
3372
90
852
2441
1495
2442
91
2450
2411
4983
105
847
855
4927
2430
5090
2738
376
4917
4890
2420
4905
2421
2482
4954
4882
2410
2424
2423
2358
4250
4959
2419
5082
2242
4895
5001
4244
4928
715
2238
2406
5084
853
2468
2418
2436
2467
4873
2435
2449
2488
1435
2462
841
2447
5009
736
4875
2455
2670
1440
5075
2448
4096
2469
4874
5036
2446
4880
2475
2458
2246
2477
2241
2483
2425
2412
2408
735
2465
2437
2407
2348
2413
2403
2236
2485
4879
5064
5089
5053
2239
2493
2459
2387
5058
2404
5116
2405
2417
5055
5040
2480
5008
5060
2374
5004
1433
4945
842
1436
2434
835
5038
2400
837
5095
2398
4995
1451
5097
5048
5059
5054
5042
5039
5091
5061
5104
5049
5067
5035
5088
5077
5052
5108
5107
5024
4960
5030
4085
5026
5102
1493
2235
5078
4963
441
5114
2501
4868
733
5115
321
114
827
5029
2504
824
4137
5027
775
1432
264
2503
5057
5032
5005
5066
2515
288
2846
1439
4062
5087
2512
445
71
5012
3
32
875
323
5045
4993
129
263
1430
70
232
56
2502
199
3497
322
377
4061
11
109
831
5017
850
5065
195
1488
137
1032
1024
386
111
115
786
2352
1767
1475
1450
101
1746
76
4138
378
145
2782
406
363
97
126
146
124
156
117
2368
259
5023
133
2362
61
95
113
98
100
403
397
2510
127
62
3230
1003
2745
132
3229
5081
3461
2750
102
3463
449
252
2731
3498
31
2810
2761
242
982
2514
2817
4990
402
3433
2506
186
297
157
294
33
267
112
68
89
1029
119
12
0
88
877
14
13
187
262
998
235
2668
2729
240
2808
188
4071
140
876
2754
1023
2809
319
416
2771
245
205
393
1027
82
671
2968
219
353
221
233
970
2814
2730
2678
183
3496
3292
3654
237
367
543
443
1031
2815
204
2753
2813
2807
227
1022
2764
2816
2894
2204
2779
214
5028
211
1014
3650
858
197
2804
3382
318
190
307
1011
2868
695
2805
84
174
692
1421
995
2583
3632
1529
408
2718
209
3960
2732
3071
374
553
452
1313
2798
3477
250
5149
4079
2752
2856
2789
2801
2665
3653
2796
2803
2719
3525
198
2818
258
225
2821
1028
2784
2793
2717
3641
271
243
3634
2847
238
2727
2854
552
256
3627
938
2770
224
3651
2696
2873
317
1456
283
2695
1515
2759
265
551
3470
2221
1012
2820
2520
2511
362
1016
2677
3635
3615
2823
3523
2736
2896
2772
4840
228
213
3613
3652
200
3630
206
3648
1004
1018
470
3623
2849
158
560
2887
411
2825
2858
1017
2737
554
120
1426
3605
3640
1448
215
2220
4817
1453
4204
2939
4821
2765
39
5242
4382
2954
366
694
2889
4088
2822
2882
2824
2869
2864
2848
3647
3624
2861
3645
4839
2879
2865
2902
2932
1013
4831
3643
3526
2728
3507
2703
2945
38
191
2927
2944
4814
2756
176
882
230
437
108
2941
432
994
1627
529
1008
2866
991
184
2936
1
2225
2916
885
563
2210
1364
1371
2886
2926
2885
2721
2762
2724
2940
2723
2746
2876
1026
3604
2898
3621
4837
15
244
3608
3628
2877
2860
1020
2912
2223
2219
3619
275
879
4835
3616
2701
1001
4834
278
284
2911
537
2935
2201
1019
2189
1007
274
5187
222
2915
216
2184
320
559
593
1685
883
2192
3629
2191
2185
1021
2891
19
1002
280
35
2921
2919
4827
989
2230
270
2883
2226
3618
2942
878
988
2199
2227
2193
2863
2881
279
4816
2683
249
4830
4825
2829
1635
3620
2888
37
3048
2183
17
2182
2190
2208
3637
2196
207
881
3578
2197
4823
2202
18
4832
2209
2188
2195
2231
4818
4836
4838
20
2177
4822
4851
44
48
36
2203
2684
4824
2871
3529
4833
27
2834
4819
2213
2698
3601
261
2938
4828
2925
2895
880
3612
218
2924
1010
754
2229
1015
47
2580
326
281
21
3606
2906
2835
2838
4826
2901
2922
2907
2900
2884
3038
2920
2928
3055
2836
2833
4811
2837
3096
2855
2783
2880
269
2839
2853
2840
248
3586
2875
4829
173
4820
282
2826
980
2930
257
226
3127
3097
3041
761
3580
3506
4813
266
992
4149
999
3979
260
2655
3069
967
276
598
469
272
3047
3075
2959
3008
3076
3124
3255
3563
3551
3550
328
3351
530
201
2609
360
286
1009
597
305
990
1379
2636
1005
42
2958
523
823
956
311
4181
361
1489
474
3607
3058
701
3001
3602
886
686
330
3505
981
1346
2180
2994
1323
588
3481
3568
329
540
558
342
649
1478
912
194
550
2588
1325
589
1389
3565
3034
2570
427
3198
1410
3060
3044
3012
549
370
3250
784
947
3381
768
2604
3793
2579
1337
447
5221
208
976
785
339
759
1050
1324
5220
169
1039
1406
1526
313
498
565
4090
1491
902
533
918
599
687
931
471
601
763
2603
539
487
1387
932
2572
911
1525
1326
455
952
704
690
285
481
500
606
454
968
1375
1414
1343
975
765
1381
985
1144
544
484
724
2601
2591
3046
1133
2830
1374
705
338
685
627
453
168
2662
547
925
758
193
202
545
501
903
480
1006
1329
697
1383
165
700
965
499
859
749
457
331
1511
940
164
955
461
383
2594
497
506
1338
167
541
456
1320
493
1147
993
1164
1405
642
1348
1377
1524
1386
1349
698
355
163
1388
1332
467
1173
346
1390
1392
1398
1370
1322
482
513
485
332
382
1401
1347
1477
458
1336
491
489
486
166
1350
536
773
1416
1342
760
1169
395
1506
494
1395
459
1376
1167
300
1360
1460
1404
1357
1461
791
1319
520
405
1400
1407
542
460
1162
341
546
1368
1496
1372
1152
299
1402
1393
1171
1409
1139
1354
1361
1543
1317
511
1344
505
751
1339
312
1412
1341
860
564
477
203
465
1149
2606
212
466
605
1547
1299
434
1134
1150
1508
1089
1333
1316
1446
587
1170
1328
504
1331
425
1060
310
2586
316
2498
1143
1330
1548
314
586
1165
1468
442
753
675
2497
677
997
674
1502
1061
1045
1053
1523
631
172
861
1063
2631
1092
462
1428
569
1300
2592
977
1151
2641
1062
1470
1047
2643
2605
290
1517
664
2587
864
2507
630
1297
1298
987
1046
2540
1741
639
1429
2539
1514
1314
2543
638
2533
1420
2521
1100
440
2527
2537
659
1109
1459
1288
1510
1128
1513
1466
1048
1522
652
1315
1509
1810
1269
1719
585
646
1670
1275
5
678
2595
1480
622
582
672
2534
1516
612
669
1296
1473
617
900
1723
439
665
2528
611
2524
647
1536
651
648
1457
1500
629
566
626
1532
1894
633
2518
1290
621
574
1285
1521
663
657
1301
1527
916
2660
1077
645
567
2650
1712
1215
1135
1292
1303
1731
1232
624
2531
2659
951
1080
618
1130
1138
1221
1075
1467
957
1192
1141
620
1310
632
575
1191
608
1279
1161
576
1284
635
643
1070
1307
1206
1245
583
1277
1059
1155
616
1768
1251
1160
1125
862
1108
946
1233
1107
1302
1207
623
930
1264
1122
1113
1117
720
1097
909
1079
1740
570
577
1083
923
1662
962
1111
1736
1105
863
1074
1098
924
1148
1106
1145
937
1116
1121
1096
1140
865
1091
1126
1132
1057
867
907
640
619
1260
1072
1248
945
1095
2663
1748
1244
2652
1705
1226
1668
2597
1295
1764
1104
1231
2535
906
966
1760
1227
594
1102
1754
2658
1809
921
2624
1238
1732
1094
1773
1703
1110
1267
1270
2581
1504
899
2645
934
1082
1081
869
1294
2608
1250
699
1853
1259
1274
595
1239
1827
1271
1093
1200
1850
1770
1755
1842
1212
2627
2550
1185
986
1854
2618
1684
1847
1716
710
1683
1204
872
1852
2651
1103
1249
43
3593
1230
1851
1255
1879
1090
1818
1855
1218
1834
1203
1838
1235
1219
1789
1224
1819
1801
1184
1263
1734
2027
1253
1837
1743
1771
1786
711
1247
1714
1753
1696
1825
1669
1828
1729
2639
1677
1757
1814
1198
1763
1699
4007
3502
3564
3068
1196
3043
5192
4857
915
1735
1236
1880
1817
1183
1751
1672
1826
2007
1241
1836
1792
2049
1999
1831
1186
1866
2117
2634
26
2566
1820
2600
905
1752
2019
2607
2112
1821
1833
3378
1682
2054
5193
3072
3359
1742
3574
3067
3592
5249
870
2946
3985
2596
1758
4178
3080
3081
707
4074
4073
3384
1788
1980
1922
1926
3356
1694
1709
1805
1917
2028
1802
2611
1209
1223
1726
1229
1777
1246
3581
1877
1202
1798
5233
1972
1671
1990
1808
1785
1797
5186
1078
3086
3082
2050
712
1738
1101
2602
2051
1981
887
2952
162
1678
4156
3373
1945
1916
2048
2997
3234
3073
3355
1954
1961
1969
1932
1973
1900
1931
1927
1965
1881
1815
2052
1944
1884
1906
7
2037
2023
2620
2018
1201
2633
1766
2080
2009
1180
5204
28
1949
3249
2040
1177
1835
5239
2844
1874
1806
1718
2006
1934
3085
871
1195
5267
2978
3548
3042
4130
898
49
3794
5205
1933
2000
1867
1886
1896
1976
2036
1909
1887
2644
2042
1711
2046
592
2029
1897
1176
2005
1988
1918
1997
1674
2056
2014
4
2011
1174
1984
1908
2001
2039
1996
2103
1958
2154
2004
2097
2150
2628
1722
1675
1978
2026
1869
2060
2053
1936
1864
2170
1964
1959
634
2003
1993
2021
1998
2030
1870
2035
2032
1895
1912
2034
1885
1967
1985
2024
1955
1986
1977
1862
1915
1957
1939
1992
1989
1858
1974
1956
1940
1902
1928
1868
1920
1857
1975
1861
2070
1860
2632
2063
1883
22
897
1873
2172
2144
2635
2174
40
2084
2066
2086
2071
2101
874
2069
2119
2095
2110
2087
873
2127
2161
2111
2113
2134
2078
914
2100
954
2088
2109
927
1938
54
948
2081
2091
1946
45
2164
2061
2143
1876
2092
2106
2082
2176
2062
904
2160
941
51
892
53
2153
928
2162
2166
2138
2102
2165
2171
2123
2124
913
50
24
2132
2121
2133
943
2167
2158
2130
890
2155
2089
2145
2156
2075
2163
2135
2131
2146
2140
2151
2159
2149
919
2129
2169
2136
2120
2142
2157
969
2128
2094
2068
4761
3251
3775
3243
5217
5110
4001
5151
3006
3360
5071
3011
5177
3084
4144
5175
2995
2666
3197
4076
3549
3035
3949
3031
5260
3010
5159
3790
3019
3753
3192
3022
4093
5226
5202
3029
3013
5185
3190
3771
4132
3099
3051
3754
3423
2979
5128
2976
4126
3795
3566
5227
4134
3420
3156
5130
5125
3203
3942
4458
3138
3950
3341
3773
3020
4807
4112
4012
4092
3988
4176
2992
3056
4015
3991
2960
3500
3200
4180
4029
3146
2999
5245
5172
3744
3059
4022
4152
3374
3077
4103
4080
3225
4027
2981
2984
2967
3952
4145
3176
5209
3459
3947
3164
3091
5210
3777
2977
4161
4158
5092
3973
5278
5262
3488
4002
4044
3954
3972
5271
5201
3983
4028
3951
4016
4021
4143
3178
3994
2996
3953
3112
3079
3995
2985
3980
3987
4142
2955
2998
4163
3195
4167
4005
3028
2966
3976
4102
4131
3471
4084
5178
4119
3134
3948
3444
3196
2974
4082
2872
3167
3940
3083
3121
3998
3171
3376
3163
5118
3944
3748
3349
4140
4148
4009
4151
3023
2957
2965
4120
4160
4020
5176
4122
3153
3462
3317
4094
4116
4095
3116
3015
4013
3160
3943
3692
3501
5098
3717
3765
3422
3701
3181
3772
3007
3151
3412
4182
3734
3377
3152
5173
3766
3174
3702
3992
5167
4105
4113
3464
4168
3763
3335
3150
3774
3739
4166
3188
4008
2988
3379
3100
3172
3182
3113
3126
3139
3114
3184
3118
3776
3726
3700
4010
4098
3179
3760
3786
3106
4101
3413
3683
3180
2989
3142
3143
3567
5113
4003
3128
3191
3451
5099
3454
3117
3456
3990
3375
2973
3144
3699
3149
3166
4011
3718
4177
3714
3104
3135
4025
3173
3136
3115
3103
4035
3129
3989
3132
3781
3101
3756
4019
3780
3145
3785
3769
3685
3984
3997
3792
3762
3671
3978
3120
4172
3784
3698
3105
3711
3668
3789
3468
4117
3343
3301
5127
3758
4141
3340
3684
3325
4136
5135
3302
4053
3336
5166
3981
3324
3316
4077
3476
3761
3327
5112
3403
3493
3310
3480
3937
4052
4060
3331
4123
4054
3778
3583
3304
3293
5134
3364
3323
4050
4139
3303
4135
5183
3890
3667
5169
5153
3708
5139
3868
3666
3482
3504
3958
3295
3554
3227
3495
5179
3478
3503
3226
4129
5238
3491
5152
5266
4261
4268
4387
4380
3865
4612
4411
3709
4055
4386
5150
5184
3211
3545
3487
5132
3897
3561
5251
5155
3333
3207
3437
5231
4337
5270
5214
4334
4395
3268
4430
3815
4378
3245
4464
4467
4532
5289
3485
5148
5265
3595
3821
3967
4368
4574
4533
3920
4377
5282
4437
3957
4375
3208
3923
5273
3298
4388
3330
3214
4434
5244
3863
4423
3930
3264
4460
4390
5224
4424
4419
4331
3291
4536
4402
3546
4372
3240
3917
4447
5256
5197
5228
4449
5243
4589
4450
5288
4597
5276
3891
3573
3334
3259
5158
3308
3806
5157
3285
4338
3931
2672
3339
4718
3239
5275
5263
5284
5291
5277
4393
3922
5292
5283
3919
5258
5296
3869
5264
4325
5295
5269
3836
5272
3284
4326
5287
3252
3266
3938
4547
5268
3859
3856
3814
3843
3237
4401
4389
3215
5261
4330
3927
3929
3265
4463
4405
3273
3260
5254
4413
5255
5208
3907
3857
4469
3213
3219
3916
3288
3894
4408
3287
3279
4398
3297
3850
3289
3306
3254
3884
3222
3272
5248
3913
3257
3276
4438
3275
3936
3261
3812
3271
3811
3216
3221
3849
4327
3899
3300
3901
3218
4328
3813
3908
3829
3830
3217
3262
3263
4560
4457
3562
3874
4415
3258
3220
3844
3274
3866
3873
4575
5222
4404
5211
4548
3900
3906
4583
3893
3911
3810
3888
3848
3918
3887
3910
3933
3858
3928
3877
3828
3898
3847
4407
3875
3883
3846
3876
4596
4365
4421
3864
3845
3882
4418
5212
4416
4455
3827
3880
4476
3824
3363
3892
4459
3839
4497
3809
4468
3577
4363
4569
4444
3808
3807
4606
3514
3825
4446
4454
3885
4432
4456
4362
4478
3544
4552
3513
3842
3693
3878
4475
4341
3716
4440
4561
4653
4484
4790
4590
3675
4482
4776
4568
4514
4618
4422
3721
3802
5223
4391
3572
4655
4801
3835
4481
3543
3656
2690
3741
4429
3728
4477
3737
3732
3725
3736
3509
4553
4492
4651
3704
3553
4625
4358
3559
3695
3715
4537
3677
4654
3511
3662
3657
3678
4643
3510
4697
3686
4862
4355
4592
4551
3746
2709
4487
3687
4855
4848
3706
4638
3705
3694
3682
3853
4672
3703
4517
3676
3538
3713
4624
3834
3660
3712
3659
3841
3720
3681
3837
4540
3515
3803
3833
3518
3516
4607
4525
4526
3822
4360
4634
4570
4498
4627
4361
4549
4628
4488
4489
4615
4348
4626
4425
3819
4448
4486
3560
3801
3597
3804
4611
4493
4588
4554
4746
2715
4730
4599
2710
4802
4631
4806
2687
4762
4562
4511
4556
4639
4584
4513
4659
4527
4357
4578
4658
4657
4623
4743
2711
4617
4693
4680
4780
4645
4506
4620
4864
4637
2689
4714
4499
3588
4650
4629
4573
4652
2688
4640
4649
4808
4691
4543
3589
4751
3579
4665
4579
3532
4528
4581
4594
4600
4557
4656
4709
4728
4566
4614
4591
4619
4613
4635
4604
4587
4610
4563
4558
4636
4678
4602
4550
4630
4509
4593
4605
4632
4546
2669
4510
4496
4663
4515
4692
4713
4671
4689
4512
4666
4518
4736
4707
4516
4712
4674
4694
3570
4686
4701
4727
4522
4723
4708
4504
4669
4791
4782
4737
4520
4521
4519
4679
4688
4687
4685
4711
4683
4681
4745
4725
2694
4698
2712
4699
3557
4523
2713
4765
4748
4755
3596
4733
3569
4706
4767
4766
4797
4732
4724
4744
4787
4754
4805
4741
4705
3533
3611
4758
2693
4789
4747
4793
4794
4784
4752
4785
2714
4804
4769
4768
4779
4777
4799
4803
4750
4771
3534
4798
