3461
1181
3584
4395
3678
3416
3714
3451
2027
3723
4548
1019
1858
1783
3680
4396
3699
3136
4004
1827
1978
3747
3737
1167
1833
4412
1187
4432
4421
1424
4411
4534
3617
877
993
3481
1852
3424
3713
941
3996
1152
1069
3739
3947
4381
1007
1006
4401
4368
1068
554
3575
3475
1202
3557
1099
3863
3606
4972
1433
2447
3582
3174
3566
2402
2405
3568
3658
2899
3853
4994
949
1482
3051
2453
3981
3627
3164
3094
1000
1001
3654
3458
3188
1822
2026
824
3581
913
3954
4032
3598
2458
3052
345
1025
1782
3845
1252
917
4404
1436
1134
1128
3750
2230
2316
4554
912
1175
1446
662
4453
1418
3746
319
1847
417
3191
4443
1230
940
1078
856
2014
433
1615
855
3736
1468
4966
3579
614
2056
1139
1209
368
2946
862
150
3539
2430
4384
4385
660
3807
1123
4440
2254
1808
628
432
3830
3908
3061
3902
3008
2734
4839
2967
3849
3490
2397
3697
1004
235
163
2242
3212
2317
4481
2965
1065
3440
4564
4964
3668
3046
1210
3469
3464
3937
66
3572
3758
1961
829
2604
3666
4486
3698
3487
1009
4460
2735
846
1030
4463
3163
4512
1196
3663
1921
1818
655
4
1411
1922
1881
357
5045
1949
1873
1880
922
1812
3809
2390
2028
3794
1048
873
2275
1841
4383
3459
2972
1910
2159
4437
2876
2910
4040
165
184
472
3150
3840
2729
1995
1389
4439
2887
3780
4967
385
3555
4449
3781
227
1786
3106
1855
294
4700
313
4407
4538
2293
4565
1676
4190
2459
3703
710
4601
3439
1410
899
2460
1515
3679
1432
4990
108
4559
4993
1204
4234
845
4045
909
2722
3914
4888
956
3685
830
2845
3571
1992
3441
4289
3672
3549
260
1022
4838
4370
1707
4991
166
3753
692
3454
3134
361
2986
1467
1135
1172
1893
4000
1161
2828
2422
145
3197
1487
4807
4701
2215
931
4955
245
1929
3866
269
2421
440
858
1156
2805
1810
295
4423
3045
1247
3158
151
1975
2455
552
946
1113
3913
4026
2019
2552
1901
645
859
3774
3056
836
4009
3396
3622
4542
3655
369
3349
4551
4543
3428
4835
1118
1085
2301
1409
517
3769
2158
2926
4400
1695
346
2650
1688
3244
708
3443
927
3550
2723
1996
3399
2443
105
3635
1616
4393
1079
1312
4194
3832
2750
4802
437
923
958
3625
1435
3725
4388
220
2546
2033
2278
2237
1188
2083
4989
4491
42
3894
4442
3044
1872
3105
2054
1919
1820
2280
2576
3361
2037
1805
2068
3802
412
3670
4974
3864
817
2575
3967
4015
1991
1902
867
4382
3161
3791
3182
2031
3788
2066
4188
1024
3514
3831
555
4345
3732
2902
4859
4039
596
2658
2450
2916
356
1211
1448
1513
4468
2394
4473
509
2824
1422
2211
649
4608
327
652
2932
3468
2291
2446
4405
488
1108
1870
1673
325
648
481
933
4937
317
326
1826
2112
4592
3241
434
3409
4256
633
1220
415
4446
1106
631
4283
1005
902
4134
802
222
2181
2129
4121
218
1545
3314
20
1640
4006
4105
4101
3411
776
4137
542
4691
1373
1739
4857
4076
1622
2466
4712
722
4679
3323
1374
4175
3290
377
3538
5009
3318
4073
5012
1554
1578
4735
1762
5007
358
3315
3317
4147
1581
4108
4686
4889
3312
4075
4122
2580
3273
2192
4751
4140
4222
2499
4742
3307
6
4766
4648
4113
2132
3154
4773
2041
4650
1609
2513
4657
4306
5013
1738
4210
786
121
1568
328
4160
794
1449
1441
4677
4253
71
3336
72
1630
4199
336
1503
770
701
0
3322
4511
1735
4014
3984
29
4954
3823
3674
2212
4362
1908
3881
2399
2428
4740
3968
4749
4842
4927
3867
1147
1933
2290
4313
1875
3906
3631
4996
921
2801
1856
4902
4854
1456
2852
116
4709
4820
4952
5104
2730
4600
3251
1915
3590
2350
2507
2328
4831
2900
3899
2352
2188
4013
52
83
4871
3302
1600
1612
4662
4866
2146
2128
1438
3405
4021
4139
1728
4780
135
3283
212
985
984
1941
19
1778
3878
4770
4363
1719
4158
4144
4238
1608
4225
5047
3406
1328
1710
2484
4042
779
5015
5050
5000
5046
3761
704
1485
4658
141
2216
4745
4869
4754
1462
1773
1420
2480
1964
4975
1595
3883
3378
1639
1693
2710
2713
1453
4126
768
1634
2127
2419
4654
3228
4607
3837
3320
430
455
51
4503
4603
4169
785
784
1349
4242
4165
3319
1475
728
2598
2597
330
777
4606
4100
2561
1464
4131
1606
4166
4162
4167
4170
4164
4077
4078
1602
3952
791
574
4908
3836
1965
4720
3353
688
35
2144
1763
1764
2478
4925
2711
3042
2980
5069
3999
4887
4179
4237
4767
4774
1641
4510
4506
4936
2351
4689
2844
656
3232
3288
4852
2554
2095
3976
1577
1632
4944
1342
2579
1633
4172
3838
1733
1743
1734
4181
4281
795
4332
3504
1526
1775
495
1309
494
1682
3446
4115
1564
4213
3326
4211
1565
3339
3308
3301
3300
3272
717
1687
2857
4475
1557
5072
3876
1694
1582
1567
139
2426
1638
2896
4080
1223
3860
4159
2492
4218
1604
2529
3127
1044
1279
3470
3745
1473
2034
2738
4566
4470
4508
955
56
4261
1062
401
624
1708
160
884
3551
4189
2457
4062
3946
3149
2011
1478
4458
3803
3146
1971
2013
1520
1020
2962
3554
1212
3135
929
3798
3055
1155
106
55
848
4466
1354
1125
3147
205
4275
4260
5071
110
1714
4414
4226
2955
1718
5021
270
2560
4801
3310
3316
3155
516
4681
1452
2156
773
3231
299
4298
1955
4185
781
775
371
2343
4928
623
2154
2321
3130
4666
572
637
4089
4033
529
1382
4219
4800
801
822
1599
4674
1489
3885
4295
799
1729
2577
796
2395
2404
793
1324
1959
1966
4614
780
778
4129
3783
3264
2624
4221
2956
2486
291
4067
1239
4148
7
2585
715
262
3260
2268
300
3222
3216
1573
4758
1800
1560
4752
1611
4724
74
3258
1618
1619
1799
1511
2714
1563
1460
1457
2401
4730
9
3303
3311
4184
3313
187
2134
3123
196
3328
3819
3329
53
211
4174
1761
2142
3335
3338
3124
3125
3097
2372
2375
3516
3510
1742
4171
3122
2120
2130
2119
1669
3048
1666
4109
4106
4123
1627
3043
1628
1642
4142
3295
4079
2638
3246
4976
729
730
689
4022
4822
4678
4680
4685
1518
3924
1656
1621
1779
5091
1757
1379
4672
3266
4469
4434
424
1803
4316
3969
15
3973
1723
4247
1014
1814
2369
3195
120
3342
1603
4150
4136
4049
1635
3982
2528
503
1333
1415
2803
5033
2410
3949
4688
2892
2384
3784
4163
2606
2613
3278
471
3293
3286
3279
3294
1144
1702
2981
4278
665
2894
3238
3404
2880
4726
702
4130
4284
1083
2284
4693
2589
4653
510
2767
4474
3291
3816
703
3374
4157
4521
4002
4043
2920
2147
1727
4325
4695
1601
3099
5089
3227
442
4683
2678
1777
3534
2867
1362
2182
3532
4317
3852
4947
4097
4819
69
2572
769
2326
599
2219
792
4941
4360
2203
2999
3865
4870
4518
68
3846
2420
3200
1953
4285
4259
4035
2761
2333
3760
716
1476
763
2781
597
4932
2227
2467
3064
5019
3839
3790
739
4667
740
3861
3851
3533
3777
1589
1585
4507
4154
602
3771
3100
2954
2948
4208
4112
331
2060
3270
3167
4240
2285
3142
1631
3298
4732
3120
2653
4696
1242
4153
5011
2823
2749
3138
5103
3382
4637
2338
475
2686
2677
3991
254
5001
837
3805
2100
3375
1593
1952
3221
309
4149
3226
3261
3893
3779
3887
4775
675
2339
1466
487
2520
3628
2097
3974
2201
3987
4698
363
4072
233
4324
4107
3209
3215
3220
3223
2646
4998
4177
2472
566
493
181
4203
3160
731
1605
666
3367
1620
2416
3942
754
4741
1315
2209
4292
2617
1584
1370
4684
3285
2320
3153
2429
3240
5098
3239
267
671
1576
1553
4713
1263
4953
1407
1943
1392
1637
2667
1302
10
3114
4037
1937
2137
1947
699
1304
4286
4652
2269
1541
2493
2489
764
5005
4872
390
1754
4687
2152
25
748
4223
1523
1566
687
2138
563
4069
2136
1546
1548
698
399
62
5022
1293
5107
5003
4304
5076
1403
2984
1550
3480
1179
2488
2578
3102
3169
2851
2927
2757
4823
3287
3274
3281
3280
3275
1886
2084
18
3879
3115
3117
2983
5030
439
2856
3229
546
4814
1713
3218
2570
5028
1031
938
2463
1617
2218
1824
1168
3702
1913
4973
1924
1923
167
2632
3413
3455
3724
4568
3460
1920
2236
3522
4569
1423
374
2409
4626
2263
4843
159
4570
2812
1849
2324
4664
4462
4365
4961
2187
3735
1766
1815
2234
1821
1860
1842
2342
3057
1146
411
2943
2941
3484
1868
1888
2344
3408
4376
2353
4574
2264
2625
4661
4300
4567
1684
4659
4805
1909
4357
4649
1497
713
567
1150
3189
3133
3213
4583
2571
4337
1380
1426
2289
3432
2228
3252
1894
2909
5035
4228
4484
4883
2609
3410
2435
1956
2671
4595
2377
2092
1381
1866
2929
3528
4173
3407
1588
3233
5074
1383
1591
3214
4655
5082
2654
1797
3088
1217
1646
3085
24
1530
3478
4305
3379
3069
79
1506
103
2924
797
4255
4265
2661
4103
3325
3563
1285
4428
2663
5086
3583
2531
4319
3721
4620
4573
1951
1284
4841
1298
4901
4413
3185
4392
3856
4409
4205
2596
5040
3542
5006
4690
1944
718
2217
661
57
3677
4604
4828
4764
744
1151
1395
3898
2381
2387
5084
3346
4777
2591
706
3299
4721
3276
4785
464
3371
3140
473
383
3181
1802
3324
1363
97
21
2210
1950
4848
2383
3766
4248
707
2747
1521
3354
3764
1400
1931
2643
1597
2171
2448
4276
1671
3327
38
2652
732
2917
1652
102
766
1228
4104
1064
4239
1651
4663
1948
843
5002
2693
573
2581
1429
4651
2641
2366
4923
4246
201
3131
2089
4053
94
2471
3955
3718
3060
1874
4615
3888
1434
3334
2588
2642
850
1336
3536
111
115
787
737
4207
2424
4874
70
1149
188
1427
725
1233
174
1614
2740
378
4322
3119
1572
2497
2224
2363
3341
4326
2960
4391
2490
5032
1117
2774
1338
734
4669
1807
3962
2123
1364
4116
1533
959
741
2464
407
2949
3237
1331
2148
1413
1320
705
1326
2692
1334
1412
2691
4736
4611
2798
4125
92
3351
4118
2255
5024
1756
2874
2873
2793
1335
4065
4722
2716
4533
1314
3139
3373
4499
4005
3230
2605
1073
109
1668
310
1540
3035
1817
4156
1598
1494
3010
852
1751
1142
3129
1517
2176
1283
733
3116
1347
5058
2787
1396
1522
1662
1542
1329
3362
1555
4694
444
4435
2382
2814
4342
3505
2330
1122
4529
1401
719
5023
3175
992
2795
4204
33
919
99
1794
4399
774
467
4847
5064
1282
1537
4885
2627
2186
1562
4789
2337
2411
5026
5039
5008
5018
1428
5065
3844
1332
751
5061
1414
1330
5027
1397
3492
5031
5054
2698
749
1416
5052
2905
664
4497
1442
5020
1386
3546
5029
2648
515
2502
1539
2683
2837
5025
3467
1451
1322
1876
5063
745
746
1321
485
3474
1292
1538
1316
4098
783
3789
1647
3754
5048
1281
3847
5053
5056
1280
5042
5041
1444
1325
5049
1327
5057
1337
760
5037
5036
1455
1845
4114
3491
1502
720
4135
2855
4733
559
1768
3016
560
581
2707
4308
4017
1645
1136
1659
4430
5016
4636
4340
2862
3488
2162
4338
1232
2882
96
1829
2715
3868
1594
1747
4621
1111
1801
2702
4605
5079
4968
1897
4623
183
2825
3380
1590
1207
4309
1268
3748
629
3785
3201
4734
364
1182
1648
195
1341
841
4027
2535
82
1968
194
1704
2699
1626
114
229
2061
4288
4016
2592
2465
3535
1993
251
1534
2085
2143
3193
58
3192
4697
3983
4692
2688
1889
1804
77
4977
31
1643
449
1173
2875
1343
2519
2196
4263
1644
2052
81
4183
788
3068
978
3812
4616
3529
2829
4593
2822
1300
3489
2947
1771
3084
1267
3626
690
5081
1406
4294
3434
3518
3019
2878
4971
2194
2064
3452
3815
564
4310
686
2982
4504
4783
2599
461
2891
4341
1214
2180
2235
1481
3517
3956
203
1623
3765
5038
342
1675
40
462
1665
372
3512
4784
2385
1367
2388
3877
4191
4182
2240
143
5060
2327
3614
2485
2206
2491
1504
4809
2172
2476
4795
2347
2644
4328
3895
2612
1498
130
376
1222
5087
2184
5017
3869
2756
2346
2135
2140
1877
2256
3690
1170
1776
2050
2701
2155
1164
4776
2198
4517
1772
1484
279
4291
4550
3691
2680
1213
2621
2498
3184
4297
3369
2469
2336
2897
1295
1816
3028
4894
3925
1488
353
3719
2858
3943
1865
1914
1942
1313
4882
1649
677
4274
3526
682
2607
4799
1225
2603
2370
2639
4501
4746
1234
4280
4127
4206
2703
1288
2393
1291
2122
1903
2185
1512
2802
502
1625
1235
1917
4547
2417
118
1307
1215
1720
2091
670
970
1795
3882
147
5092
2782
3767
1930
1892
680
2474
683
2487
681
1165
679
673
1166
2533
2618
1238
2694
2282
1854
4818
2183
1939
4492
3541
607
1145
1899
180
4931
2177
2170
4557
798
2151
1819
4786
2364
885
1916
2906
3262
2473
4361
1296
678
1340
1967
1780
3126
3870
1532
4257
2515
676
1905
668
1650
2477
1883
2696
2153
2274
1653
1760
1823
2403
2479
2503
736
2468
2495
2193
4665
2542
1709
2348
1932
1208
2454
2690
47
4812
1198
1985
4536
3520
2163
2590
911
4671
3259
1390
4444
199
4093
2797
1368
2199
365
2679
1741
1846
1458
2668
1867
1884
1737
1904
1895
2526
2527
1896
724
3403
1940
1384
1726
1654
672
2586
2496
4792
2322
3524
2334
1163
1613
1195
1287
727
1184
2207
2223
735
723
4525
2534
41
4110
1159
1402
1781
1174
2536
1979
2288
4447
2279
1508
4094
821
2276
2270
4892
2744
2304
2303
4085
1162
674
1774
1501
578
1465
1907
800
2124
1388
1758
4673
1769
2718
1171
27
1157
1440
1317
1404
838
2452
2094
2640
1969
2266
1255
1607
1636
2682
1753
2525
2200
2125
2213
1861
1752
2633
2704
1731
2164
2543
1525
4287
4793
632
85
1543
1499
1141
1387
1519
2160
2133
2672
1148
2165
4753
1770
1431
1158
1796
1725
1011
1294
1385
2584
972
1575
1569
39
1755
1190
2705
125
815
642
4794
2214
2222
726
853
1378
126
1793
971
968
2145
1970
3172
1946
2482
1724
1722
979
2514
2157
2225
4768
1507
2335
1178
2161
2252
2349
1194
976
2508
994
2620
1749
2325
2582
1528
2244
2273
2516
1531
2173
709
1185
3523
1394
2743
1477
2751
2191
2501
4840
1655
3527
2141
1186
2368
423
969
2226
1200
2521
1529
191
501
900
691
136
684
2308
818
2709
696
2359
2371
2376
1177
1399
2229
1143
2367
2355
1393
820
1419
2295
2378
4790
813
2297
2257
1583
762
767
1193
1201
695
2238
2208
1574
700
4788
1299
4824
4826
2695
4731
1500
807
1189
2233
1527
2389
1759
1224
2239
2202
128
2587
1898
2243
2817
2309
2312
2318
2166
2319
1561
1559
1524
810
2331
2292
2174
1514
2360
1558
755
1556
1571
1579
1535
1551
2315
1547
756
2300
2386
761
1323
1544
2391
819
712
2247
2332
804
2167
693
814
808
809
2261
711
2345
2179
1516
4804
2392
4765
2357
1536
2175
816
1840
2189
811
812
694
2298
2286
2271
2356
2374
2373
2365
2380
2265
2379
2205
2253
2313
2302
2260
2340
2306
2287
2258
2169
2398
2400
2259
2323
2204
2281
2294
2647
2307
4071
2249
2248
2314
2408
2305
4750
2220
2245
4830
1740
4832
4762
5034
2262
4772
4779
4816
4761
2272
2168
4803
4797
4771
4829
5043
2246
4200
4815
2250
2414
4757
1748
4791
2415
67
2637
4817
2190
138
2341
1850
4837
2808
2296
28
3531
2456
1176
2118
2277
988
2753
131
2412
2700
140
1254
172
2674
4778
2636
4844
2431
2406
2407
134
1199
32
4827
4833
2635
4834
2117
137
133
2583
50
2697
2706
2773
2310
2600
2717
2602
2601
2283
54
2241
2763
3507
2666
2622
977
301
839
983
3496
171
4717
2362
1183
119
1471
2505
2299
124
4727
75
844
557
2669
3515
2655
2611
173
4760
1197
3509
1765
113
178
2634
192
123
179
842
3521
989
3525
991
2689
2780
2651
3519
2670
49
86
2879
2662
2708
3513
84
2687
3501
93
186
2664
13
2619
2623
3466
76
12
3497
4729
2791
30
2506
142
2504
2760
960
4660
1140
2759
429
425
2815
4846
851
2681
990
2768
2115
840
2752
2784
2685
132
2719
117
87
14
2839
2772
2150
2769
2765
2831
2785
2764
2816
966
2843
3
980
255
982
2777
928
2754
2673
2645
943
2098
265
2659
90
2329
930
3357
1885
302
3447
2770
685
847
2657
4845
4034
2833
2775
2771
4836
144
2660
2847
11
2626
2628
2629
2675
65
947
3506
2113
987
2500
954
2109
2106
973
2110
2107
64
91
197
2101
257
2766
2103
2483
2830
4699
2809
88
2838
247
2524
1398
2810
2762
1153
95
63
2523
2849
1154
3360
2114
2649
2108
2832
2111
2840
2850
2725
2841
244
2746
2745
2684
225
60
3498
962
981
2631
4031
2630
2742
61
2834
104
427
2741
1191
1016
101
2149
2105
2895
998
1936
1938
1935
2099
1716
1869
4811
2818
2544
3383
2574
80
59
758
1835
1806
2311
16
2758
268
2835
2836
1857
2979
2848
107
2720
224
2826
237
2522
4702
1832
2807
935
1925
4668
1934
43
37
2423
146
112
100
1926
2813
1879
36
1746
669
1029
3944
149
3502
948
1205
2425
2778
580
1180
3479
1721
1137
1246
2126
4864
2842
44
2358
4718
243
1918
2820
1844
2087
1963
995
1717
1825
2821
1853
2016
182
1798
2566
1887
1257
765
420
951
957
1911
3500
4910
2090
2096
1459
2440
2418
1954
1286
750
1063
2538
1696
1450
1218
2444
4099
1928
747
4912
1301
4759
1945
577
2939
1
4714
2792
3508
4917
1927
1138
1838
1809
861
1839
1848
1461
2009
45
1830
2494
1311
849
1831
4102
46
1811
1962
1828
1878
1691
4915
2008
2015
4755
266
1249
965
1372
4898
1227
2788
4064
2804
1015
934
4893
1417
868
621
2102
659
634
2755
2969
1266
4725
663
2509
549
1862
1863
1859
1851
1890
1843
1792
1900
1906
4472
4914
1012
996
4904
4787
1203
2517
575
1980
4905
4782
4644
1038
907
1882
2074
1206
4090
893
4747
8
4708
1680
1891
997
752
2093
1836
1240
1070
2846
1983
2539
3265
2799
4155
2541
2549
595
3390
4875
4851
908
894
918
4861
4763
878
4850
4906
898
906
1957
905
4865
4862
4068
4873
1912
1871
1974
2537
3412
4876
4716
4899
950
920
4124
4769
1790
1221
2396
4133
1245
1958
1319
2104
1075
2739
4715
4087
1479
2518
1231
638
4145
753
4416
4111
592
944
4806
4756
4143
3945
4739
4738
4748
4781
4096
835
4070
1041
3961
4119
17
4091
4132
3377
606
4703
3245
1981
4120
2511
1960
1169
4092
3948
974
1788
421
5059
926
609
576
3243
1028
4083
2007
2088
4117
3486
4705
1999
857
1689
1045
3499
4900
1258
1376
3267
4082
4081
1027
4086
4151
932
3263
1050
4707
892
4896
3072
2063
2000
1986
1784
854
2067
869
1061
1972
1791
1994
4884
4704
4949
2029
1116
2540
2049
2079
2080
565
4856
1305
975
924
1013
5055
4938
2086
3344
3350
657
1074
871
2006
1445
882
2449
2082
2078
2077
2046
2024
2010
2072
1989
2032
1973
2073
1787
2069
2001
2075
2012
2070
2020
2053
1998
2081
1977
2043
2044
2047
1976
2058
1988
2005
1864
2030
2048
2071
1982
1990
2003
2038
2055
833
2057
2018
2035
2045
2040
2021
883
1785
2059
2025
2062
2004
1987
2065
1984
2017
1997
2036
2002
2023
2039
939
1789
834
863
879
870
942
832
964
4706
1071
1084
4895
831
1082
4646
4940
1047
4877
925
961
1055
4853
1237
1054
1425
4911
1705
743
937
1026
1253
4950
651
3268
4575
1683
4433
1391
952
1703
3372
1072
963
1081
4929
4907
1053
1059
1661
1066
4879
4933
1017
4855
3348
1051
953
169
999
1408
4924
3355
4813
1699
3511
901
1241
610
1192
1463
4945
936
1670
4921
1058
419
1259
561
4868
570
264
558
2789
428
1712
1091
4849
3352
543
1216
2935
3330
1039
1034
1056
4918
4878
1002
1043
1067
1090
4919
1042
872
1032
895
1076
4926
4858
1405
1040
1094
650
1624
1046
4867
4903
4860
1105
1052
1089
1318
1010
1033
641
1346
865
889
4922
876
2548
2998
1100
1421
1264
1023
414
1086
874
2555
886
4957
465
1092
1087
1077
910
1098
1095
1035
827
1018
887
1088
828
1097
2550
1472
1003
3462
2427
888
646
1715
636
2794
422
1093
864
635
759
643
556
1698
1229
1270
583
2854
658
594
1261
1430
1271
896
1469
1256
4934
548
454
588
1344
1711
2551
586
1248
1474
1697
654
1664
622
1226
2545
584
562
1244
1667
2562
2547
2445
1674
441
1377
5
1663
2442
2565
1690
640
1104
569
1692
1308
2558
459
1297
612
1262
1679
2436
1080
1124
1439
1036
1486
598
1037
1260
1219
1101
1110
618
1096
647
590
568
2556
653
2569
625
1289
2568
1290
1049
620
644
1250
619
1483
544
585
545
630
550
1008
639
1677
603
591
601
1269
2433
1447
2567
1265
1236
615
589
1303
593
547
587
1060
608
604
627
1686
1454
626
1251
1112
600
616
2559
1243
1310
605
611
617
551
553
1114
438
1021
826
1120
1057
1109
2439
1103
507
468
2438
297
296
508
1351
298
1490
1119
1115
450
904
287
1355
860
435
1277
881
469
500
2732
1366
519
175
413
916
880
1358
1278
456
448
1121
396
903
292
1361
1365
1345
452
1276
453
1275
1350
1360
463
451
436
483
914
1348
875
1356
272
384
460
406
431
511
506
466
518
490
915
3385
1274
447
3476
3463
1273
366
825
2441
204
2461
445
1357
1371
261
2827
148
2966
4913
256
2437
514
2903
823
3370
1353
1495
1352
341
362
1496
3917
373
513
523
391
492
499
446
1491
380
891
350
397
457
2779
1359
476
263
2721
478
742
304
484
189
2724
2800
2432
2806
890
2733
2961
240
2736
4959
335
4946
536
3041
3343
386
152
3843
3249
408
945
541
539
470
458
540
538
289
1493
382
1107
1272
288
280
535
416
526
2
388
315
340
352
259
504
530
2748
738
170
2451
404
389
497
967
409
285
394
897
286
359
398
402
277
2959
230
405
474
482
338
312
512
1127
347
349
339
1437
537
534
316
525
532
528
522
527
531
303
533
282
505
284
281
379
293
524
498
520
489
164
491
370
521
311
337
314
318
278
395
334
392
333
322
403
1129
477
324
1133
308
323
321
238
2726
320
332
258
1126
1131
273
343
496
275
480
486
274
1130
276
306
866
344
1132
348
307
354
305
2783
355
176
2731
2796
153
232
410
239
2938
360
2728
154
2942
2953
329
2890
393
241
206
2786
177
2790
4012
2974
231
2776
4881
190
3989
3033
3368
375
236
252
216
226
228
387
234
217
213
207
248
242
158
161
198
249
367
155
157
156
223
246
200
2727
208
221
162
185
193
3450
4011
3433
3386
3032
4880
3998
2997
2737
3331
2889
4886
4044
2973
4897
4956
4948
2950
3224
2968
3381
2976
4930
2978
4942
3676
3953
168
2940
3337
2871
3364
2934
3941
3013
3242
3292
3915
2918
3248
4962
3296
3305
4960
3965
3855
4970
3002
2970
4963
2907
3938
3269
3786
3384
3219
3090
3376
2975
3494
3795
4958
4084
3257
4916
4249
4585
3966
3978
2608
3642
3415
4920
2977
4951
4935
4986
3940
4988
2877
4981
3997
3986
2928
2870
3963
4939
4978
2952
4028
3994
4010
4273
2964
3923
4020
2963
3080
4258
4985
2913
3091
5109
3960
2885
3939
4459
4402
3935
2616
5080
4418
2945
5004
3141
3110
4243
3073
4270
3782
3203
3103
3017
4982
2933
4018
4019
4979
2936
2958
2944
4983
4059
4969
3993
3980
4038
3929
3039
3358
3875
4995
3659
2914
4001
2957
4055
3632
4268
4272
4303
3957
3958
3636
3132
4527
3988
3101
4054
3087
4003
3347
1837
4535
3921
4441
3922
3675
3027
3092
4353
4992
3873
4980
4041
4051
4058
4056
4060
4048
4030
2904
2919
4008
2869
4965
3931
4987
4025
3934
3936
3930
2863
2971
4984
3366
3932
4046
3093
2951
3661
4052
3992
3696
3985
3253
4023
3086
3842
3977
3933
3641
2925
2985
3854
3972
3204
4266
4063
5090
3036
3217
3145
2915
3430
3920
2853
3077
3792
3995
2868
3359
3970
3034
2883
3880
2908
3079
3001
3005
3825
3000
3089
3011
3734
3026
3652
4209
2888
4061
3148
3082
3012
3796
4029
3637
3166
2864
3833
2931
2937
3919
3356
3835
2996
3176
3903
3025
3206
3911
3640
2898
3801
3063
3156
3624
2859
3074
3928
2921
3081
2912
3053
3078
3075
2911
2861
3901
3083
3916
3059
3050
2995
3905
2922
3256
2930
2573
3926
3304
3918
4057
3070
2884
2923
3904
2886
2860
3671
3254
3912
3076
3065
3889
3363
2865
3886
3834
3826
3071
3062
4050
3884
3022
2893
3284
3828
3910
2901
3909
3829
3891
3896
3067
3066
3927
3971
3890
3871
3003
3004
3907
3964
3827
3858
3449
3859
3951
3892
4036
3030
3667
3900
3023
3387
3649
3673
3031
3897
3656
3874
3006
3113
3645
3015
3021
3289
3020
3029
3038
3037
3648
3814
3850
3040
4997
3633
3009
3841
3047
3058
2989
3872
2991
3054
2987
3049
2988
3018
3024
2990
3014
2993
3007
2992
3638
3651
3669
3650
3611
3109
3629
3250
3111
3112
2994
3662
3594
3646
3644
3601
3389
3647
3137
3595
3733
3095
3552
3619
3822
3152
3607
3615
3483
3436
3813
3431
3159
3657
3580
3151
3586
3608
3096
3653
3660
3665
3592
3817
3603
3818
3602
3591
3768
3810
3820
3821
3585
3465
3743
3808
3778
3773
3610
3806
3388
3799
3793
3797
3804
3553
3173
3177
3187
3593
3567
3157
4371
3104
3574
3438
5111
3749
3664
3171
4236
3165
3757
3448
3183
3144
3800
3824
3186
3143
3180
3196
3194
3573
3107
3168
3556
5094
3162
5106
3623
3170
5051
3547
3503
5105
3202
3178
5102
5101
5075
3456
3445
5093
3429
3477
3179
3618
3210
2610
5110
5068
3108
3756
3548
3776
3207
5067
4339
3234
3562
4262
4323
3391
4271
4485
3394
3128
4227
3393
3639
3437
3472
4232
5044
3392
3495
4244
5095
3435
4214
3485
3787
4311
4334
3600
4229
3211
3199
3643
5077
2615
3741
4215
4335
4193
4277
4329
4387
4267
4231
3709
4408
3208
4314
3236
3630
5070
3742
3775
5073
3710
4425
4478
4279
4269
2614
4196
4192
4307
4250
4233
4327
4264
4198
4197
4195
4330
4224
4333
3712
3695
4217
4490
4251
4220
3770
3493
3613
5078
3711
4321
4245
4186
5099
4526
4331
5096
4216
4336
4312
4235
4318
4293
3634
4386
5066
3561
3755
4230
3564
5108
3759
3444
4299
4372
4254
3605
4282
4252
3694
4290
3599
3620
3763
3692
4498
4390
4457
3559
4494
3589
3570
3693
4373
4187
5088
3565
3198
3752
3578
3744
3621
3560
3588
3577
4496
3395
3612
3545
4359
4451
3190
4505
4515
3597
3558
3730
5100
3427
3471
4374
3544
5097
3731
4495
4241
3616
4403
3609
3425
3569
3398
3596
3457
3604
3426
3397
3442
3762
3543
3751
5083
3728
3729
4358
4375
4377
4431
4487
5085
3400
3722
3727
4513
3277
4398
4352
4419
3708
3688
4561
4516
4450
3689
3576
4454
4467
4528
3453
4479
3740
3421
3473
4445
4464
3423
4452
3540
3422
3707
3726
3705
3706
3738
3401
4456
4378
3717
4364
3587
3701
3686
4389
4465
3704
3683
4448
4397
4438
4480
4379
3700
4426
4476
4348
4417
4477
4350
4343
4471
4427
3687
3682
4420
4349
5010
4410
4354
4406
4394
4509
4502
4347
4367
4346
4461
4351
4455
3402
3716
4380
4366
3720
3715
3684
3681
4424
4429
4415
4436
4369
3420
4482
4483
4520
4488
4493
4355
4356
4500
4489
4519
4344
4539
4544
4552
4530
4523
3419
4546
4524
3235
4531
4572
3417
4560
4553
4541
4532
3418
4540
4581
4571
4556
4563
4562
4555
4576
4522
4558
4631
4580
4586
3205
4590
4598
4579
4582
4589
4537
4578
4577
4591
4588
4599
4545
4584
4613
4594
4610
2594
4587
4609
4633
4643
4597
4549
4629
4624
3482
3414
4602
4596
4632
4619
4628
4642
4640
4627
4622
4617
4645
4641
4634
4618
4635
4612
4625
4639
4630
