1490
365
1575
1506
1498
1571
434
1503
1573
1253
4239
1441
4258
1558
1576
3687
1337
1967
1532
2673
4252
1562
1505
1546
2078
1970
4267
4135
3832
4724
4240
1944
1442
342
301
1335
3701
999
4255
4229
3944
3200
3006
3055
1522
5167
4065
4257
3668
4081
518
1388
322
2026
3097
1975
3796
2038
2054
1193
4446
4704
3201
3211
3998
647
3082
1968
1211
3797
5316
4995
3884
4664
432
3453
3768
4132
3940
345
437
70
984
1474
3927
396
4274
1286
974
1483
1766
4670
3054
4654
1482
2800
169
3068
3964
433
1963
4096
2911
2907
1986
4728
183
354
4895
575
171
469
2566
1768
2664
1769
1391
1284
470
4106
1338
3192
1110
4219
1283
586
3819
5376
1266
1481
3943
3689
4635
4761
1230
5004
4079
1962
3970
2607
4195
925
389
1566
4074
1552
3911
590
1729
440
3032
4290
1340
2549
3639
1470
1212
4264
1370
1380
2737
72
5129
3912
3053
3764
1004
1251
5270
3223
4652
3093
361
3239
4699
4686
531
1980
3080
1471
4676
1525
4129
297
3240
2560
985
1999
1217
3792
4093
3756
5166
176
2565
2612
1189
4241
4707
4751
2736
5186
3245
4540
3096
4281
1383
1909
2977
194
5132
2050
4254
3802
4713
407
2090
1308
2393
1332
2509
2053
2519
3372
958
1261
979
1496
914
1257
1233
2046
2037
3801
1730
3968
4204
2498
2531
2906
4251
1274
355
290
4999
2512
1463
293
1953
1390
397
1574
1219
4876
2530
1254
681
1497
3961
2799
1570
915
4487
530
936
69
989
696
179
3975
3836
36
3782
3616
3654
4694
4060
4690
4786
3677
3110
2412
3988
3073
3980
3923
5140
4715
1006
3862
3241
3910
4634
3977
3784
5274
3045
2418
4998
2030
3786
2720
5105
4662
3651
4602
4682
4128
1325
1538
3772
5005
4661
4162
1965
3686
5398
4708
4815
546
3771
2463
3395
4689
659
2208
730
423
177
1961
1954
403
89
1003
466
1155
71
1949
2541
1464
2609
2464
3030
5100
4136
2518
482
3301
2144
1185
644
729
287
3376
2503
1480
1250
3454
298
2014
1062
3124
2197
1336
4160
2122
1216
970
170
2039
3025
5110
314
2501
281
1080
511
1568
3398
4150
3107
2745
3090
2013
33
2413
2915
5147
48
4233
3709
4151
3101
3759
4451
3056
3760
3818
3168
3787
1987
1200
1232
4234
2434
3954
4023
1084
2767
4127
2048
4784
2917
4117
682
1231
4089
5431
465
2438
4739
4869
748
4275
40
2406
3780
520
4247
4996
1511
3123
1272
1192
383
1081
683
2556
632
554
1517
1182
2462
457
2470
1010
2041
587
1151
1065
416
4097
718
1342
4861
2700
4518
4005
3820
373
1377
1235
1994
2581
2526
4779
280
600
5423
1265
529
608
699
203
589
2738
868
3592
1260
3662
1079
2070
1316
998
4653
746
990
2780
16
4774
3127
2061
2826
1009
5293
3302
3306
5267
3304
3236
13
2029
5131
32
4164
5094
5000
1014
3179
5177
4261
5233
3403
4286
3698
3370
2905
427
3591
4020
3815
6
3027
44
3184
2762
4044
3795
4480
3248
3905
2514
2303
3891
5404
41
3682
3046
5375
1957
1920
749
1087
1376
528
2460
2142
211
2466
1995
2674
1202
2550
2033
1237
1082
3959
5357
2524
4671
294
2476
3937
4755
1276
2662
1942
2597
4528
422
4691
1996
4038
1770
971
4667
4131
2410
488
1890
4721
2499
2783
2510
3783
4729
924
1985
2158
3641
3705
503
4722
4113
5043
3455
3800
2339
1147
3622
2763
4121
1416
3741
615
5137
363
159
5002
1159
2782
4004
675
14
160
499
2692
3812
766
3044
3785
883
3063
4338
4291
982
2034
1100
1976
4033
3763
1475
2912
2
1008
4024
4169
5165
880
3106
3765
5159
4061
4077
2330
430
5280
3131
3788
3685
4776
328
2599
2525
4782
1956
3775
1829
3367
3986
601
296
978
3992
129
3352
4666
2082
4452
38
2443
2910
2798
4709
1320
415
292
5224
4886
4098
3667
395
3159
1245
3953
3647
3324
2901
4905
1024
1758
4036
4736
2743
4668
3361
3848
3908
1355
3071
1273
3386
398
2611
663
678
1611
2764
732
576
250
5115
2259
1324
859
2008
2493
1255
3871
3224
1559
1966
1163
3568
1122
1239
1249
5192
4080
2451
871
138
1553
0
2651
3707
3069
5303
911
1973
1172
1183
954
414
2999
878
3886
4245
2777
1105
1331
376
1381
3031
1063
919
2744
550
4768
5222
2856
5271
1820
5426
4122
3969
4532
491
1033
2324
5217
3694
3333
5256
4208
4858
3981
3691
959
2416
920
4868
248
3414
2399
5163
1982
616
3232
2728
4657
2093
2010
5153
1191
2592
3779
4163
3793
318
3052
4501
3079
3696
1537
5268
667
4850
2315
4045
2196
1808
1799
951
1765
617
3580
7
521
948
931
3252
2573
1940
2088
189
2484
2151
2551
4723
3229
916
2092
175
313
2052
1181
5424
3799
967
4993
1252
3679
327
2031
2099
884
73
3407
2435
3421
2079
2771
754
626
4760
1384
3841
4279
4071
1095
2766
1194
2657
5120
4211
2938
2398
3906
3014
4478
2405
4692
180
3085
710
1603
2397
366
5099
291
3935
811
804
4218
2598
3674
5013
4529
439
4161
4714
2429
4685
4629
3951
4124
5379
182
3858
803
435
3266
352
4757
1346
76
1144
172
5041
238
3067
3807
329
2431
645
3178
892
1666
4950
2257
3893
3305
961
2686
4052
4034
5178
3974
3425
1951
3956
1248
3666
2902
1148
957
4104
1334
52
1295
1767
2256
926
618
1534
3987
4088
5141
2223
1824
4394
1109
1579
4091
4380
2135
3345
3246
2676
4865
3164
1422
3303
1312
4504
3092
3601
458
436
1450
4557
3633
3623
5246
2020
1728
4763
4683
3214
5063
2128
4246
2309
4818
2019
2300
5265
4877
910
2425
1521
717
2381
3738
102
2097
3585
4328
1600
1242
3424
2365
2943
1457
5287
121
2058
455
932
4059
5299
3149
3634
2009
2535
2011
3661
3762
2255
4917
5315
3632
1016
5188
3103
2713
371
536
636
308
1256
3605
344
320
4360
1210
4459
1150
2954
492
540
1950
3560
2932
1425
2804
269
4225
1164
4014
1177
1375
2095
917
2964
2668
3339
648
265
3657
2786
3606
4789
2582
3809
3191
2270
372
300
2071
2543
4226
3699
3299
1657
1187
2600
535
3571
4844
2352
3419
75
4611
5298
3225
4827
5039
4701
1935
2417
744
3941
5310
1293
4710
3023
3791
2321
2301
1596
599
3595
1310
2504
4114
4968
1615
4330
1607
1604
5117
3924
5249
4663
1509
3095
2351
1882
2734
4149
2479
5142
3945
997
1502
1322
4448
2163
3704
2878
2414
1071
163
471
4903
4931
1836
196
1023
584
3851
1939
687
2946
5244
2687
34
3409
1943
701
4633
4672
1012
5229
3900
1264
992
1019
143
602
1347
1540
5433
137
58
912
3083
4726
2145
3250
3290
2605
258
1586
1947
3292
5421
2748
4063
4481
4477
2169
635
630
1354
3307
4340
5314
2588
4345
5201
1904
4232
2864
5042
5367
2585
2730
5149
3119
2502
2961
3620
186
3751
3475
3770
2043
347
2785
4324
4025
2516
4355
234
3021
5061
1813
4791
1291
3227
1236
3904
2007
3024
3734
1929
3913
2448
4256
4269
3177
3471
5148
4592
1971
5312
2778
986
1278
4842
3635
514
2614
377
2114
481
934
2515
1141
307
1329
5438
2508
3359
1052
3371
1171
438
1504
795
1
3853
299
2697
28
866
3761
178
5363
3364
674
3400
27
1197
777
4090
2447
2025
943
3412
35
1198
431
1394
2299
192
3281
2996
1409
4491
5389
464
2647
5235
5252
4236
3255
5275
3711
5101
4200
750
2439
3199
5304
2077
3185
2433
1785
4623
3078
4720
2779
5174
4221
1208
4711
5021
3626
4836
3594
987
1614
4808
2310
4872
2454
4826
2021
4997
2224
5259
1832
2658
3733
5181
2028
1041
3265
3777
2112
2889
91
2131
3599
4486
2563
1891
2680
2731
323
707
968
1541
1120
4952
5
3878
4460
1369
4847
973
887
2104
1247
1270
5360
4461
2601
4389
1263
1822
613
3624
3967
3002
3879
1134
4402
1067
2937
1259
1523
2983
607
2694
2900
1319
4681
3673
1491
1303
3157
1161
3889
31
3842
93
1112
1275
2685
4438
1796
1916
1378
10
1720
4013
3546
1717
2263
1721
1722
4428
5220
1705
3544
5420
815
809
4019
4375
3520
835
4305
1915
4972
5414
3551
4008
1706
1637
3494
3503
3548
5209
1712
4311
4310
4437
792
4007
4443
5418
4510
4432
1592
1593
4423
1801
4433
1702
4465
5194
797
4440
3997
3482
4986
3134
101
3488
5056
3516
5020
5112
5381
5037
2100
4439
1839
4376
3312
2688
4513
3118
4853
3238
225
4441
235
1855
4335
4649
5338
3129
1651
1842
3330
5046
3489
3464
3550
3543
5324
3435
5331
4373
5346
3547
793
760
4427
1869
4366
4576
254
2276
5195
4422
3504
5032
4507
2107
78
274
4348
3436
1668
5049
271
5191
1594
4519
1344
2718
1125
1357
4050
1779
567
1560
4357
2698
3169
198
1742
1501
845
3555
4862
5210
1379
1691
5088
1741
4987
3087
1680
4336
85
838
4582
4571
2751
1643
3148
2683
822
3217
5019
63
5371
1696
5208
568
111
3610
5059
4139
2275
1866
5203
154
3442
3521
125
1086
3137
4575
2709
3517
2544
1403
4659
5390
759
4420
3531
739
1757
4775
501
3007
107
1810
4094
3130
4372
4197
1396
4210
3535
3228
494
3341
2794
3529
3532
3528
761
2962
2244
4354
4103
3645
1353
782
2153
1484
3343
42
5008
4605
3142
3373
4608
2272
758
3154
378
100
1703
1853
2617
4010
260
1854
798
843
1652
2622
3481
1397
2532
4436
3973
1367
4347
5111
4156
1837
4168
1070
1642
3540
2757
1400
4798
1849
4548
1874
3334
2490
2248
2711
1565
780
5060
1328
230
2161
2316
2461
2805
5083
1924
3914
2362
2336
134
3936
5157
4250
1693
4745
4816
2520
2457
87
913
136
2480
1616
2314
3758
3452
4777
2423
55
57
1294
955
4702
4841
109
1991
2858
2465
2313
3999
2874
3631
3116
4899
1933
2428
3976
2371
2474
3929
2368
4298
2818
1711
2385
1690
1676
2133
3989
2149
4001
2482
1675
2420
1629
2345
2366
2421
4304
5119
2319
114
5045
1677
4916
105
2979
86
147
4430
800
1858
4411
2241
2978
4650
4445
1903
112
99
4467
1663
5388
3483
251
3833
4299
1649
3287
3311
4429
4717
757
853
3160
539
2823
4344
2378
4309
4498
67
4424
3487
2403
1633
2022
4564
4464
3523
4049
4364
151
1387
2346
3141
762
3883
5038
264
1743
2185
3569
4425
3526
3507
3611
854
2357
4137
5364
5130
3527
1798
2792
448
3495
5215
5024
4027
1453
799
1707
1641
860
1660
1689
3676
1650
1659
155
1298
1698
1687
4421
1719
1716
1492
1715
3515
3518
816
1658
3100
526
1775
5337
1700
4352
3588
3477
4062
1809
906
21
4187
1401
4203
4971
2885
1917
4595
3145
2203
4541
1699
2202
5023
3509
1402
5232
669
2391
2342
2638
3182
2955
786
4223
246
836
5242
1679
839
3846
5320
5113
1664
1686
4418
897
1678
1755
1704
1129
1529
1701
3478
1682
2632
3340
1083
4651
5425
1714
140
88
4410
1802
1434
3804
1718
3444
1697
2691
4212
2206
4626
3147
2791
4522
3332
119
558
110
1636
3572
2317
513
2618
4230
2402
824
4873
2887
2628
2396
3557
381
828
1695
1674
1670
1684
756
232
1692
1713
1665
2325
1669
2331
5069
4377
3562
818
4976
5028
2349
1638
840
2278
215
1865
2350
1417
4326
4191
837
1647
1646
1073
2279
2292
2725
144
4362
4648
5033
4320
2415
1644
2249
1632
5122
781
2497
4975
2326
1864
2062
1590
4558
4981
1662
1653
1634
2318
1587
1685
1655
1673
1625
1624
1639
4970
1588
1621
1683
1602
1645
833
1661
1708
1606
4417
218
5064
1667
2373
2327
4342
123
1620
1623
4205
1591
1694
3581
4401
2334
3459
4307
2335
4177
1631
1617
724
896
1872
5383
4306
4466
4353
1784
821
4172
873
1630
1610
1626
1622
1671
1608
1635
1599
1640
1672
1681
829
1601
1613
1583
1605
755
1619
1688
2360
1618
2376
1648
1609
1582
4435
1589
5053
2332
3446
2374
1584
850
82
1612
841
1754
1461
5025
4561
1527
1835
2629
4390
3268
4959
806
2265
4308
2645
4679
2288
1884
2211
2341
753
807
1628
847
2338
1597
2323
2387
752
2329
819
2359
2386
827
1581
846
1627
814
5090
863
2356
1017
1580
2409
1814
2384
1578
4302
4400
1875
1454
5031
727
4434
794
813
2361
4015
2394
149
5082
117
4442
3342
2707
4155
5430
1467
1878
1889
4381
5009
2672
2333
5057
2354
2337
2353
2379
2347
2328
4431
848
2355
2886
2340
2369
4444
2344
5134
2884
4419
874
1873
1876
127
2505
77
5114
5030
4387
118
823
726
1327
139
3556
2427
5296
5098
574
5086
5135
3608
2138
4606
4055
4516
4601
4871
2507
390
2473
3440
2879
4489
1850
2883
2882
2377
5036
2372
5074
2364
132
2363
2367
2390
5091
2380
2322
1455
2430
2487
832
2343
2389
97
2419
1499
2358
2348
124
4396
145
5128
3549
2305
5007
5145
5144
4386
3554
5106
4577
849
5029
3542
5055
116
875
2217
3574
1487
187
253
2755
130
4599
2631
3257
2382
2383
5213
96
2392
5044
2370
1460
1598
2424
3553
128
877
2320
2441
2400
2527
5076
152
1577
2475
2811
864
2806
239
206
2830
856
2809
2472
509
2437
146
1026
2388
857
2201
2871
745
141
2810
2302
2442
5035
1512
224
5095
5125
4054
120
3990
2304
2661
1507
2404
2426
2453
80
2436
153
2458
122
81
2455
2450
2445
747
150
2860
2407
1595
2306
5084
2308
2375
11
5067
5058
74
2408
2444
2489
12
4213
2870
842
1508
2471
2401
5104
858
5102
2855
1031
148
104
2517
5081
79
867
2468
876
5022
5068
5073
2481
5096
2395
2422
2469
862
5075
2411
2446
2477
734
869
108
728
2452
56
2467
2312
1466
2863
5062
417
156
133
157
844
1476
5155
5103
188
2298
861
5079
2486
2492
5124
831
5133
2307
735
2456
2440
135
1519
3552
2787
1518
855
131
1459
3573
2821
2500
195
106
3563
817
733
2523
210
2311
865
736
830
834
2297
870
872
852
851
825
3579
2496
126
1458
5107
2495
142
5151
1456
2478
3559
19
731
2877
3590
214
5123
158
94
3578
3541
5080
5118
3564
3575
205
2849
5138
1556
3566
244
900
2868
751
898
1897
268
220
2483
1027
2258
1047
2261
1051
1042
17
5150
1040
5126
1050
1036
2491
901
18
5072
1029
2485
5139
113
2260
1045
59
1044
5077
2876
2488
2803
2449
820
1452
5052
5146
899
1038
15
84
1030
2262
1748
39
2285
221
3538
241
1015
1488
1536
4358
2881
812
1557
4196
252
4416
1037
1048
1035
1018
1043
895
1025
902
1034
1049
1039
37
43
65
115
229
190
60
2880
2862
204
2254
2866
1886
213
904
1057
2253
5152
3577
2869
5071
1465
247
2513
2537
5089
1446
2506
2264
2533
3457
2924
3545
903
2875
3472
2243
3042
161
3746
222
4379
2802
92
2834
2246
1478
3725
2289
2832
2843
270
2835
2972
2968
2820
2557
2271
103
2284
3533
3536
5109
223
2819
3558
95
2522
2807
2749
3745
4370
233
5317
2546
2293
2564
4300
1803
61
3172
4415
4190
1437
2841
2808
592
1834
2813
2891
525
1550
98
1881
741
1365
4405
1790
2867
2831
2854
2865
2890
2838
2281
1911
256
2842
1751
263
5085
2873
2837
4369
278
2548
2859
1752
2801
3502
2848
282
612
64
4111
2982
1479
5143
2824
3534
3740
5034
1908
2788
4201
1569
3530
2528
5154
197
3567
2703
2847
5202
5127
5017
4408
5116
4167
4082
4391
2822
3537
3619
5018
2845
2926
2949
2280
2267
3755
4383
2956
2888
2948
5070
5016
2918
2966
3618
2850
2851
2742
4184
5050
4297
4392
2538
4227
5206
3522
4356
3576
2268
2290
2277
3493
3458
1756
259
262
3586
1745
3514
4414
4407
5238
1744
3565
5097
5319
4359
2836
255
5078
2928
4303
4374
4350
4361
3747
4382
4296
4295
2931
4301
26
2769
2853
3485
3582
3744
2986
5065
2294
5054
4388
4343
2861
4214
4206
4339
3480
2296
4399
3476
2892
3700
4395
285
4409
4412
4325
2829
2852
2940
3743
2939
2269
2795
2927
3451
3473
193
5355
4385
5169
2827
4397
4403
4404
4398
4384
4393
4413
4332
4378
4331
4351
4368
4367
4341
5370
3510
4371
4319
4333
4318
5051
4346
4315
4314
3474
4334
4316
4349
3584
3470
4323
3479
3445
5325
3468
5015
5066
3583
3587
4322
5318
5093
4329
5092
4294
5374
3469
2790
5040
2993
3593
2459
3000
2746
5161
4224
4313
5003
3465
5014
4171
3597
3447
4166
5087
5164
5250
4337
4202
5168
5026
3561
2793
5184
1046
5180
2789
2815
5027
66
2814
5047
5160
4293
2893
2273
62
5263
5121
2825
4473
3628
3205
5327
2839
231
2894
5219
5136
3448
3739
2872
2973
946
1910
2252
1545
4209
1771
4327
5011
4317
5223
3449
3450
5200
3589
5010
4321
3596
4165
5170
4176
5216
5212
4183
5012
5182
5176
2934
2930
2796
4186
4238
288
5231
3466
5108
275
5243
2702
4170
5006
4043
2765
5189
2921
3748
4969
3570
5193
4312
3456
3722
5158
3170
3467
2960
2846
5334
2840
3140
4961
5173
5156
5162
5175
5204
5171
5198
4185
5172
2963
4144
2857
5207
2540
3348
1747
5183
3625
1542
5190
3415
3020
2997
236
3736
5257
4476
737
2833
709
4056
2981
2919
4572
3128
83
3171
219
2521
3441
1561
5230
336
1746
1345
1895
2282
4222
165
3728
4914
3742
1472
3513
5226
5185
5214
5001
5218
5236
5251
5282
4474
4974
266
3621
267
5237
2816
2984
5247
5291
2828
3026
283
3671
2817
228
4524
2985
199
261
1544
4985
5297
2004
2511
5196
1863
3737
2952
2959
1020
3022
1723
2929
452
4977
1551
1753
5197
3420
5255
2990
2971
4973
2274
4482
5264
5211
5253
5187
5205
5225
5240
5245
5272
5221
5179
5241
276
5234
3059
5278
173
5239
5276
5199
5286
5248
5277
4175
5262
2936
5269
5258
2812
3028
5289
227
2844
2976
3050
5295
191
5292
273
201
277
2989
4475
5288
3057
2957
2935
5260
2896
3173
272
237
742
3010
5279
5266
5281
5285
5254
5294
2975
243
5261
245
242
226
2980
5302
3008
2970
3003
257
2987
174
4101
2967
212
2998
4287
4276
5305
4220
2991
4189
1734
3001
216
5284
164
4585
207
4154
240
3094
249
785
2750
3505
3011
805
3720
2953
2994
3016
5308
740
826
90
2974
2942
2898
4282
2992
4278
2945
2916
4182
2988
2797
348
2941
4215
2922
3019
2950
1468
3133
3013
3012
217
279
2920
3461
3501
409
2933
1493
4960
1555
3460
473
1399
5351
1780
905
1360
4118
3310
2958
1439
1867
4272
2903
5343
2897
3524
3525
4273
2545
4157
565
3669
3139
2904
2923
4271
2947
3112
2965
3122
4265
3508
3049
4193
2951
3029
4243
3136
3150
3143
3803
3017
702
4110
2553
2539
3015
3004
5417
4565
2547
3498
3075
3769
1358
1447
3285
570
2534
2699
1847
4158
2283
4134
2925
5273
2726
1750
4159
4824
1861
3434
706
350
4963
1843
3005
4216
4263
3048
4253
4266
3099
3146
4289
3072
4153
4142
4285
3650
4126
4078
3
4280
3506
3174
3512
3114
5283
2909
2735
3835
2995
3437
4057
3237
4109
3754
3108
200
3432
3018
4588
4991
953
2944
4525
4099
1022
4468
5290
1825
5328
1726
4048
3086
3811
4199
2594
1848
4268
4270
3135
3153
3144
4231
3152
3598
3126
3156
3208
5313
3511
2899
4198
4174
4173
4237
4277
4259
2908
4235
4147
3165
3117
3649
3496
3684
3120
3033
3121
4249
5307
3885
4053
3051
4262
4107
4123
3220
3714
4064
4194
3167
4248
3209
3243
4260
3166
3111
3892
5309
3429
3289
3462
3463
4051
4086
4108
4179
2913
4244
3499
3155
3132
3163
3104
4180
3196
5311
4083
3490
4120
4217
3076
4283
3430
5301
4115
3158
3047
4292
3314
3880
4112
3713
3235
4073
4207
3206
3070
3098
4152
3426
5342
3138
3492
3500
3060
4181
3890
3856
3161
3683
4066
4242
3102
3151
3202
4188
4119
4133
3077
3175
3203
3600
3162
4288
3088
5306
3491
4047
3497
4116
3267
3861
4105
3282
3313
3325
3253
4068
4228
3888
4138
3824
3251
3692
3279
3286
3039
4084
3242
3894
3855
3808
3034
4076
3825
4069
3187
4125
4141
5354
2914
4042
3215
4087
3226
4046
3895
4072
3061
3254
3035
3105
3258
3074
3876
3036
3278
4100
3064
3186
3288
4102
3283
3280
4146
4095
3868
3197
3273
4148
3113
3062
3091
3037
3276
5300
3867
3270
3249
4143
3210
3857
3271
3875
3183
3219
3221
3269
3176
3262
4085
3275
3831
3040
3189
3284
3272
4145
2739
3207
3230
3887
3277
3081
3038
3274
3194
3188
3041
3065
3256
3247
3261
3193
3233
3190
3263
3244
3089
3043
3260
3066
3877
3234
3874
3218
3828
4130
3881
3774
3870
4075
3222
4140
3264
3869
3231
3259
3864
3843
4092
3198
4070
3204
3180
3872
3773
3798
3084
3181
3845
3882
3866
3708
3840
3860
3790
3850
3433
3721
4058
3329
3328
5365
3873
3865
5397
3789
3852
3648
5341
3308
2895
4039
3422
3399
5348
3827
3607
3665
3362
3427
4067
5386
3863
3849
3602
3389
5352
3646
3443
5373
5353
4982
725
3732
996
3381
5350
3327
5339
5326
3326
3603
3810
3844
1406
5347
5411
3428
5359
3423
3404
5356
5419
5400
5385
5372
5340
5392
5358
3405
5396
3406
3410
3396
3678
3681
3717
5382
3672
3385
5361
3726
3859
4675
3837
3320
3390
4567
4574
1371
456
4803
5368
3652
5323
765
4037
5378
2776
4533
4011
4570
4596
4769
3291
5393
4644
4587
1740
5384
3826
4551
5408
3323
3387
3411
5377
5391
3418
5403
3413
3382
5321
3397
3644
3375
3318
5407
3715
3854
4603
4568
5336
3710
4598
3612
3366
3750
4962
5387
4534
3374
3829
5332
3319
5362
5394
4018
4035
5322
3627
1528
3614
3915
3438
2756
1469
4002
4922
3663
4581
185
593
2758
4983
5428
3408
3823
3817
3383
5329
3839
3731
3664
3604
5429
3830
3609
3653
3394
3814
4988
3401
3417
2772
3392
3706
3388
3719
3391
4499
4966
4471
3354
5422
3431
3749
4964
3806
5406
3816
3378
2747
4472
3379
4984
3723
4628
5330
2770
5402
3834
3822
4627
4573
4956
4949
3321
3735
3794
3727
4965
4954
4955
4958
3724
4957
3730
4979
3753
3729
4967
3716
3693
4948
2775
3702
3659
3675
3847
3752
3838
3613
4469
3712
4470
3384
3658
3670
3805
3402
3393
4590
3688
3642
3690
3643
3416
3703
4978
2759
3322
3778
3695
3660
4483
4502
3718
3781
4586
4619
4935
4552
2773
3380
4517
4992
4613
5436
5427
3369
4449
4503
3377
4618
5432
5399
4614
5416
4580
3776
4687
5395
4624
4506
4559
5335
4674
4490
4607
3363
3360
2740
4492
4994
4485
4016
5435
4990
3316
4458
5409
4021
4032
4040
2753
4550
4951
4563
4593
4807
4616
4488
3315
3960
3365
4800
5349
3355
3368
4547
4535
3351
4591
4530
3358
3347
3317
5413
4508
4512
5434
3357
4555
4017
3296
4450
4554
4454
4527
4493
3349
5405
3338
3353
4022
3335
3350
3346
3952
5415
4536
4526
4578
5333
4537
5437
5369
4453
2741
3300
4560
4546
4542
3344
4625
4553
4509
3295
4579
4006
4497
3336
3293
4539
3356
4523
3337
3294
3297
4457
4456
4494
4496
3331
4455
4520
4538
4543
5412
3950
4495
4544
4569
4030
5410
5380
4521
4028
3996
4566
5366
4029
3991
4511
3921
4041
4584
4026
4514
4531
4660
4515
3767
5401
3985
3766
3930
4500
4462
4463
3995
4594
3298
4562
3979
4012
4589
4622
3978
3439
3983
4583
3949
3966
3948
4000
3982
4716
4814
4031
3947
3928
4610
4447
4600
3484
3946
3821
4645
3994
4003
4009
5344
3926
4597
705
3925
4545
4615
4793
4845
4846
4805
4802
4620
3971
4556
4799
1871
3993
4609
4823
4641
4806
3972
2774
4942
4665
4831
2752
4801
3615
3638
4811
4821
4809
4794
4854
3984
2754
4863
4612
4766
4688
4759
4822
4833
3939
4928
4696
4879
4646
4835
5345
3922
4756
4832
4647
3656
3907
4839
4796
4989
4870
4912
4943
2760
4937
3963
4604
4857
4680
4764
4834
4920
4643
4730
4630
3955
4929
4953
4695
4790
4838
4820
4812
4762
4813
4804
4795
4941
4678
4617
4754
3965
4792
4734
4773
4783
4918
4642
4733
4742
3942
4788
4725
3933
4758
3919
4770
4731
4930
4778
4890
3813
4697
4746
4797
4698
4767
4781
3958
4747
4947
4621
3962
4752
4852
3938
3901
4927
2781
4921
4946
4771
4864
3957
4743
4772
4892
4945
4944
3920
4787
4925
4753
4735
4913
4479
4719
4748
4933
4940
4765
4898
4883
4923
4924
4906
4910
4840
4926
3934
3903
2784
4938
4780
4640
3909
4889
4939
4907
4785
3637
4896
4919
3617
4909
3916
3680
4915
3896
3931
4911
4881
4882
4900
4891
3757
4936
4866
4908
4932
3697
4880
4884
4874
4934
4894
4893
4904
4897
4875
3629
2761
4885
4878
4901
4867
4887
3655
4859
4856
3640
4830
4828
3630
4860
4848
4888
3902
4837
4849
4855
3917
4658
4732
3918
4631
4843
3897
4825
4744
4673
4669
4851
4655
4639
3636
4703
4749
4817
4637
3932
4718
4636
4700
4829
4677
4737
4741
4740
4638
4819
3899
3898
4727
4750
4656
4693
4684
4706
4712
4738
4632
4705
46
2287
289
1485
743
1852
808
1797
738
1564
1787
2615
337
474
1572
2571
2591
357
2125
1794
1826
2586
1500
1443
2250
776
331
1859
3009
1733
2682
306
162
1777
1535
1028
1486
801
2589
1032
1433
375
1431
1440
2610
947
391
1749
543
388
421
1513
1789
209
783
923
1531
1725
2669
356
295
419
454
1477
1515
2075
2595
1913
2576
519
1988
559
2554
1831
1823
68
1374
1451
1815
450
2567
305
704
404
2247
2529
2266
184
1494
1510
810
802
444
2574
453
1473
286
2561
1524
1489
784
564
2580
1448
441
1445
445
181
778
394
1520
284
789
2569
424
2558
484
2583
1348
446
569
1438
561
393
335
208
773
304
796
2570
1449
9
2555
2712
772
788
2603
611
2005
2733
764
2578
2568
2575
2579
2552
2562
325
2577
2587
2572
418
380
1539
2559
1495
1462
2584
360
326
1436
333
1444
1549
310
405
2536
442
2542
202
426
571
449
790
166
2616
598
408
1427
167
309
447
369
2608
443
1543
351
303
385
1429
2596
168
2604
2593
387
401
2606
384
425
358
2602
367
359
324
787
1548
400
1530
428
1435
1407
406
1856
311
386
334
472
411
562
555
316
1424
330
1428
1423
1412
980
2613
382
1514
420
392
477
315
572
412
2590
338
779
1827
1914
429
1430
451
1870
2729
1900
493
1862
374
1420
362
1415
478
1426
560
563
341
413
552
1411
340
370
566
541
1393
476
339
346
410
368
317
1432
1554
538
548
1567
475
319
1339
1414
1418
364
507
517
1341
527
1893
312
1883
791
467
534
1413
1857
332
715
1408
508
544
353
1419
402
1410
1405
557
537
1395
549
343
545
551
553
547
556
1398
1140
495
480
1421
479
573
516
524
1404
502
483
504
1186
515
490
302
486
512
533
1389
510
763
1563
542
500
379
460
1363
714
532
496
349
597
1385
523
712
1887
2625
505
1176
1533
497
485
498
1188
487
1372
506
1145
522
1190
1184
716
1069
468
595
2624
988
1167
2630
463
1351
1352
703
1879
2633
459
1844
2660
1137
977
1778
2644
1096
1868
1139
1880
1373
1000
1097
1526
1812
489
2295
2721
1153
708
1157
921
2648
700
2654
937
610
461
1128
1178
1138
1149
1162
1166
1108
2643
2642
462
2655
922
1169
983
1127
1156
2623
2649
2653
960
938
1126
879
596
614
976
1002
1117
1090
1175
1382
2659
1173
686
1066
697
711
594
945
1306
1068
609
2675
2693
1364
1174
2732
1359
1133
1362
981
695
1343
882
1107
1118
1180
1116
1115
1119
1103
1724
1104
995
972
1300
1168
1092
1005
952
1361
1368
881
1179
1085
591
321
1143
993
1077
1333
1094
1078
713
1132
1111
1366
1165
2665
1828
2679
994
1547
698
692
1392
775
679
1786
694
1064
1516
1124
689
680
2069
652
673
1106
1142
2671
1099
691
929
684
1001
1170
1093
688
930
1160
1060
1154
1058
1158
693
665
662
2724
2705
885
2245
1727
1885
1146
650
1732
690
1289
1819
2695
1894
2641
1892
940
1841
661
1350
1292
1838
1899
2719
1804
1818
1123
927
2639
1309
585
588
2670
1268
944
1152
928
1089
1131
886
1136
1349
1059
2716
685
1282
1114
639
2715
1241
1135
1356
643
1011
1101
672
1227
942
2722
1301
579
2717
606
1240
1840
1845
2627
2621
941
1318
1271
2286
642
656
1281
2626
1290
660
888
1806
771
2723
1209
1901
1731
2663
1776
8
627
676
651
668
640
666
605
621
578
641
649
664
629
677
631
658
2708
2710
628
1313
1321
623
1317
1323
653
577
1304
646
1972
1225
619
1315
622
624
1888
1061
1739
1311
670
634
604
655
1846
637
1226
2706
1288
625
1220
603
654
1302
1896
671
633
657
1326
582
581
580
1314
1299
620
1330
583
1305
1307
1297
1296
2678
1207
1223
2701
2045
1783
1258
1793
1285
2704
1224
1234
1983
1735
1960
1279
1280
1277
1792
1795
1076
1811
1205
1821
1952
1206
1912
1760
2023
1800
1269
2251
2677
1898
2015
1791
1851
1984
1993
1989
1287
1906
2016
1907
2646
2291
1902
1905
1978
2636
1807
1204
2006
1130
1805
1764
1113
1772
1072
889
1833
2242
950
2035
1782
723
1121
2637
2109
1267
1877
956
2089
1246
1941
2634
2056
1215
1007
2652
1816
1013
2640
2666
2042
1238
2656
770
1262
719
890
2044
1788
1218
2667
2081
908
2032
2027
722
1761
2650
1979
2727
2116
891
1817
1203
2690
2141
2130
2681
2226
2074
1738
2635
2684
1098
2689
769
2057
1774
2049
1737
2140
2150
2087
1021
767
1222
1781
2233
2696
1736
2619
768
1229
964
1763
966
1926
2067
2193
2012
935
1934
2620
2108
2064
774
2060
2065
2073
2024
2036
1075
933
2072
720
962
1928
1921
721
2083
2105
2179
2170
1955
1054
1055
1762
1773
1088
2127
2080
1221
2171
963
1927
2172
2017
1199
2121
949
2101
2134
1228
2148
991
2187
2085
2126
1759
2184
2103
893
2106
965
2119
2162
918
1056
939
4
2051
969
2199
2180
2188
1244
1053
1213
2209
1214
2198
2147
1195
1997
894
1923
2157
2066
1196
2068
1201
2059
2166
2156
2055
1990
1974
2018
1981
2146
2167
2063
2003
2120
1919
2040
1945
2132
1922
2189
1948
2047
1998
1074
1243
1958
2154
1964
1959
2000
1925
2001
1977
1992
1969
2175
2002
2183
2076
2176
1946
2086
2182
1830
1930
2174
1931
2102
2094
2139
2212
2160
2159
2110
2137
2136
30
2113
2240
2091
2084
909
2098
2117
2219
975
1918
2096
45
2216
2155
2164
2165
2236
1932
2118
2152
2230
2213
2192
2115
29
2228
2194
2173
1937
2237
1936
2178
1938
2168
2124
2123
2191
2235
2220
2207
2143
2238
2129
2239
22
2181
2177
24
2186
2225
2231
54
2190
2232
2111
49
50
2227
2222
23
2205
2214
2218
2229
51
2221
53
2210
25
2234
47
2215
2200
2204
