2433
1781
2428
1432
416
1803
1049
4018
2437
2434
1824
1905
2319
353
1820
1042
854
2905
4024
2430
2987
3802
2438
2023
1045
4329
1139
274
352
4030
1418
3843
2303
1491
2894
2330
421
1192
1113
4374
1840
3580
2389
3803
2737
2379
2988
1431
365
1858
640
909
2285
3581
898
4378
1999
3616
3816
1386
871
1926
2265
3010
1391
2290
2302
696
4937
883
429
271
311
4023
1268
1118
2288
1181
1782
4365
409
3014
4028
2450
3939
2361
2259
2009
412
2311
1140
2946
4816
2882
1375
2729
2922
1138
4039
1424
4519
3647
341
1881
1120
506
519
1810
4847
1267
3913
2036
1837
1970
855
1908
357
4941
4892
1451
281
4917
1283
247
459
3051
3012
3858
865
3549
1836
489
3566
3449
2401
1310
4389
3650
499
629
3695
2027
4885
3476
2260
3624
2034
346
170
1121
2306
813
914
2307
1548
1423
3798
2205
430
2736
942
4680
2783
3954
3246
4793
2399
4945
4114
3006
4953
2144
4011
3797
2032
2827
3190
95
2299
2295
2198
2397
3204
1193
2442
2024
638
3056
3958
872
2033
4817
2451
3247
424
4955
1943
1494
2444
2898
4328
1878
3433
4373
1316
1012
3461
3448
1011
4429
1846
1868
1919
1914
4367
561
3417
3716
3409
3431
1066
3887
2293
1816
3577
828
1467
3423
1825
159
4532
3464
375
2000
460
4327
2081
1174
3882
562
1053
588
1087
455
4506
3467
940
4406
320
1099
3641
4833
2867
2298
2733
2251
715
2159
2390
2313
3847
2679
2042
1458
3061
2734
2821
3644
1188
3950
2357
76
2216
1965
4668
2563
2151
3980
4948
4859
360
1904
2411
2841
2934
2323
63
3635
3114
4813
4811
2166
1122
4854
2215
259
1487
3844
1151
2204
889
1780
995
1436
905
1239
2067
498
4559
4550
1060
2038
574
2019
2020
1795
507
241
1993
1912
3567
1417
3933
4740
608
1715
373
1276
3380
4436
4100
651
3703
1308
1202
1092
2927
1992
4916
2046
339
368
2447
3951
4755
1719
3419
825
810
4502
3075
3008
4396
4838
2971
3030
3945
17
3582
3021
2880
3854
83
2912
67
3860
3512
3610
4041
2884
3175
2309
2727
3071
3634
811
1002
3976
2847
657
4510
2622
3405
2300
3484
2569
3471
4445
2312
3953
3146
2170
2936
3707
2848
1865
3477
697
2627
2735
897
246
508
1561
1074
321
1796
1805
4449
254
1890
1822
522
1860
4533
869
1471
3986
4775
4433
168
1862
894
167
276
1190
1951
469
174
2419
4405
1849
120
301
4105
2362
1257
169
1384
322
496
822
3977
521
4364
930
1403
2186
1132
884
725
684
4021
2466
3714
3306
2179
2658
4616
3286
3290
2131
2398
3856
2674
4312
779
4416
142
3275
2446
2187
3351
1625
135
1577
2817
2480
2851
5077
2525
2636
3329
1774
343
2135
2132
2584
1653
775
2461
736
1732
72
3546
3862
3312
1674
4179
2942
3846
3399
3537
2670
627
3473
3795
4124
4943
2815
3556
4134
2919
2523
3415
3011
667
2570
3207
3447
2011
2717
3621
5074
3515
3596
4332
1490
1982
3940
2228
2892
3591
1435
2257
2896
3434
2836
2576
3480
4848
853
979
4634
2845
4729
2626
3493
3839
2220
4169
2469
1681
52
1599
4314
2452
450
548
5080
4267
2748
178
185
3333
4648
4701
4607
2811
4872
2537
1705
3278
2250
4690
3776
1622
503
838
3780
1294
3402
2192
4710
4841
4112
1444
680
3222
2462
4598
4489
4560
4810
2264
2749
4764
3335
5045
4177
4170
3819
3225
2587
4015
5061
5057
1717
4769
4688
760
3761
3229
4174
4173
4293
4402
3307
3747
4707
359
4774
3327
4640
4326
1110
4205
4745
3272
3273
4250
3638
2129
2758
2136
2668
1332
89
234
2518
2696
2181
2188
2666
732
103
4162
4323
2107
1650
3769
4967
2130
2128
2124
1651
524
2206
3654
1647
1748
217
2619
238
2941
4491
4059
3339
4473
1959
391
4141
2685
4997
557
4296
1554
1249
4285
635
231
4241
4482
1514
4857
317
4252
4277
3809
3923
2604
2606
2586
2585
4217
5049
624
572
571
4213
4282
4246
4227
495
123
4880
584
4291
2772
1746
1739
4203
4656
438
1721
777
754
2792
4244
4206
3041
3230
756
1753
3283
943
3019
4099
50
2342
2125
1744
797
3292
102
4726
2662
4798
994
1690
1711
1030
3049
792
4646
4698
3526
4136
228
4468
1379
59
2413
2324
815
1019
2370
2070
2310
886
411
616
788
2415
1664
2383
1112
567
1309
14
1393
626
264
2269
326
2337
90
505
1183
1409
1448
2284
1502
1477
649
1555
4671
1352
1125
261
1462
829
1495
2541
1629
1427
3252
4042
31
4523
1764
4053
4178
2146
2316
1284
115
2142
1145
2304
4120
4686
1734
1725
3929
4355
2476
2363
4427
3092
329
569
1672
2393
130
1619
4201
3260
3093
2189
2103
1726
1371
2358
4325
1285
147
4737
1580
516
4722
1590
689
735
728
4751
3172
3177
4340
3527
4156
1607
1735
4724
4199
4914
4925
2458
99
4465
232
4721
2932
1286
21
2656
4785
4461
1496
3088
2652
758
753
4492
2102
3413
3713
4976
148
2549
2781
3086
4835
1445
435
1579
2767
4189
400
743
4479
4839
3305
3325
2947
4786
4853
3309
3310
5075
2176
2143
2457
4154
3248
1586
1591
4164
4185
2456
4057
1765
3955
3922
2137
494
1754
2134
1648
3963
487
1430
1341
475
4784
4054
2213
773
768
764
763
761
750
772
742
723
1616
1612
1606
674
3182
4613
3293
4209
4709
1700
4744
3790
1230
4394
1777
4273
3321
3316
98
1516
2623
4464
2106
2165
4180
4207
1054
3763
2494
4471
528
2245
1617
1624
710
4147
4466
4166
1515
2217
682
2574
2760
4309
3777
4255
4651
4655
3289
2477
3853
1570
1649
2875
983
987
1088
2620
3466
2171
5004
4369
1533
1289
191
3629
1370
3344
5044
3259
4049
4304
4167
959
2485
4125
794
2763
1255
218
4713
4356
2712
2740
4295
4300
4050
2777
737
4283
4478
296
4474
121
3868
2509
3117
547
4915
4308
253
1369
1340
3756
1581
4603
4611
4609
399
633
4789
1709
3277
4234
4052
4161
378
990
478
2750
821
3682
4257
4269
4274
4842
2448
4594
2890
3300
1455
3298
686
1382
2694
3282
2139
186
2624
2468
2680
690
2196
1394
5014
4995
1545
2180
3202
1063
2350
4020
4770
1756
4108
594
198
3677
4588
5009
1465
149
182
2467
4504
3067
3701
2860
1791
3850
2726
1829
2037
3842
1996
2931
2904
2719
3822
2744
2732
2826
3058
4431
3603
2862
2861
3015
4962
3841
2911
3001
3373
4388
1964
3208
3721
4401
1933
2062
3599
2540
2073
1159
4679
2052
3568
1986
2962
4687
1831
2881
3686
3422
3948
2475
3734
2903
5003
4987
3828
3658
570
1360
2828
3676
4428
24
3084
3295
4974
484
2993
3299
3930
4391
4001
730
1512
3414
358
3762
4393
4968
3921
2682
1955
3754
2824
679
4662
929
3905
3529
4381
3660
4666
38
3140
677
51
1927
4055
2688
4204
4299
4742
2704
587
4424
4984
209
4551
4716
722
749
2983
3744
3808
2818
71
1614
1263
4605
3519
2746
3095
555
2093
2603
2601
3120
3524
4676
4717
5031
4614
4692
1468
457
766
4693
216
2959
4894
2820
452
388
2695
4297
3699
5054
4184
4290
3126
4727
4610
1428
4653
3782
3785
1729
1773
1775
2100
4738
4768
1771
1759
3383
26
4595
3326
3322
774
3938
4581
4879
3683
2095
1511
700
3904
3557
798
1766
2356
110
4760
3345
1226
3665
4978
2200
1363
4051
757
1513
634
4226
2906
601
1758
3253
4151
1793
4175
3897
4322
4462
3765
1489
1573
3136
4657
3745
3094
436
4025
4463
2218
1493
731
3824
2493
2471
13
1934
4935
4642
2635
2955
195
975
462
3104
2612
4336
1738
740
977
1067
2779
3751
595
3334
4111
2572
4310
2874
2773
656
28
986
4644
4307
3899
4033
3760
2638
2501
4571
3191
42
201
497
1811
4890
4481
1057
842
347
705
1062
2439
4208
3688
3770
1040
1567
1576
504
3124
586
4743
751
1161
3984
1827
2703
4484
1634
675
137
3810
1474
2610
3694
2164
279
4867
2646
476
1542
3829
143
3712
3946
2436
1262
248
1292
578
1638
687
4871
4298
1380
2479
1452
1148
4003
980
4756
694
3764
3752
3552
3167
2391
3249
1605
3806
4803
615
2681
2677
4228
1585
747
4900
96
4123
4142
1598
1706
2167
1659
4606
1720
2552
4805
1149
451
4720
1626
1670
724
3110
93
3934
4276
579
3889
172
2948
2713
4695
2810
805
709
1218
4458
1594
688
3997
4171
5047
286
1434
1646
1645
336
2994
4699
3232
4129
4116
3597
385
1359
1618
419
290
1480
2465
4425
1760
2404
1097
4643
4211
5070
1592
1426
1420
2522
2263
671
2325
1196
1691
2076
4183
200
769
461
3460
308
1817
4580
3226
2611
1710
4832
2484
3438
3079
2762
2097
556
2944
4988
136
3709
1712
2519
66
2654
699
2160
1237
2787
3736
3625
3116
3348
4210
1295
4279
4271
5051
3894
3620
1688
566
3740
1687
1146
4284
765
778
2697
4354
2805
2488
703
632
433
5068
1747
41
3705
2094
2410
2791
1080
4193
2066
4732
1328
4906
2969
3372
4475
4278
2119
783
2807
1172
4168
4858
3664
4714
850
1692
479
2916
5010
199
545
4677
1524
3393
2806
4292
2785
5033
1678
1891
1989
2902
74
4918
2589
211
2207
4654
4150
706
525
1623
437
4650
2651
1076
4766
511
2341
39
298
1609
1613
3123
2573
2923
1821
3907
2375
3188
2709
3103
2472
1610
2910
3201
4262
4750
1051
4287
2701
5048
4592
2571
4928
2756
2776
3971
2691
2761
2770
2996
2373
3470
4779
1787
4589
485
2544
1505
4410
6
2567
1954
1089
355
1627
2445
2725
3031
2893
4622
2689
3154
1137
3235
208
1583
3314
1635
668
1366
4667
3296
2797
3871
4275
1673
4660
4600
4231
3657
3738
2940
1615
1639
2702
2675
2960
2359
4996
4649
1419
3651
2588
2547
1604
1568
2759
3442
4641
5053
4366
4318
2233
4215
4623
3821
2511
1254
3294
1683
3279
2999
134
3119
951
4733
3685
1654
212
3935
4781
4263
1105
3458
847
1235
685
3496
4146
2608
2901
2347
4901
204
1098
4370
3895
1541
237
738
3426
1701
2640
4319
1593
2754
3263
1923
4316
348
3227
1985
5079
3457
3338
4665
2752
3220
3570
1538
5071
1902
4437
3750
3313
3315
2087
3340
2592
207
746
3564
1875
4718
2889
762
4497
105
3053
2605
4895
673
3287
3236
4457
3640
4636
5043
2951
2981
106
2850
2937
2308
131
1356
2804
4966
1339
3228
3153
2991
580
515
2478
2387
203
2211
4514
1708
3118
3675
3304
1287
873
2899
3632
3768
4527
3324
4104
4220
1812
4490
4566
3375
4904
692
4658
841
2693
3523
4986
691
4460
5078
3689
3605
3530
2473
1723
4007
2661
4265
733
3025
563
3029
1395
2495
3994
4929
4357
4652
316
3288
3892
2853
3192
2683
3134
1621
3234
2210
2489
3472
670
2855
1351
1558
3661
69
4212
5063
2766
70
2454
956
2949
3757
221
1569
4982
2952
3184
3303
1611
5050
2977
3724
3297
2464
4198
3281
3213
3102
4529
3979
4645
2997
3080
2641
2533
2877
4627
4268
3614
2141
3004
1261
3521
4821
3778
3143
1484
2930
2698
2336
4324
4977
4878
4863
3989
3291
576
1950
2786
3525
637
3584
2625
3203
3773
3771
3656
3101
3774
3178
2517
3311
3318
3609
2878
3767
3139
5059
3200
3456
3453
3611
3048
3089
4216
2768
799
4970
2147
1355
2234
1297
4685
3604
968
4761
2722
3595
4736
4715
2774
787
4036
4288
4281
2707
2706
4528
3302
2025
3036
745
4992
3880
4172
4132
3786
3099
3161
3169
2721
2995
3081
3789
3594
3805
2854
3691
4414
3739
2856
2221
3807
3231
4969
840
2616
4787
3766
3659
2163
128
4202
5006
3045
3893
122
3141
4196
4632
3073
2629
3122
755
3698
4247
4985
739
4031
2655
4796
3421
3487
3450
3783
73
3884
3057
3896
2885
3796
3160
2202
3652
3710
2915
2924
3233
3130
2690
2799
1589
3874
4321
3787
3144
2814
5022
3374
3121
2859
3870
4697
4087
5058
4933
3343
3052
113
401
693
3859
150
4869
4358
4197
3156
53
1631
2618
4000
3960
2687
2857
3890
3674
3800
1364
2886
2914
3589
2724
3354
3091
4689
2802
2897
3090
4983
4924
5076
3759
3074
2788
3781
3627
2887
3876
4320
4919
1531
3687
4190
2879
2686
2615
1557
2649
5060
4019
3097
4243
3696
2925
3142
720
3070
3732
2796
971
4029
4981
3284
4239
3065
3039
3877
3898
3047
3673
3885
3016
3869
3799
3066
2858
4626
2676
2984
3801
3793
3906
2764
4236
3962
3679
4232
3990
2745
2831
3157
5017
1588
2800
3096
3137
3804
4973
3901
3818
3791
4888
3903
4806
3615
3013
3166
3855
3128
2755
1574
2650
2568
3132
4999
5013
5008
4993
5029
3883
4032
1362
2830
2846
3129
3900
4994
2921
3076
2920
4038
2870
2888
2643
3026
3069
3653
4016
3082
2795
3174
2958
2728
3833
4034
4224
2998
4240
3931
4891
3910
4956
2963
3238
2793
5007
3975
3352
3655
4191
2917
5016
4022
4965
5005
3131
5026
5025
5018
5036
5024
5012
3133
2964
3237
4957
2953
4998
2956
3020
4961
3864
3034
2968
3648
3044
2883
2832
3050
2869
4026
3055
4013
4017
2790
2929
3022
4008
3038
3835
2954
2900
3982
2843
5015
5032
4368
5064
2803
4040
2816
3563
3341
4883
3875
3083
3002
3902
3040
3000
2935
3033
3046
2913
2945
2990
4002
3878
2957
3600
3068
3867
2868
2933
2819
2771
3054
2864
4950
3023
3078
2961
3060
2822
3981
3932
3633
3886
3626
3043
3569
3062
3639
2863
4959
2723
3845
3617
2731
3881
2849
3613
2926
3873
3063
3035
3072
3077
3003
3059
3027
3064
3879
3085
3646
3087
3623
2907
3028
2895
2928
3851
3872
3637
3891
3888
3032
3024
4954
4958
4035
2730
4951
2909
3037
2939
3018
3837
2784
3863
3042
3838
2989
2918
2780
3857
2908
3865
2974
3957
3005
2825
3866
2813
3017
3852
3943
3965
3007
4037
3825
3630
2986
2985
2966
3162
3812
2965
3942
3112
3588
3949
3115
3999
4896
4870
2865
3346
3992
3849
2753
3009
2747
2738
3978
3966
3908
3636
4938
4012
2639
2973
3098
4952
2938
2873
2891
2876
2757
3541
3543
3792
3993
2837
3811
3840
3111
4898
3836
4897
3826
3578
3540
3545
3539
3967
2829
3831
3107
3181
2664
3830
3834
3105
3813
4946
4921
3998
3972
4939
3106
3827
2972
2976
4225
3544
4972
3983
3909
3165
3794
3814
4912
2720
3555
3159
4256
3593
4188
3347
2967
4187
3608
3562
3164
3643
3817
3317
3210
3731
3218
3152
2979
3138
3823
3258
3135
3832
3737
3151
4248
3642
2975
5040
3147
4005
4254
3973
3199
3109
3217
3542
3715
4947
3145
3678
3729
3194
3198
3215
4266
3961
3743
4009
3969
3113
3987
3320
3941
3645
4909
2866
4942
3815
3206
3168
3187
3693
3148
4261
3171
3176
3170
3730
3183
3224
3163
3179
4249
3995
3158
4192
5038
3193
4238
3212
3211
3758
3205
3216
3149
3579
4272
5027
2978
3189
3357
3538
3186
3180
5041
3361
4253
4949
4934
2872
3690
5065
3618
3602
4006
3573
3944
3221
3219
3108
3223
4237
4186
5019
4245
3970
3197
3150
3560
3996
4251
3561
4259
3587
3173
4757
3649
3592
3323
2982
3214
4223
4980
2840
5069
3753
3332
2778
3607
5067
4932
3239
3749
4944
2844
3991
5052
5056
3735
2653
4920
5034
4221
3360
3376
5066
3350
3337
3536
5037
3420
5062
4975
3606
4834
4233
3440
3551
3662
4913
2871
3257
3711
3988
4280
3280
2834
3924
3959
4194
3444
4922
4230
2672
2048
2684
3425
2801
4831
4301
4926
3243
2835
5020
2838
4678
4927
3437
4991
4200
4258
4807
4979
2980
3755
3255
3925
3378
4971
4964
4963
3242
4990
4989
5023
5001
5000
5030
5002
3377
4868
3586
4235
5021
4456
3612
3481
4850
4923
3365
4659
4682
3598
3388
3387
4845
4294
3384
4875
2782
3723
3601
2663
4905
5011
4931
2775
2794
5042
215
3554
4940
3631
3381
3565
2678
2765
2613
3418
3379
3445
3531
4264
3748
3585
3619
4864
4893
3558
4306
4899
4889
3428
4840
2833
4289
5039
3244
3583
3553
3702
3956
4372
4861
3436
4452
2594
3590
3256
4930
2634
3424
4936
3727
4704
4876
2743
2769
2705
3455
4874
3412
948
3927
3254
2578
3571
4339
3575
3385
3534
3576
3427
3535
3446
3483
3559
3720
3742
3532
3741
3548
3550
3533
4302
4902
3454
4882
3416
3726
4222
3718
3725
3628
4820
4908
4873
3389
3706
3411
3468
3432
4860
3386
4819
3704
3719
4903
2633
4911
4752
3459
4828
3240
4910
4747
3728
2575
3441
4674
3733
4877
3430
4442
3391
4313
4703
3443
3429
3547
4907
4711
3717
4837
4725
3697
4675
4618
4765
3475
5046
4681
3482
4802
4862
4759
4348
4631
4338
4359
2614
4447
4630
3964
3672
4797
3502
4712
4763
3746
4602
4317
2581
4385
3912
2710
4691
2657
4851
4866
4865
2692
4836
4723
3915
3708
3495
2591
4376
4822
2699
2579
2642
3516
3514
4411
3355
4382
3500
2700
4672
3681
4881
3463
4426
3917
4855
2648
2667
3410
2630
3368
4852
3478
2708
4647
2595
2590
3356
3684
4846
2637
4361
2809
2715
3407
2628
2741
3513
3520
2714
4812
4824
4844
3491
2580
2566
2711
4843
3918
3507
3394
4826
3928
2644
4635
3916
2621
4421
3518
3392
2671
2645
2751
4754
3367
3506
2632
3486
4195
3680
2839
4669
3452
2577
3250
4856
2596
3435
2742
3670
3369
4670
4058
4830
2716
3663
3528
3479
3494
3499
4638
3511
4639
4827
3396
3395
4624
3504
3974
3937
4664
4762
3397
3914
2583
3936
3501
4621
3522
3261
3262
3400
3503
4829
4792
3398
3920
4825
4818
4633
4637
3370
4620
3947
3926
3505
3251
3403
2597
3264
3510
4809
4067
4663
4673
3485
3517
3498
3497
3492
3952
3490
4629
3508
3509
4625
3469
3404
2582
3462
4628
2599
2602
3489
3465
4801
3474
4776
4814
4791
2598
3919
3363
4778
3359
4823
4795
4758
2669
3366
4081
3195
2631
5055
4799
4749
4485
4487
3349
4434
4362
4746
4804
4074
3666
4375
4808
4773
4788
4794
4767
4783
4443
4730
4772
4048
4719
4683
4353
4800
4684
4696
4661
3671
3668
3241
4741
4771
4090
3439
4098
4705
2039
4782
4777
4753
4790
4371
3353
4734
4708
3185
4739
2808
4043
4349
3276
1802
988
3968
919
2739
4440
4119
4544
4439
2593
4706
4694
4044
4748
4045
3358
4073
4700
4735
4063
4068
4158
4728
4075
4400
4046
4082
2208
2239
4731
3669
2232
3667
4117
1141
4139
4351
4360
2789
4056
2227
4144
54
3362
233
2226
338
4570
2241
1736
3265
49
4599
982
84
5028
4573
4398
4615
4483
4118
4553
4488
4596
4604
337
4076
4453
227
4568
4577
4101
1142
4585
2183
4565
4498
189
2178
4110
2123
222
2718
4341
1597
2197
4435
4148
1510
4480
2162
2607
256
2502
4157
2609
15
3245
249
2343
4539
132
5035
151
3196
2283
88
981
27
2380
4591
4536
4586
4583
4574
4601
4486
4516
4494
4347
4562
4555
3451
4593
4346
3406
4106
4448
4556
4558
2665
1563
1596
4545
124
4085
2344
4337
2222
4493
1608
1550
2121
2381
1381
1388
4578
4608
970
127
1398
2057
44
269
2355
318
4563
307
958
2096
4503
4344
4535
4534
4575
4495
4520
4345
4546
4582
4552
4590
4576
4517
4342
4579
4567
4496
4515
4561
3408
4343
4521
4334
2101
789
4564
1601
4335
1595
20
1600
4467
1960
4446
2278
1572
1566
2209
58
245
1565
45
4412
176
4091
1506
30
2392
4450
4470
4513
19
4507
4432
4522
4390
4333
1602
4413
1549
4363
1504
4384
35
2099
4547
4459
1553
4540
4541
2273
4350
961
2043
2333
1578
75
1798
1530
800
4557
946
47
2244
2140
4509
2524
729
7
767
81
4403
955
993
4417
92
1291
565
2504
4377
4392
4380
4395
4387
4444
4383
4352
4455
4548
4419
4379
4438
4423
4441
4420
4518
4407
4409
4454
1983
4404
4397
4451
4530
4572
4399
4543
4500
1603
1575
1560
77
4549
791
4386
1556
4569
4422
4524
985
1523
4511
2109
197
190
1537
714
1924
0
4538
4501
4525
4508
4531
4512
4331
4330
4542
4554
4526
4537
2001
1980
1562
1945
1532
1885
205
2056
1564
2168
2515
2030
1571
1975
1716
1543
37
2395
932
146
1917
1065
1103
1016
1070
4153
1788
4499
43
2372
101
1786
12
1059
4152
1671
2235
967
1552
1522
719
721
1536
2083
1540
1928
1443
2182
992
1971
785
991
2169
2035
2421
3274
2238
4133
2161
1526
790
1475
4165
1415
139
1936
1038
2174
4131
2092
801
2327
22
2193
1412
2272
116
4113
2277
1833
1962
468
973
4069
1906
492
2338
802
1535
1527
4122
1520
1519
1521
717
3271
4115
1529
1544
4102
4107
4145
4137
4092
4140
718
3319
3267
989
4078
2271
2431
4077
1508
4155
4163
4065
2262
713
843
4109
11
144
4128
1984
695
1559
34
849
4088
2267
964
2003
119
2366
2155
3336
1920
4103
4093
4071
4070
4083
4094
3266
4096
4126
4127
4095
4089
4084
4149
4138
3268
4047
4060
4143
3364
4086
4064
4080
3269
4061
4079
4062
4130
3270
2120
1509
2184
108
1582
848
711
2348
1539
2195
133
2118
36
304
954
2194
2190
2156
2105
814
978
1503
1507
2199
812
2229
776
2418
2149
716
1383
117
2282
2396
2332
33
152
2378
2321
2122
126
2492
1551
2152
25
1797
974
434
795
2243
2286
2331
1974
2150
1949
32
2367
46
2345
2490
771
2498
2374
1972
1413
125
1406
1414
2453
806
509
2377
1518
2280
712
2385
820
2291
2177
2231
2212
2258
2289
2281
2254
2318
2237
2328
2154
807
1547
1534
2351
1587
303
2315
2255
306
100
140
2276
2491
846
2175
2203
2402
2236
2223
118
2173
180
2270
2158
678
2412
2384
2112
2317
2185
969
1298
2322
2275
2256
2274
2253
2214
2249
1501
2230
2157
2326
2261
2224
2287
2242
1387
2248
2266
2340
1525
2409
2314
2219
2268
2240
2292
2339
2376
2301
2148
2353
2305
2335
2408
2320
2334
1517
2349
2153
2297
2225
2294
1392
2371
2354
2247
818
2279
2360
2346
2296
2352
2368
2416
2364
2386
2407
64
2388
2365
2382
86
68
1402
2424
432
803
2432
87
111
796
845
809
844
972
957
984
2145
704
960
2405
962
177
817
2406
2117
808
2108
3
61
1005
305
112
138
2369
97
188
2414
1461
1713
966
976
107
2116
62
2394
104
939
2427
1469
2440
194
153
965
963
210
2114
109
229
2104
270
916
181
1454
945
79
698
2110
1007
226
80
65
56
16
57
2115
931
2441
786
701
1466
295
866
91
744
2538
431
235
187
78
154
953
155
85
243
55
82
944
60
273
220
114
157
156
183
890
923
224
1385
230
804
94
1459
922
158
1372
2660
859
676
936
371
372
660
1282
192
1358
202
1492
2429
1401
793
163
1251
1077
2483
302
2133
263
1727
585
380
937
164
193
926
420
1464
266
244
1378
398
161
938
162
1343
1447
935
470
2435
681
160
2422
257
426
40
2673
277
453
1240
1305
904
1677
1293
1150
896
1463
2500
1405
1265
386
1628
1013
1367
835
250
1144
1800
612
425
1345
422
1680
418
1453
414
389
423
278
428
213
1275
1361
393
9
1399
406
2
928
2420
175
267
287
1410
726
1481
171
280
1377
2417
1368
1456
251
1348
1264
1679
1676
2426
1665
1429
2506
1449
1131
255
173
1425
1740
1354
18
1357
223
1483
1460
1374
1473
1479
294
1500
1488
379
1440
1313
374
449
381
454
1272
268
1702
262
367
1685
396
272
370
1373
1450
1485
165
1258
260
1689
920
1437
1281
1472
395
324
364
288
206
407
539
2542
1499
903
397
2423
1106
383
542
1270
1269
1353
377
1376
1365
1271
354
1478
258
403
1486
299
1331
543
413
214
166
275
327
252
417
466
184
541
546
342
387
1497
1273
265
2449
483
523
1347
384
1021
782
1322
1330
1439
707
1350
349
1325
549
593
544
1404
752
404
402
315
394
392
362
330
333
415
285
1482
427
1346
1476
520
410
727
284
328
471
300
382
1300
734
366
376
405
1389
1337
1396
472
331
456
463
1306
1307
748
1470
291
293
535
442
1288
491
363
554
1342
1397
369
440
351
356
314
340
344
312
313
350
1441
1336
1344
1321
1457
439
1349
1304
1319
332
513
1314
1278
282
1327
1416
1400
533
1446
1333
1296
1335
1329
490
1312
1318
334
538
1422
1421
1299
283
1315
1324
319
1338
1334
345
708
1
1279
1317
486
1280
1303
1277
1323
1326
1311
1411
1127
1302
464
1290
530
514
518
1130
292
1301
531
502
482
536
1128
537
540
323
325
2425
474
1126
532
501
1129
493
609
620
527
1124
568
529
589
448
289
310
911
2527
481
1050
881
512
517
309
510
500
488
480
443
534
473
467
465
1116
526
1119
477
441
1109
1071
1114
445
1115
444
1102
1730
1037
1095
1027
1069
1390
1718
1081
1061
1768
1407
447
1024
1442
1722
2455
1101
1770
29
602
1191
1100
1009
2499
446
8
702
1046
1096
1090
1079
1086
1094
1028
1032
1107
1039
1075
1023
1006
1008
895
1104
1036
1035
1704
1699
625
1015
1022
1056
1123
1219
5
1259
1010
1250
1084
950
827
1111
887
661
1260
610
2487
2510
2126
2521
628
2111
1662
1234
925
2138
613
1742
823
864
1041
824
1108
874
880
910
1058
1083
879
900
1241
1048
1253
915
1117
639
553
1078
1248
560
1252
1247
913
1093
643
1714
1165
550
559
669
888
1082
663
1025
2503
875
558
2508
2496
1091
1179
901
2113
607
658
1020
1072
1052
1246
1209
1256
1243
1236
1068
1064
552
997
1208
832
1073
1163
1632
831
619
2474
2514
1034
666
665
924
645
1203
2565
659
605
2535
1055
1697
934
947
1164
1085
1698
2528
600
1408
1197
592
1225
642
826
591
577
1003
1238
3722
885
603
583
2520
2529
590
582
2513
623
2497
664
2526
648
597
2558
2486
646
1043
654
604
581
899
1044
599
1186
2562
2548
622
573
596
644
2531
618
672
1633
1031
650
2561
1180
1207
1026
631
1033
653
652
641
1018
833
1147
621
863
2564
647
2560
575
617
662
611
614
606
2555
2551
2532
2546
2559
2557
1630
2554
1637
630
1684
2482
2481
655
1233
551
1224
1848
1663
1229
2536
1228
1266
1047
1801
1707
876
2550
1178
1749
1666
998
1001
1657
830
2098
2553
1014
1004
1641
851
1853
1669
2539
1644
1675
2556
1640
2507
1667
1743
2512
2516
870
1686
1206
1244
1642
1755
902
1231
1636
1205
1696
1213
1245
1217
23
48
1158
1223
834
1966
1215
2015
1017
1211
1883
949
1757
941
1201
878
1767
1143
1029
892
1000
1198
921
1668
1844
1220
999
1216
1221
1232
1195
1222
1204
1210
1189
1660
1214
1227
1184
1194
862
1157
908
882
1901
877
1832
1916
1199
1724
1185
1762
1772
1171
1813
1155
1941
1658
1156
1929
1162
1168
1212
1838
836
1200
868
861
1643
1864
837
1882
1871
1894
1866
1170
1173
1177
1176
1182
1175
1169
918
1187
1661
1763
1903
996
1887
867
906
2091
1656
1867
893
933
917
1160
1655
1166
1895
907
860
1794
1790
1973
4
1154
2041
1968
1969
1807
2040
1153
857
1892
1167
1976
1998
1947
1937
1942
1804
2058
1925
1799
1913
1939
2002
1769
2028
852
2005
2012
858
1931
2022
1940
1967
891
1808
1977
1789
2470
2051
2090
2089
1823
1877
1938
1953
1981
1952
1932
1987
1946
1988
2505
1893
1783
1935
1897
1915
1815
1785
1136
4418
2004
1944
1792
1135
1948
1889
2021
2082
1956
1978
1957
1930
1958
1961
1963
2017
2029
2026
1994
2014
1918
1990
1995
1921
2006
1979
2008
2013
2031
1991
2007
2018
2010
1854
1134
1899
1133
1784
2016
1863
1922
1911
1814
1830
2049
1997
1879
1818
1152
1839
856
1809
1819
1896
1834
2045
1852
1806
1826
1842
1870
1835
1900
1855
1828
1888
1880
1909
1907
1847
1898
1861
1845
1886
1872
1884
1857
1850
1874
1856
1910
1851
1841
1869
1873
1859
927
2061
2044
2088
2086
2068
2072
2065
2074
912
2063
2084
2064
2060
2054
2053
2080
2075
2059
2077
2085
2050
2069
2071
2055
2078
