5190
3829
186
3069
3836
4552
3866
3865
292
1541
3908
3600
3754
2670
1265
3610
1251
1113
3849
4619
4775
3864
294
2839
3602
4598
895
4606
2512
5093
4621
1261
1521
353
4645
4571
4655
3897
4533
5104
242
4596
5180
3901
4590
3630
3855
1229
3084
372
444
969
3920
2372
5186
1192
74
3704
2731
2538
2997
2508
414
1245
2378
3722
1491
405
5164
284
3746
2838
2400
970
3076
967
2381
960
5015
1470
3720
958
2943
5182
5169
5172
2404
894
955
531
944
371
3824
5114
2660
5064
2376
1478
2454
2303
2373
3854
3940
1924
1743
3732
3606
1941
4746
3912
3613
1936
3913
344
4664
4534
1544
521
3592
3567
3850
3277
449
4567
5
4644
3096
1986
3837
3903
5179
4595
1287
4182
2939
2700
529
1423
3593
4670
446
3371
4912
2951
1042
3832
3691
288
1162
2530
3943
897
1194
263
3919
440
2544
429
3566
2355
2669
1268
2232
1145
75
97
230
3083
1138
1254
2470
2751
1039
2198
3182
1253
2427
2314
4187
1224
3033
3062
2393
2401
395
5106
1243
1469
1982
1398
2347
2941
588
2957
1987
3175
2518
182
971
1366
1186
3107
1754
3180
2506
3010
3089
2056
1040
2840
2944
72
4936
4668
3710
5035
4587
3232
3694
1472
628
2821
5063
3654
4085
4532
2068
3673
1011
2659
964
5100
3095
5115
3714
339
3695
3835
3372
3231
879
4531
2758
3871
3931
1907
2526
3906
5197
680
3667
316
3246
893
849
5319
913
1313
1208
3876
4086
3932
2356
3721
3351
2386
1175
350
412
4823
1895
2831
2935
363
0
1191
3601
2028
8
1184
180
2005
1083
1963
245
249
291
4766
1232
1178
1912
4628
1397
1308
499
2296
3036
1050
1985
1099
4212
340
4978
5029
3042
2453
2254
4201
173
315
1730
954
5191
3041
319
4905
3848
435
4608
4350
5081
3741
4540
3091
2762
73
3621
2359
3641
1499
900
4018
4694
899
2395
6
3867
915
3098
2398
3021
4714
2446
4177
4115
1359
1073
3728
3765
3614
3256
4669
5289
2070
2106
4679
5187
2080
5031
962
450
3302
1013
3977
3565
3015
4194
4
1058
295
4991
1506
2423
1240
1880
2612
2394
1183
672
2105
3185
2346
159
1107
4573
928
1892
2321
536
351
2638
1314
2285
3026
1252
3826
1432
3009
36
5030
1004
927
2619
17
2466
4435
5112
4911
518
4111
3577
382
1769
4600
4577
2662
978
1555
2025
496
1456
2998
3032
3170
3276
3923
3338
5036
4407
3313
3282
3989
2940
3856
5288
3933
3628
4636
5154
4349
317
4024
2055
4025
5116
1471
3942
741
4914
5083
4039
2079
2945
4895
3111
433
5085
256
4974
1574
2077
5049
4585
2970
163
5293
891
5055
4022
2069
3662
3134
177
3899
4576
3934
5132
2715
70
1070
3618
4726
4757
2471
1529
3887
4741
1118
2255
1976
2417
1486
862
744
66
1998
338
1182
3607
626
1906
1913
3888
4545
1016
3578
520
838
2137
1157
1467
3890
1202
3054
3770
1131
839
1195
720
2837
1060
951
2360
1119
313
4188
1222
1617
1043
4183
2348
122
436
383
5192
41
4114
1041
3653
2300
968
2627
2955
988
4597
3646
4217
3733
2379
5299
283
591
187
2500
3740
2023
4928
2730
3268
238
4133
396
965
2696
1984
1560
5201
3176
2765
3648
4499
959
2399
168
2231
2357
2245
3585
2304
3090
2387
2469
3233
1568
4367
4165
3979
788
4953
3462
794
4259
803
2674
1329
1839
1720
3250
3477
4175
762
3447
631
645
3297
2228
3456
399
4324
1717
5324
769
3963
4516
1711
3167
3452
4340
3242
792
4315
2625
4318
3445
4397
540
3490
4958
4975
1567
10
4310
4878
4117
2260
4854
4782
3622
1234
3373
4652
4803
1227
1424
2041
3583
2585
929
3935
5311
4658
689
1384
4795
387
1920
2104
629
4731
4744
4662
4787
3937
477
1750
3617
889
1583
1037
3608
5118
205
4012
4566
1153
2920
1217
2602
3586
1889
503
3051
5326
1228
2006
3264
1257
890
871
4326
526
2151
3292
766
755
1341
1751
734
2100
4286
1856
4956
1810
3435
3478
3406
2141
4867
4172
5098
64
4389
3484
2637
2631
4307
4312
660
3980
601
4945
739
3815
717
3433
3439
3368
2568
1739
3437
5018
583
702
771
3354
5108
223
774
5220
1675
4401
4730
4337
2558
4402
5250
4527
3174
1718
3296
2923
4275
3853
2212
2251
652
4262
4274
3179
4345
4760
4291
4270
4319
3434
5214
634
793
1669
464
3156
1699
508
4347
4346
3457
1715
4517
4515
4697
54
5312
5258
4339
2004
4886
1770
1716
656
797
650
1813
3285
3411
1631
3206
4168
5195
320
5066
231
746
5061
3702
1632
5050
5034
4186
441
4179
5008
375
4093
221
406
5080
178
1340
878
3024
190
314
1636
3851
431
232
3382
318
2954
3828
3715
4064
2327
3655
4060
5183
3318
2733
2853
4901
4122
2377
3112
1114
5047
3668
636
3896
4525
1851
2213
1731
4888
2201
252
4075
4033
646
3316
3479
1649
4082
654
932
4903
1627
3379
3460
2543
715
4026
798
2555
4403
135
148
4281
3995
3104
2773
4439
3791
2592
4963
3798
712
1799
1686
4106
1793
4460
3395
2890
5301
4309
3499
4904
3306
2551
599
3458
4269
4268
2214
2312
1498
4148
4285
4320
3474
3440
3446
3470
4512
1443
4423
1849
4881
4408
1797
1419
5253
334
1773
2016
4378
4083
4887
5078
3511
4297
1149
83
4284
4883
2586
1712
89
51
4428
1416
2786
4404
4289
3000
355
806
2206
4479
789
4377
276
750
4365
4238
4266
4290
4244
3431
2171
4228
4271
5228
3424
4393
693
2801
4375
1853
3412
4519
4490
3803
4923
5229
5013
4372
1950
709
2204
1638
700
1719
1302
4874
5264
1094
2869
773
5239
4729
5298
2647
772
4229
1679
767
2644
2095
779
2984
3436
2181
2665
2177
775
2086
4869
4252
4880
4376
3448
5147
5140
2162
3451
4302
2167
4303
2603
1845
1833
4695
1707
9
3300
4689
1738
3310
611
1747
4429
1230
2630
3396
3173
4354
2572
3079
5292
1566
3311
1327
3808
1593
5165
3253
4834
1628
2917
3168
1502
5333
5331
3776
1626
1872
3465
2549
567
2600
5265
1418
3992
639
2034
783
2753
2918
2921
4417
4265
2887
1603
3299
3309
4323
2781
4329
781
4870
4219
4280
3148
1821
20
2634
4178
3303
1857
2223
348
519
2219
1569
1642
643
2012
2202
4860
5246
1453
3409
3536
59
2776
1735
3118
1616
941
4279
4336
3410
4683
5032
2049
3323
4643
917
2174
2910
787
1790
3320
2842
707
3367
4260
57
4944
4469
778
3017
4770
4142
3151
524
2467
2550
2283
4160
2220
53
4153
204
4107
4546
2184
4254
2752
1666
1668
1677
1280
1641
4097
3067
2290
1376
5297
5033
2559
3805
1824
2250
3356
3392
2221
2226
2225
1756
151
5304
1458
5259
2479
1615
4715
4042
5232
1577
801
4295
90
948
5238
613
5323
4058
777
802
824
1664
2276
1248
1685
2579
4654
2222
534
3158
2166
184
817
2259
605
1325
819
2735
776
675
4053
1727
3958
3135
3768
5205
28
113
56
29
1710
2655
4206
3243
1670
708
150
981
2008
130
732
3004
2899
333
1922
4257
4877
3363
5308
5245
2846
3997
570
1048
4355
3786
5227
1870
4276
25
3636
566
1817
2912
1775
3334
618
95
2788
765
5003
3560
2413
4037
60
22
535
4792
703
4253
525
1885
4578
1930
921
935
1079
2320
4406
987
4430
1971
1955
2462
1174
4351
2391
468
4419
4019
2540
4424
4594
1134
4611
1318
2013
1974
1949
1942
1452
1926
1915
2383
1126
2436
3911
881
882
3289
2936
2915
977
979
3579
3598
3605
2901
991
2900
2613
2891
1021
3761
1102
4410
1104
1115
2217
2591
1196
108
4267
1946
4416
1180
253
2412
3886
4051
2203
2570
1951
3001
4400
2117
261
61
4360
2051
4412
209
4415
1112
119
1428
1136
3525
2882
3481
4422
1841
501
1864
1594
409
1637
466
3862
582
1962
5027
4838
4477
5136
701
3810
465
2897
1721
3157
1605
4885
552
2748
4824
2626
3482
2862
26
2709
1326
1447
2178
2183
1316
5226
1049
4518
2798
5230
2227
5077
442
758
2865
4371
4129
4059
3147
4816
4802
2207
2718
473
4305
1096
5120
1026
2854
3348
4459
1475
1838
3399
3449
1356
3987
1599
2156
1840
1843
1837
1310
1850
2909
4882
600
1848
3258
4565
3795
2218
58
3419
4489
2216
4478
3100
4040
3031
505
4755
4632
1380
4151
287
2812
4081
610
3985
940
3800
4898
1893
3201
1800
2876
3752
698
55
4876
5146
2322
3016
3369
584
1979
1291
632
4344
918
4623
4891
4369
5275
2904
3926
1782
1607
3235
4808
754
704
2280
3360
816
4067
3736
815
2566
602
2928
2930
3797
3492
4639
3159
2275
4780
3488
1663
2316
2985
749
1657
3248
495
4892
1290
3552
3252
2143
4357
3224
332
718
100
4283
3498
1093
5224
5090
2370
4458
770
5216
3471
2266
303
346
4258
2963
1696
4973
2242
4916
4348
2642
3496
3071
4054
3190
1061
2616
3814
810
4331
2599
2774
1611
1822
4530
4409
3785
1745
2587
4977
857
4502
2001
4343
5222
1293
4317
2102
4388
1734
780
2749
3685
4223
4288
1315
5294
2779
3780
297
2519
4381
1640
1379
30
4858
1497
2060
479
356
593
4889
3991
763
595
5327
4301
1307
2916
1143
2002
4335
4273
1364
4046
665
1945
768
818
347
3962
3472
1301
3213
202
4241
791
3426
3425
753
1852
3181
4959
4299
3885
1493
2729
5233
3839
481
1728
2362
358
1651
3455
751
1635
4890
3376
3981
1557
1818
1752
1614
27
596
4373
1629
711
2257
3123
2388
1012
1688
5021
1449
2282
250
4361
3466
2635
4771
3418
661
4405
5306
1634
4395
145
2807
2325
81
4971
1772
3103
2224
4761
3074
4314
1667
790
478
3500
3326
1613
1587
3504
1601
4884
2269
3514
4224
1672
2305
3959
2593
1463
2771
1815
1846
2902
2672
4690
2739
1630
3491
3286
1827
4298
4535
2893
2504
1639
2191
2481
3473
1438
1609
4001
2425
2267
4800
786
1335
547
3489
3162
1805
3361
1592
129
1413
2047
1847
2274
3385
5269
1644
2329
2577
2185
2017
3495
4353
1558
3421
1673
4330
1576
1412
4306
2007
1873
4687
2621
580
581
447
4248
3711
2022
4462
4940
2867
2176
2556
3422
1069
1606
1597
1940
2567
4374
2661
2487
5255
1623
2563
4035
374
4487
4682
757
782
2499
3082
5137
2952
5240
2168
1509
3459
3453
3388
3364
1654
1347
2557
3260
1646
2031
4665
2159
1619
3417
705
4483
4482
2562
731
1565
4463
3366
795
3804
1165
21
52
214
716
2492
2578
5317
3262
4844
4607
110
4240
2552
2490
5256
158
2026
5215
1661
2576
5235
4523
3066
1681
2741
116
2456
5261
201
710
5277
5273
1328
138
4930
2583
3378
1656
4446
926
1653
4321
142
2924
4220
5280
4508
1580
4995
2611
4413
764
5243
4221
3225
1151
2131
357
3377
2488
998
4249
1844
3505
1586
1622
2541
4934
655
2539
1702
1562
2740
2480
4620
4063
837
42
805
2172
886
45
2009
1647
126
814
823
3257
606
4247
1420
1643
1834
4476
1989
2277
4442
2561
3301
367
3518
1055
3982
2179
3999
2571
735
2491
1133
4509
106
4362
1682
1705
1706
1708
500
1807
2317
144
2845
740
3869
5242
4495
4700
3216
4937
1124
2173
2569
4848
1809
1678
2680
1584
1602
1591
1610
2258
1600
1590
1709
1662
4918
4955
1581
4443
1369
4391
1596
3391
2011
4698
1777
4841
1659
2814
2908
5252
3497
2785
302
4138
1650
2192
1598
3503
2188
2142
1943
2511
39
887
3494
2132
2889
2375
553
1761
1741
5257
4842
1355
1068
641
3493
4041
4452
1589
1572
748
3483
742
1676
1563
1582
4432
2306
2278
809
1713
796
3509
2354
134
811
2580
1760
2620
812
2478
2497
4121
4282
2815
843
1776
756
3801
3533
2473
3357
4043
5211
2486
2443
3389
290
1161
901
1561
2215
3669
860
5231
1368
1899
5262
1618
2439
4327
836
1585
828
813
845
826
1624
4222
2507
147
832
206
2489
747
141
2249
852
2271
834
1645
4445
1652
5241
1494
2622
2582
4396
103
1753
4438
1564
997
2194
575
2010
3365
619
1665
4080
736
1281
4436
2253
542
5302
1062
3485
1001
3988
1238
4232
2695
4500
833
830
841
835
745
825
820
822
846
842
743
821
1575
850
2323
4980
840
4451
1276
3612
4640
137
3521
827
3430
848
4468
4441
2336
2279
2187
4454
4101
1350
2639
730
4109
752
470
1299
4957
5247
4471
1081
2575
3487
4494
3075
3228
4332
1700
4120
3152
4943
4437
1658
149
4243
1485
228
2589
4304
1742
96
5315
4496
1900
2442
4501
2437
4498
2307
1260
3555
4398
4444
1190
4382
1309
3271
2298
2152
4359
3131
2503
179
2148
1695
4296
2295
3983
589
713
4113
1266
4231
2241
1382
3210
1277
1346
2932
829
4917
4982
1078
3405
4250
4472
539
4242
2816
1655
1249
4278
4313
2324
3408
4342
4507
4474
2243
91
686
2289
4421
729
4322
3506
43
1278
3141
1332
2335
4950
1674
2623
153
1515
1267
5223
883
1054
2294
5202
5173
2468
690
1402
3070
1139
1621
4866
2795
1997
2182
2726
1417
4520
3401
3475
4493
4264
4308
2248
4484
2310
4233
1556
4475
4192
105
38
4364
4505
622
4485
2389
4488
3400
1274
1028
694
2744
19
4235
2193
2164
3665
2197
873
3510
3467
4234
2186
2581
5290
1927
4949
1960
2407
1150
2265
2103
133
4960
335
3288
1806
1103
1237
4399
3454
3404
3501
3507
3390
3464
3402
3469
3403
3508
3461
4251
5329
4277
4300
4237
4915
2811
4492
5328
2189
4449
4272
4470
1660
1559
4426
2180
4176
653
4962
4418
4466
4447
4952
2247
2564
4099
4968
1111
4919
999
101
1030
4969
2553
3516
3337
1714
855
2719
4450
1334
4467
2263
4967
4480
4394
3523
1032
1680
2364
4453
4497
4456
117
3526
644
4610
4699
4390
5266
5274
3397
4363
4356
4103
248
1608
670
664
78
594
875
3528
4649
3381
2597
884
4514
4925
1690
2878
1271
4922
1095
4550
4112
3517
2281
2804
2328
2272
4847
3990
1342
2273
2319
4263
4433
2330
2288
4601
1031
44
5014
2345
4457
4236
2308
3520
246
1020
3530
4464
3325
2332
1489
4256
1029
3868
4711
5217
3842
4088
3957
4503
1297
1462
4154
4226
2614
4710
4387
1082
198
5006
2419
2676
3315
1823
152
864
3261
1296
3263
48
1387
4942
2311
2293
877
3994
1023
33
157
2301
4094
1022
1578
4491
2286
160
161
2390
876
3226
211
3272
947
4970
80
16
4431
727
3229
1027
1612
3375
728
4948
4105
3522
5285
993
4551
2813
2334
4864
3554
5020
2989
2565
1436
109
1570
154
5007
696
4089
3524
1067
2199
1017
2190
1024
104
1025
2369
244
191
156
15
2937
31
125
2196
212
3284
13
2363
115
199
118
1009
18
906
1002
738
2382
143
3527
127
3353
34
2342
4440
2262
4913
866
1090
865
4871
4856
4986
4293
4227
2431
1371
2433
235
216
128
4929
4425
155
2385
2352
2374
14
2358
32
885
868
2309
994
79
907
2371
1110
867
996
1003
77
2297
1015
2333
2367
136
12
2341
1101
5009
2368
880
102
200
950
4239
2361
5000
1588
2195
920
140
938
2331
4292
4994
761
1056
4961
4853
863
910
37
4098
2742
936
924
123
869
922
11
1086
1071
1057
908
1121
931
916
5001
1005
923
69
909
1007
4999
1140
989
1122
2318
5002
1072
2339
2343
99
2338
914
121
1051
2291
2780
4951
2351
2681
192
2244
2678
5012
162
3529
2235
4116
1014
1141
1132
2396
2350
2805
3659
2299
1553
972
1116
2246
1554
2315
2384
1148
2240
2743
2302
1018
934
1006
961
3664
3652
945
124
1571
3644
2326
2397
2420
5026
2344
946
995
870
1064
4964
1035
2170
1052
1625
4927
2819
986
2408
1595
4997
2236
1010
35
2429
2292
874
3384
247
2418
2337
1269
1552
1604
2261
2313
2239
2349
2366
851
853
2406
1573
2405
2447
1579
2234
2380
2432
2252
1439
937
2238
5044
3670
2411
726
844
847
2237
4863
2229
2410
4941
5004
2451
4862
854
68
2422
831
2205
3632
4845
2233
5005
1551
759
1264
2701
2810
111
146
2796
1286
2455
2426
2392
2459
4966
2230
1275
5037
5022
4946
2683
4855
4924
5010
456
5016
719
1434
5017
2684
2365
2789
2477
4976
2424
1258
939
322
1259
5011
905
1830
5023
4218
5024
4938
2698
4983
88
5025
2440
1331
2734
1282
2792
975
2403
2438
576
1451
1289
3682
2679
974
4926
453
2808
4939
5060
4965
4989
2502
4865
2770
2450
4993
2516
925
2682
5041
2759
2685
3686
2415
4984
4896
5058
5052
2777
1279
722
2460
2409
4947
2505
4095
2806
4875
324
1819
1008
2444
4852
1038
4171
5067
2510
2594
2402
4998
4987
1295
1223
721
2677
131
5051
5046
5062
5038
5057
5040
5059
4979
5042
4216
5043
5048
5056
2474
5045
323
2448
2509
4992
2414
2864
4897
4245
4215
5054
4954
454
189
4902
3558
2778
3383
4972
4857
3681
4933
2754
4840
3684
5039
2736
4985
4981
4921
3671
4931
71
3739
1270
3645
2760
2513
1284
2868
3679
2817
4988
5028
4861
2856
3676
5065
973
2820
4996
2848
2458
4920
980
2797
2465
3672
4932
2800
2886
2702
2498
5073
3675
2501
2803
3635
4850
2485
4908
4255
2793
4851
4909
2475
5110
992
3556
953
5053
5127
2896
896
3633
2732
1019
76
1426
2692
2495
5084
2857
3677
2802
3680
2763
3674
2873
2666
2767
3660
3551
3557
2794
3683
2818
2434
2766
2782
321
3658
985
188
3650
5070
2892
2874
2737
2464
4873
3649
1431
2693
5096
2858
2784
3
2790
3581
2484
326
2745
2461
2463
2722
2885
2694
4907
266
2764
2524
4990
5069
3643
2898
2755
2859
3663
2483
2493
2720
2747
2721
2809
2746
2787
2449
2879
2823
2822
3615
2783
2723
2494
193
2851
2870
3638
2482
2416
2880
2772
2496
2799
3657
1495
2528
2852
982
120
2826
2903
2866
5019
4370
1435
194
98
2775
1505
3656
4162
4130
5124
195
902
224
2768
3666
1000
92
166
218
107
164
241
2860
132
2791
165
2849
255
3629
240
234
2472
2421
2926
963
293
229
1429
2476
94
3582
2931
1430
1477
2871
984
3639
990
5082
2883
2824
2457
87
957
2850
3531
2430
2699
112
4246
952
1454
1820
1510
2925
286
84
3599
1440
2435
2428
62
239
3647
966
272
1425
277
2514
1932
956
2761
114
615
1825
1427
1433
976
2875
1205
2521
2441
3637
983
2929
1842
296
210
3047
612
196
4560
5089
1256
4091
3701
1091
1511
85
3512
1226
5263
1154
3595
1487
2667
2948
4575
451
1482
289
2750
1474
647
2445
1098
4574
2919
1242
4144
723
1911
2938
2914
4899
4910
3955
3519
1219
5142
5097
725
621
1272
2542
2724
2664
1466
1109
1785
1879
3559
4559
1044
1802
3386
3281
4092
1737
563
2949
3778
3513
1080
1816
3014
273
2617
3234
724
1288
3625
5087
1501
2933
1189
1944
3044
1298
2520
2913
2884
1890
1492
1722
2934
1045
2825
2959
3827
452
3219
3616
1539
167
2855
1100
1481
1803
1142
1832
1159
3266
577
4900
2962
5071
3594
2769
4159
1075
1808
1461
3723
1534
2024
1540
1740
1239
512
1047
492
82
3144
3893
2833
2836
2830
2999
2911
2888
3025
2922
585
2827
2872
2907
1473
3532
2958
1206
1972
1241
2515
5144
3035
1292
2835
624
86
1836
2863
620
2881
2671
1488
2905
2757
1835
1188
2894
1457
2877
1479
1784
139
3099
2725
2727
590
1701
2961
2960
911
169
2832
2596
2584
2834
2895
2828
2906
2756
354
2728
65
1294
93
1826
2953
1726
222
578
2942
1445
1828
373
586
579
1504
1221
2956
1923
172
903
1829
1729
1795
3050
225
67
2646
1450
183
1831
1513
1774
237
265
1089
1519
2525
714
5198
4164
681
217
4894
5251
1330
1723
278
260
1305
274
1300
233
1490
280
251
271
257
2517
1465
625
649
270
279
170
281
380
2545
2643
262
1755
5206
275
1250
1788
617
368
2648
1127
1231
369
1697
1933
858
1087
2654
1333
345
1771
301
1783
407
1698
2604
1077
1160
3220
4147
1085
5075
268
264
259
243
176
282
616
254
413
386
2658
226
1480
349
227
623
393
1762
1046
2650
2628
1689
2641
662
300
1746
236
673
1312
1550
2537
1455
1155
1781
930
1262
1235
574
1216
4143
692
1311
390
669
267
1757
1255
1246
2534
5095
633
4128
1694
2927
637
1304
648
668
1273
659
1306
677
1303
1059
603
420
2651
663
181
614
171
667
1736
331
1765
2608
1749
1263
381
2601
3968
674
2588
1448
410
1917
2649
1928
1764
592
1758
587
635
330
2574
697
1980
1732
1207
1779
2946
174
2605
4072
2532
2527
657
640
658
2632
688
609
679
607
604
2615
691
676
608
2629
683
1703
684
1692
671
682
2595
2653
1691
666
2624
1786
1693
2633
2618
1204
2609
1778
2598
2657
1244
1954
2606
678
1891
1123
2652
2656
695
2573
1969
1187
1704
483
1733
2590
1763
1766
1437
2636
2607
1203
2640
1214
1225
1211
687
1199
1792
1970
1349
1218
1961
49
1881
1794
2535
1247
1348
2533
1233
1065
1464
2531
1215
760
1197
1548
1339
1546
2645
2529
1934
2536
1338
1198
1352
1185
1106
1034
1811
1918
912
299
1181
1135
1337
1345
861
1076
1444
2029
1212
1973
1919
1200
1351
1991
1994
1353
1530
1344
2523
1358
1535
1538
1965
1354
2548
1526
1362
1549
1460
1357
1508
1542
1053
1503
2546
1524
1236
1981
1725
1367
1343
1543
1066
1518
2000
1514
1105
1468
1484
1210
1220
2035
2037
1385
1523
1321
1322
1517
1361
1074
1446
1442
737
1459
1374
1476
1441
1324
1483
1320
1323
1360
1421
1375
1319
1370
1381
2547
1522
2039
1525
482
1422
1533
1084
1403
1092
2015
2018
1993
427
2030
285
1496
1365
1409
1531
560
7
1097
1528
2950
1388
2014
872
1392
469
1768
933
304
1516
859
175
1394
1395
1500
1377
1507
475
1317
1410
1389
1372
1088
1391
1378
1536
1401
1383
1406
1527
1405
1404
2046
1411
537
1415
1512
448
2554
2044
422
428
1537
559
1547
1063
467
421
2843
554
538
1532
1
1363
3063
1935
2065
3094
1408
472
1789
394
509
1780
1393
2061
1399
548
1520
471
309
1545
1390
401
2
1414
556
511
463
1878
1791
1129
47
558
480
185
416
2975
377
365
1400
1144
298
379
3064
3580
1036
419
1901
3537
1396
569
1996
2947
1952
197
445
397
2522
400
2844
1863
2021
311
3538
3609
388
1862
1125
389
417
426
360
392
415
402
571
408
572
310
391
437
443
366
568
403
424
573
545
411
385
418
439
1130
430
1146
1108
1147
219
549
361
312
491
370
489
376
530
364
423
514
425
502
1137
516
557
1869
432
362
378
546
434
1983
438
384
562
327
564
543
561
565
306
341
305
541
307
522
523
328
343
506
544
504
308
352
476
555
533
337
498
457
1163
1128
1164
359
1168
490
1117
532
2829
510
3055
1167
342
487
513
1152
2003
1170
550
1156
336
1166
507
1158
462
515
486
1169
461
493
459
485
458
497
1173
1171
484
488
494
1172
460
551
3037
1868
1213
4127
1866
2019
1999
5092
329
904
2847
4161
3113
517
5086
2133
3362
2976
3777
3102
5102
1888
2042
3972
3515
3120
5076
3960
1992
3966
5138
3792
5117
4195
2982
5129
5135
1858
2020
3130
2092
4146
4145
1867
1995
4126
5176
1179
1859
3750
3359
2560
2110
1977
5209
1882
3128
5099
5150
3716
4506
2033
4135
3387
3119
4849
5101
1905
3317
5139
4152
3705
4007
1988
4158
3969
3812
5079
3825
4002
3413
3238
4096
2062
2108
4131
3781
3304
5267
2075
2057
2066
1861
1033
2084
3237
1921
1909
1975
2098
1883
5249
5145
2099
3328
1902
2097
3280
2083
4906
4209
1860
3907
919
2063
898
2067
3756
3129
2673
5103
3240
1898
3763
3971
5171
4090
2093
4562
3734
1193
4211
2089
4427
1914
4108
4003
3154
2107
3307
3961
5234
2081
1910
1931
2054
1925
1908
1897
1958
1896
1887
1938
1968
1947
1886
1916
1978
1209
1956
1953
1894
1967
1177
1929
1904
1176
1201
1964
1948
2094
2082
2076
1937
1966
2040
5159
2085
3730
1957
5094
5111
942
3352
3772
5109
3759
3347
4481
1903
949
4602
5167
4110
3661
1959
1939
1884
5160
5131
5125
5126
4087
5113
5149
5123
3970
5166
3766
4392
3846
5153
3783
4190
4125
2048
4174
2988
5181
5122
3953
3236
3241
1871
2043
3703
3774
3996
3965
5156
4167
5177
3349
4561
5254
3843
3293
3534
3535
5128
5141
5074
5157
4617
4005
5271
5072
3308
5133
5121
5105
5162
5148
5163
3294
3223
5158
4486
4184
4200
3247
3597
4124
5268
5196
3900
3956
4193
3114
3883
4102
3751
3222
5199
3290
3227
3762
5260
4010
3884
3275
5107
5305
4008
3329
3984
3998
4136
3322
5152
4166
4198
2090
3771
4015
1865
4199
5170
3882
5272
46
3269
3221
3267
3230
3845
3283
3794
4207
3270
3749
3729
3287
5143
3291
3279
3949
3331
5175
3700
3336
3319
4420
3298
3698
4448
3817
5213
3332
3086
4202
4079
3278
3806
1990
3239
3799
3719
5168
3101
3324
3341
3274
3948
5178
3273
3350
2158
3254
5296
3137
4149
5130
888
3335
3340
3339
3327
3333
3265
3342
3343
3344
3330
3295
3345
3255
3312
3321
5287
2987
3143
3346
4529
5310
5119
3697
4150
3927
4078
5291
2980
5281
5278
3820
4084
3140
4069
3775
4181
5313
2981
3742
4068
3802
5337
5322
4013
5248
5335
3954
4196
892
5194
2087
4205
4411
3973
5330
3110
3097
3787
5307
5189
3816
3092
3779
4173
2986
4214
4213
4157
3624
3784
2707
4073
3611
4071
5276
4352
5184
3160
5185
4191
5203
3370
5332
3109
2058
3088
3093
4208
3077
4203
4006
5210
3819
3790
5334
4189
2072
2116
2073
2124
2091
5188
3978
2027
2127
5200
5174
5207
5155
4197
2064
4185
40
5161
5134
2841
3769
3040
3030
4180
3057
3068
2038
2045
2169
3743
2161
213
3126
3432
4204
1877
2032
2122
3809
3073
2113
2052
23
3793
4045
2053
3626
3767
3429
3699
50
2101
1874
2123
4021
3796
4048
3136
3072
3561
3755
4588
3124
3065
3060
1875
2977
24
2115
2153
2978
3078
3028
2111
2088
3029
2118
3048
3059
2126
3045
2145
2059
3058
3081
2134
2979
3085
1876
3056
2114
2071
3053
2146
5193
4134
4011
2109
3127
3087
2147
3423
4119
2050
3038
3049
3052
2136
4020
2125
2121
2096
3034
2150
3758
4009
3080
2135
2138
2128
2157
2144
2149
2139
2140
2155
2165
2160
2112
2129
2130
2119
2154
3061
2120
943
4023
4029
4056
4027
4030
4210
4044
4141
4118
4057
4047
4163
3188
4132
4155
3039
4140
4123
4062
4032
3183
3043
4139
4055
4028
4016
4061
3788
3046
4049
4052
3976
4036
4038
4014
4050
4004
4156
4017
4034
4031
4065
3192
3195
3125
3164
3146
2973
4076
3150
3161
3187
3186
3155
3542
3782
4077
3214
4833
5295
3121
3172
3757
4633
3821
3947
3952
3811
4510
3764
3760
2971
3748
3205
2996
3975
5300
4384
4504
3142
5336
3822
3541
3117
4386
5325
3153
3106
3813
3193
3171
3163
3818
3211
3196
2668
3108
3177
3139
3974
3105
3132
2974
3133
3191
3215
3773
3217
3011
3122
3138
3169
3115
2994
3209
3604
3539
3696
3823
3726
3587
3116
3212
2995
3727
3199
3166
3738
3202
3745
5321
3007
3013
3207
3713
3145
3753
5282
3540
3218
3023
2972
3184
3200
3208
3204
3149
3008
3747
3022
3737
3731
3198
2964
3203
2966
2969
3018
3005
3002
3003
3197
3178
2990
2965
2967
3718
2991
2705
3027
3012
3019
3006
3020
2703
3543
3544
3194
2993
3189
2992
3708
2968
3603
3545
3709
3930
3789
3844
2710
4564
2686
3945
4826
5284
4846
2704
4680
4685
4544
4385
3922
3416
5320
5314
4659
4383
4524
5225
3840
4563
3936
4380
2706
3841
3651
5279
5244
4541
4712
3576
3910
3596
4511
4672
3918
3735
2708
2712
4686
3717
3584
4675
4543
3905
2691
3944
4666
4526
4549
3623
3946
5286
3415
3857
3915
3929
3951
4702
4707
3861
4718
4678
3898
4646
5270
3904
4542
4692
3950
4676
4677
4660
3725
3693
4709
5283
4522
3921
4708
3925
3860
4667
3881
3744
3838
4719
3939
3689
5218
4521
4728
4674
3374
4736
3928
3914
3941
2714
4705
4579
3924
4688
4604
4653
4657
3892
4547
3880
3917
3909
3916
3859
3938
4663
3858
4650
3877
3878
3891
3879
4691
4624
4696
4671
4693
3889
4629
4751
3692
3591
4634
3872
4684
3852
3712
4592
3706
4681
4754
4548
4580
3707
2716
4661
4703
3690
4583
2697
4706
3634
4804
4735
4635
4732
3414
3546
3573
4673
3575
4554
3589
3547
3574
3590
3895
4641
4581
3902
3724
3688
3873
3548
4625
3642
4651
4637
4556
4570
3620
3831
4648
3550
4569
3894
3549
3588
4717
4593
4656
4557
4721
3619
4839
3571
2688
4631
3572
4568
2713
4745
4704
4584
4713
2711
4843
4630
4835
3863
2689
4647
2687
4831
4829
3834
4613
4605
4603
4725
4638
4615
3875
3830
4589
4553
4618
4582
4622
3874
4612
4572
4555
3833
4609
4591
4642
4614
4626
4627
4538
4734
3870
4537
4586
4599
4536
4539
4716
3687
5219
4727
4723
3568
3569
3570
4720
4722
4558
3627
4836
4837
4830
2690
4788
4814
4753
4765
4740
4748
3631
3640
4750
4797
4742
4796
4825
4739
4747
4743
4786
4822
4819
3562
4749
4821
4752
2717
4724
4827
3563
3564
4759
4733
4811
4817
4776
4768
4756
4810
4767
4828
4762
4798
4809
4799
4806
4738
4790
4805
4812
4818
4807
4737
4820
4815
4801
4758
4764
4784
4791
4813
4783
4779
4789
4793
4781
4778
4774
4785
4772
4763
4794
4769
4777
