1
2
3
4
5
6
8
9
10
11
12
15
19
72
76
81
85
89
92
95
97
100
104
107
111
118
164
169
172
175
178
345
548
734
904
1094
1166
1227
1320
1345
1351
1432
1447
1449
1475
1512
1525
1553
1559
1590
1631
1646
1650
1689
1694
1724
1726
1729
1732
1737
1740
1743
1747
1750
1754
1757
1760
1763
1766
1769
1772
1779
1782
1785
1788
1791
1794
1797
1800
1803
1806
1810
1814
1939
1958
1969
1974
1980
1983
1986
1989
2002
2013
2017
2029
2043
2051
2056
2096
2121
2124
2127
2138
2142
2181
2207
2214
2232
2241
2251
2258
2264
2273
2284
2313
2328
2335
2361
2367
2396
2414
2421
2434
2462
2467
2485
2488
2496
2502
2532
2535
2580
2586
2589
2622
2688
2691
2700
2730
2733
2757
2774
2827
2831
2837
2866
2872
2875
2923
2930
2955
2962
2986
2993
3016
3064
3070
3091
3139
3218
3376
3380
3384
3388
3392
3396
3399
3403
3407
3411
3415
3419
3423
3431
3434
3437
3440
3443
3446
3449
3452
3455
3458
3461
3464
3466
3469
3472
3475
3478
3481
3544
3548
3554
3564
3568
3572
3578
3590
3651
3655
3665
3669
3673
3677
3681
3685
3745
3765
3770
3774
3778
3783
3789
3803
3808
3842
3859
3863
3867
3878
3884
3919
3935
3948
3958
3969
3974
3997
4007
4023
4028
4031
4044
4055
4060
4083
4091
4107
4137
4142
4153
4160
4170
4186
4215
4220
4230
4238
4247
4273
4289
4295
4299
4305
4339
4352
4361
4366
4405
4420
4433
4443
4447
4460
4470
4485
4490
4531
4538
4542
4547
4556
4565
4575
4581
4621
4636
4641
4652
4656
4660
4696
4702
4707
4712
4716
4758
4762
4766
4800
4824
4828
4837
4859
4864
4895
4907
4914
4917
4937
4952
4976
4991
5029
5032
5037
5040
5043
5046
5049
5052
5056
5059
5063
5067
5071
5074
5077
5083
5086
5089
5092
5095
5099
5102
5105
5111
5114
5117
5120
5123
5129
5133
5226
5230
5249
5256
5259
5262
5265
5268
5271
5274
5286
5289
5292
5295
5333
5380
5387
5393
5411
5415
5418
5422
5425
5440
5477
5481
5498
5553
5558
5561
5564
5567
5574
5589
5592
5616
5624
5628
5678
5682
5695
5698
5703
5707
5711
5715
5735
5744
5761
5766
5772
5805
5811
5823
5829
5832
5835
5839
5842
5861
5866
5888
5890
5894
5917
5924
5941
5946
5949
5952
5959
5969
6002
6009
6017
6028
6030
6041
6057
6061
6068
6079
6107
6110
6121
6146
6151
6156
6159
6164
6167
6176
6192
6201
6214
6246
6249
6256
6281
6287
6290
6293
6328
6331
6337
6359
6365
6368
6371
6398
6403
6408
6433
6436
6439
6463
6472
6476
6498
6511
6519
6531
6543
6550
6568
6594
6601
6609
6624
6644
6669
6681
6684
6687
6691
6695
6698
6705
6709
6713
6717
6721
6725
6729
6735
6738
6741
6744
6747
6750
6754
6757
6768
6771
6774
6777
6780
6784
6854
6858
6862
6868
6905
6925
6935
6940
6954
6961
6967
6981
6996
7017
7027
7095
7122
7132
7136
7148
7189
7216
7221
7225
7256
7276
7281
7298
7305
7353
7357
7361
7365
7375
7389
7412
7435
7481
7485
7489
7493
7500
7503
7537
7553
7564
7595
7598
7606
7610
7613
7622
7676
7702
7721
7727
7730
7749
7759
7786
7803
7848
7853
7856
7860
7874
7911
7943
7953
7988
7993
8022
8041
8056
8083
8108
8132
8136
8142
8146
8169
8194
8197
8200
8218
8240
8243
8258
8277
8298
8303
8331
8335
8340
8343
8346
8349
8352
8355
8357
8359
8362
8368
8371
8374
8377
8381
8391
8395
8398
8401
8412
8416
8420
8425
8431
8435
8443
8447
8449
8452
8455
8458
8461
8464
8467
8470
8472
8475
8478
8481
8484
8487
8490
8493
8595
8609
8616
8619
8622
8625
8629
8637
8644
8652
8685
8693
8699
8716
8753
8759
8776
8780
8783
8807
8823
8836
8839
8847
8863
8868
8898
8901
8925
8929
8952
8960
8965
8979
8983
8988
9013
9038
9041
9049
9064
9096
9104
9113
9116
9121
9131
9142
9161
9167
9170
9194
9219
9231
9254
9277
9280
9287
9290
9349
9383
9391
9398
9401
9429
9458
9466
9502
9518
9537
9562
9595
9627
9634
9637
9640
9645
9679
9702
9708
9723
9739
9767
9796
9809
9815
9822
9853
9860
9876
9887
9908
9928
9936
9947
9954
9976
9994
10041
10046
10050
10054
10058
10063
10068
10072
10076
10080
10084
10095
10098
10101
10104
10106
10110
10113
10115
10118
10121
10123
10126
10129
10131
10134
10137
10139
10142
10145
10151
10154
10158
10161
10164
10167
10170
10173
10176
10179
10182
10185
10188
10190
10193
10195
10200
10203
10267
10272
10276
10281
10286
10289
10295
10299
10303
10317
10382
10387
10400
10406
10473
10477
10484
10490
10498
10505
10562
10574
10580
10585
10590
10597
10602
10670
10675
10680
10685
10696
10702
10734
10762
10769
10773
10781
10785
10789
10802
10852
10856
10861
10866
10870
10874
10889
10919
10934
10940
10947
10952
10995
10999
11007
11019
11025
11029
11049
11069
11073
11090
11094
11100
11117
11138
11141
11145
11155
11165
11193
11201
11214
11220
11236
11239
11242
11259
11262
11285
11295
11304
11307
11312
11327
11347
11350
11357
11363
11381
11397
11412
11425
11428
11432
11459
11476
11479
11485
11489
11517
11522
11525
11548
11552
11577
11580
11582
11601
11607
11619
11629
11651
11658
11672
11674
11703
11714
11726
11747
11757
11760
11763
11766
11770
11773
11776
11778
11781
11783
11785
11788
11791
11793
11796
11798
11803
11805
11807
11809
11812
11814
11816
11818
11821
11823
11825
11828
11830
11832
11835
11838
11841
11844
11847
11850
11852
11907
11912
11917
11925
11943
11952
11955
11958
11968
11977
11981
11983
11986
11990
11993
12001
12003
12025
12027
12083
12099
12108
12111
12126
12136
12138
12140
12143
12145
12156
12164
12169
12174
12178
12180
12197
12209
12216
12279
12282
12284
12287
12291
12299
12302
12309
12317
12320
12322
12324
12327
12335
12351
12408
12426
12431
12434
12445
12454
12457
12480
12482
12502
12515
12533
12552
12559
12562
12578
12595
12607
12623
12645
12651
12659
12663
12671
12675
12678
12680
12687
12698
12702
12740
12746
12750
12756
12762
12777
12794
12806
12808
12814
12817
12866
12876
12892
12904
12909
12911
12914
12947
12951
12966
12988
12992
12996
12998
13000
13002
13006
13010
13040
13061
13065
13083
13093
13101
13105
13112
13132
13156
13159
13161
13193
13209
13214
13216
13218
13238
13259
13265
13268
13282
13300
13321
13323
13366
13398
13401
13403
13406
13408
13411
13414
13416
13419
13422
13425
13428
13431
13434
13437
13440
13443
13446
13510
13519
13557
13566
13570
13575
13578
13581
13592
13596
13599
13602
13605
13636
13641
13660
13669
13671
13676
13697
13729
13732
13735
13744
13752
13757
13764
13773
13787
13799
13824
13828
13843
13857
13867
13879
13893
13907
13910
13915
13928
13944
13963
13966
13969
13978
13992
14025
14029
14044
14048
14052
14055
14059
14082
14107
14117
14121
14127
14134
14140
14144
14151
14155
14177
14221
14239
14242
14246
14249
14261
14263
14266
14292
14312
14331
14342
14346
14352
14355
14374
14402
14419
14438
14444
14450
14455
14473
14494
14499
14509
14516
14542
14549
14562
14581
14583
14593
14602
14627
14632
14662
14672
14680
14700
14707
14733
14737
14742
14744
14748
14797
14836
14848
14859
14881
14904
14907
14910
14939
14944
14951
14969
14995
14998
15003
15006
15009
15012
15015
15018
15022
15025
15028
15030
15032
15034
15036
15038
15041
15044
15047
15107
15111
15119
15125
15129
15134
15136
15139
15167
15174
15194
15197
15200
15202
15205
15213
15222
15232
15239
15243
15278
15298
15302
15325
15334
15338
15342
15355
15357
15366
15377
15380
15389
15393
15399
15416
15421
15433
15443
15450
15457
15475
15483
15486
15512
15538
15541
15563
15570
15579
15581
15591
15595
15603
15610
15633
15670
15673
15680
15688
15697
15700
15704
15707
15709
15734
15752
15758
15765
15772
15777
15787
15794
15822
15835
15839
15852
15866
15869
15879
15892
15896
15900
15908
15912
15919
15958
15966
15970
15974
15980
15985
16011
16022
16049
16063
16074
16078
16083
16101
16141
16150
16166
16204
16223
16246
16259
16268
16297
16317
16331
16346
16363
16370
16393
16415
16420
16445
16448
16541
16546
16564
16592
16596
16600
16604
16608
16612
16615
16618
16624
16627
16631
16634
16637
16640
16718
16722
16735
16740
16750
16759
16763
16766
16780
16796
16839
16852
16872
16876
16884
16894
16906
16938
16948
16978
16983
16991
17001
17018
17022
17052
17074
17078
17082
17091
17141
17153
17162
17167
17171
17175
17192
17225
17272
17285
17293
17297
17301
17321
17349
17359
17386
17392
17417
17435
17441
17467
17486
17490
17507
17511
17534
17551
17612
17616
17621
17634
17658
17671
17684
17693
17710
17718
17735
17743
17760
17795
17812
17842
17845
17877
17889
17904
17943
17951
17968
18002
18009
18035
18041
18062
18069
18074
18099
18115
18142
18153
18191
18194
18197
18199
18201
18203
18206
18208
18210
18212
18214
18218
18221
18224
18226
18228
18230
18232
18236
18238
18346
18369
18378
18390
18394
18397
18410
18412
18415
18424
18438
18458
18469
18484
18496
18503
18522
18542
18549
18574
18580
18586
18589
18608
18611
18613
18642
18648
18663
18674
18678
18687
18692
18712
18715
18728
18768
18776
18781
18787
18793
18797
18809
18823
18858
18861
18871
18874
18889
18891
18897
18911
18935
18947
18964
18981
18990
18995
18998
19007
19018
19050
19061
19063
19070
19085
19111
19133
19141
19165
19173
19190
19193
19213
19237
19243
19248
19261
19265
19299
19304
19339
19354
19362
19366
19378
19380
19386
19416
19420
19424
19438
19461
19466
19470
19474
19478
19483
19516
19520
19524
19533
19535
19562
19566
19579
19614
19619
19622
19650
19662
19687
19692
19711
19720
19756
19782
19784
19789
19792
19795
19797
19799
19802
19805
19808
19811
19814
19817
19820
19823
19826
19828
19830
19852
19950
19953
19964
20011
20014
20030
20035
20038
20057
20061
20069
20076
20096
20115
20125
20131
20134
20145
20161
20169
20180
20187
20189
20192
20200
20213
20216
20222
20226
20234
20267
20273
20278
20292
20307
20310
20323
20329
20359
20364
20372
20388
20401
20412
20420
20426
20429
20450
20459
20467
20480
20490
20496
20499
20505
20531
20544
20551
20554
20557
20560
20563
20582
20588
20597
20619
20625
20632
20635
20660
20667
20680
20682
20686
20695
20702
20709
20722
20749
20768
20772
20778
20781
20788
20790
20792
20794
20797
20800
20809
20819
20840
20846
20850
20856
20865
20886
20892
20909
20913
20926
20928
20938
20973
21000
21014
21022
21024
21033
21035
21038
21045
21047
21068
21076
21090
21113
21118
21122
21125
21130
21140
21148
21167
21174
21176
21191
21221
21234
21236
21246
21257
21259
21330
21358
21384
21403
21407
21436
21439
21441
21444
21447
21449
21451
21453
21455
21458
21460
21462
21464
21466
21468
21471
21474
21477
21479
21485
21487
21491
21493
21496
21499
21502
21506
21510
21513
21516
21520
21524
21528
21532
21535
21539
21549
21552
21556
21560
21564
21567
21570
21577
21580
21583
21586
21589
21593
21606
21667
21670
21674
21681
21686
21697
21700
21711
21715
21726
21730
21732
21742
21745
21759
21790
21799
21804
21817
21832
21843
21858
21864
21876
21897
21902
21911
21940
21944
21948
21954
21966
21971
21975
21978
21984
21986
21990
21998
22004
22007
22041
22047
22057
22063
22066
22069
22072
22081
22085
22089
22121
22124
22128
22136
22138
22141
22143
22145
22147
22156
22159
22175
22193
22205
22210
22213
22250
22258
22281
22295
22329
22366
22389
22395
22398
22401
22409
22414
22417
22422
22429
22441
22444
22449
22462
22492
22500
22506
22508
22512
22523
22530
22537
22539
22549
22552
22559
22567
22578
22595
22603
22621
22630
22637
22639
22641
22646
22649
22655
22664
22674
22688
22696
22720
22727
22729
22731
22737
22740
22761
22771
22774
22777
22780
22808
22810
22818
22827
22845
22854
22898
22901
22903
22905
22914
22928
22962
22964
22966
22974
22986
22989
22994
23016
23038
23043
23054
23088
23090
23094
23109
23124
23142
23145
23148
23152
23155
23159
23161
23163
23165
23167
23169
23173
23175
23177
23180
23183
23186
23189
23191
23193
23195
23259
23272
23275
23277
23282
23290
23294
23297
23301
23304
23310
23315
23319
23332
23337
23340
23359
23403
23406
23408
23416
23420
23433
23440
23442
23445
23448
23464
23486
23500
23506
23509
23522
23537
23540
23542
23545
23552
23575
23579
23581
23597
23603
23616
23620
23634
23638
23641
23664
23670
23690
23693
23698
23712
23717
23719
23721
23726
23732
23768
23774
23778
23781
23789
23796
23798
23801
23803
23819
23827
23830
23847
23849
23852
23857
23878
23884
23900
23904
23908
23910
23913
23922
23927
23932
23936
23942
23968
23977
23986
23991
24002
24008
24012
24037
24042
24051
24054
24063
24065
24097
24108
24111
24113
24116
24120
24124
24128
24135
24156
24165
24172
24178
24183
24194
24201
24213
24229
24235
24256
24263
24268
24283
24289
24292
24314
24317
24320
24329
24332
24336
24338
24340
24344
24350
24396
24401
24403
24417
24419
24423
24438
24440
24449
24455
24458
24475
24492
24502
24507
24509
24515
24517
24521
24525
24552
24556
24559
24562
24569
24572
24582
24607
24613
24620
24630
24655
24660
24662
24664
24669
24688
24702
24712
24723
24802
24808
24812
24814
24829
24835
24838
24843
24847
24853
24860
24872
24875
24878
24902
24915
24933
24939
24943
24945
24947
24959
24961
24964
24975
24980
24992
25000
25006
25018
25021
25033
25038
25040
25044
25046
25058
25061
25064
25084
25102
25125
25136
25138
25147
25155
25158
25177
25188
25191
25199
25214
25217
25226
25231
25255
25277
25281
25283
25285
25302
25307
25310
25313
25342
25348
25362
25368
25387
25394
25397
25407
25417
25423
25445
25450
25453
25470
25473
25477
25481
25499
25503
25507
25525
25528
25531
25533
25552
25556
25559
25577
25580
25587
25591
25600
25603
25609
25619
25630
25634
25650
25657
25660
25663
25667
25688
25699
25717
25726
25729
25738
25741
25753
25756
25764
25778
25806
25814
25825
25847
25852
25864
25867
25878
25903
25917
25922
25934
25938
25956
25969
25973
25984
25988
26015
26027
26031
26040
26059
26072
26075
26083
26089
26115
26128
26136
26148
26167
26174
26204
26219
26243
26334
26340
26344
26348
26352
26356
26359
26364
26368
26425
26429
26433
26443
26451
26455
26459
26462
26467
26471
26526
26567
26571
26581
26585
26672
26677
26709
26715
26730
26816
26820
26951
26975
27029
27822
27824
27827
27830
27833
27836
27839
27842
27845
27848
27851
27854
27857
27860
27863
27866
27869
27937
27947
27953
27956
27959
27970
27983
27993
27995
27997
28004
28015
28018
28027
28030
28039
28052
28059
28073
28093
28095
28116
28120
28128
28148
28150
28152
28159
28162
28173
28180
28183
28213
28217
28225
28240
28243
28255
28269
28275
28293
28299
28305
28308
28312
28315
28327
28333
28342
28347
28370
28381
28383
28398
28402
28411
28430
28448
28458
28476
28479
28487
28495
28497
28511
28524
28532
28542
28545
28548
28556
28558
28562
28577
28581
28605
28608
28635
28640
28658
28662
28664
28670
28681
28685
28693
28698
28727
28757
28761
28767
28770
28773
28776
28786
28795
28799
28815
28838
28844
28857
28860
28862
28865
28869
28874
28886
28888
28928
28936
28944
28946
28953
28955
28963
28969
28979
28981
28990
28996
29001
29016
29039
29041
29048
29054
29058
29063
29077
29095
29097
29107
29115
29125
29133
29141
29146
29151
29166
29176
29183
29191
29200
29206
29214
29228
29236
29257
29262
29266
29269
29288
29310
29313
29316
29332
29349
29362
29374
29387
29404
29489
29492
29495
29501
29504
29510
29524
29529
29552
29560
29566
29568
29572
29596
29600
29603
29608
29629
29635
29640
29661
29664
29667
29673
29681
29688
29694
29697
29704
29708
29726
29733
29750
29760
29769
29784
29788
29794
29811
29814
29819
29838
29844
29854
29869
29881
29896
29906
29909
29932
29934
29944
29970
29973
29991
29994
30027
30032
30043
30058
30062
30066
30071
30079
30083
30087
30114
30117
30142
30149
30166
30170
30185
30191
30195
30198
30201
30219
30245
30261
30264
30268
30271
30274
30278
30284
30292
30312
30317
30330
30334
30339
30342
30361
30388
30399
30403
30406
30411
30414
30416
30419
30455
30471
30484
30504
30507
30509
30512
30530
30545
30549
30563
30571
30579
30587
30595
30608
30615
30626
30655
30667
30669
30685
30688
30696
30703
30727
30733
30736
30750
30759
30784
30789
30791
30798
30804
30813
30838
30841
30850
30858
30878
30881
30904
30928
30956
31015
31024
31027
31032
31036
31045
31049
31056
31064
31067
31073
31076
31094
31107
31138
31142
31151
31155
31170
31175
31184
31187
31198
31229
31231
31244
31253
31257
31261
31269
31272
31274
31291
31297
31326
31332
31335
31349
31353
31358
31377
31386
31390
31440
31446
31468
31474
31477
31481
31529
31552
31560
31568
31587
31598
31620
31634
31655
31658
31665
31668
31677
31741
31744
31747
31754
31758
31798
31830
31855
31858
31868
31873
31882
31938
31943
31958
31973
31987
31994
32009
32016
32032
32037
32071
32084
32092
32097
32106
32117
32129
32146
32153
32170
32176
32183
32187
32205
32220
32248
32253
32256
32267
32272
32280
32305
32309
32314
32317
32343
32347
32369
32377
32394
32397
32429
32433
32460
32481
32493
32494
32495
32496
32497
32498
32501
32502
32503
32504
32508
32511
32564
32568
32572
32575
32580
32583
32586
32588
32591
32595
32598
32601
32604
32613
32654
32657
32662
32665
32668
32940
33436
33586
33687
33754
33757
33809
33867
33889
33897
33916
33983
33987
33993
34006
34050
34061
34063
34098
34109
34125
34141
34159
34217
34220
34224
34227
34231
34234
34238
34242
34245
34248
34251
34254
34257
34260
34263
34266
34271
34274
34277
34280
34283
34286
34289
34292
34295
34298
34301
34304
34307
34430
34450
34453
34468
34471
34475
34478
34491
34494
34498
34508
34514
34517
34533
34587
34622
34627
34633
34653
34662
34665
34696
34705
34716
34727
34732
34741
34767
34770
34801
34807
34827
34838
34842
34864
34867
34880
34893
34899
34902
34948
34971
34974
34982
34993
34996
34999
35028
35058
35071
35082
35101
35113
35118
35142
35154
35182
35187
35196
35213
35261
35265
35285
35290
35353
35358
35362
35366
35446
35449
35454
35484
35507
35561
35582
35651
35868
35873
35877
35881
35885
35890
35894
35898
35902
35906
35910
35914
35923
35926
35928
35932
35936
35939
35942
35945
35948
35951
35953
35955
35958
35961
35964
35967
35970
35973
36041
36056
36062
36067
36071
36081
36089
36128
36144
36148
36154
36164
36170
36210
36225
36237
36249
36263
36267
36280
36294
36304
36308
36320
36333
36345
36360
36372
36411
36423
36446
36450
36461
36473
36499
36510
36522
36530
36536
36546
36558
36583
36592
36605
36619
36637
36641
36651
36664
36670
36699
36713
36727
36730
36742
36747
36756
36760
36802
36810
36821
36825
36829
36843
36853
36870
36909
36917
36926
36930
36934
36947
36971
37008
37016
37024
37028
37031
37043
37065
37069
37105
37114
37118
37130
37149
37154
37163
37186
37195
37199
37228
37232
37259
37267
37276
37294
37312
37318
37322
37348
37352
37355
37375
37399
37402
37409
37433
37442
37467
37474
37498
37522
37525
37528
37531
37535
37539
37542
37545
37548
37551
37554
37558
37562
37566
37569
37575
37580
37584
37587
37591
37595
37598
37601
37605
37608
37611
37614
37617
37622
37625
37756
37762
37765
37768
37774
37777
37781
37785
37788
37794
37799
37802
37811
37823
37907
37910
37914
37917
37920
37929
37932
37936
37972
37975
37999
38038
38049
38052
38055
38060
38063
38077
38112
38115
38119
38189
38193
38197
38210
38213
38219
38229
38243
38246
38250
38315
38319
38322
38336
38340
38345
38365
38368
38371
38392
38413
38421
38433
38454
38463
38476
38481
38484
38494
38510
38515
38534
38559
38562
38599
38602
38605
38611
38615
38620
38623
38660
38694
38697
38700
38707
38712
38715
38718
38750
38781
38784
38794
38798
38801
38814
38830
38859
38862
38875
38901
38904
38912
38929
38932
38962
38966
38969
38972
38994
39019
39024
39027
39046
39081
39086
39096
39126
39128
39151
39175
39179
39183
39189
39193
39197
39200
39204
39208
39212
39215
39221
39227
39230
39233
39236
39239
39242
39245
39249
39252
39255
39259
39263
39267
39270
39273
39275
39278
39349
39353
39358
39398
39415
39420
39455
39461
39476
39490
39516
39523
39533
39561
39570
39577
39588
39664
39672
39680
39684
39716
39735
39744
39748
39752
39769
39776
39802
39825
39842
39851
39856
39863
39881
39903
39910
39932
39969
39978
39982
39991
40026
40053
40057
40061
40088
40106
40131
40140
40172
40183
40232
40240
40245
40249
40286
40296
40301
40342
40345
40349
40389
40433
40436
40472
40500
40514
40531
40535
40542
40570
40573
40584
40598
40601
40633
40644
40655
40659
40688
40707
40725
40745
40750
40779
40803
40825
40828
40832
40835
40838
40842
40845
40848
40851
40854
40857
40860
40863
40866
40869
40873
40880
40883
40886
40889
40893
40898
40909
40913
40917
40921
40925
40929
40934
40936
40940
40943
40946
40949
40952
40955
40958
40961
40964
40973
40975
40977
40979
40981
40984
41073
41087
41094
41102
41110
41113
41117
41120
41124
41130
41134
41137
41158
41195
41198
41220
41244
41258
41265
41268
41275
41280
41284
41288
41291
41298
41369
41374
41392
41397
41404
41408
41413
41430
41433
41436
41472
41489
41508
41512
41521
41543
41570
41575
41591
41604
41608
41622
41640
41643
41671
41695
41699
41702
41718
41728
41731
41746
41764
41794
41812
41815
41819
41822
41843
41865
41872
41882
41912
41923
41926
41930
41955
41973
42009
42013
42023
42026
42029
42050
42077
42115
42120
42146
42154
42186
42189
42246
42250
42255
42258
42266
42305
42316
42330
42333
42343
42383
42404
42412
42443
42447
42465
42470
42488
42510
42532
42536
42540
42546
42550
42554
42559
42563
42566
42570
42574
42577
42586
42588
42590
42592
42594
42596
42599
42602
42605
42608
42611
42614
42616
42618
42621
42624
42627
42630
42633
42636
42643
42645
42649
42652
42655
42658
42662
42665
42667
42670
42673
42676
42678
42681
42683
42686
42689
42693
42767
42778
42783
42787
42793
42797
42802
42807
42812
42817
42880
42890
42895
42901
42915
42924
42934
42970
42978
42987
42991
42996
43052
43065
43070
43081
43085
43089
43092
43142
43148
43159
43164
43168
43190
43219
43225
43253
43265
43273
43275
43301
43320
43328
43337
43351
43355
43382
43399
43408
43429
43433
43445
43460
43475
43479
43491
43502
43506
43525
43546
43550
43554
43558
43574
43578
43597
43602
43617
43622
43626
43639
43647
43663
43666
43670
43684
43688
43712
43723
43726
43730
43734
43737
43747
43770
43775
43781
43785
43788
43791
43794
43827
43835
43841
43850
43865
43871
43880
43901
43920
43930
43933
43952
43969
43988
43999
44002
44015
44025
44038
44051
44072
44081
44126
44129
44136
44164
44166
44172
44196
44202
44212
44240
44243
44247
44250
44253
44257
44260
44263
44266
44268
44270
44272
44274
44276
44278
44280
44282
44284
44288
44290
44295
44298
44301
44303
44305
44307
44309
44311
44313
44316
44318
44321
44323
44325
44328
44335
44339
44342
44345
44404
44411
44460
44462
44467
44469
44471
44473
44475
44481
44487
44493
44502
44505
44516
44530
44542
44583
44587
44616
44622
44624
44626
44628
44630
44646
44652
44689
44692
44698
44704
44714
44717
44719
44730
44732
44734
44771
44773
44775
44790
44810
44831
44846
44858
44879
44933
44938
44941
44944
44949
44951
44962
44989
44998
45007
45021
45044
45074
45078
45099
45110
45112
45120
45126
45153
45161
45166
45171
45173
45200
45229
45249
45263
45269
45274
45277
45287
45292
45302
45305
45313
45333
45340
45350
45353
45390
45398
45401
45409
45412
45433
45448
45465
45467
45488
45503
45507
45517
45519
45540
45574
45596
45608
45628
45640
45648
45665
45707
45712
45727
45734
45773
45777
45780
45814
45818
45838
45851
45864
45890
45893
45895
45897
45899
45902
45905
45908
45911
45914
45916
45919
45921
45924
45927
45931
45933
45935
45993
46002
46009
46013
46016
46022
46058
46060
46071
46078
46089
46103
46116
46120
46133
46135
46138
46146
46150
46160
46165
46173
46177
46193
46199
46204
46219
46231
46233
46257
46263
46266
46271
46274
46293
46332
46334
46336
46344
46360
46364
46376
46413
46418
46432
46435
46440
46453
46461
46469
46474
46483
46500
46516
46533
46546
46550
46565
46568
46584
46596
46605
46614
46628
46631
46635
46644
46653
46673
46690
46716
46727
46736
46747
46752
46763
46772
46786
46804
46827
46838
46843
46849
46852
46859
46905
46909
46915
46928
46968
46976
46996
47001
47004
47011
47065
47068
47073
47085
47089
47114
47126
47147
47169
47175
47188
47202
47219
47229
47236
47260
47268
47283
47293
47309
47317
47339
47342
47345
47368
47389
47409
47441
47487
47490
47494
47497
47500
47503
47506
47509
47513
47515
47517
47519
47521
47523
47525
47527
47529
47531
47533
47536
47598
47602
47605
47612
47620
47647
47661
47676
47678
47680
47683
47685
47687
47689
47691
47704
47709
47715
47718
47721
47746
47749
47763
47774
47777
47808
47816
47819
47830
47833
47835
47837
47839
47841
47845
47852
47898
47907
47910
47917
47920
47960
47970
47973
47982
47995
48001
48008
48011
48014
48025
48035
48039
48062
48099
48102
48112
48115
48123
48127
48148
48151
48160
48162
48180
48183
48196
48207
48235
48240
48252
48263
48268
48282
48285
48296
48310
48314
48317
48328
48332
48360
48382
48386
48394
48400
48403
48441
48453
48456
48463
48467
48470
48479
48506
48510
48532
48535
48560
48573
48576
48579
48582
48599
48626
48632
48635
48680
48683
48712
48723
48741
48744
48773
48784
48787
48790
48800
48847
48856
48864
48917
48924
48931
48937
48971
49009
49039
49084
49088
49092
49096
49100
49104
49107
49110
49118
49122
49125
49128
49131
49134
49239
49256
49260
49266
49270
49280
49284
49303
49326
49340
49347
49412
49422
49431
49435
49445
49455
49468
49475
49490
49497
49507
49560
49574
49582
49589
49602
49613
49638
49650
49655
49662
49675
49723
49733
49736
49770
49785
49793
49798
49805
49850
49870
49893
49903
49912
49920
49945
49953
49965
49997
50005
50014
50018
50022
50028
50060
50071
50089
50099
50113
50119
50135
50143
50161
50170
50186
50195
50229
50234
50250
50266
50273
50281
50284
50289
50339
50356
50359
50398
50418
50463
50471
50499
50536
50544
50549
50583
50589
50604
50628
50654
50658
50679
50683
50686
50689
50692
50695
50698
50701
50704
50707
50710
50713
50715
50717
50720
50723
50726
50728
50820
50826
50832
50836
50845
50861
50869
50877
50882
50892
50901
50903
50906
50909
50927
50939
50974
50983
50993
51013
51027
51031
51036
51039
51055
51058
51065
51069
51091
51094
51101
51109
51122
51127
51131
51167
51172
51185
51189
51205
51210
51223
51242
51266
51271
51275
51279
51289
51291
51293
51302
51305
51307
51353
51356
51358
51365
51381
51386
51405
51431
51436
51444
51458
51460
51466
51474
51480
51490
51509
51526
51540
51555
51560
51583
51587
51589
51595
51600
51639
51646
51657
51664
51669
51686
51695
51701
51749
51765
51787
51814
51851
51854
51861
51877
51885
51897
51915
51919
51926
51937
51955
51959
51965
51992
52010
52023
52027
52035
52051
52059
52067
52074
52107
52114
52127
52134
52146
52170
52178
52187
52213
52230
52249
52259
52278
52281
52284
52286
52288
52290
52293
52296
52302
52305
52308
52311
52315
52317
52319
52321
52323
52338
52342
52346
52352
52447
52452
52459
52462
52469
52496
52525
52528
52532
52553
52556
52562
52567
52570
52587
52601
52603
52609
52616
52624
52678
52682
52684
52691
52693
52702
52707
52713
52715
52719
52723
52737
52766
52770
52801
52804
52808
52822
52830
52857
52859
52863
52880
52882
52894
52907
52912
52916
52918
52942
52944
52946
52955
52959
52992
52997
53017
53023
53025
53048
53055
53073
53075
53078
53084
53086
53088
53091
53109
53134
53150
53157
53160
53176
53191
53194
53202
53206
53224
53234
53246
53248
53250
53264
53267
53274
53278
53292
53298
53305
53343
53346
53350
53360
53370
53372
53375
53386
53414
53430
53452
53468
53485
53487
53492
53495
53501
53506
53508
53510
53526
53541
53550
53556
53559
53579
53588
53597
53607
53610
53616
53637
53642
53645
53656
53681
53689
53706
53728
53732
53736
53757
53767
53778
53780
53814
53838
53855
53864
53887
53906
53927
53930
53932
53934
53936
53938
53941
53944
53947
53949
53952
53955
53957
53960
53963
53966
53969
53973
53985
53987
53989
53992
53995
53998
54001
54004
54008
54012
54016
54020
54024
54028
54033
54043
54047
54050
54055
54058
54062
54065
54068
54071
54075
54079
54086
54089
54094
54097
54159
54163
54168
54172
54175
54183
54219
54230
54232
54234
54238
54241
54244
54248
54252
54256
54274
54277
54279
54302
54315
54332
54342
54345
54348
54367
54374
54377
54384
54386
54388
54400
54410
54429
54439
54445
54452
54461
54464
54479
54482
54484
54489
54514
54522
54533
54541
54543
54545
54564
54573
54576
54594
54596
54633
54650
54654
54657
54672
54674
54679
54682
54703
54706
54733
54738
54761
54764
54767
54791
54796
54811
54814
54825
54838
54846
54859
54868
54873
54887
54895
54909
54913
54919
54928
54938
54952
54977
54980
54984
55005
55007
55021
55026
55029
55045
55051
55058
55081
55086
55099
55107
55121
55125
55129
55141
55147
55180
55184
55188
55194
55196
55219
55229
55236
55243
55266
55276
55279
55299
55311
55320
55331
55342
55347
55352
55383
55389
55394
55399
55413
55418
55440
55446
55454
55474
55493
55500
55511
55532
55534
55564
55570
55582
55594
55620
55634
55636
55639
55642
55645
55648
55650
55652
55655
55658
55660
55663
55665
55667
55669
55672
55674
55677
55680
55684
55686
55771
55774
55777
55780
55785
55788
55791
55802
55805
55807
55811
55813
55815
55818
55820
55822
55880
55883
55886
55889
55893
55899
55904
55907
55927
55948
55969
55971
55973
55975
55979
55985
55988
55991
55994
56009
56015
56030
56045
56048
56074
56086
56089
56113
56115
56117
56119
56123
56127
56150
56154
56175
56178
56184
56187
56191
56212
56216
56241
56262
56266
56269
56272
56276
56287
56291
56307
56338
56344
56352
56356
56369
56373
56381
56388
56395
56401
56403
56423
56430
56445
56455
56457
56464
56466
56472
56477
56490
56519
56521
56536
56543
56550
56569
56582
56584
56612
56624
56627
56638
56641
56655
56673
56676
56678
56681
56686
56691
56694
56703
56712
56720
56759
56770
56777
56779
56781
56785
56798
56801
56805
56831
56843
56846
56863
56866
56882
56884
56894
56897
56906
56912
56939
56941
56945
56978
56980
56984
57016
57025
57030
57053
57067
57070
57074
57081
57106
57112
57115
57117
57134
57152
57154
57157
57170
57187
57189
57194
57207
57220
57291
57296
57305
57307
57314
57324
57330
57334
57347
57352
57354
57364
57374
57380
57385
57418
57421
57434
57439
57447
57452
57454
57461
57464
57482
57492
57507
57516
57518
57521
57524
57527
57535
57544
57546
57560
57580
57582
57586
57591
57598
57600
57603
57616
57622
57653
57667
57675
57678
57681
57689
57705
57708
57711
57716
57718
57729
57732
57739
57741
57770
57794
57797
57806
57816
57818
57822
57827
57842
57852
57856
57881
57885
57891
57900
57903
57905
57910
57935
57955
57964
57966
57977
57979
57982
57984
57986
57993
57998
58008
58012
58030
58039
58044
58062
58072
58078
58084
58087
58107
58111
58116
58149
58154
58157
58165
58170
58176
58180
58185
58201
58221
58237
58246
58249
58264
58267
58274
58283
58308
58326
58329
58340
58346
58365
58371
58381
58384
58387
58402
58406
58421
58424
58438
58441
58453
58457
58471
58475
58486
58489
58502
58505
58519
58532
58544
58548
58551
58556
58582
58585
58589
58593
58619
58622
58628
58654
58658
58717
58824
58833
58838
58843
58848
58884
58906
58910
58914
58917
58921
58924
58950
58954
58984
59017
59062
59072
59077
59157
59161
59213
59250
59264
59268
59335
59402
59467
59517
60311
60315
60317
60319
60321
60324
60327
60330
60333
60336
60338
60342
60345
60348
60351
60354
60357
60360
60420
60426
60429
60437
60441
60444
60452
60455
60476
60486
60503
60513
60515
60530
60533
60541
60544
60551
60553
60558
60570
60587
60589
60598
60612
60615
60631
60634
60642
60645
60667
60669
60700
60706
60709
60712
60720
60731
60734
60736
60738
60742
60750
60763
60794
60803
60808
60812
60818
60827
60830
60834
60842
60852
60860
60882
60884
60890
60892
60901
60922
60931
60938
60943
60948
60952
60955
60970
61004
61015
61018
61025
61030
61034
61039
61062
61069
61088
61096
61099
61113
61119
61130
61132
61141
61150
61162
61173
61195
61205
61219
61221
61223
61227
61235
61248
61261
61273
61280
61286
61292
61301
61303
61332
61339
61347
61354
61357
61361
61374
61378
61382
61402
61422
61427
61446
61455
61460
61466
61473
61478
61509
61514
61519
61522
61531
61539
61544
61560
61593
61606
61608
61613
61615
61623
61626
61643
61655
61680
61683
61689
61692
61707
61740
61746
61749
61755
61760
61789
61794
61811
61816
61820
61835
61841
61855
61874
61886
61962
61965
61968
61980
61984
61988
61992
61995
62028
62051
62059
62062
62071
62073
62083
62088
62095
62100
62106
62109
62130
62138
62149
62168
62177
62183
62193
62195
62203
62206
62209
62212
62271
62277
62281
62294
62297
62311
62331
62337
62347
62350
62353
62356
62370
62373
62386
62389
62412
62422
62425
62436
62440
62449
62451
62459
62463
62471
62476
62487
62490
62510
62521
62524
62527
62543
62555
62574
62578
62591
62609
62612
62622
62638
62641
62657
62672
62675
62684
62687
62693
62698
62700
62707
62717
62720
62729
62749
62752
62760
62771
62783
62801
62804
62822
62825
62845
62862
62867
62876
62887
62891
62903
62914
62927
62930
62943
62953
62956
62964
62968
62990
63001
63006
63017
63022
63033
63041
63043
63052
63056
63074
63086
63091
63102
63106
63114
63134
63147
63149
63153
63165
63179
63183
63197
63208
63216
63221
63224
63231
63259
63271
63280
63294
63318
63322
63329
63346
63364
63383
63397
63433
63447
63506
63514
63518
63525
63532
63540
63544
63557
63563
63566
63575
63583
63590
63602
63631
63660
63664
63667
63671
63674
63677
63686
63691
63697
63701
63731
63762
63771
63784
63790
63795
63822
63824
63827
63836
63848
63852
63878
63890
63905
63933
63941
63963
63965
63967
63973
63976
63990
63997
64015
64029
64043
64045
64050
64069
64076
64090
64104
64107
64152
64156
64168
64170
64174
64199
64216
64229
64235
64271
64285
64288
64314
64334
64342
64348
64357
64359
64364
64380
64407
64429
64438
64451
64459
64468
64478
64495
64523
64532
64558
64570
64575
64581
64592
64612
64616
64628
64636
64640
64648
64687
64692
64695
64700
64703
64721
64735
64740
64755
64759
64767
64770
64797
64818
64822
64825
64828
64851
64858
64870
64876
64897
64912
64942
64960
